200
170 168 439 223 262 335 421 333 334 356 259 389 353 344 130 387 434 391 375 153 253 262 337 431 452 217 142 352 114 387 395 243 153 238 163 363 480 473 153 317 181 114 161 242 119 350 174 443 120 134 367 360 431 420 216 380 122 140 194 347 279 257 462 378 194 103 484 376 158 341 114 390 478 322 176 239 425 372 471 256 480 177 404 488 253 180 203 430 368 226 224 151 249 449 361 152 414 158 485 258 215 274 349 488 453 407 273 147 433 160 357 366 414 286 124 299 109 133 348 340 366 489 280 207 366 116 471 149 368 177 124 498 488 162 454 499 388 212 178 346 299 247 191 371 217 476 340 211 100 420 114 129 104 377 309 320 413 457 101 385 328 175 151 349 210 178 312 450 387 390 231 411 484 393 379 313 181 460 164 140 108 125 255 343 211 123 160 224 145 190 128 454 291 245 154 217 122 416 288 141
2 3 1 5 1 6 1 3 2 6 3 4 3 2 5 3 5 3 2 4 4 1 3 1 5 3 5 4 6 6 1 1 6 3 3 6 2 3 4 6 2 1 4 6 1 2 4 2 4 1 1 6 3 2 2 6 6 5 2 6 4 4 3 4 1 1 6 3 4 4 4 6 1 1 4 4 2 4 6 6 6 5 4 3 1 6 6 4 6 2 3 1 2 3 1 6 5 1 6 6 2 6 4 1 5 3 3 2 1 2 2 6 5 1 6 3 1 2 4 3 4 1 2 6 6 6 3 5 3 6 2 6 1 4 4 1 6 4 1 2 4 6 1 2 5 2 4 3 3 3 4 2 6 6 1 1 2 4 5 5 1 1 2 2 6 5 6 3 1 1 4 4 6 6 5 4 6 1 6 6 1 2 5 4 1 4 6 4 6 2 2 6 3 1 3 6 5 4 5 5
2 2 3 2 2 1 2 1 1 1 24 2 1 13 1 3 1 8 3 2 3 3 1 12 1 1 1 7 1 28 1 1 1 3 3 13 3 6 2 3 2 1 7 1 2 1 2 3 9 1 2 12 1 3 2 3 2 1 28 1 1 1 1 2 5 1 15 2 4 284 2 3 3 2 4 2 26 1 14 3 1 2 2 1 8 1 29 9 3 2 3 1 7 2 2 2 2 1 2 5 1 4 27 3 2 2 1 5 2 2 8 2 1 2 28 17 2 1 2 2 1 5 9 2 21 9 7 7 3 17 2 3 2 13 2 7 7 2 2 5 3 2 14 1 5 1 115 2 1 2 2 3 4 2 3 2 2 1 7 2 1 2 3 6 2 4 2 3 1 1 11 1 1 1 1 1 1 8 2 13 3 1 1 15 1 6 1 2 5 5 2 2 3 5 3 2 10 25 3 2
2 2 1 3 1 15 1 1 1 1 2 2 3 1 2 3 1 2 2 1 1 1 2 1 2 1 1 9 3 3 1 2 1 1 1 1 1 3 1 1 40 3 1 2 1 2 1 2 1 2 3 1 5 1 2 2 10 1 2 1 15 1 6 188 1 5 5 19 1 1 2 3 11 2 4 3 2 38 2 4 1 53 3 1 4 4 3 2 2 3 3 1 1 24 5 1 5 2 1 1 1 2 4 1 2 1 1 5 1 1 2 1 1 2 6 2 18 2 1 2 2 4 1 4 3 1 2 1 2 3 1 2 1 3 2 2 3 3 2 2 1 3 3 7 29 16 10 4 8 6 1 2 1 2 10 1 16 1 2 2 35 2 3 1 1 1 3 3 1 1 1 2 1 1 1 16 14 3 2 3 2 16 66 2 3 1 1 3 52 2 1 1 6 38 3 4 2 2 1 1
1 2 124 1 1 2 110 1 1 6 43 1 9 4 1 1 1 1 1 1 2 18 1 7 7 3 7 6 2 1 1 2 11 1 7 1 2 2 6 12 1 3 1 3 9 1 2 2 2 6 6 1 2 2 11 1 1 2 2 1 2 2 2 1 4 2 2 1 2 1 4 6 3 4 4 3 2 1 16 2 5 1 1 1 2 6 11 2 2 2 4 1 4 1 8 1 2 381 3 1 2 1 7 2 1 2 1 1 1 1 5 2 1 23 22 2 1 1 3 1 7 2 1 25 2 3 2 2 1 12 1 1 10 3 4 1 2 2 3 1 3 2 2 9 2 26 2 2 1 1 2 3 6 2 2 14 2 1 1 1 1 3 1 3 3 2 4 3 14 9 1 1 1 2 4 14 1 2 5 5 1 1 1 1 2 2 3 8 1 3 2 10 2 2 2 1 4 2 3 2
3 5 2 1 1 3 1 6 8 5 6 13 1 18 1 7 2 2 5 4 4 2 6 2 7 4 2 2 1 1 1 1 1 3 5 1 1 5 1 4 8 2 2 1 6 2 2 1 7 11 1 13 2 70 3 1 1 1 17 1 10 1 3 1 5 12 1 2 2 1 6 5 1 1 4 45 3 2 2 42 4 1 1 2 1 2 1 1 5 4 1 2 1 1 2 1 1 2 2 4 6 8 3 2 1 1 2 1 1 1 1 3 2 3 12 1 2 3 2 19 2 33 3 1 2 1 2 3 2 1 1 3 4 25 2 2 12 2 3 3 1 2 1 7 3 1 4 2 1 1 17 1 2 2 1 1 2 1 1 5 4 7 1 6 8 1 3 2 2 1 2 3 2 4 2 3 3 1 3 3 2 5 6 2 1 1 3 2 5 2 8 2 28 4 7 2 4 23 1 4
1 1 2 1 2 2 1 3 3 1 3 1 2 23 1 2 2 2 1 13 1 2 4 11 3 4 1 1 1 1 5 1 1 1 3 17 2 2 268 2 1 2 1 3 2 4 2 1 1 1 1 6 1 1 2 3 1 1 2 2 2 1 2 1 5 7 1 5 5 2 12 67 2 10 6 3 1 3 2 1 7 1 6 4 22 25 3 6 1 1 3 39 2 15 1 1 2 25 2 2 3 4 1 1 1 4 4 1 33 1 1 2 2 4 2 3 3 1 11 1 3 6 21 1 2 22 1 13 5 1 3 45 2 2 2 23 4 8 5 2 2 1 2 2 13 1 3 1 1 3 15 2 8 4 14 2 1 2 6 6 16 1 1 1 2 1 3 2 2 5 14 2 7 3 1 9 1 6 4 1 1 4 1 2 3 1 2 6 1 1 1 3 1 1 4 145 1 1 7 1
3 2 10 2 4 2 5 4 1 3 1 6 2 1 2 7 2 1 205 1 2 1 1 2 7 1 4 1 2 2 3 7 2 2 27 10 8 4 35 3 1 6 1 2 4 4 1 4 2 4 2 2 13 1 1 7 1 4 2 15 6 1 3 4 3 2 3 1 3 4 7 17 5 3 9 1 9 3 2 3 6 2 2 4 1 2 2 6 1 1 4 2 1 2 5 2 1 2 23 2 5 1 1 11 4 1 1 2 2 19 2 2 15 3 63 1 1 1 1 7 1 1 3 2 2 1 6 12 2 4 3 2 1 2 10 1 1 34 2 2 145 4 2 1 5 2 1 3 2 4 1 2 14 3 3 11 2 2 3 1 1 1 1 158 2 2 1 2 2 2 3 4 4 2 1 3 4 2 1 2 4 2 3 2 3 2 19 2 1 2 2 2 1 9 1 32 1 2 2 1
11 2 7 4 35 2 3 3 3 2 1 7 3 1 3 1 3 1 2 1 1 2 3 1 3 1 1 1 45 2 2 2 3 24 1 2 5 1 2 10 2 1 2 7 9 2 4 15 3 165 1 1 6 1 2 2 13 2 2 4 2 1 1 2 3 1 2 1 1 5 1 1 1 4 14 1 2 2 1 14 12 8 1 3 2 1 1 1 12 1 2 5 1 2 9 2 2 6 20 19 1 4 2 1 7 4 108 2 1 2 1 1 1 3 3 4 4 4 2 13 1 1 2 1 1 2 2 5 2 20 8 4 3 1 65 1 9 1 3 2 30 15 1 102 3 6 1 1 1 4 4 1 4 4 155 1 5 1 2 10 2 4 4 1 4 1 2 2 1 1 11 1 3 10 2 1 1 159 3 5 3 2 6 1 1 2 6 12 2 8 4 2 3 1 1 3 2 2 6 1
3 2 3 2 2 1 8 4 3 4 2 1 2 12 11 6 11 4 3 1 2 2 1 4 10 2 10 2 1 2 1 2 3 3 1 1 1 3 1 1 2 4 2 2 8 4 22 3 27 1 2 36 1 6 13 1 6 3 6 48 1 3 1 12 2 2 2 3 2 1 1 1 2 1 4 5 38 2 1 1 1 2 3 1 1 1 12 1 3 1 27 7 1 6 2 3 2 1 3 1 2 1 3 2 68 3 1 2 2 6 2 1 4 15 2 5 6 2 1 1 1 2 1 1 6 1 3 1 2 3 1 1 11 2 2 1 3 2 1 1 2 2 9 5 2 1 2 2 1 3 53 22 1 2 2 12 2 2 2 10 2 7 1 2 1 1 17 2 5 52 2 2 2 2 3 25 2 2 1 8 5 1 24 2 3 2 2 2 9 2 45 3 5 5 17 1 32 9 4 4
1 1 1 3 2 6 2 2 3 1 1 5 1 2 2 3 2 4 1 2 2 2 2 1 6 4 2 2 3 3 1 2 1 2 1 2 29 4 1 2 25 3 1 2 2 7 2 2 4 2 8 1 3 2 28 2 4 3 2 1 1 1 5 1 5 17 1 3 3 2 6 1 1 2 1 2 2 6 1 1 7 1 2 6 36 3 5 1 1 14 2 1 2 1 3 1 1 1 1 2 3 1 1 2 3 2 2 2 2 1 6 5 9 4 9 2 1 1 2 4 3 2 8 14 5 2 1 5 2 1 1 2 2 11 1 1 1 8 2 1 1 1 2 1 2 3 1 2 2 29 3 9 2 1 7 2 3 2 10 4 8 2 2 19 8 2 4 2 1 3 7 1 1 2 1 1 2 5 5 1 1 8 1 8 1 2 2 2 5 8 2 1 1 3 2 3 6 100 4 1
2 18 1 2 157 4 2 2 1 2 3 2 1 1 4 2 2 7 439 8 1 11 2 1 3 2 15 2 1 3 20 3 1 6 1 2 2 3 2 4 2 2 28 2 1 6 2 8 2 1 3 8 2 1 2 3 1 2 1 17 1 1 2 55 5 4 2 8 1 6 2 23 6 3 3 2 3 1 2 1 6 2 3 4 3 2 3 43 2 1 1 1 1 3 1 2 1 1 2 2 7 1 2 2 2 4 38 2 32 1 1 4 2 2 13 10 3 3 2 1 1 2 1 1 2 7 1 2 1 2 2 4 1 58 1 13 1 4 1 2 1 2 5 3 2 4 38 2 1 1 1 3 3 9 1 1 4 1 2 4 7 2 1 1 9 1 1 2 3 1 2 1 1 1 9 14 7 3 3 5 2 4 1 7 2 5 1 1 2 1 1 1 1 1 1 2 2 1 2 6
3 5 6 1 1 2 2 2 2 1 13 11 8 1 1 1 3 9 24 1 1 1 3 2 3 6 1 1 1 1 3 1 2 1 2 1 1 2 10 1 1 1 3 4 168 1 4 1 4 2 3 2 1 1 5 3 11 1 1 1 3 2 6 2 6 2 1 1 1 2 1 3 2 2 2 2 5 1 1 6 3 1 13 2 7 22 3 5 2 3 3 2 2 1 2 1 18 11 2 2 2 2 2 6 2 2 2 2 2 1 11 1 1 1 1 9 2 2 1 3 2 2 2 1 2 1 1 2 1 3 38 1 2 3 2 2 8 6 1 1 61 4 8 3 1 1 2 3 2 44 1 5 2 6 1 31 4 1 2 1 4 2 1 4 2 2 1 1 5 11 7 3 1 2 11 2 2 2 1 2 1 9 1 21 2 1 2 1 2 1 1 1 1 26 1 4 1 4 2 2
1 3 2 3 1 1 4 2 1 4 2 3 1 1 4 3 3 9 1 2 3 2 5 1 2 1 2 1 2 1 7 4 9 2 4 2 25 17 5 2 4 4 1 45 1 1 3 1 1 3 2 6 1 1 1 1 10 2 3 1 14 1 1 1 16 2 3 2 4 2 4 1 1 1 2 1 1 1 2 1 2 3 4 1 3 2 2 2 7 2 3 2 2 4 1 2 1 3 2 8 2 1 1 1 1 1 1 1 3 2 13 1 17 1 3 2 6 5 2 7 3 9 20 1 2 2 3 7 8 1 4 6 2 3 3 3 1 2 4 106 2 1 1 2 1 1 14 7 2 4 2 1 1 2 2 2 1 2 1 1 3 2 1 6 1 2 13 1 1 3 1 5 3 2 2 2 1 2 34 1 1 2 13 1 4 1 6 5 2 3 8 3 5 1 1 4 2 4 1 1
7 2 1 2 2 6 2 3 1 6 9 1 1 1 1 1 1 6 4 2 1 7 2 1 31 3 11 7 4 11 3 5 1 2 2 1 2 33 19 2 8 7 1 2 2 3 3 1 1 3 1 24 4 2 2 11 8 1 3 1 1 3 16 4 1 5 1 1 1 2 3 3 3 4 1 6 2 2 1 3 1 3 5 4 1 3 3 1 1 9 8 1 1 1 30 3 3 1 2 2 3 3 2 5 8 1 1 2 2 3 1 1 2 6 2 1 1 8 6 1 3 5 4 4 1 1 5 1 5 2 2 1 2 28 1 2 11 1 1 2 2 3 1 1 7 2 3 3 4 1 1 2 1 2 3 1 19 23 5 1 1 1 5 3 1 1 2 9 2 2 7 2 3 2 4 10 2 3 1 95 1 4 1 1 2 2 1 5 3 4 2 1 1 2 5 25 4 2 1 3
1 5 2 6 2 5 2 1 2 2 3 1 1 4 3 6 2 2 2 6 2 2 3 2 1 1 3 4 2 1 2 1 2 5 1 1 1 9 8 169 2 1 1 2 11 20 6 4 2 1 1 4 2 2 2 5 1 1 1 144 7 2 2 2 5 1 2 1 1 1 1 2 7 2 1 4 7 1 1 1 3 1 1 1 8 16 1 2 146 1 1 1 3 3 1 1 34 1 2 2 3 2 1 105 4 1 2 8 3 2 2 21 4 1 2 1 1 3 2 1 1 26 1 4 1 1 3 3 1 3 1 1 2 1 1 8 1 5 1 66 26 2 2 12 2 1 2 3 1 7 1 5 3 5 1 5 2 17 2 1 2 2 7 1 1 1 2 5 2 2 3 4 5 1 1 124 2 27 9 1 1 2 6 2 125 1 2 1 10 2 3 3 3 2 1 3 4 5 2 3
1 1 1 9 1 3 1 2 1 2 1 1 3 2 1 2 3 3 36 164 1 1 2 3 2 4 2 2 8 1 1 2 1 227 3 1 149 11 2 1 1 2 10 3 1 2 1 1 2 3 1 3 2 1 4 1 1 3 2 1 1 3 2 12 6 2 4 1 1 2 1 2 13 2 26 2 2 1 5 2 8 1 2 4 1 1 4 2 1 2 2 118 7 1 1 1 1 1 2 2 1 6 1 2 2 1 1 3 2 2 4 3 3 1 3 2 1 6 3 12 1 1 244 1 7 2 1 5 2 6 3 4 2 2 1 1 1 1 2 7 2 1 1 3 2 3 3 3 2 23 1 1 3 2 10 2 3 14 1 7 3 13 3 3 2 2 1 2 13 1 245 15 4 3 1 1 4 3 2 4 4 2 2 2 1 1 104 4 7 1 1 3 2 3 1 1 4 9 1 1
1 1 1 9 1 1 3 10 4 2 1 5 6 22 1 4 2 3 9 3 1 3 1 15 3 1 17 1 2 30 3 1 1 6 6 309 1 3 22 1 7 1 6 2 6 1 8 1 7 2 27 1 2 2 8 1 5 36 1 7 1 4 1 5 2 2 2 1 1 2 8 1 2 4 5 1 12 3 3 1 2 13 2 19 1 1 5 1 289 4 3 1 2 7 1 5 1 1 1 2 16 6 16 3 1 1 2 10 1 14 2 8 2 14 2 1 2 16 4 2 2 2 6 1 2 1 5 2 2 1 1 1 1 2 1 4 1 10 1 1 4 2 3 1 2 1 2 2 1 15 1 13 1 5 3 7 11 15 45 2 1 4 3 1 2 2 19 1 2 1 3 5 2 16 2 1 1 1 11 1 2 1 1 1 2 1 6 2 372 36 42 2 2 3 2 2 4 4 4 2
1 2 2 2 2 2 1 3 1 4 3 1 6 2 2 37 12 1 1 3 1 3 1 2 2 2 3 1 1 2 2 2 3 2 3 3 24 4 2 1 4 2 2 155 2 2 1 2 4 10 2 1 1 5 2 3 1 2 3 1 1 2 2 12 1 1 1 5 2 2 2 2 143 2 1 1 2 33 3 8 4 1 12 3 18 2 3 1 1 3 4 10 5 10 4 1 2 1 13 2 1 6 3 1 2 1 2 1 1 7 4 2 2 2 1 6 2 8 3 1 2 2 4 1 1 2 1 7 3 4 1 11 2 2 3 1 3 3 1 1 2 2 5 1 5 9 132 12 1 1 6 2 3 4 1 1 8 10 1 2 3 1 2 1 2 4 3 2 3 1 1 2 4 2 1 5 1 2 2 1 5 6 2 2 2 2 1 2 2 5 1 1 4 2 5 17 2 2 2 8
8 10 1 1 8 2 4 2 2 2 1 1 1 2 7 1 4 3 2 10 1 2 1 2 1 4 1 3 2 2 1 3 2 1 1 1 2 3 4 5 1 6 1 3 41 1 4 39 1 1 2 3 1 2 14 2 3 1 3 3 6 2 2 7 3 1 3 1 6 2 2 1 2 2 1 4 1 3 10 3 1 30 1 11 3 1 2 1 2 7 89 4 31 7 3 2 1 1 18 1 2 1 4 1 4 3 6 1 127 4 1 5 2 1 2 9 4 2 19 2 2 1 3 3 1 1 3 1 1 2 2 2 2 2 5 3 1 3 5 4 1 5 1 1 1 3 1 2 11 1 1 63 1 1 13 2 2 7 2 4 7 3 4 8 2 1 1 152 1 2 3 1 6 2 2 1 4 3 85 3 4 1 1 2 1 1 4 3 1 5 2 2 2 1 29 1 1 2 1 5
2 2 3 7 1 2 4 2 31 10 2 8 62 1 1 2 4 2 2 2 9 35 2 8 2 11 2 2 9 94 2 3 2 1 4 7 2 2 2 2 2 2 1 1 1 7 4 2 2 10 1 7 5 1 2 5 3 2 2 1 1 1 1 16 1 2 1 1 2 2 4 1 1 1 3 2 1 1 1 3 1 3 1 2 2 2 2 10 4 5 2 62 7 3 7 1 1 9 1 3 1 26 2 1 3 2 1 1 3 1 2 2 3 2 2 2 2 1 6 6 1 3 110 2 1 2 6 2 15 1 1 18 1 3 1 1 3 4 1 2 3 2 1 1 2 2 8 9 1 2 2 1 29 1 1 3 24 11 1 1 3 3 3 2 2 4 3 2 1 3 1 9 1 2 1 1 16 1 1 9 8 3 2 10 2 2 2 30 1 5 1 1 3 2 7 2 1 1 3 2
1 1 2 2 1 3 1 1 41 9 5 2 1 13 1 1 12 1 1 4 4 1 1 2 14 1 3 2 8 1 4 1 7 1 1 6 1 1 2 1 2 1 3 1 4 5 3 1 1 1 2 2 2 1 2 2 1 1 1 3 6 1 3 3 4 2 2 2 2 5 2 1 1 2 9 2 1 6 1 3 1 1 2 4 1 2 2 1 1 1 1 1 1 2 2 1 9 1 4 1 1 2 2 1 1 1 13 4 31 6 7 1 10 1 31 59 1 2 1 2 2 30 14 1 2 2 2 5 13 110 1 1 6 2 5 4 1 2 2 2 3 1 2 22 1 1 1 3 2 1 1 2 1 3 1 2 2 1 1 1 1 2 3 1 3 1 3 2 2 1 2 11 2 4 2 3 1 15 11 3 1 4 1 3 3 4 6 2 1 1 4 78 1 3 31 3 1 5 2 3
2 2 1 1 3 4 1 1 28 1 3 1 28 1 2 1 2 2 31 1 2 4 3 3 1 1 2 3 1 12 3 1 7 5 1 1 2 2 5 2 2 3 5 2 2 1 3 1 1 6 6 5 1 5 1 2 1 2 1 4 1 5 4 130 2 2 1 2 2 1 2 3 1 1 7 5 6 3 1 3 9 1 1 1 2 7 1 12 1 2 3 9 2 5 4 1 28 25 35 2 4 1 4 27 1 14 1 1 2 2 2 1 30 8 2 1 6 2 1 1 1 1 8 3 2 2 6 3 4 3 3 21 1 1 1 2 1 330 5 4 6 2 2 26 13 40 4 1 2 4 3 2 2 3 1 4 1 1 1 9 2 1 4 20 1 2 2 2 3 1 2 3 1 3 1 1 3 4 2 1 2 2 1 2 3 3 2 2 1 4 1 1 5 2 8 1 4 14 2 3
1 3 1 14 8 1 2 3 5 1 3 65 1 5 2 1 6 1 1 1 2 2 5 2 3 1 4 2 5 2 3 1 2 2 2 1 2 2 2 1 17 263 2 21 11 1 2 3 3 3 2 3 9 6 1 11 2 1 5 10 2 3 4 2 20 1 5 1 31 1 3 1 6 5 3 10 1 3 1 1 7 1 2 11 1 1 1 4 1 6 1 3 1 3 2 1 7 3 3 12 1 1 1 3 32 1 1 2 4 3 3 2 1 1 3 1 1 1 143 9 64 1 1 1 1 1 5 1 3 82 5 1 2 11 1 3 1 2 6 1 24 24 4 2 1 8 2 2 1 64 2 1 1 5 2 1 2 51 3 9 1 5 2 2 8 2 1 1 3 2 2 1 7 2 1 2 4 2 1 1 11 2 17 3 27 248 1 1 1 50 3 1 2 1 1 2 2 3 5 2
1 2 3 1 1 3 5 2 2 3 1 3 4 4 1 2 1 1 2 5 2 2 5 1 1 1 4 1 1 1 4 1 1 1 4 1 1 3 4 3 3 1 2 3 2 4 1 1 2 1 7 5 7 1 2 6 5 2 8 1 8 4 6 2 2 3 35 1 1 2 2 7 14 1 1 2 3 1 24 9 2 4 35 2 3 1 2 1 4 2 8 4 1 1 5 2 2 2 9 5 4 5 1 2 1 4 6 1 3 1 1 1 2 3 13 2 3 1 2 1 4 2 1 10 10 5 2 2 2 1 1 2 1 2 3 6 12 4 2 2 42 4 2 2 1 3 1 2 3 3 1 2 1 1 1 1 1 37 6 6 2 1 3 8 6 2 6 1 2 2 2 5 2 8 2 16 4 2 1 3 3 1 1 37 2 1 4 1 2 1 2 5 1 51 2 13 3 73 2 2
1 2 2 4 3 1 14 10 1 1 4 1 1 1 1 3 2 7 29 1 3 8 2 1 21 1 1 3 4 11 3 5 16 1 6 1 2 1 4 1 5 1 1 2 6 2 2 11 2 1 9 6 87 2 3 8 5 1 1 8 3 6 1 3 2 2 2 2 2 1 1 1 1 2 2 3 1 7 1 7 4 5 3 3 2 1 1 5 2 2 9 3 1 2 1 4 2 19 15 2 7 2 1 8 2 2 1 2 3 1 9 1 1 3 5 2 1 3 1 2 1 2 2 36 4 6 3 1 1 1 3 3 3 3 3 4 6 4 2 3 2 1 3 1 3 3 1 2 1 3 1 106 5 1 1 8 1 2 3 2 3 3 2 2 2 1 2 41 2 1 4 1 1 1 1 1 3 3 1 2 6 2 3 3 6 4 1 1 2 3 3 1 1 3 8 2 1 1 1 1
14 1 8 24 7 3 1 6 5 1 7 1 1 1 2 2 3 1 1 9 1 1 2 1 3 1 53 5 1 3 2 2 2 2 2 4 2 1 1 3 36 1 3 13 14 1 4 1 1 2 1 1 5 4 2 2 2 4 1 32 5 1 2 1 1 4 3 5 2 2 1 2 12 2 1 8 2 6 2 3 1 6 3 2 1 1 3 2 1 2 1 5 17 4 1 2 2 5 1 19 1 2 6 9 2 12 5 3 21 7 1 1 1 2 2 1 1 2 4 1 1 2 2 2 4 1 3 3 2 1 1 33 2 2 12 1 3 2 2 2 1 45 3 3 1 18 2 2 2 1 2 5 3 12 2 2 2 1 1 3 3 1 1 2 2 2 3 9 2 2 2 4 4 2 3 8 1 2 1 1 4 1 8 14 2 27 11 12 3 1 1 18 1 1 3 27 1 1 18 1
9 1 1 2 67 2 2 2 2 1 3 2 2 114 3 1 4 4 1 2 1 1 4 6 10 6 16 9 125 15 2 1 4 4 5 2 4 33 2 5 2 2 2 1 2 2 6 3 1 5 2 3 1 4 5 1 38 1 141 2 1 1 3 2 1 3 6 1 2 1 1 2 2 8 2 1 2 1 4 1 5 1 2 4 2 2 17 4 1 9 1 1 32 5 1 5 2 1 1 2 4 2 4 1 2 5 7 2 2 2 33 2 2 1 1 2 6 11 1 1 1 2 2 118 2 2 10 1 14 2 2 9 2 3 1 1 4 19 1 6 3 2 11 1 3 19 3 1 1 4 2 1 7 6 2 4 4 3 1 1 2 5 2 11 2 2 10 2 2 2 2 2 5 2 3 1 2 2 24 7 3 1 3 1 26 3 1 6 2 6 6 3 3 4 2 1 1 6 1 9
2 2 165 5 13 5 1 2 1 3 1 2 2 12 3 3 1 8 1 8 2 5 3 6 2 3 2 1 1 3 12 5 3 1 2 2 11 3 1 4 2 1 6 1 1 1 4 2 2 11 2 2 1 2 3 3 13 1 27 2 2 3 1 1 1 1 2 11 3 3 1 2 1 3 1 2 2 1 7 2 1 3 8 2 2 6 8 14 7 3 1 1 2 1 2 1 8 3 2 1 1 2 2 1 1 1 1 1 2 3 4 1 7 58 2 10 1 2 2 4 1 1 1 1 18 5 3 2 1 3 1 1 2 210 2 2 5 3 2 5 1 1 26 3 2 1 2 3 2 1 25 2 1 2 2 1 2 19 1 3 1 5 1 8 1 2 1 1 20 2 136 1 2 1 3 3 1 2 2 1 16 2 2 2 1 2 2 2 2 5 2 1 2 5 2 2 4 4 4 1
3 2 1 1 1 8 4 1 4 1 3 23 10 2 2 2 3 13 1 1 1 1 4 1 8 74 2 69 2 3 8 1 2 8 5 3 1 3 4 1 2 2 1 1 1 140 15 2 1 2 1 2 7 6 3 1 4 2 1 8 5 13 3 1 2 2 5 1 2 2 3 4 4 47 24 1 1 2 2 5 1 1 2 2 5 1 1 2 2 2 13 16 1 2 1 1 1 4 13 3 1 6 17 6 2 5 1 3 2 7 1 2 10 2 1 13 1 3 1 4 1 1 31 21 9 5 1 2 1 2 4 1 3 1 2 4 16 3 2 3 3 1 22 2 1 3 1 1 1 6 3 1 9 1 8 2 2 2 1 10 3 1 7 1 1 2 11 5 1 4 2 1 1 5 2 3 1 1 3 3 2 4 2 2 1 1 3 2 1 2 1 3 12 2 12 2 3 2 13 1
2 6 4 1 2 5 1 1 2 1 48 5 5 2 2 1 2 2 1 1 1 1 1 6 4 3 1 1 2 7 4 1 1 2 1 3 2 11 1 3 2 2 82 1 1 16 2 2 1 1 3 5 13 2 1 3 11 6 8 2 2 2 8 1 2 1 1 2 3 10 2 1 1 2 1 8 4 4 1 5 22 2 4 44 2 3 1 9 3 1 1 2 2 1 1 5 4 1 1 4 4 9 1 1 1 4 9 1 9 1 1 7 1 3 15 3 3 1 1 1 1 1 2 2 2 1 23 2 2 1 1 2 1 2 5 1 1 1 2 2 2 19 4 2 2 2 1 6 10 1 2 1 1 3 1 7 2 3 1 4 2 2 2 1 4 2 5 9 2 1 2 6 1 3 1 1 8 6 10 39 2 2 2 2 18 1 3 1 3 1 3 1 2 3 1 1 3 2 2 3
6 6 5 1 2 22 2 5 2 1 3 3 1 2 3 4 3 3 6 53 3 3 1 1 5 1 2 2 4 1 2 4 4 1 25 4 5 5 12 2 1 2 15 132 2 2 15 2 1 4 6 2 2 131 1 1 5 2 1 131 22 4 89 3 2 2 1 2 1 2 17 2 1 1 1 7 1 1 3 2 1 126 1 6 2 2 7 1 33 1 1 3 5 3 2 2 2 3 1 2 1 5 2 8 18 32 1 3 30 1 1 2 4 4 25 3 2 36 2 2 3 3 1 3 1 5 2 2 2 1 3 2 1 25 2 2 5 1 1 1 1 1 1 2 21 7 2 1 2 2 1 24 3 1 2 2 1 2 2 3 2 10 6 21 4 1 3 1 1 19 2 2 8 2 2 2 2 2 11 2 2 7 1 2 2 6 12 2 2 2 1 1 9 4 5 4 2 30 1 23
1 6 4 2 4 20 28 2 1 2 2 1 3 3 3 2 2 2 1 1 1 2 14 8 13 1 1 2 1 2 10 2 3 1 3 1 1 2 1 3 2 4 28 1 1 2 3 1 1 2 2 3 1 1 2 2 5 1 3 2 13 15 8 5 2 4 41 99 1 2 4 2 9 2 1 5 1 1 21 1 3 6 1 7 2 4 21 2 1 1 9 2 3 2 4 2 1 1 6 3 55 3 2 2 1 1 211 3 3 8 2 1 2 2 2 6 166 3 3 3 8 2 1 1 64 2 9 1 94 4 2 1 4 3 25 1 3 1 11 18 5 1 1 6 10 2 1 1 2 1 3 2 27 7 1 2 1 4 2 4 1 5 2 2 1 1 1 2 14 59 11 2 1 164 3 1 3 18 2 1 1 8 2 6 1 1 1 2 1 1 2 2 2 3 1 2 2 1 4 2
1 3 4 100 2 468 3 2 16 1 1 2 38 2 43 7 3 4 1 4 1 1 1 3 5 2 2 18 2 1 5 2 1 8 31 1 2 2 2 14 1 1 1 1 1 2 2 1 8 1 12 3 1 161 2 1 4 7 5 3 3 7 3 1 7 3 4 1 1 2 5 2 1 7 2 6 1 2 1 9 3 11 1 2 2 2 1 2 2 4 10 2 2 14 2 1 2 25 12 1 1 2 2 6 1 2 9 15 3 2 1 1 1 6 1 1 1 4 1 4 2 2 3 2 3 3 1 2 2 14 3 1 4 2 1 3 1 2 35 4 4 1 2 1 3 1 6 3 1 2 8 3 2 3 2 7 3 4 3 1 3 3 2 2 1 1 4 2 5 2 263 3 1 2 1 2 1 1 1 7 1 2 2 1 2 4 1 2 1 6 2 18 2 1 2 1 8 2 2 1
53 2 3 3 6 15 4 1 8 5 3 1 2 9 2 1 1 4 2 2 1 7 1 2 26 1 2 2 2 1 1 8 2 2 2 1 2 2 8 2 2 4 1 1 3 1 1 2 1 1 1 5 2 1 16 8 7 2 1 1 1 1 1 2 2 3 2 11 1 1 1 3 6 1 2 3 35 34 1 3 1 1 29 8 2 2 5 3 1 1 2 27 2 5 1 2 83 2 2 2 2 15 3 1 2 8 2 14 1 2 2 1 2 3 1 2 1 20 2 2 2 1 6 1 1 1 3 2 4 1 3 2 1 5 2 2 3 1 40 2 2 3 2 1 13 1 3 2 1 2 2 1 1 5 2 3 1 2 1 2 3 1 6 1 2 2 1 2 2 12 213 5 3 2 2 1 1 2 2 2 2 2 1 6 2 1 1 5 1 1 2 2 1 1 1 3 47 15 6 11
4 68 3 2 1 3 2 3 5 2 3 18 1 83 6 1 2 1 1 2 12 1 18 1 8 1 2 2 16 38 3 2 2 1 2 6 2 3 4 1 2 1 13 5 1 4 3 1 1 1 1 1 19 1 2 5 2 4 3 3 1 5 12 1 5 11 2 2 3 2 2 5 2 1 73 15 1 2 4 1 2 3 7 4 76 1 1 2 1 1 8 4 1 3 2 5 2 3 6 3 9 7 1 1 1 2 32 1 2 1 1 2 2 1 76 1 2 1 1 1 1 3 3 3 16 1 1 3 11 1 2 2 9 1 1 2 2 2 1 1 2 1 1 2 2 1 1 1 1 9 7 5 1 5 496 2 7 1 4 29 8 2 23 2 3 10 1 9 10 1 3 2 3 2 1 1 5 1 1 1 3 1 1 1 4 4 1 2 10 1 2 2 1 1 2 2 3 3 2 2
4 5 4 1 1 1 1 1 1 2 1 7 1 2 1 2 1 12 2 2 4 1 4 3 1 2 3 5 2 3 1 9 3 1 2 1 1 6 2 1 2 2 2 2 2 1 47 5 5 12 1 14 1 1 2 9 1 1 5 2 2 15 14 6 2 4 103 3 1 21 2 1 1 1 10 3 1 1 2 49 1 4 5 5 1 1 5 1 1 1 2 3 4 12 1 2 1 16 13 1 3 3 2 1 4 2 1 4 3 3 1 2 1 5 2 2 1 5 2 7 46 3 2 5 3 2 3 3 1 2 2 3 1 5 2 4 2 5 1 2 2 1 1 4 2 2 2 2 1 11 1 1 3 6 1 11 2 13 2 1 1 2 16 1 6 1 1 1 1 7 1 5 1 3 2 2 2 8 2 1 28 1 1 1 5 2 4 3 2 3 3 4 1 1 2 2 76 1 1 2
11 3 2 37 4 2 3 2 2 2 2 1 2 1 1 1 2 2 2 1 22 1 5 3 3 1 2 6 1 249 1 2 2 1 1 2 1 1 2 2 2 2 1 21 4 1 3 3 16 1 1 2 11 1 1 1 6 1 2 3 1 18 2 1 4 2 2 1 3 1 2 4 2 3 8 167 2 3 1 2 1 1 1 13 2 5 1 1 1 13 2 6 1 12 2 5 1 56 1 3 3 9 2 15 1 1 2 2 1 5 1 1 1 3 4 2 21 1 2 4 2 2 2 1 3 1 2 1 2 1 2 1 10 2 1 2 1 1 3 1 2 8 4 1 1 7 2 8 1 6 1 6 2 1 1 1 18 2 11 1 2 2 3 6 4 1 2 4 2 2 1 8 14 1 5 2 1 2 1 114 3 3 3 11 1 2 4 1 1 7 1 3 3 1 1 1 1 1 4 8
6 1 2 1 3 2 1 6 3 22 3 3 1 3 1 2 3 4 2 3 3 2 1 1 1 3 2 7 2 2 1 1 2 4 2 5 1 9 9 11 14 2 1 1 1 5 1 3 2 1 2 3 2 3 2 2 1 2 2 25 1 1 3 17 18 1 2 1 7 1 1 1 1 1 4 1 2 1 4 1 5 17 1 1 4 3 3 2 2 7 3 1 6 1 1 3 2 34 1 2 3 2 1 5 7 2 1 4 1 2 1 1 2 2 1 7 10 3 2 17 5 1 1 6 5 1 1 8 2 5 2 19 19 9 93 1 1 3 3 177 1 5 1 1 2 2 1 2 2 3 1 4 3 1 1 1 1 6 6 10 2 2 2 1 5 3 2 1 3 12 3 6 1 2 2 1 2 3 3 3 2 2 47 26 1 1 1 32 2 3 3 1 1 1 2 1 4 1 6 1
3 2 2 2 2 4 1 1 1 8 1 3 3 1 5 1 1 1 3 6 2 8 1 2 1 1 1 1 1 5 2 2 1 1 2 1 2 9 2 2 1 2 1 2 2 3 1 1 24 2 1 2 1 3 5 4 3 3 2 2 14 2 2 3 3 2 2 4 3 1 2 1 2 3 1 2 157 9 1 5 3 1 1 1 2 4 1 2 1 2 1 8 9 1 5 2 180 2 8 1 3 2 6 1 3 2 3 4 1 3 4 6 2 4 6 1 1 13 2 1 5 1 1 1 2 3 3 3 3 2 1 1 4 1 1 1 7 50 2 6 4 1 3 4 1 7 1 1 70 3 2 1 3 2 5 2 10 1 5 6 4 1 2 2 3 5 1 1 1 3 1 2 4 3 3 1 1 3 9 1 1 1 1 3 2 3 20 1 1 1 3 1 1 2 3 2 1 54 19 1
3 1 2 3 2 2 1 1 9 2 59 1 4 1 6 7 5 15 4 2 6 1 1 2 1 1 3 1 2 14 2 2 2 3 5 1 1 1 4 16 27 4 2 6 13 3 1 3 2 1 2 1 10 1 2 2 2 6 4 11 1 1 246 2 11 2 2 3 1 1 1 1 3 1 1 2 1 1 5 2 2 1 4 2 1 8 3 1 32 1 2 3 23 2 5 1 1 1 3 2 1 2 3 3 1 1 1 1 2 2 2 3 2 1 5 3 2 2 1 1 6 1 4 1 4 3 2 3 12 2 2 1 2 1 1 14 1 6 5 2 2 2 1 1 1 94 2 3 3 6 3 2 3 6 16 7 5 13 1 21 4 1 3 1 1 2 1 2 3 4 1 6 4 1 4 11 1 1 12 1 15 1 1 2 1 3 2 2 2 1 2 1 1 1 1 2 1 1 1 2
1 7 1 1 2 2 9 1 22 4 155 1 1 2 22 1 1 3 1 2 5 2 1 1 2 2 15 3 6 2 5 2 1 3 5 4 1 1 2 1 1 2 2 2 5 1 1 1 2 1 2 2 2 8 2 6 3 1 2 5 2 1 1 2 3 2 5 1 5 1 4 1 2 1 2 5 4 1 15 1 13 4 5 2 1 2 1 1 6 1 1 24 2 6 1 1 1 1 2 3 2 2 1 1 2 1 2 12 2 6 1 1 1 3 4 19 3 1 2 3 2 3 1 2 1 1 2 8 1 1 4 3 7 3 53 4 2 3 1 4 35 2 2 11 1 1 1 1 1 1 1 3 1 1 1 2 3 6 2 1 2 4 1 4 1 8 1 10 1 10 110 1 1 1 1 6 9 2 68 3 3 1 2 50 3 1 1 1 1 2 2 1 1 2 1 13 2 1 10 16
5 9 2 1 1 1 3 1 6 2 10 3 5 1 1 2 4 10 3 2 3 6 1 2 94 1 1 1 6 47 3 2 5 1 1 2 1 3 51 2 5 1 8 1 1 1 3 1 1 246 1 8 16 2 3 2 2 1 4 1 13 2 1 1 3 9 1 3 11 5 1 1 8 1 2 9 2 11 3 12 1 4 2 2 1 10 6 4 1 18 2 1 14 2 1 2 1 11 2 1 4 4 2 1 4 1 2 3 1 4 3 3 13 1 19 2 7 1 6 2 2 5 1 2 1 1 1 1 3 3 4 4 2 1 1 1 10 2 1 5 4 6 4 1 3 1 3 2 2 2 3 1 37 2 13 2 1 1 5 1 1 1 1 2 1 1 11 19 1 3 6 4 1 1 2 1 1 13 2 3 1 7 1 1 1 14 20 16 2 2 72 2 1 6 3 13 3 1 2 1
1 20 2 2 2 2 2 3 3 3 1 1 4 1 1 2 2 4 1 2 15 1 2 3 31 3 2 19 1 1 1 1 2 18 1 8 1 2 1 5 1 2 1 1 2 1 1 1 1 3 3 3 47 2 2 1 2 2 6 3 2 2 2 3 1 1 2 4 1 3 3 2 1 1 2 2 8 1 49 1 34 2 3 6 40 3 1 9 2 2 1 10 1 16 3 6 39 1 1 1 2 2 1 2 2 1 1 1 5 2 1 2 3 4 19 5 2 29 1 2 6 5 1 6 1 1 3 24 5 2 7 2 5 1 2 2 2 5 2 7 7 1 6 2 13 1 3 1 1 2 3 2 41 3 3 21 1 1 7 1 1 2 2 2 1 7 2 1 2 4 2 2 1 2 2 5 58 2 1 11 1 1 1 6 2 7 2 3 3 9 1 3 7 25 1 1 93 20 2 3
2 5 2 2 5 2 3 2 6 6 1 3 9 2 5 1 2 1 35 2 2 1 7 1 8 8 2 4 1 16 1 3 1 1 1 2 1 1 1 9 8 1 3 3 7 2 8 9 3 4 2 2 5 2 1 1 3 2 1 2 3 2 1 5 8 1 3 2 6 3 1 1 163 3 5 11 2 1 1 1 1 5 3 3 1 4 2 5 1 1 1 1 1 8 1 2 1 3 5 5 2 9 30 1 6 2 10 6 2 14 2 2 4 3 2 2 1 1 2 9 2 1 3 1 4 1 2 67 3 2 10 2 1 4 8 2 1 2 1 1 3 8 1 4 2 1 8 4 2 1 1 1 2 1 1 1 1 2 14 2 2 5 2 2 4 2 1 2 1 1 2 1 1 44 3 2 3 2 1 6 2 1 3 1 10 10 3 1 1 2 1 3 1 2 2 2 2 3 3 4
2 2 29 2 3 2 4 6 1 27 1 1 2 3 20 2 3 1 1 3 5 1 1 5 6 1 1 1 4 6 13 2 2 34 1 1 1 4 3 1 3 1 2 5 3 1 3 2 1 6 12 1 1 1 3 25 6 2 2 3 3 4 1 1 17 1 5 1 2 1 1 1 9 2 2 6 1 2 1 1 4 17 23 1 3 2 2 4 2 244 3 14 2 1 2 3 5 3 12 1 1 2 6 2 2 2 1 1 4 3 2 1 1 6 2 1 2 2 2 6 2 13 5 1 12 2 4 8 1 2 2 4 3 3 2 3 3 1 7 1 2 1 2 2 67 1 73 6 44 1 1 1 1 44 1 3 3 3 2 3 7 3 1 2 1 1 1 3 16 1 60 1 1 13 6 1 2 12 1 134 1 2 1 4 2 3 1 15 3 6 1 2 1 3 4 4 1 1 2 1
2 6 2 5 5 3 1 2 2 9 1 1 5 1 1 2 2 2 2 14 3 3 9 1 18 1 2 1 2 4 1 1 1 2 2 4 5 2 21 4 1 1 4 2 5 3 2 1 9 3 6 4 1 5 1 3 3 5 2 6 2 3 1 1 1 3 3 2 2 2 14 3 2 1 2 1 1 1 1 6 5 1 6 2 3 8 1 1 1 2 2 2 7 13 2 1 6 4 5 1 4 3 1 1 2 2 1 1 9 6 5 29 3 8 1 1 1 1 2 5 3 8 1 1 16 2 62 3 2 5 1 8 1 1 7 2 1 1 15 1 2 4 1 5 4 27 3 7 2 1 1 2 1 3 3 5 1 1 2 14 2 2 16 2 6 2 3 1 3 1 9 3 6 17 1 2 16 5 1 2 10 1 2 2 2 4 2 1 1 1 1 1 2 3 5 4 4 2 8 69
28 1 2 39 1 2 1 2 2 19 1 2 4 3 1 2 2 2 2 3 2 1 2 2 2 2 1 1 2 4 4 2 11 1 2 2 5 2 1 2 1 1 2 5 1 4 3 1 2 3 3 8 8 10 2 1 3 2 2 1 4 1 10 2 4 55 1 1 10 7 1 2 2 1 11 2 2 4 7 2 1 2 4 1 3 2 2 1 13 1 3 4 5 2 4 2 1 3 4 4 2 3 105 1 1 1 1 9 31 5 3 34 3 2 6 2 2 2 1 3 8 2 2 2 4 1 3 1 1 1 1 1 4 2 10 2 2 4 13 6 4 2 1 1 91 1 1 11 1 5 237 3 1 2 4 2 3 1 3 2 2 2 2 5 7 1 1 3 17 1 2 3 1 1 1 1 2 2 3 1 5 1 2 3 1 2 2 1 9 5 2 8 3 1 1 15 2 2 3 2
11 9 2 1 3 1 1 1 3 3 4 2 1 2 52 3 1 1 2 19 2 2 2 1 1 3 3 68 1 5 7 6 2 2 1 2 1 2 1 5 2 1 1 1 1 2 4 2 13 4 3 2 3 3 1 19 7 17 7 139 1 2 1 2 1 1 1 1 1 21 4 3 17 4 3 1 1 2 7 5 1 2 37 5 1 1 2 1 1 3 7 2 5 3 1 3 1 1 2 1 13 1 3 17 4 1 4 2 1 1 2 8 15 7 6 1 1 2 3 12 1 1 9 1 1 1 2 1 5 4 5 10 1 9 1 10 1 8 2 2 2 1 2 7 12 4 1 3 2 2 2 9 1 1 18 35 3 2 3 3 1 2 3 4 1 2 1 2 2 1 1 3 121 1 2 1 2 3 3 3 1 19 25 2 1 3 6 1 1 1 1 2 2 4 4 1 1 1 2 1
1 2 1 1 2 1 1 1 12 9 1 6 1 2 2 2 3 2 4 1 1 1 1 1 1 2 276 2 10 2 3 1 2 2 12 5 1 11 1 2 1 2 1 3 1 7 2 3 4 2 1 1 3 1 26 2 1 2 1 8 1 6 1 15 1 3 1 5 2 2 1 4 4 10 9 2 2 5 3 3 1 1 1 3 2 6 18 1 5 1 5 21 2 1 12 5 3 3 2 6 2 6 2 12 1 16 1 2 3 1 3 4 1 4 2 2 2 2 491 3 2 1 7 3 1 2 1 1 2 2 2 2 2 1 4 7 2 1 2 262 2 1 9 4 1 1 4 1 2 2 17 1 6 1 2 4 1 2 2 1 1 11 6 99 8 1 11 53 11 7 2 3 2 18 2 11 2 1 9 14 1 4 11 3 1 4 1 6 1 1 16 1 14 2 4 2 1 19 2 2
8 3 1 4 3 1 2 3 1 1 1 2 2 1 1 4 5 1 2 1 26 1 1 1 1 22 1 1 1 2 5 1 2 2 2 1 4 2 2 2 1 2 9 1 1 2 2 20 25 2 2 2 2 3 1 2 3 104 9 3 1 7 3 8 1 2 3 3 1 6 60 3 3 1 2 1 1 1 5 1 2 1 2 1 2 5 1 5 2 4 3 24 4 13 5 7 2 1 1 23 1 3 1 8 2 1 1 43 6 2 1 6 1 2 2 2 4 1 27 1 2 16 1 4 1 2 6 2 1 1 1 3 68 1 1 2 1 2 259 2 1 2 5 2 2 9 1 9 6 2 3 5 2 3 4 2 6 5 2 5 1 3 2 1 1 2 1 1 1 1 1 2 3 2 1 4 107 7 1 6 1 2 2 2 6 2 1 1 1 18 37 2 2 2 1 4 3 3 4 4
2 2 4 1 1 1 3 1 2 1 2 2 3 2 2 2 38 4 1 1 2 9 2 5 1 15 1 56 3 7 10 6 6 2 1 2 1 1 2 13 2 4 2 1 1 2 1 2 1 3 34 1 2 3 2 1 2 3 1 1 10 11 1 1 6 17 2 28 2 6 1 2 4 1 1 7 2 1 1 3 1 5 1 2 1 9 8 1 4 3 1 2 78 10 3 18 2 1 4 12 1 4 1 5 3 2 23 6 3 4 2 2 137 3 215 1 1 2 1 2 2 20 2 7 2 2 22 11 8 1 2 6 4 1 5 1 4 1 9 2 3 1 3 2 4 3 6 2 3 1 3 2 2 7 68 1 5 11 2 5 2 1 1 1 2 3 2 2 4 2 1 2 2 6 74 1 2 3 5 1 65 2 1 1 1 1 24 1 1 1 1 9 2 4 6 2 1 4 2 1
6 3 4 2 186 4 5 6 1 17 1 1 1 1 3 1 1 1 1 1 3 44 1 2 38 1 1 1 2 1 1 1 2 2 2 3 10 1 2 1 1 1 1 1 2 2 11 1 4 9 2 6 3 12 1 10 1 16 7 91 11 2 12 1 1 3 2 1 2 2 7 2 1 20 2 5 5 2 2 10 1 5 1 1 1 3 2 68 1 1 4 3 2 2 1 2 1 1 11 2 1 1 2 1 1 1 1 1 1 2 25 2 9 3 9 2 2 7 4 1 2 20 1 6 2 2 2 14 9 1 3 5 5 6 1 1 231 2 12 1 2 3 5 2 4 7 1 13 2 1 2 1 14 1 1 8 4 3 1 2 2 2 1 180 1 2 16 1 2 1 1 1 4 1 2 1 2 1 5 3 56 1 13 4 1 1 27 6 2 3 4 12 62 1 14 1 2 1 2 4
1 8 1 2 2 3 2 2 1 2 3 4 1 1 3 3 1 1 1 1 3 1 10 1 5 1 42 2 1 4 1 1 3 4 4 2 1 1 4 2 2 11 1 2 2 3 2 1 3 1 2 5 18 13 1 1 1 1 1 2 1 4 2 2 8 2 1 2 4 1 13 2 3 3 2 3 1 2 4 15 1 1 2 1 1 1 1 2 1 4 2 2 2 3 2 1 1 1 3 1 1 3 3 1 3 23 1 2 2 2 6 3 2 1 8 67 1 3 167 1 4 2 1 5 2 1 1 3 4 2 4 1 1 5 2 7 3 1 1 2 2 4 1 23 3 1 2 1 2 1 1 3 1 1 1 9 1 2 11 3 2 10 27 1 1 1 2 2 2 2 1 3 2 5 1 1 1 1 1 2 1 1 1 22 6 1 2 1 1 7 1 1 2 2 3 1 2 1 5 1
1 2 3 2 3 1 7 21 3 6 2 8 1 1 89 3 29 1 2 5 3 2 1 2 1 4 7 1 5 1 2 7 5 6 2 1 1 1 1 3 1 2 2 4 2 2 4 7 1 1 7 1 1 2 3 17 2 2 1 3 2 6 2 1 6 1 2 5 1 2 2 2 2 1 1 1 1 2 1 4 1 1 1 11 30 4 15 4 1 1 1 1 49 12 2 1 3 1 24 15 1 2 1 9 13 6 1 2 2 1 19 2 1 1 14 33 3 1 3 2 1 1 3 17 2 2 2 3 4 2 3 7 2 7 2 3 3 3 1 2 4 1 1 2 2 1 1 10 1 2 2 11 1 1 1 8 41 2 2 4 8 6 3 1 16 27 1 2 2 5 13 2 1 1 1 1 60 2 4 2 9 2 2 1 10 2 1 5 2 4 2 1 1 2 1 1 3 2 1 2
1 2 1 1 1 3 2 1 3 3 4 1 15 2 3 2 2 2 1 7 2 27 3 3 1 26 2 2 4 1 1 1 5 2 1 1 8 3 2 11 2 42 2 4 13 2 6 29 3 49 1 2 5 1 42 3 22 5 4 1 1 1 2 1 20 2 2 2 1 3 1 1 2 1 6 6 5 1 3 2 1 9 2 3 2 1 2 1 1 3 7 3 4 1 3 3 1 1 1 1 14 2 1 1 2 11 2 6 8 3 1 1 5 1 6 8 44 1 3 1 1 2 3 1 19 2 1 1 34 1 2 1 5 2 6 2 12 5 1 1 1 2 1 49 3 3 2 3 3 7 3 1 1 1 2 2 4 5 1 1 2 1 10 3 2 1 3 1 1 3 2 12 1 1 2 4 1 2 1 2 7 3 3 4 4 1 2 2 44 1 1 1 5 1 15 4 1 22 2 12
1 1 4 3 1 4 1 3 1 32 2 5 1 8 1 5 2 1 3 1 3 2 3 1 7 2 1 1 1 1 2 2 5 2 3 3 15 4 1 13 2 3 1 1 1 3 1 4 2 10 2 2 1 3 12 2 38 2 2 4 3 2 1 1 18 1 3 8 3 1 1 2 2 45 15 4 164 2 26 5 4 1 2 2 2 1 1 1 2 1 7 3 10 1 12 2 2 17 1 1 6 3 2 2 2 3 1 2 2 2 1 1 2 3 1 1 2 11 1 2 1 7 3 32 1 1 2 1 1 1 5 2 1 190 1 4 2 2 37 2 2 2 1 1 1 3 1 3 1 287 1 2 2 1 4 16 3 3 6 3 1 1 2 4 5 2 1 2 4 1 23 2 1 3 2 1 29 3 2 5 2 20 1 2 2 1 9 5 1 2 7 2 2 2 2 3 3 1 1 5
1 1 29 13 2 5 43 34 4 7 18 2 3 6 11 2 1 5 2 8 1 2 1 8 1 2 1 6 2 60 2 5 2 1 3 4 2 1 1 1 24 3 14 23 1 7 2 2 2 1 2 5 60 1 1 1 2 61 2 4 6 1 4 3 58 2 2 2 1 2 1 4 4 9 11 3 3 7 8 3 2 3 7 2 4 2 2 12 24 1 1 2 1 1 20 4 11 7 1 13 1 1 5 3 1 2 1 6 1 4 1 2 2 3 1 4 86 6 3 5 2 8 6 1 2 1 9 2 1 2 1 1 2 6 2 1 1 8 1 1 1 3 2 1 20 9 31 2 3 5 3 2 2 2 6 1 3 6 4 2 4 1 1 3 1 1 1 1 3 2 3 2 1 4 3 2 4 3 9 4 1 1 2 1 1 18 1 1 3 2 2 1 1 28 10 2 1 6 1 4
6 2 2 12 3 2 11 2 2 3 1 2 1 3 4 4 6 1 2 2 2 2 1 4 2 2 2 1 1 1 4 1 1 3 4 3 1 3 5 51 2 3 3 5 2 1 1 3 1 2 6 3 13 4 3 1 1 2 18 4 3 3 46 1 49 2 2 1 3 1 1 50 1 2 1 2 1 4 3 11 2 1 3 3 13 3 2 1 302 2 1 2 1 7 2 1 1 2 1 3 6 2 2 1 5 1 4 1 1 6 24 4 2 7 7 4 1 2 1 9 3 1 1 1 67 2 4 46 1 3 1 1 2 2 1 2 1 4 44 5 1 2 2 4 1 2 9 2 4 2 2 4 1 5 11 9 1 1 19 1 1 1 7 2 1 4 2 1 2 2 71 1 3 2 11 2 1 1 2 4 1 1 8 2 1 23 3 1 2 1 6 1 4 7 2 1 2 3 1 3
2 1 8 3 2 2 1 2 11 4 156 2 4 1 3 2 11 1 5 2 2 1 1 9 1 3 1 1 1 1 1 1 1 1 3 2 3 2 2 1 2 1 1 2 1 1 2 11 2 5 11 12 1 1 1 1 11 2 12 3 2 39 2 2 6 2 1 2 2 8 1 2 3 3 4 1 2 1 10 3 52 2 1 3 2 4 1 1 1 1 4 3 17 3 14 1 2 3 1 3 5 10 1 3 1 18 1 2 1 3 54 1 2 3 4 20 1 3 2 25 3 2 6 6 1 2 1 1 7 1 2 1 1 1 1 1 9 2 4 25 10 1 1 5 4 3 2 2 1 2 1 3 2 4 11 2 1 6 3 2 14 1 13 1 2 3 5 2 1 2 1 1 2 1 4 4 2 2 6 4 4 1 3 1 5 5 1 1 2 2 3 2 3 9 3 2 24 1 2 77
17 1 1 9 8 11 1 9 2 3 4 104 2 1 2 2 3 6 2 1 13 1 4 3 2 2 3 2 1 7 19 1 1 3 6 4 2 1 2 5 9 1 1 1 1 10 1 2 2 2 4 1 17 7 6 8 20 1 5 1 4 2 2 2 33 4 7 2 2 2 2 3 1 1 1 1 1 2 3 2 218 1 5 2 3 11 2 2 2 1 1 12 1 1 1 2 3 2 1 2 2 3 1 2 3 2 8 24 4 2 3 3 1 1 5 2 4 8 4 2 1 1 4 31 1 1 1 4 2 75 1 1 2 1 2 1 1 2 3 1 1 2 2 1 2 1 6 176 1 3 4 2 270 1 4 2 1 2 2 7 1 1 2 1 1 4 4 4 23 4 12 66 6 2 3 1 2 2 2 4 4 2 1 1 3 23 3 1 1 61 1 16 6 1 4 2 3 1 1 2
15 2 1 2 1 3 1 4 4 4 1 2 21 4 24 2 2 2 1 8 1 2 1 1 4 3 14 5 17 3 1 14 2 2 4 9 5 2 1 2 1 3 2 1 57 2 6 1 1 4 12 6 4 4 1 1 7 12 1 2 3 1 29 2 1 18 2 4 3 27 2 1 2 2 2 3 6 2 1 5 1 2 6 1 2 1 3 3 5 2 1 6 2 3 2 1 1 1 9 5 2 2 1 1 4 2 1 5 2 2 2 143 2 2 2 2 1 1 1 1 1 1 8 2 1 1 1 21 1 2 1 1 3 39 3 4 1 2 2 2 2 3 5 4 1 2 1 2 1 1 2 2 1 1 11 5 1 1 23 2 8 1 1 2 1 1 1 3 2 2 2 7 13 2 1 1 19 14 93 3 2 9 3 2 1 4 1 7 4 1 1 2 12 6 1 1 2 3 7 2
2 7 24 1 2 2 1 2 3 2 1 19 2 2 1 1 3 3 3 3 1 2 3 3 4 1 3 3 2 19 6 2 2 1 6 3 2 2 1 1 2 1 1 1 1 13 2 6 29 5 4 3 1 8 2 1 6 2 5 19 1 4 2 2 1 44 2 23 2 15 2 2 1 20 3 3 4 2 4 1 1 1 1 1 4 5 3 1 5 2 1 9 6 1 1 5 4 1 1 3 4 3 12 1 7 1 3 1 3 1 2 2 1 1 1 13 2 48 1 1 2 1 4 2 1 6 1 1 2 2 2 20 6 1 5 1 12 1 2 1 5 1 2 2 1 2 5 3 2 1 2 12 10 1 5 2 1 3 1 3 2 1 3 4 1 1 2 1 4 2 7 15 2 1 1 5 2 2 1 2 1 20 22 1 2 7 10 1 2 2 1 3 1 2 1 4 11 1 2 24
6 1 6 9 3 2 1 3 2 6 1 3 28 6 2 3 2 2 2 2 2 2 2 8 5 3 2 1 1 2 8 1 1 8 5 2 1 8 2 1 1 3 2 20 1 3 2 2 1 1 12 2 1 1 1 1 1 2 2 4 2 1 2 9 6 1 6 1 2 3 89 9 1 2 1 2 1 1 2 2 2 10 2 2 1 3 3 1 1 140 4 19 1 2 1 4 1 1 1 1 2 2 33 9 3 3 5 1 3 5 2 3 2 2 8 2 1 229 2 50 2 2 8 1 6 2 3 1 5 13 1 4 2 2 10 7 1 3 1 1 10 3 2 1 3 2 11 2 2 79 2 7 2 6 1 2 3 2 1 9 2 1 3 4 2 2 2 5 3 4 13 1 1 1 1 1 1 3 6 1 2 1 3 16 2 1 2 3 2 2 4 2 1 10 8 9 31 3 1 20
3 2 2 2 3 3 176 1 4 2 39 3 9 1 2 1 16 4 1 23 3 1 2 14 5 1 2 3 2 3 3 4 2 2 4 2 1 2 2 11 2 2 3 1 2 3 3 1 5 1 1 3 1 1 4 1 23 4 3 2 2 2 1 1 1 1 2 1 5 3 1 6 1 2 3 1 9 3 26 3 66 2 2 2 1 22 6 1 2 10 1 3 1 6 3 2 2 1 1 21 2 8 1 4 2 1 5 1 5 30 1 1 1 35 12 1 3 1 1 3 2 2 1 7 6 2 1 2 2 3 12 2 10 2 2 8 1 1 5 2 3 6 1 1 2 1 1 3 1 1 14 1 3 10 1 10 1 88 4 1 6 1 6 4 1 12 1 1 1 1 3 2 12 1 1 7 1 6 2 8 12 1 1 1 33 6 1 1 2 2 1 3 6 3 3 1 4 1 4 110
2 1 3 2 1 2 2 1 18 3 1 3 25 3 2 11 2 1 7 2 15 2 2 1 3 1 3 2 1 2 2 6 1 1 1 1 4 1 2 5 2 4 4 5 2 2 2 3 1 2 10 5 3 3 1 27 2 3 2 13 12 1 2 2 2 3 1 2 1 5 5 3 4 1 6 10 2 5 2 3 11 2 1 2 1 3 23 2 1 1 1 1 1 1 2 2 1 1 1 1 1 1 3 466 4 1 3 4 13 5 1 1 2 6 2 2 2 1 8 2 7 2 7 1 11 2 1 3 3 2 1 4 1 1 7 2 10 1 1 4 1 2 20 1 1 1 2 2 6 12 1 2 2 1 3 2 1 4 1 1 24 9 2 1 1 1 1 1 1 4 3 6 1 3 1 1 7 1 18 8 11 1 1 1 2 2 1 1 1 4 2 2 1 2 2 2 1 2 4 1
4 1 5 2 2 6 1 2 2 1 1 1 2 1 1 1 3 2 1 1 8 2 1 1 1 1 1 1 14 3 7 1 1 13 13 9 2 1 2 2 1 1 9 6 4 4 1 1 26 2 2 7 1 2 2 3 6 3 1 8 2 2 2 1 3 1 1 41 5 4 1 1 2 1 7 89 16 2 4 2 2 134 2 2 2 1 4 1 2 118 1 1 5 1 4 1 1 1 2 2 4 3 2 4 1 3 43 5 1 2 25 6 1 1 1 9 1 2 4 1 1 2 1 2 12 1 3 82 2 1 1 2 11 180 9 5 4 2 1 1 1 1 1 3 2 2 28 3 9 3 5 9 1 1 2 2 2 1 2 1 3 1 1 26 3 2 2 2 1 1 1 3 1 1 2 1 1 1 5 2 2 5 2 1 1 1 13 4 53 1 1 2 1 1 1 6 3 1 4 4
2 3 1 1 4 1 3 1 3 2 1 2 1 2 2 2 1 10 8 1 2 2 3 2 31 2 20 2 2 1 1 1 4 2 3 7 2 1 1 8 1 3 3 4 4 1 1 174 1 1 2 2 2 1 1 1 1 1 3 10 1 3 4 14 2 1 2 3 6 17 1 15 3 2 2 2 15 7 1 4 1 147 1 2 7 2 1 5 24 1 1 4 3 1 12 12 2 3 29 1 2 57 13 1 2 1 10 2 3 1 1 1 8 4 1 1 1 3 10 18 1 2 3 1 1 2 1 1 7 2 5 1 1 1 3 2 2 48 6 1 1 2 2 1 2 1 3 1 37 3 7 28 4 3 1 1 1 2 8 2 8 1 1 1 3 1 1 11 1 2 7 1 7 11 3 2 18 7 1 2 2 8 3 1 1 1 7 6 2 2 1 7 3 1 2 2 2 5 1 2
2 4 1 5 3 5 6 4 8 1 13 2 2 2 1 2 7 2 1 7 6 2 3 2 1 5 2 1 4 3 3 2 2 1 6 2 1 1 2 2 1 2 9 2 2 24 1 1 5 4 4 1 8 6 1 1 6 209 4 1 66 3 9 2 4 2 2 2 2 3 71 2 1 2 27 2 2 3 4 2 5 1 1 29 1 2 11 10 2 5 1 1 1 1 3 1 4 1 17 3 3 4 2 2 1 2 2 10 1 1 6 6 3 1 1 1 1 9 1 3 4 2 1 2 1 14 2 2 7 6 2 1 2 1 1 1 1 3 2 1 2 2 1 2 3 3 1 1 2 1 2 2 5 2 2 14 2 2 6 1 5 1 3 1 1 2 10 2 1 1 1 3 1 8 7 45 11 2 7 2 4 7 2 1 3 2 1 2 8 19 3 3 1 1 2 6 4 12 1 1
1 2 1 2 2 3 4 271 1 1 10 1 1 2 4 3 12 1 3 1 1 1 2 7 3 3 2 2 1 5 1 2 1 3 370 1 1 1 1 2 33 2 15 1 3 2 4 2 1 1 6 1 3 3 10 2 5 1 2 1 1 2 1 1 2 4 1 3 3 2 8 1 4 3 1 3 4 3 1 410 67 1 6 3 1 2 1 17 1 4 4 1 2 2 1 3 1 4 9 2 10 4 2 2 9 1 1 5 1 3 3 1 2 5 1 1 4 7 2 1 78 1 16 2 2 14 1 1 2 4 1 2 3 4 2 2 8 25 1 1 1 1 2 1 1 2 7 4 2 5 2 1 6 1 3 1 1 2 2 2 2 4 119 1 4 2 2 1 3 30 1 1 1 1 2 4 1 4 12 1 6 8 4 1 1 9 3 5 1 5 4 1 2 8 1 1 2 12 1 23
3 16 1 1 1 1 2 29 2 1 2 4 5 1 1 5 1 4 5 3 1 2 4 3 1 7 2 3 4 4 1 2 1 1 4 4 4 13 3 2 1 8 1 10 1 31 8 1 2 1 2 81 3 2 37 7 1 3 168 4 5 46 27 19 8 2 3 1 2 5 2 4 3 2 1 12 3 2 5 4 5 1 38 6 1 9 1 3 3 4 1 2 11 1 4 1 2 1 8 4 3 1 4 1 7 1 1 5 2 1 4 5 5 1 9 2 3 1 100 6 2 1 5 1 8 2 67 1 2 4 1 3 2 1 4 5 2 2 1 4 1 1 2 1 4 2 2 4 2 4 2 3 1 18 2 1 12 10 2 2 2 2 24 2 1 2 11 2 6 1 2 3 2 3 51 1 2 6 75 3 2 15 2 2 1 20 1 3 1 24 1 109 2 1 6 1 28 8 40 2
4 1 1 12 4 1 1 3 6 2 2 4 53 4 1 5 1 2 1 3 2 3 1 1 7 1 1 24 6 2 2 1 1 1 2 8 16 3 75 5 70 1 3 1 4 3 10 2 3 1 1 26 1 1 2 2 5 1 1 6 2 10 6 5 1 1 2 4 6 2 1 1 1 3 2 1 7 1 1 5 2 5 107 2 5 1 3 2 1 6 1 1 2 1 1 4 1 2 2 2 5 3 1 6 1 1 1 1 1 8 2 2 4 9 7 1 3 4 1 1 3 4 1 2 2 2 1 10 3 2 5 5 1 2 5 8 1 2 1 3 3 1 1 1 1 2 2 6 2 1 1 3 2 13 2 3 4 1 14 3 1 2 1 14 1 1 1 1 1 2 5 3 4 4 3 6 1 5 1 1 3 2 7 1 4 1 1 2 5 1 2 1 4 3 7 9 104 2 2 4
1 1 2 2 2 2 3 9 2 2 2 1 8 2 2 3 2 3 2 3 10 2 1 3 2 1 1 6 8 1 3 2 24 6 1 2 2 11 1 1 1 1 10 1 6 2 5 1 1 1 5 2 8 5 2 9 4 1 1 2 55 1 1 1 2 2 1 61 7 1 3 2 1 4 4 2 2 1 12 1 1 26 3 12 4 1 2 1 7 4 2 84 1 2 2 2 1 3 1 2 3 4 2 1 1 2 9 1 1 69 3 4 2 15 2 9 4 2 8 19 1 9 5 1 3 1 3 5 9 3 2 2 3 1 2 2 8 4 2 1 11 2 2 2 1 9 8 2 1 2 1 3 4 2 1 1 2 10 1 5 1 1 2 1 1 1 3 2 3 4 1 3 2 2 2 1 2 2 2 2 2 2 1 7 15 10 1 3 3 1 1 2 5 2 2 4 2 9 3 1
2 1 47 4 5 6 4 1 14 3 2 4 3 1 1 1 1 1 2 2 5 3 8 1 10 4 3 1 1 11 2 3 2 2 26 5 3 37 1 3 1 2 35 7 5 2 1 2 1 6 2 5 1 22 3 2 1 4 1 3 1 1 1 1 1 2 1 3 1 12 1 5 4 12 2 2 1 1 2 2 1 2 3 4 2 1 9 3 5 2 2 1 2 1 2 104 5 1 2 15 2 1 3 3 4 6 2 2 1 2 8 23 2 1 6 1 2 2 1 2 2 1 2 2 2 2 1 3 1 3 1 1 4 37 1 1 1 28 31 1 1 16 1 3 1 2 2 1 2 1 1 3 1 9 20 3 2 1 45 3 1 4 1 2 1 3 1 2 17 1 2 1 1 3 3 3 2 18 2 3 4 5 3 1 3 2 1 2 16 2 8 2 5 1 1 1 2 4 1 1
1 1 25 1 78 1 2 2 6 2 1 9 5 6 4 19 35 1 10 1 1 11 184 5 38 2 4 17 1 3 6 1 4 1 2 7 2 1 1 1 2 3 5 2 6 1 2 14 2 1 5 2 3 2 5 1 2 20 16 2 2 5 2 1 1 2 4 21 2 3 1 3 2 1 4 2 3 2 3 1 1 2 1 9 2 14 5 2 4 2 1 3 1 2 1 5 2 2 1 3 25 4 3 8 1 1 1 9 1 2 4 1 23 1 15 1 2 2 1 9 2 16 2 2 2 3 7 4 8 1 1 1 11 3 2 2 1 26 2 4 2 2 8 10 1 14 1 7 1 1 2 2 7 1 2 4 3 1 3 1 11 1 1 1 2 1 3 3 4 1 5 1 2 2 7 18 2 1 2 1 7 1 1 2 1 17 3 11 3 2 2 4 2 8 3 4 1 1 2 2
5 2 1 3 2 1 1 4 3 1 2 3 1 12 3 20 2 2 7 2 1 2 1 1 2 4 2 1 3 3 1 8 3 1 1 1 2 2 4 1 3 1 4 1 2 2 1 2 2 4 2 2 5 12 2 2 1 2 18 2 2 5 1 1 1 3 2 2 1 1 6 4 2 4 2 2 2 2 2 2 1 9 1 1 2 1 1 7 3 1 8 2 11 23 5 14 1 1 4 1 7 2 5 10 4 2 7 2 1 3 1 6 2 1 70 4 1 2 20 1 2 3 3 2 4 2 2 15 8 13 1 13 2 2 3 1 1 1 1 3 1 2 3 4 1 3 3 3 1 2 2 1 4 1 2 1 3 7 4 2 4 2 2 2 2 1 2 12 3 12 2 6 2 1 5 2 2 6 2 1 5 3 2 2 1 2 1 1 2 1 4 2 2 1 1 15 3 21 3 4
1 2 1 1 6 1 28 3 4 5 2 1 3 2 4 8 4 1 1 1 1 2 4 1 2 250 3 1 102 3 1 8 1 3 7 1 16 1 8 2 3 6 1 9 14 2 9 2 2 4 7 5 2 3 2 1 1 2 2 8 1 4 2 1 1 5 1 4 2 1 5 2 4 1 3 3 21 1 20 4 5 1 3 4 1 2 3 2 2 9 7 2 2 3 2 3 11 1 1 38 1 1 3 1 1 3 3 2 2 1 1 4 1 2 3 4 1 2 1 4 1 1 4 4 2 2 8 1 2 2 1 3 6 54 2 5 1 2 1 1 2 1 5 2 2 2 2 1 4 5 3 2 1 8 1 2 2 15 2 2 1 2 3 4 1 3 1 2 7 3 1 1 1 2 3 2 14 2 2 5 5 1 2 1 1 6 2 4 2 117 6 2 1 2 1 28 3 6 1 3
1 8 5 2 4 2 1 2 1 4 59 1 2 1 1 2 1 1 1 1 2 5 3 3 2 2 10 8 29 2 127 2 2 2 1 3 2 2 1 2 6 2 5 1 1 3 1 2 1 16 12 10 1 1 2 2 13 3 3 1 2 1 1 10 1 1 2 10 1 2 5 1 2 3 1 14 18 3 2 7 2 1 4 2 7 2 1 1 4 3 2 1 1 4 3 9 2 6 41 1 1 1 1 3 3 2 34 8 1 1 3 4 3 2 1 5 1 3 2 1 2 1 1 1 1 1 1 3 2 2 28 2 1 2 1 1 1 1 3 3 4 2 19 4 2 31 7 2 1 1 4 3 1 6 2 10 3 10 1 2 3 7 1 16 5 2 2 20 2 4 1 2 11 1 2 2 1 4 1 2 2 3 3 2 16 1 13 4 9 1 18 2 1 2 5 102 1 2 2 2
2 10 7 2 2 1 1 1 6 3 1 3 2 1 4 2 5 1 1 1 11 3 2 1 1 2 3 1 7 1 1 3 11 1 2 1 13 2 1 1 1 1 3 1 1 1 2 9 1 41 1 1 3 2 6 78 6 5 3 4 22 2 2 8 3 3 2 2 2 11 1 8 1 1 1 1 3 1 1 1 2 2 2 1 11 1 5 1 6 4 7 6 1 2 1 1 7 8 3 8 1 12 42 227 1 3 2 4 1 2 2 1 1 1 8 1 1 7 1 2 2 1 2 3 8 5 1 40 1 3 6 1 1 2 4 1 9 1 1 1 2 5 1 42 1 3 2 1 2 1 5 2 5 2 1 1 1 2 16 2 2 1 57 3 3 8 2 3 1 4 4 14 3 1 2 1 1 3 4 2 2 2 1 1 1 2 2 1 206 3 2 1 5 2 2 8 1 11 1 3
5 1 2 3 3 1 3 2 2 4 1 335 43 1 3 1 1 1 1 1 2 9 2 5 2 3 2 3 5 3 2 5 9 48 85 1 2 1 1 2 2 2 2 4 1 5 1 2 1 9 2 1 1 1 17 1 4 1 11 3 3 6 4 3 4 2 2 1 1 4 2 2 4 2 1 1 1 1 5 8 2 2 2 3 4 1 7 1 10 2 2 2 2 2 3 3 2 4 5 1 16 1 2 1 1 6 1 2 1 2 1 5 2 2 2 2 1 2 1 117 2 3 5 2 1 1 4 2 1 5 2 11 1 2 7 2 3 1 1 31 3 2 4 6 1 29 2 1 1 2 1 9 1 1 2 14 2 1 4 2 4 1 2 1 4 2 1 5 3 8 2 6 11 2 1 10 2 14 8 2 17 1 1 1 1 5 1 5 1 1 2 5 2 1 2 1 2 1 2 1
1 120 1 2 4 1 1 2 1 2 4 18 3 2 1 2 2 6 1 4 1 6 1 1 2 1 1 326 1 2 2 1 2 26 3 6 1 1 2 3 3 5 1 55 3 2 2 6 7 3 2 1 52 2 1 15 1 3 11 2 1 2 3 1 2 2 2 43 2 1 1 1 5 1 3 6 2 2 3 1 3 2 36 2 2 3 7 4 3 2 2 3 1 5 1 5 10 1 1 7 1 1 3 3 2 4 1 3 1 2 7 1 1 1 1 9 1 1 6 2 14 2 4 3 2 2 1 2 1 1 5 2 1 1 1 2 2 2 3 3 6 5 1 1 4 2 2 2 3 27 6 2 1 2 3 2 2 2 8 1 1 2 2 22 1 2 4 3 1 4 7 5 3 2 2 2 5 4 3 1 1 1 1 1 4 3 28 5 2 2 1 1 1 2 2 1 1 10 6 3
5 3 38 2 3 4 3 1 4 4 6 4 1 1 3 3 1 6 4 1 1 32 1 14 2 3 3 2 3 5 7 3 25 4 6 1 1 2 1 1 1 2 2 5 5 2 7 2 1 1 3 6 148 2 1 1 4 1 4 4 1 2 3 9 3 1 2 5 16 1 2 1 1 1 1 3 1 2 5 1 1 6 3 1 2 2 1 1 2 3 2 1 1 2 1 2 3 1 2 1 3 2 37 3 1 2 3 2 2 2 1 8 1 2 43 1 1 2 11 4 7 1 2 3 1 7 2 1 7 2 1 1 2 54 1 7 1 1 18 6 1 2 27 1 1 2 3 1 1 1 2 1 21 2 2 9 7 2 2 2 4 9 3 1 3 21 6 55 2 3 2 2 16 2 2 1 1 2 2 1 9 1 17 5 5 2 1 22 2 2 3 24 1 1 9 52 3 1 13 2
1 18 1 1 1 1 3 2 6 1 3 3 2 1 1 1 3 1 1 2 1 7 2 24 11 2 1 18 1 2 1 2 1 6 2 1 1 2 2 1 3 37 1 2 1 2 1 1 63 9 1 3 1 6 1 2 1 2 2 1 3 1 1 1 3 1 6 2 7 2 2 1 2 2 4 1 1 8 7 1 4 2 1 5 6 12 2 6 1 2 1 2 1 1 3 64 2 1 5 2 7 1 4 2 2 1 2 6 2 1 1 1 6 2 2 1 4 1 1 2 13 1 3 6 2 16 1 3 2 2 22 1 1 1 319 3 1 3 39 9 2 1 2 28 1 4 1 2 3 3 4 1 94 17 2 1 2 1 1 2 1 3 2 2 2 4 1 2 1 2 2 1 1 2 1 5 2 3 3 2 2 1 2 21 1 3 1 3 1 4 4 2 1 1 7 1 4 3 5 2
33 1 8 3 3 2 2 15 2 1 2 11 1 5 6 3 1 1 4 5 1 2 3 1 2 3 1 1 2 18 1 2 2 2 3 2 5 1 1 6 5 1 4 1 2 4 5 10 3 1 3 2 2 2 5 3 3 2 4 2 5 3 1 8 8 6 7 2 3 3 6 6 1 1 1 4 2 1 3 2 4 1 1 1 3 1 1 6 2 2 1 2 1 1 5 99 1 5 1 3 10 2 4 2 2 4 1 1 2 237 1 1 1 2 1 4 2 3 4 1 4 2 3 7 1 7 1 1 1 4 1 2 3 1 2 4 7 2 2 7 1 2 3 3 1 1 1 2 4 2 3 4 10 2 7 5 1 2 4 1 1 4 3 8 1 6 1 1 3 1 2 2 4 5 8 1 12 1 4 12 10 2 1 1 3 8 2 2 4 9 2 2 2 2 3 2 2 2 1 4
4 1 5 2 7 66 3 2 3 3 6 1 4 5 2 1 77 1 1 2 6 6 7 1 28 1 3 1 1 1 4 1 2 11 1 5 1 1 1 1 1 1 5 1 4 1 1 18 48 3 1 2 40 1 1 2 42 5 4 2 2 2 13 2 3 6 1 2 1 4 1 2 7 4 1 1 1 13 1 1 2 3 12 6 2 7 6 9 1 2 6 1 6 2 1 1 1 16 2 2 1 4 1 1 1 1 16 1 3 7 12 1 5 2 1 6 1 10 3 2 10 10 8 2 1 1 2 1 2 1 2 2 2 1 1 8 188 1 3 3 2 2 1 1 2 2 2 2 8 2 3 2 1 46 2 1 1 3 1 2 1 1 37 2 33 2 1 1 1 1 1 4 2 2 1 10 1 9 2 1 8 24 102 2 1 2 3 1 21 3 3 2 22 58 1 1 1 2 10 8
8 3 116 1 4 2 2 36 3 1 2 4 1 19 3 1 4 2 1 1 1 3 1 3 136 2 1 3 1 6 1 4 8 2 6 1 2 2 3 1 2 1 1 47 2 2 2 1 1 2 1 1 1 5 2 5 1 2 2 3 1 1 1 9 1 2 2 23 1 4 1 1 45 18 2 4 3 1 1 1 1 7 1 1 13 2 2 222 1 15 1 54 4 2 1 2 2 2 2 1 1 1 1 1 7 1 2 4 1 2 1 2 3 2 112 6 1 4 2 1 6 7 18 1 8 1 1 1 3 1 3 3 2 5 1 2 6 5 2 2 3 2 7 8 11 4 1 5 3 1 2 3 1 2 3 1 7 1 1 1 6 1 5 10 2 4 3 1 9 1 4 1 10 1 2 1 1 8 4 5 2 4 1 2 2 1 2 1 3 2 1 1 6 1 5 16 17 11 15 4
2 8 2 1 1 2 2 4 3 1 2 3 1 5 2 1 2 1 18 1 1 1 10 3 2 2 2 3 2 1 2 1 2 3 5 1 1 1 1 1 4 89 2 12 1 3 2 1 1 2 1 1 1 2 2 2 4 2 5 1 1 2 1 172 17 7 2 6 1 4 2 50 1 1 1 3 2 14 1 4 1 2 3 2 1 2 7 3 5 2 85 1 2 3 1 2 1 2 1 1 9 1 1 1 4 4 3 2 10 4 1 2 1 6 6 6 1 2 2 2 3 1 3 4 1 5 1 422 3 5 4 1 9 8 2 2 1 2 2 9 2 8 1 2 2 2 2 10 6 2 1 5 4 2 6 1 7 2 2 9 1 2 1 3 2 4 47 1 2 26 2 3 7 7 16 1 2 5 1 2 1 1 5 1 4 3 5 14 1 1 10 1 1 2 3 4 1 1 1 10
6 2 2 1 2 3 2 2 1 1 1 1 2 100 3 4 328 1 3 1 1 2 2 14 4 2 4 4 4 1 55 2 2 1 2 2 3 2 2 4 1 1 2 5 2 1 2 2 9 2 1 11 3 7 2 1 2 2 2 10 10 11 2 6 1 6 2 1 2 5 3 13 2 1 1 3 1 2 3 2 3 7 8 21 4 2 63 3 3 2 2 4 1 3 3 1 8 1 1 5 1 4 1 10 5 5 2 1 3 2 2 5 9 1 25 35 1 1 1 2 2 34 3 2 2 67 4 2 3 1 2 1 2 7 6 2 4 7 2 2 2 1 1 1 4 3 1 2 2 12 1 1 1 3 4 3 6 1 1 1 2 160 2 3 1 9 3 2 1 16 1 1 1 5 10 3 1 1 1 2 1 3 2 9 2 7 1 1 2 2 2 3 1 2 6 1 2 3 1 7
3 1 25 1 1 426 3 2 1 2 12 2 17 35 1 3 2 1 1 1 1 1 1 1 1 1 2 1 1 1 1 3 8 1 3 1 2 1 2 2 3 5 5 2 3 2 1 5 3 2 1 1 2 6 5 1 2 2 1 2 2 1 15 2 2 2 2 5 2 1 35 1 2 10 10 12 1 20 3 3 21 1 1 2 2 3 1 1 6 1 20 9 11 1 1 1 11 1 5 16 5 1 1 2 4 1 1 2 2 1 5 6 3 1 6 4 3 2 2 7 5 1 12 2 5 7 1 1 4 1 2 4 1 2 1 1 3 2 2 4 1 2 1 54 2 2 5 1 4 3 2 3 2 2 2 1 1 1 1 5 5 10 3 2 1 2 7 9 5 1 3 2 2 1 1 2 4 1 1 3 4 3 3 4 2 2 2 3 4 8 1 2 4 2 3 5 4 5 16 2
3 1 1 2 3 1 3 29 2 1 5 1 4 1 3 1 2 1 2 5 2 1 2 3 2 15 1 2 2 9 18 2 1 1 2 3 3 2 4 1 1 2 3 1 2 15 2 2 1 2 24 1 2 3 1 7 2 1 2 1 2 3 1 1 6 2 1 2 6 2 4 9 1 3 3 3 5 2 2 3 2 3 1 2 4 4 2 90 1 2 7 1 2 1 2 1 2 3 1 3 5 2 5 1 2 1 2 4 70 4 1 2 1 5 2 1 3 4 1 2 1 11 8 6 4 2 223 2 11 4 3 2 2 1 4 13 9 7 2 2 2 13 1 1 2 3 3 1 3 1 2 3 1 3 1 2 1 3 1 2 7 2 1 365 2 1 2 1 200 2 1 3 3 1 5 8 3 2 23 1 2 2 2 2 1 494 2 1 3 4 2 2 3 1 4 1 2 1 1 11
2 2 136 1 2 46 7 2 1 6 5 2 2 2 1 2 4 3 2 2 4 7 23 10 1 3 3 5 3 1 2 2 4 3 3 10 2 2 2 5 1 4 6 9 2 1 4 2 1 1 1 19 12 5 4 12 1 1 2 2 2 2 2 32 1 17 5 1 21 7 1 5 1 1 2 1 1 11 4 2 1 4 1 1 24 1 7 5 2 3 15 6 4 2 2 1 1 5 5 1 5 7 9 1 1 5 1 1 1 3 3 1 1 3 1 4 1 7 1 2 30 3 10 1 2 6 4 3 2 1 4 1 7 2 3 2 6 5 1 1 5 2 4 1 2 14 3 2 2 19 5 2 1 2 3 2 8 3 32 64 1 3 3 9 3 3 4 3 1 5 1 1 3 1 3 1 31 5 2 3 3 3 2 2 1 3 7 1 3 10 22 1 2 3 3 30 2 2 1 1
2 1 2 2 2 1 4 1 1 8 3 1 3 7 3 1 11 1 2 1 3 4 1 34 2 2 6 1 1 1 1 1 1 4 2 1 1 1 1 2 1 5 1 17 8 2 1 12 9 2 1 2 2 2 37 2 6 1 2 1 2 1 2 1 2 1 1 1 1 2 4 1 3 1 4 3 2 3 1 2 3 1 2 2 1 3 2 5 2 6 1 1 9 1 1 2 3 3 36 6 3 3 33 1 3 4 3 2 2 1 6 2 1 1 1 2 2 2 14 1 2 2 6 3 1 17 2 19 2 3 1 2 3 2 2 1 44 2 1 3 2 11 3 1 1 1 1 2 2 1 8 7 2 2 1 2 2 2 2 2 14 2 3 31 3 7 6 2 1 1 1 1 3 5 304 3 3 20 2 1 2 3 2 4 2 3 12 5 6 1 6 4 2 1 20 2 1 2 2 5
1 2 6 1 4 5 6 7 1 2 3 2 1 6 5 1 2 3 1 4 4 11 2 1 3 3 1 11 1 3 3 3 1 2 1 38 2 97 2 3 1 2 1 2 5 1 1 1 2 2 2 1 1 2 2 2 2 1 7 33 2 7 36 199 1 6 1 3 2 17 1 2 5 1 2 8 3 2 4 5 5 26 1 1 1 1 2 1 9 4 74 2 3 1 2 1 1 1 1 1 10 3 4 1 1 11 1 2 2 14 2 4 1 1 2 2 16 1 2 6 4 2 1 4 3 2 1 1 3 1 5 1 3 2 7 1 1 2 38 1 1 2 6 1 6 2 1 3 20 1 16 2 3 3 15 2 1 1 3 1 2 34 1 2 4 1 1 1 1 9 9 6 7 4 2 2 147 1 2 1 3 1 15 1 2 2 40 1 1 5 1 3 5 2 2 2 1 1 4 4
14 29 14 2 8 2 2 2 4 12 1 3 2 3 2 2 2 5 1 1 1 2 2 1 12 2 2 3 1 12 2 4 6 1 7 21 1 1 13 14 2 2 1 1 2 3 5 11 7 3 1 1 5 3 1 4 3 2 8 4 1 2 2 2 3 1 4 3 1 3 3 2 1 2 1 15 3 2 4 2 1 53 1 5 5 31 2 4 1 4 3 4 2 1 3 5 3 3 4 1 2 4 5 2 1 2 1 1 1 7 7 1 1 2 1 6 2 5 4 1 3 2 24 1 3 1 1 4 1 2 2 2 4 9 1 1 21 3 1 13 5 4 1 4 8 1 5 5 4 4 5 2 4 2 1 1 1 1 1 2 7 2 4 6 1 2 3 3 6 3 1 2 2 1 4 2 2 1 1 1 4 2 3 2 1 6 4 2 1 3 1 1 1 4 7 48 3 2 1 3
6 1 6 1 5 1 7 2 3 36 1 411 1 7 1 4 3 2 2 14 2 1 4 2 1 1 2 1 2 1 5 1 3 2 2 3 23 2 99 2 2 5 3 27 3 1 6 6 2 19 1 9 1 17 35 1 2 1 1 2 12 2 3 1 11 1 3 5 2 18 1 3 1 1 2 1 2 12 4 1 2 3 1 3 4 1 2 1 3 2 3 2 1 2 3 2 18 2 3 1 42 2 1 33 64 6 10 10 1 1 5 1 3 27 2 1 8 1 3 1 4 1 43 1 4 2 2 2 2 3 1 2 1 1 1 1 1 3 3 1 2 32 3 2 3 3 1 73 9 2 1 1 3 2 1 1 3 1 5 1 1 8 1 7 11 1 1 1 1 1 3 4 2 2 1 4 4 1 4 2 1 5 1 233 3 2 2 2 2 1 4 2 1 22 1 4 2 2 1 3
3 2 3 1 2 2 9 6 1 31 3 1 2 3 4 2 9 1 1 1 3 1 1 3 4 8 5 2 2 2 1 3 1 1 2 2 2 2 3 2 2 3 2 3 1 4 1 5 1 1 8 2 8 2 1 1 8 2 2 2 2 2 2 2 1 1 3 1 2 24 1 1 2 1 2 5 2 3 1 1 1 2 2 23 3 4 2 2 1 5 1 4 4 1 1 10 3 1 2 3 1 3 2 2 1 1 1 6 11 1 1 3 5 1 3 8 1 2 1 9 11 2 1 5 1 1 6 1 3 5 2 43 1 2 86 2 1 1 2 24 2 1 1 4 9 22 6 4 2 1 1 1 59 1 2 4 5 2 2 1 4 3 2 1 4 8 1 1 2 2 1 2 1 1 4 1 1 3 12 4 2 3 2 5 2 2 1 4 5 1 1 1 2 3 2 2 1 2 13 2
1 25 9 2 1 3 5 1 3 1 8 13 2 3 1 1 2 7 1 1 2 1 4 1 37 1 1 28 3 2 1 3 18 1 1 1 2 34 2 6 2 1 3 2 1 1 3 33 2 12 2 5 9 1 2 2 9 65 1 2 1 1 4 2 3 4 2 1 5 1 2 3 1 1 2 2 2 2 1 2 1 4 7 71 2 1 1 97 3 2 2 2 1 1 2 1 2 1 5 1 7 2 1 1 2 1 1 2 1 1 1 163 6 1 1 1 4 5 2 1 1 2 1 1 2 1 7 1 3 2 1 1 4 2 1 3 1 1 1 1 2 1 2 2 11 4 1 6 2 2 8 1 1 2 44 1 2 4 7 3 2 1 1 1 1 9 24 5 18 30 1 3 1 12 2 3 2 2 3 2 1 4 1 7 1 7 2 3 1 2 12 2 1 4 2 3 6 4 2 4
2 1 2 2 2 2 5 3 4 6 3 1 6 1 3 2 1 1 2 26 48 2 1 1 2 1 1 3 2 2 1 2 1 2 13 2 1 12 2 1 35 4 1 1 2 1 2 1 7 13 3 2 2 1 1 2 55 1 10 22 2 1 1 1 2 2 2 2 2 3 2 2 1 2 3 1 16 1 1 9 1 5 1 5 2 2 2 2 5 1 35 1 2 2 1 20 1 2 7 3 1 2 1 2 4 1 4 1 1 4 1 2 2 2 2 3 3 1 1 1 4 1 3 2 2 7 2 9 1 1 7 1 1 2 1 6 3 10 1 6 1 1 2 6 3 2 2 4 3 4 2 3 2 1 2 1 2 2 15 1 1 1 2 1 2 2 2 5 3 1 1 2 1 2 2 3 1 3 4 1 1 398 104 8 4 16 7 35 2 1 3 2 1 2 2 9 1 1 2 1
1 5 5 3 2 1 43 3 3 10 1 2 5 30 3 4 1 1 4 46 1 2 1 1 1 1 1 1 1 2 1 8 2 7 3 1 2 2 3 1 1 3 4 1 2 1 1 21 3 1 1 7 17 10 1 2 2 3 2 1 12 3 2 1 44 2 10 2 10 1 4 116 1 1 1 1 1 8 1 1 1 1 2 3 1 1 4 1 3 1 2 2 3 22 2 1 2 1 1 2 1 1 2 4 1 1 8 6 1 1 2 17 1 1 15 2 1 2 1 4 1 3 1 1 3 6 1 1 1 2 4 1 3 2 10 1 7 5 1 2 1 2 1 10 4 2 1 4 2 30 3 2 1 1 2 6 1 2 4 1 2 1 3 1 7 1 5 1 2 2 6 1 3 2 1 3 1 1 6 1 6 1 2 1 2 21 2 1 1 2 2 1 10 3 4 3 23 1 2 4
14 4 2 2 4 2 1 8 1 1 1 2 4 1 1 9 4 3 2 3 3 1 1 2 21 1 1 1 3 1 3 1 2 2 1 2 2 1 1 2 2 1 1 1 1 3 10 2 1 2 1 1 2 1 1 14 1 3 1 2 1 2 16 1 1 10 2 1 1 1 2 1 2 6 3 1 7 11 1 2 2 1 8 7 4 1 4 4 10 2 1 3 1 6 1 2 6 3 3 7 2 1 2 1 2 2 1 3 4 2 1 2 2 2 3 4 1 3 1 9 3 2 8 6 1 3 2 2 3 2 2 3 3 85 5 1 4 12 1 14 29 2 7 1 1 2 38 1 13 10 1 1 1 22 1 4 2 4 5 6 2 1 1 1 1 1 5 1 1 2 4 2 1 2 3 8 1 3 3 6 2 1 13 2 1 2 1 2 1 2 3 1 1 2 1 2 2 5 1 8
2 1 7 2 1 4 1 8 3 2 27 5 3 6 1 1 3 175 2 2 10 12 1 2 1 5 2 2 2 2 1 3 3 2 3 1 1 4 2 1 2 1 21 1 1 7 1 4 2 1 1 21 3 1 16 2 1 2 1 1 2 6 2 1 2 7 1 2 1 2 1 9 4 1 19 1 9 6 1 2 1 2 37 2 2 3 2 8 2 1 2 1 1 3 3 2 3 1 3 3 1 2 1 5 2 1 2 3 2 2 1 2 1 5 1 2 2 1 2 1 2 5 8 1 2 1 3 4 1 1 2 1 3 11 4 1 13 4 1 1 8 13 2 3 238 16 2 1 16 1 3 1 2 176 3 20 25 21 1 1 8 5 1 1 12 7 6 3 3 83 1 2 2 2 41 12 1 2 1 3 1 20 2 3 4 1 1 1 14 5 6 3 2 1 6 1 4 3 1 1
1 1 1 3 2 2 4 2 5 29 5 1 1 17 2 4 7 2 3 9 2 2 9 1 1 1 1 1 2 2 1 29 1 2 48 1 6 4 2 4 3 3 1 2 1 2 2 7 2 7 10 6 1 2 1 4 1 2 3 5 3 1 3 2 2 1 2 1 12 1 1 39 5 3 13 1 3 18 1 2 2 2 5 2 2 3 1 8 2 1 10 2 2 1 2 73 6 4 17 4 10 1 2 7 4 2 1 3 1 2 1 1 3 1 2 3 2 2 1 2 2 4 2 4 6 36 4 3 16 60 26 1 15 9 2 1 3 3 23 3 1 2 6 2 1 1 1 2 8 1 3 13 1 2 3 6 2 2 19 3 2 4 4 3 1 2 90 1 6 1 1 6 6 4 2 1 3 3 2 7 6 11 3 3 1 7 1 1 4 4 1 1 1 2 4 8 7 1 5 68
1 3 230 2 2 3 1 6 2 3 1 25 1 4 1 2 1 1 3 1 3 7 1 1 1 2 20 2 18 1 1 44 11 1 7 10 1 1 1 3 2 1 2 1 20 1 3 2 1 34 1 2 1 9 2 1 4 1 5 9 2 2 9 2 69 2 1 2 1 4 4 24 2 3 1 26 4 2 34 2 1 34 4 2 11 1 6 2 1 2 3 1 2 2 2 1 1 1 4 1 3 1 2 2 1 2 1 3 3 1 1 3 101 1 2 1 1 3 3 1 5 1 3 2 1 2 6 1 1 8 1 10 1 2 1 1 2 3 3 7 1 2 1 2 3 2 1 3 2 3 1 3 1 2 2 2 22 2 1 1 7 5 7 1 71 2 2 1 3 8 3 5 10 1 1 5 2 1 1 1 1 2 2 1 1 1 3 4 2 2 3 1 5 2 12 20 1 2 1 2
9 3 2 1 1 6 2 3 1 2 1 1 5 130 3 8 2 6 2 1 16 1 2 2 1 1 1 2 18 1 2 5 1 8 7 1 2 1 1 8 2 1 1 2 1 1 2 7 10 14 3 2 6 1 1 8 3 1 1 1 1 3 1 1 2 5 1 3 2 2 2 3 1 4 2 2 1 5 1 3 1 4 10 2 2 4 10 1 1 5 1 1 1 3 2 2 1 5 1 3 1 1 5 1 15 3 2 254 2 5 2 1 2 2 3 2 6 2 4 1 3 1 2 1 3 1 1 89 5 1 2 4 108 7 1 1 1 3 2 6 1 4 1 3 3 1 2 1 3 1 2 1 2 2 2 2 2 2 2 1 2 1 18 1 4 1 2 1 1 5 5 2 1 1 1 2 1 3 2 17 1 1 5 7 2 1 2 1 2 30 2 1 2 30 2 1 3 3 1 2
3 4 69 2 1 4 2 13 1 1 3 2 3 1 2 26 2 2 3 4 312 5 2 1 5 2 4 7 4 9 2 2 2 2 1 1 5 1 1 3 3 2 33 2 2 9 3 7 3 1 7 3 20 16 2 28 1 2 2 32 2 1 9 5 4 4 1 2 2 3 1 1 14 2 2 2 6 3 9 1 10 21 4 1 5 3 10 1 4 1 1 7 1 175 3 3 1 2 1 10 2 2 2 2 5 3 16 2 4 14 3 3 5 3 2 3 218 2 1 1 1 45 1 2 1 3 68 1 2 1 1 1 3 4 20 7 3 2 2 1 8 3 6 2 4 1 10 3 2 1 1 10 1 2 1 21 1 1 2 1 1 4 1 1 5 36 3 1 2 1 1 1 3 1 2 1 2 2 2 2 9 2 1 2 1 2 1 14 1 1 2 1 2 1 1 1 4 3 1 7
2 2 2 2 1 2 2 2 8 3 1 7 2 1 83 3 1 2 2 1 19 2 2 6 3 1 2 17 6 1 4 1 2 1 6 1 5 18 3 4 5 5 2 1 3 4 2 2 38 2 3 1 2 2 6 6 2 16 7 1 3 14 2 1 1 16 3 1 4 6 1 1 1 27 2 5 2 2 1 2 2 4 4 4 1 1 1 14 3 3 2 2 2 1 1 2 2 1 1 2 1 4 1 1 4 1 2 1 2 1 1 4 20 3 3 8 1 1 7 3 5 2 8 3 1 2 3 1 7 2 2 5 3 2 35 18 2 4 1 3 6 2 2 1 21 1 12 1 1 6 39 2 6 1 4 2 1 2 3 1 1 7 8 2 2 1 2 1 2 1 1 1 1 1 20 14 2 1 4 18 2 1 2 2 212 4 1 1 3 1 4 2 1 1 1 6 2 5 1 2
3 2 2 17 2 1 8 4 5 2 1 3 1 1 2 1 4 1 2 2 5 1 17 2 1 7 3 1 5 3 8 2 1 1 2 2 1 3 4 3 3 14 5 13 2 1 5 2 3 1 2 1 2 2 1 2 1 2 5 3 3 9 3 2 9 11 1 6 2 1 1 7 6 3 1 1 10 12 1 2 33 1 1 1 9 5 8 2 6 2 3 1 1 2 7 8 2 5 1 1 1 3 3 8 2 2 31 1 8 4 2 1 3 1 8 2 3 1 1 1 2 4 3 1 2 4 10 6 1 3 1 1 2 5 2 1 42 1 2 11 1 3 2 2 2 2 3 3 9 2 2 8 2 8 1 2 2 7 2 2 1 11 11 1 5 4 1 1 1 20 3 2 2 6 1 6 2 2 6 2 2 1 1 8 2 1 4 1 2 10 2 7 1 79 1 4 1 1 17 43
43 2 25 1 2 3 7 10 1 72 1 1 1 2 255 1 1 1 1 2 3 1 2 3 6 1 1 3 2 3 4 27 1 1 2 20 1 2 6 3 1 26 2 2 9 4 2 2 5 1 4 1 2 3 1 1 1 2 2 1 1 1 1 1 2 2 3 1 1 2 2 7 1 2 3 2 2 1 1 26 1 1 3 2 2 2 1 27 3 1 11 3 2 2 1 1 4 9 1 2 2 3 1 2 2 4 2 2 6 1 2 2 3 6 1 3 2 4 1 1 2 1 1 5 4 1 2 2 1 1 9 8 3 4 1 1 3 2 1 2 1 8 109 2 129 2 6 1 2 64 1 2 1 1 1 1 37 1 5 2 3 1 34 38 3 1 1 2 3 1 2 1 3 12 131 2 2 4 2 41 1 2 1 10 39 1 8 1 3 3 1 2 1 3 4 1 4 1 1 8
2 3 1 1 3 8 2 3 13 1 1 6 2 4 1 3 22 2 4 2 2 5 2 5 2 3 14 1 3 4 1 4 19 1 1 2 135 8 114 2 6 2 4 8 4 3 1 2 1 1 1 1 1 1 7 3 1 2 4 2 34 3 5 2 1 5 12 4 2 2 3 1 4 2 13 1 14 2 6 1 26 3 34 2 1 3 1 10 2 2 1 3 1 2 1 1 8 2 1 3 5 3 3 1 3 13 1 2 6 15 3 1 2 7 2 4 4 2 10 1 4 3 2 2 1 1 4 2 2 2 2 1 2 5 10 1 2 3 1 2 19 4 3 2 6 7 1 19 5 5 2 2 1 100 1 1 1 1 1 1 2 2 7 2 6 1 1 1 10 1 1 3 2 9 1 2 6 5 329 2 9 2 1 2 1 61 4 6 1 1 1 3 2 2 2 2 2 24 2 1
13 2 1 2 2 3 2 2 5 2 3 2 3 1 2 2 1 74 3 2 28 2 5 7 1 5 4 1 2 2 3 1 6 1 17 2 1 2 28 3 1 2 9 1 2 33 2 2 1 1 2 15 1 2 1 2 6 1 1 2 2 1 353 5 1 5 1 6 4 1 1 2 1 2 2 2 17 2 1 1 11 3 1 9 2 5 1 2 2 22 3 14 5 83 6 4 1 2 41 1 6 8 1 3 5 2 3 1 6 3 4 138 2 2 2 12 3 1 2 1 3 3 4 1 1 15 1 3 2 2 1 1 2 5 1 1 1 1 1 4 2 2 1 1 1 4 8 1 4 4 1 4 12 1 3 2 1 19 5 2 2 2 9 1 3 4 1 2 5 5 1 1 21 2 2 2 4 1 1 1 4 3 1 1 13 1 4 2 6 8 1 3 19 2 3 1 2 1 1 7
1 2 3 1 7 1 2 40 2 11 2 1 2 4 1 2 2 2 1 4 3 2 5 2 2 3 1 2 1 2 1 44 1 18 5 1 2 6 2 2 2 9 1 1 37 1 1 2 2 1 15 11 8 1 1 1 23 1 2 2 2 4 1 2 1 13 15 12 82 1 1 1 2 2 2 6 2 15 2 7 1 6 1 26 3 2 3 1 1 3 4 1 2 1 300 6 3 6 2 2 1 1 2 3 8 3 2 2 1 2 2 41 2 2 2 1 2 1 2 5 3 5 178 2 2 44 2 5 19 2 2 5 2 2 3 2 2 2 4 1 7 5 5 3 74 4 1 3 4 1 1 3 21 2 7 3 1 4 1 432 4 1 3 14 3 29 1 2 2 1 5 1 4 1 2 1 2 1 7 1 2 3 1 9 1 89 4 104 4 2 2 2 1 4 1 1 1 3 6 2
7 42 19 10 7 1 2 2 1 2 1 2 1 7 10 1 5 2 27 1 3 1 1 2 1 4 1 2 1 3 2 3 1 1 1 2 3 26 1 3 2 2 4 12 1 1 2 5 2 1 2 12 2 4 3 2 3 4 3 2 5 1 3 2 4 2 4 1 4 1 1 2 2 9 2 2 3 1 1 1 2 1 2 2 3 6 3 3 2 1 1 1 3 29 2 2 12 3 15 30 4 3 1 1 1 16 3 2 2 1 22 6 3 1 1 1 1 2 1 1 3 2 1 2 35 1 2 2 2 2 2 1 15 1 1 1 3 2 1 1 2 1 1 2 34 6 2 2 1 3 5 2 4 1 4 1 2 15 2 4 3 1 4 2 1 1 1 2 1 2 3 1 2 4 5 3 1 7 2 2 1 5 1 1 1 1 7 1 7 1 3 3 9 2 28 1 71 1 3 1
1 1 1 2 189 5 4 1 2 2 15 16 2 1 6 2 1 4 3 1 2 11 2 1 2 1 14 1 1 32 4 2 1 39 2 1 2 2 2 3 2 2 1 2 4 4 4 1 1 10 1 4 2 4 6 2 1 3 1 1 2 2 1 14 1 1 1 7 3 6 2 2 6 1 1 103 2 1 1 2 1 2 3 3 1 3 2 1 2 1 23 3 2 2 3 1 1 2 1 2 3 3 1 2 2 1 9 16 1 3 2 14 1 1 6 1 3 1 2 1 6 1 2 1 1 3 2 1 3 2 32 9 2 51 2 1 3 1 1 1 42 1 3 3 2 5 1 4 13 1 1 63 1 2 1 2 3 2 1 4 2 2 1 2 1 3 3 2 2 1 3 2 1 3 2 1 2 1 2 1 1 3 1 2 2 1 2 3 6 1 1 5 2 1 1 3 4 4 13 3
1 1 3 2 11 3 5 2 2 1 7 3 1 2 2 1 1 2 1 1 1 3 1 3 2 1 2 2 2 1 1 1 1 2 2 1 357 1 4 4 3 80 7 1 3 113 4 1 2 61 5 1 5 20 16 4 5 2 1 5 3 1 1 7 1 2 1 1 9 1 1 2 2 10 1 1 1 2 9 2 2 2 2 1 2 4 1 1 5 2 1 2 2 3 3 1 2 1 18 2 1 6 26 2 3 3 5 2 60 1 2 9 1 6 2 4 12 47 2 11 2 9 1 2 8 2 3 2 2 5 1 1 27 2 1 1 1 1 1 4 1 1 1 1 2 3 1 1 1 1 2 2 1 310 2 1 2 1 1 2 6 1 1 3 12 7 11 1 2 21 5 85 28 1 4 1 7 7 5 10 3 3 3 3 1 6 2 2 1 3 2 1 1 4 43 2 5 8 1 1
2 4 1 1 4 2 5 28 3 1 1 4 3 7 2 56 1 12 17 3 1 1 3 2 2 2 2 1 4 1 2 2 7 2 8 1 1 1 7 3 8 3 3 11 2 1 2 1 4 2 2 1 2 4 1 5 2 2 1 9 2 3 5 1 2 1 1 1 1 2 8 3 2 1 5 3 1 51 1 1 1 2 6 3 2 1 2 2 2 18 2 1 2 3 3 3 2 2 30 1 2 2 2 2 2 2 1 1 3 1 1 1 26 2 2 1 4 1 2 8 2 2 4 169 1 6 1 12 4 5 1 4 3 2 1 1 5 2 1 7 43 1 2 1 2 1 4 7 2 1 1 2 6 4 1 2 1 2 1 4 2 1 1 1 3 2 7 1 1 2 2 1 2 2 1 2 2 1 5 7 2 2 2 1 2 1 5 1 12 22 36 3 2 5 1 4 2 1 2 2
3 3 1 2 16 2 3 14 12 1 3 6 1 1 1 1 2 13 1 5 1 3 1 1 14 1 2 1 1 1 1 1 3 2 2 3 1 7 7 47 2 1 1 5 1 1 1 8 2 2 12 3 2 8 1 1 4 1 2 5 1 1 1 4 1 1 2 8 2 15 1 2 5 2 2 1 1 20 2 1 5 1 1 3 5 1 1 1 2 1 5 6 4 1 2 1 2 1 2 1 10 2 2 5 3 2 1 1 5 3 1 1 8 11 5 1 9 3 3 2 4 13 2 7 3 1 1 2 7 3 8 3 2 1 1 4 1 1 1 2 5 1 1 4 3 6 158 2 2 1 1 6 2 1 1 3 4 1 2 2 4 162 3 1 7 1 51 2 3 7 2 7 2 1 30 2 1 1 4 1 3 2 3 1 3 2 6 2 2 1 4 3 2 1 1 2 2 1 2 1
1 1 2 1 1 3 1 2 8 1 2 1 6 3 13 5 2 11 3 1 17 1 1 1 2 1 1 1 4 1 1 6 2 1 1 1 21 4 2 10 67 2 2 1 2 69 3 2 3 1 3 2 1 3 2 3 1 1 4 1 2 5 3 6 2 2 3 7 1 3 13 1 1 1 153 1 1 9 4 3 1 2 2 2 5 3 12 2 3 4 6 2 2 1 1 4 1 2 3 6 4 4 4 9 4 3 6 2 1 3 2 2 1 1 1 1 3 2 3 2 1 3 2 1 1 4 1 1 2 4 2 5 11 2 1 2 2 1 2 1 3 5 2 2 1 2 2 2 6 9 6 1 1 1 2 1 2 1 1 2 3 2 10 1 58 6 1 1 1 2 7 15 2 1 4 4 1 4 3 2 1 2 1 2 2 1 2 2 3 2 9 2 1 1 8 2 1 3 1 1
2 1 2 2 31 470 29 4 2 2 3 1 5 1 1 2 3 2 1 4 1 1 1 2 1 2 2 1 3 4 2 1 2 20 2 32 2 1 2 4 6 1 9 1 2 1 1 1 16 3 1 3 2 2 2 6 74 11 76 2 17 1 1 3 1 1 1 1 7 3 2 2 7 1 2 1 5 3 1 9 3 1 2 1 2 7 9 3 2 1 1 7 2 2 2 2 1 5 1 4 3 1 1 1 3 5 2 7 2 2 3 2 3 1 1 3 1 4 4 1 2 6 2 3 6 2 1 2 1 1 4 2 5 6 5 6 2 5 2 2 1 46 3 1 1 3 3 2 2 1 1 1 1 1 3 1 8 1 2 1 8 4 3 2 1 4 2 1 1 1 3 14 1 1 2 1 1 2 12 8 2 9 2 1 2 2 1 2 3 3 12 6 30 2 1 1 1 3 2 3
2 8 4 2 1 8 12 2 2 1 2 4 3 1 2 1 6 3 3 2 4 5 1 1 1 3 1 9 5 12 1 1 2 7 34 6 2 1 1 2 3 3 4 3 6 3 1 2 6 5 4 2 4 2 5 3 1 1 1 2 9 3 1 23 2 21 1 1 1 11 19 14 2 2 1 1 2 1 1 2 1 2 2 1 8 3 1 1 3 1 6 2 2 3 21 1 1 1 4 4 1 2 1 1 1 2 2 28 1 2 6 1 1 31 22 1 2 12 1 3 2 2 1 1 14 2 2 9 1 3 1 2 3 1 5 4 3 1 1 4 1 1 223 1 1 1 2 3 5 1 5 5 4 2 24 1 2 188 10 1 3 1 2 1 2 2 1 3 2 1 10 1 4 6 1 2 1 1 1 4 2 2 3 1 5 3 1 6 2 9 1 24 1 2 2 1 1 3 4 2
2 2 2 5 2 2 1 5 7 2 50 1 2 4 2 1 14 2 42 2 5 3 2 2 1 1 2 1 1 5 1 3 1 1 214 31 2 2 1 1 2 1 9 22 2 6 2 18 2 1 2 1 1 2 3 1 1 10 4 1 1 3 1 3 1 2 2 8 4 11 1 1 6 13 2 2 6 2 2 11 1 1 3 1 13 10 2 4 13 1 3 2 3 3 1 1 1 2 2 2 2 2 1 11 3 1 2 5 7 2 1 1 3 2 1 1 1 2 6 5 1 4 1 9 1 4 4 9 3 13 1 2 2 5 2 1 18 1 2 1 2 2 3 2 2 1 2 19 1 4 1 1 1 2 7 6 3 8 2 1 2 2 2 1 5 3 3 2 1 1 1 2 1 2 1 2 1 1 40 3 1 2 6 2 5 7 1 3 2 1 5 1 2 4 1 1 1 1 1 6
1 2 1 9 3 2 1 2 1 30 3 1 2 1 8 1 1 7 1 10 1 1 1 7 1 2 1 1 3 1 16 3 3 3 1 5 1 3 1 4 26 1 3 2 1 3 5 3 4 4 1 2 4 1 2 5 3 2 20 1 1 1 5 2 47 2 2 2 5 3 2 2 1 3 2 2 1 5 2 4 1 13 1 4 310 22 2 1 3 1 1 2 1 6 1 25 3 2 1 3 2 5 3 4 1 1 1 2 3 4 4 4 3 1 2 1 1 2 2 2 28 2 2 1 2 7 2 3 3 4 9 3 1 1 2 4 4 1 1 2 1 1 8 4 1 2 1 3 2 1 1 1 1 2 11 2 2 2 1 2 57 1 1 2 1 1 1 3 4 1 2 9 1 1 1 2 2 2 4 1 1 2 1 2 1 3 6 7 2 2 1 2 5 2 1 29 4 2 4 1
19 1 2 1 1 3 1 4 3 1 2 1 6 3 1 3 7 2 1 22 1 9 1 1 17 1 3 2 4 1 2 2 1 2 2 2 2 3 1 4 1 1 23 1 46 12 2 1 2 6 1 1 1 1 2 7 3 1 2 4 2 1 16 1 2 3 1 2 1 1 26 1 1 1 3 1 1 3 1 1 3 33 1 2 3 3 1 1 1 1 7 2 6 2 3 1 1 1 3 1 4 2 5 18 3 7 2 2 20 7 12 22 2 1 3 1 2 3 197 9 4 1 2 1 3 4 2 5 15 1 1 1 2 1 7 2 29 2 6 2 4 21 2 7 4 1 5 2 2 2 1 1 1 4 12 1 19 2 2 3 2 2 2 131 31 1 3 1 1 2 12 2 3 1 2 1 1 12 1 2 4 2 2 1 8 3 2 2 2 1 2 2 2 2 3 2 1 1 1 2
2 10 12 2 4 2 12 8 3 1 1 3 14 4 9 2 3 2 19 13 1 1 62 1 7 2 3 2 1 1 8 1 2 2 2 2 2 3 4 2 2 1 3 2 6 2 2 10 1 1 5 1 3 1 3 1 1 1 3 3 4 4 1 10 1 2 2 3 1 7 2 4 2 1 1 1 9 11 304 2 1 6 2 2 2 1 2 2 1 1 1 3 2 6 2 2 2 2 1 14 3 1 1 1 1 2 1 1 5 1 3 2 7 2 2 18 2 1 2 2 19 6 35 2 3 51 1 3 2 1 47 2 2 4 2 2 5 3 1 1 1 5 2 1 2 1 157 2 2 1 4 1 1 1 4 1 28 1 1 1 2 4 1 2 1 9 5 9 19 3 2 1 1 13 7 1 1 100 2 3 2 2 1 2 18 4 2 2 1 1 1 3 2 1 2 2 2 2 10 3
1 1 4 121 3 2 1 12 7 6 29 2 2 2 2 1 25 8 3 2 1 1 2 1 1 31 72 1 2 2 1 5 5 2 3 1 8 2 3 7 2 11 2 2 1 1 1 4 1 1 3 18 15 1 2 6 11 2 1 1 40 1 1 3 2 3 1 2 2 3 4 1 1 2 1 2 4 2 1 1 1 2 2 21 1 2 2 7 2 1 1 13 1 1 4 1 1 1 6 7 2 11 2 2 2 1 15 13 2 1 4 1 2 1 1 7 1 1 1 2 1 1 58 25 2 10 2 3 2 4 1 2 6 4 1 11 1 1 1 2 2 1 7 1 1 1 2 2 9 2 3 1 2 6 2 3 1 1 2 2 4 3 3 4 7 1 2 6 6 2 7 1 2 1 1 2 4 3 2 6 2 2 1 1 2 1 1 2 10 3 2 2 3 3 2 1 1 2 9 2
2 72 2 2 4 2 14 4 3 1 1 1 2 2 1 2 1 4 1 30 2 2 2 3 2 2 2 1 3 3 11 1 1 1 1 2 1 13 3 2 32 1 2 3 1 2 2 4 31 1 2 1 2 107 2 3 25 5 275 2 3 7 1 2 3 3 7 1 29 1 2 35 1 6 4 5 2 4 6 2 1 1 1 2 3 1 2 34 1 3 2 1 2 1 2 4 3 3 6 5 4 5 6 11 3 9 3 2 2 4 35 3 1 1 1 1 8 2 1 1 1 7 3 2 27 12 2 2 7 1 2 2 1 112 9 2 1 2 1 20 2 1 2 10 2 1 2 1 4 5 1 9 4 1 1 3 4 2 38 2 2 4 37 1 2 2 1 4 2 1 3 1 1 1 1 4 6 9 1 1 26 4 4 5 1 2 6 2 2 1 4 9 3 13 2 1 1 3 6 4
4 2 2 9 1 3 17 5 5 2 4 5 2 1 31 3 1 4 1 2 1 1 3 2 2 1 3 4 2 6 2 2 4 2 1 7 3 18 3 3 1 1 3 1 1 4 1 138 2 2 1 2 2 2 4 5 3 2 1 1 3 5 1 2 6 1 9 1 5 2 7 1 1 2 2 17 2 1 5 5 11 4 1 4 1 38 5 1 3 8 1 1 1 1 20 1 1 1 2 3 1 13 1 4 1 4 3 1 1 1 13 1 3 1 2 3 5 3 5 1 5 2 4 1 17 2 5 5 1 3 16 1 3 92 1 2 2 2 2 8 2 2 3 2 1 1 1 2 2 2 4 4 1 1 2 3 1 4 1 2 1 4 27 2 2 4 2 5 2 44 2 3 1 2 2 2 3 1 2 2 3 1 1 1 4 3 2 2 1 3 3 1 2 6 3 1 37 4 24 6
1 1 3 2 4 2 5 2 4 1 3 5 7 2 1 4 2 1 3 1 2 3 4 6 11 2 1 2 1 6 3 2 11 4 3 5 3 3 1 2 1 1 2 1 1 2 4 2 2 1 1 1 1 2 3 2 1 10 2 1 2 1 1 1 2 2 5 3 2 2 2 1 2 1 2 2 35 1 3 2 6 2 1 1 2 2 2 5 1 1 1 1 1 9 1 1 1 12 1 11 1 1 1 1 1 1 1 9 1 1 2 5 3 2 10 2 3 2 2 2 1 2 1 2 2 1 5 3 1 1 1 1 2 5 48 1 2 3 3 4 4 2 6 1 1 1 1 3 5 1 57 1 2 2 1 5 8 3 2 5 10 2 2 2 2 1 2 1 1 17 2 1 1 44 2 3 2 2 2 1 1 5 1 4 1 406 34 1 2 9 2 2 1 1 4 1 1 1 2 2
20 22 1 184 11 2 1 2 11 1 3 1 1 1 3 1 1 12 1 2 5 1 1 4 2 4 6 1 15 5 196 2 7 1 1 2 3 4 15 1 11 1 1 3 2 2 3 1 5 2 1 34 8 2 5 1 3 1 3 1 1 1 1 7 1 1 2 4 4 1 1 2 1 1 1 1 3 1 20 1 1 2 3 5 2 2 1 2 1 2 3 2 2 2 2 1 3 1 16 4 10 1 1 1 1 1 2 3 2 12 1 10 2 4 11 5 1 2 2 1 1 1 33 2 1 2 21 3 1 1 59 4 7 2 1 3 2 1 3 6 2 2 1 1 2 2 3 1 2 8 4 2 2 2 2 10 1 13 2 2 7 1 1 3 5 7 2 2 1 2 1 4 2 1 1 2 2 3 1 18 1 1 2 2 2 3 1 4 4 2 19 8 1 2 2 4 1 6 2 3
1 2 12 1 1 4 8 1 1 5 6 1 1 1 2 2 1 2 5 8 4 2 1 29 1 1 13 1 2 1 1 5 1 3 14 2 243 2 5 3 1 39 2 1 1 1 1 2 2 65 14 3 1 2 3 15 2 7 1 2 1 1 1 16 1 2 5 2 20 3 57 1 3 3 4 1 2 1 3 1 5 2 1 2 1 57 4 4 6 17 3 4 4 2 1 1 8 3 1 2 3 2 1 14 1 4 1 2 3 1 1 1 3 1 2 20 1 2 1 5 2 2 5 39 4 2 2 1 1 88 1 2 435 1 5 10 1 1 3 2 1 1 16 3 1 277 2 1 16 2 2 2 18 2 5 7 2 3 1 3 4 2 1 1 4 2 158 1 1 1 13 2 1 2 1 3 1 2 2 1 6 2 1 9 3 3 4 1 3 2 4 1 9 6 13 10 1 3 1 1
2 2 6 1 1 4 3 1 1 2 2 7 1 4 1 1 2 1 1 2 2 2 2 2 2 3 1 1 1 3 1 1 1 11 1 2 7 1 3 17 2 1 1 3 8 1 2 2 1 1 3 1 1 3 3 2 1 3 3 9 3 1 1 9 3 2 1 1 2 1 1 2 75 8 2 3 2 2 7 2 3 1 1 1 2 1 10 5 2 3 2 2 1 18 1 8 1 2 1 2 18 1 3 5 2 1 1 2 2 3 4 5 18 1 2 1 1 4 1 2 8 2 2 1 1 1 2 1 1 1 2 1 3 1 1 2 2 2 3 1 1 8 3 2 2 11 2 5 75 2 2 1 15 3 1 2 45 11 2 2 1 5 4 2 2 3 2 5 1 2 2 1 1 1 18 2 2 6 10 2 4 1 2 8 5 19 1 2 3 1 2 5 1 1 1 1 8 2 2 2
3 2 2 7 2 1 1 5 2 8 1 2 1 1 20 5 8 2 2 3 1 3 13 5 3 1 2 2 3 1 4 13 1 2 8 4 11 1 1 2 2 2 2 1 1 4 2 1 6 1 3 30 2 3 2 2 3 9 1 5 6 3 1 2 5 8 18 2 1 4 2 2 5 1 1 1 1 1 1 74 7 8 4 53 54 7 1 3 1 3 1 120 37 19 7 2 3 2 3 1 5 4 1 2 1 2 3 121 5 3 6 1 3 6 1 2 1 14 2 1 7 2 1 3 7 1 1 23 9 2 2 2 22 2 2 2 1 2 15 2 2 2 1 3 1 18 1 4 2 3 1 1 2 5 5 1 4 2 2 1 2 5 1 1 1 5 2 2 1 1 1 8 3 1 2 2 2 100 1 3 3 15 2 6 2 5 1 3 2 2 6 1 7 3 3 4 5 1 2 1
1 2 1 1 2 2 1 1 2 1 1 2 2 2 1 4 2 2 7 13 3 1 6 1 1 1 1 6 2 1 1 10 2 19 7 17 1 5 1 2 1 2 2 2 1 5 1 3 2 1 37 1 1 1 1 2 2 1 2 1 1 3 2 2 6 3 2 1 2 2 4 3 3 1 2 5 4 3 2 1 1 2 6 1 3 1 3 42 1 2 2 9 4 1 11 2 42 2 2 7 1 6 8 1 92 1 2 2 1 2 2 1 2 21 2 11 1 19 1 6 3 2 3 2 3 2 1 1 3 1 2 1 1 1 1 1 7 2 1 3 3 14 3 5 1 11 6 1 3 1 3 1 2 7 4 5 3 1 2 1 1 1 2 75 9 1 16 2 2 1 1 9 4 5 3 2 4 2 2 7 6 3 1 1 1 1 2 81 4 3 2 3 3 17 2 2 20 1 1 1
16 18 3 1 2 5 7 1 4 16 1 2 1 1 9 3 3 3 1 1 29 3 3 1 10 1 2 1 13 2 1 2 1 2 2 13 1 1 2 4 4 1 4 1 2 1 8 4 1 1 1 1 2 1 19 3 3 2 4 1 7 1 1 2 13 11 70 2 1 1 2 1 2 1 2 33 1 2 1 123 4 4 4 4 1 1 6 1 1 2 3 2 4 1 1 2 2 1 5 2 3 1 2 10 1 1 5 4 5 1 8 2 2 2 24 2 2 8 4 2 1 4 3 7 1 1 2 5 3 1 12 5 2 2 2 6 1 1 6 3 9 2 2 2 3 2 2 1 1 3 1 1 6 8 6 10 37 7 6 2 2 1 3 1 3 6 2 5 2 3 7 3 1 2 1 2 3 5 2 9 2 1 3 2 1 1 5 3 1 27 1 1 1 7 1 1 10 2 2 2
1 1 1 2 1 2 7 302 43 5 6 1 1 2 3 10 3 2 2 2 2 4 1 2 2 5 3 2 1 3 6 2 7 7 1 3 1 1 2 1 1 4 1 1 2 3 2 1 1 3 1 5 2 31 2 1 2 1 5 75 1 2 6 2 1 1 6 2 8 2 1 1 1 1 4 3 7 8 1 3 1 1 2 6 1 2 2 2 2 1 2 21 2 1 1 2 1 5 2 1 1 12 1 8 2 2 2 1 3 14 2 50 3 1 1 8 2 2 1 1 2 2 2 2 5 4 1 1 6 4 4 1 6 9 5 4 1 3 1 2 1 2 1 2 1 4 1 4 1 2 9 2 1 1 2 2 2 4 7 3 1 2 1 1 12 1 1 13 16 1 3 5 1 1 1 1 1 5 12 1 1 1 1 6 2 3 3 1 1 2 2 5 5 1 1 2 1 2 1 1
3 4 2 2 2 3 1 2 2 5 3 1 2 33 4 6 3 14 8 1 1 31 4 2 2 6 1 6 4 38 18 3 13 4 1 2 16 1 1 1 20 6 8 4 8 2 4 5 1 11 2 2 1 8 6 1 11 1 2 2 1 1 1 1 1 94 1 2 12 1 4 2 2 5 7 1 2 3 1 11 1 3 2 4 1 4 1 14 3 7 2 6 2 3 4 1 4 2 1 1 1 1 10 2 3 3 3 1 12 43 2 14 2 1 4 2 2 94 4 4 2 1 1 1 53 3 1 2 1 1 6 3 28 12 6 2 2 2 1 2 2 2 10 5 1 1 1 1 2 2 1 2 2 24 2 1 1 2 18 2 2 1 12 2 1 3 1 1 2 1 1 4 1 1 1 2 1 31 15 1 2 2 2 18 55 5 10 1 1 1 1 2 1 2 33 1 1 1 9 1
2 7 9 5 1 2 3 2 2 2 1 1 18 17 3 1 2 1 1 1 3 8 7 1 1 3 2 2 2 13 16 3 1 1 3 2 7 3 2 10 2 4 1 9 9 2 3 2 2 1 1 1 6 1 1 38 1 3 2 2 1 1 3 2 1 1 1 1 4 11 2 2 2 6 1 2 70 2 2 4 4 1 2 1 1 1 1 14 3 2 5 15 6 1 1 1 1 1 6 2 14 2 5 8 1 311 21 1 2 5 9 1 14 9 18 5 4 2 20 1 5 1 2 1 7 1 2 1 4 8 1 2 7 2 2 1 1 3 2 2 29 2 8 27 3 2 2 2 1 1 2 3 9 4 27 2 1 2 43 2 1 1 1 1 1 13 2 2 8 1 1 1 3 1 2 8 1 3 3 1 1 2 13 6 3 2 1 2 3 1 9 1 3 3 4 6 7 1 3 8
1 1 2 3 1 28 1 7 5 6 2 1 2 4 1 1 2 5 1 6 1 2 1 2 69 3 2 1 1 2 5 9 1 1 2 30 10 2 1 17 17 3 6 30 11 2 1 1 2 2 2 1 19 6 17 6 3 2 3 2 6 5 2 2 7 1 1 2 17 1 1 1 2 1 1 3 1 84 4 2 1 2 9 31 1 2 1 1 2 1 1 73 5 4 1 7 47 12 2 29 2 1 2 2 1 1 2 2 4 1 2 4 7 3 38 2 8 3 1 3 1 1 2 2 1 2 16 1 1 2 10 7 3 1 12 1 1 3 7 2 6 3 6 3 3 2 2 2 4 2 1 3 1 1 2 4 1 3 4 4 4 2 1 25 14 3 1 2 1 1 2 2 3 1 2 3 1 1 2 1 17 5 2 2 9 2 4 8 2 1 2 11 1 1 117 1 2 4 1 2
5 1 1 1 1 2 14 1 1 2 4 4 4 3 1 1 1 1 1 5 1 22 2 1 1 12 4 2 38 7 17 1 1 2 3 13 1 1 3 2 2 4 2 11 12 5 1 2 2 4 1 2 1 1 1 1 4 9 13 1 2 6 4 2 2 22 6 1 1 1 1 2 2 1 20 2 12 1 11 18 1 1 1 2 8 4 1 1 3 3 5 1 5 22 1 2 1 9 2 2 3 12 3 5 2 5 3 3 30 3 4 4 5 2 1 1 1 3 11 4 1 5 1 10 1 1 2 3 1 1 1 2 1 1 11 8 2 2 1 13 1 1 3 2 4 1 2 6 2 1 3 1 1 1 1 3 1 2 10 1 1 1 8 1 3 1 1 1 1 1 1 4 1 1 1 1 4 3 2 3 1 1 5 7 2 1 5 6 22 3 4 15 2 2 1 1 2 1 4 37
1 4 1 1 1 5 1 2 5 4 1 3 2 1 1 1 1 11 1 1 1 6 1 1 1 177 2 5 54 2 2 13 2 1 10 2 3 5 2 2 12 4 1 4 1 1 2 3 1 2 2 2 36 1 1 3 2 19 1 11 3 1 4 88 2 1 1 1 10 1 5 2 2 51 1 5 3 3 1 31 1 1 4 2 2 1 2 1 11 8 1 19 7 2 2 2 2 1 2 1 2 2 4 2 1 1 1 12 2 10 7 5 1 2 7 2 1 2 3 4 2 3 2 2 31 2 7 1 1 2 1 5 2 3 5 1 4 1 5 1 2 1 4 3 1 1 2 2 1 1 1 4 2 2 32 265 2 1 1 2 5 1 6 2 4 1 1 3 3 2 55 12 3 3 2 2 2 3 1 1 1 3 1 26 2 1 2 1 3 2 1 1 1 5 2 1 1 7 2 1
1 2 2 1 1 2 43 3 2 2 2 1 11 2 1 13 4 2 1 1 1 3 2 4 1 1 1 1 10 1 2 1 3 15 1 2 17 5 2 1 14 3 9 1 2 5 2 3 2 6 1 21 1 1 1 1 28 2 2 2 1 4 1 2 2 1 1 1 4 4 3 3 1 2 3 1 30 1 14 1 1 44 2 2 11 1 1 1 2 2 2 2 4 1 2 1 3 1 4 3 1 1 14 1 2 6 9 18 4 2 25 1 2 5 1 2 2 4 1 2 1 10 2 1 1 2 1 3 16 3 1 2 1 4 1 1 1 1 5 1 2 3 4 2 1 2 1 1 2 1 3 2 10 2 1 5 3 1 1 2 2 1 4 2 22 1 1 2 5 3 13 1 3 5 5 4 1 1 4 1 1 4 1 1 1 1 4 7 5 3 1 5 1 3 3 2 5 38 1 2
1 2 1 1 2 2 1 5 1 1 3 2 4 3 8 1 9 1 2 1 3 4 1 23 4 2 117 5 1 2 1 2 3 1 2 22 3 16 1 3 4 1 1 1 1 1 2 2 2 1 1 1 1 1 8 4 6 5 3 1 1 18 12 2 3 3 1 1 2 7 1 2 3 1 1 9 4 2 24 1 2 12 2 1 2 2 2 1 1 11 1 1 1 5 5 2 2 2 1 2 17 3 5 10 2 71 2 3 1 29 1 6 140 5 2 2 3 1 1 1 2 1 3 1 3 1 19 1 2 4 3 2 2 1 1 3 1 1 1 8 5 2 6 2 2 5 2 16 2 14 1 2 3 3 2 8 1 2 2 3 2 21 4 2 2 2 2 3 1 2 8 1 2 1 19 14 1 4 2 5 9 11 1 2 2 13 2 1 1 1 1 2 6 2 3 4 1 37 3 2
1 4 4 5 1 2 2 2 1 16 1 5 3 34 2 2 3 6 2 29 4 4 1 7 14 4 3 1 1 5 39 2 3 1 9 1 82 4 12 3 1 35 1 1 1 3 5 10 5 1 2 13 9 2 2 1 10 1 2 21 1 1 51 3 1 9 8 33 7 4 1 7 2 1 4 5 30 1 2 1 2 1 1 3 2 2 9 2 1 1 2 14 3 1 2 4 9 1 2 3 10 2 1 3 2 1 2 13 1 1 1 4 6 3 3 3 3 23 3 2 3 59 5 5 2 7 1 2 2 3 4 1 10 16 2 1 2 1 6 1 1 1 2 75 6 3 1 1 1 3 69 3 2 2 10 1 3 1 1 1 8 4 2 1 3 2 17 2 1 2 1 2 5 1 2 8 2 1 1 3 2 6 2 4 2 2 1 9 1 25 2 1 3 2 1 2 2 3 2 5
12 1 2 1 1 5 1 2 1 21 1 2 16 5 1 2 2 6 9 35 2 96 4 1 3 1 2 3 2 6 2 2 5 15 5 2 2 5 5 6 1 23 2 78 8 4 6 4 2 2 2 70 3 1 1 5 1 1 5 20 2 3 10 23 7 2 6 1 1 1 45 8 3 2 2 1 1 6 4 1 2 5 1 3 1 2 2 4 2 3 12 12 1 2 2 2 2 2 2 2 1 1 4 2 27 1 2 1 2 2 2 1 1 3 8 3 1 2 2 1 3 2 2 2 2 3 1 2 2 4 1 2 6 130 9 1 1 3 2 1 4 5 2 5 1 33 2 3 2 4 2 53 2 1 2 2 1 2 3 4 1 2 15 1 5 1 2 2 5 2 2 4 2 2 1 1 3 19 1 16 25 2 2 1 1 6 2 2 52 1 1 2 2 1 141 2 1 3 1 2
6 2 47 2 9 1 1 3 1 1 2 110 2 1 4 93 2 1 1 1 1 28 1 1 1 2 1 1 1 2 1 1 1 5 1 1 2 4 1 3 3 5 2 1 3 1 2 2 2 4 2 6 1 1 2 2 2 2 1 249 1 1 5 2 2 1 1 1 2 2 6 2 3 40 1 5 1 1 6 1 2 2 29 3 2 11 2 2 5 2 3 2 5 1 1 1 1 1 1 3 2 4 15 1 2 1 1 6 2 1 1 1 1 3 1 8 1 4 2 2 3 3 3 4 1 2 1 2 10 1 10 1 1 1 2 5 2 2 6 1 2 1 4 8 3 1 1 12 1 1 2 1 3 3 2 2 2 3 1 47 1 1 1 2 6 10 3 2 2 2 1 2 3 4 2 1 2 3 3 9 1 1 1 2 2 1 3 1 87 2 2 1 5 2 1 4 1 2 1 2
1 6 1 3 2 5 4 1 2 2 1 4 4 2 2 2 3 4 1 2 6 4 30 1 1 7 4 19 1 2 1 3 1 2 3 1 2 3 9 19 3 3 6 1 2 24 3 1 1 2 6 3 1 1 1 3 2 16 24 4 1 3 1 2 1 1 1 3 1 1 5 1 1 1 1 2 1 36 8 2 1 5 1 11 6 1 2 5 1 2 2 1 2 2 1 2 8 2 3 3 1 2 3 3 4 1 2 1 1 6 2 2 2 1 86 45 11 1 15 5 1 3 1 2 2 2 19 4 1 1 5 1 2 3 4 5 10 1 2 1 3 2 1 5 1 2 2 1 6 2 1 2 3 3 1 11 1 7 1 1 4 3 3 2 1 1 40 4 1 5 2 1 3 1 3 2 1 5 1 2 1 15 1 4 4 1 1 1 3 3 1 1 1 1 7 3 2 1 3 3
1 1 6 4 1 1 4 1 5 2 2 3 1 1 1 1 13 2 7 1 2 2 7 1 2 3 6 5 22 1 3 2 2 3 5 1 2 3 2 2 2 2 2 4 2 1 2 1 1 9 1 5 1 10 18 3 1 2 1 1 2 2 18 2 7 9 1 6 2 1 9 2 3 3 11 1 5 1 17 3 2 2 2 1 2 2 1 1 1 5 1 1 1 6 1 5 2 2 2 1 2 2 1 6 4 5 2 16 2 3 3 1 3 12 1 1 1 12 3 2 2 2 1 2 4 2 105 14 1 2 2 1 1 2 1 2 2 2 7 2 5 5 3 3 1 2 12 3 11 2 2 1 73 20 4 1 1 1 1 13 1 2 1 2 1 13 2 3 3 1 1 1 1 1 3 1 4 6 3 4 7 2 2 2 1 1 1 2 54 1 1 3 1 3 1 1 8 1 1 54
7 3 21 2 8 2 3 2 2 1 2 1 1 3 10 5 4 88 1 2 1 21 1 3 1 1 2 1 31 3 9 6 2 1 2 2 10 1 3 2 4 2 20 2 4 3 1 1 2 23 2 22 1 2 21 3 1 1 1 53 5 1 3 2 4 3 22 52 7 4 1 2 20 1 7 1 3 3 2 1 1 3 2 9 4 8 2 4 2 2 11 21 1 2 17 1 1 11 1 1 1 9 2 1 1 2 2 1 1 24 216 9 2 2 1 5 3 2 1 1 3 7 2 3 1 2 2 4 2 1 1 1 3 1 1 1 500 5 1 1 1 4 4 1 4 3 7 1 1 1 24 4 5 101 5 2 2 6 1 2 1 1 3 2 1 1 1 1 1 1 1 2 4 1 5 5 5 1 5 3 1 2 6 2 1 2 1 50 2 5 4 11 1 2 1 13 2 1 2 2
3 2 2 1 2 9 1 1 1 2 3 1 2 1 2 18 1 22 1 1 1 1 2 1 1 2 2 12 1 3 4 4 3 1 2 1 1 1 17 1 16 1 2 5 5 1 2 2 4 3 6 13 10 1 1 3 1 5 11 1 2 49 1 4 2 3 2 4 13 2 1 18 1 1 5 1 2 1 2 1 2 1 6 2 14 2 6 2 2 1 4 7 8 31 3 1 1 7 4 6 1 22 2 6 2 1 1 8 1 2 1 1 33 2 3 17 1 45 2 2 1 2 2 1 2 1 6 6 1 2 2 1 18 1 2 1 1 2 9 18 4 2 9 1 6 7 2 1 1 1 3 1 1 2 7 4 7 1 7 15 2 4 1 2 2 2 2 7 9 6 9 2 3 2 9 1 1 1 1 1 4 3 1 4 2 3 3 4 1 1 16 1 102 2 4 7 1 69 1 3
3 2 3 5 4 3 1 1 1 1 3 3 3 1 3 27 2 2 5 3 1 2 1 1 61 2 1 2 2 1 1 1 3 19 3 1 1 6 2 2 4 1 5 5 2 475 21 1 11 3 1 2 2 2 2 2 3 5 1 2 2 3 1 2 6 5 2 175 3 1 3 1 3 15 10 3 12 2 1 8 1 2 4 1 2 3 1 3 1 1 1 1 1 3 9 2 3 11 1 6 2 7 52 2 1 1 4 3 5 5 3 5 1 2 3 3 7 2 2 2 2 2 1 1 1 2 1 1 40 1 2 5 3 39 3 2 1 1 2 1 2 1 3 1 1 1 1 1 2 2 3 2 1 2 1 36 3 6 1 1 6 1 5 1 4 3 2 1 17 2 3 4 1 13 2 2 5 26 11 14 3 2 7 7 1 40 2 88 2 2 3 8 2 3 1 1 2 12 12 4
9 1 3 3 55 4 2 1 2 5 1 2 7 1 5 1 1 7 2 2 2 2 4 2 6 2 12 2 1 88 1 9 4 3 1 1 3 4 2 1 1 8 1 1 1 1 1 4 5 1 1 5 8 7 15 2 1 3 1 3 3 1 2 6 3 11 3 1 1 1 2 1 1 3 3 1 2 2 2 21 1 1 4 10 1 2 1 1 3 2 16 12 4 1 6 2 1 3 2 4 12 21 3 4 2 1 2 1 4 3 3 1 6 31 3 2 1 3 2 6 3 2 1 3 3 2 1 1 14 1 2 4 2 3 1 113 1 1 1 2 2 3 2 1 1 2 2 1 2 1 1 1 9 14 2 2 1 1 3 1 1 3 3 4 2 2 4 2 4 1 5 4 1 5 1 1 3 1 9 3 2 3 19 2 9 4 2 2 1 3 3 1 1 2 3 3 1 4 1 2
9 2 6 80 21 2 2 1 7 2 11 3 1 7 1 1 1 2 1 1 1 1 2 6 1 6 1 3 2 2 2 2 1 1 59 3 1 1 7 2 19 1 1 1 2 2 3 11 6 2 2 4 2 2 1 4 10 1 2 3 2 1 2 35 7 7 1 1 3 1 10 3 1 1 2 1 1 12 1 1 2 2 16 3 3 1 2 3 3 1 1 1 4 1 5 1 5 3 5 8 8 1 1 53 1 1 2 3 2 5 1 2 5 2 1 32 1 1 3 6 1 2 6 3 2 1 3 1 1 32 2 1 43 1 2 8 2 1 1 1 2 1 1 21 9 4 2 2 1 1 2 4 11 1 7 1 5 2 4 2 7 1 2 1 8 13 18 17 1 1 2 3 2 112 3 1 2 1 1 29 1 5 2 56 2 10 10 7 2 1 1 3 2 1 2 1 2 2 2 1
1 4 1 1 2 1 2 2 2 1 2 2 2 5 6 3 1 2 1 42 2 1 8 3 13 12 1 3 9 1 13 3 2 1 6 2 6 3 2 1 7 40 2 1 4 2 2 5 2 3 3 3 3 5 2 5 1 1 2 1 3 5 8 6 1 2 5 4 4 3 12 1 1 3 1 2 2 3 1 2 2 3 1 2 10 36 3 2 2 3 1 11 8 5 1 15 3 3 1 4 1 16 1 1 5 8 3 1 1 1 3 1 1 3 2 1 32 1 2 8 2 4 1 7 2 1 1 1 1 2 3 1 4 1 1 34 11 10 2 2 1 26 3 1 7 1 2 3 3 2 1 6 2 2 1 1 11 3 2 3 1 1 3 2 3 1 1 1 1 5 2 1 1 1 2 1 2 5 2 14 2 2 6 4 16 3 4 1 2 2 1 5 2 4 1 27 2 1 1 2
2 2 2 2 6 1 2 3 3 4 1 3 1 1 2 1 1 2 12 8 2 2 22 4 1 21 2 2 2 1 2 10 2 10 1 1 13 2 13 2 1 6 4 3 1 2 1 4 18 1 5 4 2 2 2 5 1 3 2 1 5 1 3 1 1 3 3 5 3 8 15 7 1 2 1 6 2 2 5 2 2 2 2 1 1 3 1 5 2 1 1 4 1 1 2 8 2 4 1 12 1 1 5 2 3 2 3 7 18 1 3 10 2 1 2 2 1 2 2 1 1 3 2 3 1 1 1 10 1 1 2 8 6 1 1 1 1 2 3 4 1 1 1 8 5 2 2 4 3 2 1 2 3 3 6 4 1 2 1 382 1 2 2 491 2 1 4 4 2 1 24 2 3 17 5 2 2 1 1 2 6 3 12 2 1 2 2 6 2 17 1 4 3 2 1 3 13 14 1 1
1 3 2 5 1 2 14 11 6 1 2 2 3 1 1 12 10 1 2 5 1 1 64 2 1 3 1 6 2 8 1 2 3 1 2 3 1 1 2 2 2 1 22 4 2 7 2 4 2 5 11 3 32 28 2 2 2 7 1 7 1 1 3 3 2 13 1 1 1 88 1 2 2 2 1 2 1 24 1 1 1 4 6 2 7 1 2 2 3 2 2 9 1 2 1 2 1 2 1 3 2 2 32 1 2 3 2 4 1 4 1 2 1 23 8 1 1 1 4 2 2 1 1 1 1 14 2 1 173 3 2 4 1 2 1 6 2 3 1 1 4 1 2 2 1 10 16 2 3 3 2 1 1 2 4 2 5 2 2 1 18 1 4 4 1 1 1 1 1 15 2 2 3 1 4 2 2 2 1 3 4 3 1 5 2 1 1 1 11 1 6 1 2 1 1 2 7 1 1 1
1 63 5 4 27 2 2 1 3 1 5 2 1 3 13 1 1 2 2 1 7 2 1 11 8 3 2 6 1 6 1 1 14 1 6 1 2 5 3 1 1 1 1 1 3 1 2 1 1 1 2 1 1 1 1 1 4 2 75 2 4 2 9 1 1 1 2 1 8 29 2 2 1 6 1 2 21 2 5 2 1 4 2 1 4 1 2 17 6 3 2 2 76 2 2 5 1 4 2 8 1 1 1 4 1 3 1 1 4 1 15 5 2 1 15 45 3 2 1 1 2 2 6 1 219 2 3 2 1 1 1 21 69 2 3 2 2 22 1 55 1 1 2 11 13 1 1 1 2 1 2 1 1 2 1 2 1 9 1 2 1 5 2 3 9 12 1 12 3 3 2 5 1 12 2 2 1 1 1 3 11 4 2 125 3 1 1 2 1 1 2 4 2 1 25 2 2 3 39 3
1 1 1 2 2 2 4 1 2 1 1 7 2 2 2 2 4 1 1 9 2 1 2 1 1 2 5 8 3 2 2 49 2 4 3 4 1 4 2 8 3 3 1 2 12 5 1 2 1 3 3 1 2 5 2 1 1 2 2 1 2 3 14 1 1 1 2 2 21 2 1 52 1 1 2 2 20 8 1 1 1 3 1 1 2 1 3 1 1 4 5 2 1 6 8 1 2 29 1 1 3 1 8 1 1 2 1 4 1 1 2 1 5 2 1 1 1 6 1 1 2 2 2 14 3 2 1 2 3 1 1 1 3 2 1 2 66 1 2 1 4 5 3 2 2 5 1 3 2 3 12 1 1 452 2 6 1 4 134 1 3 7 15 2 2 1 2 1 2 1 2 1 1 55 2 1 4 3 6 3 1 2 2 1 1 1 2 14 2 2 2 13 1 3 1 1 5 1 1 3
4 1 1 3 1 1 1 1 11 2 1 1 1 5 1 1 3 2 3 1 2 1 2 1 43 1 2 3 1 2 17 5 2 1 33 2 9 1 1 1 2 1 2 7 1 1 1 25 2 1 3 2 8 2 1 1 2 1 9 6 2 3 4 1 1 2 1 2 6 6 3 2 2 3 68 1 10 2 90 2 8 6 1 10 2 2 2 1 4 3 42 3 6 1 2 2 2 2 3 335 1 2 1 2 1 2 1 2 1 3 1 3 10 167 2 3 3 1 2 3 3 2 1 3 1 1 3 2 3 1 2 7 5 2 2 2 9 1 2 5 3 1 2 20 1 8 1 49 1 2 1 3 3 2 1 3 1 3 1 10 2 3 6 23 24 1 3 7 2 4 2 16 2 1 2 2 2 3 3 3 1 2 2 18 4 1 3 1 1 6 1 1 1 2 2 2 2 2 4 1
99 1 1 2 1 2 1 5 1 1 3 2 3 10 7 415 1 1 10 2 4 2 1 18 1 22 5 4 1 2 3 2 1 2 1 1 2 1 1 16 1 3 2 3 1 10 5 1 1 2 25 2 2 1 1 2 1 12 1 1 9 2 4 2 14 2 3 2 1 15 1 3 2 5 1 2 11 8 3 3 2 5 2 1 1 4 6 1 1 1 1 3 3 12 3 2 2 1 11 4 2 1 6 1 6 29 1 1 2 3 4 2 2 1 143 30 1 46 2 6 1 3 1 1 3 1 1 1 2 2 5 27 3 2 3 1 3 2 4 1 1 1 1 2 1 1 3 1 1 9 5 5 1 10 1 1 4 2 4 7 1 2 1 2 1 1 27 5 2 1 1 1 2 1 2 1 2 1 4 5 66 2 6 6 2 5 3 2 13 2 39 4 1 2 2 2 2 1 3 1
2 1 2 1 9 1 1 2 1 9 9 3 1 1 2 1 2 1 16 1 3 2 3 18 1 14 6 1 1 2 3 1 2 27 6 27 1 1 1 1 3 1 2 1 2 1 2 2 5 1 5 2 1 1 2 1 1 2 9 1 2 1 5 5 2 2 2 1 14 2 1 3 3 2 4 4 12 3 6 4 4 2 2 1 1 5 9 84 1 2 31 7 4 2 1 5 2 2 3 1 5 9 4 3 2 2 14 4 8 2 2 2 1 2 28 6 2 1 3 1 4 9 1 1 3 1 3 1 1 3 6 3 2 4 3 2 1 3 1 1 8 1 136 4 2 5 83 2 3 18 1 162 2 1 1 3 3 1 6 5 12 1 2 2 2 19 3 2 17 1 2 7 1 2 2 1 9 1 4 1 2 1 2 13 2 2 2 1 1 4 2 2 2 2 2 17 12 4 2 12
3 2 2 56 2 1 2 1 2 2 1 3 6 4 3 1 5 1 1 2 4 3 6 1 5 2 4 1 5 4 31 1 1 18 1 2 2 12 1 1 3 2 2 2 3 1 5 1 2 2 1 1 2 1 2 2 1 1 6 1 1 1 40 2 1 3 5 1 6 2 1 3 1 2 12 1 1 2 43 8 2 2 1 32 19 2 1 1 2 4 1 1 2 43 1 1 1 1 4 1 1 7 6 8 4 2 1 2 8 65 2 1 1 9 3 2 2 3 2 2 3 2 1 8 7 12 2 2 1 1 1 1 2 4 2 3 1 2 1 2 2 2 2 1 4 1 15 1 1 1 1 1 9 1 3 2 1 5 1 2 1 1 2 1 2 5 1 3 5 2 2 6 1 1 37 1 1 2 14 6 27 3 4 2 2 4 1 2 1 4 2 2 1 2 2 4 3 3 6 2
2 2 1 3 1 1 3 2 1 2 14 1 1 1 3 2 2 2 4 69 1 3 2 3 1 16 1 2 4 7 1 1 13 1 1 3 3 2 6 1 2 1 11 2 6 1 2 2 1 1 2 2 2 22 1 1 7 1 2 1 2 1 1 2 3 5 3 1 2 1 2 46 2 10 1 3 1 2 3 2 3 1 5 2 1 2 3 6 5 1 1 1 1 1 1 4 3 2 1 2 1 3 2 2 1 1 4 1 1 2 7 3 1 13 3 25 37 39 2 1 4 1 3 1 8 2 9 4 2 5 2 10 2 2 10 2 1 1 10 8 1 1 8 1 1 2 1 1 3 1 1 1 1 3 1 16 1 1 2 5 3 2 2 2 3 2 1 19 2 1 3 4 1 9 2 1 5 2 1 4 1 3 2 2 5 1 2 4 5 3 4 3 17 32 2 1 3 11 2 2
3 2 1 2 1 4 1 3 1 2 2 1 2 2 1 4 1 15 1 2 11 2 3 8 4 1 2 1 3 3 8 2 1 2 2 22 2 1 2 5 3 2 2 16 1 2 7 6 10 2 5 7 2 1 4 1 1 1 11 13 12 12 5 3 3 1 2 2 6 2 7 2 4 12 14 1 2 2 1 29 5 1 1 1 3 4 10 2 78 1 1 17 1 4 4 2 2 3 1 1 3 2 1 1 3 1 1 2 1 2 9 3 9 2 3 4 3 2 4 1 1 4 2 1 1 2 3 2 5 2 4 3 2 2 3 3 2 3 1 1 1 1 1 3 1 3 2 4 15 9 2 15 2 1 113 14 49 62 3 2 4 4 4 1 2 1 2 1 1 2 37 1 2 5 39 7 8 94 3 13 2 4 4 1 3 5 2 1 1 1 1 1 2 2 1 2 53 1 1 1
2 11 1 3 6 1 1 1 1 1 2 3 3 1 1 3 2 1 7 1 1 5 1 11 2 20 5 1 3 7 5 2 12 1 24 2 2 1 2 2 3 2 1 2 1 1 4 2 2 1 11 3 2 1 8 1 4 13 2 13 12 1 5 2 17 3 2 1 5 1 2 3 9 2 2 1 1 1 1 3 1 2 1 1 3 2 3 1 1 2 2 5 5 14 1 4 1 1 2 1 7 2 8 2 1 6 1 11 1 3 8 1 2 3 1 3 94 2 2 5 5 29 8 1 1 1 2 1 2 3 6 7 17 3 18 5 5 2 30 3 2 2 8 1 1 1 7 2 1 1 1 2 5 2 1 2 1 3 1 2 10 1 2 4 3 2 4 2 2 1 7 1 1 2 1 1 1 28 1 2 1 3 2 2 3 1 1 1 2 1 10 1 1 15 1 2 2 1 2 12
3 3 3 95 2 1 5 1 2 1 1 2 3 13 2 34 1 3 20 3 1 4 1 36 3 3 1 1 1 15 2 1 13 18 3 4 2 1 5 16 8 4 3 6 1 1 2 2 2 8 2 9 3 3 2 3 1 2 17 12 7 1 1 4 5 1 2 2 16 13 1 2 33 10 8 1 1 2 2 1 2 3 2 3 2 116 1 3 1 3 1 1 2 2 1 1 2 1 1 1 5 8 1 1 24 1 4 3 5 1 1 1 1 6 1 2 1 1 2 1 7 1 1 1 1 1 2 2 1 1 1 2 6 36 4 1 2 3 2 5 4 22 2 1 3 10 2 1 4 6 3 1 6 2 4 12 2 1 5 1 1 16 1 1 5 2 2 3 2 4 16 1 1 1 2 1 4 1 3 2 1 6 15 2 1 3 1 4 2 1 2 1 6 4 1 3 2 1 9 2
1 2 2 8 2 3 18 2 3 2 2 1 1 1 1 1 10 1 3 2 1 3 2 1 2 2 17 1 1 10 3 1 2 2 2 1 1 1 2 1 32 2 11 1 5 1 1 2 2 1 38 13 1 2 4 2 4 2 5 4 6 5 2 1 4 2 2 1 1 1 16 2 9 2 4 1 2 70 3 9 133 1 4 2 1 3 3 8 4 3 5 1 2 20 59 6 1 2 2 1 1 1 2 7 1 1 86 1 4 1 1 9 1 5 9 3 1 8 1 10 2 1 1 1 1 11 1 4 2 1 1 3 1 10 4 3 1 2 3 2 2 2 1 1 8 4 1 1 2 3 1 2 3 9 77 2 13 1 24 1 2 2 1 1 1 6 3 1 3 1 2 1 5 1 4 28 2 3 16 1 2 1 2 7 1 2 1 1 1 2 1 3 2 1 2 1 1 11 1 3
2 1 4 2 1 1 1 2 1 2 1 1 8 2 1 2 1 3 16 1 1 2 2 1 1 1 2 1 2 2 1 3 13 1 1 2 112 1 5 2 1 5 6 6 8 2 2 2 2 1 15 1 1 2 3 1 1 3 3 1 31 13 3 22 1 1 1 1 2 1 14 3 1 2 2 1 2 1 1 14 2 9 2 13 5 1 1 2 7 1 24 3 3 2 2 2 2 3 2 7 9 1 2 1 2 6 3 1 1 2 13 4 2 1 1 11 3 1 2 1 2 2 4 9 17 14 6 2 23 13 6 8 2 1 1 1 2 3 4 3 1 1 1 6 1 3 2 3 1 1 4 1 2 2 1 10 1 2 11 5 10 1 2 2 21 1 1 1 1 2 1 16 2 1 31 1 2 1 81 1 2 2 1 1 1 3 3 3 1 1 1 1 1 6 1 2 2 1 2 2
2 42 2 1 4 1 2 2 1 2 22 2 8 2 9 20 2 1 30 2 5 16 3 1 7 4 2 2 2 1 1 2 2 3 4 1 25 1 2 3 3 1 2 1 1 2 4 2 4 2 1 7 1 1 3 3 1 2 2 2 1 2 3 2 1 5 2 7 3 3 7 1 1 3 2 3 5 3 1 7 3 4 3 1 2 6 12 5 2 2 23 1 1 1 17 2 6 2 1 1 2 4 19 2 4 2 46 3 1 2 1 1 1 1 1 3 13 1 8 2 2 1 1 2 9 1 1 8 3 1 3 2 1 1 1 2 13 1 2 5 1 5 2 1 1 5 3 1 2 2 7 4 4 4 3 1 1 2 1 2 1 1 2 4 3 1 3 4 40 2 2 3 31 9 1 2 33 1 5 1 2 3 2 2 4 20 3 4 2 25 31 2 1 1 1 3 3 3 1 1
96 4 7 4 4 3 1 1 1 3 1 1 11 2 4 78 4 7 149 3 3 8 3 3 1 3 6 4 3 7 8 2 2 1 336 1 3 2 1 4 1 3 7 1 2 3 13 1 4 1 1 1 2 4 11 2 19 3 1 1 1 16 2 16 6 7 2 1 1 1 6 1 1 10 2 2 3 2 1 1 2 23 31 1 2 2 2 1 1 1 1 2 2 7 1 1 1 1 3 4 3 6 2 2 1 8 12 2 2 1 1 3 2 1 1 1 1 1 25 1 2 1 10 2 3 4 3 104 1 4 2 10 16 1 1 1 1 3 4 2 6 1 1 1 46 2 2 2 1 2 2 2 3 7 2 2 1 4 2 4 1 3 3 1 2 1 1 41 32 1 9 1 8 2 3 2 1 2 2 2 3 1 1 2 7 2 2 6 1 5 1 3 65 1 1 1 2 3 1 2
3 1 3 6 1 8 2 9 2 6 2 1 13 8 1 3 2 1 4 1 1 4 2 3 33 2 3 2 1 2 2 1 8 1 9 1 3 1 1 2 2 7 2 5 5 4 2 1 1 2 2 17 2 1 4 4 2 3 36 1 2 1 2 3 1 1 2 2 2 1 6 2 6 2 1 2 17 3 1 1 1 3 5 1 3 2 27 1 2 10 3 1 2 2 3 1 2 2 2 1 1 17 2 2 1 1 2 2 4 4 4 3 2 3 2 5 1 1 1 2 2 1 1 1 2 2 7 3 6 1 3 1 1 1 1 6 5 4 1 2 4 1 1 3 5 1 7 6 8 2 1 1 1 2 20 3 7 1 1 2 1 8 1 3 3 2 3 2 40 1 2 1 2 24 2 23 3 2 6 2 1 9 3 1 3 1 11 2 38 36 2 3 2 2 1 3 3 1 8 1
2 2 9 2 4 1 1 7 3 1 17 5 1 4 5 1 2 1 20 2 1 3 13 2 3 3 3 1 2 12 8 8 1 3 2 7 1 1 2 1 39 23 2 2 1 2 2 2 1 1 6 1 2 1 2 2 5 1 6 2 10 1 1 2 20 6 2 3 2 1 2 4 2 5 1 2 4 1 2 58 1 4 1 3 1 1 2 9 2 2 2 2 1 1 1 1 1 3 5 29 1 1 2 6 1 18 2 1 2 3 1 1 2 1 1 3 46 3 4 2 5 1 4 9 2 2 6 4 1 1 7 5 4 1 1 2 3 1 2 2 3 1 17 3 1 8 1 1 1 15 2 3 3 1 1 2 1 1 2 94 1 2 5 3 3 3 5 3 1 1 7 1 1 1 5 19 2 5 2 1 8 2 8 6 1 9 4 2 1 3 7 2 1 55 2 2 2 4 7 2
1 6 2 1 3 1 1 4 1 2 3 19 2 9 2 11 5 1 6 1 3 1 1 5 3 4 2 2 6 2 1 4 6 2 2 3 2 1 1 9 10 4 4 7 2 28 3 1 3 1 2 4 2 2 1 2 6 1 4 2 1 1 11 2 2 2 7 16 2 23 1 2 6 2 1 2 3 6 1 1 3 1 6 1 7 1 62 1 66 8 1 1 8 3 2 3 2 28 1 19 1 4 1 1 1 3 2 2 1 5 1 3 1 3 6 1 1 1 15 3 149 3 1 2 8 8 5 2 2 1 1 4 1 1 2 3 1 1 4 7 5 2 1 1 31 1 2 4 2 2 4 4 2 6 3 2 18 2 2 7 20 10 1 36 2 1 2 6 1 5 4 53 2 2 3 97 2 1 1 2 2 2 1 1 3 2 1 3 12 1 4 7 1 2 3 380 5 1 1 3
3 3 2 1 1 4 2 4 1 2 1 3 1 3 1 6 1 4 16 5 4 3 3 1 4 1 2 1 2 6 189 234 2 1 3 2 5 6 1 1 5 6 5 1 3 1 2 1 2 1 2 2 1 3 9 4 2 1 3 3 1 1 1 7 1 2 5 2 1 5 1 3 3 1 2 1 2 5 5 7 2 1 2 4 11 4 6 2 1 1 3 3 2 1 21 1 2 1 3 6 2 2 2 2 2 4 1 1 2 1 2 5 1 3 73 6 2 2 1 2 3 2 2 1 3 16 1 2 1 1 1 8 1 4 1 1 1 2 3 2 5 1 1 3 41 2 3 1 4 1 1 3 47 9 1 6 4 1 2 7 2 2 2 3 2 2 18 4 1 1 2 2 2 2 2 5 4 2 1 2 1 1 2 2 1 2 1 1 11 8 3 1 4 1 1 2 3 1 4 3
1 1 1 12 2 2 2 1 1 2 1 4 2 2 1 2 6 62 1 2 4 1 1 1 3 18 2 98 2 2 2 2 14 1 3 2 2 5 1 1 1 5 1 2 1 11 1 3 3 1 2 1 2 1 1 15 1 2 13 2 3 2 21 1 3 4 1 3 1 1 1 3 2 2 2 1 1 4 3 1 1 1 12 1 2 2 6 5 6 2 2 1 40 1 2 1 26 1 1 1 1 1 4 1 2 1 2 27 3 1 12 6 1 3 1 1 1 1 2 2 45 1 2 1 2 1 2 4 210 7 2 9 2 1 1 1 4 1 1 6 3 25 1 1 7 4 6 4 20 3 2 1 1 2 4 9 9 2 2 33 1 9 5 1 70 1 3 2 2 6 1 11 23 2 2 1 2 1 1 2 1 4 176 3 1 1 1 1 4 4 1 5 12 2 38 2 2 3 1 1
2 3 1 1 2 22 1 1 1 28 1 1 3 2 3 1 2 1 2 1 135 3 1 2 2 2 1 9 27 2 2 2 1 1 9 2 1 1 1 1 203 4 1 9 1 38 53 2 2 5 1 5 1 2 22 2 5 3 1 6 1 24 4 1 1 6 2 3 2 4 1 2 86 5 2 4 2 3 2 1 3 5 3 2 1 1 2 2 10 2 45 2 2 3 63 2 5 1 1 1 4 5 2 1 10 4 3 8 1 2 2 27 1 1 1 1 3 1 2 1 1 1 11 2 1 1 11 3 8 2 2 4 6 2 2 6 1 2 1 79 1 1 3 4 2 1 3 16 6 4 1 3 6 2 2 1 2 8 4 4 1 31 32 1 2 1 1 1 1 2 1 1 5 1 1 3 23 2 1 13 1 2 21 4 1 4 3 2 1 3 3 21 1 5 7 1 4 3 2 4
1 1 2 1 1 17 12 2 1 26 2 3 1 1 1 11 1 1 2 4 1 1 1 3 14 2 1 2 2 2 10 1 1 16 2 7 4 1 44 1 2 2 33 2 2 1 11 19 2 1 1 2 1 1 3 1 2 1 38 1 5 10 2 16 2 4 2 5 3 2 1 3 1 6 3 2 17 6 1 1 1 1 3 1 2 3 1 3 3 2 2 2 1 1 2 2 1 1 1 25 5 1 15 1 4 1 2 8 3 1 1 2 3 2 6 4 1 1 2 15 5 6 1 1 1 9 1 1 2 10 3 3 1 2 3 1 2 1 1 6 8 1 1 4 2 2 1 1 2 2 3 7 1 2 2 2 2 5 1 2 2 2 6 1 5 9 2 2 2 13 2 5 2 1 3 8 14 2 3 2 4 1 2 4 2 5 2 6 2 1 28 2 2 2 1 4 1 2 2 2
1 6 3 1 1 3 3 2 1 3 2 2 3 1 2 69 2 1 1 1 1 2 1 3 2 4 4 2 8 1 1 1 1 1 5 4 4 1 1 3 1 3 2 3 3 3 16 2 2 1 5 3 1 3 2 3 1 7 2 2 12 1 3 1 1 7 6 1 3 1 2 2 1 1 36 4 1 1 2 2 2 3 1 2 1 5 1 3 8 2 1 2 1 1 11 1 3 6 28 2 1 1 5 1 2 1 4 4 1 3 3 1 1 2 1 1 2 24 2 1 9 2 3 1 1 2 4 4 1 1 1 1 3 3 1 2 1 2 1 1 2 2 5 1 1 13 1 132 2 3 1 9 1 1 4 5 3 2 1 3 22 2 2 3 2 1 2 2 2 6 8 1 1 2 5 1 2 1 1 7 1 1 19 1 11 1 16 2 146 19 1 2 6 16 4 1 1 2 2 2
2 1 2 58 2 92 3 1 1 1 3 1 2 1 2 2 1 2 1 7 1 2 2 36 1 1 2 2 2 1 1 3 2 23 2 3 2 6 5 3 36 4 2 1 3 2 2 1 14 1 4 3 4 3 3 2 1 6 3 1 1 7 36 1 2 2 1 1 2 12 1 9 1 2 1 2 7 3 1 4 2 2 5 2 2 2 5 8 2 1 12 61 2 10 3 2 2 2 2 1 3 2 48 4 1 6 3 10 10 1 1 1 4 16 12 1 1 1 3 2 1 4 2 1 2 5 1 1 5 2 3 4 1 2 6 1 2 1 1 1 1 1 1 4 6 6 1 5 1 2 1 7 3 4 1 8 1 5 20 2 1 1 1 8 1 7 1 1 4 1 1 2 4 1 7 5 3 1 1 2 1 1 2 2 4 1 12 2 3 1 2 2 18 3 4 23 2 1 1 8
3 4 1 7 1 4 3 2 3 2 1 3 2 1 11 2 5 1 12 2 5 3 2 17 1 1 7 1 3 4 5 1 1 4 6 1 3 2 14 1 3 2 1 6 2 2 1 32 2 2 13 3 2 2 2 1 1 7 2 1 1 2 2 2 3 3 5 1 1 1 3 1 4 2 1 2 1 12 4 1 1 27 1 1 3 1 2 1 2 70 13 2 3 2 7 1 119 1 2 2 2 16 1 3 1 9 1 1 1 2 1 3 1 2 2 16 2 1 1 2 6 2 5 5 15 1 7 2 8 6 2 4 1 3 1 8 6 1 4 5 5 2 1 3 2 5 1 1 1 5 1 2 2 7 8 2 3 16 1 5 1 44 3 7 3 3 1 1 1 4 4 1 1 1 1 3 3 2 1 2 53 2 2 1 1 4 1 2 17 2 39 3 1 7 1 6 11 8 5 5
233 2 1 14 1 24 1 1 5 2 2 3 2 8 3 1 2 4 1 2 4 11 3 1 7 1 2 2 1 1 1 50 3 1 1 43 1 18 1 3 8 4 1 12 16 1 2 6 1 2 1 2 2 1 9 2 3 4 4 2 2 1 5 1 2 1 17 2 1 2 1 1 2 1 2 1 35 4 3 9 6 3 16 11 3 2 2 2 3 15 1 2 2 1 1 1 1 12 1 1 1 4 2 1 3 2 1 2 4 5 1 2 16 2 56 1 1 2 5 5 2 1 9 1 1 1 1 1 2 5 2 3 2 4 18 4 1 1 4 2 2 1 2 2 1 4 7 1 2 1 1 5 1 4 38 19 2 10 154 2 1 3 5 5 1 11 2 2 1 1 1 2 1 1 7 1 5 4 2 11 1 3 46 5 1 3 16 1 1 8 8 1 2 5 3 3 1 2 2 1
1 4 1 2 1 6 2 3 2 1 3 1 2 5 5 2 1 17 1 3 2 2 2 1 1 16 5 1 21 4 2 1 6 3 4 2 2 2 169 2 47 77 1 1 2 2 2 1 1 2 3 2 4 2 1 10 4 1 1 18 2 2 5 1 1 8 5 3 2 102 2 1 1 1 8 2 2 5 10 8 220 4 3 3 1 3 4 16 3 1 6 1 2 1 1 2 2 1 2 1 1 3 2 11 1 2 8 2 12 1 3 2 2 15 24 1 10 1 2 1 1 1 1 3 2 2 2 1 2 6 2 1 2 6 2 1 2 1 1 1 2 1 2 1 2 2 1 4 2 2 23 4 1 1 8 1 2 2 2 1 2 3 2 2 2 1 1 8 1 2 2 3 1 5 2 117 43 54 4 1 11 36 1 2 4 8 3 13 1 1 6 3 1 4 15 2 3 1 2 2
4 1 1 6 13 1 15 3 1 1 3 1 1 3 1 3 2 67 4 2 2 1 24 1 2 10 1 1 3 2 45 4 10 9 8 1 1 3 2 1 2 1 5 4 1 5 4 5 11 2 1 2 1 1 1 6 6 2 2 2 1 9 2 2 1 2 3 2 2 16 1 22 4 1 7 1 2 3 2 2 1 2 1 4 38 8 2 2 2 36 1 3 1 3 6 7 2 1 4 2 3 5 5 2 13 1 2 5 1 48 5 2 2 1 1 1 38 1 9 2 55 1 1 10 3 2 3 1 2 4 3 1 4 1 1 1 7 2 2 16 2 5 1 6 1 2 2 3 1 3 2 1 1 2 2 3 1 18 2 7 1 2 2 1 2 10 2 1 1 1 3 2 3 1 2 2 1 1 5 2 2 4 2 3 1 7 6 5 3 1 1 6 1 2 31 2 1 7 1 5
1 2 2 3 45 1 2 4 1 55 2 5 5 1 3 2 2 3 2 1 5 1 3 3 15 2 1 3 1 8 2 1 1 3 3 2 1 4 1 4 3 1 2 2 1 4 10 2 2 3 1 1 2 12 4 1 1 3 3 4 10 2 3 14 1 10 4 3 4 4 37 1 2 6 1 1 1 3 2 3 2 2 1 1 3 9 1 16 2 1 1 1 4 1 1 2 1 1 11 1 3 19 4 2 4 2 2 1 1 1 7 2 1 8 5 5 1 2 1 1 220 2 19 1 3 1 8 5 9 1 1 2 1 4 15 2 2 2 2 1 3 2 3 1 12 3 1 11 1 154 1 3 3 1 2 1 439 1 3 71 2 33 4 3 3 2 2 1 8 2 1 1 1 3 1 3 1 1 1 6 1 7 10 1 3 2 42 3 2 4 2 2 1 2 1 2 1 1 1 2
2 2 1 1 2 72 66 1 2 1 1 2 4 4 25 2 2 3 2 2 4 3 3 5 1 3 29 3 7 1 1 2 1 4 3 1 1 1 1 1 1 2 1 3 27 1 2 3 1 2 6 5 1 1 2 3 16 1 3 3 1 1 1 2 1 2 1 1 2 1 2 2 1 2 1 2 1 3 2 1 2 2 2 16 1 4 1 4 5 2 5 2 4 4 3 2 1 4 2 1 2 2 1 2 1 1 2 2 4 1 2 1 16 1 2 2 1 1 4 2 1 1 1 1 7 2 5 7 1 4 2 3 2 1 1 2 236 6 7 7 1 3 1 2 2 2 1 4 1 2 6 7 1 2 1 29 1 11 3 28 1 8 1 2 2 19 3 2 7 8 1 1 3 1 35 3 1 1 1 23 2 1 1 3 1 15 4 6 1 5 2 3 1 1 24 3 3 4 4 7
11 1 1 2 2 2 1 85 1 3 2 6 1 2 1 2 1 3 1 1 10 1 2 2 7 4 1 1 1 1 3 2 2 1 1 3 1 64 1 1 2 1 3 9 1 2 3 2 1 1 1 2 2 5 62 3 1 2 7 2 2 1 228 1 2 1 2 2 1 1 1 4 2 2 2 1 2 2 1 2 2 2 1 2 1 1 1 3 28 7 1 2 5 1 3 14 2 2 10 3 1 1 2 11 2 1 1 4 5 4 1 4 58 1 2 4 2 6 15 1 1 22 4 2 2 1 4 4 1 1 2 2 3 11 2 2 1 5 3 1 1 3 2 22 2 2 4 1 3 1 1 3 7 2 1 1 1 1 2 1 2 1 488 3 1 2 1 1 2 11 2 4 3 3 2 10 10 2 3 2 5 4 2 3 23 1 23 2 2 1 1 2 1 2 4 21 1 2 5 1
1 2 1 37 2 1 1 1 1 1 1 2 2 3 3 2 2 5 2 1 2 1 1 1 2 4 5 1 12 2 83 4 2 19 3 1 4 5 3 1 2 1 3 2 1 1 95 1 11 2 100 1 1 2 4 4 6 1 2 1 1 3 1 4 7 7 1 2 1 1 142 1 1 2 11 52 1 1 3 14 7 1 1 2 1 1 2 1 14 3 2 1 1 1 2 1 1 7 13 2 2 17 1 9 4 6 1 32 1 1 15 1 2 9 5 2 2 2 10 15 2 2 2 3 17 4 1 5 3 3 1 3 1 1 2 2 4 1 22 1 4 6 1 66 2 1 2 5 1 2 2 6 3 1 32 8 6 1 2 2 5 2 3 4 3 3 2 19 3 1 1 42 1 2 3 2 1 5 1 7 6 2 2 1 1 2 10 1 1 2 1 2 1 2 1 3 1 9 2 1
2 1 8 2 6 7 2 1 2 3 3 3 51 1 9 5 9 3 2 115 16 2 1 1 1 4 10 1 2 1 2 2 1 2 1 4 7 1 3 4 9 1 1 3 1 3 1 2 1 1 3 10 4 9 2 3 6 1 2 3 1 1 3 1 2 1 1 2 2 2 2 16 2 6 13 2 1 7 1 1 1 9 1 1 302 1 1 1 20 1 2 2 1 2 4 1 2 3 1 4 3 1 1 2 1 2 2 63 7 2 2 2 14 10 3 1 2 1 4 2 3 2 3 1 2 5 3 3 1 11 11 1 1 3 11 3 3 1 1 3 2 6 1 2 1 1 1 3 1 1 1 2 2 4 2 1 4 1 1 1 1 71 1 4 4 1 2 3 2 2 3 1 1 3 1 1 2 3 2 1 1 7 2 2 1 1 1 5 3 1 2 1 4 8 1 10 1 6 1 1
5 2 1 5 4 4 2 2 2 64 6 2 1 3 1 1 13 1 4 1 3 1 1 14 3 1 6 9 2 2 4 6 1 5 6 4 2 1 2 1 2 1 2 4 1 3 21 1 1 2 7 3 2 4 2 2 4 3 2 4 1 4 1 1 2 2 1 1 8 8 3 5 5 1 1 2 3 12 1 1 1 3 3 2 5 3 2 1 1 1 1 1 9 2 1 1 4 4 1 2 1 2 3 6 1 1 2 5 2 1 1 1 1 1 1 1 1 1 1 25 6 4 4 253 2 10 1 3 3 2 7 2 1 3 6 2 1 2 2 1 2 3 1 1 1 3 1 1 1 1 3 1 3 2 2 3 1 2 17 15 2 1 3 4 3 1 1 7 3 11 9 2 1 3 1 1 1 2 1 8 1 2 3 1 3 2 3 7 1 1 1 2 2 1 1 2 2 1 3 2
2 4 3 2 1 2 1 1 6 5 2 1 1 4 5 1 1 1 2 3 4 10 2 3 1 3 4 3 1 3 3 1 2 1 3 1 1 6 1 3 10 8 1 1 2 2 3 12 1 1 3 2 25 1 2 1 5 2 2 2 12 3 4 7 1 1 1 30 2 37 1 2 2 1 3 4 1 8 6 2 2 3 6 3 1 1 2 1 2 3 1 2 5 1 5 1 2 29 1 2 1 1 1 5 1 17 23 6 18 72 3 1 1 1 4 4 3 2 4 2 2 2 7 1 3 2 2 3 21 2 7 6 2 1 2 2 1 2 3 2 2 2 12 4 1 2 1 2 9 1 1 1 3 3 2 8 2 3 2 1 2 3 1 4 3 19 1 4 3 1 1 11 5 12 1 16 4 2 2 11 1 1 3 4 9 2 3 1 4 3 4 2 1 1 1 1 2 2 39 1
2 1 10 9 2 7 2 1 7 1 3 5 1 5 4 2 2 1 1 3 1 3 4 2 2 1 1 1 1 24 1 2 2 3 1 10 4 4 3 1 3 1 5 6 1 2 1 1 3 2 12 2 4 2 2 16 2 3 1 2 2 3 6 2 1 1 3 1 2 3 1 1 1 3 2 2 1 1 4 11 3 2 2 1 1 4 6 4 1 10 2 1 1 22 3 3 5 2 1 1 2 2 1 1 2 1 3 2 10 3 4 1 1 2 1 7 1 2 3 1 22 2 2 4 1 4 1 61 1 2 1 2 1 3 2 1 1 2 3 3 3 1 1 2 3 12 2 2 4 5 12 24 5 1 1 2 5 1 1 2 2 3 1 2 1 1 1 2 3 4 3 1 1 2 6 2 1 1 1 7 1 3 2 2 1 14 1 2 1 2 2 1 1 4 4 2 1 3 1 8
1 1 1 5 1 5 18 9 11 1 1 4 1 1 5 1 1 2 3 2 2 7 1 1 90 2 3 4 5 3 2 2 3 1 8 49 1 2 1 2 2 4 1 1 1 2 1 4 3 6 1 2 1 1 1 5 1 9 4 2 1 1 1 6 6 6 1 2 1 1 6 2 1 2 11 1 8 1 2 1 1 1 2 11 4 6 2 5 1 2 2 1 1 3 3 1 4 36 2 7 2 27 1 1 2 14 4 9 1 3 3 7 12 2 1 6 2 1 25 3 3 2 2 2 4 9 3 1 2 1 5 2 4 1 1 1 1 2 12 1 7 6 7 1 5 1 2 2 10 1 1 1 2 1 2 2 5 1 4 1 2 1 1 2 41 3 1 2 2 10 5 9 1 2 1 1 2 1 1 3 1 2 1 1 1 1 1 2 1 2 5 1 3 1 1 1 1 1 1 1
2 1 1 2 4 1 2 4 1 2 2 2 1 2 2 1 5 3 2 1 5 5 14 2 6 1 7 1 86 1 9 1 1 1 2 46 1 2 1 1 1 5 1 2 1 2 1 14 15 3 5 2 1 3 2 2 1 1 102 6 2 1 1 2 1 16 2 4 1 3 3 13 3 3 1 2 2 3 31 3 24 1 2 179 4 4 8 4 1 61 1 3 1 1 1 1 2 1 3 4 2 1 2 1 4 3 1 3 1 1 8 1 1 2 2 1 1 2 1 2 7 1 2 3 1 17 1 144 1 1 2 9 1 2 3 1 4 15 4 8 1 2 1 2 1 1 24 3 1 1 2 3 1 1 3 2 1 1 1 7 2 219 38 1 2 58 3 1 2 3 7 5 12 3 2 3 2 1 1 1 1 2 4 2 20 2 42 4 2 2 2 2 1 8 1 1 43 2 1 1
3 13 4 1 1 1 5 2 6 39 4 1 1 1 15 5 1 1 1 2 2 3 2 1 2 1 10 2 2 4 1 2 4 1 6 5 13 4 3 1 11 3 1 1 2 2 4 1 1 1 3 20 2 4 9 2 3 1 1 3 2 2 2 6 2 3 2 1 5 2 3 2 8 1 2 14 2 2 2 2 1 2 12 4 1 2 1 1 2 10 7 1 1 2 2 1 2 3 1 1 1 4 2 2 2 2 4 1 1 30 2 5 9 1 2 3 1 7 1 15 4 15 1 2 2 35 1 9 3 3 2 1 1 2 2 4 1 1 1 5 3 1 2 1 1 1 41 1 1 1 1 4 1 1 8 6 1 19 1 1 1 1 2 2 2 3 4 3 1 2 1 2 4 1 1 1 2 11 2 1 6 1 34 5 4 1 1 1 1 2 15 4 14 4 1 3 1 4 2 1
3 2 5 3 27 2 210 7 1 5 1 1 1 2 1 1 1 1 64 2 1 8 1 10 2 2 1 3 3 1 54 2 5 2 1 2 6 1 2 1 1 3 1 2 2 1 2 1 3 10 2 15 2 79 3 2 6 1 3 1 1 1 11 2 6 8 8 2 5 4 3 5 1 23 2 8 2 3 1 1 2 1 2 1 2 1 4 2 14 1 6 1 168 2 2 1 2 13 2 2 1 1 2 2 2 9 10 4 4 2 1 21 1 1 2 1 3 23 3 1 2 1 2 9 3 8 2 5 3 2 1 1 3 2 2 2 4 1 1 1 2 2 2 4 2 1 2 4 1 3 1 2 3 2 6 9 10 3 1 1 1 21 6 1 3 1 1 4 1 3 2 4 1 1 3 1 76 1 8 2 5 10 1 1 16 167 4 5 2 1 2 44 5 2 1 2 3 1 1 3
4 2 18 3 2 1 1 3 9 20 1 4 3 3 6 1 2 1 2 1 1 2 10 2 1 2 1 3 2 3 1 5 1 6 1 2 40 1 1 1 4 1 3 3 2 1 2 2 3 1 2 3 1 2 1 1 5 4 1 3 8 2 1 1 25 17 2 6 10 1 1 3 2 1 8 12 2 1 5 1 1 2 11 2 2 1 10 6 4 1 2 10 5 33 12 1 1 2 18 1 35 1 8 4 2 1 3 23 1 2 1 3 4 1 2 4 1 10 7 2 1 7 1 2 3 6 2 5 4 2 4 1 1 3 2 4 2 6 2 1 12 7 60 1 1 2 1 1 9 1 1 7 9 3 3 1 65 4 1 3 3 11 1 7 1 11 1 8 1 2 5 1 1 2 2 2 2 7 1 2 5 2 32 1 1 1 2 1 22 1 4 1 14 3 2 3 2 1 1 27
1 1 1 2 1 2 2 3 2 2 2 69 1 5 2 4 1 2 2 69 10 2 1 10 1 1 1 1 4 5 2 2 2 3 8 1 5 12 2 2 1 4 1 5 2 4 3 4 1 2 1 2 4 2 1 5 1 1 1 14 2 28 7 1 6 455 4 1 3 1 4 7 1 1 4 1 9 3 17 3 2 4 2 6 1 2 1 8 4 23 1 2 2 1 8 5 3 1 4 2 3 2 8 1 2 2 2 1 2 5 1 6 3 2 4 22 25 2 1 2 2 2 2 1 4 3 4 2 4 1 2 1 13 3 1 4 9 1 2 2 6 1 1 2 1 2 2 3 1 3 1 8 6 2 1 16 2 2 3 2 1 3 3 2 2 1 1 5 2 2 5 5 1 10 1 2 1 6 1 1 4 2 8 1 3 2 4 2 1 3 484 1 2 4 7 3 1 3 2 2
4 35 1 8 1 2 2 1 1 3 9 1 3 3 1 3 28 1 2 2 1 1 2 1 1 1 63 1 2 2 3 1 2 3 1 2 1 3 2 1 1 1 1 2 2 2 2 59 1 1 1 1 3 1 1 2 9 1 2 1 1 1 1 4 1 3 1 4 1 1 1 5 2 5 3 1 5 1 1 8 1 1 4 1 5 10 2 2 1 4 1 1 11 2 19 37 1 1 6 1 1 4 4 2 2 11 2 2 2 2 1 2 1 4 6 1 327 2 9 1 4 2 17 1 2 2 2 2 2 11 1 3 1 2 1 2 1 2 1 1 3 2 2 5 1 2 2 2 2 1 1 1 5 1 3 2 1 2 2 1 4 1 1 4 1 1 1 1 2 3 3 6 2 1 2 1 7 1 1 2 17 1 1 3 3 1 2 1 6 1 10 2 2 3 3 2 2 1 1 1
1 1 10 11 9 2 8 3 17 5 2 8 1 3 2 2 1 1 8 1 1 2 1 1 1 2 1 1 1 14 2 2 3 2 1 23 1 9 7 2 1 1 1 1 2 2 1 1 4 2 5 10 1 24 17 11 1 5 3 4 1 3 2 6 2 2 1 3 7 1 2 2 30 18 3 2 1 1 12 1 7 30 3 1 2 3 2 7 2 14 181 9 1 1 2 1 6 1 2 1 10 2 1 2 5 1 1 1 2 1 1 1 1 2 4 3 4 2 1 2 94 3 3 7 1 3 4 3 2 2 1 3 4 6 3 2 2 2 1 1 1 1 3 2 1 1 1 2 2 4 4 3 2 5 1 2 3 2 3 2 1 3 7 1 1 3 2 3 2 1 1 3 2 1 1 3 3 2 2 1 2 1 1 1 2 46 4 3 2 3 2 6 26 3 1 2 1 3 4 2
1 2 23 2 2 2 1 1 11 1 7 4 1 1 1 1 5 3 21 4 2 3 1 1 2 7 2 2 3 3 15 1 1 2 12 2 8 1 2 1 5 2 1 1 1 1 1 7 2 2 2 7 1 3 1 1 2 6 5 2 2 3 2 1 3 2 2 1 1 2 1 4 1 2 1 15 1 4 3 3 4 1 2 1 2 1 1 1 4 2 1 1 2 2 1 2 2 2 1 8 2 1 1 3 2 1 17 10 7 2 1 2 3 31 3 1 5 2 1 2 5 1 2 1 1 3 13 1 19 2 1 4 1 3 5 3 3 32 3 4 2 2 1 1 5 1 2 6 6 2 8 2 6 2 39 1 2 1 2 3 3 1 14 5 2 1 4 1 1 1 1 1 2 6 5 1 1 2 2 1 41 1 9 4 4 15 1 266 1 2 4 17 32 14 1 2 3 3 2 2
1 2 2 8 6 3 2 2 1 1 4 2 11 1 2 1 3 5 3 3 30 2 1 8 3 3 15 4 2 48 1 11 1 2 2 6 3 3 272 1 1 1 1 2 1 7 2 1 1 5 2 1 2 1 3 1 3 2 3 16 2 2 1 3 21 2 2 2 1 2 4 2 5 3 1 2 3 4 118 1 2 2 2 1 1 2 1 30 3 2 2 1 19 1 3 1 1 4 2 1 1 10 23 15 1 3 2 2 3 1 3 7 30 5 3 1 1 3 1 3 1 4 1 1 1 1 1 11 77 3 9 2 1 1 1 9 1 56 2 110 3 5 1 1 1 2 2 63 1 3 2 1 1 2 3 3 2 5 1 6 1 2 2 1 1 1 2 1 5 1 4 10 6 22 1 2 1 1 1 1 1 2 4 12 3 1 1 1 1 2 3 3 1 1 3 8 1 1 2 24
2 31 38 1 1 14 2 2 1 5 6 2 7 1 3 2 19 1 1 1 7 2 1 2 3 1 1 2 1 39 2 1 1 7 264 1 2 21 1 1 2 3 4 3 2 3 6 29 71 2 5 2 5 6 1 1 15 1 1 2 2 2 1 3 3 4 1 1 2 3 2 43 1 5 1 3 8 20 6 3 2 1 1 2 2 1 40 3 3 3 1 2 4 3 1 3 2 1 1 4 1 3 3 2 2 6 2 2 2 2 2 4 4 7 1 46 1 1 2 1 1 4 2 1 1 1 1 1 25 1 2 1 2 1 32 1 3 2 2 1 1 3 2 2 2 3 2 2 4 5 6 2 4 1 2 1 24 8 1 3 3 1 1 4 1 1 2 2 1 3 2 1 1 2 6 1 1 9 34 3 4 1 1 3 1 3 3 1 10 2 3 4 1 1 1 18 1 1 1 7
4 3 22 2 2 2 2 2 2 1 2 2 1 7 4 1 54 8 6 2 55 1 8 5 2 2 1 4 2 1 23 2 5 1 155 2 4 3 3 3 1 2 1 17 2 1 3 3 5 5 3 3 5 2 1 8 1 2 2 12 1 10 1 305 13 2 2 4 4 6 125 1 8 1 2 1 1 1 2 2 5 3 4 3 10 1 1 4 2 17 1 2 1 1 1 1 2 1 8 6 11 1 1 5 1 2 3 1 5 1 59 2 1 3 16 2 2 2 1 2 2 2 4 2 1 1 9 13 1 2 12 5 1 1 2 1 1 1 6 2 1 2 3 9 2 1 6 1 42 2 1 2 2 2 2 3 10 3 1 2 1 1 9 2 3 5 1 2 12 2 12 7 1 1 1 1 3 1 6 4 7 2 2 105 7 14 1 6 3 17 2 3 3 3 1 32 4 15 10 2
1 2 1 4 1 2 1 2 3 2 1 2 1 5 2 4 1 3 2 13 3 6 4 2 1 2 3 20 4 1 8 2 1 2 1 4 1 3 1 2 6 4 1 2 2 2 2 10 1 1 2 1 5 1 2 1 1 3 12 8 1 1 2 6 1 4 2 3 2 1 8 1 2 4 1 8 1 1 12 1 6 6 2 2 1 2 2 2 1 2 2 44 3 2 2 9 1 4 9 2 3 4 3 2 18 4 1 1 2 1 1 2 1 4 3 2 2 6 1 2 2 1 6 3 2 1 1 2 4 4 2 2 34 11 1 12 1 2 3 1 2 3 4 2 1 1 3 1 1 2 104 2 6 2 2 1 1 4 1 1 1 3 8 1 1 2 4 1 31 1 1 2 12 1 11 1 2 1 10 1 2 24 1 3 24 6 1 2 4 1 3 11 1 4 1 1 4 1 2 3
