200
299 118 419 290 286 415 140 357 389 336 307 433 112 290 130 309 341 382 314 172 121 418 363 365 217 135 253 476 181 118 487 306 259 309 489 334 388 201 433 223 418 374 498 168 220 470 428 358 263 111 237 259 306 492 429 330 325 319 302 363 371 269 235 285 427 373 304 258 429 377 358 196 478 256 328 394 468 261 130 236 448 152 492 259 285 170 222 138 409 251 236 181 421 264 233 464 410 271 273 452 159 349 279 159 394 268 385 462 458 121 443 108 179 234 496 128 369 346 192 415 477 409 135 172 308 240 256 431 164 321 341 298 413 375 101 382 237 489 327 350 355 393 451 134 455 198 298 491 349 110 437 342 262 347 243 444 327 319 287 154 428 116 454 132 295 180 192 139 327 362 466 273 136 131 214 479 420 463 129 171 211 192 307 317 162 481 107 152 150 231 351 365 198 495 420 104 314 150 423 402
1 4 4 1 2 1 4 2 4 2 4 1 3 4 6 4 2 1 1 2 1 5 4 6 4 6 1 4 3 2 6 5 1 6 3 5 1 1 4 6 1 3 6 5 4 4 3 3 3 1 3 4 2 6 2 3 5 6 3 1 2 4 5 5 5 6 2 1 4 1 5 1 6 3 4 3 1 2 3 1 3 2 3 2 4 4 5 3 1 2 2 1 3 5 2 6 6 2 1 4 3 4 6 1 4 3 4 4 1 5 3 4 5 6 3 6 4 4 5 2 1 2 5 5 3 3 6 6 2 2 5 5 1 2 3 2 1 3 4 3 4 3 5 3 4 1 4 2 4 1 1 2 6 2 2 2 5 3 1 4 3 2 2 1 5 4 1 2 1 4 3 3 2 5 5 6 6 4 6 1 4 6 6 1 4 3 6 2 1 2 5 5 2 1 5 4 4 1 4 1
3 2 9 1 45 4 3 2 3 5 32 2 1 2 5 6 1 1 2 1 1 2 2 2 1 1 2 11 1 3 2 1 1 65 3 2 2 2 3 18 1 1 9 88 2 1 3 3 2 2 8 1 3 1 12 2 1 7 2 1 3 2 11 2 1 2 1 2 2 1 2 1 1 3 2 7 3 1 1 2 3 4 2 2 10 51 1 3 4 1 1 2 3 3 2 1 4 4 3 2 1 4 14 2 2 4 2 4 4 1 1 3 1 2 5 7 1 1 2 5 2 3 1 1 1 3 1 2 6 2 5 3 2 6 2 1 1 2 2 2 2 2 1 1 4 3 1 1 1 2 1 2 2 2 89 6 13 4 4 2 10 3 14 1 2 5 42 2 1 4 1 3 4 1 1 4 2 147 5 2 1 1 1 1 1 1 3 1 4 1 1 1 2 2 4 3 21 1 42 1
2 2 1 2 4 5 3 8 7 2 1 1 1 1 8 2 2 27 4 1 3 2 1 1 2 2 2 1 1 1 26 20 1 28 1 2 2 12 1 2 2 6 53 1 2 2 8 2 2 1 3 1 2 1 7 2 2 5 6 1 8 2 1 1 2 1 2 1 2 2 6 1 1 2 4 1 9 1 4 1 2 1 3 7 4 7 1 2 2 6 1 1 2 2 2 23 3 1 19 1 19 3 2 1 3 1 1 1 1 2 1 3 12 3 2 2 2 6 2 4 1 1 2 1 2 1 4 5 3 3 2 2 2 10 1 2 2 5 1 1 1 95 7 1 5 1 10 6 3 1 2 2 1 11 6 1 3 10 16 1 2 2 4 1 13 10 1 3 18 1 1 3 2 6 2 1 1 2 6 2 2 1 1 2 2 37 1 4 1 11 2 3 5 8 1 1 2 2 1 7
1 4 19 7 1 3 8 7 3 2 2 1 2 1 1 3 4 2 2 7 3 2 1 1 1 4 2 2 2 2 1 3 59 35 4 1 4 1 1 3 29 5 8 2 1 1 7 1 3 2 4 1 2 1 3 1 5 2 2 86 1 37 1 4 1 1 3 2 8 3 14 1 9 4 3 3 4 1 3 1 1 1 3 2 2 13 1 2 29 1 1 3 31 2 1 4 3 2 1 14 1 2 1 1 3 2 1 5 2 1 7 1 4 4 1 2 2 2 4 2 2 1 2 1 2 2 2 1 18 3 1 2 4 2 2 1 1 3 2 3 7 1 8 2 1 2 2 8 2 1 3 2 1 1 32 15 1 3 1 1 1 20 45 5 7 3 2 2 2 2 4 2 10 38 3 3 2 9 1 2 1 25 1 3 5 2 1 1 8 1 7 2 3 4 2 1 2 1 1 1
3 1 3 2 2 1 1 3 2 5 96 1 2 2 1 1 1 1 5 3 5 3 3 2 1 3 1 3 2 1 2 12 2 3 2 2 2 7 1 1 1 6 18 1 1 3 3 481 8 13 1 2 3 3 12 1 11 1 2 9 34 1 2 3 1 1 1 5 2 1 1 1 1 1 2 1 2 1 4 3 2 1 1 1 5 1 1 9 1 1 3 3 1 3 2 1 38 4 1 8 3 1 1 1 5 6 4 3 3 2 1 12 2 1 1 1 3 2 2 2 1 3 1 2 7 5 1 1 1 1 26 1 305 1 2 4 4 1 1 1 1 3 3 5 3 1 1 2 3 1 4 7 2 2 3 21 3 2 1 1 1 1 3 4 1 2 4 3 4 1 2 2 5 67 1 6 1 2 1 1 2 1 3 1 1 1 3 2 8 2 2 2 3 2 2 2 3 2 1 2
2 3 1 2 2 1 2 2 2 17 1 1 6 2 1 2 1 2 2 1 1 1 7 1 17 40 6 3 2 11 1 4 1 2 3 2 1 1 2 1 2 1 2 1 2 2 1 2 13 2 1 2 1 2 211 1 2 2 29 2 11 3 1 1 1 1 2 3 2 2 1 3 1 5 23 1 3 1 4 3 1 1 2 1 6 1 1 2 1 1 2 10 21 1 12 2 1 1 8 4 1 2 1 1 19 9 109 5 1 6 1 1 8 1 8 69 1 2 4 1 2 6 13 1 11 4 1 14 2 2 1 3 2 4 2 1 3 1 1 1 1 1 2 13 4 2 1 6 4 1 2 2 1 5 172 9 4 5 3 1 1 2 198 6 98 3 4 1 1 1 3 3 2 2 2 1 7 2 1 2 2 2 6 2 35 2 1 4 1 4 4 1 2 4 19 2 3 4 6 1
2 2 2 2 2 1 6 2 4 2 3 3 5 2 1 3 6 2 3 13 36 2 1 2 1 1 2 3 1 3 9 1 1 17 2 2 3 4 6 3 2 2 6 5 1 1 2 1 1 2 9 1 2 3 1 3 5 2 2 1 6 12 1 4 5 2 11 1 1 2 1 1 1 2 1 6 2 34 2 2 1 2 4 4 2 1 2 3 1 1 3 4 7 1 1 1 2 3 29 53 2 12 1 32 1 2 1 1 4 5 2 3 1 7 2 1 3 19 3 3 3 2 4 2 1 1 2 2 1 1 3 4 1 2 3 2 4 8 2 2 2 2 4 2 1 5 8 1 1 1 6 2 1 9 3 1 5 2 11 18 2 2 2 2 3 1 1 3 2 2 10 2 1 1 2 3 2 1 1 2 1 2 2 14 2 3 1 4 1 3 42 1 2 2 1 1 1 15 1 3
1 2 1 9 1 2 26 6 18 2 2 4 1 1 1 1 2 2 1 1 3 1 2 2 1 4 1 6 3 1 4 2 1 5 1 3 3 4 22 2 2 1 2 2 6 1 2 1 17 1 7 1 3 2 6 8 2 1 6 5 1 64 1 3 1 4 6 4 1 5 1 1 2 8 1 15 1 4 2 1 2 2 1 12 1 2 3 2 1 1 1 3 4 1 4 73 2 3 1 1 2 1 14 2 3 2 2 4 1 10 2 1 2 1 1 9 3 3 3 1 2 1 2 2 5 2 3 4 2 11 1 4 1 1 2 3 1 2 1 2 2 2 2 1 4 2 1 1 10 2 3 9 3 1 4 6 1 2 2 15 1 1 2 3 3 2 1 2 4 1 1 2 1 2 2 1 7 2 3 48 69 2 2 1 1 1 1 8 2 1 1 2 6 22 17 12 2 4 2 1
2 18 2 1 1 2 3 1 1 2 1 3 10 4 2 1 4 1 3 6 1 12 1 3 3 2 2 1 2 3 2 4 1 2 8 1 4 1 3 2 3 2 1 3 1 8 4 29 1 2 2 6 1 8 1 7 1 1 2 3 4 3 3 3 13 2 23 1 1 12 4 2 2 1 2 1 2 1 2 11 1 7 3 5 3 4 2 2 1 1 1 2 1 138 3 6 19 1 2 3 2 2 5 1 1 1 2 8 1 5 4 4 1 2 1 2 1 18 1 48 5 1 3 11 3 2 2 2 1 3 2 3 2 1 1 1 15 3 2 2 2 5 1 1 2 1 1 3 2 8 2 2 1 1 4 1 2 2 5 1 1 1 4 1 3 2 2 1 2 5 5 2 1 4 1 1 2 1 3 3 1 10 2 3 2 5 1 1 5 8 2 1 1 2 2 2 2 96 1 1
3 1 13 2 1 3 1 1 1 2 1 7 1 1 2 1 5 9 1 1 1 2 30 2 1 1 2 2 3 1 3 1 1 1 1 2 1 4 4 3 3 1 2 1 2 1 3 17 1 1 2 1 14 11 1 1 1 3 3 1 8 2 1 2 3 2 1 22 14 2 3 2 2 1 2 5 16 2 2 1 1 1 5 3 4 1 4 2 2 4 2 2 3 1 19 13 3 2 3 2 2 6 1 3 21 1 2 4 1 2 3 5 2 1 19 1 3 2 4 2 2 5 15 2 8 5 1 5 2 5 3 1 1 1 1 3 5 1 2 1 5 1 7 2 8 1 1 1 5 5 1 2 6 1 2 2 2 12 2 2 1 2 4 6 5 2 1 2 2 22 3 2 2 1 18 1 2 2 4 3 2 1 2 1 5 3 4 2 1 6 5 1 1 1 1 8 2 4 2 3
1 2 2 1 12 11 13 1 2 1 7 2 1 6 2 16 1 6 1 5 1 1 1 4 1 3 8 30 2 37 9 2 2 1 4 3 2 2 2 1 2 2 2 2 2 2 4 1 2 1 9 2 3 1 1 3 1 1 3 1 2 1 160 2 1 10 2 1 19 4 1 4 2 3 3 4 4 1 3 2 2 1 1 5 1 2 2 19 2 6 5 3 1 2 6 1 4 1 1 1 1 3 1 2 1 5 7 1 3 2 5 1 1 1 2 2 1 3 2 2 1 1 2 4 1 4 1 78 2 1 2 2 2 1 4 1 2 1 1 3 4 2 1 2 3 5 1 2 1 2 1 6 8 3 1 9 2 1 1 1 1 2 3 1 2 1 9 4 2 3 2 2 12 1 4 6 1 3 3 1 2 2 2 1 2 4 2 2 1 3 10 1 3 1 2 2 1 7 8 1
23 1 1 1 5 7 13 5 5 55 7 3 6 1 1 1 2 1 2 5 1 6 6 2 4 3 11 1 1 2 2 2 2 1 3 2 5 5 4 1 1 1 20 1 4 1 4 6 124 4 1 2 3 17 1 1 2 1 1 2 3 3 1 10 7 3 1 30 7 4 3 4 1 2 1 3 2 1 3 7 1 3 1 1 2 1 2 2 2 1 4 1 1 2 4 3 6 2 2 2 1 1 1 1 3 2 3 3 2 10 2 1 9 1 1 4 4 1 6 5 2 2 2 1 3 1 1 1 3 1 8 1 3 2 2 2 1 2 3 9 2 9 1 1 1 4 1 1 6 4 2 1 1 2 10 2 2 1 3 11 2 60 25 2 1 2 12 2 5 3 2 1 1 1 1 1 5 3 22 3 7 2 1 1 1 5 1 3 1 8 6 21 2 11 1 1 8 3 1 2
5 2 21 1 2 9 2 3 5 2 3 1 1 1 2 3 3 6 7 2 2 2 2 3 1 2 2 2 6 2 2 1 2 4 6 3 19 2 2 2 1 2 1 4 1 1 1 3 6 2 6 2 5 1 3 1 5 1 1 7 1 2 2 4 1 2 3 2 2 1 1 4 15 1 10 5 2 1 72 18 2 3 1 1 1 1 2 1 2 5 1 1 1 1 2 5 3 2 13 4 49 1 3 1 1 9 2 13 1 11 5 3 2 5 1 1 215 3 1 2 12 21 2 1 2 1 2 1 2 5 1 5 1 1 2 11 1 1 3 2 6 2 2 4 1 1 2 4 1 87 2 29 6 1 1 3 1 90 1 1 1 3 1 4 31 4 1 2 2 4 2 55 4 1 1 2 1 1 1 1 2 2 1 1 2 1 1 4 19 1 5 2 6 6 1 1 2 3 7 4
3 34 23 1 14 16 1 2 1 1 1 2 1 1 4 2 2 8 1 3 1 7 2 2 1 3 2 1 102 6 4 1 2 4 1 11 7 2 1 2 1 2 2 4 5 21 1 4 3 1 2 5 61 16 1 2 2 1 1 2 17 4 6 3 3 5 2 1 1 1 1 2 1 32 2 1 1 1 2 1 4 1 1 2 1 2 5 5 2 3 1 6 1 2 5 1 2 1 1 1 6 31 3 1 1 1 5 57 2 15 2 2 7 1 3 1 4 3 2 1 12 3 13 3 3 1 1 2 2 2 4 4 3 2 1 2 1 33 2 1 1 1 1 4 11 2 5 4 2 2 1 2 1 2 1 1 1 4 1 2 1 1 2 5 1 2 2 1 1 9 4 2 3 1 2 1 1 2 1 2 7 1 1 1 1 3 3 1 1 28 3 1 2 1 1 2 1 1 10 2
4 2 1 3 22 1 8 1 1 1 3 4 6 1 10 1 2 2 1 1 4 2 4 1 2 1 3 2 1 13 11 2 7 2 4 4 349 2 1 1 5 1 2 1 1 3 1 5 3 1 3 3 1 2 4 3 61 2 1 16 2 3 1 7 1 11 9 2 2 4 1 1 2 1 1 17 1 2 1 1 1 2 1 4 1 2 3 3 10 3 1 2 1 2 1 1 4 4 3 2 2 2 2 1 13 1 2 9 3 4 4 4 7 3 7 25 2 1 2 3 1 2 6 1 4 2 1 10 3 1 2 2 8 2 1 2 1 5 5 3 1 3 6 3 2 3 4 2 1 1 2 1 108 2 1 3 2 4 1 1 2 8 2 3 9 2 2 9 2 1 4 1 6 1 1 1 5 2 1 4 1 2 1 2 2 1 1 3 1 2 1 3 3 1 1 1 7 10 96 6
5 6 1 1 1 1 1 199 3 2 1 17 1 29 1 2 1 1 9 1 2 4 3 3 2 10 2 1 1 8 15 1 4 2 1 1 2 14 1 2 5 35 2 2 4 6 1 2 3 1 3 2 1 34 8 5 9 1 9 6 2 88 2 3 2 1 5 2 6 2 1 1 2 1 1 1 2 4 5 14 1 2 2 1 5 2 1 6 1 2 3 1 1 1 6 2 1 1 2 1 1 1 1 4 1 3 3 1 2 3 2 34 1 2 2 433 1 2 3 2 7 1 3 2 1 2 4 2 1 4 3 5 2 2 2 13 50 1 1 2 2 2 5 4 2 7 1 2 38 2 7 3 3 1 2 7 1 1 2 2 1 1 2 6 1 10 1 4 1 1 1 1 4 1 5 3 1 16 1 2 5 1 2 2 1 3 2 29 4 8 1 7 4 3 1 1 1 2 2 1
5 14 23 2 1 1 2 2 9 30 2 1 1 3 11 2 10 1 5 1 2 2 3 2 3 5 1 1 3 3 1 1 7 1 1 28 2 1 6 12 56 6 1 17 1 3 2 3 2 1 2 2 1 1 2 7 1 5 2 3 1 4 1 2 2 14 1 1 1 1 5 1 2 1 1 2 1 1 1 8 2 2 1 5 2 2 3 1 2 1 1 3 4 4 2 1 1 27 1 3 3 2 1 2 9 5 1 1 3 4 2 2 11 14 1 2 2 1 1 30 2 1 2 1 489 1 2 94 4 11 1 1 1 2 6 3 31 1 5 1 1 1 6 3 26 2 1 1 11 1 1 1 1 1 36 2 4 18 5 1 2 4 5 1 24 1 1 1 2 1 8 1 3 1 5 17 6 2 2 8 1 41 5 1 3 1 3 6 1 1 1 1 2 2 2 1 1 1 1 1
4 1 2 4 1 1 1 3 1 6 1 2 9 1 3 1 4 4 31 1 6 1 2 1 2 1 1 1 1 14 3 2 2 4 3 4 1 1 2 4 2 244 1 2 2 2 1 2 5 6 195 2 1 1 2 2 5 3 1 2 2 1 4 1 2 3 2 1 3 1 1 1 4 10 1 1 1 8 1 3 5 3 3 1 1 4 3 3 1 1 4 2 1 2 2 10 6 1 1 12 5 1 2 2 1 25 2 2 1 1 1 5 2 125 2 4 1 2 2 1 2 3 1 8 2 5 218 7 4 1 2 3 1 18 2 2 2 1 4 6 2 1 1 107 10 2 1 1 2 2 2 49 2 3 3 2 1 2 2 1 1 4 10 6 2 1 77 6 2 1 2 2 1 6 6 1 2 1 12 14 2 5 4 2 4 2 5 2 5 2 1 1 4 1 8 10 12 3 9 4
40 1 1 2 2 2 1 14 1 1 1 2 2 1 1 2 5 3 1 2 1 8 4 1 7 2 16 3 2 15 1 1 1 2 1 1 1 3 1 4 1 1 3 1 5 2 6 1 2 3 2 3 1 1 1 2 2 8 3 1 7 115 8 2 1 2 2 8 1 3 4 3 3 1 2 1 2 2 5 23 1 1 1 2 1 6 3 2 11 9 8 1 2 4 3 37 2 3 1 3 4 2 1 1 24 1 1 2 2 2 7 4 1 1 1 2 3 4 6 1 1 2 5 1 2 10 2 10 3 5 3 2 1 2 1 5 2 1 3 7 3 2 1 1 1 2 1 3 5 2 6 2 4 1 1 5 1 17 1 3 1 2 1 2 2 13 1 1 11 2 2 1 2 2 2 1 1 2 3 2 1 1 1 14 1 1 3 2 1 1 2 3 2 2 1 10 1 3 9 51
4 1 2 1 3 2 1 5 1 2 3 1 3 2 2 1 2 54 1 1 7 2 1 3 1 3 2 4 2 2 2 5 1 17 2 2 2 1 2 1 2 2 1 2 2 3 16 42 9 19 2 3 1 5 1 2 12 1 1 7 1 1 1 1 1 7 1 7 2 2 1 4 1 1 2 1 1 10 1 13 6 10 3 9 7 7 2 6 1 3 1 4 5 12 8 363 2 2 4 2 7 57 3 3 1 2 10 8 2 1 1 2 6 3 7 8 9 1 2 72 2 2 5 3 10 2 15 2 3 7 3 1 2 1 2 1 1 1 2 2 1 2 2 2 2 7 3 3 1 3 1 1 1 1 15 21 2 1 5 1 1 2 2 3 1 2 2 1 3 2 5 2 2 15 29 1 5 7 7 3 15 3 1 5 1 2 1 1 4 1 5 2 3 4 4 1 1 1 2 40
3 21 2 1 2 3 9 1 2 2 12 3 2 5 1 1 3 1 2 1 18 2 2 1 1 1 2 2 2 3 46 2 4 1 1 4 8 9 13 2 1 2 2 38 6 1 1 2 7 2 1 1 2 1 1 3 2 3 1 6 2 1 2 1 33 2 1 2 2 1 4 3 6 3 1 3 1 3 5 2 1 17 2 1 3 1 2 1 1 1 1 12 1 106 2 16 3 1 16 2 5 12 2 1 2 9 9 1 1 48 2 13 4 1 2 1 4 1 1 4 4 1 2 1 6 1 3 1 3 2 2 3 7 2 1 1 2 7 1 66 2 2 7 1 2 1 1 2 3 5 9 5 2 1 1 3 75 3 3 1 18 4 2 1 1 3 1 2 4 2 8 2 4 11 2 2 1 2 2 2 1 4 3 2 3 30 1 1 1 2 2 10 2 8 1 1 1 1 3 1
7 7 1 2 6 3 25 1 17 1 1 2 1 1 9 2 1 4 1 13 1 3 7 3 6 1 1 2 3 2 3 1 1 2 2 23 3 1 2 16 1 1 2 1 10 2 3 45 1 3 3 4 17 2 3 2 1 2 22 4 3 1 80 7 1 1 2 2 3 3 7 2 1 2 1 2 49 2 5 3 1 8 1 3 2 1 3 2 1 1 1 2 2 2 2 1 1 2 1 1 1 1 3 2 1 1 1 1 1 2 5 1 4 1 2 2 3 1 1 7 3 1 2 7 56 3 2 5 23 3 2 5 2 2 4 3 1 2 2 3 5 6 3 1 1 3 2 6 1 4 2 2 2 1 2 1 2 1 1 1 1 1 1 1 2 2 1 7 1 1 1 6 4 2 2 5 4 2 3 2 13 3 3 1 3 3 12 2 1 2 3 1 1 2 3 4 2 3 1 9
1 2 1 2 2 2 7 5 3 1 1 406 1 2 25 1 3 1 1 5 2 5 5 1 1 1 2 3 1 3 4 2 1 7 21 2 2 1 1 3 2 1 2 500 1 3 2 2 2 24 1 1 5 3 2 13 1 2 2 2 3 2 2 2 1 3 25 2 3 1 1 4 3 2 1 3 1 1 2 2 8 1 3 1 2 2 3 2 1 10 2 1 1 2 1 14 1 2 1 2 1 15 2 1 2 2 17 4 2 6 1 5 1 2 1 3 3 5 2 3 34 221 2 7 17 2 10 4 1 2 2 11 3 5 19 4 9 12 11 2 4 1 5 26 19 21 1 2 1 2 1 2 1 4 2 1 2 17 13 1 8 1 2 2 79 16 3 3 3 5 9 1 2 11 1 1 1 2 432 2 2 8 6 2 1 1 1 8 1 1 4 2 4 2 1 2 51 1 1 3
2 1 5 2 3 2 6 2 10 2 7 9 18 1 3 8 1 33 1 5 1 2 4 4 2 2 3 2 6 1 1 1 1 4 1 1 1 3 9 1 1 1 4 3 2 1 1 1 34 3 6 1 2 1 40 3 8 1 1 11 2 4 2 2 3 2 5 28 2 1 3 2 2 1 1 4 5 1 2 5 6 2 2 1 2 2 1 2 1 1 1 2 2 1 1 1 4 2 2 2 1 4 2 2 2 12 2 19 2 3 2 3 5 2 3 2 1 3 4 2 17 5 1 22 1 1 2 1 5 1 3 4 1 1 1 1 1 4 2 14 1 2 1 1 1 2 1 2 1 2 2 3 2 2 3 1 5 19 4 1 1 1 1 1 2 1 1 2 2 2 2 3 3 1 24 1 8 5 6 2 3 88 4 1 2 2 2 2 1 2 1 1 1 1 2 2 1 3 3 2
1 14 3 12 3 2 7 1 8 11 3 1 1 1 4 1 1 2 3 7 2 1 4 1 3 1 2 21 1 2 1 14 2 1 2 2 2 2 4 1 9 3 25 2 2 5 6 97 2 4 1 1 3 2 2 1 14 1 1 2 1 2 3 2 14 1 3 1 7 5 124 2 3 55 5 1 4 1 1 1 1 1 45 2 18 3 4 5 1 5 42 1 33 3 1 3 1 2 6 14 2 22 4 4 1 6 1 1 6 1 2 1 1 3 21 30 4 2 8 1 88 1 128 1 2 1 1 2 1 3 3 2 1 2 2 8 1 2 2 4 7 5 1 1 10 1 13 2 8 1 2 2 11 3 7 2 2 4 2 12 2 2 4 1 4 1 9 2 63 3 1 1 3 1 2 2 1 4 5 10 2 1 1 2 1 12 3 1 25 2 12 12 3 3 4 4 1 21 3 5
10 11 2 5 9 4 2 3 2 1 2 3 2 16 3 1 1 5 3 4 2 1 9 3 6 2 4 1 1 7 3 1 5 2 9 10 6 3 2 6 1 4 1 1 34 155 1 1 1 19 1 2 2 10 1 2 3 1 1 1 5 7 4 2 1 1 1 3 2 3 29 2 4 1 5 1 6 2 1 1 1 2 5 1 4 30 1 2 2 22 4 5 2 1 1 2 6 1 1 2 4 2 2 4 1 2 9 2 2 1 5 1 3 2 1 2 2 3 2 1 2 10 1 1 2 4 6 5 1 2 2 1 1 8 1 4 3 2 2 5 6 37 1 1 1 2 1 2 9 2 19 2 2 5 1 6 3 2 3 1 10 2 2 4 2 2 2 2 4 4 2 4 2 2 2 1 2 10 2 1 11 2 1 1 1 1 1 2 1 1 6 4 2 37 1 3 2 30 1 31
12 18 3 6 2 4 1 1 1 7 11 3 11 1 2 390 2 2 14 2 3 1 8 5 1 2 4 2 10 1 4 1 11 5 4 6 1 2 1 4 2 1 2 3 6 1 2 2 6 3 2 2 8 1 2 18 2 3 2 2 3 2 2 2 1 1 2 3 1 13 3 2 1 9 2 29 2 1 1 5 5 1 1 2 3 1 28 2 3 1 5 1 59 13 6 9 17 2 4 1 495 9 1 2 3 2 2 1 1 2 1 1 1 2 1 2 3 20 2 1 5 1 4 3 1 4 14 2 1 1 2 12 10 1 1 1 9 2 7 1 2 13 3 388 79 1 2 1 2 5 2 2 1 1 20 2 1 26 1 3 2 3 15 4 6 1 1 20 1 1 2 2 1 2 2 24 1 4 2 3 2 4 2 2 3 1 64 2 9 1 51 11 2 1 1 1 1 11 1 1
1 33 4 1 4 2 1 2 2 1 12 1 1 1 2 1 1 5 2 2 2 5 1 1 4 3 1 2 5 2 2 2 3 1 1 1 3 2 2 1 4 1 18 1 4 2 1 4 4 1 1 3 1 1 1 5 2 2 1 1 1 3 1 2 6 2 2 1 16 4 2 1 15 9 1 1 1 2 1 1 1 30 1 1 3 3 1 1 1 1 3 1 3 3 1 119 1 3 4 2 10 1 2 2 4 2 1 2 117 19 1 1 4 92 1 4 16 1 3 6 4 4 1 5 1 9 2 1 7 5 3 4 2 1 2 2 4 1 1 1 4 3 1 6 1 1 1 1 1 1 4 2 2 33 9 8 14 1 5 2 60 1 5 1 1 37 2 2 2 2 3 1 3 1 1 1 4 2 10 1 3 2 8 1 15 1 5 9 14 2 1 6 1 2 2 1 16 3 2 1
1 6 18 2 1 2 19 4 2 1 4 1 1 3 84 3 3 1 2 20 20 1 1 1 2 2 2 2 5 2 1 2 2 1 2 2 1 1 4 3 2 3 1 4 1 1 2 1 5 103 1 1 5 2 1 2 1 2 1 2 14 6 2 2 12 3 3 2 1 1 5 1 1 121 5 1 3 1 1 16 9 3 2 1 2 2 9 4 9 2 3 2 17 1 4 2 3 2 11 6 1 1 2 1 3 1 2 1 1 1 3 1 1 2 34 3 1 2 3 1 5 2 5 5 2 20 1 3 2 1 1 1 69 1 1 1 1 4 3 4 1 1 1 1 1 1 1 1 1 2 2 2 1 8 3 1 1 2 2 4 58 2 3 2 1 37 3 1 9 1 1 1 1 36 13 1 2 3 10 1 1 1 2 1 44 3 2 1 6 1 2 16 2 1 1 8 1 54 5 2
3 1 1 3 3 3 2 1 2 6 17 1 4 1 1 1 1 3 3 1 4 1 2 1 4 3 4 4 2 1 3 2 2 14 10 1 1 1 28 17 1 1 1 1 4 23 2 2 1 21 1 3 1 4 1 4 1 4 7 2 3 2 2 1 1 3 1 9 1 2 2 2 2 1 1 1 2 7 1 1 1 2 1 1 4 1 1 6 1 2 1 57 4 1 2 1 1 1 3 1 4 2 26 2 7 4 2 1 2 1 1 2 1 2 1 1 2 3 3 1 1 3 1 5 1 14 2 12 1 2 7 18 7 2 1 1 3 5 2 1 4 1 2 5 2 3 2 4 2 2 4 2 2 12 1 1 4 6 3 3 2 1 1 2 2 1 2 4 4 3 2 3 2 1 13 1 2 7 4 6 2 3 1 6 2 1 2 3 3 8 2 1 2 2 2 2 3 1 8 2
1 1 84 1 11 1 5 34 1 2 2 2 4 2 2 2 21 1 6 2 9 1 2 1 2 3 1 1 14 1 9 1 3 2 2 8 8 1 2 2 2 1 1 1 2 2 1 2 3 3 1 2 4 8 4 1 1 3 1 1 3 2 2 1 1 4 1 2 9 6 4 2 1 2 2 3 2 15 2 2 23 11 1 2 6 9 1 1 2 1 8 1 1 1 1 2 2 1 1 9 1 1 1 5 1 1 8 4 1 4 1 7 3 9 2 4 2 1 1 1 1 1 1 15 4 1 3 4 5 1 2 1 3 6 1 2 11 1 2 2 2 6 1 3 36 1 2 1 4 11 3 4 9 10 40 10 5 6 2 8 2 1 2 2 2 12 1 2 2 1 2 1 4 1 1 1 3 1 2 1 3 8 1 2 3 1 2 6 2 1 18 6 1 4 2 2 18 1 3 5
1 4 3 1 1 145 1 20 1 1 1 1 1 1 1 17 21 2 1 1 3 2 101 1 89 1 3 2 2 2 2 1 1 2 1 7 1 1 4 1 1 1 90 2 2 1 1 13 10 2 1 2 1 5 2 2 1 3 1 1 1 2 9 1 8 1 1 1 11 43 9 1 2 44 8 3 11 2 3 2 3 1 1 1 4 7 4 2 1 2 3 3 1 1 13 1 3 5 6 2 1 1 3 1 1 1 8 2 1 1 1 3 1 3 3 5 2 2 34 1 2 2 1 1 1 1 1 2 1 3 2 1 1 70 1 2 2 1 2 28 3 2 4 3 2 4 24 2 3 3 1 2 1 1 1 4 1 3 19 10 1 1 2 3 3 1 2 7 2 3 1 3 2 10 15 2 8 3 1 1 1 1 10 1 1 1 1 5 2 2 1 1 7 1 4 1 7 3 2 2
2 1 2 2 1 2 2 2 1 1 1 1 1 22 4 2 6 3 1 4 1 1 2 2 4 3 2 1 2 3 3 1 5 2 1 3 1 17 1 2 3 1 264 4 7 2 1 12 1 12 6 1 12 127 5 6 1 1 13 3 1 15 1 1 2 2 1 1 14 1 8 1 2 2 1 1 1 3 11 1 2 5 1 1 3 1 3 2 17 9 20 1 2 2 1 4 3 2 2 89 2 2 2 2 1 2 1 1 7 1 1 1 5 4 1 4 1 6 13 3 1 359 2 1 2 5 4 1 8 1 3 4 3 7 1 4 1 1 2 3 1 1 1 1 2 3 2 1 2 9 25 2 5 5 6 4 4 3 1 1 2 2 1 5 3 3 2 2 1 3 1 29 1 1 1 29 55 1 8 1 1 1 1 1 1 1 1 1 2 2 5 1 1 2 2 2 5 3 4 3
1 2 4 1 1 2 1 1 3 2 2 1 1 3 2 9 1 4 2 2 3 2 1 4 1 15 1 1 1 1 3 2 1 2 1 2 4 16 2 1 2 8 2 20 6 2 2 1 2 2 3 1 1 6 2 3 1 5 1 6 4 332 1 1 3 1 2 1 2 1 1 2 2 2 2 2 3 2 1 2 1 2 1 2 3 1 1 3 1 2 2 2 2 2 8 3 9 2 1 16 2 1 1 2 2 75 1 3 2 4 1 1 1 2 2 1 1 5 2 5 3 4 2 3 6 4 2 1 1 2 2 1 1 3 2 1 1 3 2 2 2 1 1 6 8 1 1 1 15 3 1 6 16 1 5 2 181 5 1 3 2 6 1 3 2 3 2 2 2 4 1 6 4 1 6 2 2 1 2 2 1 17 2 7 2 1 2 1 1 1 1 2 2 4 1 2 3 1 2 3
1 5 4 10 2 4 3 1 24 6 2 2 1 2 1 2 2 1 2 10 1 4 5 2 7 2 2 5 2 2 5 6 8 1 10 2 3 3 2 1 3 1 4 2 3 57 3 3 2 1 2 1 1 4 2 2 1 3 14 2 1 1 1 2 1 1 2 8 11 4 1 12 1 1 3 1 1 6 1 2 6 2 5 2 3 32 4 2 2 2 1 2 1 3 2 2 7 5 14 3 4 87 3 2 7 24 1 6 5 2 2 8 1 2 6 2 1 1 1 3 6 1 4 2 2 1 3 1 2 2 1 1 11 3 2 7 1 7 1 1 1 7 1 1 2 1 2 2 3 4 1 3 3 1 3 1 4 2 1 3 1 2 2 7 1 1 3 2 2 2 2 2 1 1 3 1 16 3 1 3 2 2 1 1 12 1 1 1 1 3 1 1 1 2 7 3 1 2 2 2
1 1 1 9 8 1 1 17 1 1 1 3 2 1 1 2 2 1 3 1 41 23 2 2 2 7 2 5 1 2 3 12 2 7 4 1 3 3 3 1 2 2 10 1 15 2 2 1 86 11 2 4 4 2 73 1 3 2 3 2 2 2 7 1 1 6 2 2 4 2 1 2 4 9 392 3 2 1 1 2 1 7 20 1 19 2 1 1 1 1 10 4 2 3 1 3 2 1 1 1 1 1 5 1 2 1 1 1 1 3 1 1 2 1 11 2 5 2 4 33 1 2 79 2 1 2 8 6 5 3 3 6 8 39 2 2 2 11 1 2 1 1 2 2 1 12 1 8 4 2 2 2 6 3 9 238 1 2 2 10 2 4 2 1 15 2 2 5 1 3 1 1 16 2 1 1 1 1 3 2 3 12 6 2 1 1 2 1 182 2 2 7 2 2 1 2 1 1 2 3
9 3 1 1 2 20 2 3 1 10 1 2 1 1 1 2 1 7 15 2 1 1 1 1 4 1 2 1 3 2 1 2 2 4 29 1 2 2 1 6 3 1 2 3 1 3 2 1 6 2 17 1 8 1 3 4 3 2 2 1 1 2 3 3 2 2 1 1 4 8 2 3 6 1 4 1 1 20 1 2 1 4 6 1 4 2 2 1 7 2 9 1 3 1 2 63 2 3 2 6 1 2 10 1 5 1 1 1 1 2 7 6 1 2 1 2 1 2 1 1 1 3 1 3 2 1 3 1 31 52 1 3 3 4 1 4 123 11 2 2 2 2 1 1 5 2 3 3 4 1 2 4 5 1 2 1 1 5 2 1 1 3 1 5 10 7 16 2 3 2 4 1 1 9 1 1 5 2 2 3 1 2 2 3 1 2 32 62 4 2 2 1 2 1 1 2 1 5 3 2
3 11 20 3 1 3 1 2 1 7 5 1 1 9 3 1 38 1 1 3 1 1 1 4 1 2 1 3 9 1 2 2 1 2 3 4 3 20 2 2 2 2 2 5 4 2 8 7 2 4 1 5 1 40 6 1 6 2 1 1 1 4 16 9 1 4 2 2 3 1 1 4 67 2 1 4 3 1 2 1 7 4 7 2 1 2 1 1 4 5 2 6 6 2 16 11 1 1 2 1 1 8 3 9 2 6 23 3 1 3 6 1 30 1 1 2 10 18 1 14 2 4 1 2 4 2 41 2 9 1 1 3 14 4 7 1 2 2 1 3 1 1 2 2 3 1 2 6 2 1 19 4 7 1 5 1 1 1 2 1 2 2 5 2 2 9 3 48 6 13 4 1 1 12 1 12 3 2 1 2 3 2 8 2 1 2 8 3 4 1 2 1 3 1 1 3 2 1 2 2
1 19 68 2 2 2 2 18 2 3 5 2 3 1 3 1 1 27 1 164 1 1 4 4 2 4 1 1 1 1 45 2 1 2 1 2 3 14 1 7 2 2 3 3 2 1 5 1 1 1 6 3 2 16 2 2 4 2 2 2 1 25 1 30 1 6 4 2 2 67 4 1 2 1 13 2 1 1 1 4 4 2 3 1 1 3 1 19 2 7 1 8 1 2 22 2 20 1 10 2 15 3 3 3 1 2 1 2 2 10 1 1 4 1 3 1 2 1 23 2 1 4 3 2 23 1 1 2 1 1 2 1 1 1 10 1 4 1 6 22 1 5 1 190 4 2 1 4 1 2 3 1 2 2 1 13 2 37 10 1 1 3 2 1 1 2 2 2 2 2 5 2 2 1 2 1 22 10 15 2 9 14 1 2 2 10 8 7 4 2 5 24 1 3 1 2 6 1 2 2
2 13 2 1 5 6 2 2 3 2 1 3 2 1 36 25 2 5 1 2 10 1 2 2 1 2 1 4 5 3 2 2 3 4 9 1 1 23 19 1 6 2 3 32 1 2 8 11 1 1 2 3 3 33 3 44 2 2 2 3 2 4 2 1 2 3 1 1 1 2 4 5 2 1 1 2 1 1 2 3 3 1 2 2 2 1 2 2 4 2 2 2 92 3 2 2 3 9 46 4 2 5 1 3 2 3 3 2 22 2 1 1 3 2 2 1 3 1 3 2 2 2 2 1 3 1 2 1 2 2 2 2 2 1 22 1 3 26 4 1 1 1 17 5 4 26 18 1 1 1 12 1 7 1 8 17 1 2 1 3 1 26 3 1 2 2 1 1 2 1 14 1 2 2 10 1 1 3 1 2 7 4 3 2 5 19 2 1 2 1 6 1 1 21 1 3 1 7 13 1
6 2 22 2 2 13 1 11 2 6 4 3 1 2 4 1 2 1 4 8 1 1 3 1 1 5 7 4 1 4 3 1 1 6 1 3 3 4 32 3 2 1 3 1 48 1 5 1 2 2 2 13 34 17 4 3 5 2 5 18 2 5 3 16 2 2 9 2 4 2 5 2 3 1 27 9 4 7 1 2 1 3 1 2 4 1 1 2 2 1 3 11 1 5 3 2 2 3 4 14 12 2 2 3 2 13 46 5 11 2 2 6 1 4 1 11 1 2 3 2 2 1 2 1 2 2 1 2 1 12 3 1 2 2 6 8 19 2 1 1 2 8 1 34 1 5 5 2 1 5 2 3 1 3 2 2 1 2 2 5 1 7 3 2 1 5 1 1 23 87 3 4 2 1 1 3 14 1 1 4 2 4 2 4 3 3 1 3 1 5 2 1 2 2 1 4 20 32 2 3
3 1 1 6 1 6 2 4 14 2 2 1 1 1 6 7 2 1 1 2 1 4 1 1 1 3 1 2 1 13 2 5 6 10 2 1 9 1 3 4 5 5 6 2 2 5 1 8 36 1 1 4 1 1 2 1 1 5 85 1 1 3 14 1 7 2 3 13 3 2 1 4 1 3 2 1 2 1 1 2 1 2 1 3 5 3 1 2 2 1 2 2 2 12 1 1 7 4 2 2 5 2 2 2 2 2 9 17 11 2 2 1 3 2 2 1 1 3 1 3 1 4 2 2 25 2 3 1 1 5 4 8 26 3 2 2 2 2 9 2 7 3 1 46 2 1 5 2 2 2 2 2 4 4 3 2 14 1 1 2 9 14 7 4 2 1 1 1 1 1 2 2 3 2 1 2 3 6 4 2 34 3 1 2 1 18 1 1 1 1 1 2 2 2 1 2 21 2 1 3
3 17 164 1 1 40 3 1 2 2 1 2 1 1 10 15 1 13 3 1 1 2 30 2 5 4 1 2 2 2 2 1 3 4 1 1 2 2 1 12 5 1 5 1 11 1 2 4 4 1 3 1 2 4 1 3 4 1 9 2 9 7 3 37 2 256 7 2 1 6 2 4 1 2 3 7 1 2 2 3 1 73 2 3 23 2 1 20 6 2 1 4 4 2 1 13 3 1 2 6 1 5 3 1 1 5 2 4 2 29 1 1 23 2 2 2 3 29 1 2 2 2 1 3 2 2 2 1 2 5 2 16 6 9 1 3 1 3 1 17 1 16 1 8 6 2 1 5 2 2 20 2 1 2 170 26 2 2 1 3 2 1 2 3 2 14 2 2 23 2 1 2 6 3 5 1 1 13 2 3 5 1 1 3 1 2 2 6 2 3 1 3 1 1 2 1 1 64 2 113
2 2 1 3 1 2 4 8 1 1 2 6 1 4 1 2 1 2 2 1 1 14 1 2 1 9 2 1 1 113 1 2 1 1 7 2 4 2 2 2 2 1 2 3 3 2 3 2 3 2 2 41 4 1 296 2 17 1 1 2 1 1 1 1 1 4 7 6 2 3 2 17 2 1 1 3 4 1 6 10 3 2 8 2 2 2 1 7 4 2 2 7 9 3 3 1 9 2 2 2 1 1 4 3 1 1 37 2 2 2 1 2 2 1 21 1 2 2 1 3 2 2 2 8 3 4 2 4 2 3 6 1 4 1 2 1 2 7 3 6 2 2 4 1 14 1 1 2 2 2 2 5 7 1 9 5 2 3 1 2 1 6 2 4 2 1 22 1 2 2 1 3 3 2 2 7 1 1 13 1 6 1 81 1 2 17 6 1 3 24 5 2 1 2 2 3 2 1 4 1
13 2 2 1 1 4 22 4 3 3 6 4 6 1 18 2 3 7 4 2 12 7 1 1 1 6 1 1 8 1 2 6 2 1 2 2 1 1 1 1 3 1 1 4 2 2 1 10 2 2 1 1 2 2 1 1 1 36 10 1 2 8 1 1 7 1 1 1 1 2 2 1 1 8 4 11 2 1 1 1 77 4 3 2 10 1 1 10 2 3 2 4 1 1 4 6 2 3 10 12 2 151 1 3 1 3 6 2 1 1 1 7 1 4 7 10 3 1 2 37 16 7 2 3 1 3 3 5 2 17 2 4 1 1 1 1 1 2 5 1 5 2 2 2 1 1 3 1 1 2 2 4 1 6 2 1 3 1 2 4 1 96 1 4 4 13 12 4 2 7 2 2 77 1 5 1 3 1 9 5 3 1 1 7 3 13 1 3 3 11 2 3 1 2 4 29 3 2 1 3
2 11 3 2 1 2 2 4 2 3 24 1 2 2 3 1 1 2 1 2 2 9 4 2 1 1 1 2 1 3 1 8 2 2 9 1 3 1 4 1 1 6 5 1 5 2 4 1 1 1 5 6 2 4 1 1 2 5 4 2 7 6 7 6 2 90 1 1 17 4 1 2 1 28 1 1 1 2 2 1 2 2 2 1 266 2 2 2 2 2 1 2 2 2 22 1 1 1 2 7 3 1 5 1 1 17 3 2 1 2 3 2 2 8 2 1 2 2 2 2 1 1 1 1 1 1 1 2 2 10 2 14 18 2 1 1 3 7 1 1 1 6 1 2 1 2 2 3 2 26 14 1 1 1 2 2 335 4 2 5 9 1 32 2 1 3 1 1 1 6 2 2 1 8 1 34 1 2 1 2 4 7 2 3 1 1 7 2 1 9 3 3 1 2 1 1 1 1 1 5
2 2 1 3 1 1 1 4 8 2 2 21 28 7 3 2 1 3 1 1 1 1 1 4 43 2 2 4 11 1 3 3 3 1 2 2 2 4 2 22 2 17 2 65 2 2 3 2 3 8 2 1 1 4 1 2 1 2 1 1 2 3 2 3 1 8 4 3 1 1 2 1 1 1 3 1 2 1 2 1 2 8 2 4 1 2 4 1 2 1 1 1 17 3 7 2 3 1 1 5 1 1 2 12 1 1 16 3 2 6 5 1 8 10 2 1 3 1 2 20 1 2 26 2 8 2 2 21 3 9 2 2 1 6 1 4 1 2 4 1 2 3 2 3 1 4 3 3 7 3 2 1 2 54 2 1 11 3 1 1 6 1 3 1 5 1 3 1 3 1 1 1 4 3 3 3 2 3 2 1 4 5 1 1 3 10 2 1 1 1 1 4 1 1 2 1 1 1 1 1
3 16 1 3 5 282 6 4 2 2 1 6 3 2 2 5 23 1 1 2 2 1 1 5 16 1 2 3 3 2 2 1 2 4 1 2 2 6 1 3 2 6 1 2 1 6 2 3 6 1 5 1 1 1 1 1 6 1 2 1 1 1 1 5 3 1 2 3 2 1 1 1 5 1 1 1 2 2 2 4 2 31 3 2 1 2 5 3 2 2 1 2 5 2 2 1 5 2 3 3 2 2 3 2 16 1 6 3 2 3 1 19 2 1 1 1 2 2 2 2 2 1 1 1 1 38 2 15 1 4 2 2 3 6 3 5 1 1 4 7 2 2 9 2 1 31 3 8 1 2 2 6 1 1 1 4 2 13 4 3 3 6 2 1 2 1 1 350 6 4 3 50 1 4 2 2 1 9 2 2 4 1 2 2 1 2 1 3 88 2 7 3 3 2 23 3 6 3 1 2
4 28 1 5 1 31 6 1 1 2 13 1 15 4 1 2 7 3 1 3 6 5 3 2 2 1 2 3 6 1 2 9 4 20 2 2 1 35 1 1 4 1 4 1 1 3 1 15 43 2 2 7 7 3 2 8 5 1 1 1 2 159 2 2 2 28 2 1 1 7 1 2 4 1 5 22 4 1 2 3 1 4 3 1 3 21 2 6 2 1 2 26 5 2 2 1 3 1 35 3 2 6 1 1 10 1 1 1 14 3 6 3 2 2 2 2 6 1 6 1 1 1 3 1 1 3 3 1 3 1 19 2 1 9 1 1 2 3 5 1 1 5 3 1 2 1 5 1 1 3 10 3 2 7 3 3 3 7 3 2 1 1 2 4 2 13 1 2 2 1 6 1 1 2 10 16 3 1 2 8 1 2 2 3 15 5 1 2 1 2 1 1 1 1 1 4 1 50 1 1
5 1 6 2 6 1 1 2 2 2 3 15 3 1 1 1 8 2 22 1 2 11 3 1 1 1 1 2 2 2 2 1 1 2 3 14 3 3 3 1 2 130 1 1 1 1 5 2 2 2 1 3 3 2 2 3 9 2 25 26 2 3 5 3 1 2 1 2 2 2 2 2 2 18 2 2 1 3 1 1 22 2 8 1 9 1 7 69 5 1 1 4 1 3 2 3 1 2 2 1 5 2 2 3 2 2 1 2 4 1 3 8 7 1 48 9 1 8 1 4 2 2 1 2 1 5 1 1 1 3 1 1 2 2 1 9 271 3 1 3 8 2 1 2 2 1 4 6 4 2 2 1 3 4 3 5 11 3 1 1 2 5 2 1 1 100 2 2 2 3 1 1 2 3 8 2 6 17 14 4 3 7 4 5 6 1 2 3 1 2 4 2 2 2 21 2 2 1 3 7
1 3 3 1 1 1 4 3 63 8 1 44 1 4 27 5 2 13 6 1 1 2 5 5 1 2 4 3 2 1 1 1 7 2 1 4 2 2 20 5 2 2 2 3 2 1 2 2 1 2 3 2 2 6 9 3 1 2 30 2 7 1 3 1 1 2 9 1 8 1 4 3 3 2 7 4 2 3 4 2 3 25 2 4 1 4 3 2 3 2 2 1 1 2 1 1 9 9 5 1 4 9 1 8 5 3 1 1 2 1 1 3 3 8 4 1 2 5 2 2 3 1 3 1 4 2 3 2 1 2 2 2 1 2 1 12 1 3 4 6 2 2 2 3 3 2 2 8 2 3 1 1 3 2 2 2 2 3 1 2 2 11 25 4 2 1 6 3 2 2 4 3 1 2 3 10 21 2 2 1 1 1 1 2 1 1 1 1 8 2 1 17 1 2 2 2 2 1 2 6
4 2 8 2 1 6 1 1 7 5 2 2 4 2 2 2 4 1 2 3 2 2 2 1 5 3 1 2 2 8 45 1 3 3 2 1 5 1 1 2 8 1 2 2 2 1 2 1 2 1 8 2 1 1 60 3 3 1 1 2 1 1 1 2 1 1 1 1 8 5 2 1 2 9 1 4 4 1 2 2 2 1 1 1 33 2 2 1 1 3 1 3 1 2 2 4 6 4 2 1 1 1 16 2 13 6 2 3 1 1 2 1 6 1 3 7 1 32 9 2 8 1 1 2 1 3 2 3 1 1 2 3 6 1 6 2 1 17 1 2 3 4 1 1 11 2 4 2 3 4 2 2 1 3 1 3 2 1 1 1 3 1 2 4 2 2 1 6 1 1 2 55 5 1 1 6 2 5 4 44 1 4 7 2 13 2 9 2 4 1 2 1 2 3 1 1 1 4 3 1
1 4 2 1 2 1 1 7 2 3 5 14 11 5 4 10 25 44 10 1 1 2 2 4 3 2 18 3 2 17 3 3 1 1 4 6 1 2 6 6 3 2 3 1 2 3 3 4 3 1 5 3 4 1 1 1 1 6 1 2 1 2 2 1 1 21 1 2 11 3 3 9 1 1 7 2 2 2 1 1 3 2 1 2 3 2 1 1 27 1 1 1 3 2 1 4 1 3 1 3 8 7 17 1 1 9 1 3 1 1 2 2 5 2 1 1 3 6 1 1 1 3 2 3 6 5 2 1 1 1 8 1 2 3 1 1 1 2 7 9 4 4 3 1 1 2 6 2 6 5 2 29 3 1 2 4 4 2 1 3 2 1 2 1 4 1 1 4 2 1 1 1 3 33 1 2 2 1 11 6 1 1 1 8 3 1 2 6 1 2 1 2 7 1 2 1 5 1 2 1
5 2 2 4 3 1 3 10 2 2 2 2 12 4 2 3 1 1 2 1 1 2 3 2 2 4 1 1 2 6 2 3 2 1 1 2 2 1 1 3 1 1 12 1 2 2 4 1 1 1 1 12 1 3 6 3 7 2 1 1 4 16 8 1 9 1 6 4 1 2 3 1 15 7 6 1 2 1 2 4 1 12 3 1 1 3 1 6 2 1 7 2 2 2 1 10 2 1 3 5 1 1 1 3 3 67 2 2 1 5 3 1 2 1 1 1 20 3 2 1 1 3 1 17 3 4 1 1 3 1 3 1 1 3 5 2 3 2 1 4 2 2 4 4 1 2 4 12 2 24 2 9 1 2 10 1 2 1 1 3 2 2 1 2 4 3 9 2 7 2 2 1 12 1 1 1 3 1 13 1 2 2 1 8 1 5 1 8 1 1 14 2 1 2 12 2 1 2 3 3
1 3 2 3 3 2 6 1 11 1 2 82 2 1 20 20 98 1 3 1 2 2 1 2 5 1 1 1 1 5 1 1 1 6 4 1 5 1 4 6 6 3 2 3 4 5 1 7 1 1 3 2 1 2 1 5 2 1 1 2 1 5 2 1 2 15 2 5 3 3 1 3 2 4 3 1 2 3 1 2 5 3 12 2 4 3 2 2 2 3 2 3 3 1 5 21 2 8 5 2 18 2 2 94 8 2 2 23 1 1 5 2 2 15 5 1 2 3 2 1 1 1 5 2 2 1 1 1 2 3 3 13 7 2 1 7 3 1 3 1 10 2 3 1 1 2 4 1 9 3 3 1 2 3 5 10 2 2 1 15 1 1 1 7 5 1 1 3 2 2 1 192 2 1 7 2 1 3 3 252 14 2 1 17 2 1 2 1 1 2 5 4 3 1 2 3 1 2 5 2
2 1 1 3 1 7 2 2 2 4 1 2 2 2 1 1 1 1 2 2 4 1 2 1 5 4 1 9 12 1 1 10 1 6 1 2 1 4 3 2 1 42 10 1 7 2 16 2 1 2 2 13 4 1 2 1 1 1 3 5 14 1 4 2 5 1 2 1 1 61 2 3 18 2 4 4 2 2 2 1 102 1 2 2 3 2 2 1 112 1 1 16 1 6 1 9 1 3 3 3 5 13 2 7 5 1 1 1 12 7 3 1 13 18 2 2 2 1 3 1 1 2 6 21 1 3 2 2 4 5 11 9 7 2 2 2 5 9 2 1 1 2 3 2 1 1 32 1 1 60 3 1 18 3 2 2 1 13 3 2 6 7 2 10 3 4 2 2 3 1 3 2 1 2 7 1 2 1 2 8 5 2 6 2 2 1 18 1 7 2 7 2 1 3 2 2 10 1 1 2
2 3 1 1 29 2 1 13 1 3 1 2 25 7 1 1 3 3 1 12 2 6 1 3 2 2 1 4 9 2 1 1 1 2 2 2 3 1 2 1 1 1 5 3 1 1 1 1 1 2 1 1 1 2 4 15 9 1 1 3 30 1 1 15 2 1 2 2 5 2 1 1 2 4 2 2 2 1 2 1 26 26 2 2 2 1 1 2 1 2 9 6 11 4 1 1 2 1 3 2 6 41 1 6 1 1 1 1 2 1 2 4 1 47 5 2 1 9 1 1 3 3 2 2 9 2 33 1 5 3 5 20 1 3 29 19 2 1 1 13 14 2 57 3 1 14 1 2 2 1 8 1 1 2 5 1 2 19 11 1 3 1 3 1 1 4 1 1 6 2 2 2 2 36 32 2 1 1 2 2 2 2 126 2 2 1 1 1 2 1 1 1 1 1 2 51 1 4 2 1
1 9 2 1 4 1 2 1 1 1 11 3 2 9 1 1 2 2 1 5 6 2 2 3 4 1 2 2 46 3 1 1 1 1 2 2 1 8 1 1 15 7 3 9 1 2 2 2 2 1 2 3 2 2 1 1 1 3 26 2 2 21 3 2 1 2 9 8 2 6 5 1 1 3 1 20 3 1 2 1 3 1 3 1 3 1 2 7 5 2 1 3 8 28 1 19 5 1 1 2 1 4 5 4 2 2 4 3 28 1 2 1 6 2 2 2 1 3 3 6 4 1 3 1 3 2 1 2 1 1 5 6 1 6 19 3 3 1 4 4 8 1 2 2 2 2 6 1 3 29 3 1 4 2 2 2 1 5 1 2 20 1 10 1 11 2 9 11 2 1 1 1 2 1 65 3 4 1 2 1 3 1 10 1 2 1 2 1 3 2 3 2 7 31 9 2 5 25 1 1
2 2 2 1 5 2 1 3 5 2 3 3 1 2 2 1 1 1 1 1 6 1 3 3 1 8 1 4 1 2 5 7 3 2 51 4 3 1 2 2 3 1 2 2 2 3 1 2 66 1 3 1 3 7 1 1 3 2 4 1 4 2 1 2 2 8 3 1 2 1 2 1 1 3 2 2 1 2 1 21 2 1 1 6 6 2 3 1 3 18 2 1 6 3 2 6 3 2 4 2 1 1 1 6 4 1 4 5 1 2 2 2 27 3 2 5 2 1 2 1 1 3 2 2 96 1 1 1 8 2 2 1 2 1 21 14 1 3 1 2 1 5 1 2 1 1 1 2 136 5 1 2 12 12 13 3 1 1 1 6 5 1 1 3 1 3 1 4 66 3 2 1 3 4 1 2 3 2 2 1 2 1 2 2 1 117 1 7 2 1 1 24 2 4 1 2 3 2 2 1
1 1 5 1 4 1 2 12 11 2 1 6 5 12 22 3 4 10 30 3 1 2 3 3 43 2 1 1 5 2 2 3 2 2 1 10 1 1 1 5 2 2 69 1 1 1 2 2 1 3 3 15 2 1 3 1 4 2 3 2 1 3 1 6 2 2 1 2 8 4 1 8 1 6 2 2 2 3 14 2 2 59 2 3 1 1 11 11 2 1 2 1 14 13 7 1 1 2 5 27 4 9 56 6 4 1 8 2 2 55 2 2 3 1 2 2 1 1 2 2 1 4 1 1 3 1 4 1 7 3 3 3 20 9 1 5 7 1 1 2 3 16 2 18 2 1 3 9 3 3 2 25 1 3 3 1 1 1 1 1 1 2 5 5 4 2 4 2 19 127 3 3 2 1 50 3 4 1 3 3 2 3 14 1 3 1 2 1 1 2 29 2 1 1 24 2 1 2 1 1
1 12 2 1 2 3 2 5 2 1 111 5 4 2 10 166 1 6 2 1 4 1 1 67 2 1 2 2 5 2 7 1 1 1 2 1 1 4 3 2 4 1 3 1 2 1 3 2 2 127 2 2 1 4 2 6 1 1 9 15 2 1 1 3 4 18 4 46 1 1 11 3 2 5 1 6 2 2 5 3 1 1 2 1 3 6 1 1 31 11 6 1 3 2 1 1 3 1 2 2 1 2 8 2 7 1 33 1 8 2 1 1 8 27 4 1 6 5 10 6 1 2 1 1 1 1 1 16 2 2 7 1 1 2 2 1 1 4 1 1 4 3 36 18 2 35 1 6 2 2 2 2 4 3 1 1 1 2 5 1 1 1 1 2 2 3 1 1 1 112 12 2 4 2 5 1 2 3 6 1 33 2 2 8 13 13 18 1 2 12 2 6 1 1 2 4 2 1 1 4
2 17 1 5 1 1 3 1 2 2 8 8 4 4 5 2 9 6 2 2 6 2 1 2 3 3 1 1 1 27 4 1 1 2 1 1 5 3 2 1 3 21 7 1 2 50 4 2 1 1 2 3 2 19 3 3 1 2 2 21 4 5 2 1 7 2 1 11 1 2 2 2 1 7 2 1 1 47 2 2 1 1 41 1 2 2 1 1 1 8 2 2 8 13 1 3 2 1 1 1 2 1 1 3 2 1 11 1 3 14 1 1 1 1 14 1 1 1 2 2 1 20 11 1 3 2 3 2 6 2 2 3 3 1 1 1 4 9 31 16 9 2 2 2 2 1 1 2 1 115 2 9 3 3 1 1 1 7 4 6 16 2 13 1 1 1 9 10 46 4 5 1 19 1 6 1 7 3 2 5 4 5 4 1 120 3 19 2 10 5 1 4 2 2 2 2 1 139 3 2
4 4 3 2 6 2 7 2 4 1 3 7 1 2 17 9 2 2 2 2 2 121 4 4 1 6 1 1 1 1 2 12 2 1 6 1 2 1 2 1 1 2 1 2 5 316 1 1 1 1 1 1 4 58 3 2 2 2 1 2 1 1 1 1 1 97 1 1 24 16 2 6 2 3 5 10 2 1 2 9 2 3 1 1 3 3 7 2 446 3 1 1 4 4 5 1 1 1 2 7 24 1 10 3 1 2 1 2 25 3 2 4 275 2 15 3 5 1 3 3 1 3 2 6 2 2 24 4 2 3 1 1 1 1 4 1 195 1 2 2 2 2 2 2 2 2 3 1 2 10 11 2 6 1 5 13 2 1 32 6 3 3 28 1 3 2 412 5 10 2 1 1 2 3 1 22 2 1 2 3 1 2 1 1 1 16 1 2 2 3 4 7 3 1 4 1 1 2 6 20
1 2 2 2 1 1 2 2 2 8 1 54 2 1 8 5 1 1 2 2 5 1 1 1 1 2 1 1 1 9 2 1 2 1 1 2 2 24 3 2 2 1 18 3 1 4 2 1 8 4 2 2 1 1 2 1 1 2 2 1 105 1 2 1 2 3 6 1 2 2 10 2 1 2 1 1 30 3 3 4 4 5 2 1 18 2 2 4 1 5 225 1 1 2 305 5 3 3 4 4 1 1 12 1 3 2 1 4 2 1 5 3 1 2 1 3 3 3 2 1 6 3 2 3 4 3 2 128 3 2 29 9 2 4 4 5 2 1 8 4 2 4 2 1 2 2 13 29 1 4 1 3 3 1 1 1 32 2 6 2 1 2 1 3 8 2 2 3 1 1 9 2 1 1 2 3 1 2 1 2 1 2 1 2 1 2 4 5 5 2 2 1 14 1 2 2 11 1 2 1
2 4 16 3 2 28 3 1 1 20 5 3 1 2 1 2 2 14 7 1 1 2 5 7 2 4 1 4 1 1 5 2 2 2 2 4 1 1 1 1 1 1 1 1 22 1 3 2 2 4 3 1 3 4 1 2 5 2 8 6 1 2 17 2 7 2 2 5 5 6 1 7 1 2 34 1 29 1 223 3 2 2 1 1 2 2 2 8 32 1 2 2 4 9 4 12 1 2 18 1 1 1 1 9 2 3 2 2 2 1 2 3 3 1 1 5 2 2 2 1 1 6 1 7 1 7 5 2 2 2 1 1 1 2 1 3 5 1 1 1 2 4 5 4 1 5 1 7 1 1 1 12 4 280 16 69 1 3 7 4 2 1 46 1 6 1 2 1 1 3 4 8 1 7 10 2 4 1 2 7 3 1 2 4 4 5 1 1 1 20 4 12 16 3 1 1 10 2 3 2
2 1 1 6 2 1 1 1 1 1 1 7 2 2 5 2 9 6 4 7 2 4 2 3 1 1 3 1 2 4 2 7 9 2 5 1 3 3 2 1 1 5 1 3 4 2 1 2 1 7 1 2 1 2 1 2 2 7 3 4 1 1 4 8 2 5 25 10 6 10 2 3 4 1 3 7 2 35 21 1 9 142 1 2 4 1 4 2 1 2 2 2 2 2 1 2 1 4 2 1 2 54 3 3 6 1 3 10 58 1 4 24 1 2 9 373 2 2 7 4 2 4 1 2 1 1 2 2 5 2 2 1 1 5 3 2 1 1 3 1 10 2 266 2 34 3 1 1 2 2 8 1 1 1 3 2 1 4 17 2 1 9 2 3 1 1 3 4 1 1 1 9 2 8 2 1 3 5 2 1 4 2 2 3 1 1 1 13 8 2 1 3 6 1 3 1 1 2 3 1
1 1 2 3 1 3 2 3 1 1 12 2 4 1 2 2 1 2 1 7 1 1 15 2 1 2 3 1 1 12 2 2 2 2 2 6 1 3 2 8 52 1 1 2 2 1 1 2 2 1 3 2 1 4 8 1 3 2 1 4 2 3 1 5 1 1 3 2 8 4 9 1 39 1 4 2 1 1 1 2 1 3 1 68 2 9 2 2 1 3 2 1 1 2 1 4 5 1 2 3 1 1 9 3 1 2 2 2 1 1 17 6 3 2 1 2 7 1 6 3 1 5 7 3 2 2 2 3 2 1 1 2 1 2 2 6 1 2 8 3 21 1 3 1 1 1 2 19 2 1 16 5 3 2 2 2 3 1 3 2 15 2 1 2 3 1 2 2 4 5 11 2 1 2 3 4 7 100 8 42 2 1 4 1 3 2 4 2 2 21 2 4 9 5 1 6 1 2 2 2
8 2 2 1 4 2 1 1 4 8 3 3 2 3 30 6 14 2 4 1 2 1 21 13 1 4 5 2 1 3 2 1 7 1 3 1 2 3 2 2 2 1 1 23 1 2 6 1 1 1 2 2 1 2 13 1 12 5 4 2 1 1 2 1 18 1 2 4 2 2 2 1 1 1 4 2 13 3 2 5 2 1 3 4 1 1 1 5 1 8 10 2 2 5 4 1 5 2 12 3 16 3 241 3 2 1 6 1 1 2 1 4 4 45 3 2 1 5 5 1 1 1 5 2 14 1 1 4 1 1 2 2 3 13 2 4 1 1 3 3 1 1 3 3 15 1 7 2 2 1 7 5 1 9 1 1 1 4 2 2 1 2 2 2 1 3 2 10 2 3 2 2 1 5 2 4 33 1 2 2 1 1 2 1 1 5 2 6 1 1 1 4 6 2 3 2 2 1 2 3
1 1 1 11 7 9 3 61 3 1 1 4 4 5 1 1 18 8 6 37 8 2 1 213 3 1 2 1 1 2 2 3 1 4 2 6 2 2 1 2 2 1 3 2 2 1 1 2 2 2 1 47 3 2 1 1 1 4 10 2 12 3 1 16 1 2 9 33 8 2 2 1 2 1 3 2 2 11 9 9 2 1 5 13 3 1 2 2 3 1 2 1 2 6 2 4 3 4 2 3 1 5 1 2 2 17 1 2 3 1 2 7 12 4 6 2 2 2 1 1 3 1 2 2 2 2 1 6 2 1 1 1 1 1 7 13 2 3 38 12 1 4 2 1 2 2 2 1 4 2 2 27 3 1 2 1 2 1 1 3 1 1 1 1 2 3 5 25 2 8 1 2 1 1 1 3 1 84 2 1 2 2 4 2 3 3 2 2 6 1 1 1 4 1 7 3 1 3 12 5
5 1 2 2 1 12 2 2 1 2 8 2 2 1 2 2 2 2 1 2 1 23 11 2 1 1 19 2 1 3 6 4 44 2 24 1 1 67 3 13 2 2 2 1 1 1 1 2 1 30 96 2 2 1 2 5 1 2 3 2 2 3 1 4 2 2 6 5 4 62 1 8 16 2 16 1 1 3 4 24 6 1 4 2 2 18 2 5 7 1 1 16 1 1 2 6 1 7 1 7 2 107 1 2 2 1 1 2 2 1 2 3 2 7 2 3 1 2 3 6 1 2 1 1 6 16 2 6 5 2 1 13 1 3 2 16 3 1 3 21 17 6 3 3 25 1 10 1 1 1 15 3 1 1 1 10 2 14 2 2 1 5 41 2 1 1 1 6 2 2 3 3 2 3 1 3 2 1 1 6 2 1 2 2 2 2 3 4 10 142 3 6 1 1 3 2 3 1 2 2
2 1 1 2 2 1 3 82 3 2 2 1 2 1 23 11 2 2 2 6 1 5 7 27 1 1 10 2 2 1 2 5 2 2 6 6 1 1 1 1 3 4 2 17 2 4 2 2 1 1 2 2 2 4 12 2 1 5 2 4 11 2 16 12 1 2 2 4 2 2 75 2 3 3 2 1 1 5 43 1 3 9 1 7 3 2 1 3 2 1 3 2 1 2 1 5 1 12 3 24 1 2 1 9 15 6 2 5 30 1 1 1 1 2 1 1 1 18 2 6 1 10 2 2 6 16 3 3 2 2 1 14 3 3 5 1 7 1 1 1 2 1 1 1 11 1 1 1 1 2 2 4 1 75 15 4 2 1 24 2 7 2 2 1 17 7 3 4 3 2 3 1 6 8 36 2 1 1 5 4 9 1 2 4 2 1 2 3 3 2 2 2 9 4 1 6 3 4 4 2
2 1 3 2 1 53 1 3 2 1 2 1 1 2 1 1 344 2 1 3 4 1 2 3 4 1 5 2 2 3 1 1 2 5 12 2 2 3 1 1 1 2 1 1 1 1 4 1 5 2 1 10 2 15 2 1 5 4 2 246 92 4 2 2 1 3 4 1 7 2 2 1 3 1 1 4 1 1 2 1 1 1 2 1 14 62 2 2 1 1 15 1 4 17 1 2 2 1 13 2 1 1 1 3 2 16 1 8 1 10 3 2 11 2 3 1 1 2 3 1 2 2 1 10 2 1 1 2 2 2 1 4 1 9 3 2 4 2 1 2 3 1 2 14 8 7 3 1 2 5 2 1 3 1 1 3 2 3 1 23 2 5 4 1 3 1 28 1 3 1 1 5 5 2 3 1 3 1 1 1 2 2 5 2 7 2 4 2 4 2 1 2 1 1 1 2 5 5 4 1
47 11 4 11 2 2 2 4 1 1 2 1 1 1 13 2 2 1 3 3 107 1 2 1 2 2 1 1 3 4 6 1 2 1 5 1 1 5 3 1 2 5 21 1 1 10 5 3 1 3 2 3 1 4 3 1 14 13 4 1 3 2 1 15 2 2 2 1 1 1 1 5 2 3 2 3 1 1 2 3 4 1 3 3 15 3 10 1 3 1 8 1 3 1 3 3 366 5 2 2 1 1 1 4 2 1 1 2 2 5 10 1 1 5 10 2 2 22 1 1 3 1 15 6 5 1 17 3 25 1 2 2 3 4 1 2 4 2 3 1 4 261 1 41 2 1 2 308 5 1 1 2 2 2 1 2 2 4 4 1 11 3 2 1 1 1 2 3 4 27 2 6 2 5 2 3 4 3 14 3 1 10 1 6 10 2 3 1 2 1 4 2 2 1 8 3 12 4 10 2
4 4 1 2 3 5 2 2 2 8 2 1 2 2 33 2 3 92 1 1 46 2 6 5 72 1 8 7 1 2 11 1 18 2 1 2 3 1 3 1 3 3 11 3 2 1 29 88 2 2 1 1 1 3 2 2 2 5 1 1 3 2 3 12 3 5 2 28 4 1 3 14 3 1 1 1 1 13 47 7 1 2 1 2 1 1 1 4 1 2 1 6 1 3 1 1 6 2 3 2 4 1 2 3 1 4 1 1 2 4 1 13 2 1 5 1 1 2 1 6 2 2 2 1 4 4 1 9 8 5 1 1 1 4 1 2 2 2 5 2 1 7 6 1 2 2 2 13 1 9 2 3 2 5 2 1 5 1 1 2 2 3 4 1 4 24 1 1 7 1 2 2 2 5 2 8 3 1 2 3 1 1 6 3 2 1 4 1 2 1 2 16 2 1 2 6 3 1 2 1
1 3 1 1 13 3 1 2 4 6 1 2 2 96 3 1 1 1 2 3 2 1 2 2 2 1 2 1 12 21 1 2 1 7 2 89 1 1 1 1 6 7 37 1 1 2 4 1 10 2 1 2 1 2 2 1 1 1 1 2 4 1 1 2 2 32 1 1 1 4 2 1 2 3 17 7 1 2 1 2 1 7 2 1 1 2 3 1 2 115 4 7 1 2 3 5 1 1 1 2 1 3 2 4 3 1 1 6 2 2 2 1 2 1 27 1 2 5 2 1 1 4 11 2 4 1 3 2 3 2 1 4 2 2 1 3 2 1 3 2 8 1 5 3 3 2 3 4 1 1 2 1 2 1 3 1 6 10 2 3 1 2 2 2 1 1 3 1 1 3 1 6 1 6 7 1 1 3 4 29 10 4 5 1 3 4 1 1 4 5 2 2 6 2 1 1 1 7 12 1
1 4 1 5 3 5 11 1 1 2 1 2 9 1 3 3 2 4 7 33 1 5 2 7 10 1 1 1 3 3 4 1 7 2 1 3 1 1 20 1 1 5 4 12 2 3 24 2 1 2 2 1 3 13 1 6 1 1 2 5 3 4 1 1 8 1 3 1 1 42 4 1 5 6 1 49 2 3 3 1 7 3 2 2 3 9 1 1 3 2 2 2 3 7 2 2 1 1 1 2 10 4 2 1 2 13 2 1 20 3 3 2 1 1 3 3 3 1 1 5 1 3 8 1 1 1 1 1 7 3 1 1 9 4 2 2 19 2 5 2 2 1 2 8 2 2 2 2 3 5 1 1 1 1 1 2 2 2 4 5 1 2 7 1 3 1 4 5 1 7 1 1 25 2 1 2 3 1 5 8 1 3 5 1 2 1 4 13 3 3 6 1 4 1 2 1 13 6 2 1
2 3 2 1 6 4 1 2 1 3 1 5 11 1 4 2 2 5 2 2 1 3 1 3 3 1 3 1 2 2 3 1 2 7 3 9 2 7 3 5 1 12 1 2 2 6 2 1 1 5 1 2 63 4 1 4 3 2 2 2 2 2 1 1 1 2 2 1 1 1 2 1 2 4 1 2 1 19 2 1 2 2 1 1 1 3 1 2 3 2 2 2 1 1 2 3 1 2 2 1 6 3 2 11 5 7 1 4 3 1 3 2 8 1 3 2 1 1 64 1 3 4 1 1 2 3 3 23 3 2 20 1 3 8 1 2 3 226 17 9 1 1 447 1 2 1 3 1 3 16 1 30 5 2 2 1 4 2 25 1 2 6 1 2 1 1 4 19 2 1 1 4 1 2 101 2 7 1 2 3 1 2 1 1 1 1 1 2 1 1 2 2 1 8 3 1 2 1 2 3
2 4 2 1 2 1 5 2 3 1 2 9 1 8 2 2 2 6 10 1 4 4 5 3 6 4 3 1 1 8 3 3 3 104 6 317 2 7 6 3 2 42 2 10 24 10 5 31 2 3 4 2 2 1 3 2 5 6 4 3 9 2 1 2 2 1 5 2 3 2 1 1 2 14 47 2 3 4 2 1 1 1 4 1 2 8 1 1 2 1 1 1 4 6 3 2 1 2 2 1 1 4 2 3 2 11 1 1 1 1 1 1 2 2 3 2 2 28 5 1 2 2 40 2 2 2 7 2 18 12 1 3 6 2 1 34 3 1 1 3 1 1 2 1 8 1 3 4 1 1 12 1 2 2 8 1 15 1 4 1 1 1 2 5 2 1 1 2 2 1 13 1 2 1 3 2 1 1 1 1 1 4 4 1 2 4 114 3 2 9 1 2 1 3 1 12 3 1 3 12
1 4 2 2 3 4 8 1 1 1 1 3 15 3 2 1 1 13 1 3 1 1 2 4 1 1 2 3 2 4 4 1 1 31 8 2 2 2 2 1 1 1 1 88 1 17 1 2 2 6 1 2 2 1 2 11 1 10 2 14 2 5 2 7 33 1 1 11 2 1 2 2 1 3 2 3 3 53 2 2 3 1 2 5 1 4 1 10 1 2 2 1 3 130 1 8 11 1 1 1 6 8 43 5 1 3 1 1 2 9 4 2 1 2 1 7 1 2 2 1 3 1 3 3 1 1 1 3 2 1 2 3 3 2 2 2 1 2 16 5 3 2 2 1 3 3 2 16 2 1 2 3 1 1 1 2 1 2 16 2 2 1 1 2 2 17 1 1 3 2 1 10 11 1 1 16 2 3 4 1 4 7 3 5 1 10 1 10 8 2 2 3 1 2 2 2 2 2 1 1
8 2 4 1 1 1 7 4 7 5 5 1 1 2 2 2 1 1 12 2 1 2 1 1 3 37 3 1 1 4 2 8 1 1 2 23 1 5 2 2 2 2 7 53 2 1 1 1 1 2 5 1 1 2 1 17 3 1 2 2 2 1 1 3 2 1 1 1 2 2 2 2 2 3 2 1 2 2 1 2 11 1 1 2 1 1 1 1 4 2 1 10 5 3 31 3 1 1 9 2 3 2 1 2 3 2 1 8 2 2 10 1 2 2 1 5 4 2 10 1 1 1 1 14 2 1 2 2 2 1 2 1 3 5 2 2 17 2 3 9 1 2 2 1 1 6 3 7 2 4 1 1 1 2 7 1 10 2 2 2 2 2 35 1 4 1 3 3 1 2 2 1 1 1 1 6 1 2 1 1 2 1 5 1 30 5 78 17 5 4 11 7 1 2 4 1 2 2 2 4
1 5 2 2 1 1 4 3 25 3 2 14 1 1 1 4 1 3 1 13 6 3 9 2 1 1 1 13 4 2 3 2 15 2 3 2 2 1 38 2 4 1 17 1 1 2 1 4 2 2 2 2 2 18 1 1 2 2 2 2 1 2 2 8 2 1 2 5 1 1 1 1 1 1 2 1 1 2 1 1 2 1 1 2 2 2 2 6 2 17 1 1 1 1 3 5 1 18 3 2 2 1 1 1 2 4 1 7 3 3 12 2 1 8 4 27 3 4 18 1 3 1 1 2 1 8 1 2 3 16 6 11 4 2 2 2 4 2 3 1 1 1 2 2 2 1 1 2 1 2 2 14 39 1 5 4 1 1 86 3 1 1 2 384 2 5 1 6 1 2 3 1 115 2 1 1 20 2 2 5 2 1 7 2 1 1 2 1 1 2 1 9 1 12 23 1 6 1 37 2
12 1 2 2 1 3 2 3 3 28 2 1 2 2 3 3 4 1 2 1 6 1 3 1 2 8 3 1 3 1 2 1 2 1 1 1 2 1 1 1 1 2 1 5 16 2 1 2 1 5 2 100 2 1 1 1 46 2 1 4 3 2 1 1 1 2 2 1 2 4 2 7 3 2 1 1 1 3 2 1 4 3 3 3 36 1 2 2 2 2 7 4 46 1 1 1 3 1 2 2 1 1 1 2 3 1 3 1 8 1 1 2 2 1 1 2 1 2 1 2 3 2 2 1 2 2 6 3 2 3 2 5 4 25 1 1 1 1 8 1 5 2 2 326 2 3 50 3 1 1 15 7 4 2 2 2 5 1 2 1 11 5 1 2 1 2 1 3 2 3 78 2 8 6 5 9 4 1 1 5 3 9 4 9 1 1 10 2 2 6 2 3 52 4 2 2 5 3 2 1
3 6 2 5 6 1 4 2 1 2 2 158 1 1 2 2 2 1 2 3 2 1 1 9 1 6 1 3 4 2 3 1 3 4 1 4 2 2 1 5 1 10 2 4 2 4 4 3 2 2 2 2 1 3 4 2 3 2 2 1 16 1 6 1 1 1 2 7 2 12 1 2 2 1 6 1 4 10 3 4 1 1 8 1 1 3 3 3 1 3 6 1 3 2 7 1 2 1 1 2 1 2 3 33 6 1 1 2 1 3 5 2 2 1 12 3 5 4 2 2 2 4 1 4 3 7 2 2 3 2 1 2 1 2 1 2 2 3 10 2 1 2 1 4 1 3 2 3 1 2 6 1 2 10 1 1 1 2 1 1 38 5 1 63 1 3 2 1 2 2 2 2 2 6 1 1 49 1 1 2 57 2 2 4 1 3 2 1 1 1 1 2 1 2 2 10 1 2 2 2
5 1 1 2 1 1 5 4 3 7 3 2 39 1 2 5 1 2 1 1 10 2 10 1 1 1 2 1 3 3 4 3 7 2 2 2 14 7 2 2 3 1 2 1 2 1 2 1 2 2 1 3 1 2 3 2 3 1 22 5 2 14 1 1 1 2 3 1 5 1 20 4 4 11 6 1 1 1 2 2 11 1 3 1 1 1 8 2 3 2 4 13 1 1 8 3 1 2 3 2 2 21 1 7 11 15 28 1 2 2 2 2 2 1 3 1 6 1 1 1 1 1 15 6 1 23 2 2 1 1 2 1 1 2 2 5 2 2 2 24 13 3 1 1 2 1 2 2 192 5 1 12 1 2 2 5 5 2 1 22 1 7 2 2 2 16 1 2 40 2 1 2 1 4 1 2 1 1 2 12 2 2 2 4 13 1 4 1 1 5 3 3 1 1 3 1 2 2 2 3
1 1 1 3 1 29 1 2 2 1 1 1 2 2 4 57 2 3 3 8 1 2 1 2 1 2 1 2 2 1 3 7 2 1 2 155 34 2 2 5 19 4 5 4 1 1 3 1 1 1 1 1 25 2 3 2 3 2 2 11 1 2 9 1 1 5 3 13 6 2 1 2 2 18 4 1 2 4 1 7 1 6 4 1 3 4 2 2 3 5 4 3 7 8 1 13 110 5 2 2 1 2 13 2 11 1 4 4 3 3 3 3 2 1 5 2 2 7 4 2 3 1 18 1 18 1 1 3 1 1 1 2 2 1 3 17 1 4 1 2 4 1 1 2 1 1 3 2 1 9 2 2 3 2 1 20 6 1 17 1 1 1 5 8 1 1 2 13 1 2 1 1 2 1 1 2 1 1 2 1 5 9 4 39 2 20 3 1 2 3 2 2 7 4 3 2 1 5 3 1
14 1 24 2 17 2 8 3 2 5 2 11 2 16 1 1 3 2 1 3 1 1 9 16 1 2 1 5 1 3 222 3 1 2 4 3 1 4 3 1 2 5 4 1 2 11 1 2 2 4 28 1 13 2 2 128 13 1 6 4 17 1 2 6 4 133 2 1 2 1 4 2 2 3 37 1 4 1 4 2 1 5 3 6 3 2 7 4 3 6 2 4 2 3 1 1 6 3 5 1 2 6 1 3 4 4 1 1 7 333 13 118 15 5 11 1 1 10 2 6 1 1 5 1 15 2 6 1 2 1 3 1 1 1 3 2 1 2 2 57 6 1 1 35 3 4 3 5 1 1 2 1 2 2 2 1 2 3 1 4 3 1 1 1 1 2 10 2 2 1 3 2 6 1 2 41 4 12 1 2 1 1 1 3 1 1 2 5 6 1 3 2 18 3 3 2 1 2 3 2
1 2 24 1 1 2 9 1 2 2 2 1 6 7 3 5 2 1 9 1 7 5 1 1 1 3 2 3 1 2 9 2 1 2 5 2 2 5 9 1 2 29 1 3 2 8 4 2 1 2 4 3 2 1 4 2 3 2 1 3 5 3 2 1 1 1 1 2 10 1 2 3 1 2 5 2 2 1 6 1 1 2 2 1 7 24 2 7 2 2 18 2 2 5 6 1 1 4 2 10 1 2 3 1 4 2 1 1 4 12 8 1 2 8 1 1 2 2 4 2 2 1 2 2 2 1 4 4 3 1 3 1 4 8 3 78 3 1 2 2 3 1 4 1 11 6 1 119 1 5 2 350 1 2 4 1 1 25 7 1 1 2 5 3 20 5 2 10 1 1 2 2 2 2 2 2 1 6 2 2 10 1 105 2 2 1 2 1 1 7 4 1 2 2 13 2 4 10 7 2
2 3 3 1 2 1 1 16 1 1 11 1 3 3 1 1 5 3 1 4 2 19 3 2 3 1 1 1 1 2 4 3 5 1 1 1 2 21 2 5 3 1 3 48 5 3 1 3 2 11 4 2 1 3 2 3 1 1 1 2 4 2 1 3 2 2 4 4 5 1 22 20 2 1 1 51 1 1 2 4 4 1 5 10 16 1 15 10 3 1 1 4 2 1 1 25 2 1 1 1 8 41 2 2 1 6 1 11 1 1 3 98 2 3 6 4 2 1 2 2 12 1 1 3 1 1 29 11 1 1 4 2 8 1 3 1 46 2 2 5 6 4 1 1 2 1 1 2 1 3 2 1 1 1 1 2 3 2 1 1 3 2 1 1 2 2 2 2 9 1 1 1 2 2 2 2 2 1 2 9 1 1 3 3 2 6 28 8 2 10 364 2 1 2 1 2 2 2 1 4
1 2 2 2 2 1 2 10 3 1 2 1 1 2 2 2 1 1 1 2 2 2 1 24 1 1 1 1 2 1 1 3 1 2 1 2 2 5 2 1 2 2 7 280 4 8 2 2 1 1 1 2 2 4 6 2 1 2 35 1 165 1 5 2 2 1 2 2 5 1 2 4 1 1 10 2 3 2 4 1 1 11 3 1 1 1 1 1 2 2 1 2 1 3 2 2 2 1 2 1 2 14 1 2 2 4 3 2 6 9 1 1 2 1 2 1 6 7 6 5 7 2 1 1 1 11 2 4 11 2 1 22 2 8 6 3 2 1 3 2 3 10 8 1 8 1 1 2 2 3 4 4 2 9 2 5 1 2 9 1 2 3 1 13 1 5 1 1 3 2 1 1 70 1 12 53 1 6 30 2 2 2 5 2 2 2 1 3 10 2 1 1 1 1 1 41 1 3 1 1
1 2 1 127 1 2 1 1 1 1 2 1 2 2 2 48 2 15 1 25 1 1 1 1 6 2 2 3 2 1 11 3 8 2 1 3 3 2 4 4 1 2 4 2 3 1 1 9 5 4 1 16 3 20 1 1 3 2 2 3 2 2 1 2 4 1 26 1 2 2 1 7 3 2 1 2 1 2 2 1 2 2 1 3 3 2 1 1 4 1 1 28 1 2 2 1 3 7 14 12 14 1 6 1 1 4 11 3 8 2 2 4 1 2 1 1 2 6 2 2 1 1 4 2 2 3 1 3 1 3 8 2 3 5 2 1 1 1 1 2 13 2 2 4 2 19 8 1 8 5 3 2 1 1 2 1 1 2 2 2 3 1 2 1 5 2 7 2 1 2 1 1 3 2 7 2 3 2 5 11 4 10 1 3 1 3 1 2 1 4 1 3 3 2 2 1 18 10 4 2
2 1 1 3 3 6 1 1 1 2 2 3 1 5 1 1 9 1 2 1 2 1 1 2 7 1 4 4 2 82 1 3 1 2 2 5 1 2 8 1 1 1 2 1 95 12 2 6 2 2 10 1 2 2 1 3 6 3 2 1 7 5 12 5 2 5 2 11 2 2 3 4 1 2 7 1 2 1 1 2 1 3 9 2 3 2 1 1 10 82 1 4 3 10 3 6 13 4 130 7 35 2 2 2 1 7 69 3 2 147 2 5 20 3 2 46 2 11 5 178 5 1 3 9 1 1 6 3 18 4 1 7 2 6 2 1 4 2 1 145 1 2 14 5 2 2 3 2 2 2 1 1 1 2 1 1 1 2 17 1 1 1 2 2 4 2 6 8 2 1 3 1 1 2 1 4 1 1 11 2 1 28 151 1 1 2 1 1 11 30 6 1 6 1 1 1 365 3 4 1
8 4 2 2 1 2 1 2 1 4 16 4 2 1 8 150 2 11 5 2 3 2 2 1 1 2 2 1 10 7 1 2 1 2 4 3 7 1 2 2 1 2 1 2 1 1 7 1 2 2 3 2 2 3 7 1 2 45 2 2 2 5 3 14 8 1 1 1 2 1 4 1 3 1 2 1 2 2 13 2 8 3 3 5 5 163 2 9 2 9 1 1 3 2 3 10 1 2 2 2 2 2 1 2 5 1 7 2 1 1 2 27 3 1 14 1 1 2 1 1 1 6 2 1 1 28 2 3 1 3 1 1 1 4 2 12 1 4 5 21 1 1 2 3 2 1 2 7 4 2 3 16 1 3 3 1 1 38 1 1 2 1 1 44 1 1 15 1 4 2 3 2 2 2 3 2 1 4 6 2 2 3 5 2 1 1 3 2 8 2 14 2 1 2 2 2 2 24 2 2
9 1 8 2 1 1 10 4 3 2 4 5 1 8 7 1 2 2 3 5 3 4 1 2 1 1 5 10 3 5 1 1 2 4 1 1 1 3 72 2 3 1 1 7 1 2 2 13 1 1 4 1 2 2 2 1 3 4 1 1 16 2 14 1 1 4 1 3 1 2 1 5 14 1 2 2 1 1 1 1 1 1 2 1 14 5 1 3 2 2 3 3 2 3 1 5 1 2 6 1 74 2 2 1 1 8 1 2 3 2 1 1 1 2 1 41 1 1 4 1 1 1 1 2 2 1 6 1 9 2 2 3 2 4 1 1 2 1 4 4 1 7 6 5 1 3 2 1 1 4 6 1 1 2 2 12 6 1 2 1 1 3 10 1 29 2 6 1 3 1 3 1 2 3 2 7 1 1 7 4 1 2 5 1 13 2 1 1 1 10 1 2 3 4 16 2 3 4 2 2
2 2 2 2 21 2 1 12 43 3 1 2 2 2 5 2 1 2 6 2 7 2 5 2 1 5 2 1 2 1 1 3 1 3 4 5 1 1 1 1 2 3 1 4 3 1 2 2 4 2 1 24 5 1 1 3 6 1 2 22 42 6 147 2 2 8 1 1 1 3 4 2 2 1 3 2 6 2 1 1 1 14 1 2 2 2 4 3 1 2 4 1 1 6 10 3 5 15 1 1 2 4 4 2 1 1 1 1 1 1 1 2 2 2 7 3 6 2 1 5 1 2 1 2 7 1 2 58 3 1 2 2 6 8 1 2 1 11 35 2 3 1 3 4 1 1 4 1 6 404 2 2 1 1 3 6 2 10 105 2 1 1 5 2 1 10 5 1 1 1 9 5 1 4 4 2 2 1 1 2 3 24 7 2 24 5 1 2 2 2 1 3 2 2 6 1 6 1 8 1
4 7 2 3 2 6 1 1 9 1 5 3 52 2 1 7 1 1 2 6 1 7 3 9 4 1 1 1 83 1 2 1 3 2 2 3 3 5 2 1 2 3 1 3 1 3 1 1 1 41 2 1 2 1 2 1 5 1 18 2 1 15 2 5 1 1 9 1 1 3 1 2 4 1 1 1 8 2 9 3 2 1 1 1 4 3 21 2 17 1 3 1 2 1 12 1 2 22 3 2 2 24 1 2 6 1 13 2 1 4 10 2 2 3 4 2 1 2 1 7 12 7 1 2 3 7 5 1 1 2 6 2 1 3 1 1 2 8 1 13 1 1 1 1 1 2 3 3 3 1 1 1 1 2 3 2 1 1 3 2 2 3 3 17 1 1 1 1 1 2 3 116 1 1 1 15 1 5 2 1 1 3 3 1 2 1 11 1 3 1 35 21 4 2 1 2 1 1 3 1
6 2 2 11 4 1 1 2 1 1 2 3 2 62 2 1 1 2 1 2 1 3 1 6 1 1 3 3 1 1 4 1 1 2 1 2 1 1 1 2 1 5 6 10 13 2 1 1 7 5 1 1 2 1 5 3 4 2 1 1 3 2 1 3 5 1 9 2 2 17 1 1 3 1 2 1 14 2 2 1 2 2 5 1 5 1 4 1 27 1 6 1 2 1 2 2 1 2 3 1 4 2 3 2 1 2 2 1 3 1 1 9 3 1 92 2 1 3 1 43 5 59 4 3 1 5 15 1 8 2 11 2 3 1 1 16 3 14 2 3 3 3 15 1 10 5 1 1 7 2 2 1 1 1 2 1 29 3 1 1 2 1 3 1 1 4 1 1 16 4 1 1 2 2 1 2 1 2 3 2 1 1 8 7 1 1 2 1 54 1 1 1 1 3 2 2 34 3 1 5
2 2 4 1 6 6 2 61 1 1 5 9 2 1 22 2 5 2 2 3 6 2 1 2 1 3 1 2 2 2 4 3 1 5 1 1 3 2 6 1 1 4 1 1 2 1 51 2 1 3 1 1 1 4 3 4 2 1 1 5 3 2 1 41 10 5 5 6 2 1 10 1 2 2 1 1 3 3 1 5 1 1 2 4 1 2 1 1 5 2 1 2 2 1 2 2 5 1 1 2 2 1 3 2 1 18 1 3 5 1 4 1 1 1 1 1 1 2 1 1 7 2 1 2 3 1 3 1 180 1 2 1 1 4 3 4 3 1 3 2 3 2 2 1 2 5 2 2 1 1 9 3 1 1 14 1 5 1 2 1 2 1 14 1 3 1 18 1 51 1 2 2 1 2 2 2 3 1 1 13 3 5 1 1 1 2 1 1 1 27 4 2 7 3 4 6 11 2 1 1
2 2 1 1 2 1 1 3 4 1 2 3 5 2 1 353 10 1 29 5 5 2 1 3 2 4 1 3 2 1 11 2 1 7 1 10 1 30 1 1 1 2 3 2 2 2 3 1 9 7 34 2 1 2 2 64 6 2 3 6 3 3 1 2 2 4 2 25 2 1 2 5 2 2 1 1 6 3 3 2 3 1 1 1 2 5 3 3 1 2 20 2 6 3 7 1 6 3 1 1 3 3 2 1 23 16 1 28 2 8 21 1 2 3 1 1 2 1 6 2 2 26 1 1 3 12 3 4 14 1 1 1 1 1 1 2 46 19 4 3 7 1 5 93 11 2 24 1 3 16 1 4 3 7 2 2 1 10 5 1 5 2 2 1 1 1 2 4 3 1 8 2 1 14 1 1 1 1 3 3 11 4 2 10 1 1 2 2 99 1 2 6 2 3 2 1 1 3 3 1
1 1 375 2 5 5 1 1 2 2 2 2 1 1 4 2 6 1 1 1 4 2 8 2 1 13 2 4 7 2 1 2 4 3 1 1 20 1 5 1 2 2 2 3 1 2 4 2 2 4 4 2 1 1 6 4 1 1 1 39 1 1 2 1 2 1 2 1 24 1 1 1 5 11 2 1 6 11 17 4 1 3 1 2 2 16 5 5 1 4 1 2 2 2 1 4 3 2 5 1 1 1 1 3 1 2 15 6 1 1 3 4 7 1 1 1 11 2 12 3 1 2 4 3 1 49 5 3 6 1 1 2 4 3 1 3 1 2 1 2 1 2 1 4 6 1 56 2 1 2 1 2 2 1 1 2 1 1 2 1 5 1 10 2 1 1 6 1 3 2 2 1 2 1 2 1 3 1 2 3 1 1 1 2 6 1 2 6 4 1 1 4 2 1 1 11 2 1 3 9
2 7 2 6 7 1 3 1 2 1 5 2 6 1 34 3 1 2 13 4 1 18 2 4 2 4 2 3 27 2 1 1 3 4 2 1 2 1 5 4 2 2 2 2 2 2 1 3 4 2 6 1 8 1 2 88 4 2 2 2 1 7 1 2 11 1 1 1 2 8 1 21 24 2 5 20 3 1 2 2 1 3 1 3 2 3 2 6 7 13 1 1 16 2 3 1 3 2 1 3 1 5 1 1 2 1 2 1 2 3 2 19 2 23 1 2 1 3 8 1 1 1 1 1 8 1 1 6 1 2 8 1 1 3 1 26 1 1 1 2 1 7 1 18 1 1 1 2 7 1 1 1 1 1 2 1 13 2 6 14 3 1 2 1 5 3 1 1 1 1 2 3 12 2 11 1 1 3 1 1 25 2 2 1 5 1 1 4 1 174 1 2 2 2 16 7 13 2 2 3
3 25 5 33 1 1 1 2 3 1 7 1 3 10 1 3 2 5 127 71 2 13 2 6 1 2 1 1 2 1 6 87 3 2 1 1 2 1 2 3 1 1 1 3 2 2 2 23 2 1 2 1 7 2 1 2 7 6 3 12 1 1 5 2 2 1 4 30 1 6 1 82 1 2 4 32 2 1 11 4 2 2 1 3 2 8 1 1 4 1 5 5 194 4 1 1 2 2 11 1 32 2 1 1 2 3 2 6 4 2 1 2 15 1 4 1 1 3 2 5 4 5 2 3 1 1 1 317 2 11 25 4 3 1 2 1 6 3 1 1 1 1 3 5 4 2 6 6 6 2 2 2 1 1 7 1 1 4 2 7 2 50 6 2 3 3 5 3 1 3 1 4 4 3 4 2 1 5 2 2 2 8 1 2 3 3 2 1 34 2 3 54 2 4 1 5 2 2 7 1
27 2 6 79 3 2 2 2 3 122 2 2 14 1 1 1 1 1 8 2 3 2 1 1 3 19 7 2 3 3 3 3 1 2 1 2 2 8 5 2 7 1 3 29 1 2 1 1 2 5 3 1 5 22 1 1 1 1 1 1 66 2 18 1 1 2 17 5 1 1 1 1 43 1 6 1 2 1 1 1 1 17 1 7 3 1 4 1 2 2 13 2 2 12 5 8 10 3 2 2 2 2 2 4 2 3 2 3 4 10 3 9 2 1 27 5 1 2 1 2 4 5 1 23 2 12 1 2 2 1 2 1 1 1 21 3 3 2 1 1 2 4 3 2 3 4 104 10 1 2 1 32 2 1 5 2 21 2 3 7 101 2 4 5 14 1 1 1 2 3 2 1 3 11 1 6 10 2 6 1 2 8 1 10 3 1 1 16 1 1 3 2 2 9 1 1 5 2 2 3
1 4 1 11 2 1 1 1 10 1 3 4 4 4 3 2 16 107 2 1 2 3 2 1 6 1 1 2 4 1 2 1 2 3 1 1 2 3 1 1 2 4 1 1 2 1 1 3 1 2 1 3 1 8 4 5 1 2 1 2 14 1 1 3 2 2 5 4 1 3 2 1 26 1 2 1 4 3 15 1 9 1 1 5 3 5 9 3 2 1 1 2 3 1 9 2 8 2 6 9 3 1 2 2 7 2 1 3 3 8 2 2 1 1 1 3 7 1 2 1 1 15 48 4 1 2 2 2 1 3 9 3 2 2 1 4 6 1 5 8 51 1 1 14 1 4 30 7 3 18 1 1 1 3 1 2 2 1 4 2 3 52 2 1 1 2 2 1 5 22 5 2 6 4 5 1 2 15 1 1 3 1 2 3 4 12 6 1 1 11 19 25 9 3 2 1 2 22 3 1
2 1 6 14 5 2 2 2 1 19 2 6 2 1 2 31 4 2 1 2 3 3 124 1 1 7 2 2 7 12 3 1 1 3 2 2 2 1 5 6 1 2 11 9 1 1 2 18 1 4 1 1 2 1 1 1 1 2 3 10 3 2 2 2 19 2 4 4 2 2 1 1 1 1 1 1 1 3 5 1 2 2 7 5 2 2 1 2 1 2 1 1 2 1 2 8 15 1 1 18 15 2 2 1 2 1 1 3 10 14 2 1 11 1 13 5 17 1 104 2 1 3 2 2 7 2 5 1 4 11 4 1 1 2 14 3 7 1 5 1 2 2 2 5 2 3 2 17 3 1 1 2 1 2 2 43 2 5 1 1 3 3 2 1 2 13 1 1 5 3 2 4 18 1 4 8 2 1 1 2 1 2 12 4 2 27 1 3 1 1 2 1 2 2 3 3 2 33 2 1
1 1 2 3 1 7 10 1 2 1 2 1 1 2 7 2 1 3 5 2 2 1 2 2 5 2 20 1 3 5 129 3 2 1 276 2 3 2 2 1 3 2 4 4 1 3 1 3 1 8 7 1 3 3 7 6 3 4 1 7 3 5 1 1 1 1 2 1 3 3 1 1 2 4 3 1 1 2 9 1 2 9 2 3 2 233 20 2 5 2 109 7 114 1 2 2 3 4 3 2 2 1 7 1 1 1 3 1 2 4 1 4 2 13 4 4 2 2 184 1 1 1 3 2 3 1 2 1 2 2 2 2 1 2 2 1 26 2 3 2 3 1 1 1 1 2 1 1 2 1 4 1 4 1 8 6 3 5 3 2 3 3 4 1 2 1 2 7 1 1 3 6 1 1 2 1 1 1 12 1 3 1 4 2 2 2 1 2 3 1 3 2 1 3 9 3 1 3 39 1
1 2 2 1 1 1 2 1 2 1 9 365 9 135 1 2 2 2 55 2 1 5 5 2 1 11 6 1 3 1 3 28 2 1 2 1 1 3 2 2 4 16 1 2 2 2 11 2 1 1 1 5 1 2 1 3 1 6 1 1 1 1 6 3 7 3 1 2 1 1 2 6 1 1 1 1 24 2 1 1 2 5 2 4 1 6 2 7 1 8 1 2 2 1 2 7 1 1 2 63 1 6 1 1 2 2 10 1 5 1 3 3 3 2 1 1 56 13 1 2 1 2 1 4 6 3 3 1 2 2 1 18 1 3 2 2 3 6 12 12 1 1 1 1 3 16 2 1 1 4 2 2 2 3 1 1 4 1 3 5 2 90 1 1 2 1 6 1 159 1 6 10 5 5 3 5 1 10 1 2 1 2 3 1 2 1 1 1 2 2 5 3 2 1 1 2 11 3 4 2
12 7 1 4 1 2 3 2 2 2 2 1 3 5 1 2 2 18 8 2 1 1 4 1 4 1 1 1 1 3 4 1 4 7 1 1 4 1 1 1 3 2 1 1 1 1 1 1 5 4 8 2 2 4 4 5 1 1 1 1 1 2 1 1 3 1 2 1 2 1 4 1 1 2 1 2 2 2 1 1 2 10 2 2 1 10 1 2 1 10 2 1 1 3 1 8 1 1 1 2 51 2 1 2 1 9 1 2 1 97 1 3 2 2 1 5 3 2 5 1 1 4 1 3 9 2 6 2 2 1 3 6 2 2 2 3 1 1 1 2 1 5 3 2 3 2 1 3 2 3 1 1 13 1 3 2 4 1 2 11 9 1 10 1 2 4 2 1 10 4 2 2 12 1 1 2 1 2 18 2 2 1 2 2 2 1 1 1 12 1 1 2 1 3 1 2 4 1 2 2
1 1 8 2 7 7 4 2 2 2 1 3 1 2 5 1 10 4 1 1 6 3 4 7 1 1 1 6 2 2 3 1 2 11 3 3 2 1 1 3 3 11 1 2 1 2 1 5 2 5 2 2 1 2 25 1 4 1 2 2 9 6 2 3 3 4 1 4 2 2 1 1 6 1 1 47 13 4 131 2 9 5 2 3 1 32 61 1 2 3 4 1 1 1 2 4 1 1 9 1 2 2 1 1 5 6 1 14 1 1 9 2 4 3 3 1 8 30 1 2 136 10 1 1 2 3 321 1 1 13 8 2 2 1 2 2 2 3 3 24 2 1 1 3 1 1 7 5 9 1 1 3 2 1 2 1 2 13 4 7 4 143 4 1 2 4 4 2 2 2 13 26 2 1 1 7 2 2 16 1 2 15 3 12 1 1 1 3 2 16 1 2 81 3 6 4 1 1 2 11
139 2 2 2 2 2 8 1 2 4 3 3 7 1 1 1 5 2 5 97 2 9 1 3 1 7 4 6 4 1 2 1 1 2 1 7 7 1 1 2 1 2 2 1 1 1 1 1 4 10 2 4 3 13 1 2 1 1 2 1 3 2 5 2 1 2 5 1 1 1 17 8 1 2 2 10 2 1 1 1 1 1 3 2 2 1 15 4 2 3 2 2 2 1 10 23 1 1 6 2 1 1 2 1 1 7 4 4 2 4 3 9 3 4 4 1 7 5 3 1 2 1 2 2 1 3 11 4 4 1 2 2 1 3 3 5 2 2 7 165 2 1 1 2 24 6 1 1 13 9 2 1 1 55 2 1 1 2 9 3 5 1 2 2 1 3 3 2 2 1 2 1 2 6 8 5 12 20 13 2 1 4 1 28 4 2 2 4 4 1 1 1 2 2 8 2 3 16 2 2
2 4 2 1 2 3 9 15 5 1 10 2 1 1 2 4 2 5 1 3 2 1 1 7 1 2 1 15 4 32 1 1 3 1 3 1 1 1 1 2 1 1 4 5 10 4 1 5 1 2 1 14 2 1 1 2 1 1 2 11 2 3 2 24 1 2 1 3 1 2 2 1 3 2 3 4 6 2 1 4 4 1 8 2 2 2 2 1 1 1 8 3 1 1 4 2 1 1 1 9 4 6 1 1 6 1 3 3 4 12 1 1 1 1 1 2 2 3 1 19 23 3 2 16 2 1 3 1 4 4 4 2 1 2 44 8 6 6 5 5 2 1 4 5 2 4 1 1 2 2 3 5 4 2 2 50 2 8 1 6 1 1 1 7 7 1 1 1 2 1 1 1 1 2 4 1 1 4 1 4 2 3 1 1 8 55 257 1 1 1 2 23 13 1 2 2 1 2 3 5
1 2 2 2 1 1 16 2 2 5 1 1 1 10 3 1 15 3 2 2 2 1 2 1 1 3 3 59 33 3 2 1 3 5 35 1 3 9 3 2 1 1 2 9 23 2 1 3 1 2 1 1 1 5 1 2 20 11 2 1 2 1 1 1 1 4 1 5 1 11 15 2 1 1 3 21 1 4 2 3 10 1 1 2 2 3 2 6 1 1 3 4 3 7 1 2 5 39 1 2 6 1 1 9 2 2 2 11 2 2 10 2 4 1 3 3 2 1 7 2 12 1 2 3 1 1 5 3 3 1 4 25 17 1 1 6 2 1 3 6 2 2 2 3 3 2 2 27 1 1 1 2 1 1 2 2 2 1 1 1 1 345 163 1 6 1 5 3 7 7 1 1 1 6 8 3 5 1 4 4 7 1 20 1 2 2 1 1 10 1 3 2 2 1 1 2 2 1 1 2
2 1 3 1 1 13 2 4 1 1 5 1 2 2 2 2 1 2 1 2 2 4 6 1 3 1 2 1 23 1 1 1 2 1 3 6 1 6 1 1 13 2 3 2 13 4 1 3 5 4 1 27 5 2 3 2 1 6 9 1 1 2 4 1 1 1 5 7 2 2 1 1 52 1 2 2 1 1 4 1 3 1 2 2 2 1 14 2 5 13 2 1 1 1 2 12 3 1 2 29 4 26 4 2 4 2 2 2 2 2 1 4 2 1 2 5 1 6 3 291 1 12 15 2 2 9 1 1 1 2 2 2 4 3 24 1 5 6 3 5 2 1 2 1 5 6 1 4 1 1 3 5 2 14 4 38 7 1 1 3 5 9 3 3 2 5 2 1 1 44 19 1 9 1 2 1 1 1 5 2 1 6 8 6 3 5 1 2 2 3 2 1 1 2 372 2 3 64 2 13
2 2 1 1 32 1 1 41 3 5 2 2 1 1 5 3 2 1 2 2 3 3 1 4 1 1 1 1 18 1 2 1 1 2 1 1 1 1 2 3 1 2 7 4 1 1 5 5 2 2 2 8 3 2 1 2 2 2 8 2 2 2 3 2 2 3 2 1 2 2 32 1 1 2 25 1 2 1 2 18 1 1 3 2 2 9 2 4 4 1 3 1 2 2 3 4 1 11 1 2 2 2 1 1 7 2 19 7 3 2 3 1 2 1 1 14 2 1 4 1 3 1 2 3 1 2 2 48 1 2 1 9 1 1 4 167 1 1 4 2 2 4 27 2 4 1 8 2 6 4 1 1 1 1 1 1 1 1 1 7 2 1 1 1 2 1 5 1 14 1 5 1 53 1 4 4 47 1 2 1 7 1 1 3 3 2 1 2 3 1 1 12 1 12 5 1 2 6 1 1
11 9 4 7 2 14 4 3 1 3 7 2 1 2 1 48 1 1 15 2 2 25 6 4 5 1 77 2 2 2 2 1 3 2 2 119 1 1 2 3 21 3 1 1 19 1 4 2 1 2 2 1 2 5 5 1 6 2 2 115 5 2 4 2 1 35 3 3 4 2 1 224 34 1 5 2 2 1 5 4 1 2 1 1 2 1 5 4 1 4 2 2 1 1 4 2 4 2 7 1 22 1 4 3 2 1 1 2 3 1 2 110 2 1 4 2 2 3 2 2 13 23 2 1 1 4 10 1 1 1 13 2 3 6 6 2 4 7 2 5 1 10 1 2 2 2 1 2 2 2 2 1 7 2 5 10 16 9 4 12 6 1 1 2 1 3 8 1 2 3 4 2 1 5 5 1 6 2 1 2 2 4 42 5 8 10 4 1 2 30 2 3 4 2 1 2 8 3 3 4
3 1 3 7 1 1 1 41 2 1 14 1 1 3 5 19 1 1 1 1 23 2 1 3 338 1 2 2 1 1 12 2 3 1 12 2 2 7 2 1 1 1 1 3 1 2 31 5 27 11 3 3 4 2 1 1 3 3 2 2 3 5 2 1 2 4 1 23 3 3 20 1 8 2 2 2 5 9 2 2 3 3 1 15 6 2 1 1 4 1 2 7 2 5 311 9 4 2 1 1 1 1 4 102 1 1 14 4 4 1 2 2 4 1 3 2 3 2 3 11 1 1 2 2 23 4 2 8 1 1 2 1 2 2 3 2 1 3 1 1 1 1 3 17 1 14 11 19 4 3 1 17 9 4 3 5 1 2 2 4 18 2 2 7 1 3 4 7 2 1 2 5 1 2 6 13 3 1 6 1 2 3 66 33 1 2 2 1 2 1 2 1 4 1 2 2 4 1 1 2
2 24 3 1 2 4 1 3 1 2 1 3 2 7 1 4 1 1 3 1 8 6 3 3 3 7 1 6 7 82 2 5 1 8 1 1 1 2 1 1 1 3 1 2 1 1 38 4 2 1 2 3 2 2 1 2 1 3 2 2 2 3 2 2 9 1 3 9 1 18 3 2 1 2 7 10 3 2 2 10 2 1 5 3 1 2 2 2 18 15 3 7 1 3 8 2 10 1 7 70 1 2 8 3 14 1 30 21 6 2 1 2 2 3 2 2 2 14 1 1 1 7 1 2 5 1 1 1 1 4 1 1 12 1 3 1 1 4 1 1 2 2 1 1 2 2 2 4 3 1 1 7 4 1 1 7 1 8 1 3 3 1 1 2 3 2 2 1 5 4 3 1 3 1 2 7 3 2 2 1 2 1 2 1 7 6 2 2 1 4 10 18 5 3 4 1 2 3 1 3
9 6 4 2 1 26 2 13 3 1 1 2 10 3 3 22 3 4 2 2 1 10 2 1 4 1 3 1 8 4 1 33 2 1 225 4 3 1 2 2 7 1 1 2 6 4 3 93 3 1 1 25 2 3 2 10 1 1 2 1 7 2 1 1 1 2 52 1 2 2 1 1 2 1 1 2 3 1 1 3 2 1 2 9 2 3 23 4 1 1 4 31 1 1 4 1 1 3 10 8 1 21 2 3 8 1 1 2 2 6 11 1 3 1 2 2 3 1 6 2 1 4 1 1 15 18 1 2 3 1 6 3 8 1 10 3 2 2 2 3 19 2 2 9 3 3 2 2 2 4 3 4 2 1 47 2 1 2 1 1 1 3 1 2 12 4 1 1 5 4 1 4 1 5 8 1 1 1 1 5 3 2 1 5 5 2 1 1 7 3 2 1 2 2 17 2 2 3 4 4
4 1 1 8 1 2 1 3 2 3 1 1 2 3 4 2 3 3 7 1 10 5 2 1 11 2 3 1 1 1 1 2 1 2 3 17 2 5 3 2 2 4 7 2 2 1 2 2 3 4 28 1 1 2 2 2 2 1 1 3 1 1 70 3 2 1 4 3 4 2 1 1 1 1 3 1 2 2 2 3 4 1 1 4 11 1 2 2 15 9 1 4 1 2 11 1 1 1 2 10 4 1 1 31 2 4 2 6 1 1 1 2 3 3 2 1 1 1 8 1 2 1 1 1 1 41 3 2 7 3 29 3 3 37 2 3 3 1 4 2 1 2 2 1 1 2 3 1 2 1 29 7 4 2 26 2 3 2 2 5 1 1 1 2 1 1 10 2 5 3 16 3 1 11 5 2 1 5 1 9 6 1 1 2 3 1 1 1 6 8 1 11 1 22 14 8 12 18 25 5
5 3 3 3 1 1 2 2 4 1 1 10 3 3 1 5 1 5 3 2 3 1 5 2 16 9 3 7 11 1 1 3 2 5 2 1 3 3 2 1 67 2 18 1 1 9 3 2 9 1 203 3 2 4 2 7 3 5 1 2 2 1 1 2 1 2 2 1 1 22 2 2 90 2 2 8 2 2 50 6 10 3 2 1 2 2 1 3 4 3 3 5 3 5 6 2 2 3 6 1 2 1 1 1 1 1 1 1 1 3 3 1 2 1 3 4 1 3 5 2 17 2 3 2 3 3 5 2 1 6 3 2 3 5 2 1 1 3 4 2 5 2 2 2 1 2 3 2 3 1 1 4 2 2 1 2 1 1 4 3 1 48 2 1 8 4 2 1 36 1 2 2 3 1 142 2 3 3 6 40 4 1 1 5 3 3 1 1 1 2 9 5 44 5 14 3 3 1 1 1
1 1 1 3 2 4 2 1 6 2 1 3 3 1 3 6 1 42 3 8 3 2 195 3 1 1 2 1 2 4 4 1 1 5 2 10 13 1 1 1 1 2 2 9 1 2 37 1 2 3 1 4 2 3 2 1 3 2 2 1 4 3 5 2 3 2 5 2 2 7 1 1 1 1 3 2 3 5 2 3 5 1 2 16 1 2 3 2 4 1 1 9 8 3 1 2 1 5 2 1 6 2 1 2 4 24 1 3 2 2 2 4 3 1 2 1 1 13 4 25 5 1 2 5 5 1 1 1 2 5 57 2 8 33 4 2 4 1 41 1 2 2 3 1 3 2 7 1 4 1 31 2 2 10 2 2 1 3 11 2 3 1 1 2 2 3 1 1 2 3 5 10 1 2 1 10 1 1 3 1 1 4 1 3 3 1 2 7 6 6 4 3 2 3 3 4 7 4 1 2
6 1 1 2 2 3 8 9 1 1 8 2 2 15 2 14 1 26 2 1 4 4 2 1 1 2 4 1 2 1 4 2 2 1 5 1 138 1 1 2 2 1 7 2 52 12 10 1 1 9 1 3 8 2 1 45 2 1 5 3 6 1 1 3 2 2 20 1 3 3 3 3 6 1 1 16 3 1 1 1 8 1 2 2 8 2 2 2 11 1 1 2 1 1 2 1 2 7 5 6 1 2 3 2 1 2 2 2 1 1 10 1 2 4 10 5 2 1 2 3 1 1 9 6 1 1 1 2 3 2 2 9 5 9 13 2 1 1 3 4 2 3 4 4 2 1 1 1 1 4 2 7 2 1 1 2 2 3 1 1 3 10 3 1 1 2 9 2 2 2 16 6 5 2 2 2 7 3 3 70 2 1 59 1 1 28 4 1 2 1 2 4 1 8 3 22 2 1 5 3
3 1 6 4 2 4 2 17 1 1 1 3 5 4 29 4 12 5 8 1 7 2 1 6 1 14 2 1 1 3 8 5 2 3 2 78 1 1 2 2 4 2 1 1 2 2 3 1 1 4 5 1 2 1 2 1 3 3 14 1 1 1 2 2 4 6 2 13 2 1 3 1 4 1 3 3 4 2 2 4 1 1 3 1 1 1 1 9 2 1 3 1 46 1 2 17 1 2 3 1 1 2 6 1 3 68 3 1 2 2 4 1 1 6 5 8 5 1 2 2 4 14 159 1 2 2 11 8 2 1 1 1 1 2 1 2 2 2 34 19 4 3 19 4 2 2 5 6 4 10 1 1 1 2 1 2 5 4 2 1 2 2 2 3 2 2 2 1 4 2 1 1 3 24 2 17 2 2 1 1 105 3 11 1 6 5 2 4 3 3 3 1 1 2 1 7 2 3 16 2
1 1 2 6 1 3 4 6 2 1 3 3 1 4 1 1 3 1 22 2 2 1 2 20 10 2 2 2 4 3 2 1 1 1 5 7 4 1 2 1 2 2 112 1 2 19 4 2 5 3 3 3 1 3 2 1 9 26 5 1 1 1 2 1 4 3 4 1 4 1 5 1 4 3 1 14 1 2 1 2 2 1 3 9 11 2 1 2 2 11 2 2 1 2 1 2 9 5 11 2 1 1 2 3 96 1 7 7 1 1 2 2 1 13 4 1 1 1 1 1 1 2 6 1 4 2 3 3 2 3 7 1 3 94 44 2 13 2 2 1 2 2 4 3 1 4 8 2 6 1 1 7 1 82 2 3 3 1 3 2 2 1 1 2 1 1 1 1 5 1 61 1 1 3 1 2 2 9 1 5 1 13 1 7 2 1 3 5 6 1 3 19 4 30 2 10 2 1 1 3
15 3 1 12 1 15 1 4 2 1 2 1 2 1 2 2 2 2 21 8 4 1 2 1 23 48 1 2 3 4 25 3 2 2 2 4 1 3 1 6 6 3 3 2 3 2 1 15 11 1 30 1 2 9 2 1 2 2 1 1 7 76 5 2 1 2 7 1 1 2 2 1 3 1 2 16 7 3 60 4 2 4 2 5 1 2 2 17 1 2 2 7 2 5 5 2 1 2 8 3 3 3 2 2 6 3 2 11 3 2 1 9 1 1 2 1 2 3 5 1 7 16 3 21 1 4 2 7 3 5 5 1 4 3 1 299 2 29 2 4 1 1 1 5 7 1 8 1 2 3 3 2 2 2 16 5 17 1 1 1 8 9 1 2 2 3 3 113 12 12 4 1 2 1 1 2 1 14 2 1 1 2 1 5 4 1 1 2 3 6 2 1 4 2 3 3 6 3 6 2
11 4 3 1 1 3 1 2 1 1 1 2 2 36 1 2 3 2 1 1 1 1 1 2 3 1 7 1 4 5 1 1 4 4 1 2 2 2 2 1 2 3 2 4 1 5 1 2 1 6 7 2 1 1 1 17 2 1 5 1 5 3 2 4 2 12 1 1 12 3 2 23 2 2 1 2 21 4 108 5 2 1 2 2 1 3 2 9 2 1 1 1 1 2 3 2 1 6 18 2 1 1 9 2 3 4 1 2 3 3 1 2 4 3 2 20 3 4 1 3 2 2 1 3 1 1 3 25 2 1 1 5 4 2 1 10 18 6 1 50 2 1 3 1 3 2 1 7 1 5 7 1 3 3 4 2 3 1 1 2 1 2 2 4 3 2 4 2 1 1 2 1 8 124 1 8 31 22 1 2 1 3 2 3 2 1 3 1 1 1 1 3 1 2 3 1 2 1 2 2
1 9 3 4 6 2 6 2 2 55 2 3 2 1 52 2 1 3 2 1 1 2 27 1 1 2 3 2 4 3 2 2 7 4 2 2 1 4 1 3 1 1 2 4 2 2 5 2 1 1 3 1 3 1 151 2 1 3 4 7 25 2 1 1 2 2 1 87 1 15 56 1 1 4 1 5 1 3 10 2 1 42 2 3 1 1 161 2 1 2 1 2 1 2 1 1 1 3 3 1 4 3 1 2 4 8 10 3 2 1 1 4 1 1 1 1 1 1 5 2 5 6 1 1 1 11 3 1 1 1 111 9 2 1 1 3 2 6 1 1 46 2 2 2 1 4 4 4 3 2 3 4 2 4 7 2 4 1 3 1 3 3 2 4 3 2 2 2 1 2 3 3 2 2 13 1 1 1 3 1 3 4 3 1 2 14 2 2 2 2 3 8 99 3 2 2 1 2 1 2
2 1 1 1 18 1 1 2 69 1 1 6 18 1 2 18 3 40 3 2 122 2 2 1 1 3 5 12 1 2 2 1 2 1 2 16 1 1 1 1 6 2 2 1 4 2 9 1 1 2 8 2 1 1 3 4 2 1 2 2 3 2 4 1 2 2 2 3 1 1 1 42 2 6 3 1 1 4 1 2 17 3 14 2 4 1 1 1 2 2 1 1 9 11 1 2 1 12 2 2 7 3 3 3 5 2 1 3 2 3 1 1 5 1 1 1 5 11 1 1 1 16 4 13 1 2 1 2 11 1 84 1 1 3 1 11 1 1 2 1 3 3 2 11 1 5 37 1 4 10 1 2 1 1 4 2 1 1 1 8 5 16 2 1 1 3 1 1 2 1 10 211 4 8 2 4 2 2 8 2 1 3 5 2 13 1 55 3 4 1 1 2 31 3 85 1 5 5 2 6
1 3 2 4 19 3 1 2 2 5 16 3 108 2 15 2 1 1 3 1 2 1 9 7 2 1 2 4 4 9 1 1 58 2 1 5 3 1 7 5 2 1 12 1 2 3 1 2 1 2 1 2 2 1 6 24 31 1 1 2 9 2 2 1 1 1 1 5 2 2 4 3 1 4 1 2 4 1 2 2 5 3 1 17 1 1 3 7 2 1 1 2 2 1 2 1 8 3 5 1 2 1 3 10 2 12 1 1 2 1 1 1 4 1 1 3 1 1 1 2 1 2 1 4 4 1 1 4 2 2 3 4 1 2 9 4 1 2 3 1 1 1 1 1 1 2 8 2 1 8 3 11 2 2 3 8 1 17 6 2 1 4 1 4 2 1 2 1 1 1 105 2 1 2 15 17 1 2 23 3 2 6 6 3 3 1 2 1 7 12 1 13 6 76 11 2 4 2 1 1
5 11 1 35 2 6 4 1 2 2 1 1 3 27 2 1 7 1 3 1 2 2 1 7 1 45 1 8 1 3 7 1 2 12 2 7 20 4 3 2 2 1 2 1 3 1 2 1 2 7 2 29 5 3 1 27 1 1 2 1 2 1 3 6 1 3 1 3 4 1 3 6 1 3 1 1 8 1 1 3 5 28 1 1 2 1 3 1 7 5 2 2 1 1 2 4 2 2 24 2 1 2 2 1 2 2 2 10 3 3 5 1 3 2 4 1 4 1 5 4 11 4 9 9 1 5 1 25 3 17 18 5 2 4 1 3 6 6 1 1 2 1 1 16 2 8 5 1 1 1 4 2 1 1 1 3 1 2 3 2 2 66 17 1 5 10 3 11 1 1 1 7 2 1 2 37 2 1 5 8 1 6 6 3 3 15 2 5 12 2 1 2 1 3 2 11 6 5 28 2
2 1 5 1 1 2 1 2 2 2 6 1 4 1 1 1 1 39 2 1 1 1 2 2 169 4 1 10 5 3 6 1 5 4 1 2 1 7 3 4 288 2 5 1 2 1 1 3 57 1 1 3 2 1 2 1 1 1 1 1 2 3 1 2 18 2 1 2 3 34 1 3 2 3 2 5 5 9 18 13 2 2 2 2 1 4 3 4 1 4 21 2 2 6 1 2 1 1 2 2 1 2 2 5 3 6 30 3 3 1 3 4 4 1 8 12 3 2 1 6 1 11 1 2 3 16 1 1 4 1 2 14 4 15 2 2 1 2 2 2 2 2 3 4 2 3 2 1 16 1 2 15 2 1 2 1 1 4 21 3 2 2 1 4 2 2 1 4 2 2 3 1 1 1 1 1 3 3 6 2 2 1 1 1 1 8 1 1 2 15 1 1 10 1 4 1 1 12 2 2
5 1 2 1 1 2 1 3 4 1 4 3 1 2 14 1 2 1 3 2 1 4 2 1 3 6 1 3 2 36 3 6 1 3 3 2 6 1 1 1 3 2 2 4 1 5 2 6 3 1 2 2 1 21 1 1 4 2 2 4 1 3 37 1 1 1 1 3 1 1 1 1 16 3 14 2 1 2 11 5 6 1 2 1 2 2 59 1 1 5 2 9 5 1 5 1 1 77 1 2 2 15 2 2 2 4 2 2 2 5 4 2 1 1 5 2 2 3 1 3 1 3 1 2 2 1 4 3 17 3 1 2 1 9 2 3 3 2 1 1 2 8 4 9 4 2 23 2 2 2 1 2 9 2 3 2 1 1 1 3 16 1 15 219 13 8 3 6 10 1 1 2 3 1 4 1 3 1 3 2 4 2 8 1 2 6 5 7 2 1 1 2 2 1 3 2 3 2 1 4
2 1 1 2 2 2 11 3 3 1 23 2 1 4 1 2 1 2 9 2 4 3 3 18 4 3 3 4 1 11 2 2 1 6 1 1 3 1 4 2 3 2 2 21 2 12 7 143 1 2 1 1 2 22 2 1 94 1 11 2 13 3 1 2 4 1 35 2 2 3 2 4 1 19 16 1 10 27 2 1 1 2 1 21 8 1 3 8 2 13 1 27 4 1 1 6 9 2 1 6 4 1 3 6 1 2 1 134 1 1 4 1 1 3 3 2 1 2 2 2 5 1 1 1 1 1 2 1 2 1 2 1 1 1 3 7 43 5 3 1 2 1 20 1 6 1 2 2 10 2 2 2 1 2 1 2 1 10 1 2 1 2 1 2 1 9 2 3 2 4 3 1 10 3 3 1 1 2 1 1 1 1 92 1 1 2 1 2 1 1 2 3 5 3 5 5 1 15 1 5
2 1 1 1 9 3 2 1 254 197 2 1 1 3 16 1 2 1 2 1 4 2 1 13 1 5 2 2 2 2 1 3 1 1 1 1 2 3 4 4 2 1 2 4 1 2 1 2 1 3 2 2 30 1 1 4 8 2 2 33 4 1 3 1 2 58 1 14 5 7 2 3 1 2 2 1 2 4 42 2 6 9 335 1 1 1 2 2 3 1 2 9 2 139 2 9 4 2 1 5 3 1 4 2 1 4 2 2 1 1 1 1 3 2 2 1 1 2 1 1 3 16 1 2 8 1 5 1 1 2 3 1 11 5 2 1 12 1 2 18 2 1 4 5 2 2 9 2 6 3 24 2 2 4 4 2 4 1 1 32 2 1 18 3 2 3 2 20 1 7 2 2 1 1 2 1 1 2 1 37 20 2 1 18 6 6 3 7 3 2 6 7 2 2 5 2 1 62 3 1
19 1 2 14 31 2 2 2 2 5 5 2 5 1 2 6 2 1 2 3 12 2 2 1 2 1 2 1 2 1 2 37 3 2 2 1 23 3 2 2 1 2 1 9 1 1 1 7 2 2 4 2 19 2 4 1 1 2 2 1 2 3 92 4 30 3 1 47 3 1 5 1 42 2 17 1 1 1 2 1 1 1 3 3 1 2 2 5 8 2 6 2 2 3 2 2 1 4 1 3 7 2 3 2 5 1 2 6 2 8 2 2 3 1 2 1 1 22 1 1 48 2 1 1 1 2 1 1 2 1 7 1 4 2 4 9 3 2 2 2 2 1 2 1 2 5 1 1 4 2 1 1 24 1 7 1 12 4 3 5 11 2 2 1 1 1 26 7 16 2 2 126 3 5 2 2 2 2 2 1 2 4 2 4 10 1 14 1 2 6 1 4 3 6 11 2 2 2 2 2
4 1 3 56 1 2 5 5 5 3 1 3 1 1 2 6 8 3 2 2 1 1 1 4 16 4 4 2 1 1 1 1 4 3 2 2 10 12 1 1 2 2 1 7 1 1 7 2 1 1 1 3 1 2 3 4 3 3 1 4 1 1 2 1 1 2 1 1 29 3 4 1 1 1 3 16 4 2 8 1 1 1 2 1 2 2 1 1 2 49 2 1 6 1 3 2 3 4 16 1 13 3 10 4 1 3 2 1 1 4 1 1 2 1 9 1 9 11 8 1 3 10 1 1 2 1 2 1 5 4 1 1 1 2 17 4 1 1 3 3 3 1 17 19 1 1 3 4 9 3 3 3 2 3 1 4 3 5 8 3 2 2 2 2 28 2 2 6 5 2 2 4 3 3 6 3 1 2 3 4 2 1 1 2 5 2 6 2 1 1 1 1 2 3 5 2 1 2 1 1
1 2 8 2 2 1 6 2 1 5 1 2 2 3 1 8 4 1 3 5 74 265 1 11 2 2 2 2 2 1 2 2 1 39 2 1 2 2 1 2 3 11 1 3 1 3 1 1 1 1 28 1 1 15 3 2 42 3 9 4 3 3 5 1 2 1 1 1 2 1 1 1 4 15 4 10 31 17 2 4 1 6 5 6 2 1 2 2 2 37 2 1 3 16 7 2 2 1 3 6 4 1 170 1 2 2 46 19 1 1 2 5 1 1 1 1 2 2 7 1 10 2 2 6 2 2 1 1 1 2 3 2 19 39 2 7 1 1 3 7 2 4 2 4 1 1 6 12 6 1 1 1 1 3 1 2 47 14 4 5 19 7 1 2 2 2 1 18 2 3 4 19 2 7 2 1 1 2 1 3 8 1 1 1 8 1 1 3 1 2 8 18 3 4 4 2 1 6 12 1
1 16 1 4 2 2 1 2 1 1 1 1 3 5 3 18 1 2 2 2 1 5 12 12 5 9 3 9 5 1 7 4 14 1 3 18 1 7 3 2 1 4 1 2 2 1 1 1 14 15 2 1 1 2 20 7 2 1 2 3 2 3 1 24 2 2 1 3 3 10 1 1 1 6 1 2 2 6 1 1 1 10 2 29 1 1 3 1 2 4 1 6 2 27 1 1 8 2 20 2 1 3 2 42 1 1 1 1 6 1 6 2 117 1 7 2 7 2 1 1 3 4 3 2 1 8 5 1 2 18 1 24 10 28 1 1 3 3 1 1 5 2 1 1 15 5 1 1 1 1 21 10 1 4 6 5 1 2 1 3 1 2 1 3 3 1 1 1 2 3 2 3 1 1 11 2 7 1 10 5 6 4 3 1 23 5 1 2 1 1 4 1 2 4 1 2 2 11 2 4
5 1 2 1 2 1 2 5 3 2 1 3 16 1 3 2 2 1 40 2 1 2 8 2 2 2 1 5 2 2 50 32 8 2 2 16 1 1 5 10 2 4 3 12 4 2 2 2 1 1 6 3 1 1 2 1 2 1 1 6 2 28 4 3 2 3 2 2 3 1 2 5 1 3 2 1 1 1 2 3 3 1 2 4 1 1 4 2 3 1 1 4 4 4 2 1 10 1 8 46 5 2 6 2 2 1 1 4 1 1 2 2 1 2 10 1 5 1 1 5 2 5 8 4 48 2 2 1 1 2 2 5 2 2 2 1 4 1 1 2 3 1 25 3 5 3 7 1 23 3 27 11 2 2 11 6 7 2 2 2 4 1 1 2 3 5 1 1 2 13 4 46 5 1 2 2 14 2 2 7 14 5 3 2 2 1 2 2 2 3 1 7 1 4 2 1 1 1 5 6
2 33 2 5 2 1 3 2 7 20 4 35 22 3 12 2 3 12 4 2 3 1 3 2 2 1 4 1 1 3 7 3 8 2 1 1 2 20 4 6 2 1 1 27 1 3 3 1 2 2 1 2 4 2 1 1 1 3 5 2 3 2 2 1 4 3 2 1 3 1 1 1 2 12 19 1 3 11 2 2 1 1 9 2 2 2 2 3 1 3 2 3 2 2 2 1 6 4 2 3 2 1 4 1 2 2 1 3 35 1 2 3 5 5 10 1 1 2 2 6 2 2 2 2 1 9 8 1 1 1 1 2 3 3 1 1 37 2 3 8 2 21 1 2 1 2 4 2 5 1 2 8 1 4 3 3 2 1 1 12 3 5 1 4 1 1 6 1 2 1 2 1 2 1 3 2 9 5 4 5 16 1 2 1 1 1 4 14 1 2 2 1 2 3 1 1 1 1 1 1
3 4 6 5 2 57 1 2 26 2 5 1 4 6 2 2 2 1 1 6 2 2 7 2 3 1 1 2 2 2 1 2 1 8 6 23 4 2 1 2 3 1 1 1 3 2 6 6 10 10 4 2 2 1 2 7 2 1 33 10 5 6 5 4 2 3 1 21 1 1 2 40 2 28 1 3 1 1 1 3 32 2 2 10 4 2 28 4 1 2 5 2 3 1 2 3 4 4 2 5 2 6 1 2 2 6 8 1 2 1 3 2 29 3 2 1 2 7 2 13 1 1 1 1 6 9 4 2 2 3 2 93 1 4 1 3 6 2 25 1 2 8 2 7 72 3 5 2 1 2 7 3 2 2 6 6 2 14 2 1 1 1 14 2 3 4 2 5 4 2 3 5 2 1 7 26 1 3 1 1 1 1 17 2 1 2 3 1 8 2 1 1 3 2 1 1 1 2 2 2
1 1 14 4 2 1 14 2 1 2 3 1 2 1 4 5 10 2 1 1 14 2 2 1 2 7 2 5 2 2 1 5 1 1 1 1 5 1 5 2 2 2 1 1 7 1 1 5 17 5 2 1 2 2 2 2 1 1 2 2 1 3 1 3 1 1 2 6 1 3 2 2 1 1 1 4 1 4 5 3 2 2 5 2 1 4 5 3 44 1 2 24 1 1 1 1 1 1 2 1 7 3 2 1 3 2 1 2 2 1 2 2 2 1 2 3 1 1 2 18 63 3 9 3 3 2 2 3 3 1 2 4 23 1 2 26 2 2 1 2 2 10 7 1 1 1 1 8 5 10 1 2 1 1 27 1 2 2 2 11 2 20 1 1 2 2 1 1 3 1 15 2 2 2 2 5 3 1 3 2 5 2 1 2 1 2 4 10 5 2 2 1 12 1 14 1 2 1 1 1
1 1 2 1 2 2 4 1 15 1 1 17 1 1 2 4 2 1 1 3 15 1 1 1 1 2 4 9 11 3 3 2 5 1 1 5 1 2 10 2 1 6 4 2 3 1 1 2 1 5 7 3 1 2 3 2 2 2 6 2 4 6 1 6 2 26 8 2 3 1 5 1 1 3 3 5 2 2 5 1 1 3 1 1 2 1 2 1 3 2 5 1 2 2 299 1 4 2 31 1 2 1 1 3 2 4 1 2 6 2 1 2 2 1 1 2 2 2 1 2 1 2 1 1 4 165 4 10 2 2 5 3 2 4 2 1 1 5 4 1 3 1 37 1 1 4 2 2 1 2 1 2 1 1 9 3 6 7 1 1 1 15 1 2 6 4 3 17 2 1 2 2 1 2 1 4 67 1 2 3 3 5 5 8 1 5 1 2 1 3 2 7 1 5 1 1 1 7 2 2
2 10 4 1 2 2 4 2 9 47 1 2 2 2 1 1 2 1 2 2 3 1 12 1 4 11 3 2 2 4 2 5 10 1 2 17 6 3 1 1 1 3 2 5 3 1 1 2 1 2 7 2 1 1 1 2 24 20 3 2 2 1 1 1 1 2 3 2 1 6 1 13 3 1 1 1 4 1 5 1 2 2 1 2 10 2 91 1 1 1 12 2 2 1 2 1 2 1 42 2 1 1 1 1 1 3 6 24 1 2 2 2 8 2 4 2 1 1 1 2 1 5 1 1 1 2 1 5 24 1 1 26 21 1 2 9 3 3 3 2 4 7 3 1 2 1 1 4 2 8 1 1 1 41 2 8 11 2 4 4 17 2 3 1 4 8 1 1 2 1 1 3 3 23 1 2 3 1 8 2 3 1 3 35 3 3 2 48 1 1 1 11 1 1 3 2 8 10 37 1
1 2 48 1 1 1 4 1 1 2 2 12 1 1 2 9 1 7 1 1 3 1 2 7 2 50 2 2 2 5 1 2 5 1 8 6 4 3 1 3 2 17 1 3 2 7 1 1 1 2 3 3 34 2 3 3 1 3 1 1 2 1 1 3 3 2 1 4 1 1 1 13 1 1 1 1 1 2 7 1 4 1 2 1 1 3 1 8 1 1 2 5 5 2 1 2 1 21 282 1 1 1 2 1 6 2 1 2 1 1 1 46 6 2 1 16 2 3 4 2 3 1 3 3 1 1 2 2 2 1 24 26 2 2 4 3 1 3 1 1 2 3 1 6 14 1 2 42 4 1 1 2 11 2 3 2 3 2 3 2 3 2 1 2 2 1 2 27 1 2 3 1 17 2 2 2 6 3 1 2 5 1 4 5 1 1 387 4 3 1 2 2 2 2 7 2 2 5 3 1
1 490 10 2 2 12 16 5 29 3 1 5 1 1 8 4 1 2 2 2 12 2 16 1 1 1 2 1 25 1 1 11 64 1 7 1 1 2 14 16 3 1 3 1 2 2 11 1 6 2 2 1 31 1 32 1 2 1 4 9 2 3 21 2 2 1 2 3 2 2 8 1 2 3 4 7 4 5 4 1 8 8 2 6 2 120 2 5 1 14 9 1 6 48 3 1 1 4 1 2 4 2 2 2 2 5 1 1 1 10 1 2 2 1 5 6 2 4 4 3 4 12 2 9 2 3 1 9 1 1 1 2 1 1 1 1 3 2 8 4 5 1 1 1 1 2 8 1 2 1 6 1 4 1 2 1 3 7 111 2 1 1 1 4 1 10 1 1 1 1 1 5 2 13 1 2 8 2 1 186 1 1 2 2 1 2 3 1 2 4 1 1 12 1 8 5 1 1 2 7
2 1 4 1 10 2 4 10 4 2 1 9 1 2 68 2 2 11 21 2 2 23 1 1 1 1 2 3 1 5 2 16 2 6 3 1 1 80 2 8 2 1 9 2 3 1 1 2 35 2 1 2 1 5 2 12 3 2 2 3 4 3 1 3 2 1 5 1 2 11 1 1 4 3 2 1 3 1 4 2 5 2 5 1 1 1 1 7 1 5 1 1 3 1 6 2 7 5 1 5 2 4 2 1 53 1 1 2 3 1 3 1 1 2 2 3 2 2 2 2 2 25 3 2 3 1 1 5 3 1 1 2 2 39 1 1 10 2 3 7 1 2 1 1 6 2 11 2 2 2 11 5 3 4 3 10 1 2 3 1 1 2 4 10 1 2 2 2 3 2 1 2 2 1 3 1 5 1 2 7 3 1 2 4 1 2 13 2 1 2 2 2 2 2 1 1 1 3 270 3
2 1 1 6 11 1 3 2 2 2 7 2 2 3 1 2 5 7 1 4 1 45 1 3 3 2 3 2 1 4 3 3 2 2 1 4 2 4 3 1 1 2 2 2 3 7 1 1 2 1 3 4 1 1 2 2 1 32 1 3 1 1 2 1 7 7 1 1 2 3 1 1 2 2 1 6 2 1 2 6 2 3 2 5 2 4 2 6 5 2 2 2 3 2 14 5 2 1 3 1 2 2 2 6 4 4 1 1 4 10 2 1 2 6 1 1 1 3 1 2 4 2 17 1 1 3 3 1 3 9 2 6 3 3 2 13 5 1 10 2 1 2 2 4 51 5 17 1 35 6 1 2 2 3 3 15 2 1 2 28 1 2 10 4 1 11 2 2 1 12 3 4 1 4 3 67 2 3 1 1 6 5 2 4 7 3 1 4 2 2 2 27 4 2 27 2 2 1 2 115
1 22 1 2 1 2 11 2 4 3 2 3 4 3 9 1 4 1 8 5 1 1 1 5 2 92 2 1 3 11 2 1 3 2 2 3 1 1 4 22 52 2 2 3 1 7 2 11 1 1 1 1 1 3 1 2 1 2 3 4 1 59 3 2 12 1 2 1 2 1 5 2 3 2 2 2 2 1 3 1 2 2 3 1 3 9 2 3 35 1 1 2 2 1 9 3 4 10 3 15 12 3 1 2 2 22 9 11 1 6 2 1 1 2 1 3 1 2 2 1 25 2 2 1 2 2 9 1 1 2 1 1 4 1 1 8 3 5 1 2 2 2 5 1 72 21 1 2 2 2 2 14 1 1 2 1 3 1 18 1 242 3 3 1 3 1 8 9 2 5 2 3 3 1 1 2 2 1 1 2 2 1 4 5 7 17 5 3 3 2 1 4 5 1 9 9 2 5 1 4
6 2 1 4 1 3 3 1 4 2 1 11 1 8 4 7 4 2 1 2 5 2 8 2 1 1 7 1 2 1 3 1 5 12 3 7 1 2 4 2 2 5 6 1 4 8 1 25 1 2 2 8 1 1 2 2 24 1 6 1 2 2 9 2 2 9 1 1 3 1 1 2 2 1 2 5 5 1 1 27 1 1 1 1 3 2 2 1 3 1 3 4 1 2 1 2 1 2 9 1 13 2 7 1 11 10 1 22 3 1 7 3 1 4 1 1 4 3 4 5 2 9 4 1 2 3 5 3 1 2 2 1 1 1 3 2 4 2 1 52 2 1 1 1 5 33 2 5 30 6 1 337 7 1 1 1 25 1 2 5 3 16 2 2 1 3 10 2 3 1 2 66 5 24 9 1 1 1 1 2 8 7 2 2 2 8 1 1 1 1 5 1 7 2 4 6 1 2 2 1
1 1 1 2 2 3 3 8 1 2 1 4 1 1 1 19 8 2 5 2 3 1 94 2 16 16 1 107 4 25 1 3 5 53 4 2 3 5 1 1 5 47 9 5 5 2 1 43 2 87 22 13 1 2 1 2 23 2 2 1 5 2 4 1 3 3 21 16 2 3 1 7 14 2 2 1 10 2 2 3 4 1 2 1 32 12 5 2 1 2 1 4 2 1 1 4 2 5 20 1 1 4 1 3 4 3 1 18 5 3 1 3 4 2 5 171 2 2 1 2 2 2 1 1 1 3 1 3 11 1 2 1 5 24 5 77 3 1 1 11 4 2 3 1 2 2 132 4 9 1 6 3 4 1 1 5 5 1 6 3 5 2 2 4 1 2 19 13 44 2 2 1 2 1 2 4 1 9 1 1 1 1 2 2 3 1 1 86 2 3 1 2 2 3 1 1 1 3 1 1
1 1 2 2 1 2 8 1 5 3 3 2 1 2 3 2 4 1 2 1 3 4 2 1 1 2 6 2 31 2 2 1 2 4 2 8 1 2 2 1 1 2 2 1 1 1 2 6 1 3 3 1 1 2 1 4 1 15 2 1 1 1 3 1 2 5 2 42 104 3 1 1 2 1 1 2 7 22 1 2 1 11 2 3 1 2 3 39 2 1 2 11 1 1 3 4 1 2 8 61 2 2 4 3 3 1 2 1 2 2 1 3 1 2 1 1 2 3 2 3 5 1 2 1 4 4 2 3 15 2 40 2 1 2 11 4 2 18 2 2 1 3 1 6 3 1 3 1 5 26 2 13 3 3 1 19 1 1 4 2 2 5 7 4 2 1 3 9 5 1 4 21 4 3 1 2 4 8 4 2 12 2 2 1 7 1 13 11 2 1 2 1 5 7 14 2 2 4 14 12
4 2 6 5 12 7 4 4 2 5 3 36 1 2 13 1 2 23 1 1 2 3 2 4 2 1 1 2 2 2 5 51 2 1 2 4 5 2 1 1 2 4 11 1 3 2 3 9 5 1 2 1 2 10 7 2 3 1 7 1 1 2 2 4 1 5 1 19 1 5 5 3 1 4 1 1 3 3 1 4 9 4 2 5 1 2 2 19 1 2 3 4 3 1 28 8 16 2 1 2 2 7 4 10 2 1 7 1 5 2 3 1 2 38 10 2 2 2 6 9 3 1 1 2 6 3 2 2 1 4 1 1 1 1 1 2 14 1 118 3 1 6 7 1 3 2 1 4 4 1 1 139 1 26 5 23 22 1 1 12 4 1 9 2 1 2 1 1 1 1 1 1 1 2 12 1 4 4 1 1 26 1 5 6 1 1 2 2 31 2 2 32 14 4 25 6 9 3 1 1
9 1 1 2 8 1 17 1 2 2 4 3 1 2 1 1 3 1 19 1 2 3 1 7 1 1 1 24 24 2 3 2 1 1 3 13 1 56 1 6 2 2 2 1 3 1 3 1 2 4 2 1 2 3 2 2 9 1 5 11 2 1 2 1 5 2 1 1 2 1 1 1 6 2 9 1 1 2 8 2 1 35 5 7 19 1 33 1 1 1 1 3 1 2 1 1 1 4 2 21 3 13 16 3 36 2 1 3 2 2 3 1 4 31 29 4 1 1 2 2 14 114 2 1 1 1 3 1 1 40 6 1 2 18 20 1 1 2 1 1 17 1 1 1 1 4 2 1 4 1 1 2 4 2 2 1 4 2 2 2 1 3 1 1 2 3 2 5 2 3 2 1 2 2 1 2 8 400 2 3 5 81 2 3 2 1 29 4 2 27 1 2 1 3 1 50 2 1 1 5
2 4 3 1 10 2 2 2 2 3 3 2 1 3 3 1 2 1 78 1 1 1 10 2 1 7 13 3 1 8 3 11 46 1 1 1 1 1 5 1 1 1 2 4 3 1 98 1 10 9 2 1 6 1 1 1 3 24 6 7 2 3 1 3 19 2 7 2 1 4 1 1 1 31 1 2 2 1 4 1 2 1 3 3 3 1 1 12 1 9 85 2 7 2 7 7 57 4 3 1 2 7 1 2 1 1 17 3 2 7 2 1 1 1 1 1 24 2 12 1 2 3 7 2 9 3 2 3 1 2 3 18 1 2 3 8 2 3 2 2 1 2 2 1 1 1 2 3 1 41 2 1 2 1 4 69 1 1 2 4 1 18 1 4 2 1 1 1 1 60 3 4 3 16 34 5 1 2 1 1 7 54 2 1 1 2 5 2 2 4 10 2 34 3 2 2 1 1 10 1
6 1 7 1 1 1 2 1 1 2 1 3 2 1 2 2 6 1 9 1 1 7 1 2 1 2 1 1 1 2 1 1 1 4 41 1 1 1 1 3 1 2 1 5 4 2 1 2 2 7 1 13 1 1 3 4 67 8 3 2 1 2 2 2 7 1 1 1 3 14 2 1 2 3 1 3 6 36 2 2 1 1 4 1 3 2 52 4 2 1 5 1 12 7 1 3 2 2 1 24 1 1 1 1 2 2 1 8 5 1 6 3 1 1 1 5 2 2 4 3 2 3 2 5 2 8 4 3 1 1 1 1 3 19 2 6 1 1 2 2 3 1 1 2 7 2 1 58 15 2 4 1 2 11 1 4 2 3 1 4 3 2 7 6 3 2 24 7 1 2 2 4 2 1 1 2 3 1 3 45 1 1 1 1 2 2 1 1 1 1 2 5 2 1 2 5 3 2 1 1
19 3 3 3 2 2 3 1 1 2 1 2 2 3 1 16 1 1 3 3 1 5 2 5 2 1 3 2 3 2 2 8 8 1 5 2 1 1 1 1 30 1 5 8 1 5 2 13 2 1 3 2 1 3 7 15 2 1 3 1 7 1 1 1 3 7 7 34 3 2 3 25 8 13 14 1 2 3 3 6 10 1 1 1 3 4 7 1 2 12 2 2 3 3 5 1 22 4 2 8 2 476 3 2 1 1 3 1 2 3 1 12 2 1 8 3 2 2 1 28 2 3 2 2 1 7 1 1 4 1 1 4 2 2 2 2 2 1 3 5 1 19 1 9 15 2 1 2 2 5 1 1 11 1 1 10 4 3 2 1 4 1 2 3 2 47 2 2 2 2 7 4 1 2 2 1 10 6 11 2 2 4 5 1 3 5 92 2 8 13 5 5 1 2 1 4 1 1 3 3
4 1 2 5 2 1 5 1 3 3 2 3 2 1 2 1 7 2 30 2 5 5 131 2 6 7 2 2 2 1 3 1 2 5 1 2 2 2 1 6 2 7 2 5 1 2 1 1 57 4 2 5 1 2 1 3 2 2 1 4 1 2 5 1 3 1 3 2 2 1 53 4 2 19 4 9 2 4 1 8 10 7 1 1 1 2 2 4 2 1 2 1 2 1 2 2 1 4 8 3 10 1 2 1 1 3 1 2 2 1 6 5 4 4 8 2 67 6 224 4 3 4 3 3 1 5 1 4 2 3 1 2 1 1 16 2 1 3 1 1 1 7 190 2 1 2 1 1 1 1 3 5 1 1 4 1 11 2 2 3 3 1 1 1 3 2 1 2 1 3 3 2 2 2 1 1 3 3 2 3 2 3 3 15 2 2 1 42 2 2 2 2 1 1 1 2 1 2 1 1
1 2 2 149 3 1 3 1 1 2 13 1 3 1 3 7 5 2 68 24 1 1 2 8 3 1 1 8 1 2 8 2 2 1 1 3 1 3 6 1 1 1 1 3 2 2 2 18 1 3 6 1 1 3 4 2 1 9 1 4 2 2 1 2 2 2 2 2 1 8 2 2 2 11 1 2 1 1 2 1 16 3 6 7 2 1 1 1 1 1 2 3 3 3 3 8 2 53 1 2 5 1 2 5 2 2 10 1 3 5 15 2 5 2 2 1 6 10 13 3 1 10 1 2 3 1 1 4 6 1 2 3 2 2 2 6 6 8 1 2 2 1 2 1 1 3 10 1 2 9 4 2 4 2 2 7 1 3 1 3 12 3 2 3 6 3 2 1 2 1 2 1 2 2 1 1 3 1 2 2 1 8 17 4 4 1 2 1 2 8 1 13 2 1 3 1 4 2 2 2
4 4 3 3 1 1 6 3 2 3 1 1 1 3 4 1 1 2 2 3 6 7 2 10 2 3 7 4 2 2 4 2 1 1 1 1 1 1 1 2 1 2 7 1 2 2 7 282 5 5 4 1 2 3 2 2 6 3 2 4 1 2 1 4 4 1 7 5 1 2 3 1 11 4 1 1 4 1 4 1 1 3 2 11 2 2 3 2 42 14 1 2 2 2 9 24 1 1 2 4 2 1 13 3 1 2 1 4 4 2 6 1 5 2 4 11 4 1 5 2 1 4 7 17 2 3 1 5 1 2 2 3 1 2 1 1 1 2 2 1 3 3 1 2 1 1 2 2 2 21 1 3 2 2 2 2 3 2 2 2 1 4 2 1 1 1 1 5 3 9 3 1 1 2 2 1 1 2 1 1 7 5 8 3 5 3 2 1 3 18 14 2 2 2 5 1 2 1 1 5
1 2 28 1 1 1 2 6 144 1 1 2 2 1 2 14 3 3 24 3 1 12 7 2 2 1 1 3 1 1 1 1 3 4 1 1 24 18 2 2 3 2 1 4 3 2 3 3 4 5 1 2 1 1 2 1 2 3 6 1 19 7 2 1 2 2 2 2 1 9 2 2 2 5 1 1 1 4 2 2 2 1 6 2 1 2 4 1 39 3 6 1 2 2 1 6 2 1 1 1 1 2 6 3 1 2 4 1 2 2 4 1 2 3 1 1 3 1 36 2 6 18 5 3 1 1 6 1 12 1 2 13 9 2 1 64 3 1 4 4 8 4 2 3 1 2 1 4 3 1 4 1 6 9 3 1 4 1 2 2 3 1 2 2 2 2 3 1 1 2 3 2 2 2 2 6 2 5 9 122 5 1 2 1 1 2 1 1 241 1 3 1 3 1 1 2 1 1 10 82
1 3 1 3 2 1 1 2 6 2 1 2 1 2 1 14 1 190 1 1 4 5 2 1 3 2 1 1 4 11 3 4 2 11 2 2 9 20 1 2 1 17 4 4 2 2 5 5 3 4 4 178 2 1 1 1 1 2 1 2 3 2 3 2 1 3 4 1 1 19 8 6 1 2 4 3 2 2 6 6 2 14 10 8 2 1 2 3 1 29 1 5 7 1 2 2 55 49 1 7 3 4 2 1 1 1 2 4 16 4 1 2 1 3 2 77 2 1 3 1 2 2 4 3 3 24 3 2 9 2 5 51 2 11 1 6 3 1 8 3 1 1 1 70 4 5 10 1 2 1 1 9 1 4 1 1 20 53 1 2 31 2 4 51 2 2 2 1 1 1 1 1 1 1 1 6 2 1 2 1 1 2 4 1 1 1 2 33 2 3 1 2 1 5 1 2 1 1 10 1
1 3 2 3 2 2 1 3 2 1 1 2 3 1 6 10 3 5 12 50 2 18 1 1 6 5 1 3 1 1 2 6 15 2 5 1 1 1 2 28 7 2 2 2 2 1 9 2 3 1 2 2 49 1 2 1 4 1 4 4 4 20 23 1 3 6 1 1 2 10 2 3 3 4 2 13 38 3 3 6 3 6 3 4 1 42 71 2 1 3 4 1 33 1 2 1 2 4 2 2 5 14 8 7 2 1 2 2 2 1 2 1 2 2 1 1 2 1 1 3 1 1 2 9 1 17 4 1 1 1 7 2 4 3 9 1 24 6 1 2 1 2 19 2 2 10 2 7 6 1 3 3 2 2 11 13 2 2 4 3 2 12 1 1 17 27 3 2 3 11 7 5 2 1 33 2 11 2 2 2 1 10 2 2 3 1 2 12 1 1 10 4 4 2 2 2 5 1 2 3
2 1 3 1 2 1 1 4 1 1 2 1 2 5 2 1 2 2 5 1 2 2 1 2 1 4 6 1 6 2 4 13 1 5 3 6 2 1 2 2 2 3 1 2 2 4 1 2 1 1 12 1 5 10 2 23 1 1 3 1 2 1 1 37 1 2 5 2 1 1 2 1 1 1 2 1 1 2 1 1 2 13 16 1 2 2 2 1 2 5 6 1 3 37 1 7 3 1 1 1 1 8 1 1 2 3 3 1 10 1 2 1 4 31 1 12 1 3 12 1 1 2 1 2 2 19 3 1 4 2 3 3 6 2 1 4 1 1 4 1 2 5 2 2 1 2 11 1 4 1 2 3 11 1 3 3 3 1 1 1 3 6 2 4 5 1 1 1 2 2 3 2 3 12 1 1 3 1 1 2 5 151 2 6 1 2 3 1 2 1 4 1 2 3 3 8 1 2 1 5
1 1 3 2 1 25 1 3 3 8 4 329 3 3 3 1 8 2 1 24 10 1 4 4 1 3 1 5 1 2 2 1 1 1 2 1 18 1 1 1 4 2 6 2 4 2 15 2 3 1 1 2 2 1 3 12 2 29 1 2 1 1 1 2 3 1 1 2 4 7 2 5 1 3 13 12 3 5 17 3 2 1 2 4 5 2 65 38 2 2 1 2 1 28 1 3 1 1 2 1 6 1 2 1 2 2 1 2 72 2 50 7 3 8 4 1 18 2 1 21 10 2 1 1 2 5 4 2 4 1 3 3 2 1 1 2 1 1 3 1 1 2 2 2 2 1 2 32 3 2 11 11 23 1 2 1 1 4 1 3 3 2 1 2 5 1 19 4 11 1 15 1 4 2 3 2 3 3 3 1 1 9 1 5 2 1 4 1 25 4 2 6 5 1 9 2 3 1 4 1
2 1 1 2 3 1 3 2 1 2 3 1 1 2 1 1 1 4 2 1 1 1 19 2 2 2 4 16 2 3 1 1 6 5 3 2 1 1 5 2 1 1 1 32 9 1 3 1 4 1 3 1 8 2 2 2 2 1 1 3 4 5 1 2 1 1 2 2 1 22 2 1 1 1 1 1 2 4 3 3 2 2 3 2 4 2 2 2 1 2 1 3 3 1 1 9 1 2 2 1 5 3 2 1 27 71 1 2 4 3 4 4 3 16 1 2 1 1 8 1 1 2 1 1 6 1 1 1 18 2 5 1 2 1 1 2 3 1 2 3 1 4 2 43 9 2 1 1 2 1 1 1 1 13 2 1 5 2 2 1 4 2 1 2 2 3 4 1 4 2 3 1 1 2 1 1 38 1 1 4 10 1 3 5 2 1 1 3 1 1 1 21 1 2 3 1 14 2 7 7
1 3 34 3 4 15 9 1 1 1 2 2 5 2 2 23 2 3 52 2 2 1 15 1 2 2 1 1 73 34 2 1 2 1 12 2 1 3 2 1 49 2 1 1 3 9 10 2 1 8 1 2 1 2 2 4 2 3 1 3 1 3 6 5 1 1 4 1 1 3 1 1 1 1 15 2 1 1 12 2 8 3 2 262 14 1 2 11 21 4 1 1 1 8 1 2 2 1 2 2 10 6 4 6 1 2 1 41 1 3 2 2 6 1 1 2 1 5 2 1 2 1 2 3 1 1 9 4 1 1 40 3 3 1 1 1 8 2 3 2 2 3 2 5 2 3 1 1 15 28 7 3 2 1 7 2 1 1 2 2 1 1 2 1 2 4 7 3 4 3 1 5 2 5 1 2 1 1 7 5 2 1 4 4 9 8 1 1 1 1 2 1 14 2 1 1 45 1 4 4
7 1 4 9 2 1 2 1 7 2 3 4 1 1 1 1 1 1 2 1 3 2 2 100 1 1 1 3 1 1 3 1 1 5 1 3 2 9 3 1 1 1 1 1 3 77 3 6 2 1 2 6 5 13 1 2 2 1 1 3 2 1 2 1 1 1 3 1 1 1 22 2 1 2 1 1 8 1 2 1 1 1 1 1 1 2 3 9 3 3 1 2 2 3 4 2 22 2 4 6 3 1 4 3 5 1 2 3 16 1 1 1 2 3 1 2 11 23 2 5 29 2 1 1 1 1 1 1 244 2 2 1 3 1 2 1 8 11 3 1 1 5 2 1 1 6 2 2 2 1 2 5 2 2 2 1 4 3 11 7 3 1 1 2 1 2 1 1 3 14 1 1 2 33 2 3 3 2 3 30 1 2 2 2 3 2 7 2 1 5 4 5 1 3 13 3 2 1 5 2
2 1 120 6 2 3 8 7 3 6 1 1 1 4 2 2 3 8 2 2 1 2 2 4 20 6 2 5 1 1 2 5 1 1 5 2 2 2 3 4 3 1 153 2 1 1 1 137 3 1 87 2 1 2 1 1 2 3 3 2 1 2 2 2 1 1 2 53 1 1 1 2 3 2 3 1 1 4 8 1 1 12 2 2 2 62 2 1 1 1 2 5 2 3 9 1 106 1 3 1 1 1 4 11 2 2 4 1 1 1 2 6 2 5 3 3 1 6 1 2 2 1 1 1 2 9 6 1 1 1 2 2 2 3 8 3 2 15 4 1 1 2 1 19 2 4 5 2 1 2 2 30 1 1 1 1 1 1 3 4 1 11 2 2 2 1 67 1 3 1 108 8 1 9 2 3 1 1 2 2 1 16 2 5 10 3 1 2 4 3 1 2 3 2 2 2 2 1 3 1
17 8 1 1 28 1 10 1 2 2 1 1 4 1 1 3 3 5 2 3 57 1 1 4 133 2 1 20 1 1 1 3 1 2 3 2 2 14 10 7 6 2 2 1 1 4 1 6 3 2 1 2 3 11 2 3 2 3 5 4 242 1 2 1 1 4 97 3 1 1 4 2 23 10 6 2 1 4 2 1 1 2 1 1 2 5 3 2 1 1 1 2 3 2 12 7 12 1 1 1 1 1 2 1 1 1 2 1 4 29 7 6 3 5 2 2 1 5 2 1 6 1 9 11 1 1 15 2 3 2 1 1 1 3 2 2 1 1 3 8 3 41 1 2 17 1 3 6 3 7 3 9 2 5 1 3 1 1 2 1 2 1 48 16 2 1 5 6 2 2 1 14 3 31 3 2 1 1 56 28 116 1 2 6 1 3 13 4 6 7 18 5 1 14 2 2 1 2 7 1
4 3 4 1 2 4 1 1 1 1 1 15 1 8 1 1 2 7 3 1 3 1 1 1 3 1 1 4 9 2 2 2 2 4 1 2 2 3 2 2 6 5 14 1 3 2 2 1 1 2 12 1 4 1 11 2 2 1 1 1 1 166 1 2 3 2 3 2 2 1 59 23 2 1 1 4 1 2 163 2 1 8 2 2 3 2 2 2 6 5 2 2 2 1 4 2 4 1 1 8 2 2 1 3 1 4 2 1 2 2 2 3 1 3 3 9 4 15 2 5 3 1 1 46 1 1 1 1 3 1 3 2 8 3 3 1 3 1 2 17 5 1 35 1 1 3 37 1 2 1 5 1 6 4 2 18 1 1 1 2 56 2 2 2 1 1 1 1 2 2 3 1 3 1 5 1 9 4 9 1 2 1 13 2 2 2 2 2 1 3 2 2 3 1 6 5 6 2 2 1
4 2 2 20 1 2 2 2 1 2 2 2 2 43 2 1 11 1 2 2 2 2 21 3 4 7 3 3 1 4 77 2 3 1 17 1 31 1 7 3 2 2 1 1 2 2 1 8 2 102 4 2 2 7 2 1 2 2 9 1 4 1 1 3 1 20 2 3 1 1 2 3 3 3 2 2 4 2 3 2 5 3 7 2 75 1 4 18 17 2 1 3 2 2 1 7 1 3 4 2 1 6 4 1 3 7 61 2 1 8 1 2 3 10 2 1 7 2 5 2 1 2 1 1 9 2 3 1 1 1 10 3 2 1 1 2 6 3 1 4 2 1 2 3 5 1 1 1 5 2 16 1 2 3 3 7 4 2 1 1 6 2 1 1 2 3 5 2 2 2 5 1 1 2 1 1 1 4 2 1 1 3 2 3 1 5 1 1 1 3 4 1 1 1 2 33 2 8 1 1
1 1 2 3 1 1 2 11 2 1 2 6 2 10 1 11 2 21 2 2 6 3 2 2 1 38 1 4 1 1 1 3 1 1 1 2 3 1 1 1 5 11 1 2 4 2 1 4 2 2 1 11 17 1 5 3 5 27 2 1 5 2 2 2 3 3 1 2 6 2 2 4 10 2 1 2 1 2 1 1 2 17 1 7 4 1 1 1 1 2 2 13 1 1 2 1 1 2 2 1 3 2 3 2 1 3 141 2 3 1 2 1 17 2 2 5 1 4 4 1 1 4 1 3 17 1 1 1 1 5 1 1 227 2 10 1 1 4 1 4 1 1 1 3 1 1 1 1 2 1 30 2 1 2 5 2 11 1 3 1 1 1 1 8 2 2 4 1 3 2 11 1 3 6 1 5 2 2 1 3 2 1 2 1 2 3 2 3 2 2 20 1 1 2 1 10 3 4 1 3
1 2 36 1 1 1 1 11 30 2 1 15 2 2 1 1 2 35 34 3 2 1 3 3 1 2 7 1 130 1 9 1 3 2 2 1 4 3 2 2 1 4 13 2 2 1 2 51 2 1 1 2 43 5 4 3 1 1 3 1 2 2 2 4 2 1 2 3 4 2 2 1 2 7 4 2 3 2 3 4 2 2 1 3 2 1 2 1 4 174 2 4 2 1 1 2 2 4 3 1 24 4 2 1 2 1 11 1 4 2 1 2 2 4 4 1 7 1 1 1 2 4 2 1 6 4 7 3 9 2 2 2 2 1 3 2 1 7 5 5 4 19 6 1 2 2 2 4 1 1 3 1 2 1 1 1 2 37 4 17 3 3 2 1 57 1 3 3 1 1 2 4 2 3 345 1 1 14 24 1 2 3 1 17 1 1 1 1 1 2 1 6 2 66 1 7 1 14 2 49
1 2 1 20 4 1 3 2 2 1 1 1 10 2 1 3 1 1 1 9 3 4 2 6 4 1 3 2 2 2 2 1 127 1 2 1 2 13 3 1 2 2 8 29 2 5 2 2 6 1 6 2 1 4 2 1 1 12 3 2 2 2 1 13 1 2 1 2 2 10 1 9 111 1 2 1 10 5 1 12 2 4 1 2 1 16 7 2 1 1 80 1 1 1 1 4 7 3 5 1 1 1 1 1 18 4 8 1 2 5 92 2 3 2 2 1 1 2 14 1 2 2 1 14 1 1 32 2 2 2 7 1 5 4 7 6 1 4 1 39 1 3 2 27 4 1 7 2 2 12 3 2 2 2 1 1 1 3 1 2 1 2 4 2 2 2 1 1 1 1 6 1 1 1 6 7 8 1 1 3 3 3 2 3 2 1 1 1 3 2 6 3 2 2 1 1 5 7 2 1
31 3 1 3 1 4 10 3 4 1 4 14 4 2 1 2 7 1 1 4 1 12 1 1 3 2 4 3 1 27 4 3 3 5 4 1 1 2 1 4 9 2 1 6 1 12 4 5 2 1 1 2 3 2 1 8 7 2 2 2 8 2 3 2 5 2 1 3 1 3 1 8 9 2 1 2 2 2 3 4 3 1 4 1 2 1 3 1 2 6 3 2 2 2 1 10 3 2 2 2 1 2 2 1 2 11 2 3 1 1 3 1 2 2 1 5 3 1 1 1 3 1 11 3 49 6 19 1 1 1 1 17 1 4 1 3 2 2 64 2 1 1 2 11 2 2 2 2 3 2 3 3 6 7 4 3 1 1 6 2 16 1 1 1 5 1 1 1 17 1 1 21 3 2 1 1 8 9 1 1 2 1 8 4 2 2 4 3 2 3 5 2 10 1 2 1 6 4 8 3
4 3 1 2 2 2 1 2 8 15 2 1 2 2 1 1 3 3 13 2 1 2 16 7 8 17 1 35 1 2 1 1 3 2 1 3 1 1 3 2 2 2 3 6 2 2 2 1 3 1 3 2 1 4 1 2 3 5 2 279 5 4 2 2 4 1 2 2 1 2 8 2 2 2 2 2 2 1 2 1 1 1 1 3 4 27 3 2 1 2 4 3 1 233 8 2 1 1 1 2 1 1 2 1 3 1 52 2 9 77 8 16 1 2 2 2 3 1 9 85 2 1 1 1 39 1 1 1 2 1 1 2 4 6 2 3 2 1 3 2 4 2 5 1 4 1 2 1 17 2 1 13 305 7 84 2 2 3 20 2 1 2 6 1 2 2 3 1 1 4 1 2 6 3 6 1 4 2 7 2 14 2 1 2 2 4 1 2 1 1 3 4 2 2 6 11 1 2 2 7
2 1 5 2 2 5 3 1 3 2 9 8 1 7 2 1 1 2 1 1 2 1 1 1 3 1 16 2 1 5 3 32 1 33 2 2 1 6 1 1 2 1 3 1 2 1 2 1 12 2 1 1 1 2 2 2 2 202 2 1 2 1 5 1 1 4 2 4 1 8 5 2 2 1 3 13 2 1 116 1 4 1 1 1 3 1 3 4 1 2 4 1 1 2 2 1 2 6 59 3 4 1 19 14 2 2 1 1 27 1 1 2 2 1 4 42 1 1 3 3 2 2 2 2 1 1 3 24 2 1 2 24 2 3 1 2 1 1 2 4 2 1 1 1 1 1 2 1 2 2 2 11 3 1 1 3 2 1 1 1 1 4 2 1 1 30 2 1 5 3 1 4 2 1 1 10 1 1 2 1 2 3 35 6 2 4 2 5 9 3 2 1 2 2 3 1 1 2 1 1
1 1 1 2 2 9 1 2 4 2 5 13 1 2 2 3 6 2 4 3 2 5 4 3 1 2 4 2 3 1 2 2 2 3 99 6 1 7 3 3 3 2 8 3 3 3 1 4 1 1 3 3 3 3 2 5 3 1 12 2 2 2 2 8 1 2 6 4 2 1 19 3 4 3 9 6 3 1 2 1 32 1 1 1 2 1 8 3 2 18 9 2 4 1 2 5 4 2 22 2 12 1 4 1 3 2 5 6 1 2 1 2 1 1 1 129 2 2 1 2 3 2 1 44 3 3 8 2 1 2 1 3 3 5 16 2 4 5 9 2 8 2 1 3 5 2 1 3 6 1 3 1 4 1 3 3 1 3 2 17 3 3 2 2 31 3 3 1 1 3 2 2 9 1 23 2 10 6 25 1 2 7 2 1 1 1 1 3 4 1 1 1 2 4 1 3 1 1 1 4
2 31 1 2 2 2 2 57 8 1 3 1 1 48 2 11 2 2 2 1 4 37 2 14 41 2 3 2 2 2 5 3 1 1 1 5 2 3 2 41 4 10 2 2 3 1 2 5 31 1 2 33 3 6 7 18 1 19 1 1 4 4 2 1 10 1 3 1 2 6 1 1 2 1 3 2 1 2 2 8 2 1 108 1 2 2 1 7 1 3 2 12 1 1 2 1 1 3 1 13 4 2 1 2 1 4 8 7 1 1 5 3 5 4 2 1 2 2 18 3 1 1 1 2 3 4 2 8 2 1 2 1 1 1 79 2 5 6 6 3 2 10 4 1 5 1 1 1 2 4 1 1 1 6 2 2 4 1 2 1 27 5 1 23 5 1 4 13 1 1 1 3 1 2 5 4 1 9 4 1 3 1 2 26 4 5 4 1 1 6 2 2 10 1 3 5 2 39 2 1
1 10 1 1 1 17 6 3 2 3 2 14 2 2 1 2 25 1 3 1 13 3 2 2 21 7 2 6 3 1 3 2 2 2 2 77 3 2 7 3 4 1 1 5 3 2 66 2 7 30 1 2 24 13 1 8 1 1 2 4 2 2 2 2 2 2 3 3 310 1 5 3 1 1 18 1 3 6 3 8 16 27 6 5 2 1 1 3 1 3 4 1 2 3 6 1 1 11 4 1 1 2 1 3 3 3 2 2 1 3 13 2 4 1 3 3 1 1 6 152 1 5 4 2 3 4 5 1 2 5 1 1 3 3 7 1 11 1 1 2 3 1 2 4 2 3 10 1 2 1 4 2 1 1 1 2 1 2 3 4 1 6 2 13 5 2 2 2 25 3 12 3 14 2 1 1 3 2 2 6 4 5 1 1 5 3 2 1 4 1 4 1 1 1 4 1 2 1 1 1
36 2 1 14 2 1 5 3 6 2 1 3 4 4 4 5 2 2 2 2 3 131 2 2 2 1 25 8 2 25 5 64 19 1 10 16 36 2 1 1 2 2 2 3 2 1 1 2 57 2 11 2 3 1 1 1 4 1 7 8 2 7 30 2 1 100 1 4 2 15 4 2 2 29 2 78 4 1 1 1 2 3 2 2 10 5 8 8 24 4 3 5 2 2 1 4 2 1 1 3 6 2 1 2 3 4 4 43 1 9 1 2 1 7 4 2 72 2 3 2 1 2 4 7 1 9 3 2 2 1 2 1 3 1 2 4 1 2 2 1 14 5 1 2 8 121 2 2 1 3 1 1 2 4 1 2 9 2 2 1 7 2 1 2 1 2 4 7 2 2 12 7 2 3 1 3 2 1 3 3 2 1 37 28 1 2 8 28 1 5 3 5 1 2 15 1 45 3 4 1
2 2 1 22 2 2 1 242 2 2 1 2 6 1 2 1 2 2 4 2 3 6 1 2 12 4 1 2 6 2 67 8 3 2 1 1 1 7 1 2 2 2 3 5 2 3 1 2 3 1 10 2 2 2 6 6 1 4 4 2 2 9 2 1 9 1 2 1 1 2 1 20 4 3 1 6 1 1 2 1 17 3 3 1 3 1 1 1 2 13 4 10 1 3 9 4 1 1 1 1 1 1 1 9 2 1 1 2 3 2 3 2 1 13 3 2 13 2 6 3 14 3 1 7 1 2 3 4 1 6 1 7 1 4 2 1 1 2 3 2 7 2 5 3 1 10 4 2 3 2 11 6 1 4 10 1 7 9 1 7 3 4 2 2 18 6 1 1 1 1 2 1 6 1 3 1 2 2 1 1 3 1 1 4 2 2 2 3 1 1 2 7 1 18 282 10 2 7 12 1
60 2 1 8 2 3 171 2 2 4 3 1 1 159 3 2 1 24 2 2 2 4 1 2 3 3 1 1 4 17 1 1 1 2 1 2 2 6 1 2 2 1 1 1 1 1 1 8 1 1 2 2 2 1 9 1 3 3 3 4 1 2 11 3 6 1 1 2 1 18 3 1 2 2 1 5 3 13 2 2 1 1 1 2 2 2 4 7 1 2 2 2 4 8 11 2 2 2 5 7 1 2 2 1 1 5 2 6 2 2 1 2 1 1 1 1 8 1 9 1 10 9 4 3 1 1 7 8 5 2 1 1 1 2 1 1 32 1 3 12 1 1 2 1 4 1 1 1 3 1 1 1 6 1 4 1 2 2 10 9 6 2 2 3 2 3 1 2 28 4 1 3 20 2 2 1 3 2 13 1 2 2 1 1 1 2 10 8 4 7 1 1 5 2 3 2 2 2 1 5
1 6 1 6 2 2 22 2 1 2 1 9 16 1 1 4 1 1 1 5 1 1 2 1 1 13 1 3 3 1 3 8 2 1 2 2 4 18 2 5 1 7 2 2 5 3 1 3 2 20 1 1 3 2 1 3 2 1 1 2 2 1 3 1 3 4 2 5 2 2 7 9 1 1 2 12 1 2 1 2 12 2 1 3 1 1 2 6 5 1 1 2 2 2 1 5 2 2 2 6 1 2 2 4 2 5 1 4 2 9 275 1 1 13 2 1 2 2 22 10 2 1 4 3 1 1 2 1 8 1 1 1 4 2 10 3 2 1 1 1 6 6 7 3 6 2 1 8 31 6 1 2 5 2 12 5 28 1 3 1 2 4 2 50 22 1 2 3 28 1 5 3 1 1 11 3 1 1 3 1 3 2 4 1 3 11 1 2 1 3 30 5 1 2 1 15 2 1 3 2
1 3 3 4 2 7 1 5 2 1 4 11 2 4 5 3 1 12 2 2 4 1 5 4 1 36 1 1 12 2 8 2 10 2 3 7 2 2 70 2 1 3 1 1 1 3 2 12 1 3 1 2 2 3 3 1 2 1 2 2 1 7 1 1 1 3 1 1 1 1 2 2 3 12 2 1 1 2 1 1 4 5 1 2 2 17 2 1 2 37 1 6 4 5 2 4 2 6 1 26 6 1 1 19 2 1 282 30 2 1 6 1 3 1 1 2 1 1 1 10 3 17 5 1 1 2 1 1 1 1 2 6 64 2 7 4 1 2 1 2 3 194 5 1 17 2 1 1 1 1 2 2 1 1 5 1 7 1 1 1 9 1 101 1 1 8 2 5 1 2 1 2 1 2 1 6 2 4 2 2 1 7 5 4 1 143 11 24 1 4 1 1 9 1 4 2 1 3 3 4
1 8 2 8 1 1 2 1 1 14 6 3 1 4 3 5 3 1 2 1 5 2 3 1 3 2 11 1 2 405 2 7 9 1 2 3 1 6 1 2 6 1 2 2 1 1 1 1 11 3 10 1 2 3 1 2 1 179 3 2 1 1 5 2 14 3 8 1 3 2 1 1 2 2 1 5 3 1 1 1 1 2 2 2 4 1 4 3 2 2 2 1 1 2 2 2 7 2 5 2 4 1 2 2 1 2 1 5 2 2 2 1 3 2 2 3 1 2 2 2 1 1 1 1 2 2 2 5 6 1 1 3 3 2 4 1 3 3 1 7 4 3 8 2 2 1 1 1 4 33 3 1 6 2 1 1 1 2 2 2 4 1 1 1 1 1 6 3 2 1 4 3 2 2 4 1 2 1 1 1 3 2 1 1 15 2 160 7 1 17 1 1 11 1 2 1 1 117 107 1
2 1 1 10 3 2 7 15 4 4 4 26 8 5 19 3 9 5 20 2 1 4 37 3 1 4 2 95 5 1 6 1 1 23 14 1 31 1 2 1 1 4 1 5 9 2 1 1 2 6 1 2 6 1 30 2 2 9 1 2 3 1 12 5 1 2 3 2 3 1 1 2 6 19 14 3 2 1 2 3 4 2 2 3 1 1 2 8 2 1 2 1 66 1 2 5 16 4 8 5 3 2 3 2 2 1 2 65 25 2 2 1 2 3 2 6 1 1 8 1 4 18 1 1 1 1 2 2 5 5 3 1 3 6 2 2 1 2 5 22 3 1 2 1 4 10 2 7 1 1 4 2 23 1 3 1 1 1 2 3 3 1 3 1 1 2 1 9 3 2 2 3 3 1 9 1 1 2 2 3 1 2 1 2 1 2 1 27 2 1 4 7 2 1 1 2 1 37 2 5
10 2 36 2 4 3 3 2 2 3 2 9 1 4 2 1 8 1 2 2 2 1 1 27 1 11 1 145 2 2 4 1 3 1 3 3 2 5 1 2 2 1 4 1 2 2 8 1 1 7 4 3 1 1 4 1 2 35 3 1 2 1 4 1 1 1 1 3 3 1 2 2 12 1 3 1 7 2 1 2 55 2 2 10 3 1 1 2 1 3 7 3 4 2 1 7 4 2 2 4 1 1 2 1 18 60 1 1 3 1 2 1 3 9 4 2 2 1 1 1 2 1 1 3 1 11 1 22 4 16 6 2 57 4 1 10 1 7 1 2 2 7 1 3 32 7 9 14 5 2 1 2 70 6 1 1 1 4 3 7 3 1 4 4 4 2 3 8 1 7 18 8 3 2 2 1 1 1 12 2 2 2 40 16 2 7 2 1 1 1 16 5 17 1 2 2 2 4 1 6
4 3 2 1 2 1 2 15 1 1 2 2 2 4 2 2 2 1 3 2 1 2 11 2 2 6 2 3 5 1 1 1 10 1 6 1 2 2 2 9 3 2 2 1 11 1 3 2 1 2 4 3 2 4 1 1 1 8 1 1 16 1 2 1 2 2 11 5 2 2 5 1 1 6 1 40 5 2 9 4 1 1 2 1 2 1 1 6 1 3 4 23 2 3 1 1 1 2 72 1 1 2 2 6 10 2 1 8 1 2 3 7 1 1 1 13 4 2 3 1 4 1 2 1 1 5 1 13 12 3 1 3 1 1 1 1 11 1 2 1 1 2 1 2 9 4 3 1 2 3 4 2 2 3 1 5 4 16 2 9 2 1 1 1 2 2 6 3 1 2 57 1 2 3 3 1 40 13 1 2 2 1 2 4 1 2 2 1 1 1 1 32 2 4 3 13 2 3 233 40
6 1 1 2 4 61 41 1 20 2 2 5 4 3 2 5 3 37 1 2 1 2 1 2 1 2 2 1 3 4 3 2 3 3 1 2 2 1 36 2 2 3 2 3 7 1 4 22 2 1 1 5 1 1 1 4 1 7 2 1 2 2 2 4 5 2 4 5 4 3 1 2 3 6 5 1 2 2 2 2 1 1 3 4 10 2 1 1 3 2 2 1 7 2 7 1 1 6 1 2 1 1 1 5 6 1 2 3 2 3 2 3 2 13 3 5 1 1 1 1 1 2 2 2 1 1 1 2 1 1 2 1 8 1 2 2 1 2 4 3 1 13 1 1 3 3 1 1 10 2 3 1 3 5 1 1 1 3 3 1 7 7 1 2 1 2 2 9 3 2 3 11 2 9 2 5 8 6 4 4 1 1 2 2 54 2 1 1 3 2 2 5 7 1 2 1 12 6 1 3
5 3 1 2 2 3 1 1 1 3 1 1 2 2 1 1 3 26 2 1 3 2 1 1 8 9 1 1 1 2 18 6 25 3 2 2 6 2 1 4 2 1 3 2 1 1 1 1 6 3 1 1 2 5 1 1 1 18 3 1 1 4 1 3 1 2 4 2 1 3 2 1 2 4 2 2 3 2 1 4 1 1 2 1 1 21 3 35 2 2 4 2 1 3 2 2 5 2 11 37 2 3 1 2 1 10 2 5 2 59 1 1 20 1 1 2 1 6 3 1 2 2 1 2 1 3 1 15 2 3 2 4 2 4 1 3 2 4 2 2 2 2 3 118 3 3 6 2 1 2 16 2 2 12 3 1 3 1 8 18 1 4 1 3 1 2 7 20 5 2 3 2 2 8 11 10 2 1 2 3 2 2 2 1 1 60 11 1 1 4 3 19 5 8 1 3 7 3 1 5
2 1 1 6 2 3 2 2 1 2 2 41 4 1 2 3 3 1 3 4 19 2 1 2 2 1 3 1 5 1 1 5 1 5 3 2 1 2 2 4 6 2 2 2 1 2 1 1 2 6 1 4 2 2 2 2 2 1 2 5 1 2 2 2 5 3 1 6 15 1 1 1 5 2 3 1 3 3 4 3 1 2 2 6 2 1 101 46 2 2 1 2 1 2 6 3 2 2 3 2 3 5 1 3 3 2 2 3 4 3 1 13 1 2 1 2 1 1 1 2 1 2 3 4 3 2 3 1 1 11 2 1 2 2 1 37 1 1 5 1 138 2 1 9 1 2 7 2 25 2 4 20 2 2 5 5 1 1 5 1 2 1 5 2 1 2 1 101 1 2 1 1 2 5 1 1 2 4 1 1 3 2 6 2 2 10 4 2 3 10 7 2 3 1 3 1 1 1 3 2
1 16 2 6 2 2 5 5 3 1 5 1 1 1 2 2 12 8 2 2 4 2 9 3 1 6 1 7 20 42 1 2 1 3 6 7 3 2 1 1 11 1 19 1 3 2 6 2 1 2 4 1 2 3 2 3 42 51 1 2 1 6 2 1 1 11 1 1 8 78 2 1 23 1 2 1 4 2 10 3 19 2 14 5 2 1 2 1 1 1 2 69 9 1 19 2 6 2 3 2 1 4 1 1 5 1 3 3 1 1 1 11 1 2 38 1 12 7 2 3 4 10 2 2 1 1 15 2 1 2 1 4 5 2 1 18 5 4 14 3 1 6 4 5 3 2 2 1 8 4 3 3 2 2 3 1 2 2 1 1 2 1 9 4 1 2 42 8 1 2 4 6 8 2 12 17 2 1 1 2 1 8 3 5 2 3 2 1 3 1 2 1 2 3 7 4 3 40 1 1
1 1 7 4 2 6 1 2 2 4 3 2 3 1 2 3 5 2 5 2 1 3 4 1 1 1 3 1 2 11 1 2 5 1 1 17 2 1 2 1 1 12 1 2 12 1 1 1 7 1 2 12 3 2 1 2 2 2 2 1 2 1 2 3 3 7 2 10 1 1 2 2 68 2 1 1 3 2 1 2 1 10 3 3 2 4 1 3 1 1 74 2 2 2 3 2 1 4 2 2 1 1 21 1 10 2 1 2 1 2 2 1 3 1 6 1 22 4 2 23 3 2 5 1 2 1 3 13 2 2 2 2 3 6 4 7 1 117 3 2 6 3 1 2 1 1 3 3 2 1 1 11 1 3 2 3 5 1 2 6 3 1 1 3 3 2 4 2 52 3 29 10 1 1 2 1 1 17 3 4 15 1 3 1 1 4 3 1 2 2 2 1 1 1 1 1 21 2 6 1
2 1 2 6 1 6 2 8 12 1 2 2 1 1 4 1 1 70 3 1 1 2 1 2 2 9 3 2 2 1 2 50 10 2 1 8 8 3 2 1 1 71 12 1 1 3 2 1 2 3 2 19 2 2 1 2 1 2 1 3 3 2 2 2 4 2 2 2 2 5 17 4 2 1 6 1 1 1 2 1 5 3 2 2 3 1 3 4 1 1 4 2 1 1 8 2 1 2 1 2 7 3 1 2 2 1 2 2 1 3 1 3 3 1 3 1 2 2 1 16 3 3 11 2 2 2 1 14 5 16 1 1 3 2 4 1 2 23 1 1 2 21 1 1 1 2 7 7 13 2 1 5 2 4 2 1 1 2 2 2 112 2 1 3 2 2 3 3 1 1 1 1 1 3 2 28 3 8 4 7 1 2 9 1 2 2 2 1 1 1 3 6 3 1 28 1 42 1 1 6
4 8 4 2 3 1 3 2 2 17 2 24 2 2 4 2 7 1 1 29 14 2 154 4 2 2 5 9 5 2 1 1 5 8 1 9 3 4 2 1 4 3 1 1 4 1 2 1 1 1 1 5 3 4 1 1 4 3 1 4 3 5 2 1 5 15 11 1 2 2 1 2 9 1 3 1 9 2 1 219 2 1 4 3 2 4 10 10 12 5 10 1 3 2 8 1 3 7 1 7 2 3 4 2 1 5 3 1 1 2 1 5 1 2 2 1 3 1 2 18 3 1 2 3 3 2 2 5 2 3 264 2 3 1 37 1 1 5 1 3 2 1 3 1 1 1 1 1 2 1 9 1 2 1 2 1 2 2 2 5 6 3 1 2 2 8 8 2 17 2 5 1 4 3 2 8 1 180 1 4 1 2 1 1 2 3 2 43 1 290 2 1 4 3 10 1 1 2 1 6
1 1 4 8 1 85 1 3 2 2 7 11 6 10 24 6 1 2 3 3 1 2 5 15 4 2 2 2 2 1 2 16 1 1 1 2 2 4 3 3 4 1 72 11 1 1 1 2 2 58 2 1 1 10 11 2 2 1 1 1 2 1 1 28 1 10 1 2 6 12 12 1 3 3 19 1 3 6 1 2 9 3 1 1 4 7 7 1 4 2 7 2 10 1 1 4 1 2 3 1 4 2 1 1 4 1 3 6 5 2 1 1 1 1 1 1 11 1 2 2 2 5 2 1 5 1 1 2 3 1 1 2 1 1 7 1 1 2 1 2 1 7 3 20 2 5 1 2 1 1 5 1 4 1 8 13 2 4 6 1 1 18 2 42 1 1 5 9 4 1 2 1 2 4 2 16 3 54 2 17 1 2 2 2 3 13 2 2 24 2 5 4 4 3 1 64 10 2 6 3
3 2 1 3 1 3 6 2 2 1 2 6 3 2 1 1 1 2 1 2 4 2 2 149 3 2 7 1 2 4 2 2 2 2 24 10 3 2 12 9 2 1 4 2 1 6 1 2 2 2 30 2 1 2 7 2 2 2 2 1 1 1 3 2 4 2 6 2 33 2 1 4 1 4 2 1 20 1 2 2 1 4 1 3 3 1 1 1 2 1 3 4 1 3 8 1 3 7 1 3 32 2 2 1 3 2 2 3 2 1 2 2 6 1 20 6 1 1 21 3 2 1 3 3 4 2 2 2 1 1 1 3 3 2 2 5 1 3 1 5 1 17 1 2 3 2 3 1 2 2 2 4 2 1 8 37 1 4 2 1 5 11 1 3 1 3 3 2 4 5 1 3 5 2 3 2 1 1 2 1 1 27 11 6 98 2 5 5 2 1 56 5 2 6 2 1 3 172 1 2
1 2 5 1 1 4 3 3 2 2 2 1 1 3 3 8 2 2 5 5 128 8 1 1 4 2 2 1 1 1 1 6 1 2 2 3 1 2 2 1 1 2 1 3 3 2 2 2 1 1 3 1 3 1 1 2 1 1 1 25 2 4 1 1 10 22 3 6 5 4 2 1 4 1 3 5 8 31 2 2 7 2 1 2 4 1 4 65 13 6 1 6 1 416 5 1 1 17 2 2 1 15 1 76 53 1 2 1 5 3 4 1 1 4 1 3 2 1 5 2 3 2 7 2 2 1 3 9 2 1 1 13 1 1 2 1 8 1 8 2 2 3 2 31 3 2 10 1 2 264 1 2 1 1 1 9 1 2 2 4 2 2 2 2 1 2 2 2 2 1 52 5 28 2 1 2 2 2 2 3 2 3 3 9 54 8 4 1 3 15 1 4 2 63 2 4 1 2 1 5
8 2 1 5 5 3 1 2 2 1 5 18 1 1 1 1 2 2 2 2 2 1 6 7 1 1 2 5 7 2 2 12 1 1 5 1 8 10 3 2 2 9 3 1 2 3 1 3 2 4 3 9 2 2 6 8 3 3 3 14 1 3 5 1 5 12 12 2 1 1 1 2 6 18 2 3 3 1 1 2 1 1 2 3 2 4 1 1 1 1 1 10 2 5 5 6 84 2 2 1 5 2 2 2 1 5 2 2 2 3 19 9 1 1 1 2 1 6 1 1 3 3 2 2 4 1 1 10 2 9 1 3 1 6 2 1 36 1 2 2 201 8 2 2 6 2 1 1 9 1 2 1 2 6 1 1 1 2 2 1 23 3 2 9 2 1 3 2 1 1 1 7 146 1 2 1 2 2 2 2 2 2 2 2 2 2 1 5 3 1 12 1 2 1 1 1 4 1 26 40
1 10 2 51 1 2 1 2 2 2 1 2 3 1 3 1 2 1 1 2 23 79 3 1 8 1 5 2 2 1 2 2 7 2 3 66 4 2 6 3 1 1 4 2 15 6 12 3 1 1 1 1 7 1 5 3 1 5 1 37 1 144 2 15 1 4 1 7 3 1 1 23 45 5 3 30 2 2 1 1 1 1 3 5 4 15 1 4 2 1 3 9 2 1 3 66 3 1 2 1 3 1 2 2 1 5 1 1 4 3 2 1 1 2 3 1 1 151 3 3 19 4 1 1 3 1 2 5 1 1 4 1 2 2 1 2 1 10 1 7 5 4 1 1 3 17 1 6 7 1 2 12 3 1 3 3 2 4 4 2 2 1 72 1 4 1 2 46 3 10 5 1 1 1 3 3 4 1 1 1 3 1 1 3 1 1 2 10 4 2 3 1 1 1 10 2 2 1 5 6
