200
105 351 200 357 135 186 130 109 455 137 285 343 297 370 446 335 203 111 471 155 205 241 331 496 482 234 270 432 482 314 159 446 346 245 217 246 164 497 414 263 394 154 300 460 186 195 208 405 394 121 147 275 128 190 295 315 230 296 256 427 372 470 308 255 126 185 445 314 256 442 280 199 428 331 491 244 468 192 322 332 422 181 130 198 119 491 203 315 392 251 335 440 376 305 161 357 467 378 419 496 395 471 415 142 408 460 185 108 417 418 356 441 469 147 173 120 458 370 156 293 297 133 292 467 404 399 175 380 286 276 456 191 492 410 111 190 469 466 382 405 419 483 150 301 151 195 333 202 119 461 129 157 308 260 209 393 140 285 345 155 495 433 490 101 155 238 346 200 300 221 460 169 190 480 239 129 431 300 179 204 351 457 495 404 481 173 223 334 265 148 402 376 357 167 368 447 161 181 396 442
3 5 2 5 2 4 6 1 1 6 2 4 6 2 6 2 1 5 5 6 3 3 4 3 5 4 4 3 1 6 5 2 3 6 2 5 5 3 1 4 4 2 6 6 6 4 3 3 5 4 4 3 4 2 1 4 5 3 6 6 5 1 2 4 5 2 4 5 6 3 4 2 4 2 1 4 5 3 1 4 5 2 5 6 6 6 5 6 5 4 5 5 2 3 1 5 5 6 3 5 5 5 3 4 4 2 1 3 3 1 6 5 4 3 2 2 4 2 2 4 3 5 3 1 6 5 6 4 6 1 3 2 6 5 1 2 1 4 2 3 6 1 3 4 1 1 3 1 3 3 1 3 6 3 2 5 4 5 6 3 3 6 1 4 5 3 5 3 1 2 2 4 2 6 5 1 4 1 3 1 3 3 1 2 4 3 5 6 1 5 1 5 5 6 2 3 2 6 5 4
1 8 1 4 2 2 1 6 3 3 5 3 8 1 3 1 3 1 1 2 9 1 1 2 3 1 1 4 26 1 147 13 1 3 2 2 2 1 2 6 1 2 2 2 1 3 12 1 2 1 14 16 2 1 3 1 3 1 1 1 3 2 2 3 2 3 1 15 2 2 6 2 1 1 18 7 2 5 2 12 2 1 2 3 1 1 1 2 3 1 4 4 2 5 3 4 9 3 2 2 1 1 2 2 1 7 1 1 1 1 1 3 1 1 1 2 4 5 11 1 3 1 6 2 2 1 1 1 2 3 11 1 3 5 3 1 1 1 7 4 1 2 1 2 26 2 2 3 1 1 1 2 3 9 2 3 1 1 23 3 1 8 1 9 1 3 1 12 1 1 1 1 22 1 290 1 2 1 2 3 4 2 1 4 1 2 1 2 2 2 1 1 130 3 42 5 3 1 1 2
1 1 2 36 17 1 11 2 9 10 4 1 2 1 3 34 6 5 5 3 2 2 6 2 2 3 2 6 1 1 3 4 1 2 2 2 3 8 2 5 4 2 2 3 3 2 1 1 6 70 12 2 5 2 2 2 1 1 6 1 2 5 1 1 2 1 5 1 2 4 2 1 1 5 3 1 68 1 3 4 3 2 2 2 14 2 3 2 1 4 3 6 2 1 1 4 2 1 1 2 1 2 5 1 5 2 3 2 6 5 4 1 22 3 1 6 1 1 14 3 1 106 1 1 3 1 1 2 2 2 1 16 2 3 7 3 1 2 1 2 1 2 1 3 2 1 1 4 1 1 2 2 1 2 6 2 1 2 4 3 4 2 2 1 1 4 4 1 4 1 1 8 36 1 2 5 1 4 11 2 1 3 1 37 2 1 1 3 2 2 1 6 1 1 1 14 8 1 1 6
2 3 2 3 2 2 2 1 1 1 2 9 12 2 2 4 10 10 1 3 2 1 6 1 2 2 10 1 4 9 2 2 1 2 1 2 4 23 40 2 6 5 1 7 3 1 1 1 1 2 2 1 2 1 1 5 4 5 1 5 2 2 5 1 1 2 2 1 4 5 2 1 1 2 3 1 2 2 106 8 2 42 4 2 3 1 2 2 4 3 2 6 1 1 8 226 8 2 1 14 2 4 2 1 2 3 2 2 3 2 1 2 4 4 3 2 1 4 4 18 52 2 7 2 1 3 3 6 1 1 2 1 2 2 3 7 12 2 1 3 10 6 2 2 2 4 2 3 2 3 2 2 1 2 3 4 19 4 3 3 2 2 1 3 10 8 2 10 1 6 3 1 1 1 2 2 4 11 1 41 2 11 8 15 2 3 4 20 3 3 3 2 1 1 2 1 1 1 1 1
10 1 4 4 4 2 3 3 2 1 1 2 3 2 3 3 3 2 1 2 6 2 1 25 1 1 1 2 2 7 128 1 2 2 2 74 1 23 3 1 2 1 1 1 2 3 2 1 2 1 2 4 2 2 1 2 1 1 2 1 2 4 1 1 4 24 1 1 1 2 1 2 1 1 1 2 5 21 2 35 3 3 3 3 2 4 1 6 1 2 3 9 13 2 1 1 5 3 5 2 2 3 1 2 2 3 2 3 2 5 5 3 7 1 3 1 1 2 5 1 7 1 2 2 1 2 5 1 3 10 1 3 3 1 1 3 2 1 1 5 2 2 4 1 2 5 1 2 36 3 1 1 1 1 1 1 4 3 1 1 2 8 5 9 1 2 138 1 1 2 7 1 5 3 1 2 2 2 3 3 2 1 1 4 2 2 5 2 6 3 1 2 2 14 2 1 1 2 23 4
2 1 12 4 1 2 1 17 1 3 115 6 2 5 3 1 8 2 1 113 2 1 1 7 5 1 1 3 7 7 1 3 2 1 5 1 5 4 2 1 1 1 2 14 1 9 3 16 2 1 4 1 1 6 7 1 2 3 1 7 1 1 1 33 2 2 2 2 3 1 1 1 5 1 12 42 1 1 1 3 1 6 1 4 1 1 19 4 1 3 2 3 2 1 4 3 3 9 12 13 1 1 2 2 16 4 1 5 59 1 6 2 5 3 1 4 37 1 3 1 1 6 1 1 7 4 1 1 2 3 29 1 2 2 38 5 3 4 5 3 13 4 1 2 1 2 2 2 3 4 5 1 14 12 5 1 1 1 1 11 1 2 6 14 3 3 2 3 3 2 2 4 2 4 5 2 2 2 2 22 1 8 1 3 3 9 2 5 2 1 6 1 2 5 2 2 3 1 2 2
4 2 5 1 18 7 2 2 15 5 2 6 23 2 2 4 2 1 1 8 3 4 1 2 1 1 2 2 1 7 17 1 2 3 4 1 2 1 1 2 1 10 2 18 7 2 3 20 7 2 1 1 1 3 2 1 1 46 2 1 2 1 1 1 5 1 96 1 1 4 1 75 11 6 1 23 138 2 2 5 98 2 67 1 2 6 1 2 6 4 2 3 1 5 11 1 1 4 13 7 3 2 1 5 1 8 7 1 5 3 4 2 18 3 2 1 6 2 2 1 3 1 1 2 2 4 6 1 2 12 1 2 2 1 2 3 2 1 8 1 4 22 2 1 2 6 4 3 2 2 22 1 3 3 4 2 1 4 1 14 39 1 2 2 3 1 1 1 1 2 2 3 2 2 10 3 1 7 4 1 2 1 6 6 1 6 1 2 2 1 2 3 7 3 4 2 4 2 1 23
3 2 1 6 4 1 11 7 1 1 2 1 2 2 3 1 4 7 2 2 2 2 1 1 27 9 2 3 2 4 1 3 1 5 4 4 1 3 1 5 3 1 19 1 8 1 1 3 3 3 1 2 3 6 1 1 2 4 12 2 8 3 3 7 2 1 65 2 1 20 1 2 2 3 6 2 21 1 1 1 4 2 1 2 3 4 2 5 5 2 1 3 8 5 2 1 16 4 7 16 5 1 3 15 3 2 4 3 2 1 2 1 1 3 2 1 9 2 2 1 5 7 10 3 1 7 2 5 1 1 4 1 1 1 2 2 1 1 29 5 5 2 1 1 11 3 1 2 4 6 3 2 2 2 3 2 1 4 1 2 3 19 2 2 1 2 1 2 9 8 2 13 2 1 1 2 5 24 24 13 15 5 1 3 26 2 6 46 1 1 2 2 2 1 7 3 2 9 295 1
2 2 1 12 5 2 1 2 1 2 1 9 1 1 4 1 2 2 10 1 2 2 1 2 1 1 2 17 2 2 1 3 1 2 2 4 4 1 1 19 1 3 5 3 2 2 1 5 1 1 2 12 1 126 1 1 1 68 1 4 1 1 2 3 13 1 6 4 1 2 3 2 6 1 2 9 2 1 1 1 1 1 2 47 1 10 5 1 11 22 2 5 3 4 2 6 6 1 2 3 1 2 5 2 1 1 4 2 1 1 4 5 46 3 2 55 1 3 1 3 3 1 2 2 4 8 3 1 3 1 470 2 1 2 1 4 22 3 3 53 37 1 2 1 2 5 1 1 8 14 1 1 2 1 2 2 9 3 1 1 1 3 4 8 16 1 3 1 11 1 21 2 2 6 2 7 2 1 2 2 119 2 2 2 5 1 7 9 4 1 1 2 1 17 8 1 1 1 15 5
1 1 13 87 2 1 2 6 2 2 5 31 42 3 1 3 1 6 2 2 5 3 2 7 3 2 1 1 1 2 1 3 1 1 269 3 2 4 3 3 4 3 6 2 2 4 1 1 2 1 1 1 3 1 5 2 23 4 17 1 14 2 2 1 24 2 5 7 3 3 1 3 1 1 268 2 4 1 2 2 1 2 3 1 4 3 9 11 3 1 5 2 13 2 1 3 2 4 8 22 18 1 1 3 6 206 1 1 1 6 2 1 2 4 2 7 1 1 1 3 1 1 2 2 2 2 1 4 3 8 1 1 1 7 2 2 3 2 1 1 2 7 2 3 2 1 1 3 6 4 1 13 1 95 7 3 3 2 2 2 1 2 1 2 96 2 5 3 9 1 2 2 3 1 42 3 2 1 1 2 2 2 3 7 33 2 2 1 10 2 2 13 1 2 2 3 1 7 2 1
3 1 1 1 3 2 1 1 1 8 1 2 2 4 3 2 2 2 10 40 6 2 1 2 1 2 12 1 3 1 1 2 5 1 1 3 2 5 1 3 5 80 1 21 3 1 1 9 4 2 2 2 2 29 1 1 3 1 2 3 1 3 1 4 5 4 2 2 2 1 82 1 4 3 2 1 5 1 2 5 4 1 2 1 2 1 2 9 15 1 5 4 1 9 25 1 28 1 4 1 2 1 2 9 3 4 1 3 1 6 2 2 2 4 2 1 1 2 2 2 15 1 1 4 1 1 1 21 1 4 2 3 2 1 1 3 2 4 3 1 2 3 2 1 1 37 2 2 9 5 2 8 3 4 4 2 1 1 8 2 2 2 1 1 5 2 3 4 3 3 10 1 50 2 3 11 1 5 2 1 2 2 1 4 1 2 72 5 3 8 2 2 1 1 3 2 1 4 1 12
1 2 1 1 1 2 4 15 1 1 2 1 1 1 2 1 39 14 3 1 8 37 1 1 1 4 1 2 4 3 1 2 5 5 80 2 6 2 2 2 2 1 1 1 1 5 5 11 1 3 4 2 2 4 2 19 2 4 1 1 4 1 2 2 2 9 4 7 19 4 2 3 2 1 2 1 1 10 1 1 1 3 7 3 1 3 1 5 1 2 2 1 20 5 2 2 2 1 25 5 2 5 18 1 11 1 4 18 2 3 1 2 5 4 2 2 1 1 1 5 1 1 1 5 1 1 2 2 1 17 2 45 2 1 6 4 2 1 4 1 77 2 1 77 1 27 1 7 8 1 2 10 1 3 1 1 1 1 2 94 1 3 2 2 6 5 2 2 1 1 1 9 4 1 1 3 4 4 2 1 5 3 2 1 8 16 12 2 1 2 2 3 3 3 2 1 6 10 6 2
4 2 31 2 4 11 3 3 3 1 2 43 1 2 1 3 1 2 1 1 1 1 1 4 20 1 4 7 1 1 2 2 1 17 11 2 2 4 7 2 1 1 10 3 2 3 2 2 7 39 1 8 1 1 6 3 2 16 1 3 7 5 2 4 4 1 1 1 1 2 3 1 1 2 1 3 1 10 2 8 1 1 2 1 2 3 4 1 1 1 11 1 6 1 2 5 1 2 8 1 10 3 9 1 1 1 55 1 1 14 3 2 2 1 1 1 10 2 1 3 7 4 5 1 6 2 3 2 21 3 1 1 1 12 8 2 2 3 7 1 4 66 1 8 1 1 1 5 2 2 38 3 2 4 1 2 6 4 1 3 3 2 1 5 1 2 3 4 5 1 3 2 1 3 5 13 1 11 17 13 1 1 4 3 2 1 1 1 1 10 1 86 4 4 3 6 1 1 1 3
1 3 2 1 1 3 2 1 2 1 1 1 10 4 1 2 2 2 1 4 1 2 3 2 1 1 6 5 4 2 1 3 2 1 1 3 2 2 12 484 1 1 2 44 161 1 1 1 1 1 2 3 42 4 3 2 1 1 2 2 2 2 11 70 3 9 3 289 4 3 4 1 14 1 1 3 5 1 1 6 1 1 3 3 1 5 10 7 3 2 1 1 1 1 1 7 6 17 2 1 2 1 2 10 2 3 8 2 12 66 5 6 2 3 3 1 2 36 2 3 1 1 2 3 1 2 2 2 1 2 2 25 1 1 1 2 1 1 2 49 1 1 2 2 2 1 3 2 2 1 1 4 2 1 8 2 2 2 2 1 18 5 2 2 1 2 3 2 2 2 2 1 48 5 2 2 15 33 153 1 12 1 1 1 13 2 1 1 3 4 1 2 15 13 2 1 1 14 5 1
20 2 2 2 2 2 2 3 5 3 2 1 2 4 2 2 1 3 2 8 5 2 1 2 2 2 1 2 4 20 2 1 5 6 2 1 1 1 20 2 3 21 10 9 3 24 1 4 4 1 2 1 3 2 4 2 1 2 3 9 1 1 9 15 2 4 2 2 2 1 1 47 2 4 5 2 14 1 3 1 1 6 1 55 1 1 1 47 2 1 23 2 5 13 2 2 3 3 1 1 1 3 2 1 1 3 1 1 2 2 2 1 1 2 1 6 2 2 1 3 3 1 2 2 2 1 1 1 1 3 2 1 8 1 2 1 1 5 3 2 3 2 1 1 2 3 13 3 1 5 2 32 2 1 6 7 8 10 1 1 10 4 1 1 83 1 1 8 76 7 2 2 35 16 2 11 1 2 11 7 19 1 2 1 27 6 5 9 3 1 3 2 1 3 1 2 2 4 1 1
3 2 35 1 2 28 2 2 8 1 1 2 4 1 92 1 2 1 1 2 2 2 1 7 2 1 5 12 2 2 6 1 1 2 4 9 1 1 3 2 3 1 3 78 1 1 1 9 8 1 2 2 22 1 2 2 1 3 1 1 2 1 1 1 11 3 1 1 16 4 7 1 3 8 1 2 1 1 2 4 1 1 1 2 3 1 1 1 1 4 2 2 3 1 3 22 2 4 3 2 15 2 4 2 3 5 21 3 8 1 8 1 3 6 3 18 1 2 3 3 1 1 7 2 1 1 4 3 1 1 4 1 1 2 4 1 4 5 5 19 5 3 2 1 1 1 1 1 2 1 2 2 5 4 5 1 5 1 6 1 2 1 6 4 9 2 1 8 3 1 1 6 4 3 2 2 8 35 2 4 2 2 1 1 5 6 2 2 6 2 2 3 5 2 4 1 1 2 1 2
8 1 2 2 1 1 1 1 7 1 1 2 1 3 2 3 4 3 36 1 1 4 3 7 2 1 1 1 6 11 1 1 34 4 6 4 2 1 9 3 2 1 8 2 1 1 2 3 2 1 2 1 2 36 2 1 3 1 4 1 2 1 1 5 2 1 2 1 7 4 1 139 10 3 3 16 2 8 2 2 1 2 8 1 1 3 7 6 1 1 8 14 7 1 1 3 1 6 2 2 1 1 2 1 4 126 1 4 1 1 1 2 1 3 4 2 2 1 2 2 1 3 4 3 3 2 18 2 4 1 2 1 3 2 4 7 1 1 6 18 5 3 1 2 5 45 6 3 2 2 1 3 20 2 1 3 1 2 2 3 9 3 2 1 2 1 63 3 2 1 5 5 2 1 7 2 5 1 5 2 2 1 5 64 2 7 3 2 5 1 1 5 1 6 2 3 4 2 1 1
2 7 1 13 8 6 8 3 2 12 3 2 2 2 1 1 4 119 5 2 1 7 5 3 3 2 1 1 1 2 5 1 1 1 1 3 1 41 1 2 1 1 1 1 1 2 1 1 1 3 4 2 3 3 18 3 4 6 1 3 15 2 1 1 20 2 2 4 2 3 1 4 4 1 2 3 2 1 2 2 8 2 1 76 7 1 3 6 2 1 2 1 3 3 2 2 1 2 89 5 1 1 1 3 1 1 10 3 4 1 1 1 1 1 1 110 2 2 1 1 1 2 1 1 5 5 10 3 2 2 1 1 2 2 2 1 2 2 10 62 1 4 5 5 2 2 3 3 2 8 1 5 2 5 5 1 3 2 5 236 2 28 1 4 1 1 2 6 21 4 13 1 1 25 2 1 1 1 3 2 1 3 5 6 19 26 3 3 1 1 4 3 1 2 1 3 1 52 1 1
7 2 1 1 7 1 1 15 3 1 3 2 2 4 1 3 14 1 3 3 1 8 1 1 2 2 1 1 2 2 35 26 9 1 2 339 2 1 1 10 2 2 1 3 3 22 3 2 1 2 2 1 2 2 3 3 2 2 19 1 9 2 1 2 1 1 1 1 2 127 1 2 25 52 7 2 2 6 6 1 1 1 1 3 1 2 9 1 15 2 1 13 1 2 2 9 9 9 3 2 2 1 5 2 4 6 3 247 2 1 1 3 2 4 1 3 2 2 1 2 2 4 2 1 1 6 1 1 3 1 1 3 1 1 3 1 2 1 1 2 8 3 1 7 1 2 2 1 2 1 10 1 2 4 1 2 1 1 2 6 11 3 5 1 3 2 20 2 1 3 3 1 40 1 1 6 1 1 2 2 2 4 2 4 1 6 3 2 5 2 1 2 2 11 4 3 53 5 2 1
1 7 4 2 1 3 9 4 4 3 3 1 1 6 3 7 1 17 5 11 1 30 1 32 1 8 6 2 1 1 4 2 1 2 2 1 9 18 3 4 2 2 2 3 4 1 2 5 1 12 1 2 2 5 1 1 2 2 1 1 2 1 2 3 4 1 2 1 1 2 3 2 3 2 1 6 1 2 1 1 1 1 2 1 3 1 1 4 4 3 3 28 7 1 4 1 1 1 1 2 3 1 1 2 1 1 1 3 1 1 1 1 100 26 1 3 4 1 90 2 1 1 2 1 2 6 1 1 7 3 2 1 1 10 1 1 2 1 1 2 2 14 2 16 6 1 1 2 3 1 19 1 1 6 1 1 1 4 3 1 5 1 1 1 1 3 12 1 1 1 1 1 3 12 2 1 4 1 5 2 3 1 1 1 2 1 12 1 3 2 1 2 6 6 2 4 1 8 13 251
1 1 2 3 1 8 4 2 2 10 6 2 27 24 2 1 2 2 8 5 10 4 14 2 1 1 9 4 1 1 2 1 4 2 1 1 1 1 1 2 2 2 2 2 7 1 6 3 2 1 2 1 5 1 2 1 19 6 2 11 1 1 1 2 1 2 5 2 2 2 2 3 4 1 20 2 1 3 1 3 1 2 9 1 1 4 12 1 1 2 2 82 1 1 1 1 6 1 1 184 2 3 3 1 7 7 1 8 2 2 3 6 1 7 2 3 2 3 3 3 1 2 3 2 2 4 1 5 2 7 1 1 1 1 1 2 1 1 5 1 2 5 2 1 4 2 1 3 3 22 5 1 2 1 1 1 2 1 3 1 1 3 2 1 1 1 4 4 1 12 9 2 7 12 1 1 3 2 3 7 3 2 2 4 1 3 2 4 4 2 5 7 2 60 1 14 3 1 2 2
1 10 1 1 3 3 2 2 37 3 9 1 1 1 2 1 7 1 6 1 3 1 1 1 1 1 2 1 4 2 31 22 216 2 1 1 1 1 7 1 2 1 5 1 3 2 2 1 26 2 1 2 2 1 2 1 1 1 4 1 1 13 9 1 3 1 3 2 52 7 44 2 3 5 2 1 3 1 1 1 3 2 1 2 27 1 3 2 9 17 1 4 4 1 3 1 3 36 1 1 2 1 31 3 3 1 13 2 4 2 3 2 13 3 2 8 1 2 1 1 3 1 13 1 4 10 1 1 4 1 6 1 3 1 1 2 10 5 3 6 2 2 4 2 1 1 24 76 4 1 2 2 1 1 1 2 1 5 1 28 1 2 8 10 56 1 4 2 1 2 13 4 5 3 1 2 1 2 2 5 3 2 3 2 4 1 6 2 1 2 4 2 26 2 2 2 6 1 2 1
1 16 2 2 2 1 2 2 2 5 2 2 2 6 1 3 1 84 1 6 1 2 1 2 9 3 3 3 19 4 2 2 1 1 1 3 4 1 2 1 8 1 24 1 1 5 9 2 9 17 1 6 1 3 1 1 1 1 3 3 3 2 3 3 1 1 2 29 2 2 2 1 4 2 6 3 1 1 3 1 12 1 1 1 3 22 2 7 1 1 20 2 1 1 2 2 5 1 2 2 1 7 2 1 2 1 5 4 2 3 7 2 2 3 4 1 1 3 1 1 1 4 91 1 92 2 10 1 1 2 2 22 1 1 1 2 3 3 4 30 2 10 1 4 1 3 3 36 2 2 1 3 1 17 1 1 1 2 8 3 2 1 2 1 28 1 3 2 3 2 2 1 2 1 1 1 1 1 2 5 1 2 1 2 1 2 1 1 1 5 1 1 1 9 1 1 1 1 16 17
5 1 1 4 2 1 2 1 4 1 121 2 9 6 2 1 1 2 1 3 1 19 2 1 6 2 19 1 11 1 1 1 1 2 2 1 5 3 1 1 8 3 4 1 1 2 3 1 1 2 2 1 20 2 2 2 2 26 1 16 3 14 35 11 3 41 1 4 3 1 1 2 1 2 1 2 2 3 1 2 2 24 10 1 7 3 2 1 3 4 1 1 2 2 4 2 1 2 3 3 3 1 5 10 6 2 1 1 1 1 1 2 1 3 1 2 3 2 44 3 3 1 8 3 2 3 1 2 4 2 2 2 2 2 6 1 1 3 1 1 4 5 2 9 1 4 2 2 1 1 1 3 1 46 20 3 5 8 5 4 2 1 2 4 4 5 2 21 2 2 1 2 2 4 5 1 2 1 2 2 1 1 2 58 1 1 3 1 8 2 9 8 3 4 5 2 2 2 2 1
3 2 2 43 4 1 1 2 1 2 1 4 1 1 1 8 2 2 4 8 3 2 4 1 2 2 2 2 1 4 5 4 21 2 19 2 2 1 1 1 4 2 2 2 4 1 2 2 2 1 2 1 9 2 7 10 7 1 2 149 7 7 2 102 2 1 1 4 1 1 1 7 32 10 1 2 3 54 3 9 3 1 1 1 1 23 2 20 1 238 2 1 13 5 4 4 1 1 3 2 2 2 2 2 1 2 5 1 1 2 3 3 1 11 2 9 2 2 2 2 2 1 1 6 1 2 3 10 13 3 2 9 7 2 1 4 1 1 2 1 1 2 1 5 17 29 1 2 1 4 1 2 1 1 2 2 1 4 5 2 1 1 1 19 1 2 4 2 3 10 1 2 2 3 34 1 1 1 1 2 2 3 1 2 2 2 1 2 3 1 1 1 2 2 1 2 13 1 1 1
1 1 1 5 1 3 3 4 1 1 1 1 11 2 4 1 1 8 5 4 2 2 1 1 2 1 3 2 1 2 2 3 2 2 1 5 2 4 2 2 5 3 2 5 2 7 13 2 2 1 3 1 1 8 1 10 2 2 1 4 1 1 3 2 3 11 1 1 10 2 3 2 1 2 1 5 1 1 2 3 1 1 4 1 9 1 1 2 8 4 14 1 2 6 3 9 3 5 1 2 2 1 4 1 13 1 2 2 2 2 12 1 2 1 1 2 1 3 3 1 2 4 1 3 2 2 13 11 1 6 1 1 3 1 2 1 3 4 1 6 1 2 9 1 1 2 1 7 49 1 2 4 8 4 2 2 1 1 1 1 4 2 1 6 6 6 1 1 2 1 13 1 1 2 1 1 10 2 1 1 6 7 2 9 1 2 2 2 1 1 1 1 1 5 1 1 1 1 6 6
1 1 3 2 1 1 6 4 3 9 6 7 8 1 1 1 1 2 2 3 4 3 9 2 2 2 1 1 2 20 6 3 2 2 2 2 2 3 3 1 12 2 4 2 1 8 3 1 1 12 2 3 14 1 1 2 2 3 2 91 1 45 2 9 21 5 1 2 6 6 5 6 1 2 4 2 4 7 6 7 2 1 1 2 1 1 1 3 1 1 1 1 3 1 3 8 10 1 2 4 2 7 3 1 1 3 3 4 4 1 1 7 1 36 3 1 1 2 2 3 17 5 1 1 8 2 4 2 48 6 1 1 2 1 2 2 2 3 10 4 2 1 1 9 3 1 2 71 2 4 1 7 5 2 6 3 2 1 2 2 13 1 10 1 2 2 2 1 5 1 1 3 1 51 2 2 2 1 1 2 1 2 142 2 1 1 1 1 2 3 3 1 5 9 1 2 5 1 2 2
2 1 8 2 2 1 30 4 2 2 2 6 3 21 2 2 2 9 1 11 1 3 1 2 1 1 16 1 2 3 3 2 2 1 5 2 2 1 8 1 10 1 2 2 2 2 2 2 9 2 2 6 2 2 3 1 1 2 1 3 2 12 7 6 1 2 6 1 5 4 1 1 4 4 3 1 7 5 2 29 2 2 2 1 2 2 2 1 2 23 2 19 1 2 1 1 1 3 2 9 2 1 3 63 1 14 1 7 3 5 2 1 1 1 2 1 2 3 2 9 11 1 4 7 3 14 3 6 2 6 2 3 1 3 17 1 5 8 12 2 2 1 1 6 1 2 1 2 7 1 3 2 1 16 1 3 3 1 5 2 2 1 1 14 15 2 2 2 1 11 1 1 18 1 6 9 1 2 97 2 1 3 2 6 6 2 2 12 2 2 4 54 8 1 1 2 1 1 2 1
1 4 4 4 2 1 4 2 1 4 1 3 1 1 3 1 1 3 10 3 2 4 1 2 4 1 1 2 1 2 1 2 8 6 10 2 3 8 3 5 1 2 2 1 4 1 3 2 2 2 5 5 6 2 2 1 32 2 1 2 2 1 1 1 8 2 7 3 1 2 1 3 1 11 33 3 1 2 2 1 7 1 2 3 2 2 45 3 1 3 7 20 1 2 2 3 5 2 2 1 1 1 2 1 37 2 3 7 6 3 2 2 3 40 2 9 3 6 18 7 7 2 1 3 3 2 1 11 4 260 1 1 3 2 2 2 3 18 2 3 4 2 2 5 1 3 2 2 1 3 2 6 1 1 5 1 1 4 347 3 1 3 1 1 2 2 35 8 4 1 1 7 4 4 3 3 1 2 1 1 1 2 4 78 1 18 5 2 1 6 1 1 6 6 3 4 1 2 2 2
1 1 3 1 2 1 1 9 1 13 1 7 2 1 1 3 7 12 75 1 2 4 2 2 2 9 33 1 1 3 2 6 2 1 2 2 53 1 2 2 2 2 4 1 3 1 3 2 6 1 2 1 13 1 11 28 3 6 1 2 4 1 1 1 2 1 1 2 13 4 9 4 1 3 6 2 3 2 23 2 1 1 3 2 19 1 1 2 1 4 1 7 1 4 2 20 27 1 4 2 1 15 2 1 2 2 3 7 1 2 10 2 2 2 5 2 2 2 3 2 2 29 4 3 11 1 3 1 4 3 1 2 7 1 2 2 1 13 2 7 1 2 2 1 1 6 2 3 2 1 22 1 4 2 2 1 2 2 5 2 8 1 5 2 3 6 4 2 7 1 1 9 1 1 2 3 3 1 6 1 9 1 2 1 1 4 3 1 1 1 2 6 1 2 2 2 17 3 1 2
1 2 3 50 1 1 1 3 1 2 4 64 3 2 3 2 4 5 1 4 88 1 4 3 1 6 47 5 76 1 1 5 3 1 56 1 3 18 1 26 4 1 3 1 3 2 2 2 2 1 2 3 2 21 3 1 1 14 2 1 1 6 2 148 7 1 1 2 3 1 3 1 1 45 5 1 1 2 8 99 14 4 1 1 26 2 3 8 5 2 2 2 1 7 1 4 1 2 4 3 6 12 2 1 1 2 1 1 3 3 2 2 3 3 2 3 6 4 2 1 6 2 2 1 2 2 4 93 2 139 2 1 1 3 1 1 6 1 3 3 1 2 3 1 1 1 1 31 6 13 1 1 3 1 3 7 1 2 2 2 3 8 1 3 3 2 1 1 1 5 1 1 1 2 1 2 7 7 3 2 25 2 1 1 6 2 5 1 2 1 1 7 19 1 2 4 2 8 1 7
2 1 32 7 2 1 2 1 1 2 2 1 1 1 2 2 2 1 7 2 4 3 2 1 1 7 11 1 2 1 1 24 4 201 43 2 1 1 3 3 2 11 3 6 1 2 1 4 1 9 2 4 13 3 1 1 5 1 3 2 3 3 1 2 1 16 1 1 2 2 4 1 2 2 10 7 1 9 6 14 1 2 2 1 1 3 1 11 1 14 1 2 2 2 2 2 3 1 18 5 1 6 2 1 1 2 3 4 1 2 1 1 1 6 2 1 11 1 2 2 3 1 2 3 2 2 288 5 1 1 1 2 5 8 1 2 2 5 3 2 1 1 1 1 2 3 7 19 3 10 2 15 1 1 4 1 2 5 1 1 3 1 1 3 2 3 1 2 7 1 1 1 1 1 2 1 6 4 1 1 7 1 10 7 1 2 1 1 3 3 1 1 2 1 3 4 47 1 1 1
17 7 1 2 2 1 1 3 39 33 4 3 71 10 2 1 19 2 6 2 1 1 1 18 3 1 1 2 1 1 1 4 2 2 1 2 2 1 38 1 2 3 3 3 7 2 6 3 2 2 2 1 2 4 2 1 2 1 1 1 3 2 5 94 1 4 5 7 1 3 1 2 2 1 3 1 2 2 2 1 1 2 6 3 1 2 5 2 2 1 4 2 8 2 2 3 2 2 3 2 1 2 1 1 2 2 1 1 3 1 1 2 8 1 2 1 2 2 5 3 4 1 6 1 2 1 9 2 2 7 1 1 106 2 2 2 1 5 1 2 1 4 2 1 2 1 1 1 5 65 2 2 1 2 2 1 3 4 6 10 1 23 12 1 1 3 3 2 1 31 7 8 10 3 1 1 47 6 1 1 6 21 5 1 1 4 1 24 2 5 4 3 8 1 1 1 4 10 2 1
1 2 1 1 17 1 1 5 1 2 2 5 1 1 2 2 1 128 1 1 1 3 21 1 5 1 1 36 4 8 6 1 1 1 5 7 1 2 8 2 5 4 1 2 1 4 2 128 4 2 1 2 27 1 2 1 2 1 1 1 8 4 2 1 1 2 2 2 1 3 2 2 1 3 19 2 1 2 1 2 5 1 2 1 5 2 3 1 6 4 1 3 5 1 2 5 2 2 1 2 1 5 2 10 3 1 3 8 3 1 1 2 2 1 1 189 5 2 3 1 1 2 1 11 3 3 1 12 2 2 1 30 1 27 2 21 1 4 2 8 1 5 2 22 2 2 1 2 50 1 5 1 3 15 2 2 7 1 1 17 1 1 1 1 1 3 2 2 6 3 139 1 8 1 1 2 8 2 8 2 1 9 1 5 2 2 2 2 1 1 4 2 14 1 1 13 1 4 1 3
1 4 2 1 2 4 2 5 2 2 1 1 2 7 1 6 1 16 2 5 5 1 2 3 1 9 1 5 15 3 4 4 2 2 2 4 2 1 4 2 2 3 2 1 1 1 8 2 1 1 1 4 4 1 2 1 1 11 2 10 2 2 2 1 2 1 4 1 2 4 1 2 2 8 15 10 3 1 1 3 2 1 10 3 2 11 2 2 1 3 3 3 2 2 6 4 2 6 1 5 4 1 2 1 3 1 1 2 5 1 2 3 1 5 1 1 1 1 5 2 2 4 1 1 3 11 3 3 3 4 1 2 1 2 4 6 2 2 2 5 1 2 4 6 27 2 8 4 12 3 1 2 1 1 1 4 1 1 1 2 2 1 2 2 1 3 2 2 2 3 1 1 5 5 13 12 5 1 2 1 2 1 30 1 1 15 1 2 34 1 1 2 3 2 1 2 5 2 2 1
2 2 3 2 5 3 1 2 2 3 4 1 6 1 2 3 2 2 1 2 1 2 1 1 1 2 1 1 1 1 7 6 2 2 2 1 3 11 2 7 1 5 1 1 1 13 7 5 2 1 34 1 2 2 2 6 2 1 3 3 1 2 2 2 4 1 2 2 5 22 1 27 2 2 1 2 2 7 3 1 4 5 3 1 2 1 2 1 2 1 1 5 1 3 1 1 1 2 2 2 1 1 8 11 2 5 3 2 1 1 13 8 3 11 1 6 2 13 11 2 3 6 2 2 4 6 5 1 1 3 1 1 5 1 7 2 10 2 1 3 1 283 25 30 2 1 4 1 2 3 4 1 2 1 28 2 3 1 4 2 1 1 1 1 6 3 6 1 1 1 5 3 11 1 3 1 4 2 1 1 1 1 1 1 2 1 1 3 3 15 1 2 32 2 1 3 3 5 4 2
18 1 1 2 11 7 176 1 1 6 3 1 4 1 2 1 2 2 2 1 3 1 2 8 6 12 1 1 2 35 1 1 1 11 1 2 2 1 1 18 1 2 1 6 2 1 3 2 1 4 1 2 7 19 2 2 26 2 8 2 2 7 2 2 2 1 3 207 2 1 5 2 2 3 5 1 14 2 23 4 1 2 2 2 2 30 1 9 2 1 2 5 2 1 7 15 2 1 4 1 7 1 303 1 1 5 6 16 10 1 2 18 2 6 2 2 16 1 2 2 3 1 6 1 1 3 2 5 2 1 5 1 3 1 1 3 2 3 3 3 1 15 1 4 1 2 1 16 2 2 32 2 59 1 1 1 1 20 1 2 3 2 1 12 1 1 2 1 1 4 4 1 3 4 2 3 59 2 190 4 2 1 1 3 21 2 8 2 1 1 1 1 3 1 4 1 3 1 2 3
20 1 13 123 2 2 5 2 1 3 1 2 103 1 2 13 2 2 2 3 9 5 2 2 1 2 2 7 1 13 16 4 6 2 2 1 1 1 8 1 3 1 2 3 3 20 9 3 1 23 1 3 2 1 2 1 1 3 4 3 5 2 2 2 3 2 1 2 2 3 2 3 2 6 1 2 2 9 2 2 2 2 15 1 2 5 1 1 1 2 46 1 1 1 15 2 15 1 1 4 10 3 1 2 2 2 2 4 4 4 4 2 1 10 3 1 21 1 18 2 1 3 3 3 1 7 1 4 2 45 19 1 4 1 247 3 4 2 18 3 1 6 8 3 3 1 1 2 8 42 1 2 10 2 1 2 1 3 2 1 55 10 11 3 1 3 1 6 7 8 1 14 2 8 1 3 3 4 4 1 1 1 2 1 31 4 26 21 1 2 12 3 6 14 1 2 1 1 1 4
12 3 2 1 1 8 30 2 1 1 3 4 2 6 121 2 9 3 2 2 4 3 48 1 3 1 3 2 3 1 2 2 146 12 3 4 2 2 3 1 1 1 1 2 1 1 1 2 5 1 2 2 1 2 1 1 13 16 3 1 1 6 2 1 31 1 5 3 6 2 1 18 2 2 1 3 1 4 5 1 3 1 2 1 3 1 48 2 1 2 43 1 1 1 1 2 1 1 2 1 2 6 2 3 3 1 1 27 1 2 2 2 1 1 1 2 1 5 2 4 2 2 1 1 2 3 1 2 1 4 1 2 1 1 2 88 19 5 1 2 2 2 1 1 2 1 4 5 3 6 70 1 14 2 7 2 8 2 20 5 1 9 1 1 2 3 1 1 1 2 2 2 1 3 1 1 2 1 2 2 3 1 1 1 4 2 10 1 1 1 3 4 2 1 1 4 2 1 1 371
1 1 1 1 16 2 3 2 1 2 1 2 5 2 2 1 6 3 8 2 1 5 1 10 1 1 6 2 1 1 1 2 4 5 5 2 2 2 2 4 2 2 9 3 5 3 2 5 1 1 1 2 1 1 1 2 2 1 1 4 4 5 2 2 2 1 1 1 323 3 1 2 2 5 1 1 3 2 2 6 17 1 2 1 1 2 1 1 13 2 2 1 1 4 2 2 2 15 3 1 2 3 3 2 4 5 1 2 2 3 2 1 2 1 1 14 1 17 2 1 3 1 2 2 1 1 3 1 1 3 3 5 5 3 1 2 7 3 12 2 1 2 3 1 15 1 1 2 34 1 4 1 1 1 1 1 3 3 1 3 1 2 2 104 3 2 11 3 3 2 1 2 2 3 5 7 1 2 4 1 10 2 2 1 26 6 1 1 1 3 1 4 25 4 2 4 5 2 6 1
7 3 6 3 27 8 4 4 1 1 1 7 5 1 20 3 1 7 3 1 2 2 2 6 2 3 1 3 2 2 3 2 3 1 5 2 2 22 1 1 2 2 40 1 2 2 2 1 1 2 1 2 2 1 1 18 2 3 1 2 15 1 2 1 2 2 2 1 5 6 1 3 4 76 2 6 2 7 2 1 11 2 1 2 1 3 1 2 2 2 3 1 7 3 15 6 2 1 2 1 2 1 6 11 1 3 1 2 15 4 8 1 1 1 20 2 3 1 2 26 2 6 4 1 1 5 1 2 1 1 2 1 2 2 4 1 99 1 2 1 3 1 2 4 7 2 2 1 32 2 2 1 9 3 3 2 263 4 2 2 7 2 2 131 1 5 1 4 30 2 11 8 1 2 2 1 4 1 2 2 2 1 6 2 1 2 2 2 4 16 487 1 7 2 3 1 1 2 1 1
1 2 4 1 2 1 7 1 1 4 2 131 5 9 1 1 6 2 7 2 1 2 5 2 2 1 2 4 11 3 6 2 4 2 2 2 10 1 2 2 1 1 2 4 2 2 3 1 1 3 7 2 2 3 1 3 2 1 5 13 4 2 2 3 2 4 4 15 3 38 2 2 2 1 2 8 6 9 2 101 28 1 1 1 1 2 1 3 1 2 2 18 4 1 2 3 2 22 2 3 1 1 1 2 1 1 2 1 1 2 2 1 2 1 5 2 4 12 2 2 2 1 1 2 7 7 1 1 3 2 16 3 1 2 1 2 2 5 10 1 1 3 10 2 1 3 1 1 2 2 5 3 6 3 2 4 18 12 1 1 3 1 2 2 4 1 1 3 15 7 1 1 1 1 2 7 48 2 1 1 5 1 2 2 1 1 2 3 3 9 2 19 1 2 2 7 2 4 7 1
1 1 5 2 102 47 2 5 8 1 5 2 1 2 1 1 2 3 1 4 1 8 2 2 12 2 1 2 2 4 4 5 1 1 1 1 3 1 1 26 9 7 5 4 3 7 2 5 2 2 2 1 2 3 6 1 4 1 2 1 18 1 1 12 13 1 1 11 1 1 1 4 1 2 7 2 8 11 3 1 3 2 3 3 13 2 1 1 1 4 1 19 2 2 3 3 1 2 3 2 6 1 25 2 1 3 2 2 4 2 2 3 71 1 2 2 2 4 4 1 3 3 1 1 1 6 2 1 2 2 1 3 1 2 3 1 3 4 1 3 1 1 1 2 3 1 1 1 1 2 2 2 2 14 3 2 3 2 3 2 1 3 1 2 2 3 4 2 1 1 1 3 4 1 2 2 2 1 3 9 2 1 5 1 1 1 1 1 1 8 2 13 2 3 12 3 2 1 5 6
1 3 6 2 1 2 4 1 2 2 4 1 2 1 2 1 4 3 3 2 9 1 1 1 1 1 4 1 5 1 1 1 2 3 1 1 1 1 1 1 2 1 8 6 28 1 3 4 4 13 1 1 2 1 5 3 4 4 1 4 2 1 6 2 3 2 3 2 1 4 1 2 94 3 2 1 2 3 1 1 3 1 1 2 5 2 1 3 2 3 1 1 3 1 1 4 2 1 1 1 2 2 3 37 41 1 1 1 2 1 1 30 3 13 1 1 7 19 1 3 1 6 2 1 1 1 2 1 1 11 8 5 1 3 3 1 26 50 4 2 2 2 2 2 4 3 1 3 1 14 1 3 2 5 7 1 2 7 30 1 11 1 8 1 1 2 3 2 2 1 1 2 1 21 1 2 2 1 2 1 2 1 3 2 2 7 1 1 1 1 3 4 133 1 3 1 1 9 3 1
1 1 3 1 8 15 111 1 4 2 2 2 1 1 10 1 2 4 1 20 1 2 1 1 2 4 1 2 5 4 12 26 2 1 2 5 2 2 2 4 1 1 1 4 2 5 1 1 1 3 1 5 3 24 1 3 2 13 2 1 3 2 3 1 15 1 1 11 1 1 7 1 4 3 1 1 1 7 5 1 3 2 1 27 3 2 2 2 12 7 2 115 4 3 3 3 1 1 1 2 2 1 10 1 5 3 1 9 2 2 4 2 1 10 2 3 2 2 4 1 43 1 3 1 9 2 2 2 2 1 2 1 3 1 1 2 2 1 1 8 14 1 4 1 2 2 3 8 1 20 1 2 2 4 3 6 1 2 2 3 1 2 6 1 2 40 5 2 2 1 1 6 1 2 2 1 4 3 2 1 5 2 11 1 14 3 2 10 1 1 2 1 2 1 4 4 2 2 2 3
1 3 2 7 3 2 4 1 17 4 1 26 10 1 4 43 2 1 2 2 2 1 2 2 2 2 1 3 2 1 1 4 1 7 1 8 1 1 3 2 1 2 17 4 1 1 2 1 3 41 2 2 2 24 1 11 4 1 3 3 1 1 2 3 6 6 10 4 3 1 36 1 99 1 3 1 3 3 5 16 1 5 2 1 1 1 338 4 2 5 13 1 1 5 1 1 2 5 4 1 2 1 4 9 1 2 2 1 2 11 1 1 4 1 1 1 1 1 15 1 10 3 1 1 2 4 88 1 61 1 1 9 1 2 3 5 1 2 6 1 1 10 4 12 1 2 10 1 2 1 2 7 1 1 1 5 1 12 1 3 4 3 1 2 1 2 3 3 12 5 2 6 2 3 1 2 4 2 1 5 1 3 2 1 1 1 3 1 9 6 1 3 1 1 4 2 2 343 4 1
2 1 1 1 2 4 2 1 2 1 3 2 1 1 47 19 7 3 13 3 2 3 11 2 1 1 18 1 2 1 3 1 1 1 18 1 54 19 229 4 6 1 1 2 1 5 5 11 1 2 1 5 2 1 2 4 3 1 3 11 7 5 1 1 3 4 4 2 2 3 1 1 3 16 1 9 1 59 2 1 1 2 1 1 2 3 2 2 2 10 1 2 43 1 1 21 2 2 1 1 15 1 17 2 8 8 2 1 1 1 1 2 8 2 1 1 1 3 3 1 5 2 1 2 2 2 5 3 6 2 1 4 2 2 82 1 1 3 1 1 1 2 3 2 1 69 1 5 1 3 7 2 3 3 2 21 2 2 1 2 4 2 2 13 1 2 1 1 1 1 2 8 86 2 2 5 1 2 2 1 3 5 4 1 1 4 2 3 1 1 1 2 1 2 18 1 1 1 62 1
1 5 1 5 105 1 1 3 1 1 3 1 2 1 6 1 1 3 2 9 1 5 2 1 2 1 2 3 2 14 6 3 1 2 1 2 6 6 1 1 2 6 1 1 5 4 2 7 19 2 2 1 12 12 3 6 2 4 1 2 3 3 9 22 3 4 1 2 5 1 13 10 1 6 3 3 9 1 1 2 9 2 1 1 3 3 2 1 1 1 1 2 1 2 1 35 5 8 1 4 3 5 1 1 1 2 2 1 2 2 1 2 18 5 2 1 2 1 14 1 12 82 2 3 5 4 2 1 1 2 1 3 1 10 12 1 14 1 1 1 10 2 3 6 2 2 1 2 1 2 11 2 1 2 1 25 2 8 7 6 4 11 31 4 2 4 3 1 4 2 5 5 1 4 5 1 2 1 1 5 9 2 2 1 1 3 2 2 1 45 2 3 2 2 1 1 1 4 2 3
3 3 13 1 1 4 2 190 4 1 1 2 2 3 16 10 3 2 1 2 73 2 2 3 2 1 1 7 1 2 2 1 38 4 14 1 2 13 1 4 51 7 1 2 1 9 9 2 4 2 24 17 3 4 2 2 2 1 13 1 2 4 2 2 1 3 3 1 13 4 1 7 1 1 1 2 3 2 6 6 5 1 1 1 2 1 1 4 1 12 4 1 1 2 4 2 1 4 5 1 1 1 2 2 1 2 2 5 1 13 5 9 2 3 2 2 2 3 1 5 1 1 1 3 1 39 2 1 1 1 1 12 1 1 2 1 1 1 4 1 4 3 1 1 75 2 2 1 3 1 21 5 1 1 1 3 1 50 2 2 1 2 1 1 356 1 2 1 2 1 10 2 6 1 3 3 2 2 3 2 1 10 1 1 1 3 10 3 3 2 1 23 1 3 1 1 2 1 11 40
1 1 1 1 2 2 1 4 9 9 1 6 10 9 2 1 6 2 1 1 2 2 1 32 5 1 5 2 2 3 3 6 1 6 4 5 1 1 8 3 1 4 20 2 2 1 2 2 2 1 2 158 1 4 1 59 2 18 2 1 3 13 5 2 2 5 2 2 1 4 2 1 12 30 1 14 11 3 2 2 1 1 3 12 1 4 1 1 59 2 1 10 2 2 7 2 20 4 2 1 3 8 2 1 3 2 2 1 1 3 5 2 3 2 1 1 1 8 1 1 1 11 2 2 2 7 1 1 1 2 1 2 7 4 1 1 2 2 4 5 23 1 1 2 5 48 26 1 2 3 2 3 6 1 2 1 1 8 20 5 12 6 2 1 5 3 3 1 24 139 2 2 9 1 1 11 2 3 9 4 1 1 2 2 12 17 28 5 27 3 1 11 5 67 17 3 1 1 2 34
2 2 1 2 5 2 3 1 4 2 9 3 2 2 7 2 12 1 7 1 1 4 2 7 1 1 22 2 1 15 1 1 1 15 11 6 20 2 2 1 3 8 2 4 2 5 1 1 7 29 1 1 8 6 4 4 2 3 2 1 1 1 3 1 1 8 2 1 8 2 1 2 2 2 1 2 2 5 69 1 2 1 5 1 3 3 13 3 8 144 4 4 5 1 2 1 3 2 7 3 5 2 1 1 1 3 1 1 3 12 2 3 2 2 2 5 3 1 4 1 2 6 3 2 49 47 1 16 5 1 3 10 1 1 9 3 2 6 6 1 1 4 1 2 11 2 1 5 2 1 6 3 1 2 2 1 4 2 4 1 2 1 3 1 1 12 1 8 1 4 1 6 1 2 1 2 20 3 2 2 2 3 3 1 1 1 1 26 1 1 8 4 1 8 11 2 5 26 3 6
1 3 1 2 3 1 2 1 2 2 1 1 3 5 1 6 8 2 18 29 1 7 1 1 1 1 2 1 2 2 1 3 2 2 2 4 1 1 2 1 1 1 5 10 2 1 4 2 12 69 4 14 1 9 1 2 2 2 5 59 2 1 1 7 1 36 6 10 1 1 2 1 2 2 2 1 1 5 1 2 12 1 6 2 6 2 4 1 1 2 1 1 6 3 15 2 1 1 1 1 6 2 1 1 2 1 2 2 2 6 1 2 2 1 3 2 2 2 2 55 5 7 1 2 4 1 2 5 2 3 3 8 2 27 2 3 1 143 1 17 2 1 10 1 4 20 2 4 1 9 3 2 4 13 2 1 1 1 2 3 7 3 17 1 5 2 5 3 2 2 2 2 2 2 7 1 1 23 8 2 7 1 9 1 2 1 1 10 1 1 4 1 1 1 1 12 3 1 5 2
2 97 1 1 1 2 1 2 4 271 9 1 4 1 4 2 1 2 2 5 2 1 1 1 2 13 3 3 1 2 2 1 1 3 2 2 5 1 2 1 1 1 2 2 76 1 29 1 1 2 5 1 1 4 5 8 2 2 1 8 1 47 4 2 5 2 7 3 1 2 2 2 2 21 2 5 1 2 2 1 35 1 2 9 1 6 7 2 2 12 1 7 2 4 1 1 1 16 5 2 1 1 1 4 24 9 5 1 9 3 1 1 6 1 1 3 8 1 2 1 8 1 1 2 2 3 2 3 1 2 2 2 2 1 1 1 1 1 1 1 5 3 9 2 6 1 34 1 1 1 2 3 1 8 2 2 1 2 5 3 1 1 2 4 1 3 3 1 8 2 14 2 3 13 4 2 2 2 1 1 1 2 2 3 5 2 5 14 4 2 1 3 11 2 64 1 1 2 1 1
5 4 2 2 16 10 1 3 3 4 8 1 2 1 1 3 2 2 1 1 1 3 2 1 1 4 11 3 2 1 47 2 7 1 15 3 2 10 26 20 10 3 5 2 5 2 1 4 1 8 2 2 2 1 1 44 1 1 1 11 340 38 1 2 2 7 3 1 1 3 2 1 2 2 21 2 28 2 1 2 1 2 3 1 1 5 10 11 7 1 2 1 1 1 2 2 1 1 2 6 1 2 2 1 9 2 3 1 1 21 2 1 1 3 23 300 8 16 1 2 1 3 1 2 1 5 2 10 3 4 1 2 5 6 4 3 3 4 10 11 1 1 1 4 7 2 10 3 1 3 21 6 1 4 4 5 2 2 2 2 11 6 1 58 8 18 3 1 52 3 2 2 1 1 5 3 4 2 3 1 1 2 5 15 5 1 5 1 29 1 23 2 4 1 2 2 1 4 11 241
2 2 5 1 2 26 2 2 1 2 2 2 2 3 2 2 1 1 2 1 2 6 3 5 1 14 2 1 1 3 1 2 1 18 2 3 1 2 2 4 5 3 2 2 1 1 2 4 2 2 1 1 19 1 2 20 1 3 3 3 10 1 2 2 1 1 5 3 2 1 2 3 13 1 1 3 1 2 1 5 1 19 10 1 21 1 1 3 497 2 3 1 1 3 2 2 1 22 3 2 1 4 3 1 2 9 4 1 1 1 1 2 1 7 84 7 2 1 1 1 2 3 3 3 1 1 1 23 2 3 1 2 2 6 3 2 1 2 3 16 3 2 5 5 5 4 2 2 1 2 1 111 4 3 2 4 2 1 1 16 5 1 4 1 3 2 1 1 3 1 1 2 1 1 1 2 1 3 1 1 2 2 6 5 1 1 2 3 39 1 2 4 3 2 1 19 2 8 2 2
4 2 1 3 3 2 21 27 6 2 3 4 4 27 22 7 1 3 1 8 5 9 2 2 4 2 16 2 1 2 1 162 2 4 3 1 2 2 1 14 2 9 2 2 2 2 3 2 1 2 6 9 15 2 1 1 1 1 36 15 5 1 3 1 3 1 14 1 3 2 6 1 1 7 1 2 1 22 13 1 2 10 1 2 17 2 1 1 2 3 44 4 2 2 33 4 1 1 10 3 1 1 14 2 9 6 2 3 2 4 1 26 2 1 1 2 67 274 3 1 12 1 4 3 4 1 2 8 2 13 3 1 1 1 5 2 1 1 4 15 1 2 10 4 4 1 4 1 2 2 2 22 4 2 61 2 1 1 1 1 3 5 2 2 2 1 2 3 4 1 13 1 8 2 1 1 4 3 11 12 5 2 3 1 2 4 4 3 2 1 4 5 3 1 2 2 4 2 2 1
1 1 1 2 1 1 1 1 6 6 3 3 2 2 1 1 1 4 4 2 2 2 1 5 8 2 3 1 2 2 1 1 1 2 2 1 1 31 16 7 10 4 7 2 1 1 23 4 2 1 20 2 9 6 1 1 4 1 32 2 1 6 3 6 1 12 2 2 2 23 2 2 2 1 3 1 2 2 1 3 2 5 14 13 2 4 3 2 1 9 2 3 12 2 1 5 1 3 2 1 1 5 1 4 14 1 9 2 3 20 1 2 2 1 22 15 2 5 1 6 4 3 3 1 1 1 2 1 3 2 1 2 2 4 1 1 1 1 36 1 7 2 4 1 2 1 3 2 1 1 6 1 2 2 1 1 4 1 4 1 3 1 2 1 4 4 29 2 1 1 1 2 1 2 34 1 2 1 4 3 1 3 13 2 6 4 2 3 1 21 1 3 1 13 172 3 2 3 1 2
7 2 2 2 2 1 43 2 1 8 3 3 2 10 5 1 2 2 1 1 9 1 1 14 2 5 2 8 1 1 1 2 3 1 1 1 3 4 15 1 1 33 25 4 3 1 49 2 2 2 1 2 4 2 12 3 3 15 2 3 1 33 1 2 3 34 5 1 2 2 2 1 1 1 3 1 1 2 7 3 5 2 20 3 1 2 1 10 2 1 2 1 1 53 1 2 3 1 1 1 3 5 1 6 2 2 8 3 1 3 1 7 14 1 4 3 1 1 2 21 1 1 4 10 1 2 1 5 10 4 7 7 2 2 9 1 3 1 2 14 2 12 1 1 3 3 1 1 1 15 5 1 1 2 4 3 2 1 4 1 4 1 2 1 1 1 2 1 1 6 6 64 1 2 20 2 1 13 1 1 6 5 1 3 2 2 1 1 3 9 2 1 1 2 1 2 9 6 2 4
3 8 2 7 3 2 2 3 1 8 5 2 1 3 4 1 4 1 1 2 2 1 1 1 60 2 7 3 1 14 1 1 4 1 3 1 1 8 8 1 52 1 17 7 11 2 46 1 38 2 1 4 2 1 3 2 1 1 5 11 2 1 1 12 1 1 2 2 1 4 13 1 1 14 2 1 2 1 2 90 8 2 3 1 1 1 5 1 4 1 6 2 2 3 2 2 2 1 1 1 3 9 3 3 2 3 8 2 3 1 1 1 2 2 3 1 18 59 2 7 1 1 2 7 7 2 3 3 1 1 2 3 3 1 7 3 1 1 1 4 4 3 2 2 139 2 2 1 16 5 11 2 2 4 1 2 1 1 1 2 7 2 2 9 1 1 1 5 3 7 10 4 6 2 2 2 4 7 6 2 1 2 1 51 2 2 6 1 2 1 1 1 1 131 1 1 3 1 2 3
1 1 1 2 12 14 11 2 4 16 1 1 2 2 5 15 2 15 1 1 8 1 1 1 3 3 1 10 1 6 162 2 1 4 3 1 1 3 122 13 1 4 2 2 2 1 5 1 4 1 1 2 1 14 3 16 2 1 5 10 2 5 1 3 10 2 35 2 2 4 1 2 11 2 1 3 4 2 2 2 4 73 35 1 2 4 1 3 1 12 174 36 1 2 1 1 3 1 1 2 2 2 1 10 1 1 1 18 4 2 4 1 2 1 1 1 5 1 1 1 2 1 4 43 3 2 3 1 2 1 1 7 1 2 1 2 1 14 84 3 1 1 1 7 2 5 1 1 2 4 2 1 30 6 4 1 12 1 76 1 65 6 4 1 6 1 1 1 6 1 2 1 1 2 1 32 35 2 1 3 1 2 2 3 7 11 2 3 2 2 3 4 1 11 6 4 1 1 5 1
3 1 1 2 2 2 1 48 1 2 2 2 2 2 1 91 1 3 3 1 8 2 4 33 1 3 2 2 3 1 1 2 1 2 1 2 2 3 1 1 2 7 2 1 1 3 3 2 2 8 2 3 3 11 1 6 5 1 1 1 3 1 1 1 2 5 1 9 2 4 3 1 1 1 1 34 3 6 1 1 3 3 2 10 1 1 3 5 1 2 1 1 4 5 1 24 4 2 23 397 6 4 1 1 1 1 3 1 5 4 3 50 2 27 1 6 3 1 3 3 2 1 2 2 1 3 2 1 3 2 7 8 15 10 6 2 2 2 3 2 11 10 1 190 2 2 2 15 1 2 1 4 2 1 1 20 2 3 3 20 2 1 3 2 1 1 3 3 2 2 1 13 1 24 11 3 2 2 6 26 6 3 1 2 5 5 5 20 2 1 1 5 2 2 8 3 18 3 1 1
2 1 6 1 3 2 11 3 1 1 21 6 1 1 4 1 2 3 2 8 2 1 2 2 1 3 20 1 2 1 92 1 2 3 5 1 54 22 2 3 1 1 2 9 1 5 15 1 2 2 1 3 1 2 2 2 2 2 1 1 2 127 1 3 3 2 11 1 2 1 3 2 3 1 10 22 3 3 4 5 1 6 13 6 3 14 6 2 2 2 3 2 1 1 8 1 6 1 1 3 18 2 96 2 1 208 2 3 2 2 1 1 9 1 1 1 2 2 2 14 2 7 2 7 5 1 4 2 3 1 5 4 1 5 1 2 2 1 15 1 3 3 49 3 3 5 4 1 2 1 3 1 1 3 1 4 1 5 1 1 13 3 1 3 1 2 3 15 2 2 8 3 1 8 3 16 2 1 5 2 1 6 1 3 11 2 3 1 2 1 8 2 3 4 2 27 1 3 4 1
1 1 14 1 2 2 5 6 8 49 6 2 2 1 4 2 1 7 2 1 1 5 2 4 9 1 1 2 5 1 3 1 107 4 2 1 1 1 2 2 1 2 2 1 2 7 3 5 3 2 2 1 2 1 49 2 2 2 3 4 2 3 9 1 2 18 1 2 2 1 9 1 4 9 2 2 7 6 7 3 15 1 4 1 1 3 16 1 9 23 105 6 1 1 1 3 1 13 3 2 4 1 2 2 14 2 2 2 7 6 2 11 16 2 7 1 5 12 1 1 7 1 2 2 1 12 3 9 2 13 2 8 2 14 2 2 1 3 1 21 2 1 1 1 3 36 2 2 2 1 6 109 1 2 1 1 1 2 3 1 2 2 1 4 1 1 2 2 2 5 6 3 2 4 20 2 2 197 8 29 1 32 3 4 3 1 1 4 4 6 1 1 1 1 1 1 2 1 1 1
12 24 2 2 2 13 2 1 6 2 3 36 3 3 1 3 1 1 1 1 4 4 1 16 8 4 10 1 1 1 1 2 13 5 33 1 3 3 91 6 2 1 4 5 2 2 1 2 1 3 1 3 1 2 3 4 1 1 7 13 1 2 4 1 3 6 1 1 2 17 1 2 1 1 3 4 7 2 1 1 1 1 3 48 1 2 2 2 2 5 1 1 2 2 7 1 5 5 1 1 2 10 2 1 1 1 2 5 3 6 4 1 452 1 2 2 1 2 3 194 5 1 2 36 2 2 4 9 3 3 1 1 1 6 5 1 17 6 1 1 3 1 3 2 1 2 1 2 1 2 2 1 5 3 4 1 1 2 1 14 1 1 3 1 12 4 1 12 7 3 2 6 2 2 1 2 5 46 4 1 1 99 2 1 1 4 91 3 1 2 8 1 2 1 54 3 4 3 6 2
3 1 4 2 3 1 1 3 4 22 2 4 2 2 3 1 2 2 1 4 3 1 1 6 4 1 1 3 2 1 2 2 2 2 2 3 2 2 1 1 1 9 1 6 24 1 3 1 2 9 5 2 27 1 2 1 2 4 3 1 1 13 1 5 4 2 3 2 1 2 3 2 4 5 1 2 8 1 1 1 157 3 3 3 5 2 2 1 1 4 1 1 5 3 6 1 4 2 1 2 6 2 1 1 1 12 2 2 3 1 1 5 2 3 28 1 2 1 2 1 3 2 1 2 1 3 1 2 2 2 1 3 9 4 4 4 1 5 2 1 4 44 1 5 3 2 2 2 2 1 4 5 6 12 2 3 1 254 4 3 2 1 1 1 2 2 1 3 3 2 5 2 1 1 5 22 1 1 8 4 9 11 2 3 1 1 2 2 2 1 5 1 6 4 13 64 3 2 2 2
4 2 1 2 1 2 1 2 2 3 2 1 1 1 1 6 2 1 2 1 2 2 2 1 4 4 5 7 1 1 1 8 2 1 1 8 1 2 1 5 1 1 25 8 5 3 2 2 3 2 1 3 14 4 10 2 1 2 1 2 2 4 3 1 1 2 41 1 36 3 1 2 1 2 2 4 2 1 1 4 6 1 1 21 2 5 5 5 30 6 4 14 1 11 3 1 153 19 33 5 1 2 5 1 1 2 5 3 1 1 1 3 3 4 6 2 2 1 1 3 484 8 3 1 1 1 3 1 1 1 1 24 2 1 4 1 1 2 10 5 1 2 1 5 2 2 22 3 1 1 5 1 2 4 1 2 3 3 1 2 1 2 5 5 3 1 1 1 3 3 1 1 2 1 3 2 1 11 1 2 8 8 3 2 1 2 3 2 1 2 1 1 2 9 16 1 5 1 1 1
11 7 1 2 3 3 3 4 12 3 3 69 1 5 4 9 1 4 3 40 3 1 6 1 1 33 1 1 2 3 2 2 1 26 2 1 5 1 2 5 7 2 8 63 14 3 10 2 1 12 4 3 1 96 17 2 95 11 4 2 3 5 1 4 4 1 1 2 4 7 2 11 2 3 2 2 2 1 2 2 1 9 2 2 4 81 1 2 1 2 13 2 1 1 2 1 2 1 1 25 1 1 1 13 1 3 10 2 2 2 2 1 1 6 5 1 1 1 3 1 5 10 2 1 8 6 16 4 1 1 16 2 2 1 3 1 18 1 2 2 10 2 1 1 12 1 2 2 4 2 1 1 2 2 6 4 4 1 2 2 3 1 2 2 2 6 13 3 6 2 1 3 3 2 3 3 2 6 2 1 2 3 1 2 2 1 3 9 1 4 1 2 9 2 2 2 2 1 2 2
1 2 13 7 2 2 2 10 7 2 1 1 3 7 2 29 1 4 2 2 1 4 4 2 4 1 99 1 4 3 2 2 1 1 2 2 2 2 1 4 1 1 3 1 1 2 7 1 1 1 2 12 4 1 2 4 7 1 5 4 1 2 17 2 3 4 26 3 5 2 2 1 11 2 2 4 2 1 1 7 3 1 1 1 4 2 4 1 2 1 22 1 17 1 3 1 41 4 7 1 1 12 1 1 2 9 1 3 6 1 8 7 2 34 2 3 16 1 1 1 2 2 2 1 6 1 12 2 1 1 2 2 1 18 1 1 7 31 1 1 3 3 3 1 30 2 5 3 2 2 2 3 1 3 8 3 6 5 2 6 1 3 1 4 1 3 2 1 6 2 4 2 2 7 10 1 3 3 1 5 1 2 3 6 1 1 27 1 4 3 4 1 1 1 2 3 2 2 1 2
1 1 6 2 2 1 2 2 1 9 2 7 3 5 7 2 3 2 5 2 1 2 3 2 2 10 1 2 2 2 1 2 7 5 10 2 1 1 5 5 1 1 1 1 4 1 1 2 5 2 2 3 2 1 1 1 1 1 1 1 2 1 4 2 9 2 11 3 5 1 2 1 1 1 3 6 11 2 2 2 60 6 11 9 1 1 3 2 15 2 10 2 3 3 2 6 3 2 10 2 2 1 3 1 2 1 2 11 1 1 4 1 1 3 2 1 1 1 13 3 1 1 1 5 6 36 11 1 1 1 2 2 1 2 1 1 2 1 1 1 2 3 2 2 2 10 2 2 4 3 2 1 1 3 1 13 3 2 3 3 5 7 2 3 2 2 3 3 11 1 2 2 1 10 3 1 1 1 2 2 2 8 4 1 4 1 18 10 1 1 2 2 2 1 2 9 2 94 2 1
2 12 1 2 3 1 2 1 3 3 4 1 1 1 14 1 1 1 1 6 1 2 2 1 2 5 3 5 1 2 1 2 35 1 1 5 2 1 1 1 12 1 7 1 1 1 3 2 1 1 3 5 6 1 13 1 2 7 2 2 1 1 1 1 2 1 2 2 4 4 2 1 1 2 1 2 2 5 2 1 1 2 1 15 2 1 4 1 1 4 3 1 7 7 2 1 1 1 1 1 2 1 4 76 1 1 2 1 1 4 1 1 7 1 20 3 6 1 5 2 1 2 45 3 2 4 6 2 2 2 11 14 2 3 2 3 2 2 1 2 34 2 5 4 5 30 1 2 1 8 11 3 1 3 2 3 1 5 2 1 3 1 2 2 2 3 1 1 2 3 2 10 1 1 3 2 4 6 10 6 3 1 3 157 2 3 1 2 2 1 2 1 1 1 1 2 1 1 3 2
1 1 1 1 2 1 3 2 7 1 1 1 2 5 3 1 1 2 1 14 3 1 3 3 3 2 23 1 34 1 2 1 30 2 3 1 2 4 1 10 3 1 1 127 4 8 1 3 4 86 2 6 7 5 1 2 1 2 5 2 12 4 1 3 1 4 2 2 2 2 2 1 1 4 5 3 1 1 2 2 3 2 1 1 1 1 1 1 1 1 3 1 5 1 1 2 1 3 9 3 2 3 1 3 5 1 7 2 2 3 122 1 3 9 6 5 1 1 2 2 1 12 3 3 3 1 4 2 11 10 3 24 3 1 2 1 2 1 2 1 3 1 3 17 1 2 7 39 2 3 2 2 20 2 1 1 1 2 22 1 1 7 2 1 6 3 1 2 1 32 14 1 2 82 2 2 19 1 31 6 31 1 2 7 1 3 10 5 1 2 2 17 1 2 92 4 9 1 2 2
1 3 10 2 2 4 1 4 5 2 3 1 6 2 7 2 1 1 2 6 1 2 1 3 3 3 2 2 3 2 1 1 4 2 43 9 5 2 1 2 1 1 2 1 2 3 2 84 1 2 1 43 2 1 4 1 3 1 1 7 2 5 2 2 3 3 1 1 41 2 3 4 18 1 1 27 2 1 3 7 4 10 1 2 1 2 10 22 1 2 2 1 4 1 4 3 2 5 2 1 2 3 4 4 1 1 1 10 4 1 2 3 2 1 1 3 26 4 3 1 2 11 3 1 1 2 2 4 5 3 2 2 3 9 2 4 1 1 2 1 3 2 8 3 42 5 8 1 23 3 1 3 3 1 1 2 3 1 2 3 2 3 23 3 19 2 3 4 4 1 14 1 1 4 10 1 1 3 2 1 2 8 1 2 1 1 3 6 2 31 3 9 6 2 5 1 2 2 19 1
1 6 2 2 2 9 9 13 1 20 1 33 1 1 4 1 1 2 2 2 1 3 2 10 6 1 29 2 29 3 1 2 1 1 5 427 1 3 130 2 1 14 8 1 11 1 3 1 1 2 3 3 3 4 1 1 5 19 1 2 1 1 4 2 2 1 2 1 2 8 3 2 1 1 1 1 1 2 1 1 4 2 5 1 1 1 3 3 1 1 5 1 1 2 1 3 2 4 2 1 1 2 3 2 4 1 1 3 6 1 3 1 2 2 2 1 2 7 13 2 6 3 2 1 3 1 2 1 1 19 2 2 153 26 9 2 43 15 3 1 12 2 1 2 2 1 1 3 7 5 1 54 57 1 1 3 3 7 1 7 1 1 3 10 1 1 1 6 41 1 4 1 1 4 1 1 2 1 2 2 3 2 1 3 1 2 2 3 1 3 13 4 7 2 1 2 1 1 1 3
4 8 3 2 2 32 3 3 6 2 2 15 8 2 25 4 1 1 4 1 1 2 3 2 1 4 1 2 3 3 8 1 1 2 6 1 33 2 1 1 27 2 9 1 6 2 5 3 1 1 8 5 37 11 1 1 1 2 2 3 20 7 7 2 2 4 164 3 1 2 1 1 2 3 2 1 31 1 2 4 2 1 3 1 2 2 2 1 3 1 2 1 1 1 3 10 1 6 3 8 1 3 1 3 4 12 1 1 2 4 2 6 15 1 1 2 2 4 2 1 7 28 1 2 2 3 1 6 1 3 1 2 2 2 10 1 15 3 2 2 2 2 19 2 4 2 2 5 7 1 7 1 36 1 1 3 2 1 2 2 1 1 4 18 3 2 2 1 1 2 2 3 1 2 1 2 2 1 1 2 30 1 4 1 3 5 1 2 1 2 2 3 7 1 3 1 9 1 1 3
31 2 2 4 4 1 1 3 2 1 3 2 1 1 2 16 2 1 5 1 2 2 2 1 1 2 10 1 17 1 1 7 1 23 4 1 1 2 2 4 155 9 12 3 2 1 1 5 2 2 3 1 9 6 1 2 3 1 3 1 1 3 1 2 2 3 1 31 3 2 3 2 2 1 2 3 3 2 1 9 2 2 3 2 15 3 1 3 4 2 94 1 3 3 2 312 1 3 1 3 10 3 18 2 1 1 2 1 17 3 3 2 1 2 1 6 2 9 1 2 3 1 2 1 7 2 2 5 4 1 2 2 1 8 2 2 2 1 2 2 3 2 1 3 9 3 19 2 2 1 11 1 4 3 1 13 1 2 2 11 1 2 58 4 4 1 3 2 2 2 2 1 1 2 1 41 2 1 3 35 27 1 1 1 1 1 1 2 20 1 2 1 12 21 1 2 8 1 1 1
2 2 1 2 2 1 1 1 2 1 1 10 6 2 1 87 1 2 3 1 1 1 1 1 3 9 1 2 1 74 4 5 1 4 1 3 1 4 1 2 1 2 3 3 1 3 4 2 1 26 2 2 2 2 1 3 1 1 4 2 1 1 2 1 4 2 1 2 1 1 3 2 1 5 1 2 1 2 4 1 8 11 2 1 1 69 2 1 1 39 5 10 1 3 12 2 1 1 1 3 2 11 1 2 2 7 2 1 4 3 6 2 2 1 4 2 1 3 2 4 4 1 2 1 1 9 8 1 2 1 25 6 4 3 2 8 1 1 1 1 2 1 1 2 38 3 6 2 60 4 1 2 1 1 2 1 2 8 3 1 1 3 2 38 1 2 2 2 27 2 1 1 7 2 2 1 1 5 10 11 3 2 2 2 4 3 5 2 1 1 1 3 1 3 1 1 8 2 4 2
17 1 3 3 1 6 44 2 1 2 2 1 1 2 1 1 2 3 4 2 7 2 1 1 1 1 2 7 1 7 2 5 1 1 2 1 4 4 10 3 2 4 3 1 2 1 6 1 2 1 7 2 1 7 2 3 13 2 1 1 89 2 1 1 7 10 1 1 1 1 37 2 5 2 1 1 3 2 2 2 2 4 1 5 2 3 4 2 1 3 2 1 3 4 2 1 13 1 222 4 7 1 2 1 5 1 1 2 2 2 8 2 4 1 3 9 2 1 3 2 1 1 1 1 5 2 3 3 3 5 19 1 1 5 2 4 7 2 2 1 2 1 1 10 1 1 3 4 2 1 1 1 2 1 2 4 3 6 6 3 1 1 1 8 1 1 6 1 1 2 1 26 3 2 1 16 3 1 1 1 1 1 9 19 33 3 2 2 4 2 3 2 2 1 2 219 1 1 17 16
1 9 2 1 1 2 5 1 2 2 4 1 3 1 2 1 1 2 3 1 2 18 3 47 2 1 2 1 4 2 3 2 3 3 15 478 1 1 1 9 1 2 1 1 2 1 1 1 4 1 3 2 2 1 1 3 2 3 3 2 1 2 2 5 1 10 2 1 2 1 1 7 1 7 3 2 1 2 2 2 3 2 1 1 1 1 4 9 5 2 4 8 6 5 7 1 3 1 16 2 1 2 2 1 1 1 41 1 1 1 2 4 1 6 1 1 2 3 3 1 3 5 1 2 1 2 1 1 1 1 1 1 2 3 1 4 7 6 2 2 1 1 2 7 1 2 20 2 1 2 1 2 1 2 1 2 1 1 2 5 12 2 5 4 1 2 4 3 2 5 3 4 1 34 43 1 2 3 6 1 1 4 136 1 1 3 1 13 2 17 1 1 5 5 3 1 2 2 2 22
3 42 1 1 3 1 4 2 2 2 8 1 2 2 3 3 1 3 1 2 2 1 2 2 5 1 2 39 1 1 7 1 2 13 2 19 3 2 6 1 1 2 3 1 1 2 2 2 4 2 1 2 1 1 3 54 5 2 2 1 1 1 7 3 15 5 1 2 2 1 1 1 2 3 1 31 2 3 2 224 1 3 2 10 2 2 7 1 6 2 2 5 3 2 2 2 2 2 3 2 3 4 1 2 1 1 2 2 1 2 1 6 2 1 2 1 1 1 5 2 8 1 4 3 1 1 1 2 1 5 8 1 7 1 2 4 2 13 2 8 2 8 2 2 2 1 20 4 9 1 35 4 1 7 38 2 1 1 1 3 6 1 2 1 2 5 1 1 2 1 3 5 2 1 5 3 1 1 1 1 1 9 145 1 2 7 2 1 2 6 2 1 25 2 2 4 2 1 1 2
2 1 1 1 2 2 2 3 2 2 3 1 2 2 1 1 21 3 1 1 7 3 1 1 159 2 17 3 2 1 2 2 2 1 96 48 5 1 3 41 6 1 4 10 4 2 2 41 3 2 2 1 2 3 2 3 8 1 1 1 4 9 4 3 2 2 3 4 4 6 2 2 1 3 1 2 2 1 1 3 5 2 3 2 1 2 1 1 2 4 38 3 1 3 1 1 3 1 5 61 3 5 1 6 1 1 5 4 1 1 6 2 10 3 1 1 3 4 1 2 1 1 1 14 1 1 64 1 44 3 9 4 2 32 2 1 15 1 4 10 2 1 1 19 2 4 2 3 5 5 25 162 2 24 2 2 6 3 2 1 1 1 1 2 5 1 10 1 2 3 2 2 4 1 1 2 2 8 1 1 1 1 2 1 5 8 6 1 12 3 3 15 1 17 81 1 1 2 1 17
3 4 2 3 2 1 4 2 1 1 1 2 2 1 1 1 1 2 2 2 2 2 1 2 4 1 1 1 3 3 23 2 6 4 1 3 3 3 2 1 2 1 4 3 3 2 1 2 6 5 1 1 2 2 4 24 4 14 1 1 14 1 3 4 1 3 2 2 2 79 2 1 1 101 1 2 2 8 2 2 6 1 2 1 1 2 1 2 2 1 151 1 6 2 2 2 2 1 8 11 5 2 2 1 2 2 25 2 2 4 1 2 1 2 36 5 1 3 8 2 2 1 2 1 4 9 2 1 2 2 1 4 8 1 1 3 30 2 1 1 1 1 2 7 1 1 2 1 2 1 2 2 2 7 9 1 12 1 2 2 1 2 2 4 1 2 2 1 1 1 1 2 2 1 5 1 31 1 2 2 1 2 4 1 1 1 2 7 2 1 1 4 2 2 1 1 1 1 1 2
10 10 9 4 3 6 6 8 3 1 3 3 2 1 6 2 2 1 3 10 2 2 3 1 11 2 2 1 2 2 2 1 2 3 1 1 3 4 2 1 2 4 1 2 1 2 2 1 1 1 13 3 1 8 1 2 42 3 2 1 3 4 1 4 2 2 6 48 1 3 2 2 1 1 3 3 6 1 2 1 11 1 24 4 3 2 3 1 2 5 2 9 4 2 1 2 91 1 2 16 3 2 10 6 3 2 1 1 1 2 4 3 1 25 3 2 2 1 10 3 9 44 4 1 4 3 6 2 6 2 6 2 2 20 1 2 12 2 1 2 8 3 1 2 5 1 5 1 2 1 6 6 2 3 1 3 2 6 6 2 18 8 2 1 1 1 2 2 2 5 8 1 7 1 8 2 1 1 1 3 2 1 2 1 2 14 13 2 1 2 1 1 3 2 3 7 2 1 3 8
3 4 5 2 2 28 3 3 33 56 1 3 7 3 1 1 1 1 1 5 1 1 4 4 4 10 1 5 2 1 2 1 8 3 1 7 1 1 1 63 1 26 6 62 1 2 10 1 6 1 1 1 2 1 9 2 2 13 1 1 176 1 1 492 1 31 1 1 2 3 1 1 2 2 22 1 1 1 28 1 19 3 4 1 2 1 3 1 2 2 2 2 5 2 3 2 1 2 1 2 2 1 1 7 3 2 1 2 2 21 125 2 1 2 14 2 4 1 2 15 2 6 2 10 4 1 1 78 12 1 1 1 2 22 6 1 2 1 5 1 1 4 1 2 2 1 2 4 13 9 3 1 3 1 2 1 4 1 1 5 3 2 3 4 2 2 2 3 6 1 2 2 2 1 1 2 1 5 4 9 6 151 4 3 1 1 3 1 8 18 1 2 2 1 2 1 2 27 63 1
3 2 1 2 10 7 8 1 1 3 2 4 3 1 3 3 1 2 1 1 5 26 2 1 438 3 2 2 1 9 2 1 117 1 1 2 3 1 2 1 6 5 2 1 5 1 14 6 2 2 2 3 2 1 2 115 2 5 3 1 7 1 1 2 3 1 2 1 1 5 1 5 1 2 2 1 2 4 15 8 6 2 4 2 6 6 3 1 1 1 3 2 1 21 6 2 2 3 22 1 19 3 5 2 1 8 6 2 2 1 4 2 5 1 2 14 16 2 1 2 24 2 2 5 2 1 2 3 5 1 1 1 26 1 2 1 3 3 1 2 2 2 4 2 37 1 5 7 5 5 3 2 2 2 1 2 3 5 2 2 2 2 2 10 5 2 1 2 3 1 2 8 4 1 1 3 42 4 11 3 1 4 4 11 3 2 4 1 5 1 1 3 4 2 2 4 7 1 3 1
1 2 2 1 1 1 1 3 1 11 2 8 7 1 1 2 2 2 3 2 31 3 1 1 3 3 8 2 7 1 2 3 1 2 2 3 32 3 7 3 4 1 1 5 1 3 1 2 2 1 1 2 9 15 1 1 2 3 1 4 3 3 5 2 2 9 3 6 3 1 3 1 1 1 1 2 1 46 1 2 6 3 2 1 6 1 3 1 2 33 4 2 4 6 7 2 1 7 2 3 2 1 1 1 3 5 1 1 2 1 1 2 1 1 1 2 2 1 9 2 4 1 13 7 2 3 1 5 1 2 1 4 2 50 2 5 1 8 13 2 1 1 1 1 2 1 2 1 2 3 13 1 1 8 11 1 11 3 2 1 8 2 1 1 1 2 6 2 1 93 2 56 2 11 2 14 8 20 3 1 2 2 2 13 4 2 20 2 1 2 2 6 1 2 1 1 1 1 1 43
2 4 3 135 1 1 1 1 1 1 24 1 16 1 11 3 1 2 1 4 1 3 3 12 54 4 2 1 1 2 14 1 27 1 1 2 1 6 1 1 2 15 1 8 1 1 1 2 4 2 3 1 2 4 1 1 4 2 2 1 1 1 1 4 1 1 1 20 1 106 5 47 2 1 9 1 2 4 2 1 2 27 1 2 3 1 2 1 1 16 1 1 1 2 187 19 1 1 2 4 2 2 2 2 1 14 3 9 2 1 2 3 1 1 9 5 1 8 1 2 2 1 3 1 1 3 1 3 3 4 2 6 2 3 16 1 1 1 2 2 1 1 2 3 14 2 1 2 2 3 1 1 1 1 3 1 2 3 2 101 2 6 2 2 3 1 1 2 3 4 3 3 13 5 64 1 3 2 153 3 9 1 1 4 2 2 2 1 1 1 13 3 23 1 2 1 2 2 1 1
3 1 7 6 2 1 3 1 16 1 5 1 1 2 1 4 54 2 1 2 6 1 2 5 3 1 2 1 1 9 1 3 2 2 5 5 1 3 4 4 6 5 1 1 4 1 8 59 2 3 2 8 3 4 2 9 15 3 1 3 8 1 4 9 1 1 30 6 2 2 3 1 1 3 4 1 1 5 1 3 1 1 6 4 2 6 1 1 1 1 1 4 1 3 2 1 1 2 1 1 29 6 3 2 3 15 4 3 2 2 2 1 7 1 1 10 1 2 2 2 21 1 3 1 1 2 12 11 1 3 3 2 3 5 64 20 1 18 5 60 2 4 2 3 2 3 1 2 1 39 2 1 4 1 4 4 4 6 1 1 1 49 1 1 2 1 2 3 2 1 1 1 2 5 4 1 2 2 2 3 4 2 4 1 2 2 1 1 1 2 15 95 2 22 1 2 1 1 3 1
8 3 1 2 2 10 1 2 1 1 2 23 4 4 11 35 1 2 2 4 1 2 2 10 2 3 1 74 1 2 1 2 3 20 3 1 1 56 4 18 3 3 4 8 1 1 2 2 25 3 3 1 1 2 36 2 2 1 1 24 2 3 1 4 2 2 3 4 1 3 2 2 2 1 4 1 1 4 1 1 1 16 3 2 8 3 2 1 1 1 1 3 1 17 2 5 1 2 8 2 4 1 2 1 3 2 1 22 1 2 33 1 23 1 2 3 6 2 220 3 2 7 1 3 1 2 1 1 1 2 3 2 1 1 3 1 2 2 2 5 1 2 1 3 9 1 2 1 6 1 1 163 1 8 3 2 35 6 1 2 22 2 2 1 2 2 3 1 38 10 8 2 1 2 2 6 2 4 3 3 4 4 1 3 1 2 2 1 2 5 3 3 7 1 1 1 4 329 10 4
109 5 2 3 1 3 6 3 2 2 3 15 1 14 2 2 3 1 4 25 25 5 1 29 4 3 2 1 14 1 2 2 21 1 2 2 2 2 1 2 2 31 5 2 9 1 2 4 3 1 3 6 1 1 21 9 7 2 10 1 1 2 8 3 1 3 3 1 1 25 1 2 3 17 2 1 1 2 2 9 2 18 1 1 2 3 1 2 1 10 1 4 10 3 2 3 1 2 2 1 2 8 4 1 1 1 1 1 1 1 1 5 7 1 13 2 2 7 2 1 1 2 3 40 1 1 1 2 3 2 2 8 5 2 7 1 1 3 1 3 1 1 1 1 2 2 2 1 3 1 1 7 9 7 6 2 6 3 2 1 5 1 4 4 2 23 1 2 1 1 4 3 2 6 3 2 2 1 3 1 3 1 5 3 2 1 1 2 1 1 3 1 2 3 4 2 4 2 5 1
1 1 1 1 2 2 2 1 113 1 4 16 3 191 1 1 2 1 1 1 1 1 11 1 1 1 3 2 1 5 5 1 3 2 2 2 1 1 2 2 4 1 1 3 4 3 7 9 1 2 1 6 31 2 4 10 6 1 3 2 6 2 1 1 1 3 1 1 1 3 2 1 1 3 2 2 2 3 2 2 138 26 1 1 1 1 5 3 3 3 3 3 2 2 3 2 6 2 10 1 5 1 2 2 2 4 1 7 1 2 2 2 2 5 2 1 3 4 1 5 3 1 3 7 1 2 4 2 1 2 3 9 3 1 1 1 1 1 6 2 1 1 38 17 1 1 4 21 1 3 1 1 1 1 3 3 1 2 4 3 2 7 2 1 1 4 1 1 1 3 1 3 47 1 1 1 1 1 2 1 1 16 9 1 3 3 242 1 1 15 2 3 4 3 2 2 1 1 14 1
2 1 3 2 1 2 4 1 9 2 25 2 4 1 19 1 1 4 2 4 1 19 1 3 38 2 3 2 19 6 2 2 1 12 12 11 2 8 1 1 8 1 2 1 5 6 1 7 1 1 2 2 3 18 2 1 2 2 3 2 1 9 3 5 5 1 1 2 2 2 2 4 7 1 7 11 6 20 2 2 1 1 1 4 1 1 1 3 6 5 2 10 9 1 2 9 2 1 8 1 2 8 1 2 3 11 3 2 3 9 1 6 2 4 2 4 1 23 1 2 3 2 3 2 9 4 2 3 4 6 2 1 3 1 5 2 1 5 2 2 1 143 1 3 1 3 2 46 6 1 4 2 1 1 2 2 1 1 2 2 1 1 7 2 1 2 6 44 2 1 6 3 1 1 3 3 2 2 3 5 1 1 2 1 3 2 2 1 3 3 1 1 5 4 3 1 2 2 1 9
4 1 1 2 7 7 2 2 45 2 4 2 2 3 2 4 2 2 1 5 34 2 2 2 6 2 3 7 2 1 1 6 1 3 2 3 6 3 1 5 1 5 1 2 10 8 1 7 1 2 9 2 1 1 8 1 13 2 8 1 2 1 4 2 2 4 3 14 1 1 1 2 14 11 13 1 5 17 2 2 4 1 2 2 19 1 3 1 3 8 8 1 2 1 2 2 1 2 6 4 1 4 1 1 2 4 1 4 4 2 115 2 6 4 1 2 2 3 3 1 2 4 2 1 2 1 1 6 2 4 3 2 2 1 1 2 2 11 2 5 1 1 1 1 3 1 6 1 2 1 3 393 1 1 2 2 7 3 4 1 12 4 10 1 2 6 3 2 1 2 2 1 1 2 2 7 1 1 6 12 2 3 1 1 1 2 2 2 4 1 1 1 1 128 1 1 2 1 1 3
2 1 13 4 5 2 2 2 3 1 3 8 2 1 1 2 10 1 2 2 3 1 3 6 1 1 2 8 1 6 3 1 1 1 1 2 3 4 2 1 36 1 4 19 1 1 9 2 4 1 3 23 4 2 4 13 2 1 4 6 3 10 3 2 1 1 4 4 1 1 2 5 3 1 3 4 1 4 3 4 5 1 10 1 1 4 2 3 12 1 2 2 1 2 3 1 2 1 1 7 1 5 3 1 3 2 71 1 2 1 5 1 1 3 2 2 1 1 1 7 2 3 2 4 1 1 2 1 1 3 2 70 1 3 23 4 3 11 30 1 5 3 1 2 2 1 2 1 5 1 4 2 2 9 3 1 3 1 3 1 5 2 2 4 1 1 2 10 2 9 1 2 3 1 1 2 2 2 2 4 2 18 2 1 2 1 2 29 3 6 5 1 30 12 1 1 1 2 10 3
1 43 2 2 1 3 29 5 1 2 2 2 25 15 8 5 1 1 4 1 5 1 7 6 1 2 9 1 2 1 33 1 6 5 1 5 2 13 28 1 2 2 4 2 10 10 5 5 2 1 2 2 31 1 4 20 1 1 1 11 1 1 3 1 2 1 3 2 6 3 2 2 3 2 2 1 1 1 1 1 4 6 2 2 81 9 1 6 1 6 3 1 3 2 1 2 3 4 2 1 1 6 2 3 4 2 122 1 5 3 1 5 2 1 13 3 19 2 5 3 2 15 1 2 2 3 2 1 3 2 3 1 1 3 1 10 1 2 9 1 9 3 5 2 2 6 52 1 2 1 3 10 2 1 1 2 1 1 3 1 2 2 2 2 6 13 2 1 1 10 1 1 3 2 1 2 5 1 1 2 1 2 1 4 2 1 2 69 7 1 2 1 1 4 2 1 8 8 2 4
2 1 3 2 6 1 6 2 2 34 1 3 4 1 1 96 1 2 2 2 1 1 1 4 3 2 30 8 2 1 3 13 2 4 2 185 1 20 1 4 2 1 4 2 1 1 4 2 7 3 1 1 35 8 25 85 2 10 1 1 2 49 3 13 7 3 5 1 3 3 1 24 1 1 1 1 8 1 2 1 10 1 1 1 2 1 3 1 2 33 1 1 1 1 3 1 3 2 2 4 3 1 5 4 3 2 3 1 4 5 7 3 2 3 1 4 1 1 3 30 1 2 3 1 1 54 4 1 3 2 3 1 3 1 1 1 1 1 2 2 2 2 3 2 2 6 2 2 3 2 3 4 1 2 2 1 1 1 3 1 2 4 1 1 10 1 1 1 1 2 4 1 3 1 14 3 1 1 5 1 6 1 10 34 1 3 2 10 1 6 2 2 1 2 2 3 2 3 1 1
7 3 1 5 27 5 3 1 4 1 1 1 3 1 7 66 1 2 9 2 1 4 1 2 1 2 2 4 1 6 3 1 3 1 2 2 2 2 2 3 81 4 1 2 2 7 2 2 1 3 1 1 2 1 1 2 1 1 3 24 7 2 2 2 61 6 4 1 3 6 1 2 20 1 1 3 7 85 1 1 3 2 1 2 1 1 5 1 1 2 3 1 2 7 2 2 2 3 2 1 5 1 8 1 2 7 3 6 3 2 1 3 13 4 1 2 3 1 4 37 33 2 2 2 1 2 1 1 5 2 1 1 1 1 1 1 2 2 7 2 1 22 109 3 2 1 2 9 2 1 1 2 2 4 3 7 3 2 3 3 6 5 3 62 2 2 2 2 7 8 7 2 160 4 50 1 17 9 231 2 1 3 1 3 2 2 2 1 3 2 8 20 3 4 1 3 15 2 6 6
1 2 23 2 2 2 1 1 3 2 3 8 3 1 4 2 1 1 1 2 1 2 4 4 1 1 77 1 2 2 3 1 3 1 2 2 1 65 8 5 3 2 1 1 4 2 3 5 29 2 2 13 2 1 3 2 1 2 1 4 6 3 2 1 1 2 1 4 4 2 1 16 37 1 1 3 5 1 2 3 2 4 9 1 2 3 4 1 2 3 1 6 1 2 2 38 1 3 6 8 1 19 2 2 2 3 1 1 1 1 5 2 1 3 4 1 7 3 3 3 4 2 1 1 2 1 1 2 2 4 1 26 1 8 2 2 3 5 13 2 2 1 1 3 3 54 16 1 1 2 1 2 5 3 1 2 3 2 2 5 1 2 2 2 20 2 2 1 15 1 1 1 2 1 4 1 1 14 2 16 3 1 3 10 1 1 6 1 4 1 12 2 1 2 1 2 1 2 3 1
1 1 2 1 4 2 9 2 6 2 3 19 2 16 2 2 2 1 2 1 12 2 5 1 2 2 8 3 2 2 1 1 2 1 1 2 1 161 7 6 2 10 3 1 2 2 30 2 1 3 1 3 2 5 1 1 3 2 3 3 1 1 5 1 5 4 3 1 6 2 2 2 1 2 2 2 1 1 1 6 11 2 2 1 5 3 7 1 1 2 6 5 4 3 1 6 2 1 2 2 1 4 2 5 20 2 9 7 1 1 1 2 1 1 2 1 5 1 2 11 2 2 25 3 3 2 1 1 2 1 2 1 2 3 3 6 4 15 5 3 2 2 1 7 3 7 3 9 1 6 1 2 1 1 1 3 16 2 1 1 34 1 2 2 7 1 5 3 1 4 1 1 2 4 3 2 1 1 2 4 1 1 1 4 17 2 8 1 5 1 12 1 1 1 4 1 1 10 4 1
2 1 1 1 3 1 1 6 2 2 3 3 2 4 1 1 4 3 1 1 1 9 1 3 3 2 3 1 2 3 20 6 7 2 1 2 1 6 1 4 3 1 2 2 1 1 1 5 13 2 1 2 1 2 1 1 1 3 1 2 1 5 3 32 2 12 2 1 1 9 2 2 1 1 1 1 1 1 1 8 1 3 1 3 2 4 1 2 4 2 2 1 2 1 2 2 9 7 5 3 5 1 2 2 2 3 2 2 2 2 5 1 1 3 1 1 11 3 2 4 9 1 2 13 1 3 1 3 3 1 1 1 5 3 11 2 1 1 1 8 1 2 1 1 2 1 2 3 9 7 2 2 4 5 4 2 1 2 1 2 3 8 4 51 2 1 65 1 1 1 7 3 1 424 2 2 1 1 1 2 7 1 2 1 1 1 5 1 4 1 1 33 4 1 2 6 4 2 2 2
8 1 9 6 1 2 2 3 4 276 3 1 2 5 5 1 2 2 1 1 241 1 3 1 4 2 2 3 4 2 43 1 6 2 1 1 2 2 1 1 1 3 17 2 39 1 3 4 2 3 9 29 1 1 1 8 2 60 7 9 2 11 1 2 1 3 125 6 3 2 1 1 1 1 1 11 12 1 1 11 1 1 2 2 1 1 8 1 1 25 19 4 1 5 2 2 1 1 2 4 2 1 4 2 1 1 2 6 8 3 1 3 1 24 8 4 3 1 2 1 56 1 2 1 4 3 2 1 5 4 2 3 111 88 1 2 1 4 5 2 1 1 1 5 1 6 2 11 3 1 1 1 2 9 1 1 48 6 2 1 1 4 1 4 1 6 3 1 1 2 1 8 1 2 3 1 26 7 2 2 2 2 8 1 1 2 2 1 1 4 1 6 2 1 4 5 2 1 2 7
2 2 1 107 12 4 2 1 3 9 3 1 2 2 1 1 5 1 2 2 1 2 1 14 2 2 1 5 16 1 1 1 2 3 2 1 1 2 2 2 3 11 6 2 3 1 1 10 2 1 1 2 176 2 1 5 1 4 46 2 1 2 1 1 1 2 1 3 1 8 1 5 4 1 5 3 2 2 2 2 3 3 2 1 3 1 3 1 16 8 1 1 2 4 2 3 5 2 4 4 1 1 9 9 1 10 1 2 1 1 1 3 3 115 1 2 1 5 1 1 18 1 34 2 2 5 1 2 1 2 2 2 1 1 10 6 2 1 10 1 17 7 9 11 4 361 3 5 1 2 10 2 2 1 4 1 8 20 1 2 3 1 6 2 1 8 3 2 3 1 12 2 18 1 9 2 2 1 2 2 3 3 2 5 2 2 1 1 2 17 1 1 3 2 3 1 2 4 1 13
1 3 2 6 4 5 3 1 4 6 1 10 2 1 3 12 9 3 2 1 3 2 23 2 2 1 7 1 4 3 2 1 1 6 3 1 1 2 2 49 4 4 1 26 2 1 2 1 2 7 6 3 1 3 1 2 4 2 3 1 14 3 4 3 1 4 9 1 2 1 2 1 1 2 6 5 4 1 2 1 35 1 7 4 3 1 1 2 1 11 3 31 4 1 1 1 2 3 6 2 2 3 2 1 2 1 2 4 6 1 2 28 2 1 2 1 1 11 1 2 3 2 34 2 3 5 5 2 2 7 17 3 1 4 1 2 17 2 2 6 5 1 2 1 4 5 1 1 2 13 5 2 2 5 4 4 1 1 2 5 1 1 1 1 3 1 1 4 2 3 6 2 5 1 4 1 2 2 1 8 2 1 120 3 2 2 5 1 2 5 3 1 1 2 2 2 3 2 1 4
1 1 172 2 1 4 487 4 4 1 3 9 1 2 18 2 1 4 2 6 4 2 23 2 19 4 3 17 5 3 1 20 2 3 1 4 4 1 4 2 1 3 1 2 1 34 4 13 1 1 3 4 2 2 2 1 1 5 1 1 6 4 3 5 12 9 2 3 4 5 1 2 6 2 1 3 11 1 2 8 2 7 12 21 10 1 2 22 1 3 2 5 8 1 2 2 4 1 2 1 7 2 1 17 2 1 2 5 12 1 1 2 2 4 1 3 1 2 1 1 1 1 1 6 1 8 1 38 2 3 2 6 10 3 1 1 2 1 5 1 2 2 2 2 3 5 1 2 3 1 2 1 2 1 7 1 3 16 1 12 2 9 1 6 1 2 6 3 84 1 1 1 1 2 2 1 3 2 1 1 2 1 4 2 6 15 19 1 1 4 2 2 1 5 1 1 1 4 1 2
3 3 1 3 1 7 8 49 2 3 2 1 3 4 19 4 4 8 2 1 1 1 3 2 2 7 1 2 14 1 1 10 2 14 2 1 1 10 1 2 2 5 15 1 2 1 5 1 2 1 1 4 1 1 2 1 30 1 3 2 2 1 60 1 1 2 1 2 1 1 2 1 36 2 2 2 3 3 1 16 1 2 3 2 1 1 6 2 1 2 2 1 2 11 1 1 2 1 5 47 5 14 2 1 2 2 14 1 2 1 21 1 2 8 1 1 1 3 5 2 1 31 2 2 2 9 2 12 10 4 2 13 2 2 1 1 3 1 1 2 2 1 2 2 1 4 232 4 1 3 1 22 2 1 1 3 9 9 18 3 2 4 52 9 1 1 5 1 2 1 2 1 20 4 4 2 2 1 1 2 17 8 1 1 5 1 1 37 2 1 2 1 2 2 2 2 2 9 2 1
3 1 1 75 1 2 3 1 1 7 2 1 2 1 6 1 1 5 3 1 2 3 3 3 6 2 10 3 1 2 4 3 2 2 2 3 2 11 5 6 1 2 4 8 1 12 1 17 2 1 1 2 7 1 2 1 7 5 2 1 1 1 1 5 2 1 2 23 3 1 2 25 1 1 9 1 1 4 1 2 1 5 2 11 3 2 1 1 1 1 2 1 2 2 19 5 1 3 1 1 1 3 1 3 2 1 2 1 2 3 10 3 1 1 2 1 5 2 3 1 12 2 1 5 1 1 1 1 1 2 2 1 1 8 1 2 2 3 4 10 2 2 2 1 1 2 14 65 3 1 2 6 1 6 1 3 1 1 11 1 4 1 1 2 9 5 2 3 1 14 4 2 6 7 4 1 2 1 3 4 1 2 2 5 2 3 2 2 2 1 1 4 310 2 4 1 1 2 2 1
7 3 3 1 5 4 2 1 2 4 2 1 2 1 2 2 1 3 3 2 2 4 6 2 6 3 1 1 1 1 2 4 2 1 3 1 142 1 4 2 1 6 3 2 1 13 1 1 2 1 6 1 1 1 2 9 2 1 1 1 27 1 2 1 1 1 2 8 2 2 3 2 2 2 15 3 1 3 2 69 1 3 7 5 2 1 4 2 15 4 4 2 1 2 1 1 1 4 4 1 2 1 6 6 2 1 1 2 5 1 1 1 1 5 1 4 1 1 1 10 2 2 1 2 2 3 8 1 1 5 30 2 2 2 1 5 2 1 4 2 2 4 2 1 1 3 4 2 5 3 2 3 2 1 3 1 3 7 2 1 52 3 1 4 1 1 1 3 3 1 2 1 1 2 2 3 2 1 5 2 1 3 1 3 1 1 1 1 15 2 14 5 1 2 6 3 5 2 15 6
1 2 7 23 1 4 15 1 1 3 1 1 3 2 2 1 1 12 3 1 8 2 7 2 4 1 2 2 5 3 2 5 2 2 2 2 1 1 2 3 3 3 3 2 1 2 3 1 1 2 5 9 6 1 1 4 1 1 3 3 4 2 14 2 5 6 2 3 1 51 31 1 7 3 2 2 1 2 4 2 3 412 1 3 3 2 23 12 7 1 8 1 147 17 23 2 10 7 4 1 1 10 3 1 3 1 1 2 8 1 3 1 3 1 1 1 1 3 4 4 1 2 1 3 1 33 2 1 3 1 1 1 2 2 1 3 3 2 3 2 1 7 1 2 1 1 4 1 4 1 1 1 2 23 5 1 2 2 18 3 1 1 1 31 1 2 1 4 6 3 2 1 1 1 1 1 65 3 2 1 6 1 3 1 1 2 4 1 12 1 1 1 3 2 1 1 6 1 1 1
7 1 1 1 1 2 2 3 2 2 1 1 5 29 3 1 2 1 8 4 1 1 2 1 2 1 5 1 1 2 3 1 2 1 2 12 1 7 2 1 13 2 2 2 3 109 1 3 2 1 33 6 1 1 3 3 2 3 3 1 26 1 2 3 7 2 1 6 1 1 1 3 2 3 14 4 3 1 9 2 1 2 11 1 1 67 3 1 1 1 2 7 83 3 140 5 1 13 1 1 2 1 1 1 19 2 5 1 79 3 1 2 3 7 3 3 1 1 3 4 3 5 1 22 5 3 2 1 1 2 1 1 1 9 1 1 1 1 2 1 2 3 3 1 19 1 2 2 3 4 2 2 2 2 1 11 3 1 2 3 2 3 3 5 5 7 7 1 2 1 2 2 1 2 5 1 6 2 7 1 1 1 1 20 12 4 3 2 1 9 1 4 1 2 9 1 1 1 7 14
1 12 20 5 3 2 1 2 5 1 10 35 1 4 2 2 4 5 3 1 2 4 1 2 2 3 1 2 2 2 1 2 1 2 1 1 2 1 2 2 4 1 2 2 3 2 13 2 1 2 17 2 3 2 6 4 7 3 1 1 1 2 4 2 1 1 1 2 2 3 1 1 2 1 1 2 1 2 1 3 6 1 2 9 1 9 5 2 1 1 7 2 2 1 3 2 4 3 1 1 1 1 2 19 4 2 3 3 6 2 3 2 1 2 1 13 4 1 1 2 2 9 1 3 1 5 2 1 2 1 2 1 1 2 12 1 6 1 1 2 2 2 1 1 10 2 2 2 1 2 1 1 2 3 1 4 2 1 2 2 3 1 5 1 2 1 4 6 1 3 5 1 2 1 6 10 3 3 2 1 1 3 2 2 6 1 2 2 1 1 1 6 1 2 1 1 2 1 1 2
1 7 1 2 3 2 3 1 1 1 2 2 1 1 1 2 16 3 1 17 2 3 59 2 2 1 2 2 3 1 2 2 2 13 2 2 17 1 1 1 18 1 2 1 10 1 1 6 2 39 1 2 8 2 3 4 2 1 2 22 2 1 1 1 4 2 3 13 1 2 4 1 2 5 4 3 3 8 3 1 7 4 4 2 3 11 38 1 2 2 4 2 4 2 50 2 30 1 1 1 10 2 1 5 2 1 2 1 1 7 1 1 3 10 6 2 1 2 2 2 1 6 59 1 1 1 3 3 3 8 2 3 2 23 4 2 1 2 2 3 4 2 1 1 11 11 4 30 1 1 1 3 5 1 17 4 3 1 1 10 1 199 3 1 3 2 1 2 1 1 3 1 3 2 4 1 1 1 1 1 7 14 4 2 3 1 1 1 3 1 1 1 1 2 14 4 12 1 2 2
5 2 7 5 3 1 1 2 4 5 4 3 2 3 1 6 1 9 2 2 2 2 2 4 3 2 2 2 1 25 1 2 6 2 2 2 2 2 1 4 2 1 19 1 1 2 10 2 4 1 3 9 12 2 7 9 1 3 1 1 5 1 1 4 2 3 1 1 3 2 3 5 14 1 3 23 6 2 1 3 1 2 2 2 1 2 1 2 4 3 15 1 6 5 2 7 1 3 3 10 1 1 1 89 5 1 2 2 2 2 3 5 1 2 2 10 3 2 1 2 2 1 3 15 5 3 2 1 2 4 4 3 1 1 2 1 3 1 7 3 1 1 3 4 2 9 1 1 1 2 4 2 5 1 1 1 3 1 2 3 2 9 2 1 4 8 2 1 4 45 38 5 2 3 2 3 2 5 1 2 1 1 3 2 2 1 1 1 4 10 1 1 3 1 1 11 10 2 2 5
131 2 5 2 1 1 1 1 6 6 5 48 7 2 1 5 24 5 1 1 18 1 1 2 1 2 2 1 2 2 4 15 4 2 22 2 16 1 155 1 3 2 1 4 5 1 1 3 3 1 1 2 1 59 2 3 2 6 2 3 1 30 4 2 2 3 2 1 2 7 8 2 1 1 2 2 2 389 1 1 2 2 6 1 2 2 5 1 2 3 3 1 2 7 3 2 11 5 11 2 2 2 8 2 1 1 2 2 6 2 1 2 2 2 5 3 1 2 1 11 1 2 3 1 93 4 1 2 2 9 1 51 2 1 3 1 3 8 3 2 1 4 9 5 1 2 3 17 2 1 1 2 2 3 2 1 2 2 1 23 3 1 3 3 6 3 1 4 2 15 1 1 2 2 3 3 2 12 1 2 2 1 2 1 2 1 2 2 1 2 7 2 3 285 15 2 5 1 2 4
1 1 5 1 2 1 2 1 4 1 11 3 3 1 2 22 1 1 4 2 2 4 2 3 7 3 43 8 4 6 2 1 2 1 2 1 8 2 2 6 2 1 3 5 14 2 7 1 4 1 1 239 1 3 6 72 13 9 50 1 4 2 1 1 2 2 1 2 1 3 2 4 1 1 5 1 7 1 3 9 3 3 1 2 2 2 2 4 1 1 1 3 24 3 1 1 1 2 2 27 1 3 6 2 3 77 7 3 1 8 2 36 2 1 1 1 1 2 1 2 2 64 1 155 1 1 2 1 1 2 1 2 2 3 2 1 1 2 1 4 3 5 2 1 1 4 1 2 6 1 1 9 3 1 3 4 1 1 4 2 2 2 1 2 1 6 11 2 2 1 3 4 1 2 1 4 2 2 3 2 2 3 4 1 1 2 2 1 1 1 12 1 63 1 3 1 1 1 1 3
1 10 3 1 14 4 37 69 2 4 5 3 1 36 2 1 1 1 1 1 9 1 2 3 2 5 3 3 1 2 2 1 5 2 1 2 2 3 1 2 1 2 1 2 1 1 1 2 2 3 1 18 2 3 2 4 2 1 3 2 3 1 1 2 1 1 1 30 1 15 1 2 2 1 1 2 1 1 2 11 1 11 4 6 36 2 3 1 2 7 1 113 2 3 12 45 14 1 7 7 1 2 2 6 48 36 8 1 3 6 1 1 13 2 3 4 2 2 1 2 1 2 23 2 3 2 1 2 5 3 2 1 3 1 5 2 2 153 1 2 2 1 4 2 5 2 2 7 1 1 2 1 1 1 1 2 17 8 1 1 3 2 1 1 5 2 1 1 1 4 2 1 5 3 2 7 2 24 8 2 2 2 2 1 5 1 5 1 2 1 1 66 2 1 1 2 47 1 1 1
1 1 1 6 2 5 2 2 2 1 73 2 7 7 1 2 6 2 1 1 1 4 11 1 1 2 2 10 89 1 1 3 2 1 37 3 2 43 3 7 3 8 3 3 4 7 1 19 14 2 2 9 203 2 2 1 1 10 1 5 1 3 1 2 1 1 9 2 1 9 2 25 1 3 25 1 2 5 4 1 1 2 5 1 2 9 2 1 3 5 3 2 4 1 2 18 1 1 1 1 9 3 2 1 2 1 8 2 3 3 2 3 2 1 2 2 1 2 1 2 4 1 2 1 2 1 1 1 2 2 2 2 3 142 2 2 1 7 1 5 1 17 1 1 1 2 1 2 8 3 9 16 3 1 1 1 2 3 2 3 19 1 3 2 2 1 2 8 12 2 3 2 2 1 2 19 2 3 1 3 2 1 5 2 1 3 2 10 1 1 1 3 4 5 2 2 3 1 11 5
1 2 10 2 10 2 1 1 1 1 20 1 6 3 4 1 1 2 1 1 4 1 2 6 1 1 2 8 1 2 6 2 17 2 2 21 1 1 2 2 6 2 2 3 3 16 359 5 2 1 3 2 113 2 3 1 1 2 1 1 1 2 2 3 3 1 2 1 1 4 1 2 5 3 2 2 1 4 1 2 3 1 1 2 2 3 3 17 2 3 5 1 1 3 1 1 11 10 8 1 1 1 2 17 1 4 2 9 2 3 5 2 5 1 1 2 3 3 2 3 1 3 1 1 4 1 2 1 2 1 14 1 1 3 1 1 129 4 3 1 1 2 14 1 1 4 17 1 52 1 4 18 2 2 5 8 1 1 20 9 1 2 1 8 1 185 2 1 4 1 2 1 1 7 1 2 1 1 30 1 2 1 3 5 2 2 3 3 4 60 1 2 3 1 2 1 5 1 2 3
3 2 20 1 10 2 2 2 2 2 2 1 1 2 3 2 2 1 1 4 2 13 2 1 2 1 1 1 9 4 5 5 1 3 2 55 14 39 4 1 2 13 2 1 7 2 8 1 1 2 3 4 1 1 3 1 1 2 1 3 2 10 21 1 2 3 18 5 20 9 1 9 2 2 10 13 1 1 1 6 1 1 45 3 1 8 2 3 3 1 2 5 87 1 13 2 3 2 1 36 8 1 2 10 3 3 1 2 2 2 9 2 51 7 1 8 1 2 2 3 1 1 5 5 2 2 3 1 1 6 2 1 1 4 1 3 1 6 3 1 2 2 2 1 1 2 3 1 2 10 17 1 2 1 4 15 2 2 2 2 5 3 1 1 2 8 1 1 4 2 3 6 4 1 2 1 1 9 6 1 1 2 4 9 1 12 7 2 2 4 4 3 2 1 4 2 2 8 1 1
10 1 1 4 1 1 2 1 1 5 1 1 4 2 3 1 1 1 1 2 1 10 1 1 10 2 2 1 2 4 4 2 2 2 1 2 1 2 11 1 1 2 1 1 3 8 2 4 2 45 1 2 3 1 2 1 1 3 1 11 1 3 1 2 3 3 1 1 1 3 2 1 1 2 1 2 1 3 2 2 68 5 2 1 2 1 4 2 1 1 2 1 1 1 2 28 2 1 1 3 2 7 2 1 1 3 11 13 26 1 5 1 3 3 1 1 1 2 2 4 1 2 1 223 2 2 1 4 5 4 1 3 1 3 3 1 3 2 2 1 1 1 6 5 1 154 5 4 13 2 2 1 17 6 3 1 1 1 52 9 4 1 10 1 2 2 3 2 1 2 5 2 1 2 1 31 13 7 9 1 3 4 90 1 1 2 8 7 1 8 1 1 3 37 4 1 13 1 2 1
3 2 3 3 1 1 5 1 2 1 2 1 3 1 1 3 7 1 9 1 5 2 1 1 2 1 8 3 2 4 1 11 6 2 2 1 4 4 2 7 77 1 3 1 2 2 1 1 1 1 2 6 7 2 2 4 2 6 11 17 6 5 2 1 2 1 2 3 15 309 3 2 11 9 1 4 2 1 12 1 1 1 2 1 4 4 1 4 2 2 48 2 5 2 2 2 19 17 10 1 2 63 2 5 2 3 1 1 2 2 6 5 1 14 2 2 5 2 28 1 6 1 3 3 5 14 6 1 2 4 2 1 1 1 2 1 2 2 1 4 27 7 2 1 2 2 3 1 18 4 4 4 9 3 2 11 1 4 2 2 2 162 1 3 2 1 22 4 1 3 5 2 3 5 1 3 2 3 28 45 1 3 1 4 1 2 13 10 3 1 4 3 9 16 8 2 2 1 2 11
1 1 4 5 1 1 5 4 1 3 1 3 2 3 2 1 1 1 2 7 14 1 2 2 1 1 3 7 4 1 2 2 1 4 1 3 4 2 2 1 1 1 169 4 7 1 9 1 1 1 1 1 1 1 2 22 2 1 2 3 1 3 1 2 3 1 1 1 1 1 1 4 2 15 2 1 3 1 2 1 2 3 3 5 2 1 1 2 2 4 2 5 1 3 3 1 2 2 2 1 2 7 2 13 2 11 2 1 2 3 2 1 2 5 2 6 54 2 3 3 2 3 1 4 1 2 1 1 3 1 1 22 9 1 2 4 11 2 2 1 4 2 8 4 5 6 2 14 3 1 6 2 220 1 1 1 2 62 4 4 10 4 3 20 5 2 1 2 1 2 7 7 24 1 1 1 2 1 1 39 2 4 4 30 1 1 2 1 2 3 5 2 2 2 2 1 6 15 6 3
1 12 5 6 2 2 3 1 2 4 1 1 1 4 4 9 2 1 3 1 3 1 1 2 1 1 6 1 4 1 2 27 42 2 1 1 1 1 2 2 17 6 1 13 2 2 2 1 2 3 2 17 3 1 3 27 2 2 3 1 9 1 3 4 2 1 3 5 3 10 2 15 1 6 2 6 1 2 1 1 6 2 1 12 1 2 2 1 2 18 3 1 5 11 2 1 1 1 2 9 1 2 3 2 1 3 2 2 8 1 3 5 4 2 2 2 6 6 3 3 6 2 5 1 5 3 1 5 2 7 4 6 1 2 1 130 1 9 1 2 1 2 1 8 2 1 2 2 220 2 1 2 1 10 1 2 4 12 5 3 2 2 17 1 3 40 1 2 3 16 1 40 16 2 6 11 5 1 2 6 13 3 1 3 6 2 3 2 2 5 1 4 1 15 3 16 5 2 17 1
2 2 2 2 6 10 1 1 3 6 2 1 2 7 1 3 3 1 6 48 2 2 1 8 1 1 3 4 1 17 1 2 1 10 2 2 1 1 2 2 1 1 3 2 1 2 2 2 1 2 2 3 73 56 7 1 2 1 1 1 1 1 41 45 2 2 3 1 1 4 2 1 1 2 1 8 1 12 2 5 3 5 1 4 1 1 9 2 3 1 2 2 2 2 1 1 1 1 1 1 4 4 1 7 2 2 2 4 1 1 1 2 1 12 1 2 4 1 1 7 1 2 2 1 1 5 3 1 2 2 8 2 1 1 2 2 3 4 1 4 2 3 3 2 1 2 1 4 2 11 2 4 3 1 1 2 2 1 1 6 1 2 1 2 54 3 1 2 1 3 2 14 1 1 1 15 2 2 4 1 2 1 1 10 2 2 3 26 2 3 1 1 2 2 2 5 2 1 2 3
31 2 1 5 2 12 2 1 1 1 12 3 4 2 1 2 119 1 8 4 10 1 12 1 2 1 2 3 4 2 16 3 5 1 2 4 1 2 2 5 2 1 4 9 2 4 3 2 1 12 3 11 1 5 4 36 13 3 1 2 2 3 2 9 3 2 1 7 1 2 19 17 5 1 2 10 3 1 1 3 1 1 5 1 1 6 2 4 5 1 1 1 5 8 1 25 1 2 9 4 8 2 3 8 4 9 6 1 9 3 1 2 3 2 2 12 1 2 2 2 1 1 1 4 2 2 3 2 5 5 2 10 4 2 2 2 2 2 2 1 16 1 1 2 5 11 6 2 2 2 2 3 6 1 1 1 5 4 385 1 2 1 2 1 1 4 1 3 10 1 21 3 1 4 4 2 1 3 2 1 4 2 1 2 3 1 3 1 1 2 18 1 1 1 1 1 1 2 1 1
1 1 10 6 3 2 1 2 4 80 2 2 1 3 1 1 1 2 1 14 4 12 2 4 1 10 2 13 1 1 3 21 4 2 2 3 1 1 5 1 2 1 5 1 16 7 3 1 1 2 2 1 4 3 2 2 3 1 4 1 1 2 1 13 1 11 2 9 2 6 1 10 24 31 2 1 2 18 1 3 2 2 1 1 1 1 1 3 2 1 2 69 4 3 18 2 1 7 2 2 2 1 1 2 1 2 2 1 2 17 1 2 1 7 1 2 4 1 4 6 1 4 4 2 6 8 1 1 2 4 5 4 1 1 4 1 4 2 8 8 1 4 1 3 2 1 2 19 2 2 2 1 1 4 1 1 4 2 1 184 1 1 2 8 2 1 2 2 1 1 2 1 3 1 2 1 2 2 2 1 2 4 3 2 1 10 3 3 4 3 2 7 26 12 4 1 3 1 2 1
2 1 1 1 4 6 4 2 1 7 2 14 2 2 15 29 2 2 2 27 2 124 91 1 2 2 4 1 2 5 1 1 54 13 7 2 2 20 3 1 2 1 5 1 1 6 5 1 2 3 2 1 5 2 1 5 4 3 8 2 2 11 2 2 3 1 5 2 2 1 4 1 2 7 2 12 2 22 8 5 1 15 1 2 1 69 2 7 2 1 1 37 1 1 2 2 5 1 2 2 2 1 1 1 1 2 3 2 4 2 3 1 2 1 2 1 1 14 1 1 2 5 1 4 1 7 1 14 2 2 3 20 3 7 2 2 1 1 2 1 10 2 2 2 1 1 2 18 3 1 7 4 48 2 1 142 1 2 5 2 2 2 1 142 7 10 3 2 13 5 3 2 8 1 6 2 1 1 17 1 2 2 1 1 2 4 15 1 9 1 6 3 1 1 1 2 1 56 5 2
4 2 21 2 8 1 2 1 3 10 15 1 3 24 1 3 1 6 3 2 1 1 2 1 4 3 4 2 2 5 4 3 1 3 1 3 2 4 2 13 2 2 1 24 5 1 2 2 1 2 1 8 1 31 1 4 1 1 3 1 6 1 12 7 1 5 31 2 1 4 1 26 1 2 2 1 3 1 1 1 1 4 3 1 2 2 69 3 4 2 10 2 2 2 3 1 2 1 1 13 3 2 1 2 7 2 1 1 1 6 4 3 2 2 3 1 1 4 1 1 2 2 1 6 1 1 2 1 2 3 1 365 4 4 1 1 1 2 20 1 6 1 6 1 2 1 1 2 2 1 1 2 2 3 2 2 1 3 1 2 2 1 1 1 3 2 2 4 5 2 4 3 2 1 3 4 2 1 4 5 2 2 1 1 9 8 1 2 3 1 6 2 8 49 3 2 1 1 2 4
1 1 1 9 2 1 1 5 97 6 3 1 11 2 2 1 1 24 2 2 1 4 26 2 26 2 2 1 12 2 3 1 2 1 1 1 3 1 2 1 1 4 2 3 1 1 1 2 45 4 2 2 8 4 11 2 1 7 3 4 2 1 2 1 1 1 5 2 2 1 2 1 3 3 1 11 2 1 1 2 1 1 1 10 10 1 1 4 2 1 2 2 3 25 3 13 3 2 2 2 61 8 1 2 1 8 1 2 2 1 70 3 1 2 2 2 2 2 2 2 1 3 79 2 1 7 26 2 3 3 8 1 3 2 1 1 4 5 4 3 5 1 1 6 5 3 1 3 3 1 1 2 13 4 3 1 4 2 4 6 3 1 10 8 38 2 1 16 66 54 2 3 9 2 5 1 2 2 3 3 5 2 2 2 3 1 3 4 1 1 3 1 4 1 1 1 1 2 14 9
8 1 1 1 1 3 8 2 3 2 2 2 2 2 2 1 2 13 10 2 2 2 3 6 5 2 29 17 1 1 1 2 1 2 83 12 9 2 1 1 1 3 1 3 4 2 3 8 1 1 16 1 1 3 3 7 2 1 3 2 1 8 1 1 1 2 1 3 1 2 8 1 9 1 13 1 1 2 2 14 2 2 1 37 3 4 9 1 1 4 1 1 21 2 2 1 3 9 1 1 1 1 4 2 9 2 1 1 1 1 5 15 5 29 4 5 28 2 2 4 1 1 8 1 4 16 2 2 1 5 2 4 1 2 10 2 1 7 6 4 2 2 2 1 2 2 18 1 1 2 1 1 10 2 1 18 2 28 2 2 1 5 4 1 1 2 3 81 4 3 4 4 3 1 2 4 1 1 2 2 2 3 1 2 1 12 12 1 2 1 2 1 3 42 69 1 2 5 3 2
2 3 1 2 2 2 1 89 2 2 1 1 4 10 4 1 1 1 3 2 2 3 5 3 1 2 2 1 1 1 1 2 1 6 2 2 1 4 4 2 6 1 5 1 1 2 1 1 2 2 1 1 2 16 7 1 5 1 2 15 3 2 1 1 4 1 2 1 1 1 1 1 3 2 4 1 1 2 1 3 16 1 1 2 9 59 4 2 5 3 3 2 38 1 7 3 3 2 1 2 2 2 1 1 7 9 1 8 16 3 2 5 12 3 1 2 1 1 1 2 4 1 1 1 3 2 19 8 2 13 2 3 1 3 1 2 5 1 2 2 7 1 9 1 2 6 2 1 1 5 2 3 1 2 30 3 6 1 2 2 4 2 1 2 1 53 4 1 2 2 2 9 1 2 12 1 6 2 6 19 1 1 1 1 1 3 2 2 2 3 2 1 3 2 2 1 2 2 8 1
2 3 2 1 1 1 5 2 3 1 1 1 1 2 1 3 1 2 2 1 2 7 2 2 1 6 7 1 1 3 15 5 3 2 1 2 2 1 5 1 3 2 3 1 4 4 1 19 2 1 2 7 2 2 6 1 2 2 1 5 6 8 3 14 2 3 2 4 2 4 27 2 1 5 4 2 39 2 1 2 1 2 1 4 3 1 1 5 1 3 1 27 1 1 12 1 3 7 2 1 11 4 5 1 4 5 2 14 4 2 1 1 1 3 6 2 3 1 2 15 4 4 2 2 2 5 1 2 1 2 3 1 5 16 1 10 2 2 2 2 1 1 2 10 2 4 2 2 2 4 1 2 1 21 1 3 2 1 1 8 2 2 2 3 2 4 2 3 2 2 2 2 3 2 2 3 1 4 2 2 1 1 9 2 4 2 17 2 3 3 3 2 1 2 8 1 14 2 1 2
145 4 19 1 1 6 1 1 1 2 3 8 2 2 1 56 40 3 2 4 2 2 2 14 6 1 19 1 1 8 5 2 2 1 2 2 3 2 2 1 2 6 6 1 10 10 1 3 5 2 1 2 1 1 2 3 6 2 5 1 1 2 4 2 1 1 8 1 2 1 2 1 2 1 2 4 9 3 1 4 1 7 7 1 1 1 3 26 1 1 2 3 5 1 1 1 3 2 2 6 2 11 3 1 1 17 1 1 1 192 2 2 2 1 1 3 2 4 2 3 2 3 5 15 2 3 1 2 2 30 2 3 1 2 2 21 2 1 3 1 29 1 3 12 1 1 2 6 2 2 2 4 1 7 99 1 1 48 5 1 5 2 2 1 1 7 1 3 2 2 341 1 1 3 3 5 1 4 2 2 6 1 2 2 1 3 1 1 7 6 2 3 3 2 1 1 2 1 1 2
1 2 1 3 1 4 1 3 37 1 2 1 2 1 1 4 2 1 2 1 5 16 2 3 2 2 1 3 25 2 7 1 1 2 1 9 2 4 1 4 3 10 2 1 9 1 7 1 1 3 13 5 1 1 2 1 1 2 3 3 2 3 6 1 6 12 1 1 2 4 1 12 1 2 1 1 10 1 1 1 5 1 2 3 15 1 9 1 1 3 1 2 1 68 2 51 1 1 8 2 3 1 2 3 1 2 3 3 3 3 2 5 6 2 1 1 1 1 7 2 3 3 93 2 2 2 11 1 2 8 2 1 8 1 4 1 1 4 2 24 3 2 9 1 1 8 5 44 12 8 1 3 1 2 4 2 2 1 1 2 1 1 1 3 7 3 1 3 2 2 2 1 11 1 4 4 2 4 1 5 1 2 1 3 21 2 1 2 2 28 3 1 1 1 5 4 3 9 8 2
1 3 3 1 9 6 16 24 2 4 1 1 4 1 1 3 2 2 16 1 3 1 2 1 2 1 1 5 1 1 1 1 8 1 2 1 1 2 3 1 1 1 4 3 3 4 3 3 11 2 3 2 1 2 2 6 4 1 1 2 1 2 1 2 2 3 2 1 2 1 9 2 8 1 8 3 1 1 2 2 36 1 1 1 7 1 1 2 3 6 1 3 1 1 1 3 1 1 2 3 2 8 8 13 1 3 2 6 5 2 2 3 26 2 3 1 2 1 17 2 1 11 3 12 4 2 1 9 6 3 2 4 5 1 2 2 4 4 2 2 10 2 9 2 1 8 1 1 30 2 10 1 8 4 21 1 1 1 7 1 3 18 49 1 4 3 6 2 34 4 4 8 31 1 11 2 16 12 5 9 2 3 12 1 5 2 2 2 1 1 1 1 2 2 3 1 32 1 3 1
3 3 1 5 3 1 3 1 2 1 2 1 1 1 4 4 3 2 2 1 2 4 76 10 2 2 1 2 2 1 23 2 1 2 2 5 1 5 1 5 14 4 1 1 25 2 3 4 3 1 4 2 6 3 2 4 3 10 3 2 5 2 30 2 5 6 1 2 3 1 5 1 3 2 1 2 4 2 1 2 1 1 1 3 1 2 1 1 1 7 1 3 3 1 5 7 23 1 2 2 3 7 1 2 1 2 1 1 3 1 2 1 1 1 2 1 1 4 3 9 3 2 7 11 1 2 6 4 2 2 16 1 5 3 1 2 7 3 1 146 115 3 1 1 1 2 1 1 2 2 1 8 2 1 2 3 1 1 1 1 2 2 1 1 21 1 4 2 17 2 3 3 2 3 2 2 1 4 1 3 6 6 3 2 2 1 11 2 1 10 28 3 3 1 2 5 1 2 2 1
49 1 1 4 2 3 2 14 6 4 2 16 1 5 3 4 14 1 1 1 2 3 2 1 2 1 2 2 3 6 1 4 2 2 2 1 8 1 2 1 7 1 2 6 3 5 2 1 73 1 3 2 3 8 1 2 2 1 31 1 2 3 1 85 1 1 6 2 7 5 1 7 1 1 2 5 2 27 2 71 2 6 2 1 1 4 3 2 7 1 1 2 2 4 3 1 3 3 6 1 2 1 2 1 1 10 4 2 1 1 3 18 7 1 1 1 7 5 1 7 2 1 1 1 3 15 2 2 2 2 39 2 1 1 3 13 1 1 2 1 8 3 1 39 5 2 1 2 19 65 1 3 1 1 1 25 1 1 2 2 27 1 10 24 1 2 3 2 2 5 4 2 20 3 1 2 4 1 3 2 11 1 3 12 2 7 1 95 1 5 2 2 1 1 1 3 1 1 3 7
3 1 2 9 7 2 1 5 3 2 3 1 2 1 1 7 1 1 4 2 2 3 1 1 2 20 2 1 1 24 2 1 4 1 1 2 1 3 1 2 5 1 2 3 1 1 1 1 1 2 4 2 1 2 1 1 1 6 2 51 3 1 2 1 9 2 2 6 12 6 2 1 3 2 2 1 1 7 1 5 14 5 4 145 6 1 9 6 4 1 2 2 6 3 1 3 1 3 2 1 4 10 2 2 2 2 76 1 8 2 2 2 3 3 3 1 5 2 1 3 1 1 1 3 5 1 1 1 1 8 8 23 2 1 1 1 1 1 3 2 1 1 1 4 3 1 1 2 6 73 9 1 2 2 2 1 1 3 19 2 2 4 1 3 2 3 35 1 1 3 6 2 1 1 68 2 5 26 108 2 3 1 1 2 4 1 2 5 1 1 2 6 2 1 9 2 10 1 1 1
6 1 1 1 21 2 2 7 1 5 1 12 1 14 11 2 1 1 3 2 27 1 2 2 1 8 3 1 1 1 1 1 1 2 9 4 59 2 2 32 2 1 2 6 1 2 1 1 1 2 1 5 11 2 2 2 1 6 5 2 14 8 1 5 11 1 2 2 4 1 1 1 1 16 2 2 3 2 4 30 1 1 18 1 1 1 2 2 2 2 1 14 1 1 5 2 1 2 4 2 2 4 5 6 1 5 2 2 1 1 1 1 2 1 1 14 2 1 3 6 1 2 2 4 2 16 1 1 3 1 4 1 3 1 3 5 3 4 22 12 5 4 1 4 2 2 1 1 2 6 2 1 2 1 4 4 5 5 1 1 1 1 2 2 2 3 2 1 1 1 3 3 3 6 3 2 3 1 2 137 2 4 9 2 2 1 2 3 2 1 2 1 3 5 2 3 8 3 1 41
1 2 1 2 37 1 2 2 2 1 4 2 4 2 1 40 1 2 2 3 1 5 1 2 2 2 3 2 3 2 2 3 4 2 2 8 1 9 112 2 51 1 14 7 7 1 5 1 3 5 1 2 2 23 3 2 7 121 10 5 1 3 1 23 437 8 3 3 7 3 3 1 3 2 5 2 2 9 1 7 2 1 3 2 9 1 4 2 2 2 2 7 1 2 2 2 5 34 5 4 1 3 2 7 2 4 9 3 2 1 2 2 2 2 29 1 3 1 19 3 1 1 3 1 1 2 1 5 1 2 2 5 1 13 1 9 1 1 3 1 3 6 3 2 6 1 3 2 3 6 3 8 9 1 3 4 11 1 2 4 2 2 1 1 3 2 1 2 1 3 1 2 2 1 1 1 2 1 5 10 4 8 1 2 6 3 5 4 1 3 2 3 8 1 1 3 1 5 2 11
5 2 1 4 9 104 2 2 3 5 2 1 2 12 1 11 3 1 3 2 3 4 2 1 15 2 2 3 2 1 3 3 11 2 2 6 3 2 3 1 1 4 2 5 1 2 8 16 7 5 4 2 5 2 2 2 1 2 3 2 2 3 2 249 14 10 1 1 24 1 3 1 1 2 1 2 2 2 1 3 2 2 1 3 2 1 2 2 2 2 1 3 1 2 10 12 4 2 2 16 2 2 2 1 2 2 1 24 2 1 1 18 1 7 2 5 4 1 1 2 36 1 1 26 1 1 9 1 2 2 1 4 6 3 9 1 1 34 2 2 23 99 3 1 2 1 1 20 1 2 2 1 2 6 1 2 2 2 23 2 14 1 5 1 17 2 2 1 5 8 2 2 9 74 2 1 4 1 2 36 6 1 2 2 20 7 199 2 2 2 4 6 3 3 2 4 8 3 1 4
2 8 16 1 1 2 2 3 2 1 1 2 36 1 1 7 14 5 1 16 6 1 1 1 2 4 4 37 3 2 13 2 1 1 3 2 2 2 2 3 18 1 4 1 6 29 2 2 1 5 1 2 1 3 3 2 5 1 1 5 1 12 3 1 24 1 3 11 3 16 1 2 1 2 4 5 5 22 1 16 1 4 4 6 4 9 1 6 2 1 3 5 1 13 10 11 4 6 6 1 1 3 1 2 2 1 5 52 2 7 10 2 2 4 2 2 3 7 28 1 1 2 1 5 16 7 3 1 4 5 2 1 3 1 2 1 2 1 1 3 3 16 2 1 1 3 2 1 5 2 2 5 1 5 2 3 58 1 2 1 2 2 8 1 3 1 8 3 4 19 2 1 48 2 4 1 7 2 2 2 2 2 1 10 22 1 3 3 3 2 2 2 9 1 4 2 3 3 2 2
1 3 1 3 1 3 3 1 7 1 2 22 1 1 1 2 6 1 5 1 1 6 4 1 1 1 1 1 21 5 7 1 3 8 1 3 2 1 2 2 1 1 2 7 2 1 2 2 1 3 21 2 3 4 4 3 1 3 17 2 5 1 2 1 4 12 2 2 1 2 16 7 14 4 3 1 1 1 1 2 1 2 1 6 2 2 2 4 6 1 2 1 4 4 2 6 1 1 4 1 2 12 167 17 15 10 1 3 1 2 2 2 3 1 1 1 32 18 2 1 3 3 18 1 2 1 2 4 1 1 5 4 6 1 1 4 1 1 2 2 5 3 14 1 1 1 2 2 1 1 1 1 2 1 3 3 16 2 1 1 4 8 2 2 1 4 1 1 3 5 1 3 1 3 2 1 23 2 3 2 1 2 2 2 1 1 4 4 2 1 1 51 4 2 1 9 2 1 3 2
5 2 1 6 1 3 2 19 19 2 1 2 2 1 3 2 2 1 58 10 2 6 1 1 2 3 1 7 2 2 2 1 2 2 2 3 1 1 4 1 1 2 1 1 3 2 4 2 2 2 2 9 2 2 2 1 1 4 1 7 1 5 5 1 1 6 2 2 1 1 1 1 6 1 1 8 4 6 2 3 4 14 26 2 1 2 3 5 1 2 4 1 4 1 1 25 1 2 2 4 4 1 1 1 6 1 2 1 1 1 2 1 2 2 2 2 1 1 2 60 1 1 1 1 2 1 2 3 1 2 1 1 1 1 2 50 22 2 4 3 9 2 3 1 252 1 3 11 3 37 2 2 1 1 2 1 6 1 3 2 4 1 1 1 1 2 4 5 1 3 1 2 2 4 1 2 2 2 1 9 1 4 1 2 1 2 14 15 1 2 4 1 2 1 2 33 1 1 3 2
1 1 1 1 2 3 2 1 2 4 4 3 2 2 1 10 1 62 42 1 1 2 2 2 1 4 1 3 1 2 9 5 3 12 1 2 4 1 2 1 2 2 2 2 2 2 2 4 2 2 2 3 2 3 9 1 1 3 40 1 3 15 2 1 7 1 1 4 4 1 5 2 5 1 3 2 5 1 12 1 2 17 1 2 2 3 11 3 1 2 2 6 11 2 2 2 2 2 2 2 2 1 5 4 6 2 2 9 2 1 1 7 6 5 2 1 12 2 1 2 25 2 1 3 2 2 1 3 1 5 2 2 1 4 1 1 2 2 1 2 3 1 1 3 11 1 6 1 1 7 1 7 2 1 1 4 3 2 2 1 1 1 3 4 1 1 1 2 2 1 3 5 2 95 1 3 1 1 2 2 2 8 3 23 1 4 4 7 1 2 1 5 2 11 2 9 2 4 3 3
2 1 1 2 1 1 2 2 6 2 2 3 3 2 3 2 2 1 3 2 4 3 3 3 2 2 6 4 1 1 2 2 1 3 4 3 19 3 1 4 19 2 3 12 1 3 10 2 6 7 3 3 3 107 4 2 4 3 4 1 4 11 3 6 3 1 4 1 1 24 3 20 1 1 1 2 26 1 4 1 1 2 103 7 2 37 1 2 36 6 1 2 2 7 1 2 1 1 24 2 1 4 1 3 12 8 7 14 8 1 14 2 3 1 1 11 1 7 2 4 1 110 3 14 1 14 1 2 2 1 5 11 15 7 1 1 1 4 3 5 3 3 1 5 4 1 3 1 1 2 12 1 2 1 1 3 3 2 2 1 4 1 5 1 11 5 2 6 6 2 2 2 5 6 13 1 1 2 1 2 2 2 7 1 1 1 7 2 7 17 1 2 3 10 1 6 2 2 1 1
3 3 2 2 15 2 2 2 1 1 2 1 1 10 1 2 2 398 1 5 22 2 2 1 1 1 1 1 2 2 4 1 2 1 1 2 1 2 3 1 3 4 2 10 31 1 1 3 81 2 2 1 1 2 63 4 1 7 3 2 3 2 3 1 1 2 26 2 4 1 1 1 10 1 2 5 3 4 14 5 2 2 1 1 1 29 83 9 2 5 2 1 1 2 4 2 3 1 2 66 1 7 2 4 5 2 1 2 4 1 2 1 22 3 1 1 7 10 3 1 2 1 2 2 1 1 19 1 1 4 5 1 3 1 4 2 1 1 2 4 9 3 17 1 1 1 2 1 2 12 43 1 28 2 4 2 3 2 7 10 3 1 2 2 2 1 3 1 1 3 8 2 7 11 2 7 4 11 3 4 2 3 2 2 2 6 4 15 1 2 1 6 4 7 17 10 3 6 7 3
5 1 2 5 1 1 1 9 1 2 2 4 1 2 9 2 1 1 1 1 1 1 2 3 6 1 3 2 20 8 1 5 27 3 1 2 1 1 1 16 1 4 1 2 7 1 2 1 17 26 7 1 3 20 4 1 1 2 3 2 2 1 1 1 4 1 25 2 58 3 7 10 1 2 2 2 1 3 1 5 8 5 9 3 1 1 2 1 4 1 1 3 1 4 1 2 1 2 10 1 5 2 2 1 4 8 3 2 7 1 2 2 2 2 1 1 4 7 1 2 7 1 1 3 7 21 2 28 4 2 1 3 1 2 1 1 1 10 2 1 2 1 18 55 6 2 2 3 3 1 3 17 1 1 6 3 2 6 173 1 6 4 1 1 1 1 2 1 1 2 3 32 1 1 2 4 2 2 2 106 7 2 30 7 1 2 259 8 39 1 2 3 21 2 1 4 3 2 16 1
2 3 1 2 3 9 1 5 4 4 1 2 2 1 2 2 3 1 23 2 1 2 2 2 2 2 1 3 1 1 36 2 2 2 3 2 4 3 1 1 6 1 4 1 1 2 5 1 1 2 1 2 1 1 1 1 3 4 2 35 2 1 17 2 1 1 1 2 2 2 1 8 1 10 2 3 10 7 2 8 3 3 79 9 14 44 2 1 2 1 16 4 1 7 10 16 2 1 1 2 1 4 2 1 1 2 3 1 1 1 2 1 2 2 3 2 2 11 2 3 2 10 1 1 4 4 1 1 1 2 8 7 1 1 1 5 1 2 1 2 4 2 5 218 1 3 2 5 1 15 2 6 1 9 5 1 1 9 1 2 2 3 4 2 4 2 13 1 11 6 7 2 2 2 14 42 1 6 2 9 1 2 14 2 2 6 27 44 5 3 3 3 1 2 24 1 1 2 2 1
1 4 6 1 5 25 3 19 38 4 2 3 3 4 1 2 2 1 2 2 1 2 2 1 4 1 2 1 12 8 2 1 4 4 1 4 1 1 4 4 5 1 1 1 4 12 2 12 1 1 4 1 3 2 1 1 1 6 5 1 9 4 3 2 2 7 8 2 11 1 3 1 21 13 2 29 1 1 4 2 1 2 1 1 41 7 12 5 1 2 3 1 2 6 1 1 1 3 5 1 2 2 3 1 4 1 1 1 1 2 10 4 6 1 1 57 2 2 1 3 1 21 3 2 2 3 31 1 25 1 4 9 2 1 1 3 2 1 1 410 9 4 2 2 5 3 8 2 1 6 7 5 2 2 3 1 5 28 3 5 12 9 5 1 2 2 2 2 1 3 6 3 1 2 1 2 1 1 4 1 64 7 11 1 9 1 27 3 3 2 4 18 3 7 13 1 1 3 10 4
1 4 7 1 2 3 1 2 3 23 37 3 9 4 3 2 2 1 4 1 4 2 8 1 2 1 1 2 7 1 20 1 1 3 2 1 6 138 1 1 2 2 3 5 1 1 5 2 1 4 2 3 6 1 1 2 2 2 3 5 1 6 4 12 2 7 1 2 25 4 2 2 103 2 46 3 5 1 1 82 4 3 2 2 1 4 1 6 3 2 1 23 2 2 18 16 1 2 2 71 2 5 2 8 1 17 3 14 2 2 12 3 48 2 4 3 3 8 5 2 1 1 4 1 2 1 32 3 3 2 2 190 6 3 18 3 4 1 1 1 2 4 2 2 1 20 1 1 1 1 1 5 2 7 1 1 1 2 1 2 52 2 3 2 2 2 2 3 19 2 5 10 1 2 2 2 1 2 2 2 1 3 6 2 3 1 8 1 6 2 1 2 7 1 1 4 4 3 2 2
5 7 2 2 2 1 6 2 2 8 3 1 4 6 3 2 1 2 1 5 1 2 1 1 1 2 3 2 1 13 6 9 200 2 1 1 2 5 2 5 13 2 14 2 3 1 5 1 1 1 2 5 5 37 1 3 1 2 1 2 1 2 1 51 1 5 2 2 1 7 13 49 2 5 8 4 1 3 2 2 1 1 19 3 4 9 1 1 1 2 2 1 2 1 2 59 3 2 6 5 1 1 6 2 2 74 4 2 1 10 3 1 8 2 2 2 10 3 3 1 9 3 4 42 8 1 1 1 1 3 1 2 1 1 1 3 1 1 1 2 1 2 1 37 2 2 2 3 1 1 2 1 2 6 1 1 1 2 9 3 2 4 5 5 2 5 30 2 1 2 3 1 2 1 37 5 1 6 1 2 3 3 7 4 1 2 2 462 2 5 2 3 2 1 1 1 2 4 2 2
2 3 1 15 5 18 2 3 2 3 2 1 1 7 2 2 4 81 2 2 1 3 2 5 3 2 6 28 2 1 4 2 3 2 2 1 18 2 1 7 2 2 3 3 1 8 2 2 1 1 2 1 1 1 21 3 2 3 2 1 1 5 1 1 2 2 1 1 3 3 1 2 1 1 2 10 2 1 1 80 1 2 8 59 1 3 1 2 1 1 1 10 10 1 2 2 2 2 2 3 1 2 1 2 9 1 1 1 1 1 3 22 14 2 4 6 2 3 4 4 4 3 1 1 6 1 2 7 4 1 1 5 1 1 5 3 4 3 3 2 1 4 2 1 4 1 11 2 2 1 5 1 1 4 2 2 2 2 1 169 2 3 2 4 6 4 1 351 2 8 4 2 2 2 24 2 1 2 1 2 2 5 3 5 19 1 3 2 2 1 1 4 3 7 2 38 1 16 4 6
1 1 3 1 1 10 3 2 2 9 2 1 2 2 1 3 1 2 1 3 2 1 1 1 1 2 1 2 15 3 2 3 32 2 7 8 1 2 8 38 3 1 5 2 2 4 1 2 1 1 2 1 2 1 1 2 1 7 3 2 1 1 2 1 3 4 9 1 5 9 1 1 1 1 10 1 7 10 2 14 2 13 2 2 2 2 1 1 5 5 1 3 1 2 1 1 4 1 2 2 26 1 2 3 9 8 2 2 1 5 3 2 2 4 2 2 2 3 4 6 3 2 58 1 1 3 1 1 1 2 1 1 7 1 1 1 6 5 2 18 1 1 7 2 5 1 1 3 2 4 1 1 1 2 1 2 1 1 4 1 2 2 8 1 2 1 101 3 3 12 2 1 8 5 5 2 2 3 12 2 4 1 3 1 2 1 2 1 3 3 1 2 2 3 1 46 3 1 1 2
2 6 2 2 1 1 4 12 1 1 2 2 3 2 352 3 1 2 4 1 4 3 219 1 3 6 25 2 2 1 4 5 5 2 2 12 2 2 22 1 18 1 2 6 6 2 1 1 38 3 1 3 10 18 1 2 1 2 3 3 1 1 1 1 2 2 2 15 6 61 5 15 16 3 1 9 1 1 2 1 3 16 4 16 2 2 7 1 1 3 5 4 3 3 1 2 6 2 3 1 3 2 3 2 37 3 10 2 1 10 2 1 2 3 10 1 4 2 3 3 20 1 3 2 1 2 2 1 4 3 15 2 5 3 1 3 2 2 4 3 4 3 2 21 2 4 2 1 3 2 6 2 4 3 2 2 1 1 1 1 2 2 3 5 5 6 2 1 2 7 2 1 1 7 1 3 1 11 1 2 1 15 1 1 2 2 1 2 1 1 2 3 1 5 1 2 1 11 3 4
1 7 2 2 1 2 3 1 3 3 2 1 2 2 1 1 2 6 1 4 3 5 2 2 3 4 11 1 8 2 3 1 2 1 12 2 3 1 4 1 2 2 1 1 1 2 2 3 3 2 12 1 1 9 58 5 49 4 4 6 1 4 1 1 1 4 6 2 16 1 8 2 2 7 9 2 1 14 2 2 1 2 1 5 3 1 1 2 3 1 1 2 3 1 1 1 3 6 4 21 16 2 2 7 3 1 2 2 1 1 2 1 2 4 1 1 1 2 4 3 6 8 2 20 1 10 4 11 5 3 13 5 3 3 4 11 15 1 3 3 1 1 1 1 31 1 300 1 3 1 3 13 2 29 1 2 5 2 2 3 1 3 13 5 2 116 1 3 1 3 4 4 2 1 54 4 2 86 2 1 2 2 1 4 1 2 1 2 1 5 1 2 5 2 2 2 2 4 2 1
75 1 1 3 1 2 1 1 3 15 1 2 322 11 3 1 2 3 2 1 1 10 1 2 3 1 1 2 2 3 2 5 4 1 4 9 2 1 4 1 1 1 2 15 2 24 5 1 1 2 1 4 3 1 1 2 4 1 1 5 1 2 1 2 1 1 2 2 1 2 2 1 1 1 1 5 1 3 3 5 4 3 7 1 1 1 3 3 5 3 2 2 2 1 1 1 2 5 10 7 1 2 1 3 1 1 1 2 2 1 2 2 1 1 2 2 1 9 1 2 23 17 6 6 1 1 9 1 5 2 3 1 1 3 1 2 5 2 2 1 1 4 27 1 7 1 2 1 3 83 1 4 1 1 1 1 9 1 5 46 2 1 2 2 2 7 17 4 2 4 2 2 1 4 1 1 2 17 1 4 1 5 1 3 54 21 2 2 3 1 9 1 2 1 3 1 3 1 5 2
3 4 1 3 2 2 13 1 2 2 3 45 2 1 2 2 2 30 2 1 2 4 3 1 2 1 2 2 2 2 4 1 12 5 4 2 3 2 3 10 3 1 1 5 2 5 2 1 3 2 2 2 3 1 1 3 10 1 18 5 1 4 5 1 11 3 1 1 1 2 2 2 1 1 2 1 3 1 11 4 1 1 2 5 5 14 3 2 2 2 4 1 6 2 2 3 4 1 3 5 4 3 2 12 25 1 3 6 1 4 4 4 1 7 2 32 1 2 2 5 1 1 3 1 2 1 6 1 3 3 1 2 2 12 11 3 2 5 3 11 6 2 2 1 2 1 2 2 5 2 1 1 2 3 1 35 2 1 2 2 1 2 4 1 2 5 2 1 4 1 2 1 1 9 1 3 2 1 2 24 1 1 16 1 1 7 1 3 2 1 3 1 3 5 1 2 4 4 1 2
8 1 1 2 2 2 3 1 1 1 1 1 18 1 2 4 1 1 1 1 1 6 2 2 3 3 3 1 1 26 3 4 4 47 1 1 2 1 7 1 1 2 3 15 6 1 1 1 13 1 1 4 2 1 2 7 2 7 5 3 2 1 1 1 3 9 1 2 6 35 4 18 3 1 2 2 3 5 1 3 20 5 3 1 3 1 1 1 4 7 2 5 23 1 4 35 17 2 2 11 3 3 3 2 6 2 3 1 1 14 2 1 4 1 2 36 1 14 1 7 3 1 4 1 3 1 4 1 1 7 2 1 1 4 1 1 3 1 3 2 8 2 7 2 1 1 2 4 1 1 1 6 7 1 1 2 1 5 1 1 1 1 2 1 2 2 1 2 6 10 3 1 19 1 270 3 1 6 2 1 1 3 3 1 161 14 2 2 2 1 2 1 16 5 2 3 2 1 3 4
1 1 13 6 2 1 2 1 2 2 1 1 1 2 3 2 1 2 2 2 8 1 1 85 2 1 1 1 3 1 3 121 28 2 1 1 2 2 2 2 2 3 17 189 1 1 2 22 5 2 3 11 3 22 3 1 14 3 1 5 4 3 3 13 3 18 4 1 2 34 6 2 2 1 1 1 2 2 3 1 3 6 2 88 4 4 5 1 6 2 53 2 6 8 1 3 4 4 6 3 1 1 2 1 4 17 1 1 20 3 29 3 1 1 10 2 2 1 4 2 16 15 1 1 5 7 3 1 3 4 2 2 1 1 2 1 2 1 12 1 2 10 3 1 2 3 3 4 1 37 1 5 8 3 1 2 2 1 154 4 1 5 1 2 5 3 2 10 10 27 1 2 1 2 2 2 15 6 53 1 3 3 2 5 1 5 2 3 1 6 1 2 1 4 1 1 1 1 7 2
1 2 2 1 1 2 2 1 27 4 3 2 1 1 1 2 1 2 2 2 2 1 3 1 1 1 2 2 2 2 11 1 202 2 2 2 5 4 2 1 1 16 2 1 1 1 2 3 2 3 2 2 3 2 1 1 1 2 1 2 1 5 2 1 4 1 1 1 2 33 15 10 3 1 3 1 2 1 2 1 9 4 1 2 3 1 2 1 1 2 3 9 1 2 2 1 2 2 1 3 1 8 4 1 1 5 3 2 2 1 5 1 3 1 8 7 2 1 1 2 18 14 2 2 3 3 1 3 1 2 15 1 3 3 2 1 2 4 1 2 3 2 1 6 2 2 1 9 4 2 1 1 2 1 4 1 1 2 2 5 6 1 1 3 3 1 16 3 4 1 2 8 1 2 2 4 5 1 37 1 1 2 2 4 9 4 2 3 5 7 2 3 18 6 2 3 4 1 1 2
1 2 2 2 5 9 2 1 7 3 3 1 3 1 1 1 1 2 9 2 2 1 1 5 1 2 3 5 1 1 6 2 2 2 7 2 5 4 20 2 13 4 35 4 2 9 1 7 1 11 2 2 1 2 1 1 2 1 7 2 8 1 11 1 2 12 2 22 1 3 1 97 1 2 2 2 3 3 15 1 1 1 24 1 3 1 3 4 2 1 2 26 1 2 2 3 1 6 4 1 4 3 2 3 2 2 2 1 2 1 2 2 10 8 2 1 1 1 5 2 3 2 3 2 2 1 9 12 4 2 2 2 3 77 3 3 1 1 2 2 1 5 1 2 10 1 2 2 5 1 5 1 3 1 4 1 4 1 1 2 1 1 2 2 2 7 2 2 2 2 136 1 1 3 4 5 12 1 3 7 2 1 2 4 1 1 8 15 7 2 3 1 2 2 4 2 4 1 2 1
2 2 3 4 2 2 15 4 4 5 2 1 6 10 1 2 2 1 1 1 2 9 5 2 4 1 7 2 2 3 2 2 8 2 1 1 2 1 1 2 18 3 7 1 14 1 1 3 42 2 1 1 2 2 1 6 4 2 5 4 2 2 2 3 7 1 1 4 2 4 8 7 3 2 1 12 1 1 1 6 2 1 2 3 1 1 4 1 3 4 1 2 2 1 1 1 1 4 2 3 2 1 5 1 7 2 12 3 2 2 2 2 2 3 34 2 1 9 3 26 2 10 90 2 3 2 1 5 4 1 3 4 5 1 1 2 1 1 13 3 1 4 1 2 2 2 1 1 1 1 1 1 1 1 2 3 1 53 5 1 5 13 3 1 33 3 3 3 9 2 1 10 7 1 3 2 5 2 5 2 1 5 2 1 2 4 9 11 2 2 5 2 2 3 1 1 5 2 2 2
4 2 5 2 1 1 1 1 1 9 2 5 2 5 3 1 1 1 1 1 2 1 3 12 2 1 1 1 2 1 5 3 2 1 1 32 6 3 3 1 1 2 6 3 1 1 2 7 4 1 14 25 2 6 1 3 7 1 5 7 4 1 8 1 3 7 2 4 2 4 1 1 2 1 1 2 2 4 2 2 3 4 1 1 5 2 2 2 2 1 1 1 2 1 1 1 1 3 1 1 2 20 4 1 10 4 1 2 6 1 32 3 1 3 4 2 1 2 2 14 1 1 1 2 2 2 3 4 1 1 1 1 5 2 2 3 1 7 1 1 4 1 3 1 2 4 2 1 37 1 1 1 1 2 12 3 1 4 1 1 2 2 6 3 2 7 3 8 1 3 3 13 2 1 4 1 2 39 3 1 1 3 6 3 1 12 1 4 4 7 1 1 3 1 1 2 2 3 1 1
2 1 1 1 4 4 2 2 2 2 3 1 1 2 1 2 9 2 7 3 8 1 1 8 338 2 5 18 2 3 1 5 5 10 8 35 2 1 2 1 2 6 27 2 2 1 2 2 7 6 1 1 8 3 1 4 2 2 2 2 14 2 1 1 2 16 4 6 7 8 1 4 1 2 1 3 1 1 8 4 8 2 2 3 1 73 2 2 1 1 1 1 2 1 3 3 1 2 2 7 3 2 1 8 7 3 1 2 2 1 4 23 5 2 2 2 6 119 3 1 2 2 5 3 1 2 1 1 1 12 1 1 1 9 1 3 2 2 3 12 7 1 3 1 2 1 8 1 5 27 7 1 4 1 2 2 2 4 1 2 2 2 1 3 1 24 3 5 1 1 2 4 1 5 2 35 1 2 3 2 3 1 1 5 1 1 1 21 2 5 5 2 1 2 1 7 2 2 1 1
4 1 4 3 5 10 2 7 21 1 1 92 2 1 4 1 69 10 2 3 2 2 7 1 3 1 4 1 2 1 2 1 1 1 1 3 4 2 4 2 4 4 4 2 9 1 2 2 4 53 2 2 1 3 5 15 1 2 6 2 2 2 15 1 1 1 5 12 1 31 1 2 1 2 2 2 2 1 1 1 1 3 33 1 9 1 6 3 1 1 17 1 6 2 1 1 1 1 2 1 1 4 3 1 9 2 2 2 1 1 3 3 17 7 1 2 3 4 1 1 2 1 3 10 2 2 1 2 3 1 6 2 1 2 9 1 4 1 2 2 2 18 13 5 8 5 4 2 2 2 58 3 1 5 1 2 3 1 4 1 2 4 6 2 1 1 3 4 1 1 3 2 2 2 2 2 1 2 2 1 3 13 3 1 2 3 2 1 2 4 2 1 2 1 3 2 2 3 1 1
2 2 7 1 2 1 1 3 2 4 1 4 1 2 1 11 5 3 1 2 7 4 2 2 1 1 2 2 5 1 1 2 3 10 2 23 2 4 4 1 1 3 4 10 27 3 2 8 2 1 1 1 3 7 3 4 1 21 5 1 2 1 1 1 1 3 22 12 2 1 1 30 10 1 1 3 4 4 16 1 2 1 1 1 1 1 1 1 1 2 2 3 2 2 3 3 1 1 2 2 1 2 2 2 8 1 4 6 1 3 1 1 2 4 2 4 4 13 18 3 8 5 7 1 2 3 1 1 1 1 11 6 1 1 6 16 2 2 10 2 1 2 2 1 1 5 1 2 5 1 2 8 3 1 3 21 251 9 2 28 1 1 4 9 3 2 32 34 1 1 1 1 1 5 1 3 2 2 1 1 2 7 1 1 1 1 1 4 3 2 1 14 8 62 3 2 2 1 1 1
2 30 4 2 4 1 8 1 2 3 1 3 2 2 2 1 1 4 2 1 7 4 12 1 2 2 4 1 16 1 2 1 1 1 2 1 5 5 4 1 1 1 3 2 4 1 11 1 3 12 1 5 2 5 2 3 2 2 159 2 16 3 2 121 1 22 2 14 1 1 1 3 38 2 1 2 3 1 3 2 1 1 2 1 2 2 1 1 4 7 4 1 1 38 1 2 33 2 4 3 3 3 1 1 11 3 3 1 2 19 1 1 1 3 1 1 2 39 1 2 3 1 1 3 3 89 14 19 38 1 9 4 5 2 1 2 4 3 4 41 1 9 4 2 1 3 2 3 1 1 2 3 3 1 2 1 2 3 14 12 2 1 7 1 1 1 1 66 2 1 3 2 6 2 1 2 21 2 2 1 27 1 24 3 21 1 3 1 1 2 3 6 12 2 4 7 2 1 9 5
6 2 480 3 3 2 1 1 5 3 1 2 6 21 2 1 1 1 2 1 3 2 2 1 5 1 2 5 2 1 1 1 3 2 2 1 1 2 2 2 1 1 2 5 3 2 4 3 1 2 10 12 76 4 1 2 2 1 3 2 1 4 5 24 2 5 2 4 1 1 2 3 1 1 4 17 1 2 2 1 1 2 7 1 1 1 8 1 2 1 10 6 1 3 21 1 1 2 3 3 3 2 3 2 3 2 2 3 1 3 2 1 4 2 1 3 1 4 1 5 4 14 1 8 1 4 3 2 11 1 2 8 2 2 1 2 1 2 3 5 1 7 1 4 2 1 1 14 1 2 207 1 2 1 5 1 6 2 1 5 2 2 3 5 2 2 1 1 18 3 8 2 2 1 2 1 1 1 4 2 2 2 1 24 2 2 2 22 2 2 1 2 2 1 2 10 2 1 1 2
1 2 1 1 2 9 1 1 1 7 3 1 3 2 5 2 1 2 2 1 2 2 5 1 3 2 2 2 2 2 4 2 1 1 7 6 2 2 1 2 3 1 4 5 1 1 1 1 21 3 2 3 3 2 3 2 6 2 5 6 3 2 1 2 215 3 2 1 1 3 2 1 4 2 1 2 5 15 6 1 1 4 3 1 2 5 2 8 19 6 2 1 4 5 1 1 8 2 2 2 1 1 5 3 1 2 5 3 3 1 1 37 12 2 21 2 1 3 6 1 2 2 18 8 1 1 9 152 14 1 1 1 2 34 3 34 1 4 5 5 3 1 7 16 3 5 1 1 7 2 1 1 52 3 1 1 5 1 5 1 3 2 3 5 64 3 1 1 1 1 1 1 2 12 1 1 7 2 1 1 4 1 1 2 11 2 5 1 1 2 2 6 4 2 3 3 2 1 5 2
2 27 2 2 1 3 2 4 4 2 23 4 1 1 1 2 13 1 1 7 3 3 2 3 1 32 3 2 1 1 2 1 2 3 1 2 5 24 2 2 13 1 8 86 3 1 2 2 1 48 2 1 311 2 2 20 2 7 1 1 2 2 2 2 3 1 124 15 2 152 1 2 1 2 2 2 5 3 4 1 21 1 1 1 2 25 2 6 3 1 1 1 2 2 6 1 2 2 2 2 3 8 2 1 4 1 4 1 4 9 1 4 1 5 96 8 2 3 2 1 1 5 2 1 2 4 4 1 1 1 8 1 12 1 5 2 2 1 2 3 1 2 1 1 3 1 1 2 12 1 1 2 1 1 18 2 8 8 2 2 6 2 2 25 1 1 2 3 2 2 1 1 6 3 2 1 1 2 1 2 2 3 1 2 2 2 2 2 2 1 2 18 1 16 1 2 2 1 2 1
2 2 1 2 9 18 4 1 2 1 1 1 2 1 1 8 3 2 2 8 4 2 2 10 3 41 5 4 3 8 3 82 2 1 4 2 2 1 2 3 3 2 1 2 1 1 14 14 1 2 2 1 2 12 11 1 2 2 1 1 2 2 2 2 5 5 4 1 16 5 19 61 2 3 4 24 19 1 473 4 18 3 1 1 1 1 3 23 1 2 1 6 6 4 6 4 6 1 8 3 1 1 1 3 2 10 1 4 1 1 9 1 2 1 4 1 2 11 4 98 1 3 3 1 1 1 15 1 58 2 2 12 2 4 57 19 3 5 3 1 1 5 112 1 1 8 2 11 3 43 1 2 2 1 2 2 4 1 3 1 1 9 1 1 2 2 3 6 4 3 6 2 1 1 1 2 2 2 1 2 1 36 4 3 1 7 1 1 17 29 1 3 1 1 36 1 4 1 10 2
2 2 3 3 3 1 1 1 6 1 1 1 1 3 2 2 3 3 11 23 6 2 32 2 1 2 1 1 8 1 1 5 1 1 2 5 2 2 2 1 5 2 2 4 10 1 4 1 1 2 1 2 2 3 1 4 1 2 2 1 1 1 2 4 5 1 64 2 2 1 2 1 12 8 5 1 3 1 15 19 2 1 18 1 2 4 3 1 7 2 3 57 8 18 1 2 2 1 2 1 1 1 2 2 1 1 2 3 2 4 1 2 1 2 2 2 2 6 5 7 1 1 2 1 1 3 6 6 2 1 2 6 2 1 6 2 3 1 5 1 1 3 6 2 1 3 6 2 77 1 16 3 1 1 3 1 12 1 2 1 2 1 9 3 1 2 2 3 4 1 2 1 1 3 3 2 8 2 10 3 1 1 1 2 4 2 1 2 12 2 14 2 1 3 1 2 2 1 1 4
3 33 9 13 5 2 8 2 5 1 2 1 2 33 1 2 1 1 1 5 4 2 2 1 27 1 1 2 13 1 3 1 1 10 2 4 1 1 1 3 4 1 2 1 21 2 3 1 2 1 2 5 2 2 2 5 2 5 4 2 1 3 2 2 2 1 2 1 130 2 2 1 20 2 1 1 1 4 3 1 1 1 2 2 7 2 1 7 3 2 2 2 5 2 3 1 1 4 4 2 3 3 2 5 1 2 2 3 1 2 2 4 6 1 2 2 1 2 1 2 4 1 1 3 1 3 1 1 2 7 3 1 1 1 2 1 6 2 2 2 1 4 2 10 2 2 1 111 1 1 2 1 2 2 1 2 2 6 2 1 2 22 2 1 2 3 1 3 41 2 2 7 9 4 2 1 7 1 3 1 23 1 1 7 1 1 5 4 8 2 3 6 3 29 4 2 1 2 1 1
2 2 1 3 2 37 2 2 1 2 4 2 1 3 2 1 2 8 3 1 1 2 1 6 2 46 2 1 2 46 1 2 6 13 1 2 4 3 1 5 11 4 4 6 2 3 2 1 3 2 2 1 3 2 2 2 1 1 8 2 3 3 1 32 1 7 1 2 2 1 1 1 1 2 1 3 5 3 17 6 4 1 1 2 1 2 3 1 19 10 4 2 1 1 1 2 2 2 1 5 1 1 9 1 2 3 2 2 1 2 1 3 4 2 2 1 10 4 2 5 1 3 5 47 1 1 1 24 2 17 2 29 2 2 2 1 2 2 2 1 2 1 1 2 2 15 5 2 1 25 25 1 1 1 1 2 1 1 4 9 2 1 5 1 6 2 1 8 1 8 3 3 20 11 2 1 4 1 5 7 1 1 2 3 4 1 1 1 18 5 2 4 1 1 2 5 2 2 1 4
2 3 4 4 4 2 2 3 2 1 2 1 2 9 1 1 2 2 2 1 3 1 1 3 1 4 1 4 2 2 1 1 31 7 1 14 1 1 14 1 5 1 2 3 14 7 2 4 6 2 1 1 1 2 2 2 3 2 49 1 29 67 1 158 1 2 1 3 2 2 3 1 1 1 1 79 1 47 3 1 2 5 2 1 2 4 1 3 3 2 3 2 1 2 305 1 1 2 1 2 2 1 2 4 2 16 1 3 89 3 5 1 1 5 1 3 1 12 1 3 2 1 2 1 2 1 2 2 1 1 2 2 1 3 27 36 2 2 1 30 1 4 1 2 2 2 30 2 1 1 1 3 16 5 2 1 2 4 12 1 2 1 1 3 2 1 36 1 5 2 2 2 1 1 1 2 3 4 2 2 6 3 1 1 1 2 7 1 5 1 2 2 1 10 3 1 1 3 1 2
10 7 1 10 2 2 51 5 1 1 1 4 1 1 2 3 1 1 5 1 2 3 1 1 1 1 3 2 3 4 1 1 3 2 2 1 22 1 2 2 1 3 2 4 1 8 1 2 2 2 2 2 2 1 7 3 3 4 2 4 2 2 1 2 2 9 1 1 1 2 1 1 1 2 1 1 1 1 1 1 10 8 1 7 3 2 1 2 7 5 2 1 6 1 10 1 9 1 1 1 1 65 3 1 373 2 2 7 1 2 2 1 1 1 2 3 10 6 2 4 3 3 5 1 3 2 2 1 3 1 1 1 4 3 1 1 13 2 1 2 2 2 3 1 7 2 1 1 19 1 1 1 5 2 2 1 2 1 12 2 4 4 1 3 8 1 4 10 5 2 2 18 1 1 1 1 1 8 2 1 14 2 2 2 1 2 2 3 2 1 1 1 3 1 1 1 2 1 1 6
2 4 1 2 2 4 6 12 11 1 1 1 3 1 2 9 5 2 2 4 5 4 2 3 2 1 1 3 30 1 1 2 4 4 2 2 1 24 6 1 6 12 2 3 4 3 2 6 1 1 5 1 2 28 2 4 2 1 3 5 2 4 5 1 3 11 3 2 1 6 1 2 8 1 13 2 1 2 2 2 2 4 4 1 2 125 2 1 29 4 7 1 3 1 2 12 5 1 1 2 1 21 1 2 1 2 1 1 159 1 1 1 1 1 1 7 1 3 16 3 34 1 1 3 4 1 3 4 1 1 3 2 1 1 1 1 1 3 2 12 3 2 6 2 2 1 1 4 6 3 2 2 1 2 2 2 42 11 1 1 2 1 3 1 3 2 1 1 35 2 1 2 1 2 2 2 1 2 1 2 1 3 1 1 3 8 2 6 42 2 1 31 1 2 1 1 1 2 1 3
1 3 25 3 1 2 2 3 1 1 1 3 1 1 1 1 2 3 2 1 4 2 2 2 6 1 5 1 20 5 1 4 1 10 6 3 1 2 2 2 3 6 1 1 2 1 1 2 1 1 3 2 2 11 39 2 5 1 2 8 2 1 3 3 2 2 1 6 2 3 3 1 3 1 1 4 2 2 1 18 1 7 5 2 6 2 5 10 107 6 13 4 1 1 1 2 4 2 35 1 1 1 3 2 1 3 4 3 1 1 6 1 9 5 1 4 1 8 1 1 7 1 1 1 2 2 2 1 2 1 2 1 57 3 28 1 2 1 5 6 2 2 2 2 1 3 2 1 2 2 1 2 1 2 1 1 68 2 2 3 2 19 3 3 3 1 3 2 1 1 1 85 5 1 2 2 1 1 2 96 4 1 1 20 2 18 56 1 1 2 2 1 5 4 8 13 2 2 3 2
9 1 1 67 1 5 1 1 4 2 2 1 1 2 6 2 1 3 2 2 3 1 1 7 4 4 56 3 9 30 3 6 1 1 5 2 1 3 2 28 1 14 1 2 1 1 9 1 2 52 1 1 2 4 1 1 4 13 2 1 1 2 2 5 3 1 4 17 3 2 61 2 1 2 8 1 4 1 1 1 1 1 1 2 20 1 2 4 4 2 2 2 5 1 1 1 1 22 1 3 15 2 2 2 3 2 1 9 3 1 1 5 3 1 3 1 1 2 21 2 1 6 3 2 3 3 27 1 1 1 3 1 5 6 21 2 2 5 2 1 1 3 2 15 5 1 1 1 5 1 2 2 4 2 14 1 3 1 4 1 1 1 2 1 2 1 4 7 1 33 2 1 3 70 2 4 1 2 1 3 1 3 1 7 3 7 1 3 5 1 231 2 2 2 1 2 2 3 2 2
5 6 1 1 2 3 3 16 5 2 6 1 1 4 2 1 2 2 5 1 6 1 16 1 2 1 9 1 1 1 5 6 3 1 4 4 2 3 4 6 1 2 1 2 3 2 3 2 1 1 1 2 2 2 14 4 1 3 17 1 1 2 2 1 7 5 3 2 2 1 4 8 13 2 49 2 1 1 2 3 2 4 5 2 2 1 1 3 1 2 1 2 3 1 2 8 1 1 1 4 2 1 1 2 1 1 1 1 4 6 1 1 13 1 4 4 1 2 1 2 2 2 3 2 2 24 1 4 1 1 1 2 1 4 7 1 8 3 3 2 1 1 2 6 1 1 1 1 9 1 3 1 8 1 18 9 1 1 2 2 14 1 6 3 5 2 1 2 2 15 12 7 2 15 2 1 3 4 2 2 57 3 2 12 5 1 2 1 3 5 4 2 3 1 1 2 13 1 2 3
2 1 1 1 1 2 4 87 5 2 1 1 5 3 1 2 1 2 8 3 2 13 5 1 1 4 2 1 3 2 1 3 4 4 3 1 1 30 2 123 1 2 1 1 2 5 5 1 2 10 8 2 2 1 6 2 1 14 3 11 2 23 3 78 2 1 1 2 2 2 4 1 4 2 3 2 2 2 1 2 3 15 3 1 1 1 2 1 2 1 1 2 7 1 2 1 3 1 2 1 4 7 2 7 2 5 3 3 2 11 6 2 22 1 1 2 1 2 7 2 1 2 28 3 1 1 5 2 2 3 7 1 2 1 1 1 1 2 1 2 1 1 2 25 1 5 4 1 1 1 5 1 2 2 1 1 3 2 2 1 1 3 3 2 2 3 1 2 2 1 1 1 3 3 9 16 5 2 1 1 13 2 1 1 1 13 2 19 28 3 1 1 2 1 3 4 3 3 3 2
3 2 1 1 4 2 1 2 1 2 116 2 1 3 1 4 3 2 1 4 4 4 1 1 1 4 2 21 114 3 2 1 5 1 2 7 4 1 1 7 2 2 21 3 2 2 1 3 10 2 2 3 82 1 61 1 3 2 2 1 2 2 2 6 2 1 1 8 16 3 2 2 1 8 1 1 2 1 2 2 12 2 6 2 3 1 1 2 4 10 1 3 1 13 2 1 1 8 1 6 1 1 3 1 10 14 3 2 4 1 34 2 1 1 1 1 1 3 1 3 1 2 2 6 1 1 1 2 23 31 2 2 1 4 18 3 1 1 1 2 1 38 2 3 1 1 3 1 2 1 2 3 2 2 2 1 22 1 3 9 4 1 2 3 5 1 2 1 2 4 2 2 2 1 2 7 1 2 9 2 1 1 5 4 4 2 1 1 1 5 1 1 8 16 3 2 16 44 1 2
8 1 1 2 2 3 1 2 4 2 2 4 13 2 2 5 2 2 12 3 2 2 5 3 2 2 1 3 2 1 1 1 2 2 1 1 2 2 1 2 4 1 3 3 1 9 2 2 1 4 1 7 1 2 2 1 1 4 1 2 4 1 9 1 1 1 3 2 2 7 1 1 17 9 1 1 2 1 3 1 2 1 1 14 4 6 1 1 2 2 1 2 4 2 47 4 1 5 3 5 1 2 2 3 2 153 188 9 3 1 2 1 4 10 1 1 4 1 2 1 4 19 168 1 3 2 3 5 15 7 2 2 1 2 25 2 2 5 1 12 2 9 4 2 2 1 3 2 1 1 2 13 8 2 12 1 2 9 1 4 11 2 2 1 3 8 2 2 2 4 1 6 24 1 20 2 14 40 35 5 1 3 3 1 289 2 1 2 1 2 1 5 2 1 18 8 1 1 1 2
4 7 12 4 1 2 1 2 6 1 5 2 2 4 4 2 2 2 1 5 5 2 2 18 3 2 2 7 4 1 2 2 1 2 4 1 1 1 25 2 1 1 1 37 34 2 1 2 1 2 3 1 2 2 1 1 3 3 2 3 9 1 4 2 8 13 5 2 3 4 1 2 1 1 68 2 2 4 3 3 5 7 1 1 5 1 2 2 5 9 1 3 34 2 2 1 1 49 1 1 6 3 1 3 5 2 1 14 4 1 1 1 2 1 2 5 8 1 1 2 1 2 2 3 2 2 2 2 1 1 2 2 6 5 2 3 2 4 4 2 3 4 1 2 3 160 1 6 2 1 1 4 9 12 1 1 1 1 3 1 2 1 6 2 1 1 2 3 1 1 2 2 2 2 4 1 4 1 11 2 1 2 9 3 2 31 4 8 198 1 1 2 1 1 6 2 1 2 2 2
4 1 1 2 2 2 7 26 2 2 14 3 2 3 2 1 9 1 3 1 10 1 1 1 3 1 1 2 7 2 7 2 2 2 2 1 1 3 1 1 11 2 3 2 2 2 2 2 2 1 1 1 1 1 2 2 1 3 3 2 1 18 31 3 1 2 1 1 16 2 3 10 2 1 2 12 2 11 2 1 1 1 2 2 2 2 2 1 2 2 8 2 5 4 1 1 1 1 2 3 1 2 1 1 3 1 4 1 2 2 1 6 206 1 2 2 2 1 1 1 14 1 1 2 49 14 1 12 1 2 4 3 3 2 1 3 1 1 4 3 2 2 4 18 1 1 43 5 1 3 4 1 1 2 1 1 2 1 2 1 6 7 1 1 3 3 3 20 1 14 3 1 1 14 3 1 12 1 9 1 4 9 1 2 1 1 2 1 2 12 1 2 7 5 3 2 2 7 1 1
3 1 2 3 4 2 7 1 15 1 3 3 3 1 1 2 3 1 1 5 2 2 2 1 3 4 1 5 1 34 4 2 2 1 2 16 1 1 3 2 1 2 3 2 4 10 1 1 1 3 1 3 5 3 3 9 3 1 12 41 10 7 4 4 8 3 2 1 4 1 1 1 2 2 8 6 12 1 1 2 2 1 4 1 2 2 2 1 1 9 9 3 1 5 6 1 3 8 6 1 1 6 2 2 41 1 7 5 3 33 40 2 4 13 2 1 2 7 1 1 2 5 2 13 1 2 3 1 12 41 8 2 3 6 7 6 1 2 1 2 5 3 2 4 2 1 3 6 2 5 3 1 2 3 8 41 2 1 2 8 2 2 2 3 6 2 3 1 2 1 1 3 1 1 8 4 8 2 2 15 2 1 1 4 5 1 1 2 1 293 12 9 2 2 10 3 2 3 1 1
1 11 5 3 1 1 8 13 2 2 1 2 1 3 6 1 1 18 1 1 7 1 3 1 3 1 8 3 2 3 2 1 2 1 2 5 3 1 2 2 4 1 5 2 6 73 8 2 1 8 150 2 2 1 2 1 1 2 1 2 1 5 7 4 1 1 1 1 2 28 1 1 1 9 2 1 1 5 3 2 2 1 4 14 6 2 30 9 1 1 2 64 1 2 1 3 2 2 1 4 5 10 1 13 1 1 1 1 2 2 1 2 1 4 23 1 1 8 1 12 1 1 2 56 10 2 1 3 4 18 2 4 1 200 2 1 2 9 2 1 1 1 2 1 2 1 5 3 12 1 1 2 5 1 2 2 1 3 2 2 2 17 2 1 1 2 2 1 27 1 11 1 1 1 1 1 1 3 7 2 4 1 1 1 1 2 6 2 9 20 27 1 5 2 27 16 8 3 2 2
3 2 9 1 4 3 2 2 2 1 1 1 1 4 1 12 1 2 2 3 1 14 3 2 1 3 1 3 1 2 8 2 5 9 4 8 2 1 1 1 1 3 2 2 5 1 2 3 4 2 1 1 1 1 48 1 1 1 2 1 1 1 1 1 5 5 2 1 1 8 1 23 5 1 5 8 3 2 1 2 1 8 6 1 29 1 1 2 2 1 4 2 2 1 35 1 8 3 2 1 2 5 4 1 4 28 1 2 1 4 3 1 5 2 4 1 1 4 1 4 12 5 2 1 2 2 2 3 1 2 2 1 2 2 4 1 2 2 5 3 10 4 1 4 1 8 30 2 2 2 1 5 4 1 9 5 8 15 2 2 2 3 2 5 2 2 1 17 3 1 1 1 2 7 3 1 1 1 13 1 1 2 1 4 2 2 3 143 1 7 7 1 1 2 2 2 2 4 11 2
1 1 8 2 2 2 1 1 1 1 2 38 1 6 3 3 1 2 2 2 4 1 2 1 2 1 1 3 1 10 1 3 1 2 21 1 1 1 22 1 1 1 1 4 1 34 1 3 2 1 1 51 1 2 2 1 1 2 7 2 2 3 2 47 1 23 1 3 1 2 3 5 1 1 1 1 3 1 10 21 1 45 7 3 37 1 2 2 5 7 2 3 2 1 4 5 13 16 1 1 2 2 1 1 14 105 1 2 3 1 3 1 5 2 1 4 2 2 1 15 2 3 1 10 2 19 2 4 2 9 9 1 1 4 1 50 2 2 1 2 2 1 1 2 1 1 4 1 44 2 2 1 1 3 2 2 4 2 2 4 3 5 1 1 1 1 23 2 2 1 2 2 2 2 1 2 4 1 2 2 1 2 2 2 3 5 2 1 1 1 101 4 104 2 1 1 3 3 4 1
5 2 36 3 1 2 1 2 2 321 1 1 6 3 62 3 4 4 4 2 1 1 1 5 1 2 4 1 2 1 2 2 1 3 2 2 2 3 1 1 6 1 2 1 1 2 1 2 1 1 2 1 4 1 1 1 13 2 3 3 2 5 1 1 3 2 1 1 1 3 4 10 1 1 2 6 1 2 2 5 1 1 10 2 1 1 1 4 27 4 2 1 4 12 4 2 7 9 1 28 1 1 3 1 2 11 1 2 1 1 1 2 2 5 1 2 1 42 3 2 1 34 1 18 9 4 4 1 3 5 1 1 1 8 1 1 1 1 2 1 2 2 21 1 3 2 5 1 9 3 12 1 4 3 2 3 2 1 1 2 3 1 34 1 1 2 28 1 2 1 2 3 1 1 5 1 4 2 2 2 1 1 1 1 4 24 1 1 2 2 3 2 10 3 1 3 2 14 1 1
41 1 57 3 1 3 1 3 1 1 2 1 4 2 2 1 2 273 122 6 1 2 1 7 2 2 8 2 4 5 25 2 2 1 1 1 4 1 3 2 1 14 1 4 1 2 1 1 2 4 4 1 24 2 5 2 4 2 2 2 1 1 3 9 1 1 1 5 4 1 2 5 1 1 2 1 1 2 7 2 2 23 82 2 1 4 9 4 173 1 3 2 2 1 2 1 2 2 2 1 1 1 3 2 1 1 3 1 1 3 1 1 3 1 12 3 1 4 3 2 14 17 2 2 2 2 2 2 1 4 1 8 3 1 1 2 1 1 1 2 1 2 1 8 1 1 1 2 1 3 1 2 2 1 1 1 3 1 1 16 4 1 2 1 2 27 2 2 2 1 1 2 2 7 1 1 1 4 3 2 1 8 14 3 2 1 18 4 4 1 4 3 1 2 1 2 44 8 1 1
3 2 5 2 10 2 3 2 1 11 1 3 2 5 7 3 1 2 1 1 1 1 2 2 2 5 2 3 1 1 2 2 2 1 1 10 12 1 2 3 3 1 4 2 1 1 1 2 2 45 1 6 1 2 1 1 3 6 6 1 13 1 9 3 2 4 1 12 1 8 1 1 14 27 1 1 1 1 3 1 6 3 3 2 2 7 4 2 2 2 1 6 1 2 1 1 15 10 1 4 2 1 1 4 2 2 1 7 2 2 5 2 2 2 1 7 2 2 1 34 3 9 1 4 1 2 28 2 1 4 18 17 21 2 2 1 1 1 2 1 2 2 5 3 1 3 4 8 1 29 3 3 8 2 1 8 29 15 1 1 4 3 2 6 9 4 2 1 6 3 2 3 43 1 3 4 3 18 1 2 2 5 1 23 4 2 4 2 1 9 18 2 6 9 8 1 1 8 2 3
4 15 1 2 1 3 1 2 3 1 2 1 4 3 3 1 5 15 32 7 1 4 2 2 2 36 2 2 2 3 2 4 131 2 1 10 1 54 1 2 8 2 2 1 1 3 10 4 2 1 2 7 12 2 2 1 2 2 3 2 1 9 2 2 3 1 1 2 3 5 1 6 26 2 2 5 2 1 1 4 3 4 3 5 12 1 1 3 2 2 4 1 6 1 33 3 1 6 1 5 1 6 45 4 1 3 3 1 3 2 1 3 1 1 2 1 1 3 3 1 9 2 1 2 3 14 2 1 2 7 2 2 2 1 6 1 2 1 2 3 1 1 2 1 2 3 5 1 2 8 6 2 1 1 3 5 9 2 3 35 3 3 2 3 2 2 5 1 1 2 2 3 2 1 1 1 1 4 4 22 1 6 3 2 4 1 1 27 1 1 2 2 1 1 2 1 4 1 1 1
8 2 1 9 1 1 29 1 10 2 29 2 2 4 1 1 2 2 9 11 1 3 2 2 9 2 3 1 2 2 2 1 1 1 3 2 1 4 1 8 1 1 4 9 1 1 1 12 1 2 1 10 1 2 1 1 3 2 3 3 2 3 2 1 1 5 4 1 2 1 217 13 2 1 74 15 3 1 81 1 3 3 1 2 2 5 6 1 11 2 3 1 3 5 2 4 2 2 4 231 3 1 12 6 4 12 3 6 1 1 2 1 8 1 3 43 31 1 5 7 1 3 1 2 3 52 2 4 1 2 4 23 1 3 1 13 3 1 3 2 5 6 16 2 1 4 4 1 17 13 1 20 3 1 1 6 1 2 1 1 7 2 1 3 14 3 1 2 2 1 1 7 20 3 1 7 1 9 7 4 1 9 2 1 2 1 2 6 1 7 9 2 2 2 1 2 1 10 1 17
1 29 9 1 10 1 2 2 3 2 5 1 2 3 2 4 3 1 1 1 2 1 2 12 2 1 7 2 1 8 3 1 1 8 1 2 15 2 2 1 3 2 14 2 4 9 2 2 1 1 3 2 1 2 2 1 1 2 5 4 3 2 1 1 1 2 6 1 3 5 6 1 2 3 87 3 3 3 1 2 4 3 2 4 2 18 1 1 2 3 1 5 2 1 17 2 30 8 4 1 2 4 6 34 1 1 2 2 2 1 2 2 1 1 1 1 2 1 3 3 1 2 1 2 6 2 1 2 3 2 14 1 4 1 1 4 1 1 7 14 4 244 2 20 2 2 2 1 3 1 89 1 2 1 4 9 2 1 2 2 2 2 2 1 2 2 10 3 2 1 2 4 2 1 2 14 18 1 6 1 1 4 3 4 8 9 2 5 1 2 3 14 2 1 1 111 10 1 4 2
42 4 1 16 2 1 1 2 8 5 10 2 2 2 1 2 1 75 2 3 3 12 2 7 1 1 2 2 1 1 1 1 1 10 1 1 6 1 2 3 1 1 2 3 2 2 1 2 2 5 1 3 2 34 2 2 1 5 1 1 2 4 3 2 1 1 1 1 11 9 2 2 3 2 1 1 5 2 2 1 2 4 3 2 3 3 1 2 2 2 10 2 1 14 1 182 1 1 2 1 1 1 1 1 3 105 1 2 2 4 12 1 5 1 2 1 5 5 1 1 22 2 2 1 5 11 30 1 8 3 2 1 4 6 11 2 1 7 1 6 6 2 8 1 2 2 2 22 1 1 1 17 2 9 6 1 1 1 2 1 2 2 1 3 1 1 1 2 2 4 1 3 5 3 2 1 1 71 1 2 2 3 9 1 1 4 8 2 3 2 2 2 2 1 1 1 1 1 1 3
4 4 2 1 4 6 24 5 10 6 2 4 4 4 1 3 1 1 87 1 2 2 1 2 3 1 2 3 3 2 4 1 1 2 6 3 1 2 2 2 1 1 1 19 3 3 12 49 1 1 3 2 2 1 2 2 1 4 2 2 2 1 1 1 1 7 3 5 2 1 1 2 5 18 5 1 5 84 1 3 2 7 5 415 12 5 1 5 2 1 2 1 1 2 1 2 2 3 4 4 1 1 1 4 1 2 2 3 1 1 2 1 12 1 3 8 6 3 2 1 2 4 2 8 1 12 6 4 6 1 2 5 35 1 6 1 2 1 2 1 2 2 1 1 2 5 1 1 35 3 2 4 2 1 2 9 1 2 64 2 1 1 1 1 9 2 1 2 1 3 7 2 2 5 1 1 1 10 9 1 6 2 1 1 3 1 2 1 215 2 5 41 1 3 2 3 1 34 1 1
3 1 1 3 2 2 1 2 1 2 2 19 1 9 3 2 3 1 2 2 2 5 9 1 2 3 2 2 1 1 1 2 2 1 5 31 19 55 2 5 1 5 2 1 2 3 11 3 2 1 1 1 2 8 7 1 3 2 11 1 39 1 17 2 1 6 2 1 4 1 1 2 1 1 3 1 1 2 4 8 6 2 9 4 1 4 10 3 2 3 2 4 5 4 6 2 3 3 1 3 13 11 1 5 2 3 1 2 52 1 1 2 1 16 2 1 1 13 1 7 1 2 5 1 3 2 2 2 4 2 29 1 1 2 4 1 1 1 2 1 1 22 6 3 1 1 1 2 2 1 3 1 6 3 2 18 14 3 5 1 4 2 1 3 1 1 32 8 1 1 18 3 5 5 3 1 142 1 2 2 1 4 2 4 1 7 1 2 1 3 1 4 3 70 2 1 3 1 2 3
1 4 38 2 2 4 1 2 2 2 1 2 7 3 3 3 3 2 24 2 3 2 1 3 28 9 3 1 3 10 1 2 1 1 2 5 2 1 1 1 2 6 2 1 53 2 1 6 2 2 6 1 21 9 3 9 2 5 1 1 1 10 24 1 5 6 2 1 1 9 2 1 4 375 2 1 13 2 2 6 1 12 10 2 2 2 35 30 5 2 13 3 1 21 28 2 1 2 2 3 3 2 8 4 3 1 4 1 3 2 1 10 2 3 2 2 1 1 2 2 4 5 1 1 1 2 2 2 3 12 12 4 2 4 2 1 16 1 3 2 1 1 1 2 8 3 5 2 2 4 1 2 2 2 1 2 4 1 1 1 12 4 1 4 3 4 1 1 3 4 1 2 1 1 1 1 1 2 1 2 3 1 1 2 5 1 2 2 1 1 3 1 8 3 1 10 6 1 1 1
5 2 2 1 39 3 23 2 1 1 2 22 7 3 30 1 15 1 3 7 2 3 1 9 3 2 37 3 1 1 1 1 1 5 1 1 1 1 4 26 1 1 1 14 9 1 1 1 2 2 7 2 1 5 2 38 1 2 2 2 2 1 2 4 4 4 3 1 1 1 4 1 7 1 2 4 1 3 1 4 1 2 1 14 1 20 1 2 1 1 2 1 2 3 3 1 1 2 2 8 1 2 3 2 4 1 3 2 1 31 5 4 1 1 2 6 2 1 1 5 2 2 2 2 2 4 2 1 3 3 1 4 2 5 4 3 3 1 5 6 1 1 1 4 1 4 1 1 1 2 3 1 3 1 1 6 25 2 4 6 6 1 1 16 1 2 25 1 3 14 2 1 247 1 2 1 11 4 8 2 2 2 6 2 10 1 2 1 1 1 1 2 5 7 1 324 1 83 2 15
2 1 1 1 1 1 2 2 1 6 25 2 2 2 3 12 4 2 2 1 2 9 1 1 5 3 22 2 2 1 1 1 2 1 11 1 2 1 10 2 4 1 2 5 50 1 3 6 3 1 1 1 19 3 1 3 1 2 3 1 2 2 6 1 3 1 1 3 2 2 1 14 2 2 40 3 4 12 1 4 2 3 3 8 7 1 1 1 4 2 50 1 2 8 1 1 3 3 1 1 1 4 2 1 1 2 2 2 1 8 3 1 2 2 1 2 5 2 2 89 2 3 3 5 101 2 5 3 2 1 1 1 3 2 31 53 1 2 1 1 2 1 2 2 2 2 1 20 2 16 1 1 2 5 1 3 9 3 1 19 1 13 1 2 1 9 58 4 5 4 10 1 1 1 13 2 1 1 1 1 2 1 2 2 2 2 3 1 11 1 1 1 2 1 4 1 2 2 2 13
1 2 3 10 32 1 23 1 1 6 3 2 1 5 1 8 1 1 2 2 5 4 7 19 1 6 1 2 3 7 1 3 2 2 1 2 63 3 7 1 2 14 1 3 4 13 30 2 2 2 3 11 21 3 2 1 1 4 5 2 4 3 1 2 1 2 1 19 3 3 3 3 8 195 53 20 14 2 1 1 1 1 1 4 2 3 3 3 1 14 33 2 6 3 1 2 1 2 1 10 1 2 1 2 4 6 2 1 2 2 2 2 4 2 12 21 2 1 3 1 6 2 2 1 2 6 2 1 1 16 2 2 1 5 4 21 23 11 3 1 2 1 1 1 1 2 8 3 1 3 34 1 2 4 2 1 2 3 3 1 1 1 3 1 3 10 4 1 2 1 4 5 1 2 7 5 9 1 3 2 8 2 10 1 1 1 1 2 3 1 4 3 69 3 4 1 1 3 1 40
