200
242 281 130 160 339 245 320 413 218 369 325 398 272 283 132 416 271 204 267 378 142 191 369 206 188 140 193 422 321 405 153 314 500 375 171 112 491 103 178 463 475 419 151 106 127 206 248 500 197 127 439 296 339 283 178 173 168 195 260 220 222 471 335 403 316 245 411 449 260 486 410 422 128 469 333 486 371 241 468 403 491 139 269 463 137 396 300 389 244 410 209 267 259 478 118 118 134 399 230 319 391 366 155 113 495 474 391 432 328 218 316 350 319 201 210 422 157 462 381 204 323 160 488 245 496 141 476 149 373 388 484 279 411 490 394 314 203 384 232 327 157 500 345 434 395 499 474 381 128 424 249 101 431 207 344 280 137 134 371 287 113 198 340 213 126 287 168 156 359 325 498 260 319 461 403 132 275 222 235 330 466 315 166 345 128 383 248 324 174 114 275 439 335 238 332 118 161 185 248 223
1 5 3 3 1 6 4 2 2 2 2 2 5 1 1 2 6 2 4 2 2 2 5 1 4 6 5 2 1 4 3 4 1 1 3 5 5 6 6 1 5 4 6 5 4 2 1 4 3 2 4 3 3 4 2 3 6 4 3 1 1 3 5 6 1 6 6 4 3 4 5 2 6 2 2 1 5 2 6 1 5 6 3 1 3 5 6 4 2 6 6 3 6 2 3 5 4 3 3 2 1 5 4 2 4 1 6 4 2 6 6 3 3 1 5 1 4 1 2 1 4 5 2 1 1 6 1 5 4 1 5 6 2 5 4 2 6 2 3 1 6 4 3 6 1 3 4 5 6 6 4 2 2 1 2 4 2 5 4 1 5 2 3 6 1 3 5 3 1 5 2 6 3 2 5 6 3 2 6 2 2 5 5 4 5 2 6 5 5 5 3 6 1 1 5 2 4 4 4 2
5 6 1 3 1 11 1 11 2 1 2 10 41 3 1 1 1 3 2 1 2 1 3 1 3 1 2 1 1 2 2 3 1 8 8 2 58 1 1 3 5 1 48 1 5 2 2 3 1 5 3 2 1 1 2 1 4 6 3 13 2 81 1 1 6 1 1 11 3 3 1 2 1 2 5 1 2 2 1 2 1 2 2 2 4 2 1 2 2 2 2 1 8 1 2 3 2 2 14 1 7 1 3 2 2 1 2 6 2 2 2 1 3 1 1 2 4 1 3 4 2 1 2 49 10 1 2 14 2 1 5 2 9 3 2 3 2 2 1 2 2 1 34 9 17 22 2 1 1 1 1 123 1 1 2 11 1 1 2 1 2 1 2 1 2 1 1 1 1 13 3 2 3 1 3 3 8 2 1 2 4 1 3 1 1 1 2 12 1 6 1 7 1 4 1 2 1 4 1 1
3 7 1 19 2 3 1 1 2 3 2 2 1 1 35 6 1 1 1 3 3 1 11 3 3 1 2 119 3 1 2 1 1 2 1 2 4 1 2 3 2 3 3 1 7 3 1 1 2 5 1 1 6 1 1 7 2 6 1 1 2 26 2 1 2 6 3 6 17 7 2 1 1 2 2 1 11 1 21 4 6 3 2 1 1 2 2 3 6 2 43 1 1 2 2 1 1 10 8 1 2 1 1 1 7 2 2 5 1 4 1 1 1 1 2 3 1 2 1 1 3 1 1 1 2 2 2 2 2 7 1 2 2 1 113 2 2 2 9 2 2 1 5 2 1 2 5 4 11 1 1 2 2 2 3 1 2 2 1 4 2 5 56 1 4 1 2 1 3 1 2 3 5 6 1 2 2 1 9 2 2 1 1 2 1 1 1 9 9 2 2 5 61 2 1 3 15 1 1 2
4 7 1 58 2 137 1 1 1 43 2 2 4 16 23 24 1 3 2 2 2 1 3 6 1 2 2 1 1 4 3 2 8 10 3 4 2 1 6 38 2 2 1 32 1 1 6 6 1 2 3 1 1 1 2 1 1 1 3 1 2 3 2 1 2 3 6 2 1 1 18 1 3 1 5 2 6 21 1 2 1 4 6 2 2 1 2 3 6 2 1 1 1 2 3 1 2 2 2 8 23 2 5 1 7 2 1 2 3 1 1 1 6 1 2 1 1 2 5 1 1 2 4 4 5 1 2 1 2 3 1 1 7 5 2 2 1 4 3 1 2 9 1 4 8 4 4 1 1 2 3 4 1 2 2 3 7 3 1 2 2 6 16 1 1 2 3 37 1 14 2 2 7 1 2 1 2 12 2 2 1 1 5 3 7 1 2 2 2 1 2 5 5 4 2 2 1 8 2 2
2 61 1 3 1 6 2 2 5 1 59 5 12 3 1 1 3 1 2 6 4 2 1 3 14 1 44 3 3 5 4 1 3 1 2 3 2 4 2 1 2 13 1 2 11 1 1 33 1 2 4 2 2 4 1 1 2 14 5 4 1 8 1 1 1 2 2 1 1 1 1 1 2 1 2 2 5 2 1 2 2 1 4 1 1 1 7 4 1 3 3 1 1 19 2 3 1 1 1 1 2 2 1 2 1 9 1 2 1 2 1 4 2 1 2 2 1 11 5 7 2 1 1 1 2 1 1 2 3 1 11 1 41 2 1 1 10 1 1 3 2 14 1 4 38 3 4 1 1 1 1 5 1 2 2 2 1 2 2 45 1 1 5 7 2 252 2 3 13 1 2 11 9 15 75 1 2 15 3 16 3 2 2 15 2 10 4 2 2 2 2 1 1 3 3 5 1 1 3 2
7 2 1 2 2 2 9 2 2 1 2 3 1 4 1 3 1 1 5 1 2 2 2 1 3 2 1 1 1 2 2 2 3 1 2 1 7 2 1 6 1 1 5 19 2 4 3 4 1 3 3 4 4 2 10 7 1 5 6 2 2 4 2 2 1 1 1 2 1 6 1 5 1 1 4 1 3 3 2 2 2 3 3 3 2 7 7 1 1 1 3 1 8 1 1 2 4 16 2 2 1 2 6 4 4 262 3 2 2 3 5 1 2 1 2 2 8 1 11 6 6 1 149 7 13 1 2 1 3 2 6 2 1 5 1 7 1 10 8 3 1 2 2 1 17 4 2 2 7 2 1 3 2 28 6 1 2 2 3 3 2 1 22 1 1 1 106 5 3 4 2 2 16 66 3 7 2 2 1 1 5 11 1 26 1 9 2 3 3 2 44 2 2 6 5 2 1 1 3 1
7 2 1 1 3 1 1 1 1 2 1 2 1 1 14 6 2 2 2 2 3 6 2 6 1 1 10 1 6 2 2 9 6 2 2 1 1 6 13 1 1 1 2 3 1 2 4 1 4 1 2 2 8 4 1 3 5 2 2 2 1 2 1 1 4 1 1 3 2 1 2 16 2 2 2 1 1 2 2 7 1 1 2 1 1 59 6 2 4 3 4 2 158 5 33 2 4 1 34 3 17 11 2 7 27 1 4 6 6 1 1 1 2 1 1 3 1 2 1 2 2 1 4 1 16 2 33 2 4 4 5 1 10 7 2 1 2 11 4 1 2 2 2 3 5 1 2 2 2 4 2 1 3 4 5 1 1 1 2 2 3 8 3 2 2 190 1 65 1 1 3 2 2 21 2 2 1 4 1 28 2 1 11 4 1 2 2 2 33 3 6 3 2 39 2 2 1 1 2 2
1 2 8 59 2 4 2 5 2 2 1 8 5 3 1 1 1 4 2 2 8 2 1 2 1 6 1 1 15 52 3 2 1 51 1 1 1 2 2 2 1 10 1 3 1 17 1 1 1 10 2 2 2 1 1 2 3 13 1 1 7 5 9 3 4 2 1 1 1 4 5 6 1 1 1 7 1 3 2 7 2 1 2 12 7 1 23 1 1 2 1 1 5 15 25 1 1 1 2 1 5 2 38 4 1 1 14 1 5 2 1 3 3 1 1 19 5 6 1 1 2 1 2 3 2 2 3 1 2 8 1 4 1 10 4 1 11 1 5 1 1 3 3 1 1 2 5 11 2 2 2 97 1 2 30 4 6 2 20 2 3 12 2 2 4 2 1 2 1 3 2 2 18 1 1 9 9 1 5 1 3 1 1 2 3 1 3 2 1 2 1 2 1 1 1 1 2 3 11 1
1 2 2 1 1 1 1 1 2 1 2 3 2 7 2 8 1 2 2 2 9 2 2 8 4 6 9 4 1 7 3 1 5 5 13 7 1 4 1 2 2 1 1 3 4 1 2 2 1 6 1 1 3 4 1 8 1 2 8 9 1 6 1 1 2 1 2 1 2 4 1 2 9 1 1 1 1 3 1 2 1 2 1 2 7 5 5 5 16 1 2 1 4 2 1 1 1 2 3 2 1 1 3 2 5 4 9 2 1 2 1 5 2 5 2 4 3 15 15 70 1 2 1 1 2 2 1 1 3 4 6 4 1 1 1 1 1 2 11 1 2 2 1 3 2 3 1 1 5 1 1 1 2 2 6 1 2 2 31 2 1 3 8 1 1 1 1 1 3 1 2 1 7 1 3 4 1 1 2 4 2 1 1 12 1 4 2 1 1 1 3 1 3 2 2 3 2 1 2 9
1 1 4 9 1 1 1 2 2 2 2 1 3 5 2 1 2 3 3 3 2 2 2 2 1 7 1 2 9 1 1 2 2 1 4 22 3 4 2 3 1 1 3 2 1 4 2 1 4 1 1 1 5 3 4 1 1 2 2 1 5 1 3 2 2 6 2 2 3 5 4 94 2 1 2 2 4 2 1 1 2 5 1 1 2 3 1 2 1 2 1 2 8 1 2 2 1 3 1 21 7 2 2 4 1 1 17 1 1 1 16 2 18 4 4 4 7 1 2 4 2 4 2 14 1 6 3 1 1 1 18 2 1 3 1 5 1 1 3 60 3 1 2 3 1 2 2 2 1 1 1 5 2 1 2 1 30 2 4 1 2 7 2 2 3 2 4 2 1 2 2 12 2 1 1 2 3 2 1 3 3 1 1 2 6 2 4 3 2 41 2 4 1 2 3 25 2 2 3 3
1 2 1 1 3 2 4 3 3 6 2 4 50 15 1 2 1 1 11 2 1 1 4 1 24 4 1 2 5 2 1 4 8 25 1 2 1 3 2 1 4 2 6 9 10 1 7 7 4 35 1 1 24 18 1 3 26 6 3 2 1 1 2 11 3 3 2 11 1 2 3 227 2 2 5 8 3 2 2 6 15 18 2 1 2 1 1 20 1 5 1 2 2 4 1 1 1 87 4 2 1 14 4 4 1 2 3 2 2 4 2 3 2 1 2 1 1 5 17 3 2 1 7 3 3 2 1 1 13 2 1 24 8 2 70 10 2 2 1 2 1 2 1 1 10 1 2 3 1 16 7 1 5 2 1 1 2 1 23 1 4 2 1 1 3 2 1 1 4 2 1 2 1 103 5 3 3 1 1 18 15 1 6 3 2 3 3 3 6 174 2 3 1 4 1 12 21 1 3 1
4 2 2 19 2 4 1 1 7 2 4 1 8 3 1 1 2 3 1 2 2 65 2 1 2 3 2 224 2 2 1 5 2 82 2 8 2 1 6 3 3 2 1 1 1 7 29 8 2 1 57 1 1 7 4 4 1 3 1 1 3 42 8 1 1 24 1 130 8 9 1 1 6 1 18 5 2 10 1 1 2 1 2 2 1 23 2 6 8 6 5 2 1 7 2 1 2 25 4 9 1 4 4 3 23 6 1 1 1 2 7 9 17 3 1 1 20 1 1 1 2 3 2 2 1 1 3 1 1 3 2 1 2 2 2 3 2 1 6 1 417 8 1 442 2 2 2 1 3 1 7 101 4 2 1 2 3 12 9 1 12 1 2 2 2 5 3 1 4 1 4 2 2 1 1 12 5 2 1 10 2 2 3 1 3 4 57 3 2 2 2 83 10 1 1 3 1 2 5 5
2 1 2 45 3 1 2 2 2 1 1 1 1 2 2 1 5 1 2 2 1 5 2 1 3 2 5 3 2 3 11 1 3 2 1 2 3 2 5 1 4 2 5 2 1 2 1 3 2 1 3 30 3 1 1 2 4 1 8 2 2 1 5 4 1 1 2 2 17 1 2 2 1 1 5 2 2 3 6 1 3 2 1 1 1 2 1 1 1 3 2 40 8 16 3 1 8 8 2 2 5 2 2 3 5 3 1 1 16 1 2 2 1 4 7 2 3 2 2 2 1 2 1 7 3 1 1 2 1 2 2 2 1 1 3 2 2 1 11 4 1 1 1 14 2 1 1 1 1 8 3 2 2 1 2 8 2 9 2 1 7 2 1 1 1 1 2 2 2 2 1 2 1 2 1 1 4 1 1 2 4 3 4 1 3 1 2 1 1 10 5 2 1 1 1 3 2 1 3 7
2 1 1 1 2 5 1 3 28 3 2 2 1 1 2 1 2 1 1 3 1 2 2 3 2 1 2 1 170 22 2 2 1 7 33 1 1 2 3 1 21 7 64 2 1 1 2 28 2 1 1 2 1 4 8 1 2 23 2 3 2 2 2 2 5 17 2 4 5 2 1 8 1 4 4 2 1 2 1 1 1 2 2 1 2 4 1 19 41 2 2 4 1 2 11 1 1 8 1 3 1 1 1 4 1 2 6 2 1 1 2 1 11 2 2 1 12 13 2 2 7 3 2 4 1 2 1 4 15 4 7 7 5 1 1 4 1 3 3 3 1 13 1 7 2 1 7 6 1 1 2 2 4 2 10 80 2 2 1 4 3 2 2 4 2 3 5 2 2 1 2 2 2 1 6 2 2 17 1 2 1 1 1 41 3 2 2 8 3 27 2 2 1 3 1 2 3 7 2 3
1 4 1 11 2 2 2 20 292 3 2 1 4 7 8 4 1 2 1 3 2 10 4 2 4 2 3 2 1 40 3 1 1 16 2 1 1 4 3 140 2 1 1 1 3 6 2 3 1 1 2 3 1 9 4 1 2 1 1 1 2 2 35 10 1 1 3 1 4 1 5 16 1 5 28 10 1 1 2 45 1 7 3 2 1 1 9 3 3 26 1 2 1 5 3 11 1 99 2 2 13 2 12 22 1 12 2 1 1 1 1 5 1 2 3 6 3 2 389 1 13 1 32 1 17 1 2 1 1 4 26 19 7 5 7 2 1 1 1 15 1 29 5 2 2 2 2 1 14 11 7 9 1 3 5 2 2 3 9 2 1 1 8 5 7 13 1 3 3 1 7 2 6 4 3 2 8 1 36 20 2 4 5 2 2 4 12 2 2 2 12 1 2 18 2 3 5 2 1 1
2 3 4 6 3 1 3 3 1 1 1 2 17 1 1 2 1 2 6 2 25 2 1 1 3 1 8 1 5 2 3 7 14 2 15 1 1 7 2 4 2 1 4 2 2 8 3 26 32 104 1 2 2 29 4 2 1 1 2 1 3 2 1 3 3 3 1 1 1 2 5 2 6 1 5 1 1 30 1 1 2 2 1 7 2 14 9 10 1 1 7 3 2 3 2 1 11 2 21 1 9 1 5 2 3 3 2 2 1 3 2 6 27 1 1 1 56 1 2 2 13 1 2 1 4 2 1 1 4 3 2 1 2 4 3 1 3 2 3 3 2 2 4 2 1 2 1 1 1 2 7 1 1 2 3 1 1 2 2 1 3 1 2 5 1 2 2 2 9 1 2 3 2 4 3 8 38 1 4 12 2 2 2 1 5 2 14 6 1 2 1 1 1 1 1 5 2 2 1 1
2 7 2 1 2 1 3 1 2 5 2 14 4 5 3 1 6 2 2 1 2 2 11 13 2 1 8 2 2 2 1 4 3 1 2 1 2 2 2 1 3 1 1 3 2 2 2 2 1 6 2 3 5 2 4 2 3 1 4 2 3 9 4 1 1 3 2 1 1 1 1 2 2 2 15 2 1 1 4 1 4 1 1 6 1 149 1 1 1 4 1 2 3 2 1 12 10 3 1 2 1 1 4 4 6 23 6 2 1 2 4 2 3 1 1 16 1 1 3 2 4 2 5 3 1 2 1 2 3 2 3 1 1 2 1 2 22 3 2 2 4 40 10 2 2 1 1 1 4 4 3 3 2 1 6 2 1 2 1 2 2 2 3 19 1 1 2 1 3 11 1 8 1 13 2 2 2 7 1 2 1 1 1 2 1 1 1 2 1 1 1 1 12 3 3 2 1 1 3 2
2 1 2 4 2 1 1 3 7 1 4 1 5 3 3 1 28 1 1 1 2 2 2 1 1 7 1 2 8 14 71 2 1 3 12 1 4 3 1 2 2 3 3 2 3 4 3 2 8 4 1 2 7 1 1 3 2 1 1 31 1 5 4 1 2 26 9 3 10 1 2 2 1 2 1 37 1 1 10 8 2 1 1 2 2 3 2 1 1 3 6 1 6 1 2 1 1 1 2 2 11 8 2 7 4 2 4 5 1 10 1 3 55 1 2 1 2 13 2 1 2 10 3 1 3 59 3 11 3 290 2 3 1 4 4 1 2 4 1 5 2 7 106 6 2 5 3 1 1 3 2 2 40 1 2 1 7 4 12 1 34 2 3 2 5 1 4 3 5 37 22 1 2 10 1 2 5 4 1 2 1 1 4 4 1 2 6 2 10 1 1 1 1 1 1 1 3 2 9 5
7 3 2 2 6 2 1 5 5 1 2 2 4 2 6 6 2 2 3 2 39 4 3 1 3 1 18 1 1 2 4 3 2 12 3 33 6 1 1 2 4 2 2 3 1 2 2 1 2 2 19 3 1 6 6 2 1 5 1 8 2 1 4 2 1 1 2 1 1 1 1 6 2 5 1 2 2 1 3 1 1 4 1 25 10 3 2 1 1 2 4 2 1 1 3 1 1 4 1 3 2 1 1 2 3 3 34 1 2 4 3 1 10 4 4 27 13 3 2 14 1 3 2 2 2 4 170 1 2 1 3 1 2 4 4 1 10 7 2 4 3 3 2 5 2 1 2 15 1 1 2 1 2 2 3 16 4 1 1 406 2 3 2 2 3 2 3 48 10 1 1 2 1 2 4 2 2 4 3 17 2 1 4 2 2 7 1 1 2 3 6 2 2 2 1 1 1 4 6 3
1 3 4 2 8 1 1 5 1 1 14 1 1 5 2 3 2 5 4 3 1 6 1 1 1 1 39 1 4 3 1 2 1 7 1 2 35 1 2 2 4 1 1 2 2 3 5 11 3 17 1 1 1 1 1 4 2 1 5 2 2 1 3 2 1 2 9 2 4 2 149 6 1 2 2 1 2 1 2 2 2 1 1 4 6 14 2 2 1 3 2 4 4 5 2 5 5 3 6 1 2 3 2 1 10 2 1 2 5 1 3 2 1 1 4 2 1 1 1 1 5 2 2 2 1 1 1 2 1 6 3 1 3 1 1 2 1 1 2 203 4 1 2 89 1 1 1 3 33 2 2 2 1 1 11 4 9 4 13 2 1 20 2 6 2 2 1 2 2 1 8 6 1 17 1 2 2 1 1 2 3 3 8 2 1 3 21 2 1 3 21 3 3 1 2 5 1 2 1 1
4 1 2 2 10 8 1 4 1 8 2 7 3 3 1 1 12 2 1 1 2 1 5 9 1 3 8 2 7 63 6 1 2 2 2 2 1 2 2 2 1 3 1 1 1 12 3 3 1 1 1 10 4 3 2 1 2 1 7 2 1 1 1 2 1 1 2 1 1 3 1 2 8 1 4 1 4 3 1 11 1 125 1 1 11 80 2 2 2 1 5 8 1 1 7 2 1 1 1 2 1 1 3 3 2 1 7 2 6 1 4 3 1 2 1 2 1 2 2 10 1 2 3 1 2 2 5 2 1 4 1 2 4 2 5 4 2 19 2 1 4 1 1 3 1 3 7 1 2 2 1 3 1 2 3 2 2 1 9 2 9 4 24 1 12 1 1 3 6 3 3 1 1 1 1 1 8 1 2 1 1 1 1 2 1 1 4 2 1 2 10 2 2 8 1 14 2 2 1 2
3 3 1 1 8 8 5 3 1 1 2 5 1 2 2 2 2 1 1 109 3 2 1 5 2 2 2 9 1 2 5 11 3 1 5 1 1 3 2 3 3 4 5 8 2 3 10 2 84 1 2 2 2 1 11 141 3 2 3 2 25 2 1 1 3 3 1 3 12 12 5 2 1 1 2 3 2 1 2 7 2 5 3 26 1 13 5 6 1 12 2 1 3 4 1 1 10 1 2 1 1 1 2 1 3 3 2 1 20 2 5 4 2 4 36 1 2 2 2 1 3 1 3 38 1 1 3 19 1 19 2 2 2 5 358 4 2 4 2 2 12 4 1 68 1 1 1 3 17 3 34 2 5 1 1 4 374 4 2 4 1 3 5 2 1 1 5 2 6 2 101 1 2 2 1 1 20 38 1 2 1 1 21 2 3 1 2 1 5 1 2 3 1 2 2 200 1 2 8 2
2 1 5 3 2 13 1 3 2 1 2 4 6 2 1 3 1 3 2 3 2 2 2 13 1 1 1 17 4 4 18 1 6 2 1 1 1 3 2 1 1 1 47 1 2 11 1 6 4 276 2 5 3 3 2 1 1 3 15 2 2 3 2 9 3 1 3 12 4 3 2 2 1 3 1 2 3 2 2 2 3 4 6 2 1 14 2 1 2 1 4 1 2 3 1 11 1 1 2 2 2 3 4 2 1 1 3 1 2 3 1 1 5 1 5 2 1 12 3 1 1 2 1 1 5 2 32 1 1 4 5 1 2 8 2 9 16 1 1 3 3 2 3 11 1 4 1 1 1 2 3 2 8 12 1 1 2 1 13 1 1 1 2 1 4 2 21 2 78 3 4 3 1 1 13 1 1 3 2 11 2 2 3 2 2 1 9 2 7 5 23 14 2 2 1 1 1 4 16 3
3 25 3 6 1 1 1 2 2 1 9 2 2 1 3 4 1 9 37 1 9 1 17 10 2 8 1 2 2 11 2 5 9 5 21 1 3 1 13 2 3 2 2 5 1 1 5 1 3 3 2 1 2 1 18 2 1 1 2 2 2 3 1 1 12 23 3 1 3 2 4 2 3 2 1 38 2 1 3 2 7 5 2 3 3 28 2 3 2 1 1 1 2 86 49 3 3 1 1 29 1 1 1 2 1 8 28 1 1 1 16 7 1 1 1 2 1 22 1 2 3 3 1 45 1 1 7 8 1 1 46 1 102 5 3 1 2 1 6 32 2 1 2 10 1 33 16 2 1 1 6 6 1 2 4 3 1 1 3 8 4 1 3 1 2 10 2 2 7 6 2 1 1 2 1 4 14 2 3 3 221 1 1 1 1 1 1 2 4 1 3 2 1 3 11 2 1 2 2 1
1 1 2 12 2 1 1 10 2 1 4 1 10 1 4 14 1 11 2 6 28 1 15 6 3 1 2 3 3 1 2 1 2 6 2 2 8 1 38 2 1 1 1 6 2 6 2 3 4 1 1 2 2 3 1 1 2 8 4 2 2 1 23 1 7 31 1 2 1 60 1 5 1 7 5 2 2 2 114 7 2 1 3 2 1 28 8 1 8 4 2 1 6 8 2 2 1 8 2 4 1 2 2 1 1 2 2 2 1 2 2 2 1 2 9 3 15 1 2 2 1 2 95 2 2 1 2 1 2 3 2 3 2 1 63 1 2 1 2 1 2 23 2 3 5 7 2 1 38 27 4 1 1 2 1 1 1 2 2 2 2 1 1 1 2 2 11 2 1 1 1 2 6 6 2 1 2 1 9 3 1 1 4 1 17 3 2 1 10 1 1 6 2 2 84 2 1 3 28 2
1 1 1 2 2 1 3 1 1 3 3 43 1 2 1 1 3 4 2 2 1 15 37 2 61 2 1 1 1 1 3 3 8 2 2 1 1 7 3 1 2 6 2 1 3 2 2 1 2 2 2 2 3 1 5 1 2 1 2 1 1 3 2 1 3 1 2 7 1 1 3 2 2 1 7 2 2 1 3 2 1 1 7 2 60 7 4 1 2 2 5 3 1 1 21 2 2 1 3 3 26 3 6 1 6 2 2 2 1 1 2 1 1 2 2 1 1 1 1 1 32 10 1 2 1 1 1 20 2 9 2 27 3 1 1 6 4 2 11 1 6 7 1 1 12 2 3 16 2 12 3 2 14 1 2 1 3 3 1 2 2 2 5 2 1 1 2 2 4 1 2 1 8 4 1 2 2 1 1 4 1 10 3 8 3 3 53 2 30 1 2 2 24 2 25 2 3 2 1 5
1 4 1 2 2 2 6 289 2 1 1 3 2 2 1 1 22 4 5 1 17 2 2 1 1 7 1 1 1 3 1 3 1 1 2 1 2 3 1 1 24 1 3 7 1 14 2 4 3 1 2 1 1 12 4 1 1 3 4 8 1 1 3 2 3 14 3 1 2 1 1 2 143 1 14 2 3 2 23 18 2 4 1 3 1 1 2 22 2 2 3 1 2 8 4 9 1 7 2 2 1 4 1 1 6 4 2 2 2 2 3 1 1 4 1 1 2 1 1 2 6 5 1 5 1 7 1 4 2 2 2 3 11 1 5 1 88 1 1 1 1 2 6 2 1 1 338 4 2 2 7 2 2 4 1 3 13 3 6 7 1 2 26 1 2 1 2 6 4 1 2 1 12 3 1 1 20 3 27 2 1 2 6 1 176 2 1 3 1 3 4 1 2 3 1 14 1 1 6 5
2 2 6 2 2 11 2 1 1 2 3 23 2 6 2 2 1 1 1 2 3 7 2 5 2 1 8 2 2 3 1 1 1 7 1 5 2 1 2 1 2 2 2 2 2 1 3 3 1 6 2 2 4 5 11 1 4 34 13 5 1 2 4 2 2 3 1 2 1 1 11 1 9 2 1 4 2 1 2 1 1 3 2 18 8 2 2 3 2 1 4 30 4 1 4 1 1 1 1 1 3 2 2 1 2 2 1 2 1 1 2 2 2 1 1 1 1 4 2 1 1 1 1 1 4 9 5 307 2 1 2 6 2 6 2 4 14 1 2 10 6 8 4 1 5 1 1 1 2 5 2 3 1 5 1 6 1 3 2 24 3 1 3 4 1 1 3 4 2 2 2 1 6 3 1 12 1 27 2 1 8 2 3 2 17 4 1 3 1 1 2 3 1 2 1 1 1 4 363 1
6 3 1 5 8 1 5 1 2 1 4 1 1 2 2 52 4 1 1 10 2 13 1 1 1 7 1 1 9 7 1 2 1 2 2 2 2 3 2 2 10 2 1 76 2 20 1 1 5 1 8 1 2 1 2 9 2 2 22 13 6 8 4 2 1 2 6 2 1 2 2 4 1 1 1 2 1 1 2 92 18 6 6 1 2 10 1 2 1 36 2 5 4 1 3 7 2 3 1 113 2 2 1 2 6 2 1 4 1 1 1 12 1 8 1 1 6 3 2 1 1 9 2 1 3 2 1 1 2 6 2 1 9 1 2 2 2 2 7 1 2 2 1 2 31 2 2 2 5 1 1 2 9 1 4 2 11 3 3 3 4 1 1 2 1 1 1 2 1 1 3 1 1 2 2 2 1 2 2 3 1 10 3 1 1 1 2 1 1 8 2 2 5 2 4 1 2 2 18 5
11 1 1 35 5 1 82 4 2 9 2 1 23 1 2 1 13 2 2 7 1 1 2 5 1 1 1 1 14 3 9 1 13 33 1 2 2 2 5 1 4 2 8 2 2 2 19 4 2 7 3 2 2 9 1 2 2 5 5 3 2 2 6 1 6 3 4 2 3 1 1 1 3 1 69 1 1 1 5 3 1 1 1 4 2 2 7 3 6 1 2 1 2 3 1 2 2 1 3 5 2 2 13 1 1 24 2 3 1 1 6 4 3 2 1 2 2 1 1 7 2 3 4 15 2 28 2 2 1 3 2 1 6 2 4 2 1 2 2 1 7 4 1 10 2 1 9 1 1 1 2 4 1 6 4 5 2 3 3 3 1 2 1 2 5 1 1 2 11 13 3 3 1 1 1 1 2 1 2 2 2 1 2 1 3 1 18 2 1 2 2 2 3 1 2 1 1 1 1 2
2 1 1 4 2 4 2 2 12 1 1 3 2 3 4 3 9 1 5 1 2 4 1 2 3 1 5 3 1 1 2 1 1 3 2 1 1 10 3 19 4 3 2 2 209 1 1 2 3 14 1 1 348 3 22 4 2 2 2 1 3 6 1 8 6 3 1 1 1 15 2 1 2 2 8 5 37 2 12 3 8 1 1 4 2 6 36 1 1 2 14 3 4 2 4 1 4 1 1 9 4 3 1 9 2 1 1 1 2 1 1 4 1 4 2 2 94 2 4 1 1 45 5 1 11 2 27 46 1 1 2 2 63 3 1 2 62 2 3 1 3 2 1 4 1 2 1 2 8 11 8 3 3 4 11 4 2 3 1 2 1 4 4 2 2 1 1 2 2 1 3 13 2 4 1 3 3 2 2 1 198 4 9 11 1 2 2 1 1 1 4 1 2 2 1 1 2 2 7 3
2 1 15 4 1 2 1 2 1 1 141 26 2 1 2 1 3 1 2 1 1 1 2 8 6 4 17 7 4 5 5 4 2 3 1 1 3 5 8 1 7 3 3 1 7 4 2 5 1 8 4 12 1 2 5 1 3 2 7 1 1 1 1 6 1 2 2 3 1 1 12 2 4 2 2 12 1 2 2 2 1 1 1 14 2 4 6 1 3 1 2 2 5 1 1 1 1 16 7 1 2 9 2 2 2 19 3 18 2 13 3 2 2 1 5 2 8 2 2 1 14 4 1 3 2 1 3 2 18 6 2 1 1 2 85 36 2 2 2 1 1 24 7 1 1 12 1 4 2 1 2 12 82 2 1 4 3 1 1 1 2 4 1 1 1 3 2 2 2 3 1 4 14 8 1 4 1 3 2 2 2 3 3 4 1 3 27 6 2 2 10 1 14 3 16 1 2 14 1 1
1 10 11 2 1 19 1 1 1 1 1 1 1 11 10 1 31 9 5 5 31 3 27 3 1 16 1 2 3 1 1 63 2 2 2 2 2 5 3 2 4 2 1 15 1 5 1 2 1 1 5 3 6 1 1 5 116 2 15 1 4 2 1 1 7 1 12 3 1 3 4 4 2 2 2 1 1 4 1 2 2 3 2 2 1 8 1 3 1 1 2 1 10 2 3 10 3 5 2 2 2 1 28 2 2 2 1 3 1 2 5 14 2 2 1 6 2 1 2 2 2 1 1 1 3 109 1 1 1 302 2 31 3 2 42 5 1 3 39 31 2 2 10 5 2 1 1 8 10 1 1 1 1 1 2 1 3 1 2 35 69 5 1 3 2 1 1 2 24 1 1 1 2 2 6 1 7 2 3 6 4 3 2 21 3 1 2 2 1 1 2 5 1 6 2 250 3 1 9 1
9 3 2 1 1 2 3 38 3 3 2 1 2 1 5 2 5 27 2 1 4 123 1 4 2 2 1 1 9 2 11 2 3 1 18 1 1 1 2 2 1 144 1 9 2 1 2 2 1 19 1 1 1 1 8 2 1 3 2 3 2 1 1 1 3 3 4 3 2 1 1 3 1 3 21 4 1 5 3 1 2 2 25 1 1 1 1 3 2 1 1 1 22 1 3 2 26 4 4 1 3 7 8 1 30 3 3 1 2 1 3 1 28 4 1 1 46 1 3 1 2 1 6 2 2 7 2 21 1 1 2 5 2 2 1 1 2 1 1 13 2 2 12 2 1 1 28 15 1 1 6 1 4 8 1 3 2 2 3 2 4 31 2 1 2 12 1 2 2 2 1 1 4 2 4 2 2 24 2 1 1 1 8 32 1 3 3 3 2 2 2 2 1 1 1 1 2 2 1 1
2 2 3 1 3 2 2 1 1 6 3 3 1 14 2 24 2 2 1 2 2 1 1 1 1 1 2 7 49 2 3 2 3 41 1 1 1 3 2 1 8 3 1 15 5 3 1 3 1 2 2 6 1 1 6 3 2 1 6 3 1 1 3 2 7 3 9 1 1 81 1 1 18 1 2 1 2 2 3 1 2 1 4 1 68 2 6 352 2 2 5 1 4 12 2 4 6 1 1 1 1 5 2 7 4 1 5 2 1 1 3 1 4 2 1 2 11 1 4 32 5 4 3 2 1 1 2 3 1 6 2 11 3 2 4 5 3 2 1 2 2 11 3 2 1 3 2 2 2 1 1 4 1 1 2 12 1 8 2 44 4 3 1 1 2 5 19 2 3 2 2 66 7 89 8 1 1 7 2 2 3 2 4 1 2 13 1 3 3 1 5 1 1 37 1 2 7 1 3 2
1 1 1 30 1 1 2 2 11 1 1 1 1 7 2 10 1 3 17 7 6 1 7 14 2 4 1 2 1 2 3 6 1 105 1 1 1 3 3 4 1 1 1 12 1 3 4 1 1 2 1 14 2 3 4 16 3 2 3 1 174 12 1 2 2 2 2 2 2 1 5 3 1 3 2 1 4 1 2 2 1 65 3 1 3 1 2 3 2 2 72 1 1 2 2 1 1 2 3 2 1 1 1 1 1 44 3 2 1 3 1 99 4 1 2 2 2 5 1 1 11 13 5 2 4 6 12 2 1 2 4 1 1 3 2 2 1 2 1 6 5 2 2 25 1 5 1 2 5 1 2 2 2 7 1 1 2 18 1 1 1 1 3 1 1 2 34 1 5 4 1 1 1 2 2 7 1 1 3 4 2 3 2 1 1 85 1 2 2 5 1 10 1 1 1 1 2 1 1 4
1 2 1 1 9 5 6 2 3 1 2 24 2 19 2 1 200 5 1 2 1 1 3 3 1 1 79 4 1 2 28 3 4 24 1 1 1 26 1 2 2 1 2 1 2 2 2 1 2 2 1 2 1 3 2 2 5 5 2 3 7 1 1 1 1 2 2 1 4 1 1 8 1 11 2 2 1 1 2 1 12 2 26 1 1 1 1 3 7 2 10 15 1 3 2 2 2 3 1 1 5 4 3 2 1 3 6 3 2 4 2 2 7 8 1 1 1 5 3 3 1 1 1 1 34 6 6 3 2 3 2 2 5 1 1 6 1 1 2 2 67 5 17 1 1 1 2 2 59 2 17 2 1 2 1 1 3 2 1 1 1 11 2 1 2 1 2 3 2 4 2 5 3 2 1 12 3 1 2 1 5 1 24 4 6 2 13 2 1 2 14 6 2 2 2 5 2 1 1 9
2 5 2 1 1 3 2 4 2 3 99 5 1 6 2 2 35 2 2 2 3 1 1 2 1 2 3 13 2 2 2 13 21 2 2 2 1 3 1 2 2 1 5 5 18 7 2 1 1 1 2 2 1 1 1 2 9 3 103 1 2 3 3 3 2 1 1 6 26 19 2 2 1 14 1 4 2 3 2 1 2 21 2 4 1 4 63 26 1 1 41 1 2 2 3 6 1 3 20 1 1 1 1 1 12 13 1 2 4 8 2 7 2 1 8 1 1 5 4 66 3 2 1 5 1 4 2 3 2 2 1 3 8 2 2 1 2 4 1 2 1 8 1 1 2 5 1 15 1 3 4 3 2 2 2 2 3 2 1 88 7 4 2 1 2 4 1 3 1 5 3 5 3 2 2 1 1 2 1 1 1 4 5 1 10 2 2 2 4 6 1 1 1 9 2 1 4 8 12 2
10 2 2 1 18 2 3 1 1 2 5 5 2 10 1 2 5 7 2 1 4 1 1 6 1 1 346 7 51 1 3 4 4 13 2 4 2 1 1 3 7 5 6 37 2 1 4 1 3 5 2 2 2 1 2 1 2 2 8 3 23 1 2 2 6 4 2 4 3 8 2 1 6 2 107 2 2 1 25 1 1 1 2 6 1 2 1 3 1 30 10 1 2 1 2 2 2 10 188 1 1 6 2 2 2 1 3 2 4 1 19 133 12 2 1 4 4 2 4 1 2 1 2 2 1 1 2 10 9 11 3 10 2 5 2 1 4 21 2 50 21 4 59 1 2 1 101 1 2 7 3 6 3 1 2 8 31 9 2 6 1 38 1 2 1 1 1 2 1 1 6 2 46 1 9 3 1 11 33 3 4 2 1 3 1 2 1 2 1 1 4 4 3 2 15 1 1 2 1 4
2 2 1 6 1 1 1 1 6 4 3 3 1 3 3 1 7 2 2 4 2 16 8 1 1 2 2 2 2 2 1 1 1 14 1 1 4 2 2 4 4 5 4 1 14 7 4 2 1 3 11 2 2 3 4 3 1 1 2 3 1 2 1 1 2 3 3 12 4 3 1 2 4 2 7 4 4 1 2 1 10 4 5 8 1 3 323 22 1 2 1 1 8 1 5 2 2 2 4 1 1 50 1 2 2 2 2 2 1 5 1 13 4 2 1 2 2 2 8 1 1 1 1 7 1 1 1 22 3 1 5 9 1 2 5 1 2 2 1 3 1 2 1 11 3 7 4 3 4 10 1 4 1 1 1 10 3 2 2 6 3 4 1 1 2 4 2 1 1 1 2 3 1 2 1 5 1 1 1 1 30 7 2 1 3 2 1 1 1 1 1 1 2 3 3 1 3 7 2 3
2 4 3 2 1 14 3 1 2 1 1 3 3 1 13 2 2 1 2 2 2 7 3 1 2 5 1 2 1 4 1 11 2 3 2 1 3 1 1 2 2 3 4 34 1 2 1 1 1 2 2 3 1 2 1 2 1 331 1 6 2 1 1 9 6 2 1 3 1 3 2 1 2 4 1 1 9 1 2 1 5 2 3 2 6 1 1 4 1 1 6 5 3 2 1 1 3 1 2 1 1 5 3 2 3 2 1 42 3 1 2 4 4 1 1 1 3 2 1 2 1 3 1 2 2 2 2 2 1 1 3 1 1 4 1 2 1 1 1 2 2 1 23 2 4 2 10 3 1 2 1 3 4 2 3 1 3 2 1 2 1 3 4 4 7 2 44 2 1 3 1 1 2 5 3 3 1 2 1 2 4 132 1 2 3 3 1 3 1 1 2 1 3 1 1 51 2 53 8 9
2 2 2 2 1 1 1 1 1 4 6 3 1 1 1 2 3 1 1 2 1 1 3 2 16 1 5 1 2 2 8 2 20 2 2 1 2 1 2 6 17 1 3 2 69 4 1 1 1 2 4 2 3 2 1 1 1 1 1 1 3 2 2 1 5 4 3 1 2 3 1 2 3 2 9 1 1 1 4 4 130 4 1 3 2 2 2 1 1 1 1 5 2 3 10 1 1 13 6 3 3 2 1 15 2 4 2 5 60 3 2 4 3 5 2 23 2 34 3 2 1 13 2 1 6 1 1 1 1 1 2 2 1 5 8 2 1 3 2 2 1 2 1 9 1 2 8 4 1 3 2 3 1 1 5 1 2 1 10 1 1 1 2 2 2 1 5 2 7 2 3 84 2 1 13 2 4 1 30 2 2 2 2 7 1 2 3 1 8 2 3 9 1 1 1 112 1 4 8 4
8 2 9 3 2 2 1 2 2 5 3 2 6 2 2 28 3 2 2 1 17 7 2 1 2 35 6 1 13 1 2 2 1 2 2 1 2 5 1 1 3 2 4 2 22 2 2 2 6 1 1 12 2 3 3 2 2 3 3 4 1 3 1 5 3 2 1 3 1 5 2 1 1 3 2 5 2 1 1 2 1 1 1 1 1 1 2 4 2 77 3 6 1 1 1 2 1 4 2 2 46 2 10 2 1 3 1 2 2 2 3 2 2 2 1 2 1 2 2 9 1 8 1 1 2 1 1 10 5 1 4 3 1 3 1 3 6 3 1 1 1 3 15 1 1 1 3 1 22 2 14 2 6 1 2 1 1 30 3 4 1 7 2 3 1 14 2 7 1 3 1 2 5 3 1 5 1 1 1 2 10 1 6 1 2 8 2 1 1 2 1 18 2 20 1 1 4 3 3 2
3 1 2 4 47 13 3 1 2 1 2 6 3 1 1 48 10 2 1 1 6 9 2 2 1 1 1 2 1 1 14 2 4 2 1 4 1 12 1 12 3 3 1 4 3 2 1 1 5 2 3 1 1 2 2 1 7 2 2 2 9 4 1 2 1 1 1 8 3 5 6 1 1 2 1 5 1 1 1 3 1 10 22 4 1 3 2 4 7 4 2 2 3 6 2 1 6 1 155 13 3 1 5 2 2 1 2 11 2 1 1 6 2 4 2 1 2 5 1 2 1 60 2 1 1 4 5 2 10 6 1 1 7 2 2 2 1 2 2 1 2 1 1 3 1 2 2 101 1 1 11 5 1 1 1 5 3 2 1 8 1 1 1 2 1 2 2 1 1 4 1 2 2 2 1 1 8 2 3 2 13 1 1 1 1 4 2 2 3 6 3 1 2 2 1 2 2 3 1 1
19 1 4 2 1 1 2 2 2 1 1 4 1 3 3 4 2 1 1 1 6 5 1 2 1 2 2 3 4 2 2 13 2 1 7 3 92 5 1 2 5 1 2 1 2 7 1 5 5 4 13 2 1 1 1 20 2 1 1 2 1 9 1 41 11 3 4 2 1 2 3 2 2 1 4 3 1 4 5 4 1 2 1 5 5 1 5 7 5 31 2 3 1 15 1 1 1 2 1 1 1 2 9 1 6 2 2 2 113 5 84 1 13 5 6 2 2 1 10 5 1 3 10 2 2 26 2 2 6 1 2 2 7 1 3 2 1 3 4 1 5 1 5 1 2 2 1 1 1 2 2 1 1 1 7 1 2 1 2 1 4 1 1 8 5 1 2 1 9 2 2 1 6 2 3 1 1 3 1 2 1 2 3 3 1 2 1 1 6 2 1 6 1 3 1 1 21 3 2 7
2 1 5 5 2 20 2 2 1 1 7 2 1 1 2 3 2 2 2 1 3 2 1 2 1 2 1 4 1 3 2 1 2 104 1 49 3 1 1 1 5 14 5 1 5 1 3 1 4 2 121 1 2 4 1 2 6 1 26 5 1 1 2 1 2 7 1 2 1 11 1 2 1 5 2 8 22 1 1 2 29 4 1 1 1 1 1 2 66 3 10 1 2 1 2 1 2 2 1 2 5 2 1 1 14 2 20 2 2 7 4 1 1 1 3 16 1 1 4 1 4 2 73 22 6 6 2 1 3 2 5 1 1 2 2 16 2 5 1 1 2 3 11 3 13 1 1 8 4 1 4 1 1 2 1 6 2 3 9 2 1 1 107 1 1 1 7 1 5 2 5 1 90 2 2 3 1 1 1 2 4 2 2 2 1 11 1 7 11 1 2 1 3 3 14 2 6 5 1 2
1 1 2 1 2 1 1 195 1 1 11 4 2 4 2 2 6 1 13 3 2 4 8 4 2 69 32 7 14 1 38 4 3 119 6 2 1 1 42 2 2 2 1 1 1 1 3 1 1 3 1 20 8 5 4 1 2 1 1 7 48 3 3 1 6 9 1 4 4 4 1 2 12 10 1 1 5 1 5 1 1 2 4 2 2 1 2 2 1 4 1 3 2 7 6 2 10 2 2 10 1 1 2 5 1 1 19 2 5 1 4 2 5 3 9 3 2 1 2 1 3 1 1 1 1 1 11 3 1 5 1 2 2 2 2 3 1 1 1 2 1 3 14 1 2 2 1 3 1 2 1 4 5 1 1 1 2 2 2 5 1 16 13 2 2 1 1 2 3 2 1 1 1 2 3 1 1 1 2 7 1 4 2 1 1 2 2 2 2 1 4 3 2 1 17 2 3 2 1 1
4 2 3 4 1 2 2 3 1 2 2 10 2 1 1 3 5 6 4 1 1 4 2 12 1 12 1 2 1 2 1 1 1 2 2 2 1 4 1 2 2 3 25 1 1 2 2 3 9 20 9 5 4 2 5 1 1 2 2 23 4 2 1 1 2 2 3 2 1 1 3 2 4 1 1 27 2 1 1 67 1 4 1 1 1 6 1 17 1 3 7 1 3 2 2 1 1 3 2 1 2 7 3 1 3 2 1 2 18 1 3 2 4 3 3 1 1 9 10 3 3 2 5 3 4 2 5 1 5 2 1 2 1 2 1 10 8 3 3 2 2 1 7 3 5 2 3 37 2 3 12 1 2 2 1 2 1 1 1 1 3 2 2 6 2 1 1 2 2 1 1 1 3 2 1 1 2 5 3 3 1 12 2 3 2 10 2 2 2 1 1 2 3 1 2 11 2 2 3 5
2 1 2 1 5 2 2 1 1 1 1 3 1 3 2 1 1 10 2 7 1 4 2 1 7 1 5 1 1 3 1 7 4 2 1 1 2 2 1 11 3 1 1 1 1 2 9 1 31 11 4 1 1 2 3 2 1 7 1 3 1 2 1 2 1 2 2 2 4 10 6 1 2 3 1 1 2 8 5 1 1 2 2 2 5 1 2 3 45 50 1 3 2 44 7 1 6 2 7 5 1 1 3 1 1 2 2 6 1 2 2 4 1 1 6 1 2 4 4 4 2 1 2 1 1 1 2 1 2 2 1 2 5 4 1 16 1 5 2 8 1 1 3 14 8 2 1 1 1 11 8 3 1 19 2 1 2 1 45 1 2 3 1 3 7 2 2 6 1 2 7 6 1 2 2 1 19 21 45 40 1 2 1 4 1 4 1 1 1 2 1 1 2 1 4 6 2 1 5 2
3 2 2 2 6 5 3 14 175 3 17 1 1 1 1 4 3 2 1 1 16 12 2 8 5 23 1 3 2 2 4 1 1 2 10 2 2 3 3 3 7 2 7 6 3 1 8 1 2 3 1 5 2 3 195 9 5 1 2 2 2 2 2 1 2 2 7 3 5 38 3 2 1 2 2 2 3 2 1 1 1 2 2 2 2 1 2 1 5 2 1 2 2 2 5 1 25 2 4 1 2 2 3 1 2 6 5 1 2 9 2 2 2 2 16 2 1 1 1 1 3 7 1 10 3 1 74 1 9 7 5 1 2 1 4 1 2 1 6 3 1 1 1 23 4 2 1 3 7 1 5 1 3 1 1 1 1 47 9 2 4 1 6 42 50 45 1 2 2 3 2 3 2 14 11 2 3 1 2 5 6 1 2 2 1 1 3 2 1 1 1 2 2 3 1 2 4 113 60 1
6 1 4 2 1 1 1 1 1 2 4 2 6 2 1 1 5 20 2 83 5 2 12 2 5 2 2 4 17 7 5 2 1 2 3 9 13 4 1 3 1 1 1 1 3 1 4 1 5 1 3 3 1 1 1 1 5 4 1 1 1 3 2 1 9 1 1 1 2 1 2 8 1 1 7 4 1 1 6 2 7 2 3 5 1 1 3 3 1 1 1 2 1 7 9 5 14 6 2 4 2 1 2 1 1 65 2 3 1 2 1 1 1 2 25 1 1 1 2 1 9 2 1 15 8 20 1 1 4 2 3 10 2 5 6 2 2 1 2 2 7 5 3 1 3 1 2 2 6 2 2 23 3 2 110 2 6 5 5 10 28 6 2 16 59 2 3 3 1 1 7 1 1 21 4 3 13 3 1 1 1 2 2 7 7 1 133 1 4 19 5 4 124 5 1 6 2 2 5 2
2 2 3 4 200 2 2 1 2 1 2 2 3 1 1 2 67 5 1 7 1 3 7 2 3 1 1 1 1 1 2 2 11 1 2 2 5 1 2 1 14 3 2 1 15 4 6 9 7 1 2 3 1 7 4 4 2 1 2 3 3 1 2 1 1 23 1 4 1 3 2 19 5 3 1 3 13 1 1 1 4 1 1 2 1 10 1 2 7 21 2 2 3 2 4 1 2 2 2 6 2 1 4 3 1 2 2 2 1 1 2 3 6 2 14 1 1 2 2 12 1 3 2 1 3 6 1 1 1 4 2 60 2 2 3 11 41 1 2 1 2 2 1 2 2 2 2 1 1 1 2 6 9 1 1 2 9 1 1 4 3 2 47 1 16 2 3 6 2 15 1 6 6 23 2 8 1 2 1 3 2 14 4 1 1 13 1 1 2 5 3 11 2 1 2 2 3 3 2 5
1 1 24 3 3 2 3 2 2 4 3 3 2 15 1 5 19 12 2 13 1 2 1 15 1 8 1 2 1 2 1 1 5 3 3 1 4 1 3 22 1 1 9 2 3 3 15 1 2 1 2 1 4 2 1 3 1 1 2 2 1 2 4 13 12 9 1 26 2 6 1 1 5 7 3 4 1 2 1 4 2 1 2 2 3 14 4 2 6 2 47 3 3 1 2 1 10 2 5 1 2 7 4 4 2 9 1 1 3 1 2 1 1 7 1 1 2 3 6 6 2 2 1 2 4 4 53 2 1 4 3 1 2 1 2 1 1 10 17 1 2 1 2 1 1 1 1 3 7 2 1 1 1 19 1 1 3 3 1 8 2 6 1 2 30 4 2 3 1 2 3 1 1 2 2 1 1 1 29 2 1 2 1 7 4 6 10 3 2 3 2 1 4 3 1 3 4 20 2 3
13 1 2 1 2 2 2 4 20 4 10 3 3 8 1 2 6 2 1 2 44 2 2 2 4 4 3 4 1 3 1 3 2 17 2 2 4 2 1 3 2 1 2 2 7 3 3 3 10 3 2 1 4 6 10 2 1 1 1 1 5 2 1 2 1 3 2 1 2 4 2 4 2 2 5 1 2 2 2 2 1 3 5 1 1 1 2 5 1 9 2 1 19 1 1 2 2 1 1 3 2 12 2 2 1 3 2 4 1 1 139 1 3 4 2 2 3 2 2 1 2 1 1 1 9 1 1 1 2 1 2 1 1 1 1 2 1 1 1 2 1 3 2 3 3 1 2 2 1 7 3 10 1 7 3 5 1 1 1 1 3 2 2 2 1 2 1 2 3 2 12 1 1 1 1 2 31 4 3 1 1 1 1 1 1 2 34 3 1 48 6 2 2 2 1 8 1 1 2 4
4 1 11 3 2 5 3 1 2 2 2 4 2 2 5 4 6 2 4 2 1 2 1 2 5 1 1 1 1 9 2 1 5 1 2 2 2 1 3 3 1 2 2 2 20 33 1 1 9 2 1 3 2 7 18 5 25 2 2 1 2 2 1 1 2 2 1 1 2 1 1 4 1 20 8 1 1 4 2 1 1 5 2 2 3 1 1 2 1 29 2 2 2 4 3 1 3 1 3 3 12 2 2 4 2 9 2 1 1 1 2 2 1 1 2 3 1 5 2 1 2 1 6 9 1 2 1 1 1 2 3 14 1 3 8 1 3 2 19 1 1 1 2 5 1 3 1 1 1 1 2 3 1 3 1 1 6 1 11 2 28 3 2 1 4 3 10 1 3 3 1 3 3 1 1 1 3 3 40 3 1 2 4 8 1 8 48 1 1 3 2 3 4 5 2 1 3 12 1 9
1 3 5 1 27 123 4 8 1 4 3 3 9 1 1 1 2 1 1 1 3 13 1 16 145 2 8 1 1 2 2 3 1 27 4 4 1 3 3 2 1 2 3 2 8 2 11 2 4 8 1 5 3 1 3 4 1 2 2 3 3 4 1 2 2 3 2 1 5 2 2 11 49 1 4 3 1 2 2 75 2 4 4 16 1 1 2 2 5 2 2 5 1 3 3 2 5 4 30 7 2 17 1 3 2 3 4 5 2 4 4 2 2 1 5 2 1 1 5 1 1 11 1 1 2 3 3 4 40 1 96 9 5 9 1 2 1 1 2 3 4 1 3 22 1 1 10 8 1 1 2 2 1 1 1 4 9 2 2 2 1 1 3 1 1 10 5 2 1 6 1 4 3 2 2 1 1 2 5 5 1 3 2 3 2 9 1 2 2 2 59 2 1 1 4 9 6 2 8 10
2 1 4 3 1 1 13 4 2 4 1 4 3 147 2 20 1 1 1 6 2 297 5 1 10 2 2 1 5 4 2 7 8 3 2 5 2 2 2 4 1 2 11 25 6 1 1 1 2 1 1 2 1 1 1 6 3 2 2 5 1 1 1 1 3 2 5 8 2 1 2 2 1 3 1 5 1 1 1 3 3 1 1 8 1 1 12 4 2 2 1 4 3 2 1 4 2 2 2 2 14 3 3 2 7 7 3 1 40 8 1 64 1 2 1 1 1 1 2 8 4 1 6 9 3 11 4 4 6 2 3 1 1 1 3 1 2 6 1 3 2 2 1 2 4 2 2 2 1 6 2 8 2 3 5 4 4 2 51 3 1 6 3 5 3 6 2 2 2 4 2 2 13 4 2 2 1 1 1 36 10 33 2 2 7 3 2 1 2 13 2 33 1 5 1 1 1 1 2 9
8 5 1 6 2 1 1 2 5 16 2 2 2 4 2 3 4 2 11 16 2 2 2 1 4 1 4 1 6 1 2 1 2 2 1 3 1 7 2 5 1 1 7 2 1 1 1 22 2 2 3 10 5 5 2 1 4 1 15 2 6 1 9 44 2 2 2 2 2 1 2 1 5 1 2 2 3 1 2 1 2 2 1 1 1 2 1 14 3 2 6 2 4 1 7 11 2 5 3 3 1 2 2 4 37 4 10 13 1 2 1 3 1 1 2 23 7 1 18 14 2 2 78 1 2 1 1 1 3 8 2 11 11 2 1 81 1 2 3 8 2 2 4 2 5 3 1 1 3 6 1 1 5 11 1 1 3 1 19 13 1 1 6 1 3 1 3 2 2 2 2 1 1 1 8 1 1 1 3 10 2 1 1 2 1 2 2 6 1 1 1 97 2 2 2 7 1 1 1 2
1 1 3 2 1 7 5 2 2 4 2 8 2 1 3 1 1 1 2 2 3 400 3 2 7 2 1 2 2 7 2 4 1 3 5 4 1 2 1 2 2 1 1 1 3 20 1 5 55 2 17 2 154 1 2 2 2 1 2 2 23 6 4 1 1 1 25 1 2 1 2 1 1 3 2 1 2 1 1 4 1 1 10 4 1 9 2 1 2 2 2 3 2 3 2 5 8 4 3 21 2 13 1 10 2 1 1 1 5 2 3 9 3 1 2 1 1 1 7 1 7 1 1 1 2 5 3 3 2 1 2 1 77 2 1 2 1 1 31 2 33 2 2 2 1 1 25 2 2 1 2 1 1 2 1 1 4 3 1 1 7 1 2 4 1 2 1 4 1 2 2 3 2 1 3 1 1 1 9 1 3 4 7 47 1 37 1 2 2 9 2 2 3 1 4 2 2 2 83 5
1 2 4 78 2 2 2 1 1 2 3 1 2 31 43 1 1 2 3 1 1 7 2 1 1 4 143 2 2 5 2 2 2 2 2 6 1 2 2 4 2 2 2 2 1 1 2 2 1 7 1 8 1 6 1 2 7 3 4 12 4 5 2 3 1 2 8 8 2 1 1 6 2 2 2 1 3 29 5 14 3 5 2 9 1 3 2 6 4 1 4 3 4 1 1 1 4 1 1 2 1 1 1 1 2 1 6 8 1 1 5 5 4 3 1 5 3 1 9 2 4 2 7 2 3 3 1 8 4 1 11 3 2 2 3 2 3 4 4 2 2 1 2 16 1 3 6 2 1 3 4 6 5 5 1 2 1 5 1 1 8 1 2 1 44 51 3 3 10 2 1 13 3 3 2 2 1 2 4 2 1 2 19 2 2 2 2 2 4 2 1 6 1 3 2 92 1 1 8 3
2 2 1 1 2 8 28 2 3 2 2 1 2 5 10 2 1 1 5 3 2 1 2 1 4 2 2 1 1 1 1 5 1 2 2 14 1 2 2 2 1 1 3 2 1 10 1 2 3 2 2 13 2 22 1 1 2 2 2 13 2 1 1 4 1 1 1 7 2 2 4 121 1 1 1 5 13 1 1 10 2 3 3 2 1 2 1 1 12 5 3 2 1 6 2 2 1 2 1 2 2 7 1 2 2 1 4 8 1 5 2 2 2 2 4 2 2 2 6 2 2 2 2 105 1 4 26 20 1 14 2 3 9 1 2 39 2 2 2 7 2 2 1 1 4 3 2 2 6 1 1 1 3 4 3 1 1 3 3 12 1 2 1 2 4 7 1 4 2 2 9 7 1 8 1 1 2 3 2 2 2 3 1 4 1 6 1 2 3 1 1 2 2 10 2 1 7 2 2 2
4 2 1 2 1 1 15 1 3 32 2 1 1 2 2 6 44 5 1 1 3 2 2 3 2 1 1 1 1 2 400 10 3 1 1 5 4 68 1 1 3 4 1 2 1 1 1 1 1 1 10 1 3 1 21 4 3 1 2 1 2 1 6 1 1 1 1 1 3 1 3 1 1 8 25 2 1 26 2 3 4 2 5 8 2 1 1 2 4 1 1 2 2 2 85 16 2 1 6 48 2 2 1 1 2 2 3 4 1 4 2 3 1 2 1 3 2 4 3 19 2 12 1 2 3 10 2 2 1 3 4 1 9 2 2 4 2 2 4 1 3 2 2 4 2 1 1 9 1 1 1 2 6 1 3 2 7 21 1 9 2 1 1 2 4 2 1 2 5 1 1 12 15 4 1 8 1 2 1 5 1 2 5 1 7 1 1 3 1 3 1 4 9 1 2 1 3 1 6 2
26 7 3 3 7 10 2 1 6 19 4 1 14 2 2 1 6 22 2 2 2 2 3 2 2 1 113 3 2 3 14 2 2 1 1 3 1 1 3 2 1 3 4 2 17 2 1 10 1 1 3 1 2 1 1 1 2 2 2 1 1 1 1 2 1 3 1 1 2 11 5 1 2 1 2 4 2 1 2 1 3 11 1 2 7 3 2 1 9 2 20 1 2 1 21 2 1 2 4 1 5 8 2 1 4 2 1 2 1 3 10 2 2 1 1 1 3 3 1 1 3 1 1 7 1 2 24 2 3 2 3 1 1 6 7 2 2 2 1 5 1 2 1 1 4 67 3 7 1 2 3 1 3 4 2 12 2 1 2 2 8 38 2 2 1 1 1 1 2 1 2 2 1 3 1 5 43 4 2 2 3 10 2 3 1 1 3 2 1 4 2 1 1 1 1 5 10 2 1 9
6 1 1 1 2 4 4 1 3 1 37 1 1 1 2 8 2 2 4 2 7 1 1 148 1 2 16 1 13 1 1 1 1 3 24 1 2 4 2 1 1 1 1 1 13 1 4 8 2 1 3 2 2 2 2 3 1 1 3 1 2 9 9 2 1 1 2 3 1 4 2 2 10 5 2 1 2 3 1 17 1 1 9 1 9 2 16 3 1 7 1 3 1 2 1 1 2 3 1 2 21 1 10 1 4 1 3 2 8 1 2 3 1 1 35 2 1 9 2 2 2 13 4 1 1 64 3 3 1 1 4 1 25 2 7 1 1 3 1 2 1 1 4 2 1 2 1 3 3 7 1 1 2 2 2 4 8 3 2 26 1 1 19 2 1 1 6 2 1 2 10 1 1 7 3 2 2 1 5 7 14 3 1 8 12 1 23 1 1 2 1 1 1 2 1 2 1 3 15 1
3 2 6 3 3 2 2 70 1 1 1 1 18 1 8 1 2 2 1 1 2 1 1 1 2 3 3 1 1 1 1 2 1 4 13 8 4 3 2 2 2 1 12 2 3 1 2 1 5 19 3 2 2 1 2 1 2 9 2 1 1 2 7 10 1 2 1 8 1 3 2 2 1 2 1 2 11 2 4 1 2 2 1 1 5 2 1 17 21 2 2 1 6 6 1 2 37 2 4 2 11 1 2 10 1 2 9 1 3 2 1 16 1 1 3 4 1 3 1 2 2 190 5 1 1 1 2 26 8 11 3 2 2 1 2 5 1 9 4 2 2 5 5 43 1 1 7 3 2 2 2 415 49 2 3 17 1 3 22 9 47 10 1 3 1 1 1 1 1 4 1 1 2 1 4 5 7 2 14 2 1 2 1 3 11 2 7 7 3 3 2 2 7 4 1 3 3 13 3 3
1 1 1 1 44 302 1 51 2 3 1 1 2 7 6 2 9 11 19 5 2 41 2 1 3 4 1 1 2 17 31 1 1 2 3 7 3 3 4 1 50 5 2 2 4 1 2 1 1 1 1 1 2 2 2 3 3 1 2 1 2 3 2 2 3 4 1 2 1 2 1 1 15 3 2 2 6 4 7 1 26 2 2 1 2 2 5 2 2 36 1 12 1 1 2 3 1 5 75 1 1 16 2 2 1 9 5 1 5 1 57 1 9 1 2 3 13 2 7 9 10 1 1 2 2 3 1 5 15 2 2 1 1 394 31 1 1 26 2 28 2 1 7 1 10 1 2 4 2 2 3 3 1 2 2 1 1 1 2 2 1 1 1 18 1 1 3 2 7 2 5 2 7 2 5 1 1 3 7 2 2 3 1 2 4 5 14 6 1 3 1 2 3 1 1 2 3 6 4 2
4 8 3 3 2 3 2 2 1 5 1 1 4 1 3 2 1 2 1 1 2 2 5 6 2 2 7 8 28 3 5 4 8 1 4 1 1 2 3 1 3 1 1 7 3 2 4 10 17 2 1 1 5 1 2 3 1 2 5 3 2 1 3 1 2 2 40 1 2 2 1 1 1 1 2 8 1 2 2 2 5 3 1 2 18 1 3 1 1 2 2 2 3 3 3 1 4 6 6 33 2 3 5 4 1 2 6 1 2 1 2 2 22 1 3 4 1 2 2 3 1 2 2 1 2 2 5 2 2 3 4 2 6 57 1 9 2 1 1 1 4 2 3 6 1 3 2 2 4 16 4 1 1 3 4 1 1 10 2 1 4 9 1 4 1 1 9 14 2 1 1 1 5 2 4 3 3 2 5 9 3 1 1 3 2 1 1 1 2 1 9 3 3 1 2 9 1 7 1 2
1 4 6 1 4 2 36 1 2 7 3 6 2 1 9 4 2 2 8 3 1 1 3 2 1 1 13 15 2 3 1 1 2 1 1 1 2 23 1 1 2 10 1 3 4 4 1 1 3 3 2 2 2 2 3 4 2 3 11 11 1 3 3 23 39 1 4 1 1 2 3 2 3 4 95 1 1 2 2 1 3 2 14 1 2 1 50 2 1 3 17 4 12 1 1 2 9 4 6 2 55 17 9 2 6 2 1 2 4 1 4 1 1 4 7 11 3 2 1 2 2 3 4 1 1 1 14 431 2 6 4 1 40 2 2 1 13 1 22 2 1 3 1 3 3 3 1 1 10 2 1 2 2 2 2 1 6 4 1 8 2 1 3 1 4 6 15 3 6 5 7 4 2 3 1 1 2 1 2 4 4 1 7 1 2 1 5 1 2 1 11 1 3 2 3 1 55 4 2 3
2 6 2 1 1 9 2 4 2 5 2 5 5 4 13 1 2 2 2 8 2 4 2 1 2 3 100 1 3 1 2 1 3 2 2 2 4 1 196 2 1 9 7 8 14 2 19 2 2 2 1 3 1 1 2 7 3 2 2 1 2 3 6 1 2 90 2 27 7 4 7 2 1 2 1 2 1 1 5 4 1 2 4 2 3 6 2 2 2 1 2 58 2 182 2 1 1 2 9 1 1 1 2 1 1 5 6 1 1 3 5 7 4 3 1 2 2 1 22 21 6 34 1 3 1 4 5 3 2 3 1 2 1 10 1 3 14 1 3 1 1 1 1 1 2 28 2 1 4 14 1 1 1 4 1 2 7 3 2 4 1 4 1 11 2 4 2 3 2 2 3 3 1 1 2 5 33 2 1 1 1 1 2 5 1 16 3 2 9 1 2 18 1 1 3 9 1 2 3 2
1 1 7 2 2 3 2 3 2 119 4 2 1 2 4 6 1 17 1 6 7 1 28 2 1 5 2 2 4 1 2 1 2 1 1 2 1 1 2 3 13 1 8 1 6 1 3 3 8 2 24 4 1 4 2 4 5 1 3 1 65 2 2 1 2 1 9 15 1 3 3 1 1 4 1 1 2 2 2 1 3 2 2 2 2 10 5 2 1 2 5 2 1 10 6 2 1 2 6 2 1 2 1 1 10 3 1 8 2 5 1 7 7 5 2 1 2 5 10 2 2 2 4 1 4 2 2 2 1 1 7 2 4 2 1 1 2 1 2 3 1 1 2 2 2 1 1 3 1 3 2 1 2 1 2 2 1 6 2 7 3 2 1 23 1 2 2 2 1 1 1 6 2 2 3 7 2 1 25 2 3 2 1 5 2 1 1 43 3 3 2 3 3 1 1 32 2 5 2 6
38 15 5 16 375 1 7 1 2 1 4 2 2 2 1 2 2 1 95 2 2 4 1 2 3 4 3 2 1 2 1 3 10 1 22 3 11 1 2 4 2 2 2 4 1 1 6 17 9 1 1 3 8 3 1 3 2 1 1 2 2 2 3 2 2 1 1 44 68 2 3 1 3 3 1 3 1 1 2 1 1 111 9 17 3 3 241 3 3 3 5 1 1 66 1 1 1 1 3 6 2 7 1 5 1 1 2 3 5 3 1 2 1 95 2 5 2 5 1 1 2 1 2 2 1 1 6 1 5 1 1 3 4 5 2 2 2 7 2 2 2 1 5 1 2 2 3 2 4 2 2 1 4 1 2 3 2 2 6 2 1 1 1 4 4 18 2 8 1 2 1 3 1 2 5 1 7 15 1 6 7 13 3 11 295 2 1 2 4 1 1 1 2 1 1 1 2 1 3 9
1 1 1 1 3 11 5 3 2 16 7 2 1 32 7 1 1 1 6 1 1 2 2 2 19 3 3 3 1 3 2 3 1 2 5 2 3 2 3 4 11 1 1 1 28 15 2 1 4 3 28 3 2 2 3 1 4 3 1 3 2 32 3 2 1 6 1 4 2 3 34 6 5 1 3 3 3 1 2 17 3 3 4 2 1 1 3 1 4 2 5 1 6 1 4 1 29 21 2 2 1 1 3 1 1 48 9 6 2 2 1 3 1 1 3 1 1 10 1 3 2 5 26 1 1 1 1 1 2 14 1 2 1 1 2 1 2 3 2 1 2 1 5 1 10 1 3 8 2 2 2 3 2 5 237 2 3 20 1 3 2 79 6 1 260 2 3 3 1 11 1 3 14 3 8 3 2 1 4 3 1 2 91 2 2 4 4 2 3 3 1 1 1 2 3 1 1 2 3 177
1 5 7 4 1 20 3 3 1 3 1 4 2 1 1 41 2 1 1 28 1 5 4 12 1 1 1 6 3 1 2 2 7 2 3 1 4 1 1 2 2 3 3 3 3 1 2 1 1 2 2 2 2 1 2 2 7 1 2 3 3 3 2 3 2 8 2 34 1 1 14 1 2 2 1 5 1 2 3 1 11 154 3 1 2 2 2 1 2 4 3 2 2 1 1 1 60 15 1 3 1 1 1 1 3 5 4 4 3 5 2 1 9 2 1 2 3 3 5 7 1 3 3 6 2 1 5 1 1 1 1 1 2 4 2 72 2 4 1 17 2 1 2 2 2 3 1 2 30 1 18 1 1 1 3 13 1 1 3 7 3 2 5 3 1 1 1 2 11 6 2 9 2 1 1 2 2 2 2 1 3 2 1 24 1 2 1 4 1 1 1 1 1 2 1 49 48 2 3 2
1 2 74 1 2 6 2 4 1 2 2 1 2 1 2 2 2 4 2 3 8 16 8 16 1 2 1 2 1 1 4 1 4 2 10 4 2 12 2 2 1 9 7 1 3 2 3 1 1 2 2 27 2 1 3 2 2 2 24 1 13 2 1 2 30 1 3 2 1 2 1 1 6 2 1 2 6 1 1 24 4 2 5 5 2 2 1 1 4 4 3 2 2 10 1 1 5 7 9 1 1 1 1 2 3 2 1 1 17 1 2 2 44 4 1 5 1 1 2 6 1 1 1 2 2 1 3 2 2 1 6 2 1 27 1 1 1 9 3 2 266 1 2 18 2 5 4 2 8 2 2 3 6 2 7 17 4 2 2 5 4 2 5 2 1 5 3 2 7 2 1 120 2 2 2 13 3 1 5 2 15 18 2 3 2 2 6 1 16 2 2 1 19 2 1 1 5 4 3 2
2 2 2 1 1 4 3 1 7 2 4 1 3 1 3 3 1 3 15 10 1 1 1 1 31 1 1 1 2 2 2 3 2 34 1 2 12 2 1 1 2 2 21 1 2 1 1 1 1 9 1 11 2 1 2 1 2 1 3 1 1 3 1 1 2 2 2 1 5 1 2 1 1 5 6 1 2 1 1 2 4 12 7 1 2 2 1 2 2 2 3 2 7 17 4 1 7 1 10 2 2 1 3 16 2 1 5 1 1 86 2 2 10 8 2 45 2 7 1 3 4 1 1 1 11 2 4 2 2 14 2 1 6 2 2 2 8 2 10 10 2 4 16 6 1 1 2 2 3 1 1 9 6 1 2 1 1 10 1 2 1 4 29 1 9 2 2 3 3 1 2 1 3 22 2 1 1 2 1 11 1 21 9 6 3 4 3 35 2 4 4 1 4 8 1 1 6 2 1 1
1 1 2 1 2 3 2 1 1 1 1 2 5 7 1 1 20 4 2 7 3 1 16 6 1 1 2 2 8 1 1 6 4 1 1 2 1 39 80 1 2 1 2 1 25 2 3 35 2 5 4 2 1 2 4 9 1 6 3 2 2 1 3 5 4 7 1 4 1 1 28 1 1 1 1 1 13 1 4 2 2 313 2 2 1 1 2 3 2 1 1 6 4 1 1 2 3 3 4 3 1 1 29 2 18 2 9 9 1 3 1 1 27 3 4 3 5 5 1 2 1 1 1 2 10 1 1 1 38 1 1 5 15 147 11 2 6 3 14 1 2 24 1 1 3 4 14 10 3 7 3 2 2 20 1 2 17 6 3 1 2 1 6 1 3 15 2 2 3 3 1 4 3 1 2 193 333 2 2 1 3 1 9 169 3 9 1 2 1 2 2 3 1 5 1 1 58 28 2 6
6 4 2 1 1 2 2 2 3 10 13 3 1 2 2 2 9 2 3 2 1 3 2 2 83 5 1 2 1 3 1 2 2 13 2 8 6 2 8 1 4 6 1 1 2 2 2 1 10 2 1 1 2 2 2 22 1 2 2 2 4 17 15 2 4 7 3 1 2 1 13 1 3 1 8 2 81 3 1 3 1 1 1 2 22 2 1 2 2 1 94 1 2 2 6 19 3 2 3 1 2 1 4 5 2 1 2 2 2 2 2 2 2 2 15 1 1 16 1 1 1 2 3 3 1 1 2 1 3 42 4 1 4 2 2 32 5 3 1 2 1 6 5 1 3 2 1 5 2 4 3 2 2 4 52 8 2 3 5 1 8 3 4 3 1 14 2 16 127 3 2 27 2 3 2 3 1 2 2 7 3 2 2 3 1 7 1 1 1 1 1 2 1 1 16 2 2 1 12 2
3 14 2 1 1 3 2 13 1 4 21 1 5 3 3 17 3 1 1 3 1 1 6 1 1 21 2 2 25 6 2 1 11 1 9 3 1 2 6 8 2 11 1 5 1 1 1 2 2 11 2 57 6 1 4 2 2 3 2 2 31 1 5 7 4 4 24 1 7 2 2 1 5 2 1 1 3 1 1 3 2 2 1 8 10 2 4 1 2 6 1 2 1 1 4 1 3 3 2 21 7 5 4 1 4 2 2 68 36 1 2 1 2 2 1 4 2 3 2 2 1 4 11 2 2 3 2 2 2 20 1 1 1 3 2 2 2 5 2 2 13 2 3 1 2 1 2 7 2 2 1 5 1 2 2 22 1 158 3 2 1 3 2 11 3 2 2 2 1 7 1 1 17 6 3 16 1 2 2 6 2 4 2 3 4 3 2 2 5 1 5 1 20 2 6 2 1 2 21 13
1 1 1 4 1 1 1 4 2 1 2 2 1 1 2 1 2 2 6 8 9 2 3 3 2 2 7 3 1 3 2 1 30 1 1 3 4 4 1 1 1 1 1 2 2 2 2 2 2 2 1 1 9 5 2 16 4 4 5 2 2 1 1 3 2 13 2 2 1 1 4 13 39 2 1 13 5 4 3 1 16 5 2 4 1 1 1 2 2 2 2 2 3 3 1 2 1 3 3 4 13 4 1 8 17 3 26 2 2 2 3 3 2 1 2 1 1 6 3 4 1 7 1 1 2 2 5 1 2 1 4 77 1 3 2 1 3 8 1 1 3 2 2 5 3 1 1 33 1 3 6 3 3 1 2 2 5 1 2 17 2 21 4 1 5 4 1 2 4 3 1 3 1 2 3 4 1 1 1 114 3 2 8 2 2 4 2 4 2 3 1 7 10 2 1 1 24 1 4 1
1 1 2 1 4 2 4 1 2 5 2 2 6 4 4 5 1 2 40 1 1 1 2 1 3 1 1 2 2 3 1 3 2 23 3 21 3 5 1 1 6 2 1 1 73 1 12 7 2 2 4 3 4 2 3 1 2 2 1 15 2 2 2 3 2 2 4 3 1 1 2 7 2 1 19 1 3 7 1 3 3 2 1 3 2 1 12 2 1 10 1 2 4 4 1 3 1 2 6 1 1 12 8 1 1 21 4 3 2 1 1 7 1 2 5 6 1 4 1 2 1 1 2 1 1 14 13 6 1 1 2 1 1 7 13 2 1 5 3 19 1 4 1 12 1 4 2 1 1 3 41 8 7 2 1 2 50 1 6 2 8 2 5 2 2 4 4 1 2 1 1 2 3 2 1 6 1 2 1 3 3 4 1 2 2 9 3 3 2 4 1 1 1 2 2 1 2 2 2 1
1 2 3 9 4 1 4 1 1 1 1 11 1 3 2 8 1 1 2 5 1 4 2 1 4 6 7 1 3 47 1 7 4 2 4 1 1 6 6 1 2 1 2 1 2 1 2 2 1 2 1 24 2 1 1 4 58 10 2 2 5 4 3 1 1 4 2 13 4 4 63 4 7 1 2 1 2 3 1 1 3 3 1 1 55 2 5 3 2 16 2 9 2 1 5 7 2 3 2 2 2 1 2 3 3 9 2 5 1 1 9 1 3 6 3 1 1 2 2 1 3 2 1 3 2 2 3 28 3 10 2 1 1 7 10 2 8 2 3 30 17 2 7 1 2 7 2 2 10 2 1 3 3 2 5 1 1 2 1 3 8 13 1 2 2 8 4 68 1 1 43 2 1 1 8 2 2 2 2 2 6 1 2 2 3 1 2 6 2 8 26 2 1 1 3 10 1 1 1 2
2 1 2 1 4 8 2 2 20 3 22 1 4 2 8 5 2 15 2 12 1 1 8 2 2 1 1 2 1 5 3 1 2 8 1 3 3 3 2 4 2 2 42 1 2 2 5 1 2 2 1 2 17 15 5 3 2 1 7 4 3 21 2 1 4 2 1 2 2 1 5 2 2 2 2 3 10 4 4 1 4 3 3 4 13 1 10 3 1 2 3 2 2 40 2 8 1 1 1 2 1 3 2 3 1 5 1 15 2 3 5 3 1 1 12 1 97 2 2 1 3 2 3 1 1 21 59 2 2 2 2 1 4 9 2 1 5 1 1 1 9 4 3 6 1 2 3 8 147 1 3 1 2 1 4 1 2 26 1 2 3 1 2 3 2 1 3 9 1 22 23 36 1 2 1 1 1 1 2 5 2 4 3 2 3 9 4 3 8 1 2 2 1 17 1 2 2 13 5 3
1 1 1 3 2 6 2 1 10 6 2 2 1 2 2 46 1 11 7 2 10 24 1 1 7 6 4 1 1 1 2 3 1 1 4 7 1 1 2 2 2 1 3 1 5 2 1 3 15 1 1 6 3 4 24 3 1 1 5 1 4 2 2 108 1 3 4 4 2 1 3 2 2 1 6 2 3 2 2 1 4 1 111 1 2 6 2 1 11 5 11 1 1 1 1 12 5 1 3 1 1 1 2 2 3 2 4 3 2 3 2 2 1 1 1 2 1 2 2 1 1 1 1 1 2 9 1 37 2 1 1 3 3 2 3 1 7 1 1 3 2 1 1 2 6 2 1 2 5 7 4 1 1 2 2 3 3 2 2 8 16 13 5 1 3 3 3 2 1 1 1 9 3 8 4 1 2 4 2 10 2 1 2 1 1 7 2 4 6 2 2 4 4 1 2 1 2 1 2 1
3 1 1 6 2 10 3 8 2 3 2 7 2 1 3 13 1 1 1 4 5 1 2 13 17 2 2 3 154 2 1 2 1 1 2 3 1 5 160 2 11 1 3 2 1 3 3 1 1 1 2 6 1 1 1 1 1 1 2 9 2 1 2 12 6 2 1 2 2 2 4 3 7 1 3 12 2 2 2 1 1 1 11 7 2 4 2 6 1 2 1 1 5 2 4 1 5 3 2 2 7 4 1 2 1 1 1 9 3 97 3 6 3 1 2 7 1 3 24 3 4 5 7 2 3 2 20 1 1 1 1 2 1 2 1 2 2 16 4 1 2 2 2 2 4 4 10 7 1 21 3 1 3 1 1 1 4 5 2 3 3 2 15 1 18 5 2 10 3 1 1 2 7 1 2 1 1 3 8 4 5 1 2 4 3 56 1 1 4 2 1 1 3 1 2 17 2 2 4 13
1 2 3 2 1 2 1 1 28 16 2 3 7 18 1 4 1 11 1 1 8 1 2 1 12 1 2 1 11 3 4 2 1 4 1 1 2 5 1 1 3 5 3 1 1 1 2 13 21 9 2 1 1 1 1 2 1 1 2 2 1 3 1 2 1 3 2 15 5 2 1 7 8 1 1 3 3 2 1 2 6 2 1 5 2 4 1 1 20 1 1 3 1 7 1 9 2 1 20 1 3 21 40 10 2 5 1 5 5 3 2 2 2 1 3 131 5 1 1 5 3 20 11 3 3 1 1 8 3 2 5 5 2 2 279 4 1 7 17 1 1 2 3 1 2 1 2 2 2 4 1 1 2 1 3 1 2 4 1 1 2 1 4 2 8 4 2 2 7 1 2 14 1 2 1 34 1 3 3 2 3 9 5 1 32 1 1 2 16 1 2 1 1 2 4 1 2 3 1 2
2 1 6 4 2 2 7 15 4 2 1 5 4 3 2 1 7 1 11 3 2 15 3 1 3 5 3 1 2 2 2 3 1 3 12 1 1 1 4 1 1 102 5 2 4 4 30 3 6 2 2 1 1 3 1 3 2 6 3 2 1 3 30 2 2 3 2 6 4 2 1 2 1 1 1 1 1 1 6 6 1 5 3 2 1 1 2 1 2 1 2 2 2 2 1 1 2 6 3 2 2 1 4 1 1 1 1 4 1 1 4 5 23 1 1 3 3 1 7 1 6 6 2 1 140 1 291 1 7 1 1 1 1 2 20 2 12 1 1 4 1 2 3 3 1 1 1 2 1 12 1 2 1 2 41 2 4 2 17 4 1 8 2 9 4 1 28 6 1 1 2 1 1 1 29 1 1 2 5 2 5 3 4 1 2 3 5 3 2 1 4 2 1 1 1 5 1 3 5 3
3 1 2 1 1 1 1 1 11 2 3 1 1 1 14 5 9 2 2 1 3 2 4 1 1 2 1 5 5 3 6 2 2 2 2 2 2 1 2 5 8 6 2 3 1 1 1 5 12 1 5 3 4 2 2 53 3 7 1 14 4 3 2 1 2 13 1 1 1 2 3 4 4 3 1 1 1 2 3 1 1 29 7 5 17 2 2 1 1 51 1 2 1 2 3 1 2 4 5 3 5 11 1 1 4 3 1 1 1 1 5 4 5 1 1 9 4 2 13 24 18 34 1 7 4 3 42 1 5 5 2 5 1 2 3 3 1 1 1 4 3 1 1 1 2 2 2 4 1 1 3 2 4 2 7 2 1 3 1 1 1 1 1 1 6 3 29 1 17 1 1 6 1 1 2 2 2 2 6 2 6 2 69 3 1 35 9 2 1 3 9 1 1 7 3 24 1 3 2 1
1 16 2 5 2 36 2 2 2 2 1 1 2 5 2 1 1 3 2 1 18 5 3 2 1 1 3 2 1 2 28 3 1 1 4 1 1 18 7 2 2 2 11 2 2 1 1 1 2 1 1 3 1 2 14 2 7 1 2 1 1 5 14 1 6 2 2 1 1 2 1 1 10 2 1 2 2 8 3 1 7 3 1 31 2 1 2 1 2 30 1 3 2 3 2 2 3 1 2 6 1 1 1 3 1 2 2 2 2 18 2 1 4 1 2 1 3 1 8 2 1 1 21 2 2 2 3 1 2 2 3 2 16 1 7 1 1 10 1 20 36 1 12 2 2 2 1 2 24 2 1 2 12 1 24 1 2 1 7 1 4 1 1 4 4 3 1 3 4 6 2 1 3 92 1 5 2 4 2 1 1 6 2 2 1 4 2 1 2 1 16 4 1 7 2 1 7 1 1 1
1 3 1 1 3 2 1 3 2 1 1 1 2 4 3 2 2 2 29 2 3 8 2 2 2 17 1 1 1 1 9 2 10 6 3 4 1 1 11 2 2 2 2 13 1 4 3 1 10 1 39 1 2 2 2 1 1 6 4 4 9 2 17 3 2 1 16 4 2 1 1 1 46 3 1 1 2 3 1 2 9 2 2 2 180 1 2 131 5 1 4 2 1 2 2 2 3 4 3 5 4 3 6 2 1 2 2 1 7 2 5 3 7 3 3 1 1 1 2 2 3 394 1 2 2 3 1 1 1 7 2 1 19 2 2 6 11 6 2 1 2 4 3 9 1 2 1 2 2 6 3 3 2 2 4 1 33 4 2 2 5 3 3 2 1 1 2 3 1 3 3 2 2 1 2 2 5 1 2 2 13 120 2 1 2 2 2 10 2 2 2 1 1 2 1 2 27 1 2 3
13 11 6 8 2 25 3 2 1 3 1 2 5 1 1 77 3 1 19 4 1 1 1 2 1 2 14 3 2 1 3 4 2 1 4 1 2 5 3 1 24 1 30 1 6 2 1 1 1 3 7 3 3 1 20 4 8 6 2 1 1 3 1 5 1 2 2 6 3 1 1 2 2 8 10 2 10 2 1 2 2 101 2 1 4 4 5 2 4 4 1 2 3 2 10 2 2 12 20 31 14 2 3 1 6 1 2 8 2 5 1 1 1 3 2 2 1 1 2 1 1 2 2 2 1 10 1 2 1 1 2 4 3 3 1 2 1 4 1 3 1 6 3 2 105 1 1 1 5 1 1 20 1 1 2 3 4 12 5 2 3 1 3 31 3 6 15 90 6 1 1 1 1 7 17 6 4 4 2 2 2 3 1 4 2 1 1 12 1 1 2 131 4 1 2 4 1 1 2 4
2 4 2 18 1 2 6 3 2 3 3 3 3 2 2 1 1 1 1 1 3 3 7 19 3 2 2 40 2 2 1 2 1 2 1 2 5 2 3 1 1 1 2 2 8 1 1 1 1 3 3 34 1 3 1 2 4 1 1 5 3 11 1 1 1 2 1 3 1 1 1 3 2 2 2 4 50 4 4 7 3 3 20 8 1 1 2 3 1 1 1 1 27 10 3 1 1 3 1 3 9 3 13 2 1 1 4 2 2 2 1 5 1 1 1 1 4 2 3 1 1 1 1 1 1 3 1 2 2 11 1 2 2 3 3 7 8 2 8 11 1 2 2 3 2 2 1 1 2 1 1 1 1 1 2 6 1 162 1 1 2 1 4 3 3 1 2 3 7 2 13 1 3 3 270 3 4 2 1 2 1 2 3 3 1 6 1 2 2 1 1 4 1 1 1 2 1 2 2 2
1 3 7 2 2 1 1 1 1 72 1 1 3 3 73 1 2 2 137 1 3 218 20 1 1 1 1 51 35 1 3 1 9 1 1 1 2 1 3 1 2 2 1 4 3 1 1 1 2 1 1 2 6 1 2 17 2 2 4 3 2 1 3 2 2 5 1 3 69 1 1 3 8 100 2 8 2 1 4 2 1 1 2 3 1 1 1 3 2 2 2 15 2 1 1 9 4 1 5 1 4 1 1 1 5 2 4 1 2 1 5 1 2 34 1 7 2 43 45 2 22 3 1 6 2 2 2 1 1 2 2 6 5 2 1 1 2 4 2 2 2 2 1 2 12 1 1 6 2 7 5 2 7 2 1 3 3 13 1 8 1 2 7 2 5 1 11 1 4 2 8 1 2 5 6 1 2 257 2 1 1 3 3 12 2 200 37 1 3 1 1 2 11 3 2 1 2 1 1 1
37 1 1 6 1 9 1 3 1 5 10 1 9 2 4 13 1 15 1 4 20 4 16 5 2 1 2 5 2 1 3 1 1 3 1 11 1 3 1 2 83 2 20 3 6 2 2 4 2 1 5 7 2 3 1 1 1 9 3 8 7 42 2 39 15 2 1 2 12 6 4 1 1 1 46 4 1 20 2 1 2 2 1 3 1 2 1 2 12 1 1 14 2 49 6 4 4 2 2 2 1 7 1 2 1 12 3 5 2 3 16 2 1 2 2 6 1 2 4 1 1 4 7 1 2 2 1 4 4 2 2 14 3 29 3 1 1 3 3 1 1 6 4 2 1 7 1 3 268 1 6 2 2 78 4 1 2 2 3 3 2 1 13 1 2 5 1 5 70 2 1 7 4 1 3 8 1 2 2 50 8 2 1 4 2 5 2 2 3 1 4 1 1 1 3 1 1 4 9 8
5 1 3 1 5 2 4 3 4 2 2 1 2 6 12 25 1 1 2 3 8 1 1 3 1 1 2 1 1 13 3 4 1 3 3 1 3 1 1 2 7 1 2 5 1 5 1 1 1 2 2 45 39 2 1 5 2 1 1 2 2 1 5 2 12 2 6 1 1 5 1 4 1 1 6 71 2 1 2 29 1 2 3 10 1 4 37 2 1 1 2 1 1 1 1 1 2 5 1 6 2 1 1 2 5 4 3 2 1 5 1 4 2 5 1 3 10 1 23 3 2 2 1 2 1 1 1 2 9 1 1 1 1 1 2 4 3 3 1 1 1 4 1 1 16 3 4 2 1 3 1 9 5 2 2 19 2 1 2 3 4 28 3 1 1 1 2 1 2 3 2 2 2 2 3 3 4 1 4 4 3 4 3 1 16 3 4 3 2 1 3 14 1 2 3 2 1 5 2 2
4 16 1 2 3 16 5 1 1 1 5 2 2 1 9 1 2 2 2 1 1 3 3 2 1 2 1 1 2 5 1 8 21 2 2 2 18 1 2 3 14 22 1 3 2 3 1 4 1 4 4 13 1 1 10 2 1 1 6 5 1 1 1 2 2 3 3 4 1 4 1 2 8 11 1 8 2 1 36 5 2 4 3 9 1 2 1 69 1 2 3 2 5 6 3 1 6 5 2 3 2 2 1 8 1 2 2 2 1 2 2 6 1 1 4 9 1 2 1 9 2 1 8 3 10 21 1 2 37 2 2 2 1 12 1 3 7 2 1 1 1 2 4 2 2 1 2 1 3 1 1 4 2 8 42 1 1 6 1 4 1 2 1 2 1 3 2 4 4 1 1 1 1 1 1 30 3 1 2 2 7 76 3 1 1 2 1 1 1 1 3 6 1 1 1 2 1 6 6 2
4 1 5 1 18 1 5 7 1 4 1 2 2 2 1 1 10 6 23 1 8 1 1 2 1 1 4 2 2 1 10 182 2 6 1 1 22 2 3 2 1 1 1 2 22 1 4 2 3 78 4 3 3 7 2 2 8 15 1 2 1 5 111 1 4 4 1 2 1 12 1 18 1 1 8 2 2 3 7 2 2 3 1 2 5 2 3 3 1 58 2 1 2 3 13 20 1 1 1 46 7 2 1 2 2 2 2 5 1 1 2 1 2 1 13 2 4 2 5 2 3 2 3 1 3 28 2 3 8 3 2 3 19 1 14 2 1 5 2 3 9 2 1 3 11 3 2 1 1 2 2 2 2 1 13 2 1 1 4 55 2 29 9 2 1 5 5 2 4 2 14 2 10 5 1 1 2 5 2 1 24 2 6 1 1 5 3 3 2 3 2 1 11 1 2 9 3 2 2 1
7 1 2 1 1 89 2 5 2 8 2 1 3 5 1 3 3 2 1 10 1 12 9 5 2 11 1 1 2 3 1 1 1 11 14 3 2 2 4 2 5 2 11 4 2 1 2 1 2 2 2 1 1 1 1 7 3 2 5 2 3 3 1 5 1 57 5 4 35 1 60 2 3 3 1 1 2 15 10 10 1 1 18 3 44 2 38 1 2 4 1 1 2 1 1 1 15 1 4 3 1 1 1 1 2 2 1 2 2 3 2 1 1 1 2 13 44 2 2 5 1 5 2 1 10 2 2 1 2 2 2 2 1 1 1 1 1 6 1 6 2 2 1 4 1 1 3 1 2 1 2 4 6 8 1 1 1 1 1 4 4 1 2 1 3 1 4 2 2 2 4 2 3 2 36 30 3 1 4 3 1 3 2 4 3 8 1 2 3 1 58 2 3 2 7 1 5 1 34 2
21 1 2 22 14 2 2 3 1 6 6 2 1 1 9 3 52 2 1 1 2 167 2 1 3 3 3 10 1 1 269 3 3 1 12 2 4 1 2 8 3 2 1 2 1 1 2 4 2 4 2 1 2 14 2 1 1 2 2 2 4 9 3 3 1 2 2 3 3 58 2 2 5 1 5 46 4 1 8 1 51 2 10 7 1 2 2 1 3 2 1 1 3 6 48 4 2 2 2 6 1 1 3 1 3 7 2 1 2 2 1 2 19 1 3 2 1 1 1 4 1 3 1 1 1 4 2 2 1 4 5 2 4 2 2 4 1 2 1 2 1 8 2 2 1 1 2 2 5 7 1 3 25 1 18 2 2 1 2 6 2 12 2 2 3 1 2 7 1 1 2 3 2 2 1 5 15 3 1 1 3 4 14 3 2 2 2 2 1 3 3 1 6 6 5 6 2 6 1 6
5 6 1 2 2 3 4 1 1 2 1 3 2 1 1 3 20 2 1 1 3 1 2 2 7 1 1 5 3 3 8 2 1 3 43 1 1 2 4 1 5 8 1 2 2 57 2 5 4 1 2 2 82 7 3 2 6 2 2 2 5 4 2 5 1 1 5 4 1 1 5 2 1 1 39 1 4 1 3 3 5 1 5 22 23 1 4 2 3 1 1 2 3 1 22 2 5 2 3 1 5 1 1 2 9 2 5 5 1 2 2 4 1 2 1 1 10 3 1 1 3 1 2 2 8 3 2 2 2 2 16 104 2 1 1 7 1 1 6 1 1 1 1 1 2 2 1 1 1 3 1 2 2 2 1 1 2 2 2 4 1 1 2 107 7 1 1 1 7 2 1 1 15 1 1 3 1 3 2 2 1 2 2 3 3 3 3 2 1 2 1 6 3 1 1 19 6 4 8 5
2 2 1 3 4 2 6 2 2 5 11 1 1 3 3 15 3 4 1 1 9 296 2 6 2 1 1 2 1 2 8 1 2 2 2 3 8 2 2 1 1 1 2 2 3 2 2 1 2 2 3 1 2 2 2 2 4 4 4 13 1 2 3 3 4 3 3 1 3 1 2 7 1 1 1 2 1 3 6 6 1 2 1 12 1 5 1 3 10 7 1 7 3 1 3 1 2 3 1 2 12 3 1 1 4 2 14 5 1 10 12 3 2 4 1 1 2 6 1 1 2 1 4 2 12 2 1 1 2 1 2 1 1 1 8 2 4 2 4 1 2 1 3 1 1 1 2 44 5 3 4 92 5 1 4 9 4 1 1 63 21 8 2 9 1 3 2 2 3 1 2 2 1 2 2 1 7 2 3 2 2 9 3 1 6 2 1 3 7 2 6 1 1 6 3 3 2 1 1 10
1 1 2 7 5 1 3 3 6 2 2 3 1 1 3 92 1 2 1 1 1 4 3 5 1 2 1 1 1 1 1 3 6 1 9 16 2 1 5 2 1 9 5 11 3 1 1 3 4 10 2 17 1 2 7 2 132 13 1 160 1 1 44 1 2 1 1 3 4 3 1 13 3 11 2 1 9 3 14 5 13 4 1 1 1 2 2 2 1 28 1 16 1 1 2 1 9 1 1 3 6 2 2 2 1 6 1 2 2 2 4 1 3 2 1 10 1 10 2 7 85 2 3 1 1 1 3 7 36 8 2 7 7 1 1 1 1 1 5 6 1 2 29 3 3 1 1 1 2 3 1 1 2 2 1 60 1 1 3 1 1 3 4 3 2 2 2 1 1 4 25 1 3 11 3 2 2 6 2 4 1 1 11 2 2 8 1 2 5 9 4 2 1 60 1 1 1 1 3 1
4 3 7 1 2 2 19 3 2 2 2 2 1 1 2 6 1 2 1 2 4 1 1 1 3 2 2 4 1 1 17 9 1 1 4 6 3 3 3 2 2 25 1 1 2 1 3 1 1 3 3 1 1 2 1 1 15 2 3 11 1 4 1 1 2 1 2 112 1 2 14 45 1 3 22 6 1 3 1 2 1 1 45 1 1 1 2 480 12 15 16 1 1 2 3 1 2 1 1 6 4 5 3 34 2 2 5 18 1 1 1 1 6 12 1 2 2 1 2 1 2 1 1 2 1 2 3 2 5 27 2 1 3 2 7 13 2 6 2 3 2 3 1 2 1 1 2 2 1 3 2 2 14 1 1 15 9 14 3 5 2 11 2 3 2 1 7 1 1 5 3 2 1 5 1 246 2 2 2 63 1 2 1 4 3 1 5 1 11 1 11 4 2 1 4 1 5 4 1 2
1 1 1 2 2 2 2 1 5 1 1 1 4 1 1 1 3 3 5 3 3 1 1 6 4 1 2 1 1 2 1 1 3 1 2 1 3 1 2 1 23 2 4 3 2 6 1 5 3 2 3 3 3 1 51 2 3 2 1 3 3 349 1 1 13 1 1 2 2 1 6 1 4 3 1 1 2 3 16 6 24 3 80 4 12 4 5 5 1 1 6 1 1 1 2 1 1 30 2 77 2 1 1 1 2 2 1 3 5 1 5 18 4 2 3 2 2 2 2 4 2 1 15 1 1 2 1 1 2 1 2 1 1 1 2 4 1 4 6 3 2 366 1 1 4 6 1 5 1 1 2 1 4 3 1 1 13 27 1 2 93 1 1 4 2 2 1 1 40 4 3 1 3 1 4 1 1 2 2 5 1 1 9 2 4 2 2 1 2 3 3 1 3 2 1 2 10 1 5 1
1 4 4 5 21 1 1 1 2 2 2 2 3 2 4 5 1 1 9 1 1 2 5 5 4 1 1 5 1 1 2 9 4 3 2 2 1 3 2 2 2 2 2 2 1 3 2 1 47 1 1 2 4 3 2 1 1 2 1 2 5 25 87 1 1 5 12 1 321 1 2 4 1 2 2 4 1 1 2 1 10 5 114 1 11 1 3 3 2 2 1 1 3 2 4 1 3 2 42 1 2 2 1 11 8 1 3 9 1 3 1 8 1 3 4 5 4 2 1 16 3 5 8 1 1 1 3 8 16 2 2 4 2 1 1 2 14 2 1 2 3 1 2 1 4 2 4 2 1 1 1 2 3 2 7 6 1 3 10 1 4 3 1 4 4 2 2 13 1 1 1 2 2 2 2 2 4 2 1 1 1 2 1 1 26 1 8 3 1 1 3 1 2 4 1 1 5 2 1 3
8 2 2 1 2 1 17 3 2 1 3 3 1 1 2 1 1 20 1 2 1 2 18 2 2 2 2 2 4 2 3 2 15 2 4 3 1 1 2 4 2 4 2 2 1 2 1 2 1 1 1 3 163 2 2 3 2 2 19 3 3 56 7 1 1 7 8 2 19 18 1 1 429 16 2 2 5 1 3 10 3 1 1 1 5 5 2 2 6 2 2 3 2 49 2 1 1 46 6 7 2 14 2 16 1 2 2 1 7 1 1 2 2 1 2 4 2 2 2 23 2 4 1 2 2 2 5 1 1 1 3 1 4 4 1 3 5 1 3 1 2 1 3 2 2 2 3 3 1 6 1 3 4 2 4 2 1 3 2 4 2 16 1 5 1 18 1 1 1 20 1 2 1 1 2 5 3 2 3 2 5 4 14 3 1 4 3 1 2 1 2 2 54 1 1 4 7 79 1 1
1 2 18 12 1 4 3 6 1 1 22 3 2 5 1 1 1 5 1 1 2 2 2 1 1 1 1 1 1 1 2 10 2 2 2 1 11 2 4 1 8 2 8 1 3 41 6 1 2 4 2 2 2 2 1 2 3 2 1 1 3 24 2 1 1 1 47 2 1 4 4 2 2 21 2 1 54 3 1 2 1 2 1 13 1 2 1 1 2 5 1 207 12 1 1 1 1 23 408 47 17 10 2 1 2 2 2 1 5 344 2 4 1 1 12 2 1 3 4 2 13 1 12 6 3 1 1 2 2 15 1 3 6 4 4 1 1 8 1 1 1 5 2 1 1 7 2 2 3 1 1 5 2 1 1 3 1 1 2 1 5 2 2 27 1 2 2 11 2 3 14 4 1 1 3 1 1 8 2 2 1 1 3 4 1 1 3 2 4 3 7 1 2 2 2 2 1 4 6 1
9 10 2 2 2 1 2 1 1 5 1 5 5 1 19 4 1 1 2 3 1 2 1 2 10 2 4 2 6 1 1 3 1 42 10 1 1 1 2 13 1 1 3 4 1 1 3 7 1 44 2 6 1 2 2 3 3 1 2 21 1 1 2 1 3 1 2 8 1 2 12 15 1 2 2 7 2 21 2 1 1 3 1 2 7 1 1 1 4 2 2 2 1 3 4 1 2 20 2 4 1 2 2 1 18 1 2 3 19 2 1 3 2 1 3 4 3 2 1 1 5 1 1 1 1 10 7 1 2 1 1 3 3 2 3 4 3 6 5 2 1 1 1 2 2 1 3 2 2 1 1 2 1 1 1 2 1 2 9 6 4 2 6 1 5 1 6 2 12 3 4 2 16 1 1 9 1 11 8 11 34 9 3 1 7 3 63 10 11 1 29 1 2 2 1 1 2 4 4 6
1 2 1 3 2 2 1 2 4 1 9 7 106 2 3 1 1 1 1 1 1 2 1 1 1 21 10 1 3 6 2 3 3 57 1 11 3 2 2 2 2 10 2 2 2 1 1 2 1 1 1 7 5 1 3 37 9 1 1 4 1 5 3 1 9 1 9 2 1 2 4 2 1 2 1 2 1 2 2 7 6 3 1 14 52 4 1 2 37 2 2 1 6 3 1 2 1 6 1 1 4 1 1 1 2 1 1 2 11 6 1 6 1 1 1 2 3 4 1 1 1 80 5 12 156 10 9 14 5 1 2 10 5 1 1 6 7 149 5 1 5 2 8 1 3 2 5 17 2 2 5 4 2 2 2 1 1 39 1 1 1 2 42 1 1 3 1 1 1 26 8 1 30 1 2 54 1 1 2 6 1 4 1 6 9 33 3 1 1 2 19 1 3 1 5 1 18 1 1 4
2 1 1 11 1 27 1 2 1 55 1 2 1 6 2 2 16 4 3 1 2 3 1 1 2 1 85 2 8 3 1 1 1 3 1 2 1 2 9 2 2 9 1 1 3 1 4 1 2 1 2 3 24 38 4 2 3 1 2 1 1 1 1 5 2 2 29 37 2 2 14 2 1 4 2 1 1 2 5 3 2 12 2 1 5 2 2 3 2 3 2 1 1 44 5 4 2 6 5 2 1 8 3 55 11 5 1 1 1 1 2 10 2 18 3 1 1 39 1 2 2 20 7 1 1 2 2 1 2 1 4 1 2 1 2 3 20 3 5 4 1 13 2 68 4 1 12 2 2 2 1 3 1 1 2 1 1 3 1 2 5 4 14 2 2 1 1 1 2 4 1 3 1 2 7 17 8 3 1 10 23 3 3 3 2 3 1 2 1 1 1 2 6 1 1 14 2 3 1 2
1 2 3 2 2 2 3 2 1 2 1 2 3 1 25 1 1 16 2 3 2 2 1 1 4 15 2 2 1 1 2 2 2 3 15 1 3 2 2 2 13 2 14 1 2 2 1 2 2 1 1 5 1 2 4 2 2 4 52 4 22 5 1 9 1 7 1 2 1 10 1 12 2 3 2 2 3 1 2 5 3 1 2 2 2 1 2 2 5 1 3 1 2 1 1 2 4 1 1 14 1 30 1 1 1 1 1 1 1 8 1 10 2 8 4 3 1 3 1 6 1 3 15 21 5 3 3 4 1 2 19 2 7 2 5 2 2 6 95 2 2 2 2 3 1 1 102 2 1 1 38 5 3 1 6 2 4 2 14 3 2 4 2 3 2 2 4 2 2 4 3 1 12 2 13 1 2 17 3 8 1 20 1 2 1 1 26 11 5 1 1 2 2 120 3 6 4 4 3 5
2 1 1 5 1 1 1 1 2 2 1 2 1 1 2 1 29 2 1 4 7 7 2 8 3 1 1 2 2 3 9 1 11 1 10 3 1 6 2 1 1 2 1 3 13 1 1 15 1 2 1 2 2 4 1 1 1 2 2 2 3 1 1 16 1 1 3 2 5 2 3 1 1 8 3 4 1 2 1 2 1 1 2 2 1 1 3 13 1 1 1 1 1 3 2 5 2 23 2 3 1 1 2 4 1 2 21 3 8 2 2 1 14 1 3 2 4 2 99 58 7 1 2 1 3 2 2 1 2 3 2 10 1 1 12 2 1 10 13 1 22 7 2 6 1 9 1 1 2 3 4 2 4 3 3 4 2 2 2 6 1 3 5 323 175 1 1 3 1 3 7 1 3 3 2 1 2 3 1 4 1 1 2 1 1 2 2 1 7 2 29 13 4 66 12 1 10 89 3 2
1 4 1 2 2 1 6 11 4 2 1 3 2 1 6 3 4 1 1 50 2 3 1 1 1 5 2 3 7 11 1 1 1 4 1 1 2 44 2 6 2 8 3 1 17 8 1 2 16 2 1 3 1 1 5 1 3 29 2 6 12 2 1 2 2 7 4 1 1 6 2 1 2 2 2 6 1 5 3 2 2 4 2 1 1 1 3 3 3 1 3 2 14 2 3 1 2 1 2 1 12 10 2 2 1 1 1 2 3 2 7 3 5 2 1 3 2 11 4 4 2 3 7 4 1 11 4 1 5 1 1 1 1 7 2 1 1 1 5 1 1 2 1 3 1 11 1 1 41 25 16 4 1 1 2 4 1 1 1 1 1 5 1 4 1 12 3 4 15 3 5 6 2 1 1 3 5 3 1 1 6 1 3 1 7 2 2 1 2 3 1 1 1 3 2 1 2 2 1 1
2 2 2 1 2 3 2 2 3 3 2 1 2 9 7 2 3 2 1 4 23 1 1 1 1 2 6 1 2 2 5 1 1 2 1 26 1 1 1 2 3 2 2 5 1 1 14 1 3 1 2 61 1 2 3 3 1 2 1 1 13 1 1 1 3 3 2 10 1 12 2 1 3 1 6 7 2 1 3 2 1 2 2 18 5 15 2 10 4 12 1 2 2 27 2 1 4 1 6 2 3 2 2 2 1 1 3 8 1 2 5 1 120 1 3 1 2 1 1 2 3 7 1 3 2 4 20 2 2 1 1 5 1 3 4 1 2 37 31 2 1 1 1 1 2 2 3 2 1 4 2 9 3 2 1 1 1 2 33 2 2 5 4 4 4 1 1 1 2 3 1 1 1 4 4 4 3 1 2 2 8 3 3 31 1 1 2 2 9 1 2 2 4 3 1 3 4 2 9 7
33 3 1 1 1 1 1 2 18 2 6 19 2 1 1 3 4 5 4 2 4 9 3 10 2 1 2 1 1 26 3 1 2 1 16 1 2 1 1 3 1 1 1 1 4 1 1 7 1 14 2 1 21 2 1 2 4 4 1 25 1 3 1 2 3 1 3 2 41 3 8 2 2 2 3 1 1 39 101 3 336 3 1 6 5 2 11 2 10 3 2 1 2 3 4 9 1 3 1 1 1 3 1 2 17 1 5 2 3 2 1 2 2 2 1 3 2 2 2 9 2 1 2 5 1 1 8 1 20 1 2 1 3 7 8 1 13 1 2 1 5 2 2 1 11 2 1 1 1 2 3 16 2 2 50 2 1 1 153 4 3 4 1 1 1 1 2 4 4 5 2 1 2 2 2 2 4 3 2 4 15 1 1 2 5 5 2 2 1 2 2 2 2 5 1 3 5 3 4 2
4 8 1 2 9 2 4 3 1 2 2 1 1 4 39 5 5 34 2 1 1 5 2 2 1 12 1 3 1 2 1 2 2 4 7 29 165 8 12 2 2 2 18 1 1 10 1 1 1 26 3 1 5 1 1 2 3 1 3 81 1 3 2 33 53 2 3 14 2 2 4 14 5 6 2 1 2 4 2 2 1 1 1 1 45 3 11 1 2 9 21 1 1 2 12 1 3 6 1 1 4 1 1 1 10 3 2 2 3 3 3 1 32 1 1 1 1 2 17 2 1 1 3 1 2 2 1 11 1 2 8 2 7 1 11 3 5 2 1 1 2 5 2 47 2 1 1 1 1 2 2 1 2 1 5 9 2 19 1 3 33 2 3 1 1 1 1 2 2 5 4 15 1 2 1 1 4 2 2 1 2 4 3 8 13 30 2 2 1 7 7 1 1 4 2 2 3 2 14 1
3 168 4 4 1 3 9 2 4 2 7 3 1 1 1 1 1 2 1 3 347 1 2 4 1 2 2 3 2 1 1 1 2 23 1 2 22 9 3 4 3 5 4 6 3 1 1 2 1 5 2 1 6 1 1 1 1 4 2 1 2 2 2 4 2 5 1 2 4 2 10 1 3 3 1 4 4 10 7 1 2 4 77 1 2 49 13 4 1 4 5 2 1 1 12 1 5 3 1 1 2 1 57 5 6 1 5 17 2 4 1 1 1 1 1 1 3 33 3 3 2 10 5 2 1 4 1 1 4 2 2 2 121 1 14 1 1 19 15 2 3 4 1 1 1 1 1 4 6 2 1 3 2 6 2 5 3 25 1 2 1 4 1 3 2 2 1 46 1 4 2 3 2 4 2 3 1 2 2 2 5 1 16 5 6 1 3 1 2 1 4 1 3 3 3 2 3 4 3 1
11 4 37 2 1 2 1 3 1 15 6 2 3 16 1 2 2 3 6 1 1 6 21 4 2 5 4 9 1 2 1 3 2 1 1 3 1 3 2 3 2 30 2 1 1 1 1 2 2 2 4 6 1 1 1 13 9 3 2 1 4 2 3 4 2 2 1 1 4 1 2 2 2 5 29 2 1 3 3 1 1 14 1 1 1 14 1 1 3 1 7 2 9 2 2 3 4 2 28 35 10 1 3 2 3 1 1 2 4 2 9 1 3 2 4 3 3 2 10 16 1 1 1 2 221 1 1 4 2 1 1 1 2 2 6 1 34 3 1 3 3 9 3 1 2 2 14 3 1 4 1 1 1 2 2 8 4 6 5 2 82 4 2 1 2 3 3 4 3 2 1 14 5 2 125 1 16 1 1 4 1 5 5 10 11 2 7 5 1 7 2 2 2 2 1 2 1 3 2 2
2 5 1 8 1 1 2 20 6 2 5 2 3 1 1 2 3 1 3 1 2 1 3 1 2 4 1 68 2 2 1 3 1 26 2 2 2 1 2 9 4 1 1 1 2 37 1 307 2 2 2 2 6 2 1 6 1 1 2 4 2 3 2 3 2 2 14 2 1 4 3 1 2 1 2 5 14 1 1 2 1 2 1 1 2 1 1 1 3 2 2 8 2 85 10 1 2 3 2 2 1 1 2 1 2 1 1 5 3 5 1 1 1 1 3 1 2 2 15 1 1 20 4 1 2 1 2 4 8 1 26 5 2 6 9 8 2 2 1 9 12 2 3 2 2 4 2 1 8 1 63 3 1 7 1 1 3 2 1 7 9 2 2 2 1 1 1 3 3 4 1 3 4 5 1 5 4 2 1 3 4 1 7 1 2 2 30 2 1 1 1 2 2 2 1 2 2 17 3 97
3 1 75 1 1 7 8 2 1 7 3 1 1 1 6 1 1 2 5 2 4 6 5 3 3 2 13 2 10 1 2 7 1 6 3 1 2 7 2 1 1 1 2 6 3 1 1 2 66 1 1 1 3 9 1 3 4 1 2 3 1 1 7 1 1 1 2 134 3 7 4 2 88 39 1 2 1 1 1 1 1 1 4 1 5 4 3 1 9 2 1 1 2 2 2 41 4 4 1 1 1 1 6 4 1 1 7 5 7 75 2 13 1 1 2 4 2 1 2 2 1 2 1 1 1 4 3 3 3 2 3 1 4 1 3 2 2 4 1 29 1 3 5 1 1 7 2 11 1 2 2 3 1 3 7 2 1 1 2 1 1 14 2 3 2 8 4 1 2 2 1 1 10 2 1 2 1 74 3 2 8 2 1 2 1 1 3 2 2 1 1 8 3 4 448 2 11 1 1 2
1 1 1 1 1 1 1 92 12 7 2 2 2 3 2 17 1 1 1 2 28 2 3 5 3 6 1 3 11 2 1 2 3 3 18 2 4 1 2 7 2 1 6 2 1 4 3 26 8 10 6 8 1 4 2 2 21 42 24 3 1 1 1 4 1 11 1 4 22 4 1 4 106 5 2 4 3 2 1 2 2 2 4 1 1 3 1 5 1 2 1 4 26 2 5 4 3 2 1 10 20 1 2 2 71 5 1 1 1 3 6 2 3 1 2 2 1 1 1 1 2 4 1 1 3 4 2 1 3 3 2 55 1 1 2 1 3 2 1 1 1 2 1 2 1 1 1 1 2 2 2 4 4 1 2 7 11 2 302 3 3 5 2 205 4 1 3 1 2 2 5 2 1 2 1 3 5 2 2 11 2 2 9 62 7 1 3 2 1 1 5 4 4 3 7 2 1 2 5 17
1 1 2 1 4 2 54 50 6 7 4 2 2 3 11 6 3 1 1 2 2 14 1 7 1 2 1 1 1 1 1 20 8 1 3 1 2 1 17 1 1 4 19 1 2 2 1 1 2 1 1 25 3 3 1 1 38 6 1 3 1 1 4 1 8 2 5 1 1 8 2 1 1 2 79 1 2 24 1 1 4 1 3 1 1 2 1 3 3 2 6 1 2 3 2 2 1 1 1 1 3 3 5 1 2 4 2 1 1 1 4 3 2 2 7 1 1 2 23 2 1 16 1 3 1 1 3 2 1 3 1 1 3 1 2 1 2 1 1 6 2 3 1 1 16 16 1 4 7 1 6 3 2 1 1 2 4 1 2 1 11 1 2 12 7 2 5 7 3 3 2 2 1 6 1 2 19 1 2 5 2 2 1 1 1 3 1 1 2 5 1 1 1 1 3 1 1 10 1 1
2 15 1 1 1 1 2 3 1 1 2 1 2 3 3 3 49 3 4 5 1 2 1 7 2 2 4 2 27 3 3 2 2 3 9 1 1 1 2 1 4 1 1 88 1 1 3 2 1 2 1 1 2 1 2 1 3 6 2 12 1 2 1 1 7 1 3 2 1 5 5 2 1 2 4 1 1 3 1 2 12 1 1 1 5 1 3 2 2 1 1 1 1 7 1 2 1 1 9 2 1 1 1 2 8 1 4 2 1 2 3 5 1 6 1 2 1 1 2 3 9 1 2 2 6 5 1 1 11 1 2 1 4 3 2 3 1 2 1 2 3 2 3 1 1 28 1 9 2 1 7 1 65 2 2 1 1 1 1 2 3 2 7 3 1 1 4 2 2 4 3 9 2 2 19 1 13 3 1 2 2 1 14 14 2 7 9 1 1 4 13 5 1 3 1 1 2 13 1 5
2 2 1 2 1 1 12 1 1 1 5 1 2 1 1 3 2 1 1 1 1 1 1 1 3 1 1 1 2 1 15 1 9 4 3 53 1 3 1 1 2 2 1 2 62 1 2 9 1 2 10 2 1 1 2 121 2 2 1 1 1 27 2 24 2 2 2 4 1 43 3 11 1 3 3 3 1 1 1 6 1 6 17 6 8 8 7 1 3 8 2 20 7 1 1 3 1 2 1 1 1 1 2 75 2 4 2 1 2 2 11 3 1 1 2 13 2 3 1 1 1 1 4 7 1 7 3 3 2 1 1 2 4 5 1 12 1 2 11 1 2 2 9 16 2 2 2 4 1 1 2 2 5 1 1 3 1 1 1 10 1 1 5 1 6 8 4 2 3 4 1 1 2 3 1 2 3 22 5 2 1 6 8 1 22 7 1 6 7 1 17 3 2 3 2 6 4 2 1 1
2 4 1 1 5 1 2 1 5 2 3 2 2 1 6 1 2 2 1 1 1 9 2 2 2 1 2 3 2 9 16 6 3 2 2 5 1 1 5 1 17 4 51 1 7 2 2 2 1 4 3 2 9 3 3 1 4 224 3 1 10 2 1 2 1 1 3 4 3 1 2 2 1 1 1 1 1 1 2 2 3 8 1 1 1 2 10 8 1 1 101 2 3 1 1 1 1 1 7 2 2 1 3 2 1 3 2 24 1 3 1 2 2 2 1 1 8 2 2 2 3 1 2 1 2 3 2 3 400 1 4 1 1 2 2 1 4 2 32 4 3 11 2 1 2 1 1 1 1 1 2 234 1 263 1 2 9 2 2 2 56 5 1 23 5 8 1 3 2 3 21 4 1 1 5 1 2 1 2 7 1 7 5 1 1 14 3 1 8 3 6 1 11 3 2 6 1 2 6 4
2 3 2 2 13 2 3 2 2 8 1 3 1 1 5 5 4 11 2 2 4 1 2 2 9 1 6 5 2 1 6 1 2 1 2 3 1 2 1 11 1 12 5 3 2 2 2 1 1 2 5 7 2 1 2 5 3 1 2 1 30 1 2 1 3 1 4 24 3 1 2 2 3 6 1 1 2 1 1 8 2 2 1 6 5 10 3 1 1 20 2 5 3 2 1 2 1 8 14 4 7 1 1 2 2 2 2 1 1 1 3 1 5 5 3 2 1 5 229 8 2 1 1 1 2 1 2 1 5 3 1 150 132 63 6 86 12 5 1 2 1 32 3 1 3 3 8 1 8 2 2 5 2 1 1 1 5 1 1 2 2 1 1 9 2 1 1 4 2 2 4 1 1 2 1 2 2 4 6 3 1 2 5 1 1 4 6 4 2 1 1 1 1 2 2 1 11 3 6 6
1 2 68 1 1 1 7 15 6 1 1 3 1 1 10 12 1 1 5 4 2 5 2 62 27 4 2 7 8 2 1 3 1 6 2 2 1 3 1 3 3 3 2 4 1 1 2 2 1 1 2 1 1 40 1 1 2 3 2 1 2 4 1 1 2 2 3 1 1 3 2 1 1 3 6 1 4 1 1 29 2 1 2 170 3 1 4 47 3 4 11 2 1 10 1 1 2 1 4 12 2 2 1 2 2 3 4 1 1 3 7 7 2 3 2 1 3 2 2 5 2 176 15 1 8 3 12 3 14 2 1 1 2 3 3 1 3 1 1 1 3 1 1 3 1 1 1 1 25 1 1 3 1 3 1 5 1 1 2 11 2 20 2 116 3 3 2 2 3 2 4 1 1 2 20 1 3 2 2 5 1 8 3 4 3 1 4 1 1 37 14 2 5 2 3 3 4 4 5 2
2 1 1 4 2 1 1 6 3 1 8 5 2 1 1 2 21 9 1 1 2 3 1 3 5 6 6 1 1 1 1 2 1 5 2 1 5 2 5 1 8 1 16 2 5 2 4 18 2 2 3 4 6 2 4 36 1 2 1 1 1 4 2 2 1 1 1 1 1 3 1 3 1 3 1 3 2 1 1 10 4 1 5 1 5 2 7 1 2 3 2 2 2 12 8 2 1 3 2 2 4 6 1 1 2 1 2 4 2 1 9 2 6 2 1 52 8 6 4 1 8 13 4 1 3 5 3 3 7 182 26 5 2 3 4 2 1 2 1 3 34 2 119 1 1 1 1 1 3 2 1 1 4 1 2 2 3 4 7 5 33 1 2 1 2 2 4 4 1 78 3 1 3 2 9 2 2 1 2 1 6 1 12 1 4 1 1 2 2 1 1 24 2 6 277 1 1 2 1 3
2 1 1 2 2 1 1 3 2 1 1 2 2 1 9 2 3 1 12 5 1 1 1 1 1 1 1 3 17 11 6 1 2 6 1 2 5 4 2 2 1 1 1 2 2 8 12 2 2 1 2 1 2 2 1 1 39 2 19 4 6 17 5 4 8 4 9 1 1 1 1 6 4 1 3 5 1 2 3 4 4 3 2 2 4 2 6 1 1 3 1 59 6 1 6 1 1 2 1 9 2 1 2 3 10 3 1 2 1 21 5 2 3 86 3 64 16 3 1 62 1 2 1 5 3 2 9 4 12 2 2 2 2 5 3 2 1 2 3 17 1 8 1 1 1 1 7 3 5 1 46 1 2 12 7 7 3 2 2 1 7 1 2 1 1 2 2 5 1 4 2 2 3 4 98 1 1 1 4 3 23 7 43 1 3 9 1 17 3 8 1 2 1 1 1 1 7 1 29 1
11 215 2 3 4 8 7 1 6 13 1 13 6 2 12 4 1 4 2 3 1 5 2 1 3 4 20 7 2 7 1 2 1 2 6 1 1 2 3 1 4 1 2 3 3 19 3 13 2 2 2 2 3 32 2 2 2 2 1 2 8 1 4 1 15 1 1 24 1 2 2 2 1 1 1 3 7 3 78 1 16 3 1 10 1 2 2 1 1 1 2 10 2 16 1 9 1 2 4 3 1 2 2 3 2 1 2 2 4 1 6 7 1 1 1 4 9 1 9 2 3 6 17 3 11 14 3 1 1 1 2 1 1 1 3 3 15 1 2 1 3 3 12 1 2 1 5 11 1 2 1 2 2 1 1 7 2 2 3 1 1 2 1 18 1 2 3 3 1 1 2 5 2 1 3 3 8 1 2 18 4 9 3 2 13 6 1 1 7 16 2 6 1 1 1 22 1 1 4 1
1 2 1 2 1 1 61 2 3 2 1 1 1 1 2 4 2 2 1 1 5 14 1 42 2 2 2 2 3 1 1 1 26 1 6 1 2 2 2 3 3 5 2 1 33 3 2 2 2 3 3 6 2 5 2 1 5 3 2 7 14 66 2 2 1 3 1 9 3 2 2 1 1 2 4 2 1 1 2 88 1 1 4 2 1 2 2 1 2 7 2 3 4 1 2 2 1 264 1 2 106 1 1 2 4 2 1 2 11 6 2 4 3 392 4 2 1 1 6 1 3 2 1 18 2 2 3 1 6 2 2 2 2 9 5 8 4 1 2 2 3 1 1 2 1 1 2 3 1 1 3 7 4 1 1 36 2 1 1 1 1 1 3 1 12 1 1 1 1 1 2 3 1 5 2 6 1 4 1 5 57 1 1 2 2 2 2 2 1 1 2 1 5 1 1 1 7 1 1 1
2 49 3 2 1 19 1 2 3 4 3 1 1 2 1 2 1 2 1 2 1 1 4 2 20 2 3 19 3 1 1 1 1 1 4 1 1 5 2 2 1 2 3 2 3 1 1 6 5 2 2 1 1 1 3 5 1 2 1 3 2 3 6 1 2 2 1 2 1 3 2 2 1 2 2 11 4 1 65 2 1 1 1 4 2 2 2 6 16 2 2 6 1 55 1 2 1 1 5 4 5 1 1 1 4 3 1 2 1 5 1 2 30 1 8 2 1 1 3 1 1 1 2 1 2 2 2 1 3 1 1 2 2 1 25 1 20 3 3 1 1 1 1 2 4 1 3 2 4 3 2 1 1 2 1 69 1 3 1 1 7 3 5 1 5 2 2 2 1 1 4 12 1 1 8 36 1 1 9 2 2 3 95 1 2 3 19 10 5 1 7 2 10 1 2 2 1 9 2 1
1 1 6 20 2 2 1 3 2 1 6 2 1 5 1 13 1 5 1 2 21 1 1 1 3 1 1 2 2 1 6 4 2 2 5 1 1 1 1 2 2 1 1 1 1 2 3 3 1 2 1 2 1 1 4 4 5 3 1 2 3 14 1 10 1 2 3 1 8 2 8 1 22 1 2 5 2 7 4 13 1 2 3 1 1 7 1 21 2 1 38 4 5 7 1 2 1 8 1 2 9 7 3 2 4 2 8 1 3 2 3 3 25 1 15 1 2 2 1 19 1 1 1 13 2 8 2 4 1 2 143 5 4 2 4 3 1 4 1 2 1 1 9 2 3 1 10 2 1 6 2 1 121 108 5 5 2 1 1 236 1 7 1 19 2 8 3 5 1 18 3 8 2 3 1 7 1 1 1 8 5 1 2 1 1 43 3 1 6 1 90 8 3 1 3 5 2 5 2 2
4 3 1 2 1 2 4 1 4 2 1 1 2 2 6 1 1 2 1 3 2 1 1 1 2 6 1 2 2 5 2 1 5 4 1 2 2 1 5 2 28 1 2 1 1 2 1 5 3 3 1 1 4 1 2 2 1 2 2 2 2 3 1 1 3 1 1 14 2 4 2 1 1 1 1 1 1 2 2 2 2 5 1 1 2 3 2 1 2 3 7 1 2 1 29 2 5 1 9 1 1 41 3 2 1 1 2 55 2 1 1 3 1 2 2 3 1 2 2 4 4 1 1 1 2 4 1 2 2 6 1 6 2 1 2 1 2 6 5 2 4 1 2 1 1 3 3 2 2 14 4 3 2 7 1 1 1 3 2 5 2 3 4 1 2 2 1 1 1 2 1 1 9 1 5 3 14 18 1 3 2 7 5 3 1 2 3 2 9 1 8 7 3 12 1 2 2 1 11 6
13 2 3 1 2 1 1 9 4 1 13 1 3 3 1 1 1 2 2 2 2 8 1 1 1 1 2 3 3 1 1 6 1 1 1 1 7 50 4 8 1 4 3 1 2 2 1 2 1 12 2 1 3 2 1 1 8 1 11 15 1 4 4 1 2 3 99 2 16 7 1 14 1 2 2 2 2 35 1 2 1 2 3 4 1 3 1 1 2 2 2 9 96 2 2 1 1 32 2 4 3 6 1 2 3 4 2 1 3 8 7 1 1 3 2 4 101 1 1 1 1 2 1 5 2 2 170 1 3 1 1 1 1 4 9 2 1 4 4 2 6 4 3 7 1 3 1 9 3 40 2 2 3 1 2 2 2 6 1 51 7 1 4 2 3 1 1 1 2 2 1 3 69 4 3 2 1 2 1 7 5 2 2 4 4 3 13 21 7 1 4 1 1 2 117 2 4 1 2 4
2 4 15 1 6 272 1 2 1 2 2 1 1 1 169 7 2 2 1 1 1 1 2 8 2 4 1 1 5 1 11 10 1 1 1 2 11 1 4 3 1 2 3 1 1 14 5 3 1 12 2 2 2 4 1 1 1 2 2 1 2 6 4 1 2 1 1 1 4 2 1 1 3 1 14 1 1 2 3 3 1 5 4 25 2 2 22 2 4 3 1 2 3 3 3 3 1 75 2 22 2 13 2 1 8 1 2 22 3 1 1 1 2 2 1 2 3 2 5 2 3 3 1 2 2 1 4 1 1 1 2 1 34 2 4 5 3 9 13 2 2 2 4 2 10 26 8 2 2 2 4 1 7 6 4 1 2 1 2 12 8 2 2 64 2 3 2 294 1 3 1 1 14 3 1 3 2 4 17 9 1 1 2 2 1 1 2 2 2 5 2 3 1 3 1 75 2 3 3 10
3 4 2 1 1 4 3 1 1 2 1 2 2 1 3 76 1 1 1 4 2 4 2 2 1 2 3 2 2 7 12 2 2 9 13 2 1 3 3 3 2 36 5 19 43 2 11 1 1 9 1 1 1 3 1 1 1 4 2 2 1 14 1 1 4 1 1 11 1 4 1 25 13 2 4 5 3 2 1 5 2 4 12 2 3 4 1 1 9 4 1 14 31 1 5 1 1 1 1 20 3 34 2 2 1 3 3 2 3 1 5 3 3 2 2 3 2 3 4 2 3 2 2 1 1 14 114 1 4 1 3 2 1 2 93 1 4 2 3 205 1 3 1 3 2 2 2 6 3 1 1 2 2 3 6 1 6 1 1 2 1 1 1 3 1 5 6 4 3 1 1 9 2 20 1 1 1 2 1 3 1 3 2 3 3 6 2 4 2 2 1 3 3 3 13 2 14 1 2 1
2 1 1 2 1 1 27 3 1 1 12 5 6 1 1 3 1 1 1 1 1 1 3 2 1 2 1 2 1 1 2 1 4 4 10 1 2 2 4 6 1 1 4 1 5 1 1 1 7 2 53 3 2 15 14 7 1 1 2 2 1 2 1 19 6 3 1 2 2 2 1 2 1 6 2 1 1 15 5 4 2 2 1 1 1 4 2 2 4 8 7 23 2 27 2 16 17 1 1 2 1 3 1 1 2 1 2 21 1 2 1 3 2 5 16 2 1 3 3 2 35 8 1 3 2 1 1 1 3 12 8 1 4 9 2 4 1 2 11 2 3 21 5 2 1 2 19 3 3 11 29 9 2 102 4 3 2 7 6 78 2 10 8 2 1 5 2 1 3 3 5 3 1 2 19 2 1 12 1 4 1 2 3 3 2 1 6 4 4 2 2 4 1 2 3 7 3 2 8 3
1 3 2 2 2 5 2 3 3 2 2 1 1 4 6 33 2 1 8 1 1 2 2 1 5 1 2 13 1 2 1 4 1 2 1 1 4 1 10 1 4 2 1 2 2 2 4 5 1 1 1 4 30 2 13 1 1 1 6 5 13 4 1 7 1 3 6 1 3 1 3 11 3 3 7 1 1 8 5 2 1 2 3 1 3 3 2 1 1 1 3 2 2 1 3 4 29 1 4 2 2 2 12 18 2 2 2 11 23 1 3 1 23 6 1 1 3 1 2 2 1 1 2 1 2 216 8 1 2 1 1 37 2 1 2 3 3 3 2 1 2 1 4 4 80 19 5 6 1 7 2 2 2 1 3 1 4 2 3 2 1 1 3 1 5 2 1 1 3 469 2 1 3 1 2 1 10 2 1 3 1 1 23 308 2 54 1 3 1 15 3 2 2 2 1 3 7 1 6 3
2 10 2 2 1 11 2 1 9 8 1 1 22 4 6 23 1 20 2 4 99 1 1 2 15 2 1 4 1 12 2 2 3 2 21 1 7 1 2 2 1 2 1 1 3 2 24 1 27 46 1 5 1 4 1 34 2 1 6 1 1 3 4 3 5 1 1 35 3 2 2 145 1 7 1 122 2 1 1 1 4 1 1 8 3 2 5 2 2 2 17 2 1 16 2 1 1 1 2 2 7 1 1 2 4 2 1 10 2 2 4 1 12 3 1 4 3 9 7 2 60 2 7 1 1 1 1 2 7 1 2 1 2 1 1 3 2 7 1 154 2 3 2 1 3 4 4 3 1 2 2 11 2 2 7 2 2 4 2 4 2 2 2 8 1 12 1 3 1 14 1 43 1 3 1 3 1 1 2 1 4 3 1 2 2 1 1 1 5 3 2 1 1 1 2 4 1 5 3 6
1 4 4 3 1 1 1 2 1 2 3 5 2 2 2 2 1 12 1 1 5 2 1 11 20 3 98 5 2 1 2 1 2 3 2 1 11 5 1 12 14 1 1 2 9 2 2 2 12 2 8 4 3 2 1 1 1 1 2 3 2 1 1 2 1 5 2 22 1 2 2 2 2 11 5 7 1 1 2 1 6 2 2 2 15 5 1 1 3 132 2 1 2 2 5 3 1 2 2 2 7 3 5 2 2 1 2 1 2 37 29 1 1 1 2 2 1 2 1 2 2 2 1 6 2 3 1 3 2 1 1 1 5 2 2 1 1 1 1 3 1 12 3 43 1 1 11 2 1 7 1 2 4 1 5 1 3 3 41 7 1 5 2 1 1 2 68 2 7 6 4 2 1 2 1 1 16 1 1 2 47 1 1 2 1 3 1 2 1 2 2 2 2 6 10 2 2 12 2 1
4 8 1 1 2 43 1 1 2 4 4 1 2 2 2 1 4 2 1 3 2 2 2 6 12 2 2 1 2 2 3 1 1 1 1 4 6 3 2 25 4 1 1 1 1 9 22 18 1 2 327 2 3 2 7 3 2 1 1 2 1 1 1 2 1 1 2 1 1 1 1 1 1 3 38 2 3 258 1 2 1 1 1 1 3 2 2 10 13 5 1 2 1 1 2 25 1 1 2 2 2 4 1 2 9 3 1 4 1 4 5 1 3 2 1 3 2 3 3 8 1 1 1 2 1 4 9 2 1 1 1 5 1 1 2 1 8 8 4 1 9 1 1 23 5 1 3 2 5 2 1 1 1 4 20 33 1 5 3 2 4 1 1 1 2 4 4 1 1 2 3 2 2 1 3 2 1 2 1 2 1 1 3 1 2 1 6 1 46 16 2 1 69 2 6 13 2 2 4 2
1 3 7 2 3 1 2 2 1 4 2 2 1 1 1 4 1 2 15 3 1 2 1 2 1 2 2 1 3 7 1 5 4 2 2 2 1 2 1 22 1 3 2 5 6 2 2 2 2 2 9 1 2 2 7 1 1 154 1 6 3 1 2 1 3 2 1 2 2 1 3 6 7 3 2 2 5 2 6 2 2 1 2 3 6 10 2 13 6 4 1 11 3 97 3 6 1 2 2 1 11 5 1 1 4 74 3 2 2 14 1 1 7 1 9 4 2 5 2 1 3 41 1 2 1 1 4 3 3 2 2 1 10 2 2 5 2 4 11 5 1 181 1 5 7 7 3 4 1 2 2 3 1 2 14 3 2 5 1 29 2 2 2 20 4 27 3 3 2 2 2 48 1 3 1 1 1 1 2 12 1 2 24 3 2 1 4 1 3 24 1 1 2 6 2 3 6 1 3 2
1 1 3 2 3 1 2 32 3 2 3 1 6 3 1 1 18 13 4 1 4 1 5 1 1 7 2 2 2 2 4 2 1 1 2 2 3 2 2 1 2 1 2 2 1 2 5 1 3 2 11 12 2 1 3 3 14 2 1 4 2 6 2 6 1 3 3 1 2 2 1 1 2 1 20 2 204 2 1 1 1 1 4 1 2 1 5 2 2 8 1 1 1 5 8 1 2 51 1 3 1 6 1 9 2 1 4 1 1 3 1 4 2 1 3 3 1 2 1 1 1 1 2 2 1 2 1 2 2 1 5 2 1 1 17 1 2 2 3 2 10 2 2 1 2 10 9 1 8 2 2 6 4 3 21 1 1 1 1 2 1 2 135 7 1 2 1 1 1 11 2 1 2 1 2 7 2 1 2 3 3 6 1 4 1 1 2 4 7 1 1 1 4 1 2 116 1 1 2 4
2 16 2 7 387 1 4 1 1 7 2 2 2 1 1 1 7 2 3 3 3 4 1 1 2 14 1 1 2 28 2 2 3 2 1 5 35 2 2 2 1 4 12 1 8 21 42 4 7 1 2 3 7 1 82 9 4 1 1 1 2 1 1 3 1 1 5 2 2 1 3 3 1 1 1 1 19 18 5 2 1 4 1 7 3 28 1 1 1 2 4 1 1 1 17 1 4 3 3 3 7 1 7 6 3 1 1 1 8 1 2 8 2 1 1 2 5 7 1 2 1 3 1 1 3 1 1 5 3 1 1 2 5 3 1 159 2 1 13 1 2 2 4 4 1 1 2 3 2 2 1 2 4 1 1 1 23 1 7 2 2 1 2 1 10 3 1 1 8 4 2 2 2 1 45 1 1 2 2 6 1 4 2 3 2 3 4 1 1 5 2 2 3 1 1 4 1 1 5 2
3 2 1 1 6 11 1 2 1 1 5 1 17 1 2 1 6 2 1 3 2 11 2 1 2 3 1 2 2 11 1 102 2 2 13 4 2 3 5 1 3 1 2 10 1 1 3 3 71 2 2 1 4 4 15 3 1 7 16 2 1 2 2 1 1 2 2 2 3 2 2 1 4 2 5 2 1 1 4 1 2 1 345 2 2 2 14 1 1 5 5 1 4 3 1 1 2 1 6 3 1 1 1 2 10 2 2 1 2 5 1 2 1 2 1 1 1 18 3 28 1 5 2 4 5 11 2 4 1 6 1 2 7 3 4 8 4 15 7 1 1 3 1 2 5 2 2 3 2 44 1 4 1 3 1 1 5 1 38 1 1 12 123 8 1 1 4 1 3 3 2 4 2 6 2 1 2 1 3 49 2 2 3 1 9 2 1 7 2 3 2 10 3 5 1 2 1 11 1 7
1 2 3 2 7 5 1 2 2 6 1 2 2 3 4 2 1 1 2 3 19 2 2 1 2 1 2 2 2 2 1 3 3 2 2 2 3 1 2 14 3 37 2 4 4 7 1 1 2 2 5 1 1 2 2 1 1 1 24 4 4 1 3 1 1 2 1 2 2 3 4 2 3 2 2 1 2 1 7 45 2 42 2 8 1 4 1 2 4 9 2 2 5 27 5 1 2 3 1 1 2 1 1 2 8 1 1 2 2 1 2 1 1 2 1 6 1 3 27 2 2 3 3 2 1 7 9 5 1 1 1 1 1 216 67 1 2 2 1 3 17 1 3 1 39 23 1 2 2 2 1 4 3 16 12 9 3 3 72 2 4 2 4 1 1 7 15 1 1 2 2 5 1 3 1 1 2 3 1 46 1 1 6 3 12 1 3 1 1 5 1 1 2 1 1 2 1 8 1 2
1 1 1 1 5 1 2 16 2 4 2 1 1 1 3 1 2 3 2 10 1 6 6 1 1 1 2 1 4 2 9 2 1 2 2 173 2 5 16 4 2 2 7 2 4 1 3 2 12 4 2 3 2 4 2 2 2 1 5 2 3 3 1 8 2 1 3 2 2 1 1 3 38 3 8 5 6 42 13 4 1 1 6 2 3 1 2 2 1 123 2 3 4 2 2 50 2 1 1 1 2 1 3 3 14 3 1 2 1 3 2 1 1 3 1 3 2 54 1 4 2 2 3 14 11 25 20 1 1 15 8 218 2 1 2 43 7 2 3 4 1 2 5 6 2 2 48 5 2 33 2 4 1 1 1 2 3 38 1 2 3 1 17 1 4 3 1 6 2 1 1 1 3 1 7 1 2 3 1 2 1 1 2 2 1 1 5 1 6 1 5 3 4 1 4 1 1 1 4 3
2 1 2 1 1 11 2 1 1 1 2 1 3 3 9 2 1 16 1 2 3 7 2 7 1 2 1 2 2 3 2 1 7 1 2 2 1 68 38 23 1 4 1 16 7 2 2 3 3 1 13 2 5 1 5 1 1 2 4 25 1 5 1 34 2 2 1 1 2 10 1 4 2 7 1 4 1 1 2 12 2 10 2 88 1 1 1 2 1 1 7 10 16 2 2 2 1 1 2 2 2 5 1 1 3 1 2 3 15 2 2 1 1 1 1 3 1 1 34 1 3 1 20 5 2 10 2 11 71 1 2 2 3 1 1 6 6 2 3 1 1 3 11 29 3 1 2 2 2 1 2 45 2 2 1 1 3 6 9 3 19 56 1 18 14 1 3 7 2 2 1 19 1 1 1 1 9 2 1 5 1 1 2 4 1 1 4 2 3 24 3 2 1 2 1 1 199 13 2 1
1 2 1 3 22 1 1 2 4 2 62 4 2 4 1 1 4 1 2 1 1 3 2 3 1 1 1 329 2 34 8 1 1 4 1 12 8 124 1 5 14 78 1 1 25 1 2 8 26 13 1 1 1 2 4 11 4 1 1 3 2 7 1 4 3 3 5 3 2 31 29 1 3 9 16 151 1 16 2 205 2 2 3 1 1 3 10 4 1 2 9 1 5 1 1 5 8 7 1 2 2 9 5 1 1 5 3 56 2 1 1 3 9 4 1 2 6 30 1 1 16 5 4 3 2 4 1 1 2 2 4 1 4 4 1 3 2 5 1 3 2 8 2 1 2 1 1 2 2 2 1 2 15 5 1 7 1 1 2 2 1 2 7 1 1 9 13 2 2 1 1 2 1 1 4 1 437 2 2 4 5 1 1 3 1 3 5 1 10 1 2 1 5 2 3 3 2 175 2 52
4 2 10 3 1 1 1 3 3 2 1 1 7 1 1 1 17 1 1 3 1 2 4 2 1 2 2 1 2 25 6 4 2 3 1 4 2 46 2 5 4 2 3 1 2 3 1 2 6 9 2 2 2 1 12 2 1 5 1 1 4 23 2 2 1 1 6 2 1 1 2 1 28 1 1 3 2 1 2 1 1 1 10 2 3 2 2 1 2 1 1 9 1 5 3 1 2 2 89 1 1 3 3 2 3 1 2 2 10 2 3 6 1 9 11 1 2 3 6 1 15 3 1 4 3 1 3 2 2 2 1 1 4 6 165 3 2 3 1 1 6 1 1 3 2 2 6 2 2 6 1 3 2 1 4 11 3 7 2 2 1 2 2 6 2 3 2 2 1 1 3 1 2 5 2 2 1 20 2 2 1 8 9 2 1 2 1 14 19 2 1 1 2 8 1 2 1 3 5 1
3 1 1 2 3 37 4 9 1 1 1 2 5 1 1 4 1 3 3 2 4 1 2 59 2 127 3 5 2 2 8 1 2 2 2 2 1 4 2 3 9 2 1 1 2 17 4 1 2 2 2 8 8 1 16 1 2 2 1 2 3 3 2 1 2 8 2 1 1 1 5 2 5 2 3 2 1 4 91 1 19 1 10 4 11 1 3 1 4 1 2 5 1 1 1 1 2 4 2 1 1 3 3 2 5 1 5 1 1 1 2 2 1 1 1 3 1 2 1 2 4 4 1 1 2 7 1 2 1 2 14 6 2 4 1 1 3 1 2 1 1 6 1 2 1 35 16 4 3 6 3 1 1 1 2 2 1 1 2 1 1 1 1 1 1 7 1 1 3 2 1 12 2 1 2 2 2 1 1 4 3 2 1 2 1 1 2 17 3 8 2 1 2 2 1 8 1 2 3 2
2 1 5 1 1 1 2 5 8 2 1 3 2 1 6 5 7 1 2 2 3 8 1 2 6 4 6 1 2 2 3 3 5 9 5 1 3 1 2 4 4 2 2 17 5 3 1 1 3 2 26 1 2 6 2 2 14 2 2 3 2 1 1 2 2 1 1 1 1 2 1 17 1 2 3 6 3 1 4 1 1 8 2 1 7 2 2 1 2 2 2 3 5 1 3 1 7 1 7 1 7 2 13 2 2 1 2 2 1 3 2 1 1 3 3 4 1 2 1 1 2 1 16 9 2 4 9 3 2 1 2 4 3 2 1 7 8 2 2 1 1 3 2 1 11 4 2 3 2 3 4 2 1 3 1 4 1 4 6 29 3 1 9 413 1 2 2 23 22 2 1 1 3 1 3 2 2 2 3 33 2 2 2 1 2 3 2 2 1 1 1 5 1 4 102 6 1 3 1 1
1 1 2 1 2 2 1 2 8 25 1 2 1 3 58 1 2 2 2 3 2 67 2 7 2 2 2 1 2 1 1 1 5 12 1 1 1 1 4 47 3 2 3 12 8 2 2 51 1 2 2 4 2 2 7 18 2 12 3 5 1 2 4 2 7 8 4 5 2 10 2 2 2 6 1 3 1 10 1 2 1 3 2 1 2 3 10 6 13 5 3 2 1 6 2 3 54 1 2 8 1 2 15 6 6 2 2 4 1 2 271 2 4 1 2 2 1 1 1 1 7 1 1 3 17 193 22 2 2 1 4 2 1 1 1 1 6 2 5 5 9 1 3 2 5 9 2 37 5 1 1 1 2 2 1 3 3 2 4 3 2 2 4 1 9 1 1 1 6 2 3 1 6 11 2 3 3 120 1 4 4 4 1 1 4 4 1 1 2 2 2 1 2 8 2 2 10 2 2 1
3 10 2 9 5 30 1 1 2 10 8 14 1 1 1 2 89 1 32 2 1 2 2 3 2 3 12 1 2 6 9 8 1 1 1 1 3 1 2 1 2 1 3 1 1 2 6 4 3 17 7 1 2 2 1 3 1 18 1 6 3 12 1 2 8 2 4 1 16 1 7 1 2 1 4 1 1 8 1 2 1 1 1 4 4 7 2 2 2 1 29 1 2 3 3 1 1 65 3 3 2 4 4 1 3 4 2 2 1 2 2 1 1 1 2 2 1 4 1 2 13 1 1 3 2 2 3 3 1 10 1 2 1 2 1 18 2 2 8 2 3 2 1 6 3 7 3 10 2 1 1 6 1 1 2 21 2 8 3 2 2 1 1 1 1 3 2 1 4 2 2 2 30 1 3 19 33 1 2 1 12 1 3 1 2 1 1 114 2 1 7 1 9 2 5 1 1 2 1 1
2 2 2 18 1 2 3 2 4 6 22 2 14 14 6 4 2 1 3 6 1 4 1 2 2 2 1 1 2 1 2 4 1 16 2 5 2 1 1 4 2 3 244 2 1 5 2 4 2 12 1 1 5 2 3 17 2 13 2 4 2 3 1 2 18 4 3 2 1 5 2 2 28 1 1 3 2 2 4 90 35 8 5 2 2 4 5 1 2 1 5 1 4 2 1 2 1 1 3 1 27 19 1 6 1 1 1 1 1 2 1 3 9 1 4 2 10 3 2 6 2 2 2 4 2 3 1 1 2 7 8 2 1 2 2 3 1 2 1 2 1 9 3 5 1 2 3 2 2 18 2 2 3 77 3 2 9 2 1 1 2 2 1 1 1 5 1 15 1 1 5 6 9 2 2 1 1 2 3 2 3 1 2 1 9 1 18 9 2 1 2 2 2 11 4 2 1 8 2 14
4 5 5 5 4 1 1 2 3 2 3 25 2 2 2 1 2 2 1 1 2 11 1 1 3 2 4 2 1 5 3 1 1 3 1 2 3 1 14 4 2 1 2 3 8 8 4 1 2 2 4 18 4 1 2 3 2 2 4 1 2 1 2 1 2 20 1 5 1 1 4 2 1 1 4 3 2 1 1 1 6 1 2 1 2 7 2 2 6 1 1 2 3 1 2 1 2 1 1 1 2 2 1 1 1 3 31 4 2 4 1 1 1 1 2 5 2 47 2 2 7 1 1 2 2 1 4 1 2 1 1 3 6 16 1 6 1 1 4 2 4 2 2 1 1 4 1 3 1 4 1 2 5 1 3 17 2 3 1 5 2 2 1 2 3 2 4 3 3 3 1 3 2 419 13 2 1 2 2 1 1 10 2 4 3 2 2 3 1 1 1 14 3 1 2 60 18 29 1 2
20 6 2 1 3 2 21 2 2 1 1 4 3 6 1 1 1 1 3 1 2 4 1 4 3 23 1 5 1 3 2 5 4 62 3 1 19 1 6 1 4 1 5 1 2 4 2 1 3 6 1 2 9 1 1 1 3 3 1 97 1 1 2 1 1 1 69 14 2 2 2 1 1 2 13 2 1 1 4 1 1 2 1 3 1 1 1 4 14 11 22 2 2 2 5 4 229 19 1 3 2 4 191 2 2 2 11 5 2 1 11 1 2 1 2 3 2 2 1 6 10 2 16 2 2 1 1 11 10 8 2 1 4 3 1 1 1 1 8 1 6 3 5 32 5 2 2 2 2 1 1 3 3 3 1 1 6 1 1 11 2 2 2 1 1 2 2 1 2 1 2 19 2 8 1 2 7 1 2 9 2 1 1 9 55 1 1 1 3 1 1 4 2 1 3 2 1 409 1 1
2 4 1 2 4 9 1 3 1 1 2 3 2 1 1 7 2 1 2 2 3 3 1 7 1 1 1 1 4 4 1 2 3 1 1 12 7 2 1 2 15 9 2 99 1 1 14 1 10 1 5 3 2 4 2 1 2 22 2 1 1 1 1 1 2 1 2 2 30 2 1 5 2 3 1 9 45 2 3 3 1 1 9 2 2 10 12 1 1 7 1 44 1 1 13 1 13 2 4 2 3 2 3 1 7 5 2 2 3 12 1 2 9 1 4 3 2 4 2 2 1 1 1 3 8 7 1 2 1 7 4 1 2 1 2 2 2 3 6 2 4 6 2 4 1 2 3 2 3 28 2 1 89 1 1 1 3 2 3 2 1 1 1 5 16 2 4 1 2 1 1 2 2 2 2 1 2 1 2 2 1 2 1 25 1 3 9 1 3 5 2 6 1 2 2 27 1 2 2 2
25 1 2 1 2 1 1 15 64 1 3 5 13 1 1 7 1 3 2 3 1 4 6 6 3 4 4 151 2 2 3 1 1 1 1 1 2 1 6 1 2 3 19 3 7 37 2 2 32 7 17 13 2 3 5 2 2 4 1 1 3 2 2 1 3 1 3 1 3 2 2 1 4 15 1 6 1 3 4 4 2 2 2 3 2 1 2 3 1 7 2 5 75 1 1 2 1 46 1 3 1 3 7 7 4 1 2 1 4 8 9 1 6 1 6 2 8 6 1 2 2 1 1 1 5 2 2 2 9 5 1 1 11 1 2 1 1 2 1 1 2 2 36 12 4 2 2 1 4 1 1 6 1 1 2 2 4 9 1 2 2 1 2 3 2 1 2 2 2 1 1 1 2 2 43 1 1 42 1 1 1 5 2 5 15 2 3 7 3 1 5 3 6 3 6 1 1 3 4 2
2 2 3 2 2 3 2 3 4 1 1 3 1 7 5 1 2 2 1 2 5 2 1 41 5 2 2 8 1 1 3 1 2 2 1 1 1 3 1 1 2 85 2 119 1 4 22 1 4 3 1 1 2 2 1 1 3 1 1 1 1 4 1 3 2 2 2 6 3 2 3 3 1 6 2 1 1 2 3 1 22 1 260 1 4 2 8 6 1 12 1 4 4 14 1 10 1 7 4 1 2 3 2 2 1 1 129 1 3 48 1 17 3 1 11 2 12 1 1 1 4 1 1 3 1 2 3 17 1 1 5 2 12 6 2 2 1 1 10 5 1 2 1 4 6 6 20 1 2 11 14 1 4 25 1 6 5 2 1 1 1 2 5 2 1 1 1 3 16 2 1 2 1 2 2 2 2 2 2 2 9 4 4 1 1 234 31 1 1 6 3 3 4 1 2 4 2 3 10 4
1 33 5 1 1 8 162 2 29 1 4 6 1 1 2 5 5 2 2 1 1 2 13 2 14 1 1 2 4 27 4 48 2 3 1 2 2 2 27 5 1 4 6 20 2 2 10 2 5 2 1 1 1 2 5 3 2 2 1 1 27 1 3 1 1 1 5 2 6 2 3 27 1 2 1 1 1 6 35 1 1 3 2 1 2 2 2 1 12 1 1 2 2 111 60 1 4 2 2 2 1 2 6 20 2 1 1 3 1 1 9 1 12 2 1 2 8 1 2 7 2 12 2 7 1 6 1 2 2 1 9 1 2 2 3 21 2 1 1 1 23 13 16 54 2 3 3 1 3 1 5 4 17 2 3 2 2 4 2 2 1 9 4 3 2 1 1 2 1 2 4 7 2 1 3 1 1 2 13 1 1 49 2 2 3 23 2 1 2 55 1 1 5 3 1 2 1 7 2 5
5 284 1 1 11 1 7 6 26 6 2 22 1 8 1 3 2 2 1 2 1 2 1 6 5 2 4 2 1 1 1 51 1 4 2 3 1 1 1 1 1 25 2 3 1 3 3 4 1 2 1 9 3 2 3 10 3 5 8 1 1 1 1 7 6 3 5 1 2 11 3 2 2 292 1 1 2 176 2 1 4 1 13 2 27 4 2 1 1 2 2 1 4 3 1 2 4 4 2 1 8 4 1 5 1 2 13 3 1 1 7 1 1 2 2 13 4 2 2 1 2 4 1 2 3 2 3 2 2 1 53 4 11 7 1 2 5 1 2 1 5 1 3 2 1 12 74 2 1 4 1 1 1 1 1 2 1 2 1 3 2 4 2 2 2 1 54 2 1 1 2 64 2 4 6 1 2 7 3 12 5 1 2 93 1 9 12 3 2 2 1 1 2 1 1 1 3 1 3 1
4 1 1 1 2 7 9 2 1 1 5 3 2 2 1 13 1 1 2 1 2 3 2 1 1 3 1 23 4 6 1 2 2 1 2 2 1 1 3 2 1 1 6 2 1 3 2 3 2 1 1 1 2 2 2 9 10 2 1 2 3 3 14 2 2 2 1 6 1 2 2 2 3 1 4 2 2 5 2 132 1 2 7 1 1 3 15 1 3 2 1 2 1 1 1 23 2 2 3 1 3 4 2 1 1 2 1 4 45 1 1 2 5 5 1 3 4 1 6 1 1 2 3 2 1 1 5 5 6 1 2 5 1 3 3 7 7 3 32 2 2 1 3 15 3 2 3 4 1 3 1 1 2 3 2 1 1 2 1 6 19 19 2 2 1 1 2 2 1 2 3 1 1 1 2 3 4 2 1 6 1 1 3 4 2 1 1 3 5 1 1 2 2 2 3 1 1 2 2 1
2 1 1 5 3 1 10 1 2 1 132 1 1 2 2 1 3 2 6 5 85 1 1 2 2 5 3 1 3 1 134 1 2 1 2 19 9 5 1 1 11 3 2 3 4 5 1 2 2 2 5 171 1 2 1 12 2 2 4 1 1 2 1 5 23 1 3 1 2 3 4 2 2 1 4 1 1 2 7 4 39 1 1 2 3 1 3 6 4 1 2 7 2 1 2 6 41 1 1 2 29 10 1 1 2 2 1 4 1 1 1 1 6 8 1 2 2 2 1 5 4 2 1 3 1 1 2 7 1 1 2 3 11 21 4 3 3 2 2 2 3 5 1 2 19 2 8 2 2 13 1 3 1 1 1 2 13 6 1 1 1 2 41 2 1 5 1 5 1 2 2 3 4 3 5 1 1 2 22 4 2 1 4 4 1 2 1 13 2 8 5 3 4 1 1 2 1 4 1 7
3 1 2 13 1 1 11 1 11 1 4 1 3 1 2 2 3 2 2 1 1 4 11 19 2 1 2 4 1 2 1 2 4 2 1 1 1 2 1 2 8 1 1 3 15 9 2 1 2 1 2 1 6 3 2 1 3 2 6 3 3 58 2 4 1 1 5 2 1 23 9 4 4 5 5 3 4 1 1 11 3 1 1 1 2 1 16 28 1 1 2 2 3 2 2 9 3 2 1 5 4 17 3 1 3 1 1 1 6 12 3 1 2 1 1 2 1 4 4 2 5 3 5 4 1 1 3 10 1 1 1 1 1 7 7 3 1 1 11 1 2 2 1 2 5 1 3 3 1 1 4 3 1 2 1 2 2 2 2 6 2 1 5 7 2 2 1 17 3 2 1 39 1 2 1 2 2 2 1 1 2 3 1 15 1 2 1 1 3 6 3 92 5 1 14 1 3 8 3 6
2 3 2 12 2 1 4 8 1 4 2 1 5 2 1 2 2 3 1 1 1 1 6 10 9 1 1 2 2 20 1 1 3 3 2 15 2 2 1 2 3 1 2 2 1 3 1 3 3 2 4 2 4 15 3 15 1 1 2 2 2 1 3 1 1 1 1 2 1 4 3 3 3 5 2 5 1 2 6 2 1 1 5 393 3 1 4 2 1 1 1 5 2 2 1 1 1 3 1 2 1 3 2 2 2 3 8 1 6 2 4 2 11 2 2 1 2 71 1 1 2 3 8 1 1 12 2 4 1 2 3 12 8 3 1 1 29 2 1 2 6 1 37 5 1 3 2 1 1 1 1 1 3 2 2 1 1 2 23 3 9 1 7 2 3 2 3 1 1 5 1 1 1 75 2 1 2 1 8 2 3 1 2 3 1 2 58 1 4 2 1 11 5 13 3 3 2 2 16 119
2 8 28 2 1 9 8 1 2 2 1 1 1 1 1 28 4 2 1 1 1 2 1 1 7 1 1 2 1 7 1 2 1 12 7 1 1 5 1 3 1 11 2 3 3 2 2 1 1 3 5 2 1 2 1 24 3 1 1 4 2 1 2 1 7 1 2 1 7 2 3 11 3 2 1 2 2 1 2 1 2 4 1 1 1 1 1 6 1 3 1 2 7 5 4 26 10 1 2 8 2 1 1 3 5 6 9 1 1 3 1 1 4 2 1 2 2 2 3 1 127 3 3 1 1 2 2 3 2 2 1 7 1 1 1 2 2 4 1 8 3 4 3 2 1 46 1 1 1 3 2 1 1 1 2 5 4 2 1 9 3 2 1 1 8 3 2 2 2 1 1 1 1 3 5 1 12 2 1 3 5 2 2 3 2 2 2 2 3 3 1 4 1 6 1 1 1 2 2 1
8 9 2 1 1 3 2 1 1 13 2 1 1 6 1 6 1 1 1 2 2 4 1 2 4 1 1 1 4 1 1 2 1 3 1 2 10 7 25 1 4 4 1 6 6 2 2 2 10 3 1 3 2 2 1 1 4 1 12 2 1 2 2 2 3 1 1 2 2 2 2 2 2 2 1 1 1 1 3 1 1 2 2 1 11 4 1 2 2 4 4 1 2 4 3 2 2 5 1 4 7 2 3 2 13 3 3 2 14 2 5 3 1 2 2 2 4 31 2 14 5 1 3 1 2 2 1 1 4 2 1 6 1 1 48 1 2 2 1 2 3 1 14 2 1 48 10 2 1 3 9 1 10 6 2 1 1 2 2 32 1 4 3 5 3 3 1 1 32 1 1 2 1 2 1 2 5 2 1 4 5 1 3 3 23 9 7 3 9 3 2 1 2 2 2 4 2 2 1 7
1 1 1 23 23 1 5 13 2 1 3 5 2 2 6 4 16 4 1 13 3 2 22 3 3 1 1 2 1 1 5 4 15 2 4 1 5 2 2 15 1 3 22 3 1 27 2 1 1 1 2 51 2 2 1 1 3 2 1 1 5 3 2 5 1 14 1 4 8 1 3 1 1 2 2 2 1 2 5 1 26 2 5 1 5 3 2 2 2 3 6 2 2 1 2 4 1 14 1 8 1 3 4 1 1 3 1 4 1 4 1 1 8 1 2 1 7 1 6 7 2 3 5 2 5 2 1 4 2 5 2 1 2 8 4 19 1 1 3 2 4 1 1 2 8 2 10 2 3 4 2 3 6 2 14 3 2 2 1 1 2 1 1 2 1 2 1 3 1 4 2 3 8 2 4 3 1 1 1 1 4 2 7 14 6 2 1 9 1 5 3 1 1 9 1 1 1 4 2 4
5 1 3 5 1 1 7 1 6 2 1 2 1 5 1 2 10 2 1 22 2 21 1 1 1 4 1 4 6 5 2 2 30 1 2 1 1 1 2 2 4 1 2 1 1 2 7 1 2 1 2 2 1 3 3 23 1 2 1 1 1 12 1 2 1 2 12 3 5 5 1 2 2 19 1 3 2 2 6 2 1 3 1 2 2 2 10 2 1 4 2 5 6 14 1 1 4 1 1 1 8 15 3 3 8 3 2 4 4 10 2 1 3 23 1 1 1 3 2 2 13 2 2 3 2 3 7 12 6 4 1 1 2 13 11 1 3 1 1 2 2 1 2 2 1 3 209 12 3 3 2 1 82 1 1 2 2 37 4 5 8 1 1 2 4 4 3 16 5 1 1 1 3 2 2 1 28 1 2 2 3 11 1 4 2 2 1 1 1 1 5 1 3 2 2 1 3 13 3 6
10 2 1 8 3 24 4 1 1 86 3 2 2 3 2 2 1 8 1 3 88 1 7 2 1 1 1 4 1 2 30 2 3 1 1 10 3 1 18 2 8 5 1 181 2 5 1 6 3 2 14 1 2 1 11 3 1 8 2 6 1 1 16 8 1 1 1 2 2 1 1 3 1 4 1 7 2 3 44 2 2 1 2 1 68 1 2 4 16 162 1 2 1 1 2 71 1 3 4 6 1 4 1 2 1 1 3 2 2 1 2 10 5 3 7 1 1 11 2 7 6 1 1 1 2 1 3 3 3 3 1 1 1 2 1 3 1 186 2 3 4 9 1 2 3 2 6 2 2 2 1 2 4 2 1 2 1 4 9 1 7 3 1 5 2 1 1 1 1 4 1 2 1 1 5 4 7 2 8 1 2 1 7 2 2 5 16 1 4 2 3 1 5 11 2 1 2 2 1 1
2 1 1 1 1 2 1 8 1 2 2 3 1 1 2 3 5 1 1 2 4 5 2 1 2 1 5 3 1 1 1 1 3 5 2 1 1 2 1 3 3 5 4 10 37 1 2 1 9 26 2 1 1 9 1 1 3 3 3 2 1 2 2 27 1 9 2 7 13 3 1 1 2 1 1 1 8 3 1 19 1 5 4 5 1 1 2 1 5 2 1 3 1 6 2 3 1 11 1 2 114 3 1 2 1 10 2 1 10 2 2 3 2 1 1 1 2 1 3 1 1 4 2 1 22 1 19 29 4 2 29 91 3 7 1 25 4 2 2 1 2 9 1 5 1 2 1 2 1 3 1 1 2 2 9 1 2 2 2 2 1 344 263 2 2 4 3 3 2 57 4 2 13 1 2 4 2 1 6 1 3 2 4 2 3 1 2 1 5 2 8 6 2 2 8 1 1 6 6 1
2 1 2 1 5 2 7 5 7 1 1 3 8 2 2 2 4 3 4 10 1 2 1 8 3 2 42 2 1 4 1 3 3 1 2 5 2 1 1 2 5 6 3 9 1 3 1 3 2 1 1 1 1 2 5 1 2 2 2 5 2 1 3 3 1 2 1 2 3 2 14 2 4 2 1 2 22 2 1 1 2 4 2 9 1 1 1 2 7 1 1 1 2 3 1 2 1 1 3 296 15 3 1 5 65 2 10 1 4 6 1 1 4 6 2 2 6 99 1 2 27 1 4 14 3 6 2 2 9 2 1 3 1 16 2 1 1 1 3 13 4 2 21 1 5 2 7 9 150 3 1 4 14 1 2 3 2 4 31 2 1 2 1 5 2 1 1 2 1 1 2 8 1 2 1 6 8 71 1 3 2 3 1 14 1 1 3 1 4 3 3 2 1 10 1 1 6 5 1 4
9 9 1 3 2 4 2 1 1 3 9 2 3 3 1 3 3 1 5 1 2 2 1 1 4 1 1 2 1 3 1 2 2 4 3 1 2 4 4 2 70 1 3 2 1 4 1 2 4 14 2 2 1 3 2 3 9 13 2 2 8 2 2 7 3 2 3 1 3 6 13 15 8 1 3 2 3 2 1 20 1 3 33 3 5 1 2 1 1 51 1 1 2 3 1 2 2 3 2 8 2 3 1 1 1 1 2 3 2 68 2 2 1 5 3 5 9 4 1 1 5 7 27 2 1 2 5 2 2 1 1 3 2 21 1 4 3 2 4 10 3 1 2 2 4 1 1 2 2 2 1 1 17 1 1 2 16 1 1 2 1 3 10 3 29 2 1 17 1 2 2 1 2 25 2 2 1 3 2 1 1 5 3 1 1 145 2 11 1 1 3 1 20 1 1 2 1 1 3 3
2 223 1 3 1 1 1 7 1 2 1 2 2 1 1 1 9 24 4 1 2 1 1 1 1 2 2 1 1 2 1 17 3 6 2 1 1 1 1 2 1 1 174 86 2 4 5 1 13 1 3 3 1 3 1 1 4 5 2 11 1 1 20 2 3 4 1 2 1 1 7 4 2 7 2 1 2 8 5 1 2 2 2 7 7 3 2 103 26 2 2 38 4 7 7 2 1 2 3 1 1 6 1 1 4 10 2 2 8 1 2 1 1 1 2 2 2 39 3 24 2 6 4 4 42 3 1 2 5 2 7 6 1 2 2 6 3 14 3 2 8 1 1 4 1 2 1 2 6 5 1 1 2 4 1 1 5 1 2 2 7 3 1 3 3 2 1 22 2 1 2 2 5 1 5 1 1 1 3 2 1 5 3 7 1 8 4 5 2 1 4 1 4 17 1 10 1 3 1 3
3 3 2 2 1 4 4 2 7 1 1 1 6 1 1 1 1 2 8 12 2 10 2 2 3 1 4 3 2 5 10 34 4 2 2 15 1 11 2 1 1 2 8 3 1 6 2 2 9 43 2 1 1 11 5 3 5 3 1 2 5 2 1 3 2 1 2 1 13 10 28 2 2 1 8 3 1 1 5 1 17 1 30 1 1 2 1 1 22 11 2 1 2 18 23 2 2 2 2 2 96 1 1 5 1 2 2 5 4 1 2 2 5 9 2 2 3 7 35 14 4 2 5 5 1 2 2 1 4 5 2 1 2 4 3 2 1 2 1 4 1 1 2 3 2 5 20 1 2 5 1 2 1 8 2 5 2 2 1 1 17 1 4 2 2 1 1 4 1 3 1 1 4 3 1 1 1 4 2 46 5 2 2 3 6 1 2 1 4 13 2 1 2 3 1 2 1 2 28 3
1 2 1 1 1 5 4 361 1 1 1 1 3 3 31 3 1 2 1 2 3 1 2 1 1 3 2 12 2 1 32 20 7 2 1 2 1 22 1 2 2 1 4 2 3 1 2 1 36 2 4 2 3 1 2 6 1 1 2 1 1 2 1 3 5 1 1 1 4 2 1 1 2 1 3 4 1 1 1 38 1 3 1 1 1 1 4 3 2 2 1 8 16 2 1 8 1 1 1 1 2 2 28 359 1 2 2 1 1 17 2 20 1 2 3 1 2 2 13 8 9 3 318 1 2 3 2 1 5 2 1 3 3 8 3 1 1 1 3 7 2 12 2 1 1 1 1 4 1 1 1 1 1 5 16 11 1 1 14 1 1 1 4 3 1 8 20 3 1 79 2 35 3 12 1 4 3 1 2 2 7 1 2 1 1 4 2 3 6 2 9 21 1 1 1 5 2 6 1 16
2 1 16 1 3 2 1 1 24 57 1 6 5 10 2 2 3 1 2 1 2 2 2 8 3 2 1 6 1 6 2 1 3 2 3 21 5 8 1 3 3 2 1 2 1 2 1 1 2 1 1 1 5 2 6 2 6 2 1 1 2 1 1 1 4 12 2 1 1 3 2 1 3 1 12 1 1 5 2 1 1 2 73 5 1 3 2 1 4 1 6 8 2 1 1 2 7 3 10 3 3 19 9 7 2 4 1 3 2 3 3 2 2 4 2 2 4 1 10 1 11 4 2 7 2 2 20 6 1 2 3 4 2 1 1 2 2 1 1 2 2 1 4 1 3 1 1 2 1 1 4 4 11 5 4 7 3 1 4 4 1 2 1 3 4 2 1 5 2 1 3 4 2 4 2 3 4 2 1 1 2 2 1 1 4 1 6 3 2 3 3 1 4 1 3 2 5 4 1 8
4 4 5 18 2 11 80 1 3 7 3 1 2 2 2 93 2 7 9 3 1 4 2 1 1 1 1 2 6 1 3 1 4 1 8 1 1 5 1 4 1 1 2 2 1 1 3 12 2 4 2 2 1 1 7 3 2 2 2 1 2 1 6 8 1 1 2 1 3 1 1 4 3 2 2 2 6 1 2 4 2 10 1 3 1 23 7 2 27 3 4 3 1 4 1 2 4 109 2 1 2 6 1 1 2 2 2 1 4 2 1 2 8 21 1 5 2 1 1 1 3 1 10 4 8 1 2 4 2 5 3 2 5 2 1 2 1 2 6 1 1 1 1 5 1 1 5 7 1 1 3 2 2 8 4 1 1 1 2 12 9 2 1 3 1 1 2 2 1 2 2 3 2 9 1 1 3 7 1 16 1 3 4 16 38 1 3 2 1 1 2 1 3 7 2 2 4 1 2 2
2 1 2 3 2 2 2 1 1 2 2 3 5 1 11 1 18 3 5 1 2 2 1 1 19 11 1 2 3 1 1 2 1 1 4 8 2 2 2 1 1 1 3 2 2 1 4 1 1 2 33 4 1 20 1 36 3 9 8 8 1 6 2 3 2 2 2 1 1 1 18 2 8 45 2 2 2 2 7 2 1 2 1 7 3 1 1 27 1 3 2 1 22 1 3 28 2 2 1 4 1 1 3 63 1 2 2 1 5 1 1 1 2 2 1 2 2 1 5 2 2 1 49 1 1 7 2 1 4 3 3 1 3 1 2 2 3 2 3 1 1 2 3 2 1 77 1 9 2 5 19 2 1 3 1 1 1 1 1 1 2 1 20 1 1 3 2 1 2 2 33 1 2 2 3 1 2 4 3 1 6 7 3 2 1 3 1 2 2 1 4 5 3 2 2 1 1 1 5 3
8 1 28 3 1 1 1 1 3 1 3 1 2 7 6 2 2 2 8 1 2 1 1 3 1 1 2 1 2 3 1 2 1 2 5 4 2 3 1 1 2 1 2 2 7 5 5 2 5 17 1 1 1 1 1 3 3 6 8 1 1 2 3 39 2 1 3 2 1 2 5 1 2 1 3 3 2 3 5 1 20 6 1 1 4 1 1 3 7 6 1 1 2 1 319 1 2 1 2 3 5 1 7 1 3 1 1 11 2 21 2 2 1 1 2 1 2 2 1 1 1 1 5 2 35 3 3 1 1 1 29 2 7 2 6 3 2 1 2 2 18 6 166 8 3 2 2 1 2 1 8 1 1 4 123 2 2 62 11 1 1 1 2 1 14 4 1 2 1 1 1 2 4 2 2 2 16 3 2 2 1 1 2 1 1 1 30 3 2 2 4 27 1 14 2 1 26 41 1 1
1 1 1 6 1 11 4 2 1 2 3 2 2 7 1 3 1 1 8 1 27 7 8 3 4 7 1 5 1 49 3 4 3 3 4 1 2 1 6 1 1 1 6 3 5 3 7 22 11 16 3 25 1 1 2 5 3 1 2 1 3 1 3 6 1 7 6 1 11 2 4 1 15 2 2 3 5 2 4 2 2 9 1 2 14 2 3 11 4 2 17 5 3 2 1 12 1 1 2 1 5 3 2 2 1 2 1 3 4 2 1 1 3 11 1 2 50 2 3 3 1 2 2 1 6 3 2 2 1 43 2 4 1 4 25 1 6 3 5 1 3 9 1 2 1 2 4 2 1 5 2 4 1 2 2 3 1 10 5 1 2 1 3 4 1 7 1 3 1 2 13 2 1 14 1 15 2 75 15 2 7 1 7 3 2 1 2 4 1 1 2 2 1 2 3 2 1 1 1 2
1 9 67 1 3 4 2 2 1 31 1 6 5 3 3 1 3 1 2 3 1 18 7 5 3 1 1 1 1 2 1 2 1 3 2 1 3 2 1 1 1 2 2 6 1 5 1 2 6 2 2 124 4 1 3 2 2 4 1 14 3 1 1 2 3 2 58 2 5 2 2 10 2 25 1 2 10 1 1 7 6 3 1 1 3 2 2 2 9 2 2 3 7 1 1 1 1 1 2 5 20 1 2 9 13 1 1 4 6 4 13 1 6 4 1 6 7 8 2 2 4 1 2 7 1 1 2 1 1 1 1 1 1 2 5 1 3 1 1 2 8 2 3 1 2 3 2 2 2 1 3 2 1 1 9 11 1 3 5 1 14 3 2 13 13 2 1 1 4 5 1 2 2 2 1 2 1 7 1 1 4 3 1 1 12 1 11 1 1 1 4 1 15 1 1 3 1 2 2 3
1 3 2 1 1 2 1 3 7 4 1 2 1 1 23 17 11 2 2 1 2 3 3 25 25 2 1 20 1 1 6 1 1 6 2 1 1 1 2 1 2 2 1 3 15 1 11 2 4 1 1 7 7 1 1 2 2 2 9 4 1 7 3 1 1 35 4 2 2 19 1 4 3 9 4 30 1 3 18 1 4 1 5 2 19 5 4 2 2 39 3 3 27 1 2 3 1 1 5 1 3 10 2 3 2 4 1 4 15 3 1 2 2 1 1 2 4 2 12 1 1 2 16 2 1 1 1 7 1 1 2 1 1 2 4 2 1 2 2 1 3 1 2 2 7 1 1 1 8 14 3 1 3 1 3 3 1 1 2 2 2 2 1 2 7 1 2 2 1 1 2 10 8 17 4 6 1 4 7 1 2 3 12 4 66 4 1 2 1 3 1 1 3 1 16 1 2 2 4 5
2 2 1 5 2 3 2 1 2 4 26 9 10 2 1 1 2 3 1 8 2 1 1 1 2 11 7 11 1 3 1 8 2 3 1 2 1 5 4 1 1 2 1 3 1 4 1 2 1 1 3 1 1 2 2 1 18 2 1 8 1 1 3 1 4 2 1 1 3 3 15 22 1 3 1 1 1 2 2 3 1 3 4 1 1 2 5 1 1 3 3 3 1 3 7 20 6 1 7 3 8 5 1 2 2 6 2 3 2 2 6 3 2 2 2 1 2 5 1 1 4 3 1 5 2 3 4 4 1 1 4 1 2 2 3 3 2 2 2 2 1 2 2 1 4 1 1 1 2 2 2 3 1 2 5 1 2 1 9 2 1 2 5 1 1 5 2 1 7 2 2 1 1 2 2 6 3 24 1 2 3 4 13 2 1 1 1 2 1 2 3 1 2 1 1 1 3 1 1 8
6 3 73 2 5 3 7 4 1 2 1 3 2 7 2 32 3 1 6 1 3 5 1 2 2 2 2 6 1 3 2 4 1 1 4 3 2 2 4 6 12 1 2 4 1 8 1 2 4 3 2 1 4 2 2 1 1 1 1 1 2 1 1 2 5 22 3 1 2 2 3 10 16 13 2 23 19 3 2 2 2 2 2 9 1 2 3 4 1 1 1 43 4 4 1 1 1 2 1 3 2 1 1 4 48 1 7 3 4 1 1 5 3 2 2 4 1 1 1 2 2 20 1 1 1 3 3 1 5 1 2 2 3 2 3 2 3 4 3 4 5 6 2 1 1 1 1 5 4 1 3 2 5 1 2 1 3 3 1 2 4 14 1 4 2 1 11 1 2 2 2 3 1 2 3 1 4 2 1 18 3 1 1 2 1 3 7 5 1 1 3 3 4 14 1 40 249 2 8 5
2 3 6 3 2 2 1 1 27 1 6 36 1 2 3 3 3 3 4 1 3 4 1 4 4 5 11 1 4 2 2 2 2 1 14 2 12 3 2 2 11 4 4 2 3 1 2 1 8 2 7 2 3 2 2 4 1 1 1 34 1 2 4 7 2 2 13 1 2 2 1 2 2 2 1 1 1 1 19 7 4 1 1 1 3 1 1 1 1 12 2 2 1 2 1 1 1 1 1 5 5 1 3 9 33 2 1 19 2 7 4 7 1 365 1 4 4 19 16 2 1 8 8 5 4 5 4 1 1 1 1 2 2 2 2 1 1 2 19 2 23 3 7 2 1 4 2 1 6 35 3 1 6 1 1 250 3 23 2 1 2 7 2 4 4 3 6 2 16 1 4 1 1 1 1 1 2 4 18 3 4 1 1 1 4 83 2 3 1 28 3 2 1 8 1 1 17 2 1 2
7 1 368 3 2 8 1 1 2 1 2 1 1 1 2 2 2 3 7 3 2 1 3 1 1 1 1 1 2 2 10 1 1 10 5 6 4 1 1 15 2 2 4 1 24 1 5 2 2 1 2 4 3 2 1 1 5 1 1 5 2 1 1 18 1 2 7 37 1 3 3 18 3 14 2 1 2 24 4 3 1 1 6 11 2 1 1 19 3 1 7 4 1 1 36 2 2 1 2 1 2 1 2 2 12 22 33 20 2 2 11 20 2 2 7 1 2 3 2 2 1 1 6 1 2 2 1 2 3 4 2 4 2 1 4 3 14 1 1 1 10 1 11 1 1 2 7 1 2 2 1 15 1 60 3 3 3 2 2 128 1 2 2 18 1 1 5 2 1 4 2 3 3 1 2 3 1 1 3 1 4 12 2 16 2 1 1 9 3 2 1 1 2 1 17 3 6 5 2 16
1 1 1 1 6 1 3 2 1 4 1 2 6 1 1 20 20 1 1 7 3 1 1 19 2 4 1 6 1 2 2 2 2 1 2 4 4 43 4 3 1 2 3 2 3 1 1 2 2 1 2 2 2 4 5 4 24 1 1 1 1 1 2 1 2 53 4 1 3 8 2 2 2 6 1 3 1 7 1 1 7 1 1 3 1 2 5 1 5 1 1 2 6 1 2 1 1 9 1 2 12 1 5 2 1 2 1 3 3 1 2 67 4 19 4 1 3 1 1 30 17 5 1 12 1 3 2 14 2 1 10 3 28 13 1 2 4 2 1 5 1 3 1 15 1 4 7 2 2 2 2 1 2 3 1 2 3 2 1 1 1 1 1 11 2 1 1 1 3 1 2 1 1 1 1 2 2 2 3 7 2 6 4 4 1 14 2 14 1 1 2 1 1 3 1 1 1 1 1 2
2 2 3 2 1 5 1 2 2 5 4 2 5 1 4 4 3 2 1 1 1 1 2 1 2 2 1 1 4 4 135 1 2 10 1 2 4 1 7 1 2 5 1 2 3 4 6 1 7 7 3 3 1 2 1 1 1 1 3 2 1 1 5 1 7 2 4 6 1 2 151 14 2 4 8 1 2 1 1 13 40 2 1 1 1 10 1 3 1 2 1 1 2 4 2 63 1 2 2 1 2 4 1 1 1 1 9 1 3 1 1 71 2 1 1 3 1 4 10 79 1 1 1 1 1 12 1 1 1 1 12 1 25 6 2 1 10 2 4 4 2 3 1 1 3 5 6 3 4 1 6 1 1 14 1 5 3 1 2 2 1 6 3 2 1 1 4 2 4 12 1 3 5 1 1 1 2 1 2 12 3 20 8 5 1 1 1 3 16 1 10 1 2 1 1 1 25 23 1 3
1 1 6 2 1 1 1 3 2 1 31 2 2 9 81 1 3 3 9 2 5 2 1 1 1 1 2 1 2 2 15 1 7 1 2 1 4 3 1 1 2 1 2 38 5 5 3 8 9 4 2 12 7 1 1 1 1 2 12 2 2 1 2 3 4 2 11 25 1 4 1 1 4 1 12 1 3 10 2 2 1 2 2 1 3 1 2 1 2 16 4 1 4 2 1 2 15 10 3 2 3 3 3 2 5 1 4 21 1 1 1 1 1 2 167 5 2 1 2 6 2 2 3 1 3 1 3 3 1 6 1 1 2 21 5 38 4 1 1 2 2 2 1 18 9 19 1 5 14 2 3 1 28 14 17 1 1 3 1 24 7 2 2 1 2 1 6 4 1 5 2 2 1 3 2 2 25 4 4 6 1 2 1 1 2 2 2 2 13 8 1 1 2 3 1 22 3 2 4 3
1 2 10 1 1 3 4 2 1 1 1 2 1 3 12 2 2 5 4 3 1 9 2 1 1 7 15 3 3 1 6 13 3 6 3 1 2 1 2 1 2 2 2 2 3 1 1 2 1 3 3 1 4 1 1 3 2 1 3 2 1 1 2 1 7 1 3 3 4 2 1 1 1 2 1 3 1 2 13 3 3 3 22 21 1 1 24 2 3 1 1 4 1 4 2 15 3 1 2 3 1 10 3 1 5 1 2 1 1 4 1 22 2 2 5 1 5 2 5 1 6 23 1 1 2 3 2 1 1 2 2 2 3 4 5 8 1 21 1 1 5 1 3 1 14 34 2 6 2 22 4 3 5 7 2 2 1 1 3 1 1 6 17 3 1 2 1 83 1 1 2 2 1 68 2 1 3 1 2 2 2 3 7 8 9 6 1 2 2 2 1 1 2 1 1 1 2 1 3 2
2 1 3 3 1 2 3 1 2 2 3 5 1 2 2 2 3 7 1 4 3 2 1 2 26 5 17 1 4 6 5 5 3 4 10 1 7 1 2 2 1 1 3 28 6 1 4 1 9 3 2 6 1 1 3 31 1 3 3 6 2 8 7 1 6 16 1 9 3 4 1 1 6 2 2 4 2 2 4 1 1 10 4 1 3 1 1 4 2 4 1 8 1 2 16 1 2 11 3 4 2 3 1 1 3 1 2 6 7 15 1 2 1 1 7 10 1 3 2 2 1 4 1 1 2 3 1 2 8 1 6 3 1 3 1 1 5 1 2 2 1 2 1 9 3 4 1 1 4 1 3 2 1 1 1 2 2 2 2 1 145 1 2 2 1 13 2 9 1 1 1 2 7 1 1 12 2 2 1 1 4 1 1 1 10 3 1 2 4 1 1 7 1 1 1 2 2 2 1 10
2 1 10 1 1 3 1 1 1 6 3 6 2 1 1 2 3 2 2 1 2 5 1 1 2 1 5 3 3 14 19 11 1 1 7 2 246 2 1 3 3 3 3 2 10 17 1 4 2 2 16 19 1 3 4 1 1 1 10 1 1 3 1 1 3 1 1 2 2 1 1 1 11 1 2 1 1 1 3 6 1 1 3 2 3 1 2 13 1 4 2 9 8 4 2 6 16 1 1 3 1 2 2 1 5 1 7 1 2 1 3 1 2 2 3 3 2 1 2 1 169 4 1 4 2 2 10 1 2 3 2 2 6 3 2 9 19 2 5 1 1 1 9 3 1 1 2 3 5 1 3 1 2 1 3 2 4 2 4 1 1 3 1 4 7 2 2 5 1 1 1 1 1 3 5 3 2 2 1 1 3 15 1 3 5 2 1 2 2 4 2 7 3 3 25 1 5 2 2 5
1 3 1 3 3 4 2 2 7 2 2 1 3 2 9 1 2 2 66 1 3 2 2 5 1 1 1 9 2 4 1 1 1 1 1 1 4 1 17 3 24 1 2 2 2 1 40 1 2 1 1 1 2 2 6 3 12 5 1 1 5 2 1 2 2 1 2 3 1 2 1 2 1 1 1 19 2 3 3 10 2 41 1 2 1 1 2 3 50 11 1 2 6 7 2 3 3 1 11 1 1 1 1 3 5 1 3 1 2 4 1 2 1 1 1 2 1 2 2 270 10 5 2 1 1 3 1 1 1 3 6 34 2 2 4 1 11 2 2 8 1 3 2 36 1 5 2 47 2 11 1 2 80 2 4 5 1 4 1 18 2 22 166 3 1 6 4 1 21 5 1 3 2 7 1 1 3 3 1 1 2 2 1 4 3 2 2 1 2 5 1 2 3 8 5 9 29 2 2 1
23 1 2 4 1 4 1 7 2 1 2 16 27 2 1 12 1 1 3 6 4 1 1 2 3 5 4 7 1 2 1 3 1 26 5 2 1 9 3 2 2 5 6 1 1 2 390 2 2 22 1 1 2 1 2 2 5 1 2 1 2 2 6 2 1 3 3 1 2 1 3 8 3 2 2 1 1 2 1 2 4 1 2 2 2 2 6 2 3 1 2 9 2 1 1 1 3 4 3 2 63 1 2 2 1 1 1 2 1 2 1 1 2 1 2 2 2 3 1 2 2 1 1 2 3 14 1 19 3 1 1 2 2 1 3 3 5 1 1 1 1 5 1 2 1 1 2 15 2 2 4 15 2 3 4 2 4 1 2 5 9 1 2 3 5 1 2 4 2 7 1 2 3 2 1 1 1 2 1 5 7 5 3 3 3 1 1 2 9 3 1 1 12 2 1 2 2 1 1 1
2 1 6 1 3 1 4 8 2 1 2 23 5 2 11 2 4 3 2 1 5 2 7 1 2 73 1 3 2 1 70 9 3 2 2 3 11 2 1 2 5 3 3 4 1 2 2 3 6 1 2 2 2 2 1 5 2 1 1 2 2 4 1 17 4 2 2 2 1 2 6 3 2 1 2 3 2 2 2 1 12 1 2 1 5 1 2 5 1 4 1 2 5 3 2 4 3 1 1 4 2 4 2 1 2 2 4 1 1 1 2 2 1 2 5 9 4 3 17 3 2 2 2 1 5 1 1 2 16 4 2 3 1 10 3 1 1 1 2 1 2 2 1 132 53 2 1 3 4 1 1 1 2 3 11 2 2 2 1 3 8 2 63 2 1 3 7 4 2 1 6 1 1 1 6 4 1 3 67 7 1 1 4 3 2 2 1 2 4 1 2 2 3 4 2 3 3 1 10 2
1 1 1 2 1 1 2 16 2 1 5 4 5 1 1 16 1 2 17 1 62 1 2 2 1 2 1 29 1 2 1 13 3 2 2 2 2 3 1 7 1 6 4 2 1 3 1 2 1 3 4 3 13 5 1 5 4 1 1 32 3 4 1 2 2 5 8 1 1 1 1 15 1 1 5 2 1 1 3 1 10 29 2 19 24 1 2 1 3 1 1 1 3 7 2 2 2 2 2 2 1 2 2 4 1 8 9 1 2 1 1 2 2 4 1 12 8 2 1 16 1 8 2 1 1 2 2 2 12 1 5 2 2 3 10 2 2 1 38 1 8 3 8 2 7 2 4 19 2 6 1 2 2 16 2 3 5 2 1 1 1 2 1 1 3 1 3 4 5 7 13 2 1 7 3 11 152 1 2 2 7 2 3 4 1 2 1 1 3 1 2 2 3 2 3 2 6 3 2 6
2 14 1 4 1 2 7 1 2 1 2 2 13 1 1 23 3 2 2 11 1 1 2 1 2 2 2 6 3 2 1 8 2 3 19 1 5 6 5 2 1 2 2 9 2 1 3 4 1 2 1 3 1 2 3 1 11 1 3 1 2 1 3 1 1 1 14 1 6 1 1 1 1 1 4 1 3 7 1 3 2 1 2 1 2 2 2 2 21 5 3 86 12 34 3 1 51 7 1 2 8 1 1 2 3 1 2 2 2 1 4 3 1 2 2 14 1 7 1 3 2 2 4 1 2 1 1 8 3 4 1 10 2 3 2 8 15 1 2 5 5 2 2 1 2 1 1 1 288 1 1 2 2 1 2 2 1 1 1 1 3 2 1 1 2 3 1 6 5 94 2 58 2 6 15 2 2 2 1 6 3 1 1 3 1 1 415 2 1 4 9 4 3 4 1 2 1 2 3 4
1 1 1 2 10 2 2 421 6 3 26 1 1 1 10 1 3 4 4 3 29 2 2 2 14 1 1 3 1 3 7 2 1 1 5 1 1 3 2 1 2 2 3 1 51 2 1 3 5 1 1 16 10 1 1 1 1 1 4 19 1 6 1 2 2 6 2 2 1 2 2 1 1 2 1 8 2 2 15 2 1 2 3 2 4 5 2 3 1 4 1 1 7 1 48 2 13 2 2 4 6 2 1 2 6 1 14 1 2 1 1 1 2 1 10 1 4 11 1 7 2 2 5 2 3 1 2 2 7 2 1 2 1 57 3 2 12 1 1 1 2 17 3 2 4 1 1 1 15 1 3 3 14 3 2 65 12 1 5 5 2 2 1 1 4 2 1 1 6 2 1 1 7 19 2 1 1 1 5 23 2 11 2 3 2 2 2 1 1 8 3 1 1 2 1 1 2 3 2 4
1 2 2 1 9 9 1 1 1 2 3 1 1 1 3 2 1 1 1 1 2 3 1 1 3 3 2 2 7 1 4 2 1 10 4 3 1 2 11 1 1 1 2 4 7 4 2 2 1 1 22 3 2 2 10 1 2 7 11 16 17 2 2 2 2 2 1 2 1 5 2 4 1 1 16 1 7 1 6 9 2 115 1 1 2 12 2 1 2 2 2 9 1 3 2 6 1 2 2 1 2 12 3 2 3 1 2 1 1 15 1 16 3 5 3 22 1 1 11 5 5 1 3 5 2 1 2 2 3 1 1 3 1 2 2 1 17 27 2 1 1 1 4 4 5 2 2 1 2 1 3 2 9 9 1 2 2 1 6 2 2 1 1 33 10 2 1 3 2 3 5 1 2 1 2 1 3 2 5 2 2 3 1 2 1 2 34 1 5 2 28 2 2 2 4 3 2 2 4 1
