200
299 118 349 451 117 196 212 360 281 345 446 189 417 309 352 361 141 460 246 344 487 500 302 317 482 175 152 491 257 128 203 297 354 292 367 217 310 112 173 397 438 135 357 154 122 342 434 447 489 213 472 351 318 393 345 192 327 466 312 239 236 391 278 185 298 423 323 245 137 196 385 251 137 173 122 108 274 101 371 212 485 465 345 417 387 121 128 239 435 117 347 247 166 418 255 480 437 125 121 472 128 195 244 117 180 484 445 208 285 137 132 103 221 341 461 110 367 133 180 315 199 321 340 430 350 492 322 125 465 155 428 217 337 392 279 238 461 131 499 233 401 309 395 209 268 170 167 106 213 205 169 355 409 225 126 135 359 469 384 497 319 259 424 407 111 164 402 127 408 107 482 341 457 345 162 428 100 414 322 410 339 491 483 482 270 426 289 300 187 500 158 342 203 494 411 479 366 481 470 326
4 3 4 2 1 4 1 4 6 1 4 4 6 6 2 5 5 5 6 4 5 1 2 4 5 2 1 1 4 5 2 3 5 6 1 5 6 1 1 5 6 4 3 3 3 3 3 6 3 2 1 2 6 6 3 2 3 3 6 1 4 3 2 1 3 5 1 4 4 5 6 2 4 6 1 6 2 4 6 4 2 1 4 4 1 1 5 3 5 5 6 6 4 2 6 3 5 1 6 2 2 2 6 1 5 5 2 2 1 1 4 5 1 6 5 2 6 3 2 1 2 6 1 3 1 6 1 5 2 6 5 3 1 6 2 2 3 3 1 3 1 1 3 2 1 6 3 2 5 6 3 5 1 1 1 5 5 4 5 1 4 1 3 3 3 5 2 2 5 5 3 3 5 3 6 2 4 1 1 5 1 2 6 5 1 4 1 5 4 6 3 1 5 6 5 1 5 6 6 2
12 4 3 1 4 1 9 4 2 4 1 2 11 12 2 1 4 2 11 1 1 20 125 2 5 11 1 1 2 1 2 3 3 1 1 1 1 2 1 2 2 4 1 5 17 2 2 3 4 4 2 265 1 6 1 1 1 4 1 2 10 5 1 4 2 2 3 4 1 2 34 2 1 2 1 1 11 1 2 2 2 14 2 1 1 1 1 2 1 2 17 86 1 1 2 2 2 45 9 8 5 3 1 2 2 1 93 1 3 1 2 2 5 33 66 1 3 4 1 2 2 1 2 1 1 5 3 76 2 2 3 4 2 2 3 5 16 2 2 3 11 8 1 2 17 1 2 11 1 2 2 2 5 12 1 9 1 1 123 2 2 10 3 11 4 2 2 2 4 1 1 1 3 6 6 3 1 2 1 2 3 4 3 1 15 1 1 35 2 1 1 2 2 2 10 1 2 1 10 6
1 31 2 2 10 1 2 1 159 5 21 2 1 2 11 1 14 1 1 1 3 8 3 3 2 2 1 2 2 1 30 1 1 2 3 33 1 1 2 2 2 84 1 57 1 2 3 1 111 2 2 1 1 1 37 2 14 1 19 18 2 1 4 2 1 1 1 14 2 7 1 2 2 4 1 30 1 2 1 1 2 1 10 1 2 5 6 1 2 2 11 5 9 1 1 1 1 25 1 6 6 1 1 4 5 2 1 1 2 7 2 1 1 3 4 1 1 1 2 1 2 2 2 2 2 5 4 1 3 2 2 1 2 5 1 3 1 1 2 3 27 1 1 2 1 3 2 4 3 4 1 3 14 2 2 4 1 2 6 6 2 13 4 6 3 11 80 2 4 5 3 1 8 6 1 6 1 1 1 3 3 5 4 5 2 12 1 3 1 10 6 2 2 224 20 3 165 2 3 2
3 3 3 2 1 1 1 2 2 2 13 210 3 5 1 2 5 3 1 2 3 1 3 2 1 191 8 1 1 2 2 1 4 7 3 5 3 2 2 131 2 2 1 16 1 1 2 3 1 2 4 3 3 2 3 1 1 5 2 1 2 2 5 1 1 2 2 1 2 1 2 1 2 2 1 2 4 15 4 16 2 1 2 2 4 1 8 8 3 2 1 4 1 4 1 12 2 1 5 1 12 16 2 1 1 1 2 2 2 2 4 8 1 1 24 1 1 1 1 2 4 27 6 13 10 4 1 1 1 1 22 7 1 4 1 1 1 2 2 3 5 1 3 5 1 1 2 2 1 3 2 1 1 1 1 24 1 1 1 2 3 1 2 3 6 2 2 2 3 7 1 1 17 1 2 32 4 3 13 3 1 77 18 35 4 1 4 11 2 1 2 1 16 1 2 4 5 10 1 5
2 6 1 3 1 1 1 2 5 2 6 2 4 3 2 2 3 2 5 1 5 7 3 1 1 16 121 1 2 7 1 2 3 91 1 3 1 1 5 1 1 3 1 2 1 1 3 2 2 2 11 1 2 2 5 1 13 1 7 1 1 353 2 1 5 1 1 3 2 1 6 1 9 3 3 3 4 2 1 2 3 1 4 1 2 1 3 1 1 2 1 1 2 8 1 1 4 14 3 1 2 37 2 1 1 1 1 7 11 2 3 1 8 5 2 1 8 2 3 1 1 2 18 1 1 2 2 8 4 1 3 2 1 2 1 1 79 97 5 2 3 4 2 1 2 1 2 2 2 2 28 1 2 1 6 3 2 15 240 1 3 9 2 1 2 4 1 12 1 2 2 2 4 2 4 1 2 3 4 2 2 1 32 5 1 2 4 1 1 2 4 5 2 1 2 9 2 2 2 1
18 1 3 2 1 2 2 1 12 1 9 2 1 17 46 2 1 1 8 8 1 5 12 3 11 40 3 4 3 1 10 1 3 1 2 2 2 2 2 4 41 1 1 2 3 2 3 36 3 5 1 4 1 1 1 2 5 1 1 2 2 4 1 1 1 3 1 11 2 1 4 2 1 2 8 1 2 7 1 1 10 2 2 7 3 1 13 2 1 5 1 2 1 2 1 3 1 13 1 1 1 6 6 1 1 1 1 4 17 1 1 4 2 1 1 2 1 3 1 1 1 1 2 2 72 2 4 37 1 1 4 23 4 2 1 5 3 1 1 1 2 32 1 11 32 1 1 28 3 2 2 2 1 1 2 1 2 7 5 169 7 9 21 7 1 1 7 2 115 2 22 1 9 16 2 1 9 1 1 1 1 2 2 2 6 1 1 2 1 1 2 3 2 2 1 1 39 2 3 1
7 1 1 4 11 3 2 2 25 15 15 5 2 5 4 1 2 2 1 1 14 6 159 2 2 4 1 2 3 1 1 2 3 1 2 2 1 2 1 2 1 2 1 1 1 2 1 1 3 2 1 1 3 10 2 4 3 1 11 1 3 8 14 4 1 20 2 1 1 2 1 1 1 4 3 1 17 2 1 2 21 2 2 3 2 16 2 2 38 1 4 2 8 6 2 14 3 5 2 2 1 2 1 1 9 1 1 24 6 2 1 2 1 2 4 1 1 8 6 3 2 5 2 1 3 2 2 8 5 9 2 2 6 1 2 6 2 2 1 2 3 3 3 27 4 2 2 26 4 100 2 4 10 1 1 2 1 41 2 6 7 2 3 1 1 2 1 4 24 2 10 2 1 3 1 1 3 7 2 8 3 1 4 5 3 1 1 2 1 2 10 2 3 2 2 1 1 2 1 4
2 1 4 3 7 1 5 4 2 3 2 6 2 7 2 2 5 16 2 5 9 1 3 2 2 9 2 9 2 9 21 2 1 1 3 4 2 1 4 1 3 4 4 2 2 15 2 2 1 6 1 3 1 1 1 2 9 1 1 1 6 16 1 2 13 3 2 1 2 1 1 3 2 45 1 3 1 18 2 15 2 5 2 1 5 4 2 2 2 2 5 2 6 1 2 8 1 2 1 11 1 1 2 2 2 395 1 3 1 1 1 3 9 1 1 2 3 9 4 1 3 4 1 5 1 1 11 8 3 2 1 2 13 2 1 4 1 1 3 4 3 1 2 2 9 5 2 1 2 7 1 2 2 2 1 8 2 2 9 6 2 4 1 1 1 2 3 2 1 2 1 3 2 5 14 11 4 3 2 1 5 3 10 5 1 29 1 6 2 1 3 6 1 2 11 1 5 2 9 3
1 3 3 19 2 8 3 2 3 1 22 1 4 1 1 30 2 3 1 2 1 1 3 2 2 4 2 1 2 2 2 1 1 5 3 4 2 3 1 10 3 2 1 2 2 2 4 7 5 4 2 5 5 2 1 1 3 2 3 1 2 1 2 3 3 6 12 3 2 1 1 1 1 3 1 13 1 171 1 3 2 1 3 3 3 1 5 20 2 2 36 1 2 2 5 1 6 7 2 2 3 3 1 2 2 1 1 1 1 2 2 2 14 1 1 1 3 1 1 2 1 2 1 264 1 87 23 1 5 2 1 34 1 1 9 2 1 12 2 3 1 4 2 1 1 55 5 1 4 2 1 4 3 4 2 2 1 1 3 1 1 7 2 24 1 1 2 4 2 2 2 1 3 3 2 3 1 1 1 10 1 2 2 6 1 6 94 2 2 2 1 17 9 1 4 2 6 1 9 5
38 3 2 1 4 43 49 4 5 2 20 5 39 1 24 1 7 2 1 3 1 19 10 9 8 1 1 4 22 1 12 1 2 2 1 4 2 2 3 2 4 2 1 5 1 1 2 1 3 2 5 9 1 2 2 1 1 2 2 1 2 22 9 2 2 3 2 2 5 5 1 1 1 2 2 2 5 2 59 4 6 1 3 1 5 1 5 2 3 1 1 3 4 2 10 5 19 2 3 4 2 2 1 1 2 2 2 1 3 2 1 4 1 1 18 2 1 2 2 19 5 9 3 2 2 2 2 2 1 11 1 1 163 2 3 2 4 1 4 31 1 9 1 16 2 10 4 9 3 1 6 8 5 2 1 1 1 1 4 2 6 5 1 5 2 3 12 1 1 1 7 2 3 2 2 2 2 9 1 1 11 3 2 1 1 3 2 2 1 4 2 1 2 2 2 1 2 1 19 3
2 5 3 3 26 1 1 4 1 2 10 2 1 2 1 2 1 5 5 2 3 2 1 2 1 1 1 1 2 1 1 3 2 2 1 2 9 2 1 4 1 2 2 2 1 1 1 1 4 1 3 2 2 2 1 1 10 2 2 3 1 2 1 1 5 3 1 3 2 2 1 2 1 1 1 1 2 1 26 2 2 3 1 2 1 1 1 1 4 2 2 1 1 1 4 2 1 2 11 2 5 2 2 9 1 1 2 2 5 24 1 2 1 2 3 7 3 4 2 7 2 177 1 16 1 4 100 7 2 6 2 3 1 3 4 2 2 5 1 3 1 6 7 5 1 13 2 3 2 1 1 6 3 1 1 1 3 1 1 2 5 1 2 2 1 1 2 4 7 3 2 3 1 2 6 8 1 2 1 2 1 1 1 2 3 1 1 8 4 9 5 2 2 7 10 3 20 1 2 2
5 2 1 4 1 13 2 1 1 24 2 1 2 5 4 1 1 67 2 4 8 12 3 7 9 1 9 3 1 21 3 1 2 1 3 3 3 36 1 289 2 7 3 2 2 1 5 15 2 2 2 1 1 2 1 18 22 1 11 2 3 4 1 76 23 6 2 6 9 1 1 1 1 1 1 2 1 2 2 2 1 2 1 2 2 1 38 1 1 1 1 1 44 19 7 2 1 3 1 2 2 3 5 1 1 2 3 4 17 6 1 3 6 1 1 1 3 1 1 3 2 13 4 2 93 1 3 99 2 1 3 1 8 2 1 4 2 1 1 4 2 6 2 3 2 2 1 24 2 7 2 39 5 27 2 7 1 1 5 8 3 3 3 1 4 12 3 1 5 12 3 2 3 4 2 1 1 1 21 5 3 2 1 2 3 2 10 33 2 3 58 2 3 2 1 2 1 2 11 23
1 3 2 1 3 2 10 3 35 1 2 3 3 1 2 7 2 1 1 1 3 2 1 2 1 15 1 2 2 2 1 34 2 1 116 2 61 6 4 7 2 1 1 23 1 1 1 2 4 1 29 36 4 1 2 1 3 1 2 3 40 3 1 11 1 1 2 2 2 1 3 2 6 2 3 5 4 5 2 3 1 2 2 4 3 1 4 7 3 1 2 1 2 1 1 3 2 1 3 26 8 3 1 1 214 2 3 2 1 14 9 1 1 2 2 3 2 7 2 29 2 2 15 2 3 1 1 2 1 6 9 3 2 2 1 8 2 2 7 2 1 1 2 1 2 1 1 3 3 30 2 2 1 3 4 2 122 2 8 1 3 1 8 1 1 2 2 2 2 2 1 10 1 1 2 1 1 1 1 1 3 2 1 3 26 1 4 1 1 1 2 2 6 2 1 1 5 1 4 5
2 2 1 1 3 1 5 1 4 2 5 2 2 6 4 2 34 4 1 2 2 10 4 2 3 2 1 35 1 3 1 1 1 8 5 1 1 3 3 2 2 6 1 1 3 5 3 1 1 1 1 1 1 1 1 2 2 1 27 4 4 8 3 57 3 1 2 1 3 18 3 2 3 10 3 3 3 1 2 1 2 1 25 2 6 1 2 2 3 3 1 19 1 3 1 3 1 1 1 14 5 2 1 2 2 9 1 2 1 1 1 2 1 1 11 2 2 1 48 1 1 3 2 1 1 1 1 1 1 1 5 6 3 3 4 1 3 1 2 2 2 3 2 19 3 2 2 4 11 1 2 1 1 1 2 6 2 3 1 1 15 1 3 2 1 3 1 1 22 3 2 3 2 17 1 1 2 1 2 4 21 4 2 5 1 3 1 2 8 1 1 2 1 12 2 2 1 9 12 2
1 2 1 1 334 3 2 187 1 2 2 5 1 6 1 2 2 4 2 2 28 1 4 2 4 1 7 2 9 1 3 4 3 1 3 1 1 2 1 1 4 19 2 3 12 5 1 1 1 1 7 1 2 2 15 3 1 2 1 2 1 7 3 2 1 1 1 7 4 1 1 3 3 1 6 4 2 9 1 11 2 2 4 1 1 2 2 1 3 2 13 1 1 5 1 10 4 2 1 2 1 3 1 3 1 3 1 1 1 5 1 29 1 3 2 2 1 2 4 2 3 1 6 1 4 6 2 1 2 1 4 24 1 2 2 3 8 2 10 8 3 1 9 9 2 1 1 2 2 42 98 1 3 6 4 3 2 1 1 1 1 2 2 10 2 3 5 1 1 1 6 2 3 2 2 2 2 1 1 23 1 4 6 1 2 1 20 1 2 1 9 1 2 1 1 32 1 23 4 27
1 2 1 2 2 4 1 10 1 20 18 2 2 5 30 3 3 1 1 1 2 16 2 3 6 2 94 4 1 2 1 1 1 1 2 1 2 6 34 19 1 1 1 2 4 33 3 2 7 1 1 1 1 2 2 5 1 2 81 5 1 5 1 1 2 1 2 1 1 2 3 2 1 12 2 1 11 6 2 2 2 3 2 1 1 1 3 2 5 1 1 5 5 1 3 11 1 1 2 1 3 3 4 1 2 9 3 1 8 1 1 5 1 1 2 1 5 3 1 2 2 3 1 2 4 3 2 7 5 1 1 1 4 2 1 1 1 22 1 3 2 2 9 1 19 2 1 2 2 2 4 1 3 2 1 2 2 8 3 2 2 3 2 4 2 2 3 4 1 2 2 5 1 1 1 1 2 11 3 1 18 4 1 2 1 2 1 20 1 1 1 14 2 1 17 2 1 2 1 1
2 1 2 3 9 2 4 2 1 1 11 2 3 54 11 1 3 1 2 2 1 1 5 2 3 1 1 3 1 4 4 1 3 2 4 9 4 7 3 3 2 6 2 1 2 1 1 1 3 2 2 2 2 2 3 1 16 4 16 5 2 2 1 1 3 1 1 9 1 1 1 3 1 1 2 1 1 2 2 2 2 1 3 25 2 40 3 1 1 2 2 1 4 2 12 1 3 2 42 1 1 2 3 2 15 2 14 2 54 2 2 3 2 1 9 2 3 2 1 2 3 1 6 1 3 1 12 3 3 4 3 8 4 2 5 1 4 2 2 1 1 3 1 6 5 2 2 3 2 4 5 3 19 2 5 2 15 2 2 3 1 1 2 5 13 1 1 3 1 3 2 2 3 4 1 3 11 1 1 1 2 3 3 1 7 2 2 1 1 1 3 1 13 6 1 2 2 20 110 2
1 2 3 4 13 1 6 4 2 2 1 14 3 4 2 1 2 1 4 4 1 1 7 1 7 2 6 1 1 8 2 11 1 1 2 1 4 2 2 3 1 2 1 1 2 1 1 2 1 1 7 1 1 51 2 1 1 6 9 3 1 2 2 8 2 1 2 2 1 2 10 1 2 1 34 1 5 1 5 1 3 2 6 2 2 1 1 15 2 4 20 3 7 5 13 1 3 2 2 2 2 2 4 1 6 3 8 2 7 2 2 2 1 1 2 1 9 2 1 2 1 10 2 2 2 2 2 1 2 6 1 55 1 2 1 1 2 1 3 1 2 1 1 1 2 1 2 3 8 2 4 2 3 6 5 2 1 1 2 2 2 2 2 2 2 3 4 7 2 70 1 4 1 117 5 1 32 7 1 6 8 1 3 7 2 6 4 2 57 1 1 17 5 2 2 2 1 1 1 2
1 1 4 1 16 4 2 1 2 3 2 1 3 9 1 3 4 2 3 6 3 2 7 2 2 1 2 2 1 1 1 2 2 7 8 1 2 2 4 3 1 4 4 2 7 1 1 2 2 1 13 5 2 2 2 3 2 2 1 1 3 1 16 5 4 2 50 2 68 8 2 3 1 2 3 12 91 5 2 8 1 1 1 1 2 3 10 1 2 2 2 1 3 5 1 3 1 1 1 2 1 2 1 4 5 4 30 3 3 1 3 2 4 3 7 1 1 3 43 4 2 1 3 28 14 2 2 8 4 1 39 5 4 1 3 2 19 6 1 1 2 3 1 2 2 1 1 1 1 4 3 1 15 3 2 1 1 6 1 1 1 1 1 3 1 1 1 1 1 3 7 2 3 1 5 4 2 1 5 2 4 4 1 1 5 2 1 7 1 2 2 1 7 1 6 1 3 2 1 3
2 1 2 3 4 4 2 3 28 3 21 3 5 3 1 2 4 16 2 1 1 1 1 1 1 79 4 2 2 3 12 77 4 3 3 2 6 2 1 3 1 22 12 1 7 11 2 1 2 6 1 3 1 3 5 1 2 1 4 1 1 7 1 240 1 3 2 2 1 1 2 1 2 10 2 1 35 3 1 92 22 2 2 2 1 5 30 1 1 2 1 1 1 3 1 2 1 4 3 5 5 2 13 2 1 3 1 1 11 3 25 2 4 2 3 40 4 2 27 1 1 2 1 1 1 2 4 1 1 2 10 1 1 2 1 1 3 1 10 24 2 2 1 5 1 4 1 4 1 1 2 5 16 4 2 15 2 2 2 10 3 3 9 2 2 2 1 1 2 15 2 2 2 2 4 2 1 1 3 151 1 1 1 4 3 1 46 3 2 3 1 2 3 10 1 1 2 14 3 3
4 2 1 2 2 1 2 5 1 8 3 1 1 13 26 1 3 15 1 1 20 3 2 1 2 1 33 25 3 20 2 8 1 11 6 1 6 3 2 4 3 3 5 6 7 1 3 2 41 3 8 49 2 2 1 3 2 1 120 2 1 120 2 2 5 2 3 4 3 2 7 2 1 1 1 3 1 138 6 2 2 2 2 2 1 9 1 1 3 1 3 1 2 7 6 1 10 2 1 1 1 3 1 1 3 3 3 1 1 6 1 25 4 2 1 2 3 60 1 2 1 1 4 1 18 2 1 6 3 6 3 4 4 7 5 2 1 52 1 1 1 1 1 1 5 1 3 9 1 1 88 1 63 2 2 1 1 6 1 4 2 3 1 1 1 2 2 1 1 1 9 29 2 5 1 2 9 1 1 2 2 2 12 1 1 1 3 3 7 2 1 6 1 1 2 1 2 1 18 1
1 3 19 4 1 2 1 1 75 2 2 1 2 1 1 1 1 2 3 8 2 1 1 1 2 2 2 2 2 1 1 2 1 1 1 2 2 1 3 2 15 1 2 2 1 3 6 52 1 2 1 3 1 1 3 2 2 25 2 2 2 4 1 2 2 5 1 1 2 2 1 7 1 2 2 4 1 4 2 5 16 1 10 2 1 2 1 2 1 1 8 2 4 112 1 2 2 1 5 3 4 1 2 1 1 1 2 2 2 5 3 2 9 2 1 2 1 2 1 2 2 2 1 1 1 3 3 3 17 8 5 4 2 2 1 1 9 6 5 1 3 1 185 3 1 3 1 4 1 10 2 2 2 1 12 3 1 1 1 1 1 1 1 1 5 1 2 3 3 2 3 1 2 1 4 51 21 1 3 1 2 2 2 13 1 4 45 3 9 2 2 7 1 12 1 1 63 8 3 14
2 4 3 2 3 1 1 2 2 2 2 2 2 2 4 1 1 1 2 2 3 2 4 1 1 1 6 3 2 1 1 12 1 1 7 1 3 2 1 7 1 2 1 1 1 2 8 2 10 1 2 1 4 2 19 2 1 1 1 3 2 1 2 2 2 3 3 2 1 1 1 1 2 1 1 2 2 5 1 2 3 2 20 2 13 2 12 1 3 2 2 1 2 3 5 2 3 1 12 2 1 1 1 2 1 4 3 1 2 2 3 3 5 1 3 1 2 2 1 1 4 3 3 3 4 2 1 1 2 19 45 1 2 4 2 2 3 1 1 2 4 1 8 3 10 3 1 2 1 1 2 2 5 1 1 2 1 2 4 2 11 3 4 5 2 1 1 1 1 1 1 4 2 3 1 17 3 157 1 2 2 2 1 8 2 4 1 2 15 1 4 1 1 3 1 1 1 1 1 1
4 1 9 3 2 4 7 18 2 2 6 8 1 1 1 4 1 2 1 78 4 9 1 11 4 1 7 2 2 1 1 5 2 1 4 2 2 1 7 1 3 2 1 1 1 1 1 15 1 2 1 2 1 2 5 1 5 3 2 2 2 2 9 2 1 12 8 2 1 2 5 5 4 11 1 1 3 5 12 2 6 5 2 2 12 1 1 2 3 17 4 18 2 6 1 4 1 3 1 2 2 1 1 4 4 2 3 2 2 3 1 3 7 1 1 1 13 2 1 1 1 3 4 2 1 1 1 20 1 1 1 2 1 5 2 3 2 3 2 32 2 1 1 14 10 7 2 6 1 1 2 2 2 5 1 1 1 1 2 25 3 1 57 1 5 6 2 1 1 2 2 2 3 3 1 1 9 3 5 3 47 1 1 3 1 1 2 1 2 1 1 4 3 1 1 3 1 1 2 5
1 1 11 2 34 2 7 4 1 2 1 3 3 11 58 5 22 1 1 1 1 2 18 1 26 1 2 2 2 1 1 4 1 3 4 3 3 1 1 1 2 1 2 12 2 2 1 1 6 1 5 9 1 1 2 2 1 3 3 4 2 1 6 5 1 7 7 7 3 1 15 2 3 2 1 1 1 1 3 5 2 2 8 2 3 2 1 1 1 3 1 2 3 2 2 2 2 5 2 28 1 3 4 1 3 1 2 1 3 2 10 3 2 3 2 1 3 2 2 1 1 5 2 1 1 1 3 1 3 4 2 2 1 2 2 8 5 1 2 5 2 27 4 4 1 1 1 5 2 2 8 3 1 2 3 135 1 1 1 5 3 1 2 3 1 2 2 11 1 13 2 3 3 3 41 1 3 2 2 55 6 4 3 6 9 3 2 1 1 10 1 4 2 3 1 4 5 1 4 4
2 3 1 1 6 2 27 1 75 1 1 1 6 1 2 4 13 1 22 2 1 2 3 2 2 8 2 3 1 2 1 4 1 1 7 11 1 1 12 3 2 1 2 13 1 2 2 1 1 3 4 2 4 1 3 1 3 4 2 2 2 4 1 1 1 1 1 2 3 4 2 3 7 2 1 1 1 14 5 22 3 2 2 1 5 2 3 1 3 32 1 5 2 37 7 4 9 16 5 1 3 2 1 1 1 48 8 1 9 8 3 1 7 2 14 4 2 1 2 5 11 3 8 2 1 2 1 1 2 2 1 2 1 1 10 2 2 1 5 2 3 2 2 1 1 6 3 4 6 1 2 2 10 6 1 2 5 9 2 2 1 1 3 2 14 3 2 1 16 2 1 9 1 2 10 2 1 4 1 3 1 1 3 9 7 5 4 7 6 5 2 63 2 2 5 5 3 5 7 8
2 4 1 3 6 4 2 1 1 2 1 8 2 1 2 2 4 1 1 5 4 2 2 2 2 3 1 1 1 18 2 2 1 5 4 1 1 1 2 2 2 6 1 1 2 4 1 27 1 10 2 1 2 5 2 1 1 2 2 1 5 12 3 5 1 10 9 1 1 6 1 1 2 3 1 4 12 2 2 2 1 2 1 2 1 1 3 3 3 4 3 1 1 13 2 121 15 1 1 2 1 3 15 2 1 8 1 3 61 2 1 2 1 4 7 2 3 19 1 2 1 39 3 1 2 6 1 41 2 1 2 2 1 1 1 3 3 2 2 2 2 1 2 3 2 1 2 15 4 2 5 10 2 3 2 2 4 2 1 3 5 2 18 1 2 2 2 5 2 17 2 3 6 2 1 140 2 15 2 3 3 4 1 1 3 1 16 1 2 3 2 5 2 1 2 2 1 2 1 4
2 2 11 7 1 2 32 5 2 2 17 2 2 6 1 2 2 9 3 2 13 6 1 1 1 32 2 2 1 2 3 1 2 2 11 1 1 1 1 6 1 1 1 2 1 3 8 2 1 2 2 2 2 1 3 8 1 5 6 1 1 1 1 1 2 1 2 1 3 2 9 2 1 1 2 4 3 7 29 4 4 2 2 7 9 2 2 11 14 14 15 11 2 2 2 2 1 4 1 1 3 1 2 2 1 1 1 2 3 22 2 1 3 1 1 61 2 3 4 2 5 3 2 149 3 48 3 8 1 2 4 16 6 2 3 1 1 1 1 2 4 2 4 1 12 2 2 2 3 14 3 3 1 9 3 14 2 1 5 12 3 3 2 2 2 4 6 2 2 1 4 5 1 5 1 5 2 1 2 1 1 6 2 1 3 4 1 2 1 3 6 1 1 2 1 30 3 2 1 4
2 4 25 15 1 1 2 3 11 4 2 1 10 8 1 10 1 1 2 4 4 5 1 5 2 2 5 5 3 5 1 2 1 4 1 2 1 3 305 3 4 5 1 3 3 3 4 7 21 1 3 1 11 1 1 2 1 3 1 17 1 2 4 2 1 2 2 1 1 1 3 1 1 1 2 2 1 1 1 1 2 26 1 3 178 1 1 2 1 2 1 7 5 3 2 2 75 24 9 1 1 2 2 3 1 12 2 9 3 2 11 1 1 3 13 4 1 7 1 2 1 4 2 1 1 1 3 2 7 1 3 2 1 3 1 3 1 16 1 1 10 1 2 2 11 4 12 5 2 1 2 1 4 1 3 8 2 2 13 38 6 1 1 3 3 1 2 2 1 2 2 2 1 2 2 1 2 7 2 3 4 43 1 3 2 1 5 4 2 4 1 1 1 1 2 1 2 1 3 24
2 1 3 15 2 2 2 1 1 1 5 2 4 2 3 1 2 1 2 2 8 1 11 2 1 4 1 2 2 1 2 1 2 3 1 1 2 3 4 1 4 9 5 4 2 4 1 2 3 1 1 2 4 2 22 1 3 1 1 1 2 1 4 1 1 1 1 8 2 2 1 1 1 1 1 4 6 3 7 7 1 2 1 5 1 1 2 1 3 1 3 3 3 2 1 8 2 1 1 2 1 1 18 1 10 5 2 1 2 4 5 1 1 2 462 5 3 1 1 4 5 25 2 2 1 2 1 2 1 9 3 3 2 1 2 2 1 8 1 5 1 1 1 25 2 1 26 2 1 1 1 1 3 1 4 84 1 2 4 1 3 2 1 1 1 2 2 1 1 7 48 1 2 3 3 4 1 1 1 35 14 37 2 2 9 10 1 3 4 3 20 1 2 1 1 1 1 2 2 28
3 6 3 2 7 1 2 2 1 5 1 9 4 1 2 2 2 2 61 3 4 3 2 4 1 16 2 4 1 3 6 2 2 6 3 1 1 2 1 1 6 1 4 2 1 1 24 1 3 6 4 1 2 5 2 63 1 2 1 1 2 1 3 2 3 3 1 1 9 2 1 2 1 1 3 2 1 1 3 3 1 4 9 6 4 2 5 4 2 12 8 1 2 7 5 5 5 2 2 125 1 12 3 2 3 5 2 1 1 1 1 1 4 4 2 1 1 1 1 3 3 11 1 2 3 2 2 8 1 1 6 3 3 1 1 5 2 2 3 6 1 1 24 2 6 2 2 5 1 10 1 1 4 1 2 4 1 2 6 2 7 1 1 2 1 2 2 3 1 1 4 3 1 3 2 1 1 2 1 1 3 2 4 2 2 95 1 15 4 1 1 2 2 3 1 3 5 1 1 1
4 3 1 18 37 1 6 1 1 2 10 10 22 2 2 2 1 16 1 2 15 1 4 14 1 1 3 1 2 6 2 1 3 2 1 2 1 1 1 2 1 2 1 3 2 32 1 3 2 122 6 1 1 1 1 1 20 1 42 5 1 1 2 1 6 9 1 1 1 9 2 2 6 1 1 1 3 11 5 2 2 2 2 2 5 45 4 19 1 3 23 2 1 4 1 1 1 17 10 1 1 1 1 3 2 2 1 19 1 5 1 8 5 1 1 2 2 3 1 2 1 1 8 17 1 1 3 6 7 4 2 12 7 3 5 2 1 4 1 5 1 14 2 5 1 2 3 8 1 2 1 2 5 6 3 1 1 2 1 7 34 1 5 1 2 2 2 1 1 1 2 3 2 1 24 1 3 1 2 2 8 2 1 1 1 31 1 60 6 3 2 1 2 2 24 4 1 1 9 66
3 2 4 3 2 1 1 1 5 17 2 31 2 1 3 3 1 2 1 2 2 4 3 1 10 1 1 5 2 1 1 2 2 24 3 2 12 1 1 2 27 4 2 40 7 2 1 6 1 2 1 1 5 1 1 2 1 1 2 2 2 1 1 2 2 2 1 1 15 1 5 29 1 3 1 1 2 1 3 2 3 2 20 3 2 3 2 2 1 104 8 1 1 5 1 1 5 7 2 2 5 3 2 1 5 3 1 3 1 8 1 5 1 1 4 4 1 2 2 1 5 18 1 2 3 5 3 3 1 35 2 1 1 27 2 1 1 1 2 3 2 2 13 8 7 2 1 41 1 5 1 3 12 2 2 1 1 3 38 3 4 8 1 1 1 1 1 2 1 2 8 3 1 1 2 1 2 1 1 2 7 2 1 5 5 2 4 2 1 3 2 4 1 5 1 8 1 1 1 9
1 2 2 1 6 1 3 32 6 2 3 1 12 1 1 1 2 1 143 63 3 2 2 1 1 37 2 2 8 1 6 6 1 2 58 4 2 5 1 1 6 1 3 2 6 1 1 1 4 1 1 2 3 1 1 3 4 3 1 19 4 1 1 2 2 2 2 5 5 4 3 2 2 2 1 3 8 56 6 1 1 12 3 6 1 3 1 8 1 1 1 1 3 1 41 1 1 2 1 1 1 1 1 1 1 2 1 2 3 3 7 1 5 5 1 4 2 4 1 3 2 2 1 5 1 2 2 6 1 1 2 1 2 1 1 1 1 1 1 1 2 1 1 119 2 2 1 4 2 1 4 7 8 2 1 169 18 2 7 8 1 2 4 2 1 3 7 2 2 20 5 3 18 1 2 1 4 2 3 5 2 2 6 26 3 1 2 3 2 2 2 14 1 1 1 27 1 2 5 4
7 1 1 2 1 2 4 2 1 8 3 1 1 2 8 2 3 1 1 3 1 1 1 2 2 8 1 1 3 1 1 1 2 1 2 6 2 9 3 1 2 3 1 3 352 4 4 82 1 3 2 4 1 1 1 1 2 4 2 1 3 4 2 6 2 1 113 23 11 1 1 2 1 2 2 1 6 1 1 2 38 4 1 2 1 3 29 4 10 1 2 9 2 2 1 2 2 1 1 2 16 14 3 139 2 2 1 6 1 1 2 8 4 5 5 6 1 2 4 4 2 2 2 5 2 10 1 6 5 3 1 3 3 1 153 1 1 3 1 1 1 3 2 2 1 1 2 21 1 1 1 1 4 1 2 1 24 1 15 2 1 3 4 15 1 3 5 4 2 6 1 4 1 2 1 1 4 4 2 1 2 2 86 2 5 22 1 2 9 1 4 1 2 1 1 2 2 1 22 2
7 3 3 1 4 155 3 3 2 2 1 2 2 19 1 5 2 1 2 4 2 22 1 3 3 6 2 1 1 6 11 13 4 1 6 95 2 1 1 3 6 2 1 2 2 2 10 2 2 1 1 5 2 2 2 3 9 2 1 3 1 2 2 1 1 1 2 1 23 3 1 1 2 5 1 14 13 1 3 12 1 1 2 1 2 2 1 2 1 1 4 11 4 2 2 2 2 4 2 1 6 8 3 16 1 2 9 3 1 21 2 11 1 3 1 2 3 2 3 2 2 1 1 2 3 2 6 24 1 2 1 2 9 5 2 2 1 4 3 2 2 2 3 3 2 1 1 6 1 2 46 1 1 4 1 2 2 4 1 11 1 4 2 4 1 2 2 1 2 1 1 2 2 3 3 2 8 1 2 2 1 3 1 2 17 2 1 1 3 1 1 1 1 7 3 1 10 1 10 3
4 110 2 2 1 10 28 1 1 2 9 1 1 2 2 5 5 1 4 9 4 4 2 1 1 2 2 3 2 1 1 10 3 1 2 3 1 3 3 8 1 5 1 1 2 23 6 2 3 98 2 1 3 2 2 2 2 5 3 2 9 2 1 6 1 1 3 1 3 1 2 2 7 1 2 4 8 1 27 2 3 2 4 1 1 1 6 11 3 1 3 7 1 9 3 1 1 4 4 1 8 3 4 1 1 1 1 7 13 1 2 2 2 2 4 2 1 2 1 2 1 2 3 3 6 9 2 1 1 1 2 2 4 32 4 2 1 1 1 21 2 1 4 36 1 7 6 1 3 1 1 1 5 2 2 3 2 2 3 2 1 1 1 3 2 32 1 2 2 1 1 4 1 1 3 6 4 1 2 13 1 4 3 3 3 1 17 1 11 1 52 2 2 1 1 5 1 3 2 1
2 3 2 11 2 1 2 2 2 2 1 3 2 1 2 1 2 2 12 2 4 2 2 1 1 2 2 1 1 1 5 1 5 2 1 1 2 1 2 2 3 2 1 5 1 18 2 2 1 1 10 2 1 1 4 1 4 1 5 4 4 100 6 12 23 2 2 1 15 2 1 26 2 1 4 2 3 2 3 1 2 3 1 2 3 1 1 2 5 8 6 2 2 23 2 4 1 158 4 28 2 2 1 4 1 1 2 1 1 2 1 2 2 2 1 1 12 2 4 4 2 2 26 4 4 1 2 22 6 2 2 2 2 4 2 2 2 2 19 1 2 2 3 4 2 2 1 15 2 1 5 3 1 2 2 4 36 1 5 2 1 11 1 222 2 2 1 1 1 2 1 3 3 2 2 1 5 8 20 2 2 1 1 3 1 1 4 1 68 2 4 3 2 1 2 5 2 7 2 2
1 3 7 2 2 2 2 111 3 2 4 7 1 1 4 1 3 2 1 2 49 4 1 4 1 60 1 1 1 2 2 1 2 8 5 8 2 1 1 3 3 10 3 6 2 2 2 1 3 7 13 1 2 3 1 1 2 1 1 3 4 1 4 1 5 2 1 1 3 1 14 3 1 2 2 3 1 4 8 1 1 2 2 2 3 1 2 5 11 6 144 2 13 11 19 1 2 1 2 2 116 3 1 2 1 2 1 1 2 1 3 4 4 2 1 3 1 2 5 2 2 7 2 3 2 4 1 2 4 49 1 1 1 1 8 2 2 4 1 8 1 9 1 7 8 1 1 1 1 5 14 1 1 1 3 6 4 5 1 5 21 2 13 2 2 2 26 4 3 1 5 2 1 1 1 1 4 4 3 6 6 1 1 6 2 3 3 2 1 1 1 3 1 2 2 1 1 3 1 1
4 2 1 3 1 2 4 2 2 2 1 1 3 1 1 107 2 2 4 1 1 1 2 2 9 1 2 2 1 7 5 9 1 1 4 1 26 3 1 8 1 1 2 2 3 9 1 2 1 1 4 1 1 1 4 2 3 1 2 1 3 1 1 2 1 12 2 5 1 2 1 1 1 2 2 13 3 2 2 2 2 2 24 8 3 29 2 4 2 1 8 3 1 8 1 2 2 1 1 1 3 12 2 27 2 2 2 45 3 36 387 1 1 1 2 6 1 1 4 4 11 5 2 2 1 2 15 3 4 2 2 4 15 2 1 1 2 1 4 2 4 1 50 27 1 2 1 1 5 6 3 2 3 2 4 1 1 2 1 1 4 2 3 7 2 1 2 1 28 1 2 2 2 6 6 1 1 8 23 1 2 24 1 1 5 26 4 4 2 1 3 19 1 4 2 6 2 1 3 1
1 1 1 3 3 31 1 3 6 3 2 4 2 1 1 3 2 1 1 1 6 2 2 8 2 1 1 2 1 5 1 1 2 1 8 2 1 3 2 3 1 2 1 9 4 4 9 2 1 5 4 2 208 1 3 3 2 4 3 3 1 2 1 2 11 2 1 1 2 1 1 135 2 1 3 1 2 1 2 1 1 4 2 1 1 2 1 3 1 1 6 2 1 1 1 1 1 3 1 3 161 1 1 1 2 2 1 14 35 1 1 3 10 4 6 1 1 5 2 7 1 3 1 5 1 1 1 9 2 2 3 1 5 1 1 1 1 4 1 1 4 2 2 15 3 4 8 1 2 1 5 4 1 3 4 3 1 2 2 9 1 3 6 3 4 1 5 1 1 1 2 195 3 6 1 1 2 3 2 11 1 1 2 1 4 38 1 4 3 25 2 5 1 8 5 3 1 72 4 1
3 1 1 1 1 1 1 2 1 2 1 1 8 2 1 3 7 3 1 2 1 9 1 2 8 1 2 89 1 3 1 1 1 3 2 2 11 1 1 3 2 12 2 43 1 1 3 1 1 3 2 2 1 16 17 3 5 1 6 6 7 2 2 2 2 1 2 2 2 2 1 4 2 1 4 1 3 2 12 2 7 1 4 56 1 5 2 9 1 12 1 2 3 2 3 8 2 1 1 1 1 11 2 2 1 3 1 5 2 3 12 2 35 1 2 1 2 1 3 2 2 3 1 1 1 1 1 5 5 2 2 3 9 1 1 7 1 1 3 4 2 1 2 17 1 3 2 2 1 2 2 3 2 2 1 2 34 1 1 4 4 1 3 2 2 2 1 7 8 3 1 2 6 2 1 1 2 1 8 1 4 3 2 2 1 1 1 1 27 1 1 1 2 3 2 4 4 13 1 1
4 1 6 4 1 2 1 2 4 147 4 5 6 2 1 2 2 3 26 1 1 1 1 1 20 2 1 2 2 1 2 1 2 2 1 1 3 2 2 3 1 1 2 10 1 1 1 3 4 4 3 1 1 1 1 3 2 1 1 3 1 10 3 5 2 2 1 2 1 2 3 1 6 12 3 1 2 3 3 1 2 2 1 5 4 19 2 1 2 8 3 3 6 1 3 3 1 2 73 1 3 3 2 3 2 2 2 3 2 1 9 1 2 3 1 2 1 1 17 5 20 1 1 1 4 3 1 4 1 1 1 1 18 3 1 1 3 2 5 123 3 2 5 2 1 9 1 1 1 2 2 19 2 2 2 8 2 2 3 1 1 1 2 3 3 3 2 2 2 3 3 3 20 2 3 2 2 3 1 3 1 1 3 3 1 2 2 1 6 2 1 4 1 1 2 7 2 2 1 2
4 7 1 1 2 2 1 8 6 4 28 1 6 2 2 2 2 1 1 4 2 1 4 2 1 2 103 3 1 1 3 1 2 3 2 1 2 3 1 11 2 1 2 12 2 1 2 3 3 1 2 6 1 2 15 8 1 2 5 2 1 1 1 24 6 20 2 4 1 2 2 1 1 5 2 1 30 5 14 8 1 33 1 2 2 1 3 27 1 2 2 1 1 1 3 3 2 1 4 16 4 4 2 2 2 2 29 4 2 10 1 1 28 1 2 4 7 189 1 2 1 1 2 1 2 1 2 3 1 4 1 1 4 9 21 3 2 1 1 8 12 1 3 1 1 4 2 1 2 7 2 4 1 1 7 6 1 2 1 16 3 2 1 2 1 2 14 11 1 1 4 2 1 5 8 1 2 2 1 2 2 1 3 6 324 7 3 3 1 24 1 3 1 2 2 2 1 2 11 2
1 2 1 1 2 3 2 6 2 2 2 1 3 1 2 5 4 2 1 2 10 2 4 2 1 1 3 1 433 7 2 4 1 2 1 5 13 2 12 14 2 1 1 3 3 1 1 2 1 4 1 1 1 93 4 3 4 2 6 2 3 3 4 2 1 3 7 4 2 3 1 7 2 3 3 11 2 1 9 3 83 1 5 7 1 1 2 2 11 3 2 7 1 9 1 79 1 16 1 2 3 1 13 2 3 2 8 4 2 2 2 2 2 1 1 2 3 5 1 3 8 3 1 3 5 1 2 2 1 1 1 4 2 5 1 3 38 6 3 20 3 2 2 6 1 11 4 4 4 6 2 1 8 1 1 1 1 2 1 1 5 2 1 2 1 1 10 3 6 1 1 1 10 2 4 3 1 25 2 3 1 3 2 1 3 1 2 1 1 1 1 3 1 1 1 2 2 1 2 102
1 64 2 2 1 3 4 2 2 1 4 3 1 2 2 78 2 1 1 5 2 2 4 1 1 1 5 1 6 1 2 1 1 2 2 3 3 1 3 12 1 2 1 1 3 23 1 2 3 12 2 1 3 30 1 2 11 1 4 2 1 2 1 6 16 1 8 2 1 1 2 1 1 2 1 5 1 1 3 3 5 3 1 1 3 1 2 2 4 2 1 1 2 1 2 2 15 1 2 22 1 4 1 43 3 47 279 1 3 1 1 1 6 1 3 101 1 1 5 4 2 1 2 3 5 1 2 2 1 1 22 2 5 5 4 1 4 2 3 2 1 3 1 12 5 1 2 1 14 1 1 2 3 2 2 2 2 3 1 2 16 1 68 5 3 1 1 2 1 2 1 3 37 2 2 2 2 3 1 5 2 5 8 1 1 24 3 6 2 2 7 5 3 2 2 8 1 2 3 2
29 1 1 1 6 8 5 1 5 3 1 3 1 1 3 2 5 3 3 2 7 1 39 3 1 1 2 4 1 1 1 1 2 3 3 1 7 2 3 7 2 1 2 2 1 11 8 35 7 1 2 1 1 2 2 1 2 30 2 1 6 2 5 4 1 1 2 1 2 43 4 1 2 1 1 1 1 2 1 2 3 2 4 3 2 2 3 1 7 1 1 1 8 1 3 3 3 2 2 3 4 16 4 2 4 8 2 2 1 2 1 13 9 1 1 1 5 31 2 2 2 2 2 2 1 1 2 1 1 91 2 14 2 7 1 2 2 5 3 1 1 21 1 7 1 15 5 1 2 2 2 1 4 1 1 1 9 2 1 1 14 2 1 2 3 1 92 2 2 1 1 9 12 1 2 2 2 4 2 1 3 1 2 5 1 2 1 4 3 1 2 3 1 1 4 3 2 2 9 3
2 1 2 15 1 1 2 19 1 2 1 1 1 7 2 1 1 6 35 1 10 1 6 5 2 8 26 1 4 1 8 12 2 1 2 25 2 7 1 2 2 1 1 2 25 1 4 3 2 4 5 1 56 1 2 2 3 3 4 12 11 7 1 2 1 2 1 2 2 4 6 3 1 2 2 8 20 6 3 3 3 1 2 2 2 5 1 2 14 4 24 9 4 2 6 7 1 1 1 24 3 4 2 2 2 1 2 10 3 2 3 2 2 2 1 4 2 3 2 1 225 3 2 3 2 2 3 1 2 2 2 1 1 1 2 1 12 1 2 1 2 2 2 1 2 1 3 1 3 4 6 1 1 1 2 4 2 1 1 7 64 2 2 4 1 5 2 3 12 15 1 2 62 3 2 4 1 1 44 2 4 1 2 2 1 1 1 1 21 2 6 1 4 8 3 2 2 4 2 2
1 1 2 10 1 1 1 2 12 1 3 26 4 1 1 1 2 7 1 2 2 5 3 1 8 3 3 2 1 2 2 36 35 2 2 1 1 2 3 1 1 1 3 2 1 2 3 1 1 3 2 2 2 2 1 2 1 10 1 1 3 2 8 13 3 2 3 3 3 1 4 12 2 2 4 1 1 1 1 4 2 10 2 2 2 2 9 3 1 2 3 1 2 1 2 1 4 2 2 1 3 1 20 1 1 2 1 2 2 1 2 10 3 18 1 11 1 1 1 2 6 2 5 1 1 2 32 4 1 2 12 2 2 3 29 1 1 4 1 3 1 1 2 2 3 2 2 2 3 2 2 1 11 2 2 250 1 2 3 1 5 1 6 55 23 4 25 2 2 1 1 2 1 12 3 1 9 2 2 11 2 5 2 1 1 2 1 1 2 2 1 2 2 38 2 2 1 1 3 3
2 4 2 2 1 1 1 41 6 9 2 3 3 2 2 5 1 2 2 1 7 1 2 2 1 2 5 2 3 1 5 2 8 5 2 1 1 7 2 2 4 51 3 7 1 8 1 9 1 5 1 6 2 2 1 2 17 1 1 1 6 35 1 1 16 2 1 7 15 2 1 1 10 2 1 3 1 4 2 2 1 1 1 7 2 1 4 2 9 3 2 2 2 11 2 1 1 19 5 3 1 2 10 1 1 1 2 4 8 2 7 2 2 14 2 1 6 4 43 5 48 1 1 2 1 17 3 9 3 6 2 1 2 5 7 1 34 6 1 5 2 1 1 1 37 1 1 1 6 1 3 11 1 1 1 3 1 5 7 1 1 1 151 5 2 1 5 2 3 6 1 3 2 2 25 4 1 1 2 3 4 45 2 2 2 3 1 5 6 1 5 2 2 5 1 13 3 2 2 2
24 5 2 2 2 3 4 1 1 3 1 1 8 2 7 1 4 11 2 2 2 5 2 22 1 2 6 3 2 3 9 1 1 6 3 6 1 1 1 1 8 1 1 12 1 3 3 1 6 1 2 2 1 1 9 4 2 2 2 1 1 2 2 5 5 6 6 2 2 1 1 86 2 1 5 3 17 1 2 2 2 2 1 2 5 2 2 1 8 4 2 2 3 2 1 2 2 9 2 2 1 2 4 4 1 2 4 2 2 2 3 31 3 1 15 2 1 2 1 2 7 1 3 1 1 1 2 2 2 18 1 4 2 1 7 6 22 3 1 3 2 1 2 5 2 1 1 1 2 1 3 1 1 3 1 105 3 2 2 1 26 2 1 2 3 1 1 4 6 7 1 4 1 1 13 1 2 5 2 7 13 3 13 19 1 1 155 1 4 1 2 4 1 1 3 12 1 3 2 1
2 2 2 5 3 5 1 2 1 18 6 1 1 15 30 2 48 5 3 5 72 129 1 1 8 111 3 1 2 3 2 3 1 13 4 10 25 2 2 2 4 2 1 1 1 1 3 1 2 2 7 5 2 2 1 1 1 1 2 2 1 2 10 2 2 2 1 3 3 4 1 4 14 1 2 5 1 1 2 101 1 5 1 40 2 2 1 1 2 2 2 1 2 2 4 45 1 4 3 69 3 1 1 1 6 2 2 2 9 2 2 1 2 1 2 1 2 1 5 1 1 2 1 1 2 20 2 1 2 1 1 3 2 6 1 1 1 1 1 2 1 1 64 3 71 1 5 1 2 2 9 3 3 2 6 2 1 8 1 1 2 5 1 1 4 3 4 10 2 2 2 2 3 1 9 2 12 7 2 1 1 4 13 2 1 2 1 1 11 125 2 2 1 1 2 10 1 1 10 1
10 1 1 1 2 2 16 1 19 1 43 1 4 18 1 3 6 2 2 1 1 4 43 1 1 1 1 1 1 1 4 2 2 1 1 2 1 1 4 1 1 4 1 16 1 20 18 3 55 2 6 4 3 1 2 5 2 2 2 3 16 2 2 1 23 6 1 10 16 7 2 3 1 1 2 1 2 3 1 6 2 2 4 1 2 1 209 1 6 1 2 1 2 6 6 2 1 3 3 1 2 5 2 6 3 1 6 4 2 2 1 4 1 1 1 4 1 1 2 2 2 18 7 2 20 1 3 2 6 1 2 2 1 2 2 1 2 24 1 9 1 2 9 1 7 2 8 1 1 1 3 3 3 1 2 2 2 1 8 3 4 11 2 4 15 3 4 1 1 2 2 11 3 2 2 1 1 2 1 10 2 4 1 2 1 2 1 1 3 6 2 3 4 1 2 6 1 10 2 2
2 6 2 3 2 6 1 2 7 2 1 1 3 1 3 1 2 2 3 1 3 2 157 2 2 12 4 1 1 2 6 1 8 1 1 3 1 2 8 1 1 1 5 25 1 2 13 4 4 2 4 1 2 2 2 2 2 2 1 1 8 7 3 2 1 6 2 4 5 3 1 2 1 3 1 3 2 1 2 6 1 4 1 1 8 2 8 2 36 1 3 1 1 1 4 3 3 1 3 2 2 3 2 281 1 5 1 5 4 5 2 28 2 1 5 2 25 2 2 3 3 2 16 1 1 3 2 4 1 3 1 2 3 2 3 2 270 2 1 89 7 86 18 1 2 11 1 2 10 2 2 3 3 1 2 17 6 2 1 1 2 3 11 3 6 1 1 2 3 1 3 2 1 3 2 6 1 2 1 1 2 2 1 8 8 3 28 1 5 15 5 3 2 1 2 3 1 2 1 2
2 1 3 3 3 2 3 2 4 2 5 13 1 2 4 9 2 1 3 1 1 1 1 2 2 6 4 12 2 1 1 11 6 18 4 3 19 3 1 6 7 1 1 6 1 1 40 2 1 3 1 2 52 37 1 4 7 1 1 1 1 1 5 3 2 1 2 6 1 108 16 6 7 2 222 2 1 1 2 2 1 4 2 2 4 4 2 5 1 5 1 3 4 5 7 1 14 1 1 3 5 1 37 1 1 63 8 2 2 2 2 3 1 16 2 1 12 8 6 1 1 4 2 3 18 5 5 2 2 5 5 4 1 2 34 2 2 4 2 1 6 2 2 1 1 1 1 2 15 1 1 3 3 2 1 4 2 4 2 1 15 1 7 4 2 2 10 2 1 20 1 2 4 2 2 3 5 3 6 2 3 2 1 2 1 4 1 1 4 35 2 1 3 8 1 2 3 1 1 2
10 9 13 37 2 1 2 2 4 11 2 1 5 1 1 2 11 1 3 2 3 1 2 2 2 1 6 2 3 1 1 1 1 2 5 1 6 7 3 17 1 3 12 4 25 1 3 2 1 2 1 1 2 3 1 2 1 2 1 5 1 4 1 8 25 4 9 4 6 28 2 3 4 1 1 4 1 1 151 3 1 2 3 1 1 1 1 2 1 22 9 3 2 3 4 35 366 1 1 6 1 2 1 4 5 47 2 1 6 1 7 4 2 7 1 4 3 1 5 1 2 2 4 5 1 7 2 4 2 33 33 1 14 13 7 4 3 5 2 2 3 1 2 2 10 4 1 3 4 2 7 1 7 1 3 1 2 1 2 2 1 2 2 2 1 1 3 2 2 5 20 68 4 2 5 2 4 21 3 2 1 1 2 1 1 6 1 2 2 3 2 1 5 1 1 17 5 1 1 2
8 24 3 8 3 1 16 2 19 58 1 1 1 7 4 1 3 2 2 2 1 28 1 3 2 1 3 2 2 20 4 1 1 3 2 3 1 2 3 3 3 2 20 1 2 5 4 65 1 1 1 1 2 1 2 1 3 3 1 5 1 2 127 2 22 2 3 1 1 4 2 3 4 1 1 1 3 1 1 38 2 85 5 33 2 7 1 1 2 34 1 2 1 1 8 1 6 1 6 2 3 1 1 1 3 1 2 2 5 5 6 1 4 5 2 2 4 4 1 1 1 3 1 9 4 1 86 1 1 1 2 1 3 1 1 2 27 9 4 2 6 2 5 2 1 1 2 2 4 2 3 37 1 1 1 3 1 3 1 2 3 3 7 6 2 6 2 3 3 6 2 3 2 1 4 1 2 3 1 1 1 1 8 2 4 1 5 7 2 9 1 5 3 1 2 1 2 2 5 2
1 3 7 1 1 1 2 8 7 2 1 11 1 2 12 5 8 2 1 3 38 4 1 1 8 4 2 4 7 2 3 14 2 5 2 1 2 1 28 3 1 2 1 1 2 17 1 9 2 12 2 1 3 2 4 7 25 3 3 1 1 1 2 2 2 1 2 6 2 3 4 4 32 3 4 1 1 6 1 1 2 5 1 10 1 3 12 1 2 2 2 2 4 1 1 2 34 2 6 19 3 2 1 5 4 6 7 11 2 5 6 30 2 1 2 1 6 8 2 1 2 10 4 2 6 2 6 1 3 4 2 65 1 2 1 2 2 1 5 1 1 2 6 1 9 1 17 1 2 1 2 1 1 2 3 5 1 2 2 4 1 1 5 379 3 1 11 1 1 15 1 7 1 2 3 2 5 4 4 2 2 1 4 2 6 2 4 3 2 25 1 1 1 1 1 18 9 2 2 3
2 2 1 1 1 2 18 1 1 3 5 3 2 2 2 1 1 1 2 1 3 11 3 4 3 2 2 4 10 2 2 2 1 2 1 11 5 4 2 24 17 91 1 3 2 1 5 13 30 3 4 10 4 1 2 3 1 1 8 2 131 4 8 3 1 2 1 2 1 1 1 14 7 1 3 1 1 35 1 1 3 2 3 1 1 1 5 1 1 2 2 2 4 2 1 2 1 1 3 11 2 1 1 1 37 2 4 3 2 2 9 2 1 1 1 16 3 1 3 3 14 1 7 29 2 4 15 9 28 3 1 6 5 2 5 11 2 12 2 1 1 2 1 4 1 70 1 4 5 3 5 4 10 1 5 1 1 1 3 2 2 2 19 2 27 3 2 1 21 35 2 2 4 1 3 1 2 1 2 1 15 1 2 2 3 3 3 1 4 4 2 1 2 1 24 22 4 3 1 38
4 2 1 1 2 2 2 1 13 2 3 2 1 1 2 2 2 2 4 2 9 1 1 1 1 4 2 2 1 3 1 2 3 1 1 2 2 1 1 1 1 4 2 34 12 1 3 1 3 3 1 1 5 6 6 1 1 1 2 4 3 2 4 1 2 1 1 1 2 1 18 1 1 4 8 1 3 1 2 10 2 4 2 3 2 39 4 15 2 2 3 2 2 35 4 4 2 2 2 2 3 3 1 3 1 2 2 5 2 1 3 1 1 1 1 3 9 1 21 1 1 2 2 2 4 4 2 1 2 3 1 1 1 2 1 80 4 9 1 2 2 69 7 1 2 7 1 1 2 2 1 1 14 6 1 1 1 2 3 2 1 1 3 3 3 2 4 3 1 36 1 5 10 1 2 1 2 1 1 4 5 4 2 47 1 1 1 1 1 6 8 4 3 1 4 23 5 7 3 1
2 1 2 1 3 1 1 1 2 1 6 3 2 16 1 12 6 23 4 2 15 5 4 3 20 36 1 13 2 3 1 4 81 1 13 4 2 1 3 1 1 2 6 2 4 3 2 11 1 2 4 2 1 1 17 1 1 2 1 2 1 8 8 1 1 2 2 12 4 3 2 1 2 24 1 1 15 2 1 1 1 5 3 1 2 1 1 2 2 7 1 3 30 4 2 2 4 2 1 1 1 7 4 4 3 1 1 2 2 1 1 44 1 1 1 2 1 1 1 1 3 13 1 1 1 1 1 1 2 1 21 2 3 3 2 1 2 3 5 1 2 1 2 3 1 1 18 1 1 4 1 1 1 2 10 4 2 1 3 1 1 8 1 1 5 1 1 1 1 2 1 5 1 1 2 1 1 2 42 1 15 2 1 1 43 2 2 3 1 1 4 1 1 1 1 4 1 4 2 1
1 1 9 1 2 3 12 9 2 53 1 1 2 1 2 2 36 1 3 1 2 48 3 15 1 1 17 4 2 7 7 1 8 1 1 17 3 3 2 2 1 2 53 2 9 2 28 3 5 4 4 2 2 5 1 6 1 2 7 18 8 1 49 1 1 5 1 2 7 2 2 9 1 2 2 4 1 1 2 6 4 2 2 3 2 2 1 2 1 4 3 2 1 3 3 2 2 1 9 2 5 43 18 8 1 2 2 19 7 2 148 2 2 2 1 1 1 2 1 1 3 1 6 6 42 3 1 2 2 2 2 1 25 2 2 2 1 2 2 4 2 3 2 4 4 1 3 2 3 3 2 4 15 1 2 1 2 358 1 3 1 12 3 1 5 158 4 1 2 1 1 5 1 3 1 1 1 6 2 1 2 4 11 2 2 2 2 9 5 1 3 2 3 2 3 3 2 58 12 2
8 1 1 2 4 2 2 56 2 1 1 2 5 1 3 1 73 1 5 7 2 5 1 9 5 10 3 1 1 53 1 1 10 7 20 78 1 4 5 2 1 1 2 1 1 1 3 2 1 2 2 1 1 1 3 2 1 2 75 127 1 1 1 3 2 7 2 2 2 2 4 1 3 13 4 1 2 1 11 2 4 4 4 9 2 3 1 2 2 2 3 1 3 2 1 2 2 7 1 3 2 2 1 2 48 2 2 3 1 10 5 4 2 11 3 5 30 7 3 2 1 7 2 1 2 4 9 2 1 5 3 1 3 2 3 4 37 4 2 10 3 4 1 1 1 10 1 3 1 2 16 7 5 36 1 7 1 2 15 81 113 1 4 7 4 3 1 2 1 3 8 1 2 1 1 4 2 2 1 1 3 2 1 2 3 12 4 1 1 4 4 8 1 9 2 2 2 2 1 3
1 2 1 5 1 1 1 2 1 6 3 1 1 3 2 2 3 2 1 1 1 3 2 1 6 1 3 21 1 3 4 1 2 1 26 4 2 1 2 1 1 22 6 1 1 1 2 1 1 1 12 1 1 1 3 332 4 7 2 3 1 5 1 2 4 1 3 11 2 4 2 2 1 1 1 3 3 1 6 13 1 1 12 1 3 4 5 3 2 33 2 3 3 2 2 5 20 3 2 1 2 1 1 1 12 8 2 1 2 1 1 4 6 3 2 3 6 3 3 1 2 5 82 2 2 1 2 5 2 2 4 1 21 4 1 1 1 5 1 1 1 7 3 2 1 1 1 2 2 8 6 6 1 1 3 3 19 1 1 2 3 1 2 1 10 1 3 5 1 2 1 3 8 2 1 1 6 1 4 2 5 1 16 2 2 3 4 1 5 2 19 5 2 1 6 3 4 2 1 28
2 1 1 1 11 3 1 1 5 1 1 5 2 1 2 2 1 1 1 103 2 6 2 7 2 84 1 2 1 6 21 10 2 10 2 1 3 4 2 2 3 6 3 2 27 3 2 3 2 5 5 7 1 2 7 6 1 2 2 1 8 2 3 2 2 3 5 1 2 1 1 4 2 2 1 1 5 6 2 1 2 3 5 5 4 19 1 1 1 1 1 1 2 3 2 11 3 11 1 1 2 2 1 2 1 8 2 8 2 2 1 2 4 1 3 2 1 8 1 2 1 5 5 1 2 1 8 1 6 2 2 2 2 6 2 5 2 2 2 2 1 1 1 9 1 1 1 66 1 1 1 1 18 1 5 1 2 4 2 107 1 1 12 114 2 2 1 2 2 3 2 2 3 4 134 2 1 4 14 3 1 11 19 2 2 3 2 1 2 2 1 1 3 13 1 140 1 14 2 2
1 1 1 2 2 2 3 1 3 1 4 1 1 4 116 1 1 2 10 3 1 1 3 1 2 15 1 3 2 11 3 1 2 1 1 4 1 2 2 32 3 3 5 7 1 3 1 6 4 1 16 10 6 1 2 1 2 2 1 5 2 5 2 1 1 14 1 3 6 1 1 1 1 1 2 1 3 10 5 1 2 3 10 6 1 2 226 1 2 48 1 3 31 3 1 4 1 2 2 2 1 2 3 11 2 3 1 3 7 12 5 2 4 2 1 2 17 3 3 2 2 2 21 2 2 2 2 1 5 4 3 2 28 1 2 2 2 1 2 5 1 484 1 1 1 2 3 1 470 1 2 1 3 1 3 3 2 1 14 4 2 35 1 7 4 3 2 1 3 97 3 5 2 1 1 3 1 43 1 3 2 4 2 1 2 1 8 2 2 2 1 2 59 1 2 12 4 4 1 4
1 2 1 2 3 1 2 2 2 2 5 2 5 14 1 2 4 5 7 2 1 2 3 6 2 1 8 7 9 2 4 1 8 2 1 22 1 2 1 1 3 1 2 7 1 2 1 1 2 2 1 1 63 1 6 3 3 5 4 1 1 3 1 2 13 1 3 2 1 1 6 1 1 1 1 3 5 2 1 1 3 7 3 3 2 2 3 1 4 7 12 1 1 3 7 5 2 181 1 1 2 2 1 2 4 2 1 5 1 1 3 4 1 3 5 1 2 1 4 4 4 2 2 1 2 2 2 1 3 6 1 2 2 2 1 5 1 2 2 3 8 11 2 2 2 1 1 10 2 3 1 7 1 1 13 2 1 2 2 2 1 1 2 1 2 1 2 1 6 3 1 64 12 3 4 1 1 2 2 4 2 1 1 1 4 3 2 2 8 1 10 13 4 1 1 2 7 5 3 3
2 3 3 1 4 3 5 2 3 4 6 1 59 6 22 1 3 2 3 3 1 2 17 1 1 2 3 1 4 3 9 1 2 1 1 17 3 3 3 5 41 2 2 8 1 2 40 2 4 2 1 3 2 1 1 2 2 2 5 2 1 5 1 357 12 7 2 6 1 4 1 1 2 1 1 2 1 3 1 4 1 1 6 2 1 2 1 43 2 2 4 6 11 1 8 1 6 1 2 5 2 2 3 2 1 1 1 90 1 28 29 1 2 1 10 2 7 1 2 3 4 1 2 14 2 1 4 1 2 2 1 25 9 2 1 3 1 2 4 2 3 1 1 1 1 11 3 7 2 1 3 2 1 1 1 1 2 3 3 7 2 2 2 1 4 7 1 2 8 3 2 1 13 1 13 3 18 20 1 1 3 1 2 2 4 2 7 2 1 2 2 1 1 40 3 1 3 3 4 4
3 10 1 78 1 3 2 15 2 4 7 2 2 8 2 8 3 2 2 2 37 2 305 2 1 1 3 3 1 41 16 4 1 3 2 3 4 4 6 4 2 2 2 2 9 27 2 2 4 1 2 6 1 3 1 1 1 3 9 1 3 2 2 6 1 1 1 2 1 3 1 1 1 2 1 4 2 19 1 1 1 2 4 2 4 4 1 2 6 1 13 14 6 2 1 7 2 1 1 2 1 2 4 1 1 3 6 1 1 8 4 6 1 4 4 1 1 2 3 2 1 4 1 2 5 14 17 16 1 1 5 1 34 3 4 3 5 1 2 3 1 3 2 1 2 3 2 1 1 2 2 1 3 2 1 3 2 1 2 1 5 1 5 2 1 1 1 1 1 2 1 2 1 2 14 1 2 3 1 1 8 4 1 3 1 2 3 1 2 1 40 2 1 2 1 3 2 61 2 1
5 1 7 1 1 3 2 9 1 1 2 10 6 5 2 2 1 2 1 10 1 2 3 1 1 1 1 7 2 1 3 7 3 3 2 23 44 4 1 1 1 1 3 5 1 26 1 2 2 3 3 3 1 3 4 16 1 1 1 2 1 2 1 1 2 9 2 1 2 1 1 2 2 4 1 1 1 2 13 1 4 14 2 5 2 4 2 2 2 1 19 3 3 6 1 1 1 3 3 1 1 7 2 2 1 3 11 1 2 1 1 7 1 4 1 2 1 1 3 345 1 2 3 1 2 2 15 2 2 2 1 2 52 1 1 1 4 1 2 3 1 1 2 1 1 1 2 1 3 3 13 5 2 4 4 3 21 2 3 1 6 1 1 11 19 8 2 27 1 3 2 9 2 2 2 4 5 1 1 1 3 2 3 4 1 2 6 4 3 2 1 4 2 7 2 2 1 3 2 1
1 2 2 2 3 1 1 1 9 1 1 2 1 2 1 2 1 2 2 1 1 4 1 1 4 1 3 3 13 98 1 2 2 2 2 3 2 5 2 1 1 3 15 1 1 1 3 2 1 14 1 1 3 1 4 2 4 1 60 1 3 1 2 1 3 2 37 6 3 2 2 2 6 1 18 2 2 15 3 7 1 2 1 3 2 2 4 5 18 1 8 1 1 3 1 1 3 5 38 6 2 1 1 2 2 1 20 5 1 2 5 12 1 2 1 3 1 2 2 1 1 20 2 1 1 3 4 3 12 9 10 2 1 1 4 86 2 1 1 2 2 1 4 1 7 1 76 1 2 1 20 1 20 1 2 499 1 2 4 1 23 1 1 1 2 3 11 2 23 3 2 2 1 1 1 1 1 1 1 1 3 2 56 1 3 2 2 1 5 37 2 1 1 2 2 1 25 2 2 1
3 1 2 1 2 1 5 2 2 2 1 3 4 27 1 5 2 1 2 1 1 2 1 3 1 2 1 4 1 2 1 2 12 4 1 14 6 29 1 1 1 1 48 1 2 1 4 2 8 1 3 4 1 2 6 1 2 2 1 5 1 3 21 5 1 5 1 2 1 6 1 4 3 2 7 7 4 3 41 1 1 1 2 1 3 1 5 1 2 1 3 5 1 11 1 1 1 34 10 3 1 2 3 12 3 12 1 1 2 1 1 1 3 3 2 4 29 1 2 6 9 24 3 2 4 2 1 1 3 1 1 1 1 2 1 2 16 1 1 1 1 8 2 1 5 7 1 6 6 2 2 2 12 1 6 2 4 2 2 2 2 1 5 3 1 2 2 1 2 1 1 2 3 79 14 1 2 4 1 2 2 2 2 1 1 3 1 2 2 2 80 2 22 2 1 2 3 3 2 1
3 2 2 2 1 1 1 13 8 1 2 1 4 1 1 2 1 1 34 1 1 4 2 20 1 1 1 1 5 1 3 89 2 2 10 4 64 2 1 1 1 2 1 1 2 2 1 4 1 3 3 1 6 5 1 1 3 1 1 2 3 1 9 2 10 5 3 4 2 3 3 1 2 3 3 1 2 1 3 2 5 23 14 5 3 3 3 90 3 2 1 1 1 2 1 2 2 5 15 2 1 2 52 2 33 3 4 7 2 1 2 2 1 2 1 3 3 1 2 1 1 2 4 4 1 1 5 4 2 2 87 3 1 1 14 1 9 1 1 1 5 1 3 1 3 2 2 3 1 3 1 2 2 3 2 3 3 3 1 1 1 7 1 2 16 12 39 1 2 2 2 15 4 3 292 1 2 1 5 2 2 1 1 1 2 2 65 3 4 2 1 4 5 1 19 12 1 1 1 10
1 1 2 1 2 29 2 2 3 4 3 3 2 2 2 1 4 4 1 1 3 27 1 8 3 5 1 3 1 15 2 19 3 4 1 2 1 2 2 4 3 23 4 1 1 1 81 3 1 2 4 5 31 28 2 1 2 2 4 4 51 4 5 1 1 1 1 30 1 1 325 2 4 16 4 1 3 1 20 1 2 1 19 1 1 1 3 1 2 3 2 2 2 2 1 6 2 1 1 1 1 1 2 1 1 28 1 1 18 1 2 1 2 3 2 2 3 2 1 1 2 3 6 2 4 1 1 6 6 32 9 3 2 3 2 1 6 10 11 5 3 2 1 2 107 2 1 9 1 4 2 15 23 11 2 7 12 2 20 1 2 2 2 1 1 3 2 19 4 1 1 1 1 1 5 9 2 1 2 2 2 3 10 1 2 3 2 2 1 2 2 1 2 2 2 2 9 2 102 2
2 6 1 1 2 1 1 1 10 3 4 1 1 2 2 2 1 1 4 1 1 3 3 7 6 4 2 3 2 7 2 2 7 1 1 2 2 1 6 14 16 2 1 9 1 1 1 3 2 3 4 1 15 2 21 3 6 1 2 2 2 1 17 6 1 2 4 1 1 1 60 1 1 2 1 1 2 1 7 4 3 2 1 4 3 2 1 1 1 3 1 1 1 40 2 2 2 1 2 3 2 1 4 2 1 3 2 2 4 7 8 2 5 1 2 1 2 1 7 4 1 22 2 4 5 1 26 3 4 3 4 1 6 1 5 1 51 3 3 1 2 3 1 2 1 25 2 1 1 5 2 1 1 26 2 83 4 1 1 2 1 2 2 4 4 18 40 3 2 2 1 1 1 11 1 8 4 1 1 3 2 1 6 1 5 9 2 2 1 2 3 12 4 1 2 33 7 51 1 2
1 2 13 7 1 5 1 2 1 3 1 2 5 3 9 2 1 6 7 2 3 1 1 8 2 2 3 3 3 2 1 5 6 2 10 3 7 2 2 7 2 6 1 2 2 7 3 3 2 3 4 1 3 2 1 1 3 2 3 2 1 2 3 1 9 2 3 12 6 2 1 2 3 11 6 5 1 2 2 1 3 2 5 1 2 42 5 1 2 7 13 2 2 2 1 1 4 59 27 32 2 3 1 1 1 4 1 2 3 1 1 4 2 4 1 2 3 1 1 1 2 6 2 5 3 1 4 1 1 1 1 2 1 1 2 1 2 2 1 3 3 35 3 5 5 5 9 5 1 5 1 1 1 2 6 1 1 1 1 4 1 1 12 6 1 2 2 8 3 1 4 1 1 4 1 2 3 1 4 5 1 1 2 1 2 1 2 2 8 4 1 3 5 6 4 2 3 4 2 1
1 1 5 1 251 2 3 2 10 3 3 2 19 2 1 4 5 3 1 5 2 4 1 2 1 2 3 1 2 6 2 5 2 3 2 3 2 6 2 3 4 1 1 2 1 4 2 3 1 1 1 1 1 16 3 2 1 1 2 8 9 3 2 1 11 1 2 7 2 2 2 2 1 2 3 1 1 6 2 4 2 2 1 1 1 1 1 2 1 2 1 9 8 140 18 1 81 1 1 5 1 2 1 18 5 23 4 44 8 3 2 3 8 2 1 3 3 2 4 1 7 1 2 3 2 1 1 2 1 4 3 2 2 3 2 2 165 1 6 29 1 3 1 5 13 2 1 9 2 45 5 2 1 1 17 2 31 1 1 4 15 1 50 1 1 1 21 3 1 3 1 2 1 12 2 3 4 3 2 2 3 1 2 211 3 1 6 2 18 1 2 1 2 5 14 12 1 1 2 1
1 3 7 2 2 96 3 2 1 1 1 45 2 1 9 1 3 1 1 6 1 7 2 2 1 4 2 3 2 1 4 3 3 2 12 4 2 15 7 1 20 1 1 1 3 2 73 2 4 3 1 5 1 1 1 1 1 2 1 8 5 1 1 1 1 1 19 6 2 2 8 6 1 2 1 1 2 1 4 2 1 5 1 3 1 17 2 8 3 12 3 2 1 1 1 24 2 2 1 2 2 2 9 2 2 140 1 4 2 8 1 164 2 11 1 1 8 2 1 5 2 1 1 16 2 2 1 24 1 2 2 206 1 1 2 7 1 2 5 2 5 5 4 2 1 1 2 3 4 2 1 1 2 1 1 2 8 3 2 7 7 2 5 2 1 2 5 1 2 4 1 24 33 2 2 5 3 1 2 16 2 9 2 2 4 1 2 7 8 1 2 2 6 1 16 3 2 7 3 37
1 2 13 1 3 2 30 3 3 1 1 2 1 2 3 2 2 1 1 1 2 6 3 4 1 8 5 2 2 1 1 2 4 3 1 7 1 66 1 1 1 1 4 6 2 1 3 2 2 4 6 6 2 1 1 1 1 1 2 3 3 9 12 2 1 5 3 1 1 1 1 2 2 5 1 2 2 5 4 11 8 2 10 2 2 5 2 10 2 4 1 2 2 2 2 1 2 1 2 3 86 1 2 2 27 1 3 4 7 1 6 1 1 1 1 1 2 4 1 1 4 6 1 2 2 136 2 2 8 2 1 2 1 4 3 1 2 6 1 4 5 4 2 3 19 2 2 4 1 1 2 2 1 2 4 1 1 2 5 12 3 19 2 2 1 1 3 28 3 1 7 2 33 1 2 1 2 5 2 6 56 2 1 1 6 2 1 3 6 5 1 4 3 1 3 6 1 3 1 6
2 3 2 5 2 1 2 2 4 3 1 1 1 1 1 1 5 2 7 6 4 1 1 1 5 2 2 1 1 6 2 2 11 1 32 1 61 5 2 2 18 2 3 2 1 17 1 3 10 2 1 5 2 1 8 1 1 2 2 3 2 3 2 1 321 1 36 2 1 1 6 2 2 6 2 4 1 2 4 2 1 4 8 1 6 6 1 2 2 2 2 2 2 2 14 5 7 2 1 1 1 3 16 1 2 1 3 2 1 8 8 3 5 1 3 2 1 6 1 4 7 2 3 1 6 1 2 2 2 1 84 1 1 8 3 5 2 3 5 1 77 35 7 1 2 2 2 2 1 1 1 4 2 10 1 7 1 20 1 2 2 6 3 2 2 1 1 1 2 3 2 1 2 2 2 3 2 4 2 1 2 2 4 3 4 12 7 1 8 3 1 6 96 38 3 1 1 3 2 3
3 1 3 2 1 6 2 3 1 2 1 4 10 15 4 1 2 3 2 2 9 2 1 2 1 1 2 16 1 1 3 13 3 2 2 1 10 4 1 6 32 1 5 1 2 2 1 1 5 14 2 2 2 1 2 1 1 2 1 2 5 3 3 1 2 1 3 1 10 2 1 8 5 1 1 1 2 15 148 1 26 4 1 2 2 15 1 4 1 15 1 1 2 2 1 2 3 1 2 4 3 9 2 1 4 52 2 1 1 2 105 1 1 2 1 1 1 4 1 7 1 2 1 13 2 10 3 1 1 1 5 1 2 2 6 14 1 2 1 1 2 3 3 9 13 2 6 1 13 3 1 2 2 2 1 1 2 4 2 8 2 1 2 3 5 1 1 1 1 18 1 1 2 1 1 20 1 11 2 30 1 1 2 2 2 1 2 1 5 2 11 1 16 1 3 1 1 2 2 1
1 1 5 1 11 5 2 1 1 3 1 4 2 1 70 17 2 8 2 2 1 8 1 1 2 1 2 2 1 3 4 1 1 1 1 5 1 55 4 3 2 5 11 2 2 55 1 1 2 2 6 2 2 1 2 2 1 1 1 2 6 2 1 7 1 1 14 4 3 3 3 4 76 2 32 2 39 2 6 2 4 19 12 21 5 1 2 1 1 1 1 16 4 1 1 2 2 2 2 1 1 4 2 1 1 3 3 14 4 3 22 1 3 3 1 2 11 9 2 1 4 30 2 1 1 2 6 11 2 1 2 2 1 2 1 2 1 4 4 3 1 1 4 1 2 3 22 2 1 5 1 2 2 3 2 1 1 1 3 1 1 10 1 2 1 16 2 2 1 3 6 2 58 3 3 1 1 1 4 1 1 2 3 2 1 15 1 2 2 1 1 1 1 7 1 4 1 4 5 2
1 4 2 1 4 1 1 6 2 2 2 1 3 5 2 3 3 2 2 1 1 22 1 2 2 1 1 1 2 2 3 12 2 2 1 5 1 1 2 7 1 45 1 2 4 1 3 1 2 23 2 1 9 3 2 3 8 1 2 1 2 2 4 2 2 3 1 1 1 3 1 4 1 1 25 5 3 2 5 3 2 1 1 27 7 1 2 3 2 1 4 4 2 1 4 1 1 1 1 1 2 6 3 1 5 7 9 2 1 1 1 1 1 1 2 1 1 1 1 3 40 1 52 3 2 1 1 2 1 1 1 2 1 3 2 9 3 4 7 2 4 1 4 162 2 1 4 1 1 2 4 10 3 5 1 5 24 3 4 2 4 2 2 3 1 1 1 2 4 17 1 3 4 2 2 1 1 1 3 1 4 1 3 9 2 4 1 2 2 1 1 13 1 6 5 12 293 1 48 3
2 1 1 2 3 1 3 1 2 1 2 2 4 1 1 15 2 1 2 1 1 4 1 3 328 1 1 3 2 2 2 1 4 4 2 1 2 2 1 1 45 4 1 1 1 1 1 6 5 2 2 4 1 5 3 2 2 1 1 55 2 1 4 20 2 1 1 1 12 1 3 3 1 4 1 1 2 2 1 1 3 3 1 5 1 3 1 2 3 1 1 2 3 1 2 2 1 1 2 6 5 1 3 5 1 6 1 2 1 191 2 4 1 2 2 4 5 2 3 9 1 1 16 2 1 3 2 4 8 1 3 2 2 2 1 2 2 1 1 1 2 2 1 5 2 13 1 2 5 2 5 2 1 3 1 1 3 6 2 3 2 2 3 1 3 1 1 2 36 2 1 17 2 1 1 4 2 26 1 2 4 1 84 3 97 1 3 2 45 3 2 1 2 12 1 3 1 8 1 6
1 1 1 1 4 1 2 1 2 6 1 4 2 1 3 1 1 1 23 4 1 1 2 2 4 1 161 2 1 1 1 1 5 2 1 1 4 1 6 3 2 2 1 9 15 1 2 3 2 2 69 3 1 7 4 1 1 3 2 2 10 4 1 1 3 11 1 3 1 3 4 2 1 2 3 2 2 1 1 4 6 1 28 1 8 1 8 10 8 2 1 1 8 2 1 1 9 1 4 2 6 1 10 3 3 1 1 2 3 1 14 2 1 1 2 9 4 2 1 4 2 5 12 5 1 9 2 4 2 1 3 2 2 1 4 1 6 3 5 2 4 1 2 1 1 3 18 7 2 2 4 3 1 3 1 8 2 1 3 2 1 9 6 2 1 4 2 1 5 1 2 3 1 3 3 5 1 4 8 1 1 2 3 2 2 1 3 2 2 1 1 2 2 1 4 2 1 5 3 10
8 2 1 2 2 1 4 7 2 2 1 1 1 4 1 9 2 34 6 2 3 1 8 1 3 2 3 1 6 3 2 2 17 1 14 13 2 1 7 1 171 2 2 4 18 4 2 17 1 1 1 2 9 34 1 1 1 1 3 1 2 1 4 3 4 2 3 42 1 2 3 2 1 2 1 5 3 2 3 1 1 2 4 2 1 1 2 4 3 1 1 1 2 3 2 2 2 1 9 2 1 1 2 1 20 4 4 1 2 1 2 1 4 1 2 2 2 3 1 3 51 1 2 2 2 2 1 1 6 6 7 2 1 1 2 1 2 1 1 1 11 4 3 2 3 2 1 2 2 52 3 15 1 1 25 1 2 1 1 13 2 94 5 5 1 2 1 2 2 5 2 3 1 1 1 1 1 1 1 2 10 220 2 1 2 3 6 1 1 1 1 4 2 4 1 2 6 4 1 2
1 8 5 2 70 1 2 2 2 1 2 4 4 1 5 5 2 2 2 4 7 23 24 1 1 1 4 1 1 2 1 6 1 7 6 3 1 5 1 1 2 5 3 10 2 26 2 1 2 2 2 2 1 2 1 1 1 6 4 9 2 7 1 1 84 51 1 2 2 1 1 5 2 2 2 2 1 1 1 1 2 4 2 2 1 19 3 1 2 5 3 1 11 2 2 8 1 2 2 1 2 1 1 2 1 1 7 4 5 2 2 1 2 2 5 5 1 3 1 1 1 62 1 2 2 5 4 1 3 1 1 4 1 2 1 1 3 1 1 2 13 9 4 4 3 4 1 1 24 3 11 3 3 1 1 3 5 2 2 2 2 1 2 10 2 2 1 2 3 2 1 1 1 2 3 1 1 21 2 1 1 7 2 2 1 2 2 2 2 3 1 3 1 2 9 2 3 3 2 3
2 2 102 4 18 2 9 2 2 4 1 3 1 1 1 2 1 4 1 5 2 23 1 1 4 1 28 1 8 1 3 2 2 3 3 1 26 3 3 4 2 6 2 1 2 1 9 1 2 3 2 2 2 1 12 2 16 1 2 2 1 2 1 2 2 2 5 2 2 3 11 201 4 12 1 2 1 7 3 3 4 3 2 7 4 11 15 10 42 1 3 1 1 2 11 2 15 2 2 4 3 8 2 7 3 8 2 4 12 1 1 7 13 1 3 2 2 1 1 1 1 2 4 2 1 1 3 5 4 1 2 10 3 1 1 6 23 1 14 1 3 2 2 1 31 1 6 1 3 3 1 1 1 2 2 3 2 3 1 1 1 1 2 3 1 1 3 1 1 1 55 1 1 1 18 4 4 5 4 307 6 2 2 7 1 93 3 1 2 15 2 3 2 2 15 1 7 2 1 19
1 1 4 1 2 7 2 2 5 1 2 1 5 2 2 3 3 2 3 1 2 1 20 5 1 2 51 6 1 2 3 6 1 2 4 1 2 2 15 12 2 1 1 4 1 3 3 2 1 2 8 2 1 3 25 1 3 1 2 5 9 2 3 1 7 3 15 1 2 3 2 2 1 2 3 1 13 3 3 1 2 3 5 6 2 3 2 3 2 2 2 2 2 1 2 2 5 2 1 106 2 7 1 2 2 2 20 7 1 8 2 2 4 1 1 1 1 12 1 60 2 42 1 2 5 2 1 1 8 5 1 1 7 3 11 2 9 1 3 1 2 3 2 10 15 2 12 10 15 1 5 9 2 3 9 2 49 3 5 3 2 2 1 2 3 3 1 2 2 11 3 1 1 1 1 1 8 1 2 3 1 1 6 2 82 2 3 24 1 1 2 4 4 1 2 2 1 1 5 1
3 2 1 1 2 4 2 3 1 2 2 7 1 3 1 5 1 4 1 1 1 1 2 1 4 4 1 3 3 1 6 2 2 4 6 7 3 67 1 1 2 4 2 5 1 11 1 1 3 3 6 13 14 9 1 1 2 2 3 3 1 2 2 1 16 3 4 6 2 3 2 1 44 1 13 1 1 2 3 1 3 2 8 4 1 6 10 4 1 1 37 1 6 2 1 4 1 2 3 1 1 2 2 9 4 2 5 2 5 1 1 7 1 2 1 44 4 1 1 2 2 25 2 1 2 1 6 1 2 3 5 92 2 2 2 3 3 2 1 3 1 14 1 5 1 1 6 2 3 2 1 1 6 1 2 114 2 1 5 5 13 1 3 2 2 1 1 2 1 25 1 1 2 100 4 1 1 1 8 4 6 1 11 1 1 7 2 1 29 1 4 1 2 1 29 3 1 9 1 6
2 1 2 1 2 4 7 7 1 1 1 1 2 1 3 2 39 14 1 2 3 18 24 1 1 13 9 3 1 7 1 1 1 1 3 268 179 4 1 60 1 7 2 1 6 1 2 3 3 1 2 4 2 1 6 3 1 7 2 1 2 2 3 1 1 1 2 1 1 1 2 2 2 2 2 1 2 4 3 2 2 2 5 2 1 2 5 23 2 1 6 11 2 2 1 5 3 5 2 1 1 2 1 2 1 1 15 3 2 2 3 4 1 1 2 1 2 32 5 5 3 1 1 3 11 17 5 9 1 2 4 1 2 2 2 1 3 1 4 3 2 1 1 2 4 1 13 2 7 1 1 3 2 1 21 5 1 1 2 2 4 32 2 10 3 8 2 1 16 20 2 1 4 2 1 1 3 5 1 2 24 1 1 2 2 37 3 4 1 2 9 3 2 2 2 1 3 1 2 2
1 11 1 1 6 3 1 3 6 1 1 1 28 2 2 2 1 3 6 2 13 8 2 1 6 2 3 142 9 2 1 2 9 7 3 4 2 2 2 18 2 7 1 1 1 1 3 3 7 1 3 3 1 3 3 3 5 2 2 6 13 2 2 1 2 5 1 2 1 1 1 2 1 2 6 11 2 2 2 2 15 2 1 2 1 1 2 1 1 3 3 1 11 1 1 2 3 5 3 3 1 1 14 4 1 5 1 9 3 1 7 2 1 2 1 2 1 1 3 1 8 2 1 3 1 9 1 5 3 3 3 2 2 77 25 7 1 3 11 3 5 1 2 2 12 1 2 5 3 1 7 1 2 5 1 2 3 2 5 4 23 3 1 2 3 1 3 3 35 1 3 5 6 2 6 1 1 2 4 3 9 2 3 1 1 2 7 2 5 1 2 4 2 1 6 3 1 2 2 1
3 1 2 1 2 1 3 2 1 2 1 2 5 4 3 2 3 1 2 2 2 73 6 81 18 1 1 2 5 1 3 10 5 2 4 1 3 2 2 2 8 5 2 1 2 1 1 1 7 25 1 4 1 2 12 15 4 95 3 15 2 3 1 3 1 4 10 2 1 1 8 1 1 2 1 77 2 1 2 2 7 2 1 17 1 23 1 3 2 7 2 1 2 4 1 1 1 1 1 2 7 1 5 1 4 1 2 2 6 1 1 16 2 26 2 12 2 1 3 5 1 1 2 2 42 1 6 2 1 86 1 1 1 4 2 14 6 2 3 4 20 3 1 182 4 2 2 1 1 2 1 1 4 12 1 1 1 2 1 1 1 6 1 4 3 11 2 1 2 2 2 7 1 5 1 2 1 4 2 2 1 7 8 1 2 5 3 1 4 144 3 1 2 1 4 1 6 2 1 2
2 2 3 2 3 1 4 1 3 2 1 4 2 2 2 3 1 2 1 12 2 8 3 5 1 1 2 4 5 1 1 11 4 3 3 2 3 2 6 1 2 2 1 2 1 1 2 2 2 2 1 2 1 2 4 2 1 1 1 2 2 2 2 1 3 1 1 1 2 1 3 2 2 2 1 1 18 2 5 1 3 2 9 2 8 2 4 1 1 5 2 2 2 2 1 11 8 2 1 3 3 3 1 5 2 1 2 5 6 2 3 1 2 1 4 1 44 1 3 2 1 1 2 2 5 2 21 2 1 2 2 2 10 52 6 2 4 1 1 2 3 4 2 2 8 1 3 3 3 1 8 1 1 1 18 3 2 8 1 2 1 4 2 2 2 2 6 2 2 1 2 3 3 2 5 5 2 1 1 4 5 1 2 264 2 1 1 6 3 5 1 1 25 2 1 2 6 1 2 2
4 2 1 11 2 3 8 2 12 2 1 2 4 74 1 1 3 5 4 6 1 1 2 2 2 4 2 3 7 1 4 3 2 3 1 2 11 1 30 6 1 2 3 14 2 5 1 4 2 1 3 3 2 2 1 2 1 1 2 2 9 1 13 1 2 1 2 3 2 2 2 10 1 8 3 1 1 14 7 1 1 1 1 3 1 2 28 3 1 4 2 2 4 2 2 1 2 2 1 1 6 2 2 6 25 3 8 3 10 1 2 3 2 7 3 1 1 1 11 3 2 4 2 1 2 11 2 1 3 2 1 6 1 6 2 15 2 3 2 6 1 1 1 5 3 6 3 16 20 3 2 3 4 1 3 2 18 2 1 4 7 5 3 2 1 2 1 1 14 2 8 3 2 16 2 6 1 2 1 2 2 1 1 2 1 2 4 1 3 1 2 1 2 9 1 3 16 1 2 3
1 2 4 1 3 3 1 1 10 1 50 2 2 4 7 11 1 1 11 2 2 6 4 1 2 3 2 1 4 9 1 5 4 1 1 3 1 3 1 1 24 2 2 5 3 2 1 1 4 3 8 18 1 2 2 3 2 4 14 1 3 1 3 3 1 1 20 2 1 1 2 1 1 1 20 3 5 1 1 1 1 1 2 1 1 1 2 11 2 1 1 5 4 2 8 84 1 1 1 9 2 2 2 3 2 3 2 3 4 2 1 17 4 3 14 145 3 2 1 2 9 4 2 2 1 1 433 1 3 1 1 2 2 1 1 1 28 18 1 13 3 3 1 1 1 3 12 10 2 1 3 1 1 9 5 1 3 1 2 1 1 2 1 3 1 2 2 5 1 12 2 1 2 2 1 38 1 4 1 2 2 3 2 1 2 1 2 1 2 1 2 2 1 2 1 5 6 1 3 2
4 2 4 2 1 4 1 2 2 1 2 3 3 5 2 1 2 2 2 11 2 1 6 1 10 2 1 3 2 2 1 2 4 4 1 1 4 1 1 2 1 2 1 10 7 4 1 1 2 4 1 2 3 1 1 4 2 1 35 2 1 1 3 3 10 2 2 2 28 2 13 1 2 2 1 16 2 1 3 1 2 2 2 1 1 2 5 1 1 1 2 3 1 14 6 5 3 2 1 1 2 25 5 10 3 1 2 3 1 2 2 36 2 1 4 14 23 1 1 3 2 2 1 2 1 2 15 2 1 2 7 6 2 2 2 1 1 4 5 1 1 3 18 4 1 1 4 43 2 1 1 4 3 4 1 1 16 2 1 2 1 5 5 4 4 3 4 3 2 1 8 3 32 6 3 1 2 2 2 2 3 2 4 1 3 1 1 5 3 86 10 2 2 2 7 13 2 7 2 20
2 2 5 1 2 1 2 3 2 9 6 18 5 34 3 3 1 1 1 1 1 2 2 4 3 3 1 1 1 45 2 2 5 146 2 3 11 1 2 1 2 1 1 8 7 2 3 5 2 2 3 2 2 1 449 3 1 2 5 13 2 2 2 2 2 1 2 3 3 20 1 7 1 3 1 2 1 2 8 2 2 4 2 17 2 7 2 2 2 2 1 2 1 1 1 1 46 2 116 1 1 3 2 1 53 1 5 1 1 180 1 3 1 2 1 1 1 4 1 1 3 4 2 9 2 5 3 2 3 1 3 2 1 3 3 4 6 14 50 2 1 8 2 1 1 2 2 2 1 1 4 1 1 1 1 11 1 2 3 2 1 3 4 2 3 1 1 2 1 4 7 2 2 10 2 2 1 1 23 1 2 6 33 7 16 3 1 1 4 5 2 5 1 1 1 6 1 2 2 3
1 3 1 2 6 1 1 2 1 1 2 4 3 3 1 2 2 1 1 4 1 2 2 32 1 21 1 2 3 1 1 2 3 33 10 4 1 8 4 4 4 5 3 2 1 1 1 1 11 2 2 11 2 2 1 1 1 1 20 2 1 3 11 3 3 2 1 1 1 3 2 1 1 9 2 2 1 2 2 1 2 1 35 4 1 1 5 3 2 1 6 2 2 2 1 1 2 6 2 8 7 5 2 2 57 1 1 1 1 3 1 3 11 2 2 2 1 1 2 10 3 1 1 17 2 1 4 1 1 10 4 3 1 17 2 1 1 1 1 7 5 2 5 3 1 2 1 2 5 1 4 1 2 2 1 8 2 6 6 2 2 6 1 7 1 3 1 2 5 2 1 3 1 2 1 2 1 2 1 11 3 1 1 2 2 2 52 20 1 46 2 4 1 6 4 1 1 6 3 27
1 2 1 45 1 1 5 3 7 1 1 2 1 1 2 2 2 1 3 3 2 8 2 2 17 2 2 1 1 9 1 1 8 5 49 1 3 7 2 1 1 2 3 1 5 405 2 1 1 2 1 3 2 16 2 1 2 1 5 1 2 1 6 1 1 1 3 1 2 4 2 4 1 1 1 1 1 1 2 2 1 2 2 12 2 1 3 1 1 1 1 3 2 2 2 6 2 3 2 1 7 1 2 5 2 3 36 3 3 8 11 4 41 1 2 1 14 7 2 2 1 1 2 5 6 9 4 10 6 1 4 1 1 2 1 9 1 2 4 2 1 2 7 11 4 8 1 1 39 2 2 2 3 6 1 4 11 1 1 13 4 2 1 12 3 1 2 2 2 4 5 2 1 1 2 1 1 2 1 1 2 8 3 1 1 1 1 8 10 1 3 2 1 2 6 4 8 1 6 2
1 8 1 3 2 1 3 7 2 2 3 6 1 2 1 3 1 15 3 1 3 14 3 1 1 2 2 4 2 2 16 1 3 5 1 2 2 1 4 1 6 1 3 1 2 2 2 2 2 4 8 1 2 1 3 3 2 7 2 17 2 1 9 1 2 1 2 3 2 5 2 1 2 1 1 1 4 2 1 3 3 2 7 1 9 18 2 2 10 2 3 7 55 3 1 2 1 2 3 4 1 2 6 2 1 232 4 3 2 1 1 4 9 4 2 4 2 2 1 2 1 36 1 1 77 3 1 5 1 1 4 2 1 1 1 2 2 1 35 3 1 1 2 13 1 5 3 4 2 2 4 23 1 1 2 1 1 4 1 2 1 1 2 9 2 2 2 3 4 1 1 3 42 1 3 3 1 1 1 4 1 2 2 2 9 9 1 2 1 2 1 11 2 1 13 2 2 1 4 2
2 3 1 1 1 2 1 3 6 3 2 1 1 5 1 5 1 1 17 2 4 16 2 1 12 1 3 1 2 2 28 3 1 1 8 2 2 11 1 12 4 1 1 6 2 4 2 20 1 17 182 2 6 2 2 6 2 22 2 2 1 25 2 2 1 4 1 8 2 2 1 3 31 7 3 3 1 4 1 6 2 3 1 1 1 2 1 3 1 5 1 1 1 1 105 1 2 1 3 1 2 1 12 56 6 5 1 4 42 1 454 5 2 11 1 2 2 1 1 2 5 3 1 3 27 2 5 2 3 3 2 2 1 20 2 2 2 1 6 15 1 2 2 3 14 2 3 2 2 2 3 9 3 6 20 1 1 1 1 1 2 113 1 3 1 17 2 2 1 6 3 3 27 1 2 3 2 18 10 2 7 219 2 1 1 4 1 2 2 2 2 21 3 67 4 2 2 2 2 1
2 3 1 2 1 2 1 2 2 2 81 1 2 18 1 12 5 1 1 2 4 3 4 3 1 11 22 2 6 2 4 1 1 5 2 2 1 1 2 6 6 1 1 2 3 2 1 1 3 2 4 2 2 1 2 1 1 15 1 2 1 4 1 6 4 2 2 1 2 1 14 2 8 1 1 2 1 2 3 1 2 6 10 2 2 2 5 1 3 1 1 1 4 2 2 1 1 1 2 2 3 6 1 2 2 3 3 2 2 7 2 2 3 2 1 2 11 3 1 4 3 5 5 33 1 2 2 3 2 1 11 1 4 3 2 1 4 6 2 2 2 9 3 3 3 1 8 3 4 2 1 5 1 1 2 1 1 4 7 3 2 2 90 1 2 1 4 7 1 16 1 2 1 2 2 1 2 10 1 1 29 34 4 2 1 1 2 1 16 2 1 4 2 2 1 5 5 1 4 10
3 3 2 31 2 2 1 2 4 7 1 1 1 188 4 28 1 4 6 40 2 1 2 8 3 1 4 1 2 1 1 2 2 13 2 9 4 19 2 1 4 4 11 2 2 9 2 5 7 13 1 4 1 4 3 1 2 3 3 1 1 1 1 2 1 5 8 1 1 2 3 1 1 5 1 2 2 1 46 7 2 4 2 2 14 1 2 1 2 9 17 1 1 2 1 2 3 2 2 1 40 3 2 2 2 2 1 3 1 1 1 1 1 2 1 2 1 1 2 2 1 27 11 13 1 2 1 1 2 2 2 3 9 2 3 4 12 1 8 2 2 2 1 1 1 6 187 5 2 1 3 14 3 2 6 3 2 3 4 1 1 15 1 57 2 2 2 5 1 2 2 1 1 2 13 1 1 1 1 1 22 3 8 4 1 2 2 1 2 67 3 1 5 2 3 5 1 1 24 1
1 2 1 1 1 2 1 3 2 1 45 7 2 1 2 2 1 2 3 1 1 3 2 12 3 8 4 5 10 3 1 1 291 1 1 1 3 1 2 2 34 1 5 1 3 6 13 3 1 2 4 3 2 1 3 2 1 6 3 1 3 6 1 3 2 2 2 1 3 15 2 2 14 1 1 1 13 1 1 23 7 1 1 2 12 51 2 8 9 1 3 1 2 3 8 1 2 1 2 4 1 3 2 6 2 2 2 70 1 2 6 11 21 3 3 2 4 1 2 3 1 1 5 1 3 3 1 1 1 1 1 1 2 1 2 3 2 2 3 1 2 1 2 6 1 3 22 2 2 19 4 7 2 1 4 2 2 1 6 1 2 1 7 1 2 2 3 8 1 1 3 1 1 1 2 2 2 1 2 11 2 1 2 8 14 1 2 4 19 40 3 2 1 2 5 26 10 3 1 4
1 2 2 3 1 1 105 2 2 2 4 1 2 6 1 2 1 2 1 2 1 3 1 2 2 1 4 1 2 2 2 2 1 6 1 2 2 1 1 6 2 2 1 3 2 2 2 2 8 1 2 1 2 2 2 454 1 2 42 1 1 1 5 1 7 2 3 1 8 3 1 2 2 2 1 3 2 1 45 15 1 1 3 2 2 16 2 9 1 2 6 2 4 1 4 8 1 1 1 1 1 6 14 1 1 7 3 2 2 1 2 1 3 1 1 1 1 1 2 8 5 3 2 2 5 2 2 1 15 1 2 4 53 1 77 2 1 1 1 1 4 3 1 1 20 5 1 1 2 2 3 2 9 6 1 2 3 3 1 6 1 1 1 7 1 6 2 12 3 15 6 23 1 8 2 5 8 1 7 1 13 3 86 79 20 2 1 9 5 1 2 2 2 1 1 4 2 2 1 4
1 2 6 1 2 10 59 5 191 15 1 3 1 2 2 4 2 1 3 1 4 1 9 1 2 1 17 3 1 17 2 2 1 1 1 3 55 2 5 3 5 3 2 7 1 4 1 1 1 1 36 2 5 2 2 8 2 2 2 4 2 4 1 1 1 1 12 2 5 1 1 15 2 2 3 2 31 9 1 3 1 1 1 2 1 1 2 3 5 3 1 18 6 2 2 1 13 7 1 2 4 2 1 306 13 2 2 3 1 1 2 2 6 1 3 1 4 2 1 10 1 2 4 2 3 2 1 1 10 1 1 7 1 2 2 3 7 5 4 19 2 1 3 1 2 2 1 1 3 6 1 1 2 2 2 2 1 2 3 1 2 2 10 1 2 2 2 2 3 6 2 1 8 1 71 1 3 2 3 29 15 2 1 1 3 2 5 2 9 1 2 1 2 3 6 11 1 4 1 2
2 2 3 3 2 1 3 1 1 3 5 4 1 3 1 4 2 1 3 250 3 2 2 2 1 1 1 1 1 2 3 2 9 1 1 52 1 2 4 14 1 3 1 2 1 3 2 1 3 1 2 2 2 2 6 1 3 4 5 8 5 2 4 3 2 1 2 3 2 1 3 2 1 1 72 2 1 1 1 4 3 88 5 9 2 5 4 1 1 1 2 1 1 1 2 2 4 1 361 1 2 1 3 1 3 1 2 1 1 15 3 2 5 1 2 14 49 1 1 1 1 1 2 4 2 2 1 1 5 11 2 21 2 1 1 29 4 2 2 1 1 47 4 3 3 3 18 2 4 2 1 2 8 8 4 1 1 16 2 1 1 1 4 1 40 2 1 4 1 14 2 1 57 6 1 37 1 7 1 1 8 3 2 2 1 3 20 2 1 12 205 2 2 5 1 3 1 13 3 2
11 2 61 1 3 2 2 21 1 23 1 1 1 2 2 1 4 1 2 2 1 8 1 13 4 2 2 4 9 3 1 1 11 1 3 18 2 1 60 2 1 3 5 1 1 8 1 5 3 1 1 3 16 1 1 2 6 3 2 2 3 2 10 4 3 4 2 4 15 5 2 1 3 1 7 6 35 1 1 2 3 5 3 2 3 9 1 8 2 4 1 5 1 1 1 4 5 1 1 2 1 1 1 1 3 57 5 2 2 8 2 13 1 2 1 5 2 2 2 1 10 4 6 19 1 21 5 2 1 1 7 2 6 7 2 1 1 1 1 1 9 2 1 21 1 2 1 1 42 2 11 2 3 2 1 2 1 1 1 2 7 1 9 1 2 1 30 1 1 3 63 4 3 1 13 3 6 5 2 19 1 4 90 1 1 5 4 20 1 1 20 3 14 2 4 16 2 1 2 4
3 1 1 1 5 1 87 2 6 1 2 9 1 2 2 1 4 2 1 2 1 1 1 1 1 2 1 2 1 55 1 2 1 2 2 2 2 2 3 54 1 2 1 4 42 3 6 2 1 1 2 2 2 2 2 1 1 1 3 1 3 1 4 2 16 3 4 5 2 6 1 4 1 3 3 5 1 2 1 2 25 1 6 4 3 3 1 17 1 1 10 3 17 1 2 4 1 3 1 2 3 2 3 1 1 1 1 3 1 1 1 1 12 4 1 3 10 4 2 2 3 96 6 1 2 1 2 2 3 1 1 10 6 10 7 11 1 5 1 6 3 3 2 3 3 15 1 3 1 1 33 6 3 3 1 4 138 1 5 1 3 4 52 2 2 1 1 1 2 1 4 2 4 2 7 1 1 1 1 2 4 4 2 1 1 3 1 2 2 46 2 2 6 1 3 2 1 7 1 34
2 1 5 1 14 3 4 1 2 4 1 1 2 47 5 3 2 8 2 1 2 1 3 1 4 56 2 2 5 1 2 2 25 3 43 5 2 2 4 4 3 1 2 9 1 26 4 2 2 5 2 1 17 2 2 1 1 1 1 1 4 333 5 1 1 4 6 1 2 2 4 31 1 4 2 2 2 2 1 1 3 3 3 2 4 1 1 7 8 15 3 2 1 1 1 2 2 1 2 12 1 1 4 3 1 3 1 12 1 29 2 1 3 2 1 3 2 1 1 15 16 2 3 1 1 1 5 208 12 1 9 1 2 2 2 1 2 91 6 3 2 6 1 3 11 15 2 1 2 1 1 2 6 2 1 4 1 6 6 9 1 5 37 2 3 2 3 2 2 4 1 1 1 6 2 1 17 1 2 1 2 2 1 3 22 1 6 1 24 3 80 3 2 2 2 3 1 22 2 1
2 1 1 2 5 5 1 1 1 275 2 3 2 2 1 41 1 3 3 1 3 1 2 70 2 35 1 1 1 1 1 2 8 3 2 2 6 4 3 4 49 1 2 1 2 3 3 1 322 4 2 2 10 1 1 2 2 1 2 20 2 3 2 4 2 4 1 1 7 1 2 3 6 7 2 2 1 9 1 2 2 1 1 1 64 2 3 6 3 3 1 5 1 1 2 2 7 4 2 3 7 2 5 3 7 3 13 1 1 15 1 3 11 2 2 2 1 3 8 7 2 2 1 12 3 1 2 55 2 2 3 4 1 2 12 1 3 13 2 3 2 2 2 1 2 3 1 21 4 5 2 2 3 1 9 1 2 8 1 1 18 3 3 1 1 4 3 4 3 2 2 3 1 4 2 1 2 3 1 1 2 1 2 5 1 13 2 6 2 1 1 1 3 1 2 3 2 4 1 2
1 2 2 2 5 6 7 5 2 1 2 7 3 1 1 1 1 2 9 2 1 5 2 3 1 2 3 2 2 2 6 6 1 1 2 2 4 3 1 9 16 1 2 2 3 4 1 2 1 1 2 2 1 1 2 1 4 9 25 1 1 1 1 7 2 1 2 1 1 1 11 1 6 2 3 1 1 1 3 2 2 2 1 2 3 1 2 2 8 3 15 5 1 1 1 2 2 7 1 1 1 1 2 2 1 1 1 1 4 2 2 3 20 1 2 8 2 2 10 3 2 2 2 1 2 2 1 1 1 2 26 11 5 6 2 19 4 1 2 2 4 28 9 1 26 3 19 2 5 1 3 2 15 10 2 13 1 3 1 2 2 1 8 1 5 1 2 70 2 1 2 2 142 1 2 1 3 10 23 2 3 1 1 1 1 3 2 16 2 30 2 1 2 1 2 3 1 1 8 13
2 2 2 1 3 16 2 47 6 2 1 1 1 2 2 2 4 4 2 1 2 2 2 1 2 1 5 7 2 2 1 1 2 1 3 1 6 2 1 1 3 2 1 1 2 2 2 4 3 1 16 1 1 6 1 5 5 2 1 1 1 12 2 2 5 379 1 2 2 1 3 2 7 8 2 2 1 2 1 5 1 4 5 2 56 4 1 2 14 2 2 1 6 1 11 9 5 5 1 2 4 28 16 2 2 10 8 2 2 1 10 2 3 5 2 2 1 5 1 7 1 3 3 3 11 1 3 1 2 5 3 2 1 2 7 9 1 1 29 26 1 4 3 3 2 2 3 1 2 1 4 1 1 1 5 5 1 1 2 2 37 1 1 3 2 2 2 1 2 2 2 2 3 1 1 2 1 1 1 2 2 3 4 4 5 4 2 4 1 6 2 3 3 1 14 1 39 3 1 10
1 4 18 4 1 1 4 1 1 2 2 4 5 1 1 17 5 4 7 5 2 25 2 1 4 2 4 1 20 2 3 2 1 1 1 7 3 1 2 2 2 2 2 1 1 6 17 1 21 2 1 3 1 1 1 1 1 2 1 1 1 174 1 3 3 2 5 2 2 2 3 4 3 8 1 1 2 3 1 2 45 3 3 2 1 2 8 2 75 1 1 1 6 3 2 6 3 2 91 11 8 2 166 20 3 2 3 6 2 6 20 2 1 1 3 29 1 1 2 258 4 4 1 1 9 3 2 1 2 16 1 1 1 2 2 2 1 4 1 1 3 5 12 2 121 14 1 1 1 2 3 2 2 18 1 2 2 18 1 2 8 25 9 5 1 1 5 1 1 1 2 1 3 38 1 1 31 1 1 6 2 4 2 6 1 2 3 1 2 2 3 1 15 1 1 1 1 34 4 5
7 5 7 2 6 10 4 2 27 3 4 2 21 3 2 3 1 1 4 1 7 3 30 1 1 6 7 1 1 2 1 2 2 70 1 1 1 1 2 3 1 19 25 1 2 1 3 1 22 3 18 4 4 45 5 2 2 2 2 9 6 2 4 1 11 2 2 4 1 3 3 1 1 6 16 4 2 24 4 6 9 1 1 2 1 2 6 1 36 4 2 99 3 2 2 4 2 1 10 1 3 1 4 2 1 2 11 2 2 3 2 7 2 1 3 7 2 1 8 14 1 2 1 8 41 1 1 1 2 2 1 2 3 6 1 2 8 1 1 1 2 18 2 1 5 1 2 1 3 1 10 7 2 10 2 4 4 13 1 2 4 3 3 1 1 4 4 3 37 1 2 1 11 1 1 7 1 1 1 2 1 1 4 2 4 6 6 5 125 2 1 5 3 2 1 3 3 2 1 1
1 1 5 1 4 2 2 3 1 2 4 5 2 1 2 1 3 1 2 4 6 2 25 3 3 17 2 3 97 4 1 1 1 13 1 8 1 3 2 8 2 1 2 3 1 4 3 15 2 1 3 2 2 3 2 3 1 2 1 2 3 2 2 3 1 1 1 3 1 8 1 1 1 1 5 3 2 6 1 1 2 1 1 1 9 20 2 1 9 6 4 1 2 4 1 4 8 1 1 1 9 2 3 2 1 2 14 1 2 2 4 4 2 3 1 1 1 1 1 2 1 1 22 5 1 2 1 9 1 2 199 1 1 6 2 5 1 1 2 1 2 7 1 1 1 2 1 36 3 1 1 3 6 1 1 4 2 9 1 2 2 6 5 3 83 19 4 6 1 1 14 2 3 16 10 7 2 1 1 3 1 2 2 7 8 2 2 2 6 10 1 1 2 2 2 2 1 3 2 1
11 3 2 1 1 1 1 2 1 1 4 3 1 3 2 1 2 43 1 3 14 2 2 1 1 2 1 2 1 1 6 30 4 2 2 3 11 4 4 1 2 1 3 2 1 1 4 5 13 4 4 1 35 2 21 2 2 251 4 2 3 2 2 1 1 2 1 1 1 2 2 2 16 22 1 2 2 5 2 2 1 1 2 2 2 2 1 1 2 31 1 17 4 2 2 2 1 1 2 1 1 2 2 3 19 18 9 4 2 84 8 3 3 1 3 3 1 1 1 1 2 1 2 1 7 1 36 2 2 1 1 6 11 13 2 3 11 3 1 2 10 5 1 1 2 7 1 1 4 2 2 8 3 1 1 2 5 23 2 2 3 1 1 1 2 6 2 4 2 6 2 2 1 1 1 1 1 9 2 22 3 3 1 4 2 1 1 1 1 1 2 16 5 2 2 1 2 4 2 2
39 2 2 4 2 1 1 3 2 3 1 5 1 3 2 36 2 2 1 4 1 2 1 9 1 1 1 5 2 2 2 2 1 3 3 2 2 3 3 2 2 1 1 2 153 5 2 2 2 2 2 1 2 4 1 7 1 1 4 7 1 9 75 1 2 5 2 8 1 1 2 2 3 3 1 2 10 1 27 1 2 7 67 1 3 2 7 1 10 42 2 1 2 2 17 7 2 4 1 1 1 10 2 5 1 1 2 2 2 1 5 1 5 1 231 2 1 1 14 1 1 8 3 1 2 4 1 3 3 3 3 1 3 4 1 2 27 1 3 25 3 1 2 4 6 1 1 2 1 1 1 1 5 1 6 9 2 1 1 2 2 19 415 5 2 1 1 5 262 1 4 3 1 6 6 1 2 1 5 2 1 2 2 2 6 4 3 1 1 1 2 3 1 1 3 2 6 1 5 1
1 3 20 6 1 1 3 3 1 3 1 4 1 8 2 1 2 9 2 9 1 26 3 3 50 2 1 1 1 8 1 2 1 1 1 1 6 2 2 1 1 44 8 2 2 14 1 2 1 4 1 1 1 4 1 36 3 1 2 2 1 5 1 14 6 4 9 17 50 1 2 1 20 1 3 3 16 3 1 50 1 2 2 2 30 1 1 4 2 2 1 3 1 2 182 1 9 3 4 7 2 2 2 1 52 2 2 3 4 3 6 1 2 1 11 10 3 2 1 1 3 2 2 4 2 4 1 28 2 17 2 1 1 1 68 1 4 2 6 2 1 12 2 12 1 4 2 3 1 42 21 2 1 3 1 13 2 54 1 107 3 1 1 5 1 3 13 33 2 9 1 2 1 1 7 1 2 5 1 1 5 1 1 7 1 18 1 4 2 1 1 1 2 3 1 4 1 1 1 2
10 1 1 2 3 2 1 2 1 1 1 2 1 5 4 1 4 2 1 7 1 1 9 2 1 1 3 3 57 3 1 3 10 3 26 5 2 13 1 4 2 1 1 1 4 1 108 1 12 36 2 6 2 2 6 1 1 1 2 12 2 1 1 2 7 2 2 1 2 1 2 4 3 2 21 3 21 3 1 2 2 2 1 1 12 5 1 2 1 5 6 2 2 2 1 7 1 65 2 2 4 2 2 2 3 2 3 10 1 125 2 1 7 3 8 4 1 3 2 1 2 3 20 2 1 1 1 3 10 2 1 7 25 4 12 1 3 2 33 4 13 1 4 2 4 11 2 2 1 1 24 1 2 2 1 1 1 4 1 2 1 5 1 46 1 6 1 1 2 1 1 2 2 2 1 2 7 1 2 1 1 1 1 3 9 1 1 1 1 13 1 2 1 3 3 1 2 4 2 1
2 3 1 1 2 1 268 1 2 86 3 30 3 2 2 1 4 1 1 1 14 1 1 3 7 3 1 3 1 3 2 3 2 2 2 1 2 2 1 2 1 1 6 7 1 2 1 15 2 4 2 3 8 6 2 1 1 2 15 1 5 1 1 2 23 5 1 13 2 5 1 2 2 1 5 14 1 5 1 1 4 2 2 7 2 1 2 2 2 1 18 21 2 1 2 9 1 2 1 4 4 1 24 3 2 2 3 1 7 17 1 4 2 1 6 1 2 8 5 4 1 1 11 33 3 1 1 5 1 2 2 2 4 1 1 2 3 2 1 11 1 2 2 4 2 4 3 2 6 1 5 1 4 6 93 8 1 6 2 1 5 2 1 3 2 1 2 2 1 1 1 1 1 1 1 4 2 1 3 1 1 1 2 2 4 124 2 2 4 1 2 2 1 1 1 2 3 2 1 1
2 6 3 7 3 2 10 2 1 3 1 3 2 1 2 10 1 3 1 1 3 2 1 4 12 1 1 1 3 16 2 18 1 3 8 1 3 2 3 12 7 5 1 2 1 1 3 1 1 2 2 3 16 3 7 2 6 2 1 5 6 3 5 1 17 2 1 2 2 2 44 1 1 15 2 4 2 2 5 21 1 1 2 3 1 9 1 1 11 2 2 1 1 1 3 1 1 2 2 2 1 2 3 2 4 3 1 6 7 2 3 47 2 3 6 1 2 1 1 1 6 3 1 1 4 1 2 1 3 1 1 2 4 1 2 1 2 2 2 2 2 2 44 1 13 5 24 1 2 3 4 2 4 2 107 2 1 1 1 3 2 15 2 2 1 2 1 1 57 4 7 6 2 15 3 4 2 9 65 6 11 23 4 5 2 1 14 1 3 1 1 3 1 7 2 13 33 3 2 2
2 2 4 4 2 2 1 8 2 1 3 4 60 2 1 11 6 2 15 1 1 4 12 1 2 1 1 3 4 3 1 5 9 3 1 15 2 2 2 8 2 2 3 3 2 2 4 1 13 2 5 8 2 2 1 1 2 1 2 42 4 1 1 5 1 3 1 1 2 1 1 20 1 3 2 49 1 2 4 3 1 1 2 3 15 1 2 1 2 3 4 2 11 1 1 1 3 2 1 1 3 4 2 2 1 2 1 11 1 2 35 2 9 2 2 2 1 3 3 3 2 1 1 2 6 1 2 5 15 21 1 1 2 4 3 30 15 3 3 2 4 1 3 5 2 1 2 3 1 7 4 1 13 7 4 1 42 15 1 2 1 2 2 2 1 8 5 1 27 4 1 2 2 1 1 1 4 2 1 5 11 1 187 4 1 2 2 1 4 28 4 2 4 3 59 8 1 1 1 3
1 7 1 2 1 7 2 2 5 2 9 2 2 2 1 1 6 1 4 23 1 1 1 1 2 2 6 2 2 1 4 1 1 1 1 3 2 2 1 1 4 2 1 1 9 1 8 1 11 7 4 203 1 2 1 2 2 6 6 13 1 1 60 2 1 2 1 2 1 24 18 2 3 2 12 1 2 3 13 1 314 1 1 4 1 2 2 2 1 2 19 2 2 1 1 1 2 2 2 1 2 2 1 5 24 2 17 13 1 11 16 1 64 3 1 2 1 1 1 1 2 2 2 5 2 24 1 22 5 1 1 110 7 2 2 34 7 3 9 2 23 1 3 3 1 8 1 5 2 1 6 1 2 5 3 2 5 3 3 4 3 4 3 60 9 2 1 7 3 20 4 1 2 1 1 5 1 12 10 3 15 1 2 8 1 5 1 2 2 1 3 2 2 6 5 2 1 176 3 2
2 3 11 1 4 1 2 2 9 2 1 6 2 1 3 1 4 1 1 1 2 1 2 331 4 3 5 3 1 2 3 4 4 1 6 1 3 5 2 1 1 10 1 1 4 4 2 5 13 2 3 5 1 2 1 2 1 2 3 1 1 3 1 1 1 1 6 6 1 2 9 3 2 4 3 2 3 4 1 2 3 5 2 7 19 1 5 3 2 1 1 8 1 8 1 1 6 3 5 4 4 1 1 2 1 5 2 1 7 1 2 2 1 4 1 27 5 2 1 10 2 2 2 6 2 1 1 4 2 1 1 1 1 1 3 8 1 1 2 5 2 3 2 1 1 7 2 1 9 3 1 2 2 1 2 3 1 2 4 1 1 2 1 5 2 2 3 1 1 4 7 2 34 3 24 2 1 4 2 1 6 5 6 2 4 4 3 2 12 10 3 1 1 30 1 1 1 10 2 5
3 2 1 2 7 25 3 3 2 2 11 5 1 26 5 1 1 3 2 5 2 9 1 2 28 1 2 2 1 1 2 1 13 4 14 2 4 1 2 1 4 2 2 1 1 2 2 3 2 2 2 1 2 21 8 5 1 2 1 1 3 4 2 3 3 1 3 1 3 3 9 2 2 19 2 3 1 44 1 1 4 6 3 2 1 2 1 1 3 1 1 3 1 2 1 1 1 2 1 1 3 4 2 2 1 3 2 3 5 2 2 13 2 1 2 2 1 1 2 3 2 2 4 2 3 1 14 1 2 2 8 2 1 2 5 1 3 1 4 1 9 1 3 111 3 1 6 3 6 29 2 2 2 17 7 2 5 1 2 2 6 6 1 4 3 2 11 1 13 30 2 17 9 4 4 1 2 2 1 5 3 8 1 1 1 1 3 1 1 3 4 1 6 1 2 2 3 2 2 1
2 3 1 1 1 5 1 1 1 1 6 1 8 2 4 2 2 1 2 2 1 2 2 2 1 14 2 7 12 1 3 15 1 2 3 4 3 3 2 94 4 3 2 1 1 1 16 15 1 3 2 1 2 1 9 2 9 1 3 11 2 10 2 1 2 1 4 1 1 5 3 4 3 1 2 28 4 13 3 1 1 1 2 1 2 2 2 6 1 1 1 2 1 5 2 1 1 1 7 2 1 3 2 13 2 1 2 4 2 3 1 2 3 1 11 1 4 3 1 1 4 17 2 1 8 2 366 1 1 8 3 2 1 3 6 1 5 8 2 2 10 1 1 1 1 6 11 2 1 1 17 6 2 2 16 23 1 1 4 1 2 12 1 1 1 1 3 2 4 1 1 3 1 17 1 2 2 1 2 2 1 1 2 38 5 2 1 2 2 1 3 2 4 1 2 2 4 3 2 2
1 2 13 1 2 15 3 1 4 3 1 1 2 4 1 5 20 4 7 1 2 1 3 2 4 1 2 2 1 1 1 5 145 7 2 5 16 1 1 1 1 8 7 2 2 2 4 1 1 6 2 1 4 2 1 2 2 1 3 172 2 4 1 1 7 3 71 2 3 6 2 3 1 1 5 4 2 1 3 3 1 6 1 1 5 1 2 1 2 1 2 1 2 1 12 2 2 3 1 1 5 1 3 2 1 2 3 2 3 1 6 12 3 2 2 3 1 3 2 8 1 1 2 4 1 1 2 1 2 2 1 1 1 2 2 2 4 5 1 5 2 1 1 1 15 8 2 1 2 2 2 2 1 3 2 4 2 1 8 1 1 3 2 1 2 2 2 1 1 4 8 28 1 1 17 1 1 2 2 1 1 4 3 1 2 1 1 3 2 2 4 13 13 2 6 1 4 11 1 2
3 2 5 9 1 3 1 2 1 2 8 2 4 1 1 5 10 2 2 1 4 1 2 18 5 2 3 1 6 3 2 1 2 1 2 2 29 5 47 43 3 5 2 2 4 1 2 1 4 9 3 2 2 2 2 1 2 2 1 6 1 21 12 3 1 2 1 26 3 7 1 1 2 1 1 2 1 7 1 12 3 4 3 2 1 3 5 4 2 2 2 4 5 97 1 2 5 2 6 1 4 2 1 5 8 3 3 2 2 7 2 1 2 1 2 4 1 13 1 2 10 2 1 3 1 2 1 2 1 2 2 2 1 2 3 2 2 6 10 4 2 1 2 2 1 3 24 2 1 1 9 1 2 2 2 1 1 1 2 3 1 1 13 1 243 1 1 1 4 2 3 22 1 10 1 1 5 7 82 2 65 2 1 24 3 3 27 6 3 2 2 1 2 1 2 2 7 1 1 5
36 1 6 2 1 2 40 4 5 1 15 3 1 1 2 2 1 4 2 7 2 1 3 2 2 17 2 5 9 2 3 4 14 2 2 1 2 10 1 4 2 3 1 4 103 1 3 4 6 1 2 10 1 2 2 2 15 1 1 2 2 1 1 1 1 3 19 1 10 1 1 3 1 2 1 3 1 2 8 1 2 7 2 1 3 33 1 3 6 2 3 2 18 5 1 8 1 4 13 2 3 1 1 2 5 4 8 3 1 2 2 1 1 2 2 2 1 2 25 1 2 1 2 2 2 2 5 7 1 2 1 2 1 4 1 1 2 4 3 1 24 1 1 1 1 2 55 1 16 3 2 14 1 1 5 1 3 3 1 6 2 1 1 1 1 2 5 1 16 10 7 1 1 2 1 5 2 3 1 1 3 3 2 2 2 12 1 2 2 1 1 2 1 1 1 1 10 151 4 4
1 1 2 1 1 1 3 3 4 2 14 5 1 3 2 1 1 25 1 3 3 10 2 2 3 3 1 2 2 2 3 14 3 6 2 2 1 14 1 3 3 1 5 2 1 4 1 2 2 1 12 2 1 5 1 7 2 46 1 1 2 23 24 1 3 2 1 3 1 8 6 34 1 1 8 3 1 13 5 1 2 4 14 4 4 1 4 4 4 1 2 1 2 1 1 2 1 1 1 1 5 11 1 22 7 1 7 1 8 6 17 1 1 18 2 3 1 3 2 1 1 4 1 1 2 1 2 3 3 2 1 2 2 2 4 2 1 3 1 2 4 2 6 5 2 4 13 1 38 2 2 3 1 2 1 7 2 3 1 3 1 1 2 2 6 1 19 2 1 13 2 3 1 2 2 2 2 1 4 2 1 2 1 1 11 3 1 20 1 2 2 1 1 1 1 1 9 2 12 3
4 2 1 8 9 13 3 2 11 4 6 2 1 1 1 3 1 2 3 6 2 2 4 1 12 1 3 13 2 3 3 1 1 4 19 1 1 4 21 2 5 2 1 7 1 1 2 4 3 5 1 2 3 3 9 6 2 17 2 1 2 1 1 4 1 14 1 22 1 1 3 10 4 2 3 38 1 27 2 3 2 1 2 24 10 9 2 1 4 2 9 1 3 3 4 1 4 2 9 10 2 2 1 2 1 3 1 3 3 4 29 2 1 1 1 4 1 2 73 2 1 1 2 8 2 3 1 1 2 2 4 2 2 15 2 2 1 2 21 1 4 2 1 1 7 2 2 1 2 4 3 15 1 2 1 3 1 1 1 9 3 1 1 1 4 6 1 2 2 4 3 2 3 1 3 1 2 2 4 1 1 1 1 1 2 2 1 2 1 1 88 2 1 2 2 2 2 5 1 21
3 1 1 11 17 4 4 1 1 1 1 1 7 1 12 26 426 25 1 2 1 2 2 1 1 1 1 9 1 4 4 3 2 1 1 3 1 1 2 1 2 1 8 2 6 2 2 1 3 8 3 74 22 3 2 7 3 4 2 3 1 1 3 2 1 2 2 6 3 3 1 2 1 1 2 3 3 2 1 2 4 18 3 1 1 1 5 7 3 2 1 5 1 2 3 7 1 1 13 2 1 1 2 4 2 1 2 1 2 1 2 6 1 2 1 2 1 1 1 1 2 2 1 1 2 2 5 19 1 1 7 2 49 5 2 1 11 2 1 1 3 1 5 1 1 3 1 38 1 1 7 2 1 2 1 1 7 2 2 2 8 2 1 28 1 1 9 6 5 2 2 1 1 1 2 1 1 4 1 2 5 3 12 5 8 2 2 4 2 2 3 1 3 1 2 12 1 25 24 1
2 5 23 1 90 3 2 2 38 2 14 1 4 2 10 51 2 1 3 3 5 5 6 1 4 7 1 1 2 1 5 1 3 2 1 2 1 1 2 4 6 1 2 2 2 1 1 3 3 2 3 1 9 15 1 3 2 10 1 2 3 7 4 2 2 5 1 2 16 7 2 2 1 20 2 2 3 1 1 2 4 3 3 10 2 4 1 1 5 1 1 17 2 6 1 18 3 2 1 1 2 1 3 3 5 14 2 1 1 2 3 11 2 1 4 1 2 13 7 1 1 3 1 1 1 4 3 3 4 1 2 6 2 1 3 1 2 2 3 2 4 2 15 3 2 1 7 2 1 3 1 2 5 1 27 2 2 3 11 1 1 1 1 7 1 15 1 2 6 2 15 4 3 3 2 13 3 1 9 5 1 2 3 2 5 5 2 8 2 1 4 2 2 1 10 2 10 2 1 1
1 3 5 1 1 1 1 2 8 1 21 4 12 3 1 6 2 1 2 3 1 2 2 6 3 3 12 166 2 2 2 1 1 2 1 1 3 2 2 1 3 3 1 1 2 1 7 2 6 4 6 4 3 1 1 3 1 1 1 3 1 5 2 3 2 1 1 1 3 1 7 2 2 5 6 2 1 3 4 1 3 4 2 2 5 2 17 1 1 2 5 1 3 1 1 1 1 3 1 7 8 4 1 1 2 4 9 1 9 3 2 2 1 3 3 4 2 1 2 11 2 1 1 3 9 1 1 3 3 2 5 19 3 3 3 5 1 8 1 4 1 5 17 5 1 2 1 2 4 7 2 2 1 11 5 1 1 2 3 1 2 2 2 1 2 2 6 30 1 1 77 1 1 2 1 2 2 2 3 1 1 1 1 5 1 2 11 2 1 5 1 1 4 3 2 11 2 1 2 1
5 3 7 5 1 4 3 2 4 1 2 16 7 1 2 1 3 2 1 1 3 2 1 3 1 1 62 2 1 1 1 1 1 7 20 5 1 3 12 1 2 346 15 1 2 2 1 1 2 1 5 2 1 15 2 1 3 15 6 4 4 1 2 2 2 1 15 2 1 10 2 7 2 117 1 1 3 3 18 37 3 2 2 6 1 14 5 3 1 1 16 2 3 2 2 1 1 4 3 3 2 1 18 36 1 1 1 1 1 1 45 118 1 6 3 2 2 3 1 2 1 3 3 1 2 1 2 1 1 3 2 269 1 2 1 2 1 5 3 4 1 4 1 2 1 4 4 3 2 1 4 3 1 11 4 4 1 1 7 2 5 2 3 1 1 20 2 2 43 18 1 2 1 1 6 2 1 1 32 1 2 2 4 5 2 3 2 2 2 2 3 2 1 2 11 6 2 1 3 17
1 1 1 1 1 3 3 1 2 2 5 1 1 1 24 3 1 2 3 1 3 2 3 62 2 1 3 1 4 2 1 2 2 1 2 6 93 1 12 2 5 15 1 2 1 8 3 10 1 2 3 6 6 1 1 3 1 1 2 2 4 2 2 2 1 1 24 2 1 2 1 2 2 9 2 1 2 1 2 2 6 2 47 3 4 4 24 3 7 6 2 1 4 5 3 4 2 5 10 2 1 57 2 1 89 2 3 1 3 1 2 1 29 1 6 10 2 1 9 1 1 68 1 2 3 2 1 3 4 9 1 2 2 3 1 11 1 1 3 2 5 2 2 2 1 1 4 2 2 2 2 3 1 1 2 1 1 7 2 2 2 1 1 1 2 2 9 1 145 1 1 6 1 7 73 1 1 100 4 1 26 10 2 3 2 1 5 6 1 110 6 2 4 53 3 2 3 4 10 2
1 1 1 12 5 28 1 1 2 5 4 1 3 2 2 19 1 2 1 3 2 1 11 3 8 1 2 5 2 2 2 1 2 3 2 2 1 2 1 2 2 153 1 3 2 2 2 1 2 1 1 1 5 2 2 1 2 1 2 1 1 4 1 7 5 2 2 2 2 1 1 3 1 1 1 1 2 2 2 2 1 9 2 15 2 2 1 2 1 1 1 2 6 1 5 1 11 1 11 9 5 1 1 5 5 2 1 3 21 3 4 1 5 2 2 1 1 5 1 4 25 3 2 1 2 19 6 1 3 3 3 1 1 2 1 6 4 2 9 2 3 5 2 1 1 2 92 7 1 3 2 163 2 15 1 2 6 15 4 1 2 15 3 1 1 1 11 4 6 2 2 2 1 1 1 1 1 1 2 122 4 1 5 3 2 1 4 18 2 1 1 1 7 4 24 1 1 6 9 2
2 1 2 1 3 2 2 4 5 10 1 2 3 1 2 2 3 2 1 1 2 2 2 1 2 4 1 1 1 2 2 1 2 2 3 59 40 5 2 2 2 1 1 6 1 9 1 14 1 2 2 1 1 1 2 3 2 2 1 1 3 1 1 81 7 1 1 11 2 2 2 4 2 1 4 2 6 4 6 2 1 253 1 2 2 21 6 1 4 3 8 1 1 2 1 2 1 2 1 4 4 6 2 1 2 1 1 5 1 1 1 2 1 1 2 2 8 2 14 56 2 6 1 1 2 2 3 2 8 6 1 3 1 1 6 6 2 1 1 7 1 32 48 4 2 3 2 144 1 37 4 2 2 4 3 46 8 1 2 3 3 7 2 1 3 85 2 2 2 1 1 1 36 2 3 1 1 4 2 2 1 1 2 25 5 3 2 4 221 2 1 2 1 2 1 25 8 2 2 1
43 4 4 1 3 56 1 2 2 2 19 1 2 5 1 6 3 2 9 2 3 65 1 4 1 4 1 2 1 8 5 3 1 2 1 4 1 2 3 2 13 3 1 8 9 3 1 2 4 47 2 1 2 7 1 3 4 8 1 2 2 2 6 44 1 2 8 2 2 3 8 2 1 2 1 337 4 1 3 3 8 12 2 4 3 1 8 1 1 3 2 10 6 1 2 1 1 3 3 1 34 1 3 18 1 15 1 1 2 18 2 1 2 6 32 11 4 1 7 2 1 3 2 2 1 23 1 2 2 1 1 1 1 1 1 1 2 36 2 1 1 2 2 3 2 3 1 3 3 3 3 3 100 6 2 3 1 2 3 6 3 2 10 222 4 2 1 1 2 2 1 2 2 1 25 2 1 2 2 1 2 8 3 3 1 16 2 1 2 4 6 1 2 20 50 2 2 7 4 2
3 2 1 1 8 8 2 1 1 1 2 1 3 2 71 2 1 3 1 10 8 1 2 1 7 103 17 2 3 1 3 7 3 3 1 1 2 2 1 1 2 4 3 2 2 1 1 1 2 2 1 1 2 2 3 5 1 2 2 12 4 3 5 2 1 138 5 3 2 1 2 3 8 2 1 1 1 2 1 3 3 3 2 2 6 8 1 2 1 5 6 1 2 122 1 1 2 2 5 1 7 8 2 1 1 2 1 8 5 1 1 5 2 27 1 11 2 2 67 2 1 2 2 1 1 2 1 3 8 3 1 3 1 1 2 1 3 2 4 1 3 1 2 2 8 2 1 14 1 2 1 2 5 1 2 4 2 11 18 4 2 5 1 3 3 2 3 3 3 2 2 6 3 2 2 1 3 1 13 1 1 4 2 1 4 2 3 1 11 16 2 1 1 1 1 1 1 2 4 3
2 1 1 2 4 1 6 1 5 2 3 1 1 3 2 8 1 7 1 7 5 6 2 1 2 13 2 2 6 2 2 3 1 2 1 2 24 4 3 2 2 11 3 1 3 7 1 3 5 6 12 2 1 5 1 2 3 1 8 20 2 2 1 7 1 7 1 33 6 1 1 3 2 5 2 1 2 5 5 1 1 7 3 5 2 2 4 1 2 5 2 2 30 1 2 17 5 3 1 2 2 1 1 43 3 29 29 3 3 4 3 3 2 1 1 2 2 3 1 6 3 2 3 2 9 3 14 4 4 49 9 1 9 12 1 6 5 1 2 3 8 6 4 4 1 1 1 1 2 2 1 2 2 2 1 1 2 2 2 2 2 10 1 1 1 26 10 1 1 2 4 1 14 2 1 2 1 2 2 3 17 2 1 4 2 6 1 1 3 6 3 2 1 12 1 231 3 1 1 6
1 1 1 1 1 2 2 1 19 2 1 1 3 2 1 6 3 2 5 3 2 3 2 4 39 2 18 2 2 4 3 4 2 3 19 1 1 1 10 3 1 57 2 3 1 3 2 6 1 1 39 1 1 1 2 1 1 3 2 11 8 4 79 2 3 1 6 1 19 3 179 1 2 2 1 1 12 3 3 3 6 4 2 1 2 1 1 1 236 1 1 83 3 1 1 5 1 5 25 1 3 2 1 2 5 2 1 7 1 1 1 24 5 1 2 34 2 1 35 1 1 28 2 2 1 2 2 7 2 1 2 3 22 1 8 1 1 3 5 4 3 2 2 2 2 3 7 2 3 1 4 4 1 3 2 2 5 1 1 4 4 6 5 4 2 3 2 3 2 5 5 8 5 4 2 2 12 2 1 10 1 3 1 5 5 29 1 2 81 3 2 1 2 2 8 10 12 2 2 2
1 1 1 10 1 4 16 1 10 1 1 2 9 5 3 4 3 1 2 2 1 3 2 4 27 11 1 1 4 1 3 1 2 1 6 70 144 1 8 2 2 2 5 1 2 4 2 3 1 1 3 2 5 1 2 9 1 1 16 1 1 1 1 1 1 8 11 4 2 1 8 3 1 2 2 6 4 1 24 6 5 7 1 2 2 2 1 2 1 2 1 5 4 9 1 1 1 3 5 2 1 1 1 79 6 2 2 3 1 1 5 16 3 2 2 3 1 2 2 2 4 2 10 2 51 2 3 1 66 2 4 12 3 5 312 4 1 3 2 1 1 5 1 1 2 1 3 1 6 22 1 1 2 2 1 1 2 3 4 3 3 1 5 15 6 23 5 32 6 2 2 1 1 15 1 1 1 1 3 1 3 2 4 2 3 2 1 2 2 1 1 34 5 2 8 1 4 16 2 2
1 4 1 2 4 1 1 5 9 1 2 6 3 1 3 10 3 2 1 3 1 2 139 1 32 4 3 1 23 9 21 1 2 2 2 1 2 2 2 7 2 1 2 2 1 1 1 3 3 2 2 1 8 6 1 3 1 2 2 3 6 4 3 3 3 7 3 1 2 2 2 2 1 1 2 2 2 2 1 1 2 3 5 2 1 44 1 1 1 1 14 2 4 3 3 2 1 4 1 1 4 1 1 2 4 63 3 3 2 1 2 2 4 2 1 7 2 4 2 1 3 2 3 2 6 2 1 1 2 2 2 2 2 1 10 5 2 1 2 5 4 1 3 2 7 2 3 1 1 1 2 8 3 1 2 6 2 1 2 28 1 1 2 2 35 3 3 1 1 2 25 1 1 2 2 3 13 2 1 1 2 22 23 1 8 1 2 71 1 1 10 8 3 2 2 3 3 4 1 1
2 2 5 2 2 1 3 8 157 1 2 2 1 24 1 1 3 23 2 1 5 3 1 2 3 2 1 2 44 3 2 5 3 26 1 2 4 55 1 2 4 1 3 3 4 2 1 1 2 2 2 8 1 2 3 12 3 8 1 3 1 3 1 4 3 2 6 6 7 6 2 1 1 1 4 2 1 13 1 3 2 2 4 1 1 1 2 7 5 1 1 26 7 1 1 12 2 1 1 6 1 1 1 3 3 3 2 7 73 9 1 1 2 1 14 1 2 112 3 1 3 1 5 1 9 2 24 15 1 25 2 2 1 5 7 2 2 9 2 3 5 3 144 3 3 6 2 2 1 1 2 6 3 1 4 1 3 3 1 15 2 2 3 1 4 4 1 2 1 2 3 2 4 9 1 4 1 1 1 4 2 79 1 6 1 3 111 3 36 3 1 2 1 3 196 1 3 2 1 2
2 1 2 7 1 1 1 10 3 2 4 1 1 2 2 5 3 2 5 1 2 2 2 8 2 1 2 1 2 2 2 6 2 1 1 27 1 1 2 2 2 4 1 4 2 2 2 2 1 13 2 1 1 2 4 1 1 1 3 2 3 2 37 3 4 3 10 4 3 2 2 1 7 2 2 1 388 2 1 1 1 1 2 4 2 2 3 2 2 23 2 2 2 2 5 1 2 6 5 1 5 2 1 2 2 1 12 2 23 1 1 24 2 1 3 5 4 3 2 3 1 4 1 4 93 1 1 1 5 12 2 1 2 7 2 13 1 1 2 1 6 2 3 7 10 2 1 1 1 4 1 38 1 1 1 1 1 2 3 2 2 2 2 2 1 1 2 1 16 2 4 1 1 2 5 3 1 2 2 1 1 2 1 1 1 2 2 1 33 2 41 3 7 3 5 4 2 1 2 2
4 7 1 2 12 14 4 1 1 20 2 1 1 3 2 2 4 1 3 4 2 1 5 1 1 4 26 4 1 3 1 8 1 1 1 9 3 1 1 8 3 4 2 2 28 1 3 5 2 2 1 5 2 1 6 2 1 32 1 5 1 1 2 2 2 4 2 3 3 4 1 4 1 2 1 1 2 2 3 2 5 3 1 4 15 1 1 5 3 2 37 4 6 1 1 5 4 29 2 6 2 1 1 1 1 35 2 4 4 1 1 2 7 1 2 31 8 2 2 8 1 4 1 1 1 2 4 3 2 2 1 1 6 1 1 54 1 1 2 9 1 1 7 1 2 1 2 2 5 3 4 2 1 4 2 3 1 5 1 2 1 1 4 1 87 2 3 5 2 1 1 2 8 2 1 2 9 1 1 1 1 1 2 3 4 2 3 1 3 1 2 2 1 2 1 27 1 1 1 1
2 6 1 1 2 2 2 2 2 6 4 2 1 1 3 2 2 2 3 3 1 3 66 21 21 3 2 3 3 1 8 2 4 1 1 1 2 3 5 6 4 2 2 1 3 1 4 11 2 1 2 1 11 2 2 3 8 2 3 409 3 4 3 7 1 2 2 2 8 2 1 2 4 1 2 2 1 2 15 1 2 1 1 2 1 4 2 8 2 2 2 2 3 14 1 5 1 3 2 2 1 1 3 1 1 2 2 3 1 6 1 3 1 2 1 3 2 1 5 1 2 1 2 1 19 1 1 1 21 10 12 17 2 4 1 15 2 13 4 2 5 1 17 3 99 26 5 2 2 1 2 1 2 1 1 2 9 3 1 8 1 12 10 2 1 1 2 10 15 59 1 7 1 2 6 3 2 4 8 2 2 2 33 1 7 3 1 6 2 2 6 3 14 1 4 1 10 4 1 7
2 3 23 2 58 2 1 1 3 1 2 2 3 1 2 2 14 1 2 1 1 2 21 2 3 1 1 2 7 4 3 5 1 2 1 2 4 46 2 8 3 42 1 2 2 2 1 50 3 1 1 2 2 4 1 1 22 1 2 1 1 3 2 10 2 1 99 1 1 4 1 5 1 1 1 1 8 7 5 1 3 4 15 184 1 2 2 1 9 1 1 1 2 11 3 2 2 1 1 1 3 4 1 1 2 19 1 3 1 1 1 4 7 5 1 1 6 1 3 5 1 1 2 1 33 2 1 125 4 2 2 3 2 2 1 1 2 2 3 2 2 4 5 1 1 3 1 9 1 1 6 2 1 1 6 2 1 8 1 4 4 2 2 2 9 2 2 1 2 7 1 1 2 1 1 2 2 2 1 2 2 15 14 19 2 2 1 1 2 1 16 1 2 7 1 6 2 6 3 1
1 2 2 9 1 1 4 2 1 2 1 31 1 2 1 2 1 2 2 1 5 7 2 2 7 4 1 4 7 4 6 2 4 3 1 65 3 11 4 5 2 8 4 1 2 1 1 1 4 1 2 1 1 1 1 1 1 1 10 1 1 2 1 1 2 1 1 1 8 2 2 2 3 4 1 1 1 3 2 1 5 1 2 3 10 2 1 2 3 2 1 2 2 1 27 2 3 2 1 2 1 2 10 14 1 1 5 2 1 1 3 1 1 1 1 3 1 46 3 1 2 2 48 2 12 7 1 6 3 1 4 2 130 2 2 13 3 2 1 1 5 7 1 2 1 1 8 2 1 17 1 4 3 3 2 2 8 4 6 1 15 3 1 1 1 11 1 1 2 3 2 2 1 2 1 2 2 1 2 2 6 1 90 1 3 2 2 3 1 1 5 1 1 2 4 2 9 31 14 1
20 13 6 4 148 1 18 4 76 2 3 124 1 1 1 2 10 3 2 1 34 1 1 2 1 1 8 1 2 1 4 2 1 1 2 2 1 15 1 1 3 4 1 19 2 1 10 4 2 1 10 2 1 1 1 3 1 7 6 1 2 7 5 2 1 5 8 3 63 3 2 4 5 2 2 4 1 2 2 7 1 3 3 28 4 3 83 4 1 1 1 2 1 5 1 9 5 1 6 4 2 3 1 6 3 43 2 2 5 1 7 2 6 2 3 1 3 3 1 57 4 1 2 7 4 1 3 3 1 4 1 5 3 19 2 9 2 2 8 4 2 9 1 2 1 25 1 164 7 4 1 2 47 1 1 2 1 2 2 1 6 2 2 2 1 9 2 3 1 4 1 3 22 8 1 3 1 8 2 27 10 2 1 2 1 2 2 2 2 2 6 7 4 38 2 12 2 3 2 1
4 1 3 1 2 131 1 1 4 1 9 6 5 1 4 1 1 2 1 8 2 1 1 3 2 7 2 3 4 309 6 1 1 4 119 2 2 11 2 2 1 4 1 2 1 1 1 1 1 6 2 1 2 2 2 2 1 1 5 1 1 129 1 4 2 1 2 2 1 5 2 4 1 1 2 1 1 1 1 10 34 2 7 2 1 1 2 2 1 56 1 2 2 1 1 22 9 6 1 1 5 1 5 3 3 3 2 2 6 6 6 4 3 19 2 2 2 2 2 12 2 2 1 9 2 16 8 3 4 3 3 2 1 3 4 1 1 3 1 2 1 2 2 1 4 5 3 7 6 2 42 2 4 8 2 2 2 8 2 2 1 3 1 2 1 7 2 4 2 3 1 4 2 1 2 2 8 3 1 419 1 1 8 9 2 3 2 9 1 1 1 5 1 154 1 19 2 2 1 1
2 44 11 3 3 1 5 43 3 5 1 4 1 10 2 1 4 1 2 5 1 1 1 6 4 14 4 3 1 3 9 2 6 73 11 22 2 2 3 2 4 3 8 4 5 1 101 1 18 1 1 5 53 1 2 1 2 1 2 28 383 1 1 1 2 1 3 2 1 3 2 1 15 7 4 4 2 10 2 4 1 25 1 1 1 1 2 1 3 1 6 2 2 2 7 4 3 6 1 2 1 7 1 3 18 6 3 1 2 1 3 1 1 3 2 1 2 1 4 1 3 4 3 1 1 2 1 1 2 2 8 1 4 5 1 3 2 1 16 2 6 3 1 2 1 2 3 2 5 2 3 1 1 2 2 2 3 1 1 2 2 4 104 10 1 1 2 2 83 7 39 1 2 3 2 1 3 1 2 10 1 2 1 1 2 2 1 2 4 2 7 81 2 16 4 3 1 1 1 5
15 4 14 2 1 2 2 49 75 4 2 1 2 1 1 4 1 19 1 1 1 1 4 2 2 37 1 2 2 1 3 7 2 2 1 6 3 1 1 1 5 13 2 1 2 14 1 4 1 2 2 2 3 1 2 1 1 2 3 2 2 2 1 3 2 1 1 1 1 11 8 15 1 1 1 5 5 1 1 3 7 3 2 1 92 4 3 1 5 3 2 4 2 1 1 1 2 1 1 2 42 2 3 2 3 1 1 5 3 10 3 5 2 5 3 1 2 1 1 1 9 4 10 7 3 1 2 7 2 3 2 2 5 4 15 33 1 4 2 10 1 2 2 6 3 4 1 2 2 2 1 2 36 1 1 3 2 1 1 8 1 8 6 2 5 2 8 1 2 2 1 2 1 2 1 3 2 1 1 4 1 3 4 1 1 1 1 16 4 4 3 2 1 1 1 8 15 11 1 1
3 2 2 1 2 2 44 4 2 2 1 3 1 10 45 1 1 2 2 3 11 3 1 3 1 5 3 2 1 31 1 4 2 3 8 1 1 7 10 1 4 2 1 3 1 1 50 3 1 1 2 3 1 1 1 139 2 1 1 2 2 1 8 5 11 1 4 2 1 2 2 2 3 1 1 1 1 13 2 2 1 8 3 2 79 1 1 1 2 1 5 1 2 1 2 3 4 1 1 5 1 1 2 2 1 1 1 2 6 1 23 2 9 6 1 2 4 4 3 5 40 1 1 3 2 1 17 1 1 2 3 120 4 1 1 1 3 2 3 1 1 6 2 1 3 2 2 1 5 2 3 5 4 1 3 4 3 2 5 2 2 1 1 1 2 104 2 1 7 3 2 1 11 20 30 1 4 2 2 2 24 2 5 3 1 1 1 1 1 2 3 4 1 3 20 3 1 2 2 1
2 1 2 3 2 2 9 2 2 2 40 1 88 1 6 2 2 2 5 1 1 2 9 2 3 3 3 6 1 1 1 1 2 1 1 1 2 1 4 2 1 2 6 3 1 2 3 7 3 12 3 4 1 13 2 3 3 2 17 2 3 2 2 1 3 1 1 5 1 2 5 5 1 21 1 2 3 5 1 9 2 2 2 1 2 14 1 3 1 111 2 4 3 3 1 2 1 6 1 1 1 2 1 2 7 1 2 4 2 2 1 2 2 6 2 4 2 6 1 4 2 2 2 1 4 8 2 3 1 24 2 2 2 11 4 21 1 1 1 4 4 1 4 1 2 1 2 2 5 1 2 1 1 5 3 6 16 14 1 47 5 2 16 3 15 2 3 2 1 3 2 86 1 1 5 3 1 1 1 1 1 1 2 1 1 6 2 2 1 2 1 2 1 3 6 4 2 79 4 2
2 1 2 1 1 1 3 1 7 2 1 2 1 1 2 2 2 5 5 3 4 3 2 2 4 1 4 2 1 3 3 1 2 2 2 237 3 2 1 1 6 1 1 1 9 1 1 7 2 3 2 1 92 3 2 2 1 3 1 2 3 1 1 1 2 4 16 1 2 10 2 267 1 2 3 2 1 2 2 1 1 4 2 2 4 1 1 1 1 7 1 1 2 1 3 2 1 3 1 1 1 15 1 1 2 6 2 2 1 5 1 1 1 28 3 2 9 8 13 2 2 1 4 1 2 2 8 2 1 170 1 3 1 26 4 1 2 1 2 1 1 2 1 3 6 1 1 2 1 3 2 2 4 2 1 2 2 8 8 4 4 1 2 3 1 2 8 1 2 2 54 8 1 2 2 1 1 1 4 2 6 1 2 2 2 3 7 1 5 1 1 1 1 1 1 2 6 2 3 1
5 3 1 2 4 1 5 2 2 1 2 2 6 1 4 6 2 1 1 1 2 2 1 2 1 1 38 5 7 1 194 4 1 6 2 3 26 1 54 1 2 5 2 2 6 6 30 62 14 5 1 2 1 2 1 6 3 2 2 1 1 3 1 3 3 2 1 1 11 3 1 31 1 7 4 3 1 2 1 3 5 2 4 3 9 236 2 71 1 2 4 2 6 4 3 1 3 1 2 2 5 1 2 2 1 2 1 1 1 1 2 2 4 1 2 5 1 1 1 1 1 4 8 2 79 2 3 3 5 1 1 7 1 231 5 4 19 1 1 2 5 2 3 1 1 2 3 2 8 6 2 2 17 3 2 6 2 5 1 1 2 1 1 2 23 2 1 4 8 11 1 1 1 1 2 1 5 2 1 3 1 5 2 1 3 1 2 1 2 2 1 7 2 2 1 1 1 5 2 1
1 4 1 1 70 10 3 1 10 10 1 1 5 12 1 1 1 3 2 2 1 5 16 1 2 3 1 3 3 1 19 2 1 3 117 2 3 6 8 1 9 4 2 3 2 1 5 1 1 1 2 6 7 5 1 2 8 1 255 2 2 2 3 2 3 5 1 3 2 4 5 7 2 2 1 2 1 2 1 2 25 1 1 2 2 2 2 2 8 198 4 1 4 9 2 6 2 61 70 2 57 2 44 1 2 2 1 110 6 3 1 1 2 18 12 1 1 8 2 2 2 4 5 1 2 2 2 2 1 1 2 2 1 2 4 3 1 1 2 1 2 2 5 1 2 3 2 2 3 1 1 1 1 2 21 2 6 4 1 81 6 6 1 1 1 2 1 2 58 49 1 2 2 3 2 7 1 8 32 17 1 11 5 2 2 2 13 9 2 4 10 3 1 23 5 1 1 6 2 2
4 1 4 1 2 8 3 1 4 1 1 2 2 1 6 1 2 2 2 1 8 2 3 5 2 3 2 3 1 2 14 15 70 42 1 8 141 1 1 1 5 1 3 3 2 1 1 1 1 1 4 1 1 4 3 36 1 4 13 1 1 4 1 1 2 13 1 22 1 1 8 4 2 4 1 13 1 2 1 2 1 1 51 1 12 2 2 3 1 6 2 3 2 2 54 6 1 2 2 1 1 3 2 120 9 1 1 2 2 1 4 4 2 2 4 1 2 2 2 1 1 6 2 3 4 1 2 3 6 2 4 1 1 1 2 2 3 2 2 1 6 2 24 1 2 2 1 12 1 1 13 11 1 2 12 2 1 2 2 1 2 1 1 1 2 3 1 2 2 9 1 2 1 2 1 2 1 2 1 18 21 2 3 1 1 3 4 1 1 3 62 2 1 1 7 2 2 2 2 3
1 12 2 3 2 3 2 9 11 1 2 5 4 1 1 2 1 1 2 4 1 3 4 1 2 3 12 2 10 1 1 7 2 2 1 9 2 1 1 1 1 7 62 1 1 2 1 2 1 1 8 54 2 3 2 24 2 3 1 4 3 9 1 3 99 1 5 1 6 1 2 2 1 6 2 1 1 1 1 4 1 1 2 1 2 2 1 2 2 4 2 1 33 2 3 3 2 3 5 6 1 1 1 3 1 10 13 10 3 2 1 7 1 2 1 1 2 4 4 2 2 68 4 1 1 2 2 1 8 2 2 2 1 1 1 2 1 2 1 2 3 2 1 2 14 2 2 4 2 2 2 4 2 1 7 2 2 5 7 3 7 2 1 1 1 1 2 15 1 3 5 4 2 2 5 1 1 22 7 1 91 1 1 1 3 2 1 2 2 2 64 18 2 1 29 2 1 2 3 1
22 1 2 18 3 2 2 2 2 2 1 4 2 3 1 2 1 2 1 2 2 1 4 5 3 2 1 3 1 1 5 11 1 1 1 34 1 2 2 1 2 1 1 1 41 2 3 5 2 2 2 4 7 1 2 1 4 1 2 5 2 4 2 3 3 4 2 1 27 1 5 2 10 1 1 1 4 4 2 1 7 2 1 3 5 2 1 1 2 3 2 2 18 110 2 22 1 2 1 104 1 1 7 1 2 9 1 21 2 18 2 2 1 4 2 21 2 168 1 1 1 2 2 3 2 6 12 1 1 1 1 13 1 9 2 1 16 5 2 3 13 2 1 12 2 1 1 1 1 2 4 1 2 3 1 7 2 2 10 1 2 3 3 1 2 2 4 4 1 3 1 2 1 1 1 11 2 3 2 4 1 2 14 4 1 9 1 3 1 5 7 2 1 3 2 32 1 5 4 4
2 1 1 3 1 1 5 2 3 2 1 2 31 3 1 2 4 1 2 5 4 2 1 1 2 2 2 2 37 2 15 17 2 13 20 3 2 1 2 3 1 2 2 1 2 8 3 5 2 2 10 2 3 22 2 6 1 61 1 23 3 2 38 2 1 2 13 1 9 1 1 1 4 3 2 7 1 3 11 11 13 2 26 3 2 2 23 4 1 3 1 1 1 1 1 3 2 2 9 3 4 7 2 1 1 2 1 1 29 3 2 3 14 1 9 1 1 2 1 9 10 10 1 1 1 2 6 59 2 3 1 1 2 2 33 3 9 1 26 3 1 1 2 3 119 1 1 3 8 1 2 2 1 1 4 2 1 2 2 1 6 2 2 1 2 7 3 4 2 1 1 1 1 1 1 3 1 3 8 7 3 31 1 1 6 2 7 1 3 5 4 3 1 5 2 2 1 11 3 4
4 1 4 8 12 2 10 1 2 2 7 1 3 1 2 6 6 1 1 59 1 1 2 3 2 2 3 3 2 3 2 16 1 2 1 9 4 8 3 2 10 8 9 2 1 4 1 6 2 1 7 2 1 2 17 2 2 2 7 3 9 4 1 4 1 1 4 3 9 3 2 3 2 4 3 2 1 1 3 2 1 1 8 2 13 1 2 2 9 13 36 3 4 1 3 2 1 2 3 5 4 2 1 10 1 3 2 2 7 2 4 1 9 2 2 1 1 3 33 1 2 3 1 1 1 2 3 1 3 1 2 1 2 3 2 2 11 4 4 2 11 16 2 1 1 1 4 6 2 1 1 1 2 2 1 2 2 4 1 2 2 2 2 9 2 4 5 6 2 1 1 1 1 3 2 1 14 1 2 3 5 5 1 2 1 23 4 2 23 2 2 1 4 12 4 1 1 4 1 8
1 1 8 3 3 2 2 2 3 1 6 1 2 5 6 8 1 1 2 12 2 14 4 4 1 2 6 30 1 1 1 2 4 1 12 2 1 14 1 18 1 1 2 10 2 1 5 6 3 2 1 1 7 1 1 2 1 2 1 1 3 1 2 11 4 12 1 2 1 2 4 3 19 11 1 1 1 13 2 2 2 3 2 3 2 1 2 4 2 4 14 1 2 2 23 51 2 5 31 3 2 9 1 8 1 94 4 2 2 9 1 24 2 2 1 2 3 5 4 5 1 1 1 2 5 1 1 1 8 2 1 2 23 1 3 11 1 1 1 1 4 4 2 1 5 1 1 7 17 6 1 3 1 1 3 1 3 8 2 6 5 2 5 1 2 1 1 2 8 1 1 1 4 7 1 5 1 2 2 2 1 1 3 4 4 7 1 1 2 45 1 8 5 3 2 2 1 2 2 3
1 1 2 4 5 1 15 36 1 2 2 4 2 14 1 5 1 13 2 1 2 1 46 2 4 2 4 1 1 5 3 5 4 3 1 1 6 4 3 10 6 7 3 1 2 4 1 1 6 4 1 2 1 2 4 6 1 33 3 4 51 38 5 2 13 3 5 2 3 1 1 1 1 2 11 6 7 2 4 3 24 1 3 2 2 1 1 6 2 2 1 2 1 1 4 1 1 2 1 13 2 2 21 2 4 2 3 5 2 6 1 16 5 3 5 1 5 1 8 2 2 2 2 3 3 14 1 1 13 2 1 1 2 10 2 4 4 1 2 1 1 4 3 3 5 5 1 2 2 1 1 1 3 1 2 2 4 11 2 1 1 4 111 12 3 3 4 4 7 2 1 3 1 2 4 11 1 3 5 1 2 1 2 13 3 11 3 3 2 1 1 1 8 9 13 3 1 2 2 1
3 1 1 12 1 3 2 2 2 38 1 2 1 9 5 3 1 1 5 3 1 2 3 15 2 2 2 3 1 1 2 2 2 1 2 1 2 2 5 3 4 1 3 14 1 21 2 1 4 3 4 13 2 2 42 3 11 1 6 2 1 6 329 10 2 2 1 2 5 247 1 1 3 3 1 1 2 1 2 1 2 1 1 7 2 19 3 1 2 1 2 1 23 6 2 2 1 4 2 3 1 1 7 1 1 88 5 2 3 9 4 1 4 2 2 1 2 3 3 3 2 2 2 6 2 2 4 9 2 8 2 6 1 1 4 1 1 1 6 4 2 2 1 8 2 8 15 1 16 3 2 1 3 2 1 7 3 1 1 1 3 30 5 6 1 1 1 6 1 1 11 1 1 2 3 2 2 2 1 2 1 3 10 1 2 3 1 5 1 1 2 4 5 1 13 7 6 2 2 2
2 2 2 73 1 1 2 2 6 7 3 17 4 3 2 149 1 5 2 1 2 3 3 1 11 2 2 1 2 1 8 1 2 1 2 4 4 1 49 14 2 3 37 2 1 3 2 1 1 2 11 1 2 3 2 8 13 1 3 2 2 1 16 6 3 14 24 2 2 2 1 17 2 3 9 1 13 1 2 1 1 2 2 2 2 2 1 1 13 3 2 1 4 5 4 8 1 3 1 10 3 2 2 6 1 1 5 5 5 2 3 3 4 1 1 2 1 2 1 1 2 2 2 5 5 2 1 6 1 3 2 2 3 1 1 45 1 2 3 2 3 68 5 1 5 3 14 1 48 5 1 1 9 1 5 2 2 2 1 1 142 1 1 4 2 3 13 1 9 4 14 1 2 9 13 1 2 1 2 2 2 5 3 3 2 2 4 2 1 16 11 24 1 5 1 3 2 14 2 1
1 181 1 2 7 1 1 4 3 2 1 3 1 3 3 1 1 23 4 2 1 4 41 3 11 1 4 2 3 1 2 1 2 3 2 5 3 3 12 2 10 2 2 2 1 3 10 1 1 2 3 8 4 2 1 3 2 1 2 5 14 1 4 79 4 2 3 3 1 1 12 1 1 2 7 2 3 7 21 1 1 1 13 1 1 1 1 1 2 2 2 5 1 9 6 2 3 3 2 3 3 2 50 1 3 5 2 2 5 1 37 2 2 2 1 11 3 1 1 4 1 6 4 1 4 7 8 1 2 62 1 2 11 74 2 2 6 3 1 1 2 3 35 9 25 2 1 1 2 7 14 2 1 7 1 1 1 1 1 2 2 1 2 1 2 2 2 3 22 3 1 1 1 1 8 12 5 2 4 2 5 2 2 2 4 1 13 5 1 1 2 3 2 1 1 3 1 1 2 10
10 3 3 5 3 1 1 2 24 71 2 1 28 2 1 1 1 5 2 2 1 1 1 4 1 3 1 3 1 1 2 2 1 2 5 4 1 1 9 3 61 1 6 7 9 3 2 1 1 1 9 1 1 14 30 1 1 1 1 12 1 13 2 3 1 1 5 1 1 2 7 1 1 1 1 1 3 3 167 1 2 2 3 2 7 2 2 2 1 1 4 1 2 2 2 4 4 2 1 20 28 2 4 12 1 15 1 1 8 6 1 7 3 4 3 2 4 1 1 7 1 2 8 2 1 1 1 3 2 4 2 6 2 1 2 2 1 2 1 5 1 67 19 3 1 30 31 2 2 1 2 7 2 7 1 2 2 3 7 2 1 2 1 1 3 1 1 4 3 12 1 2 1 1 1 1 3 4 2 1 13 1 1 1 4 17 14 2 2 1 9 4 1 3 1 1 1 2 1 3
2 3 2 1 2 3 17 1 11 43 2 3 3 13 3 10 26 11 3 2 1 4 5 2 1 1 1 2 187 3 2 1 1 2 2 3 45 1 4 5 1 1 3 2 1 1 1 185 1 7 3 2 1 3 1 2 4 1 2 6 7 3 1 1 2 3 1 3 10 1 4 9 2 3 1 1 2 3 3 1 2 5 2 2 1 5 2 3 1 5 2 1 3 2 2 6 1 2 1 2 3 4 2 6 3 1 1 1 1 2 1 5 6 210 2 2 12 1 4 1 1 3 30 1 1 3 7 1 3 35 24 1 2 3 6 8 4 4 1 2 4 10 6 9 1 1 8 3 6 3 1 2 2 3 4 1 1 1 3 7 1 25 1 4 1 5 2 4 17 1 1 1 2 1 1 1 58 1 1 1 1 4 1 2 12 1 1 2 1 1 10 5 3 1 2 1 2 2 13 2
1 1 3 1 3 3 19 2 3 1 8 1 3 11 12 9 55 1 1 2 7 2 5 6 2 2 2 2 2 2 1 1 1 1 154 1 1 2 1 2 1 1 5 1 1 2 2 2 3 5 1 2 5 2 1 7 8 3 2 7 1 3 5 18 10 4 14 1 1 1 5 10 3 2 1 2 2 3 1 2 1 4 14 3 4 1 6 1 8 12 16 2 12 1 1 5 7 4 1 3 2 5 19 4 1 3 2 2 3 1 2 4 1 2 1 3 2 4 2 1 13 3 4 2 1 1 2 10 1 453 4 1 2 1 1 2 8 3 1 8 1 3 2 7 1 5 4 5 2 2 5 2 1 4 1 24 6 2 1 7 6 1 1 6 3 1 1 1 6 48 33 2 1 1 2 3 8 1 3 1 1 3 14 1 1 1 6 1 43 2 2 1 2 2 5 2 1 3 14 4
11 2 2 1 4 1 2 11 3 1 2 1 15 1 1 1 1 3 3 5 2 3 1 2 1 2 2 6 1 2 1 14 5 2 1 1 1 4 20 1 3 1 2 4 4 3 1 17 1 6 6 3 14 3 2 33 1 3 1 2 6 3 3 3 11 1 10 2 4 8 1 1 2 11 2 1 1 1 3 3 4 2 1 7 2 75 3 2 8 2 3 2 2 2 2 9 136 1 8 1 3 2 21 3 4 9 1 1 1 1 3 1 1 27 3 2 9 2 3 2 1 3 26 4 1 2 2 1 8 1 1 2 2 1 2 35 1 2 2 1 1 1 1 2 1 1 2 12 21 2 53 2 13 51 1 2 1 3 1 3 2 1 2 2 2 3 1 4 4 1 2 4 27 1 1 1 2 1 2 1 1 3 2 1 1 45 1 9 1 14 5 2 16 1 35 1 1 2 4 1
2 1 7 3 1 5 1 1 3 3 18 1 2 3 5 2 1 5 1 3 4 4 8 1 6 1 1 1 21 2 2 3 1 2 3 1 2 1 2 2 1 2 2 2 1 30 2 2 14 1 2 5 2 2 2 1 2 1 2 2 1 1 1 2 1 2 1 1 3 3 1 6 1 16 1 8 1 2 1 2 1 6 1 1 3 1 1 2 1 3 3 1 3 2 1 9 1 2 1 1 2 2 68 8 6 1 1 1 6 2 1 5 11 1 1 3 49 3 1 2 1 1 3 5 2 1 2 14 1 1 2 2 4 3 1 9 2 2 4 2 3 3 1 1 2 4 1 1 1 2 1 1 1 1 9 5 8 4 3 13 2 3 1 1 8 1 1 3 1 3 44 1 3 12 2 4 11 1 3 1 3 1 1 1 1 1 140 2 1 3 1 1 5 8 1 4 12 3 5 2
1 3 2 3 4 3 4 2 3 9 2 2 2 1 1 1 2 19 1 35 2 2 2 50 2 5 3 3 1 13 1 12 1 2 1 3 2 2 1 1 2 3 5 1 2 2 2 2 2 2 2 2 3 1 2 1 2 1 1 122 25 4 13 2 1 3 1 1 5 3 4 4 3 1 2 1 1 1 2 2 1 157 6 2 1 3 1 2 1 2 4 2 6 1 1 2 5 43 17 2 1 2 1 1 5 1 1 1 1 2 218 19 2 4 3 4 1 2 1 1 1 2 3 1 8 1 1 3 6 2 4 67 5 1 1 1 2 2 1 1 1 1 4 1 2 3 6 3 1 7 2 21 3 1 1 1 1 1 1 8 51 1 3 11 2 1 6 1 4 1 6 1 2 1 1 3 1 2 25 3 2 1 2 31 16 276 1 1 1 1 1 3 2 297 1 1 1 4 1 1
5 4 5 1 5 29 3 13 1 2 3 10 117 4 3 1 6 2 1 1 2 4 4 1 1 2 10 2 3 1 2 1 1 1 15 2 1 68 1 2 6 2 8 12 7 1 3 1 1 1 10 1 2 1 1 2 1 4 1 3 1 1 2 6 4 3 1 1 2 2 469 2 3 2 2 7 1 3 1 1 17 2 12 16 2 2 2 2 1 9 2 3 13 2 8 3 2 1 2 2 1 1 2 1 3 2 2 3 7 2 4 1 1 1 2 1 1 1 4 1 9 4 1 3 3 6 1 4 2 3 1 1 2 1 15 4 1 6 2 5 1 5 2 59 3 1 1 1 2 2 2 3 2 6 1 3 3 1 2 2 1 1 1 3 2 8 1 2 1 3 2 1 4 4 2 5 1 38 1 1 14 3 1 1 2 53 1 1 2 2 1 3 1 2 2 2 3 1 3 1
2 1 2 1 3 2 2 1 4 2 3 2 2 2 4 16 1 9 1 3 1 2 10 3 1 200 1 1 2 1 1 3 2 14 2 2 2 23 1 4 1 2 2 1 3 1 2 1 1 1 2 1 3 4 2 1 2 2 1 2 1 1 2 1 3 7 1 1 2 3 2 2 1 2 3 16 11 1 11 2 15 4 15 4 1 3 3 1 2 1 5 2 1 2 2 1 1 1 2 1 1 1 3 3 2 6 2 24 1 2 1 5 2 2 2 2 1 4 1 1 1 1 3 1 3 1 1 2 1 3 382 2 1 1 4 7 3 2 2 1 6 341 1 1 3 1 1 1 3 1 22 6 1 2 2 1 1 1 5 10 2 2 7 1 2 9 7 1 3 1 7 3 1 1 1 27 1 2 2 15 1 1 2 5 1 1 4 3 2 2 3 2 23 3 1 1 1 5 6 1
1 4 1 3 7 2 1 1 1 1 42 5 3 8 1 1 2 2 2 1 3 1 2 1 2 2 1 13 9 2 2 3 11 2 1 1 6 2 5 2 1 2 1 1 2 1 2 2 12 2 2 2 1 2 1 1 5 1 3 5 1 7 1 5 1 2 1 9 2 4 2 2 2 2 9 2 15 1 3 2 1 2 1 7 3 1 2 2 3 6 2 2 1 1 1 2 1 6 1 2 11 6 9 2 19 1 8 1 3 8 2 3 5 2 1 1 5 2 2 4 1 7 8 1 1 2 1 2 2 4 1 5 1 51 1 9 1 1 1 2 1 1 2 3 2 13 4 26 12 1 1 1 3 1 1 151 2 1 3 1 1 1 1 2 79 2 2 1 5 9 1 2 22 1 6 2 1 1 2 2 57 1 5 2 5 1 1 10 1 2 1 1 3 6 1 1 5 1 2 1
2 1 3 1 1 1 1 3 1 2 3 2 4 1 15 2 2 1 6 3 6 3 1 105 2 7 2 13 5 2 2 56 2 299 2 1 4 1 34 2 1 4 1 1 1 16 1 21 2 2 6 2 1 13 5 2 2 1 6 1 2 13 3 1 1 2 2 1 2 4 2 2 1 1 1 2 7 2 2 2 1 1 16 8 1 3 17 2 204 2 1 2 1 2 8 4 1 3 5 29 1 2 2 2 1 4 1 2 19 1 1 1 2 5 1 2 2 10 27 2 2 1 1 4 4 1 3 4 2 1 1 1 2 2 4 1 2 11 8 1 17 2 1 32 1 2 4 9 3 1 4 12 13 2 1 1 158 2 4 5 26 7 1 3 3 2 8 2 1 6 2 2 3 2 2 1 3 1 1 3 1 7 2 4 4 1 1 11 2 4 5 2 2 44 18 3 1 2 2 2
1 2 1 5 1 2 1 2 6 8 2 2 2 1 19 7 1 2 2 7 4 1 8 1 1 79 3 1 2 1 1 2 4 1 1 1 2 1 2 7 2 5 1 2 1 5 2 1 2 8 1 2 7 1 1 2 2 1 1 1 1 1 1 13 2 1 1 2 1 1 2 46 3 2 3 1 3 3 2 1 27 2 2 1 1 219 2 2 2 1 2 1 1 1 2 2 1 93 1 10 2 2 5 2 2 5 2 2 4 3 1 4 1 6 2 1 2 1 1 1 273 6 5 5 3 1 2 1 1 4 2 3 2 2 2 10 7 2 2 17 3 1 12 2 1 1 1 1 2 2 16 9 1 3 1 7 14 1 8 2 9 1 2 2 18 2 1 3 2 2 1 2 2 4 3 6 4 2 1 12 4 3 1 2 2 3 2 2 5 3 3 12 1 43 3 3 1 2 3 9
1 2 1 16 4 2 1 8 5 5 2 2 1 1 20 3 1 14 1 32 2 35 1 5 1 1 3 2 1 1 2 1 4 1 1 1 2 4 3 7 7 1 5 1 4 2 1 1 16 1 1 2 2 1 2 1 61 1 1 1 2 2 2 5 2 1 8 1 3 2 2 3 4 2 2 3 2 2 3 9 5 1 2 168 1 2 6 2 2 11 2 1 1 15 4 1 6 3 24 1 1 7 4 2 2 1 2 12 1 6 1 1 8 1 21 1 2 1 2 2 3 6 1 6 2 1 78 3 1 2 12 1 1 2 7 2 1 1 1 1 2 6 4 11 2 1 3 26 19 1 6 1 2 3 1 16 2 1 8 10 2 1 8 17 1 2 5 2 4 1 2 4 1 2 3 1 1 3 2 1 2 5 3 5 4 5 5 1 2 6 2 3 2 1 4 1 2 5 13 5
3 1 1 8 21 2 2 16 4 4 1 8 1 2 6 2 60 5 2 1 1 1 1 1 1 9 2 1 16 2 1 1 2 3 7 1 6 1 2 7 1 1 5 1 2 1 2 7 5 2 11 5 2 1 1 1 1 1 3 4 1 2 2 119 6 4 16 2 20 5 5 1 1 1 2 1 1 2 2 1 2 2 2 1 1 5 1 10 1 2 2 7 3 1 8 3 1 7 2 2 21 2 2 3 4 1 2 6 5 2 4 3 5 1 1 3 2 1 1 9 1 1 142 1 2 3 3 3 12 3 4 2 2 90 1 3 3 2 2 2 2 4 1 6 11 6 2 1 2 1 11 1 2 7 15 13 1 1 2 3 3 3 1 1 6 2 7 14 3 3 2 1 1 1 1 2 1 7 1 5 5 2 1 3 2 4 15 2 1 5 1 1 6 1 1 1 5 56 1 4
2 2 6 78 3 1 2 2 2 1 7 1 3 2 3 1 2 1 3 1 1 1 1 1 11 3 2 1 4 2 2 2 5 4 2 3 2 2 1 5 5 1 18 8 4 38 1 26 5 4 1 1 15 1 1 2 1 5 18 6 2 1 1 89 2 2 1 3 2 4 3 5 4 4 4 1 1 2 11 1 8 2 1 1 1 20 3 2 4 87 1 10 4 1 2 1 7 1 2 3 1 5 3 3 1 3 64 1 5 3 161 2 2 1 1 7 1 2 1 26 1 2 2 6 5 2 3 4 2 12 1 4 4 1 4 11 3 1 22 4 5 1 1 2 1 1 3 1 3 4 2 4 1 2 3 2 1 1 12 2 2 5 1 1 1 10 1 2 3 1 2 4 1 2 2 2 7 3 3 1 2 1 5 2 18 1 2 1 3 2 2 2 10 9 2 4 202 3 1 18
2 3 3 1 10 6 2 1 2 5 1 2 4 2 1 1 1 1 2 1 2 1 8 5 1 2 1 7 1 1 361 1 1 274 2 13 2 1 4 1 1 1 1 2 3 12 46 6 2 2 1 5 2 1 1 5 3 7 1 1 1 4 2 3 15 2 1 1 1 1 3 2 1 8 9 19 3 1 2 1 5 4 2 2 1 1 1 2 1 2 2 52 1 1 5 2 1 4 2 1 1 7 4 4 1 4 2 4 2 1 8 3 1 3 2 1 1 3 2 1 1 3 1 1 8 5 1 1 2 4 18 2 7 1 7 2 2 2 4 2 2 1 2 77 8 1 1 2 1 1 1 4 1 13 5 2 2 1 7 3 2 11 1 38 4 2 4 3 9 1 10 2 2 4 2 3 1 2 2 1 1 3 2 1 5 6 18 1 1 4 2 1 2 1 6 1 2 1 2 11
3 1 24 2 4 1 1 3 2 1 3 12 1 1 2 8 1 5 1 2 3 2 15 3 2 1 3 1 3 1 1 3 1 2 2 1 3 13 2 1 1 9 1 5 5 5 1 3 1 1 1 2 1 1 1 2 3 2 1 31 1 5 2 2 3 2 2 3 5 3 39 10 1 3 1 2 6 2 3 6 2 1 43 14 1 11 1 2 2 2 2 1 2 85 2 3 9 8 2 5 1 1 1 1 2 3 1 2 2 1 1 1 5 3 1 3 1 3 4 2 1 3 1 12 4 3 4 1 4 3 3 8 1 2 3 2 1 3 1 17 3 1 7 3 1 6 1 27 4 2 282 1 1 1 7 2 4 1 2 15 2 2 5 2 2 3 3 2 9 1 3 1 2 2 1 4 1 1 3 1 1 2 1 1 1 1 4 2 1 15 3 1 3 3 17 2 1 1 2 7
6 11 9 1 3 2 15 3 1 2 2 3 2 3 1 1 1 9 9 4 1 2 1 3 1 1 1 1 6 1 2 9 1 3 2 2 1 1 2 2 2 2 3 21 2 2 5 1 2 2 4 3 2 1 1 3 305 4 1 4 1 1 1 2 1 2 8 2 2 5 1 2 1 1 1 7 4 1 2 1 1 3 5 10 1 3 2 2 2 2 5 1 2 1 1 1 2 2 2 2 4 2 2 2 4 2 2 3 3 20 4 6 8 2 1 1 1 3 1 2 1 1 3 1 2 6 1 12 1 6 3 2 2 6 1 3 32 1 2 2 13 1 2 2 5 1 4 2 6 1 1 4 1 1 3 2 3 3 1 69 2 2 3 2 6 2 2 29 1 1 2 2 4 123 4 3 2 2 3 3 3 2 1 1 4 4 1 2 3 1 3 5 1 7 1 1 3 1 5 7
2 1 5 6 1 1 3 14 1 1 4 1 1 2 4 1 3 1 3 8 7 2 3 2 11 1 41 6 2 1 1 6 1 3 6 2 3 20 4 2 2 1 4 9 20 1 2 2 5 2 4 2 2 3 2 3 1 1 1 3 6 5 1 2 3 1 1 2 12 16 6 1 2 4 1 3 2 3 2 4 2 3 2 3 3 1 2 1 2 2 5 1 2 3 5 2 1 3 3 1 1 4 1 1 4 153 1 1 1 2 1 2 1 1 1 2 2 2 1 85 4 2 2 1 3 11 10 92 1 1 2 1 1 1 2 1 2 2 2 2 7 1 2 8 1 1 4 1 6 3 2 9 2 26 10 55 2 5 3 1 14 9 1 7 4 2 14 1 20 1 6 2 2 2 2 1 5 2 1 2 6 15 5 1 1 4 209 1 1 23 2 1 4 4 3 3 4 3 2 6
3 2 3 5 14 1 2 2 1 1 2 2 2 1 4 1 1 3 3 5 2 5 2 2 3 37 4 3 6 3 2 1 2 2 1 33 1 2 1 4 1 2 2 4 1 3 6 1 2 1 1 1 2 8 12 1 68 20 2 1 2 3 2 2 2 1 3 4 2 2 2 2 2 11 1 15 1 3 1 1 2 2 4 1 15 1 2 3 1 6 4 15 1 2 6 1 2 2 2 2 1 7 15 1 17 1 1 2 1 2 12 4 4 2 2 3 2 47 29 2 2 1 3 1 3 1 2 1 2 1 14 1 1 1 8 1 3 4 1 6 1 2 5 1 1 1 7 1 1 1 4 1 1 2 1 3 11 4 1 1 2 15 4 4 15 3 1 5 12 2 7 1 68 7 1 1 1 1 5 2 8 2 2 1 3 2 7 1 2 2 4 5 2 1 5 1 1 1 1 1
38 1 1 2 4 5 1 2 1 4 7 12 1 10 5 1 2 4 3 3 2 3 1 15 2 1 2 3 4 1 11 5 11 3 1 1 2 3 2 5 2 2 3 2 1 2 1 3 1 16 3 2 33 13 1 2 1 4 2 6 1 1 1 1 2 2 1 3 3 2 2 7 2 5 1 2 1 3 2 1 1 6 2 3 2 20 1 9 3 2 2 3 5 9 8 3 2 1 1 3 3 3 1 4 1 15 2 2 3 2 1 2 2 1 2 24 2 2 1 1 1 2 1 2 1 2 7 6 1 1 1 12 1 18 5 2 2 2 1 1 2 2 1 2 2 19 1 2 2 1 1 8 1 12 8 3 1 2 9 1 2 7 1 3 3 6 4 3 1 11 1 2 1 8 1 72 1 2 2 1 12 1 3 8 1 2 2 2 2 6 1 4 2 6 2 4 2 7 2 4
2 2 1 2 2 161 1 2 1 3 4 2 2 2 1 11 1 1 4 2 6 2 1 4 2 2 2 2 5 4 1 1 2 1 6 12 1 1 1 3 1 30 2 6 2 1 1 2 3 1 2 2 5 1 2 6 1 1 3 24 2 1 13 2 1 2 173 1 3 1 4 1 1 2 4 2 1 7 1 2 2 2 2 1 2 1 4 2 1 1 4 1 1 1 1 3 1 3 1 4 1 3 3 20 1 2 5 3 3 1 3 9 2 6 3 12 1 3 3 2 2 2 1 5 1 2 5 8 32 32 3 2 1 25 2 8 6 2 1 4 1 1 1 3 1 1 59 8 46 4 1 2 2 4 5 2 6 3 2 7 1 32 11 1 46 2 7 10 5 3 2 1 1 2 1 3 10 1 1 2 4 2 1 2 1 1 3 14 8 2 1 1 1 2 3 1 3 2 3 10
2 1 1 2 1 2 7 2 1 5 1 1 50 1 1 3 8 1 23 10 2 2 2 8 3 4 3 1 2 5 8 1 1 7 1 1 2 1 2 1 1 2 1 2 1 3 1 7 1 4 1 41 1 1 3 136 18 2 12 9 2 2 1 3 2 1 1 2 1 9 1 1 1 1 1 2 6 15 1 22 10 5 4 1 1 4 1 4 4 355 1 2 4 2 3 1 1 1 2 4 3 2 4 1 4 4 3 1 2 5 5 25 1 3 2 6 2 2 13 2 4 1 5 2 1 1 1 3 21 1 49 2 1 1 3 1 4 1 2 1 1 1 4 4 1 1 6 2 2 1 3 3 13 6 3 1 2 1 4 2 1 2 2 6 2 66 3 1 1 2 1 15 1 1 8 1 4 3 4 6 1 5 1 1 3 2 5 56 1 13 1 1 6 3 1 6 15 6 8 1
10 3 1 2 1 2 3 4 32 1 3 2 1 1 4 27 2 1 1 4 2 2 38 1 25 1 3 2 2 2 5 1 5 2 1 2 4 1 1 5 1 3 11 3 5 1 7 2 1 1 1 6 2 3 1 2 2 3 1 1 1 1 4 59 1 2 10 2 3 4 1 2 4 4 3 5 2 3 2 1 2 8 1 2 6 1 3 2 7 1 1 2 1 1 2 2 2 14 6 2 41 3 1 8 2 14 2 3 1 2 1 2 2 3 2 2 1 2 2 7 1 2 2 3 1 6 1 1 5 3 1 3 2 3 2 2 3 10 1 2 1 1 3 9 7 1 2 11 3 34 8 3 4 1 31 2 2 9 4 1 9 1 5 2 2 1 6 1 1 4 3 2 1 127 17 1 4 3 1 1 4 1 3 10 2 2 2 1 63 6 2 1 5 60 4 5 4 2 2 2
4 3 5 4 2 1 1 2 2 2 2 1 4 2 1 2 2 2 25 5 2 1 1 1 2 41 1 5 10 1 2 1 30 1 1 1 13 11 9 3 2 2 5 2 4 29 5 1 2 1 1 8 4 1 6 4 1 3 1 3 5 3 20 3 9 3 1 2 1 1 6 4 1 20 4 2 6 1 1 2 4 6 1 3 2 2 5 2 14 1 1 2 326 2 1 3 2 1 1 1 4 1 1 6 1 16 2 1 4 88 1 5 2 3 24 2 4 1 3 5 2 4 8 5 4 3 1 3 2 1 1 2 2 5 6 1 1 1 1 2 7 12 1 2 5 1 2 1 1 4 5 1 2 13 1 1 3 1 2 2 3 1 2 1 1 1 2 1 1 3 2 8 1 9 1 2 2 1 6 1 39 1 3 3 2 2 1 7 2 42 1 1 2 1 2 152 1 9 2 4
1 64 3 2 20 1 1 1 1 3 10 5 2 8 79 2 2 11 3 3 7 2 1 1 2 1 4 1 1 5 1 1 2 3 2 2 1 1 1 1 1 1 3 19 1 4 3 3 1 2 2 2 4 3 1 2 10 1 1 1 7 2 3 2 1 2 1 8 3 1 1 2 2 1 3 2 1 1 2 1 2 3 2 3 1 1 1 1 1 3 2 2 6 2 2 2 6 3 1 2 3 3 2 3 1 1 1 3 1 6 1 1 2 1 7 2 2 136 3 3 4 1 3 1 1 2 1 1 9 11 2 2 3 1 6 4 3 2 2 1 3 1 1 106 2 1 2 53 5 6 1 1 2 3 4 2 1 1 3 4 2 8 12 2 143 5 2 3 2 1 11 1 2 3 2 6 2 1 2 2 1 3 3 2 2 2 2 1 12 2 16 14 2 3 4 1 1 2 4 2
15 3 3 1 3 2 1 2 5 2 2 1 1 2 1 2 4 1 2 2 2 1 2 2 4 7 11 2 18 22 1 3 1 5 1 3 7 2 1 42 2 3 2 1 43 1 1 2 4 1 1 2 1 2 4 3 6 4 18 3 1 3 2 2 2 1 2 1 2 2 1 1 1 1 2 1 11 1 1 3 1 3 4 1 3 1 2 2 1 1 6 3 2 3 1 3 2 1 1 109 4 1 1 1 1 5 1 2 8 3 5 3 1 2 1 1 1 3 2 1 1 1 1 2 10 2 4 3 2 1 4 2 1 5 1 17 3 2 4 1 2 4 2 1 3 1 12 3 1 2 10 1 1 2 1 7 3 2 1 4 1 3 2 3 16 3 1 1 5 1 4 2 13 2 1 1 2 2 9 1 3 1 2 4 1 8 3 1 3 7 3 6 1 5 2 2 2 1 1 8
1 6 4 1 1 2 3 1 7 3 20 3 1 2 1 7 1 1 4 1 3 2 3 3 2 2 1 1 1 27 1 5 1 6 4 1 2 1 4 3 2 1 1 1 13 2 3 1 17 3 1 1 3 1 2 2 3 1 89 2 2 1 2 3 1 1 1 2 211 4 1 109 1 5 1 1 5 24 14 2 1 7 3 1 6 2 3 2 3 1 3 19 4 1 3 2 39 11 1 5 31 1 1 3 1 4 2 1 4 1 1 2 4 6 1 3 2 8 1 1 2 1 2 1 9 2 2 1 2 2 1 1 1 3 3 2 32 1 1 2 2 110 5 2 1 2 1 2 1 1 1 7 1 2 1 3 1 2 1 4 8 4 1 6 4 19 2 1 1 1 5 1 1 2 1 1 2 3 3 1 2 6 2 5 1 1 9 1 3 1 4 12 2 2 2 1 6 40 7 1
5 41 4 2 1 3 1 5 3 2 1 2 2 1 4 2 1 17 1 6 1 59 19 15 3 3 31 5 1 1 3 1 2 3 5 2 1 1 1 1 3 3 2 4 1 3 2 4 3 2 9 1 14 2 2 2 2 1 1 2 13 1 7 4 1 10 2 7 1 2 5 2 2 4 1 9 1 2 2 3 1 1 2 2 2 3 2 1 3 1 3 1 1 1 1 3 1 1 2 2 3 23 4 1 2 2 1 5 1 1 1 1 1 1 1 1 8 1 3 2 3 12 2 2 2 1 4 5 1 2 1 20 1 2 2 1 6 2 6 1 3 1 1 1 3 7 4 1 27 6 6 6 1 43 39 2 18 1 2 52 1 1 2 1 1 1 2 2 1 2 1 24 1 2 1 1 1 3 3 1 3 2 1 5 3 1 1 1 2 43 1 2 6 8 11 1 32 2 3 1
4 6 38 16 4 3 1 3 1 1 2 1 3 4 1 2 3 2 1 3 412 1 2 2 1 1 2 1 1 1 2 2 4 1 2 4 2 2 2 2 4 3 1 11 7 2 2 6 2 1 1 2 2 1 1 1 1 11 2 2 2 1 1 11 2 2 1 1 1 1 11 2 1 3 1 2 1 82 1 2 3 1 14 1 2 1 1 1 1 2 2 2 2 2 9 20 1 1 1 1 2 1 2 2 2 14 80 1 2 2 2 1 2 7 18 137 25 2 2 2 1 2 27 6 2 3 14 5 2 2 1 1 19 1 19 65 139 1 1 4 1 1 5 3 7 5 6 2 2 1 2 1 4 3 2 1 2 4 5 3 2 23 1 4 15 1 7 4 2 7 2 4 1 1 1 3 1 2 7 1 22 1 6 2 2 1 4 1 175 3 6 14 4 5 1 5 5 3 4 1
4 3 2 3 8 5 33 2 6 13 65 2 4 2 2 2 1 2 3 4 1 2 23 2 1 3 2 1 3 1 3 1 1 1 1 10 1 1 2 1 2 2 2 62 1 1 1 1 7 1 1 3 2 11 1 3 2 2 4 1 4 2 1 18 2 2 6 1 3 1 1 1 3 1 8 3 2 38 3 1 1 1 2 2 1 2 3 3 2 1 2 40 2 1 3 1 9 2 1 3 1 10 182 1 1 4 31 2 1 1 2 1 1 6 2 2 1 2 1 4 5 2 17 5 3 1 1 10 2 4 2 1 1 1 3 3 2 2 7 3 3 5 5 2 3 2 1 4 1 20 3 2 1 1 2 1 2 3 1 1 1 1 73 1 37 1 1 1 11 4 2 1 1 1 2 9 1 10 2 1 1 1 4 2 1 23 1 3 2 1 2 2 2 1 2 4 6 6 1 1
