200
492 363 218 375 144 172 117 167 416 434 365 188 340 157 299 390 207 142 166 146 210 403 197 417 477 161 344 239 184 483 339 159 184 363 310 454 459 104 354 140 469 357 436 216 105 338 303 399 254 235 141 270 483 484 147 359 472 326 445 431 189 103 342 384 173 162 370 197 246 200 274 383 372 374 448 156 271 219 341 143 319 132 297 467 262 322 348 383 322 199 158 229 331 277 175 414 275 446 276 170 193 117 401 391 272 133 318 441 248 422 429 209 141 162 239 320 241 120 116 354 340 371 295 491 201 402 383 216 380 419 155 365 146 132 169 456 473 353 368 428 234 246 355 197 348 497 455 376 405 428 416 235 129 442 495 108 104 238 487 185 372 443 434 385 183 122 410 158 381 218 277 159 326 292 264 495 287 370 463 453 106 186 371 169 354 209 174 358 198 306 427 400 275 366 397 402 498 465 243 452
6 5 5 1 3 5 1 1 5 4 1 3 6 6 4 3 1 5 2 3 2 1 6 5 1 4 5 2 3 2 4 6 6 1 5 6 5 2 6 1 3 1 3 6 6 3 5 4 4 2 1 1 1 2 5 2 2 4 4 1 1 5 3 5 5 2 6 1 5 2 6 3 6 5 1 5 6 3 1 5 5 5 2 5 3 5 6 2 4 6 4 4 3 2 3 4 3 3 4 6 4 1 2 4 2 4 6 3 4 4 5 5 5 3 3 4 5 1 6 3 2 2 4 4 4 1 6 6 5 3 4 6 4 2 1 5 3 2 3 5 3 6 3 4 6 4 3 4 2 1 4 1 6 4 4 4 4 1 4 3 3 1 1 4 6 1 2 6 6 3 3 5 2 1 4 3 6 4 6 5 3 3 2 6 6 1 5 2 3 1 4 4 5 6 4 2 3 2 5 3
2 1 3 40 2 11 1 28 1 1 1 5 2 16 7 1 1 2 2 2 1 3 7 1 2 1 9 2 2 1 4 2 3 2 2 1 6 1 2 3 2 1 1 2 9 4 39 3 5 4 5 3 1 1 2 3 1 1 1 1 5 3 2 2 13 3 1 1 1 7 14 3 18 2 2 1 3 2 2 1 2 3 2 2 2 2 1 4 1 3 97 2 2 6 3 1 1 8 4 1 1 2 2 1 1 5 5 12 7 1 2 5 3 4 99 2 1 10 2 6 1 2 3 1 2 13 40 5 11 2 16 1 34 2 16 1 3 1 1 2 3 1 15 2 2 4 3 2 1 3 1 2 2 2 4 1 5 1 2 4 5 1 1 4 3 2 3 2 3 1 1 1 1 1 6 1 5 5 2 3 1 78 10 1 1 2 1 11 1 8 2 4 10 7 1 3 3 7 36 3
2 2 109 1 5 1 1 2 1 1 2 4 2 2 1 2 1 2 1 1 4 1 2 5 1 2 2 2 1 1 1 1 2 17 1 6 7 2 2 7 2 4 1 1 1 46 8 1 3 1 4 1 2 1 2 1 12 2 5 5 1 2 1 2 4 1 1 1 91 1 1 2 1 1 3 3 1 6 1 2 7 13 1 1 3 2 2 1 1 2 1 1 2 1 3 2 2 3 1 1 7 1 3 3 1 4 1 1 2 3 2 1 4 1 3 2 1 1 4 1 1 1 5 1 2 1 449 36 2 2 2 1 2 32 1 15 7 2 26 6 3 2 2 27 60 2 64 22 1 3 25 2 1 10 9 11 2 1 1 2 31 1 2 3 2 1 1 1 3 16 34 4 2 1 22 16 1 3 2 2 14 2 1 2 5 4 167 1 1 17 2 1 2 2 3 39 7 4 2 1
46 2 2 23 1 2 5 15 1 3 27 3 2 1 3 1 1 4 7 2 4 3 2 2 1 2 1 1 1 10 4 1 40 1 3 2 3 1 1 5 2 3 3 2 1 1 2 1 3 2 2 20 1 9 2 2 22 3 3 7 2 2 6 79 1 2 1 2 6 1 2 2 25 2 3 1 3 1 1 1 6 3 1 26 8 6 2 3 1 2 3 5 2 2 1 3 2 1 1 1 6 1 6 85 1 43 2 4 2 8 11 2 14 2 1 5 2 1 3 3 4 2 5 1 7 25 1 5 236 3 1 1 3 8 2 46 4 1 2 3 2 2 2 2 2 1 1 2 37 4 3 5 2 1 2 2 1 1 1 1 1 2 2 1 1 2 1 4 10 3 5 17 3 2 9 8 3 1 1 2 2 13 1 1 19 2 1 2 7 1 16 1 9 3 2 1 2 18 6 1
2 3 177 1 2 1 4 1 1 2 3 4 3 2 1 3 58 1 2 5 1 2 2 1 3 5 6 2 3 4 18 2 6 3 2 5 1 1 8 1 6 6 6 10 9 4 1 1 1 3 53 2 2 3 62 1 1 5 2 1 2 2 2 2 3 4 2 1 3 2 2 1 1 2 5 1 2 1 3 1 70 4 1 1 3 68 2 1 2 12 1 1 2 1 7 1 2 1 1 3 11 1 1 1 1 1 1 2 6 10 22 3 2 2 1 7 2 1 1 2 15 15 4 22 13 2 5 2 58 1 2 1 7 4 28 2 2 1 1 1 1 11 2 3 1 24 1 1 5 1 3 1 4 2 1 4 2 1 2 2 2 1 4 5 2 8 3 7 2 4 25 1 22 6 3 2 18 2 3 24 1 1 1 2 2 3 6 3 33 6 3 24 1 2 1 7 1 2 5 2
2 2 1 1 1 2 11 7 7 1 14 1 3 1 4 1 10 3 1 4 1 2 4 1 1 1 23 1 2 33 1 1 11 38 3 4 3 4 5 1 3 1 1 1 1 1 1 1 3 51 53 5 1 3 5 2 1 9 6 2 2 1 2 1 1 1 1 1 1 2 1 2 1 4 1 3 8 1 4 3 2 1 1 2 2 13 2 1 1 2 1 18 1 2 2 1 3 1 3 2 6 1 5 7 1 1 70 11 1 2 2 10 5 5 2 4 3 27 2 1 2 3 1 35 1 4 1 1 35 3 4 4 3 5 14 3 4 4 2 2 1 5 2 2 2 3 1 2 3 4 1 1 3 6 2 2 2 3 1 2 2 2 2 17 2 3 11 2 5 1 1 1 1 2 1 1 2 6 3 8 7 3 1 5 1 1 60 3 2 2 1 3 6 4 2 3 2 4 3 3
1 1 2 2 2 4 9 3 1 4 1 5 8 2 2 1 1 2 485 1 2 3 1 3 1 3 1 1 2 2 3 4 1 2 9 3 4 16 3 31 1 1 3 1 1 2 2 7 5 1 2 293 1 2 14 2 3 14 4 1 3 2 4 1 2 1 4 5 1 2 2 5 1 1 2 4 2 3 1 14 20 1 37 8 1 1 1 2 13 75 1 1 1 6 2 1 6 11 2 1 2 28 3 7 1 2 1 1 2 1 2 1 1 2 2 3 3 1 1 2 1 4 1 18 1 3 1 3 2 4 4 73 6 1 2 2 1 9 1 1 2 1 2 3 3 1 2 8 1 4 1 1 1 1 2 3 6 7 120 1 13 2 1 4 3 1 2 8 4 2 1 2 2 1 1 1 4 1 3 1 1 7 1 6 4 1 8 3 2 1 2 21 6 5 16 4 2 2 2 1
2 20 11 3 2 2 1 2 2 2 130 4 3 3 3 5 1 2 1 1 4 5 4 4 8 2 3 2 3 2 1 15 3 4 1 8 1 2 7 3 2 2 2 66 1 1 3 1 1 1 4 2 2 5 1 2 5 21 1 4 3 1 6 3 6 2 1 3 4 4 1 2 7 3 26 1 2 1 81 3 1 2 1 2 4 1 1 2 10 2 2 1 1 1 5 1 5 8 1 1 3 1 1 5 1 5 6 3 2 11 17 176 2 7 7 1 1 1 2 148 4 6 1 2 2 1 1 3 3 4 20 10 3 2 4 2 2 2 1 2 2 10 3 6 2 4 8 5 1 1 1 3 2 2 5 2 1 1 6 4 2 1 1 10 1 1 2 7 4 2 1 3 2 2 6 2 3 2 4 3 16 1 10 2 1 2 2 2 1 18 1 2 4 2 1 9 2 5 3 8
2 4 3 9 2 3 9 1 2 1 2 1 1 2 3 4 5 2 7 3 16 3 2 1 6 2 4 4 1 2 2 6 3 1 4 1 2 3 2 8 2 2 2 2 9 1 7 2 2 6 1 15 1 1 234 2 2 116 1 6 5 80 3 4 3 4 19 8 2 20 3 1 8 5 2 1 1 4 1 20 2 5 1 3 45 5 2 1 2 2 1 10 1 2 2 65 5 1 3 2 3 2 2 1 1 1 2 2 4 1 1 3 1 1 1 1 2 3 1 1 1 1 51 2 2 2 1 6 3 34 1 2 1 1 11 14 1 2 1 5 1 1 2 2 1 3 1 6 2 34 1 1 7 1 2 1 1 5 3 1 2 1 2 23 49 1 2 1 1 5 11 5 1 1 9 1 1 4 3 1 2 1 2 2 1 2 3 2 1 15 2 2 2 15 1 1 3 3 2 1
7 3 2 3 5 2 1 2 2 1 34 1 1 2 1 6 5 4 1 1 5 17 2 4 215 2 1 1 1 2 1 3 32 3 1 1 2 1 1 2 3 2 2 1 8 27 2 1 1 2 2 8 24 2 1 7 5 1 4 1 2 3 16 2 3 7 1 1 16 1 1 4 2 1 2 1 1 1 1 15 19 5 2 5 10 3 1 2 1 6 2 2 2 2 4 3 2 4 7 1 3 3 2 221 2 2 1 3 2 3 4 2 1 2 2 6 1 1 2 1 2 10 2 19 2 2 2 25 4 8 36 2 1 2 1 1 2 18 4 1 4 1 1 1 4 12 5 10 2 1 1 6 2 3 2 1 9 4 2 1 1 1 2 1 2 7 2 1 2 2 1 1 2 6 3 132 14 1 6 7 1 1 3 2 2 6 1 3 9 2 3 1 2 1 1 1 1 1 8 2
1 3 1 1 2 1 1 38 1 7 1 1 2 3 2 6 1 2 1 3 2 3 3 1 1 3 15 2 1 1 3 3 4 2 1 3 113 2 11 1 2 1 2 1 1 2 2 2 2 4 1 2 1 21 5 2 6 3 4 2 2 3 4 4 2 3 1 2 2 1 2 1 2 3 4 3 3 4 4 7 101 1 1 1 2 8 3 1 13 2 9 1 2 3 3 1 6 2 5 1 17 2 5 2 6 4 2 1 4 1 2 2 2 11 1 3 1 1 1 1 2 2 1 3 1 2 6 3 1 1 7 1 2 3 41 1 2 4 2 2 6 2 2 1 259 1 1 1 3 3 1 2 3 2 1 1 2 1 3 3 1 8 1 1 1 12 3 2 53 4 1 2 2 3 2 1 3 3 4 1 12 2 2 3 2 2 7 10 2 1 1 3 3 1 9 12 2 5 2 1
1 1 2 2 6 8 2 6 5 3 4 2 1 1 1 1 1 4 2 1 2 2 3 6 2 1 2 10 2 2 12 8 1 3 2 5 8 1 4 7 2 1 1 5 84 11 2 6 7 1 2 4 6 2 1 1 1 2 1 1 1 1 9 1 5 1 1 1 2 1 1 1 1 3 1 7 1 4 2 2 7 2 2 2 2 1 6 1 1 1 4 9 8 2 2 1 9 2 3 2 1 10 6 1 1 3 2 4 1 2 2 8 5 2 4 2 5 1 3 2 1 1 32 1 6 1 4 29 1 1 1 31 8 2 13 4 19 2 11 1 2 1 2 1 1 2 1 2 7 2 2 1 1 5 3 2 1 2 1 1 2 3 3 2 3 3 5 7 1 1 12 2 4 3 2 1 21 4 2 3 3 2 1 3 1 4 2 2 5 5 1 3 2 4 4 5 9 3 1 2
9 7 1 2 12 2 1 2 1 1 1 1 4 3 1 3 1 2 15 1 1 1 5 2 2 3 40 5 16 4 3 3 2 2 2 1 74 1 1 4 2 2 1 4 38 1 1 3 2 1 1 1 5 34 2 1 1 2 8 4 1 1 1 2 5 2 1 1 4 7 1 1 2 2 2 1 1 9 2 2 8 1 8 15 18 3 3 11 3 2 1 1 1 3 1 1 1 2 2 2 1 3 4 2 2 2 9 15 3 2 4 1 2 2 5 1 1 1 2 7 2 2 4 18 3 23 9 4 2 1 3 3 4 2 8 2 2 1 14 2 1 2 1 2 2 1 6 7 3 1 9 3 1 1 2 1 2 3 11 1 1 6 1 4 2 1 1 2 5 1 1 1 7 1 1 1 1 1 1 2 1 1 2 1 2 1 4 7 9 1 2 3 4 1 4 1 1 5 2 27
1 6 2 3 2 2 2 5 2 2 1 2 2 1 1 1 3 1 6 3 12 1 2 113 1 3 21 3 1 4 3 1 3 2 2 2 11 5 3 3 3 1 5 2 1 295 2 1 4 36 3 17 1 2 15 3 1 2 1 16 2 3 1 2 1 2 2 2 3 1 3 3 2 2 5 2 1 5 6 1 3 2 2 1 1 3 2 3 11 2 6 4 11 3 26 2 2 1 2 3 2 1 17 2 9 14 9 1 2 3 8 2 7 2 3 1 1 9 3 2 3 4 1 1 1 1 2 2 1 1 2 18 4 8 1 16 4 7 1 1 2 4 2 1 2 1 3 2 1 2 2 5 2 1 3 1 1 9 27 2 106 1 3 3 2 1 4 1 2 2 1 1 1 1 1 7 2 4 1 10 1 1 5 7 4 2 3 4 1 1 21 2 1 4 4 1 2 2 17 2
1 1 1 1 4 2 3 3 6 3 160 1 1 2 1 1 1 3 1 1 1 18 4 2 3 3 2 1 1 5 6 1 1 32 1 7 1 4 2 2 2 3 2 7 43 2 6 1 304 4 2 1 48 1 1 3 3 7 2 2 2 6 9 1 1 1 2 11 1 3 6 3 2 1 4 2 2 1 11 9 1 1 3 2 4 1 13 2 2 34 3 1 1 2 2 2 1 3 2 2 3 1 1 2 2 3 2 3 1 1 277 3 2 3 1 2 3 6 2 1 2 5 2 27 1 2 5 2 2 3 6 1 2 4 1 3 2 1 13 7 2 2 2 2 2 8 3 2 3 1 1 1 3 15 1 5 1 3 5 2 2 2 3 1 2 2 1 1 12 1 2 1 2 1 3 4 3 2 1 2 1 1 1 10 1 1 7 91 6 2 4 1 24 2 1 1 1 9 2 8
15 6 1 3 2 1 96 1 2 2 3 2 5 1 1 9 2 2 133 1 5 4 2 2 1 1 1 3 7 2 3 1 4 1 3 1 4 135 5 1 1 1 1 1 2 2 3 2 2 1 1 3 7 1 86 2 1 2 3 3 2 1 7 3 1 4 2 1 7 2 1 3 1 4 4 1 1 5 1 1 1 3 1 2 3 1 5 10 1 8 5 1 3 28 3 4 1 2 1 2 2 14 1 3 10 2 15 4 3 24 4 18 1 16 6 1 2 4 2 1 4 2 4 1 5 5 3 2 3 38 4 1 1 4 4 2 2 3 4 1 1 1 1 2 1 9 1 2 4 6 2 1 1 4 2 1 2 2 1 3 1 4 2 2 3 2 2 5 1 2 52 2 7 1 1 2 1 1 2 1 4 1 1 1 5 3 2 9 1 1 2 2 1 2 4 9 1 2 2 5
1 1 10 3 1 3 1 2 11 3 11 4 4 2 13 3 1 4 9 18 1 2 2 2 1 3 1 3 3 46 3 1 2 10 1 3 1 3 2 6 18 2 11 85 5 1 5 5 2 2 19 4 1 2 330 2 2 1 2 2 1 3 13 1 1 4 3 1 1 54 2 4 2 1 2 1 3 10 1 3 1 7 2 3 7 2 1 1 2 4 2 1 1 3 1 2 2 1 2 33 1 2 1 5 2 1 5 2 1 1 1 1 3 12 1 2 1 2 2 1 1 1 1 1 14 3 2 6 13 1 2 1 1 2 1 1 7 1 1 2 2 1 3 2 1 7 2 1 2 1 37 3 10 1 65 1 3 3 1 2 4 1 2 1 1 7 1 3 1 4 1 3 77 6 1 2 2 4 7 5 1 2 9 2 2 1 2 1 2 2 2 1 1 1 2 2 10 2 3 3
4 5 1 7 1 1 1 2 1 3 1 3 2 2 2 2 18 3 1 2 1 5 2 2 1 1 1 1 2 2 1 1 1 2 5 2 10 2 1 1 1 2 2 3 105 2 1 2 3 2 2 2 8 1 2 2 3 1 2 3 1 3 2 1 2 3 2 3 1 2 34 38 1 1 1 7 1 1 2 5 6 1 5 2 1 14 1 218 3 1 2 1 1 1 2 2 2 1 7 1 28 1 1 3 1 1 1 1 2 1 2 2 4 2 1 1 1 1 1 1 3 8 1 4 1 3 2 2 2 1 1 1 7 4 1 3 1 1 5 9 4 1 4 2 2 2 1 4 1 3 444 1 1 2 7 2 1 29 1 434 3 1 1 5 59 2 4 6 1 1 2 3 1 1 2 18 2 5 3 2 1 2 48 5 1 4 12 1 1 13 2 2 3 1 30 1 25 1 1 4
1 4 1 2 50 3 1 1 4 1 3 5 4 9 8 4 1 6 2 2 2 2 2 1 2 105 22 3 9 3 3 2 1 12 9 1 3 2 1 4 10 1 2 1 2 6 1 13 4 2 5 2 4 2 9 2 34 2 5 2 4 2 13 8 3 1 2 1 1 2 1 3 2 1 1 1 1 1 1 11 2 5 2 1 3 1 4 2 3 2 2 1 1 6 1 1 2 1 2 5 2 1 5 1 1 1 1 2 1 1 2 1 3 1 3 3 2 2 1 2 1 2 4 1 3 1 6 3 1 2 1 1 2 1 3 1 2 33 6 11 1 6 5 104 11 2 3 1 2 2 35 1 1 2 2 12 1 4 1 1 3 8 1 1 82 2 3 2 1 7 1 1 1 2 6 3 2 6 1 2 1 3 2 12 2 2 8 4 3 5 3 2 2 1 24 2 2 1 1 1
1 1 2 2 1 2 1 3 4 3 1 2 1 3 3 2 3 1 8 2 1 7 3 1 1 3 3 1 1 1 1 2 1 9 2 5 1 6 1 2 1 35 2 2 2 1 4 1 10 2 5 1 3 27 11 2 1 1 2 38 4 1 2 4 1 22 3 9 1 2 71 5 1 2 4 4 2 1 36 2 1 80 1 1 1 1 1 16 1 1 2 1 21 9 1 2 1 1 26 2 4 10 3 2 2 8 2 2 2 2 1 1 3 3 1 2 2 2 1 3 7 2 1 5 1 7 3 5 7 2 1 2 1 1 2 5 1 15 2 1 1 1 10 2 1 4 9 1 2 3 1 2 14 3 6 2 7 1 1 11 1 2 4 8 1 1 1 19 8 1 1 2 1 1 2 10 6 6 1 1 6 3 3 1 5 27 19 1 4 2 3 4 8 1 1 3 2 1 13 1
1 8 4 1 1 13 4 2 11 2 1 1 3 4 1 2 2 6 53 4 22 3 2 4 1 3 3 3 11 13 9 11 1 2 3 2 27 1 1 6 1 1 1 2 1 2 1 4 5 2 8 14 2 3 5 10 1 2 1 1 4 5 3 1 2 2 1 99 2 6 8 1 8 2 4 5 1 16 2 20 3 2 4 1 1 2 1 2 5 7 12 34 1 2 2 2 4 10 1 2 1 1 1 42 2 2 3 1 2 1 3 2 1 9 1 8 1 2 6 1 12 1 9 3 3 11 1 1 1 8 14 15 2 1 4 1 1 1 9 2 2 7 1 1 1 1 3 14 4 1 1 7 3 2 2 3 1 10 1 2 2 1 4 1 1 1 2 2 1 3 1 2 11 1 2 2 5 1 4 2 5 2 1 1 1 26 3 3 4 2 1 2 2 1 4 2 1 2 2 2
2 1 3 21 6 1 1 1 2 2 3 1 2 6 2 2 1 26 11 2 1 1 2 5 1 8 4 1 1 1 1 3 2 1 3 2 2 2 2 2 6 2 8 4 3 4 3 2 3 1 1 1 5 5 2 2 1 1 1 2 7 1 3 1 2 19 1 1 2 1 3 2 2 5 8 3 2 2 2 2 4 20 1 1 1 2 3 1 15 2 1 4 5 3 1 1 2 2 2 4 7 4 1 1 1 1 1 1 3 314 1 7 1 5 6 6 2 14 18 1 1 1 2 28 14 2 1 2 8 1 2 1 1 18 8 2 4 3 6 3 1 2 9 8 2 4 2 5 1 7 24 2 3 1 2 2 1 19 8 2 2 1 1 1 25 1 2 1 2 1 2 1 1 1 1 1 1 1 1 2 2 8 2 2 1 3 1 4 3 9 1 1 1 12 2 2 6 4 1 1
14 3 1 19 5 1 16 2 2 8 2 12 2 2 4 2 2 3 1 1 3 5 5 4 6 1 3 1 5 2 1 19 4 15 1 1 1 2 2 2 4 21 2 28 1 3 1 47 1 2 6 1 1 1 3 3 1 12 2 1 7 3 5 5 1 1 1 2 1 1 1 2 27 8 2 2 1 1 2 2 1 6 1 1 2 2 3 2 1 4 4 4 1 2 41 2 1 1 1 1 1 2 3 1 4 1 3 2 7 26 4 5 1 1 1 1 2 9 2 2 10 1 1 2 4 2 1 27 2 2 3 3 1 10 28 1 2 1 8 1 6 11 1 1 5 1 2 2 6 11 13 48 1 1 56 4 9 4 1 1 2 1 1 4 2 1 8 1 1 10 8 1 2 3 2 5 2 1 1 1 1 3 3 9 4 2 1 2 2 24 12 3 2 1 1 2 5 2 2 9
1 1 2 1 1 2 2 1 2 2 16 1 3 2 3 9 1 2 4 1 2 35 1 1 2 4 30 1 2 9 1 5 2 1 6 1 1 1 1 4 1 2 2 5 3 11 2 2 1 2 5 4 4 6 2 1 2 2 2 2 1 1 4 1 1 2 6 1 3 3 1 1 1 3 3 1 1 2 2 1 2 1 1 2 2 3 1 1 32 7 1 1 5 2 1 1 1 5 6 1 4 2 5 1 1 1 3 4 26 2 101 35 1 2 4 2 2 1 1 1 2 1 3 2 1 4 5 1 5 2 1 6 3 1 2 4 1 2 3 1 1 2 11 2 2 2 2 2 7 11 1 5 3 1 5 2 7 4 2 2 4 2 5 4 290 1 4 2 2 1 2 1 2 3 23 4 1 21 5 1 1 2 33 1 1 2 2 1 3 19 3 1 1 2 1 3 3 2 1 1
2 2 4 1 2 10 4 6 1 3 1 3 1 4 1 2 8 1 18 1 7 1 2 1 5 4 3 1 2 1 9 5 2 2 1 3 22 8 5 3 1 1 5 2 2 1 1 5 1 13 5 5 3 4 1 434 3 3 4 2 3 2 1 1 6 20 4 2 2 4 1 2 2 1 4 1 2 3 1 2 1 3 4 2 2 2 2 25 3 2 1 4 1 3 2 18 5 1 1 2 1 2 1 21 1 9 2 4 2 3 2 2 1 1 1 1 2 5 2 1 2 1 1 1 1 104 2 1 1 4 2 2 2 7 5 2 5 5 1 1 7 1 21 1 1 1 3 17 1 2 2 2 8 2 2 4 3 3 1 3 2 5 13 2 2 1 2 11 2 2 1 14 2 2 2 1 2 23 10 3 5 4 2 2 1 4 1 1 2 1 1 1 10 6 1 1 4 1 2 3
18 4 2 1 1 2 1 1 1 1 1 11 3 4 10 1 7 2 1 2 1 1 1 3 1 2 52 1 1 1 6 2 16 1 1 4 4 1 1 1 6 4 2 1 3 2 4 3 2 2 1 2 1 1 34 3 6 2 5 5 2 3 4 3 2 36 3 4 2 1 3 2 2 1 6 2 3 2 14 4 2 1 1 1 2 2 2 2 1 38 1 1 8 1 1 2 1 1 6 8 1 1 13 3 1 1 2 4 1 1 2 10 1 2 2 2 2 2 2 2 1 1 1 2 2 4 5 3 6 5 5 1 3 1 7 2 1 1 2 2 1 5 1 2 1 12 1 1 2 1 7 1 1 1 1 1 2 2 1 1 2 2 1 1 1 1 1 1 2 1 1 3 1 1 2 3 1 1 1 3 31 1 1 1 1 1 15 12 6 2 3 3 1 1 1 6 2 6 2 2
1 2 5 4 9 1 3 2 8 2 2 1 30 6 1 2 15 24 10 6 20 3 2 2 2 18 3 4 3 140 114 4 1 4 2 2 1 1 1 2 13 4 3 2 1 2 5 1 6 1 1 2 2 3 5 2 1 1 1 1 2 1 1 1 1 2 1 1 2 2 2 2 1 3 1 2 2 1 1 128 1 4 1 2 2 1 2 8 6 4 1 3 3 2 2 9 3 2 3 5 1 1 17 4 48 2 1 1 5 21 24 3 1 2 3 4 23 2 9 3 117 1 2 1 2 6 1 1 25 1 3 2 1 4 1 3 2 8 3 3 1 1 3 2 2 5 1 2 2 5 20 1 1 2 2 132 1 5 2 2 3 2 6 14 16 3 6 6 3 3 1 41 2 1 1 8 1 1 18 2 2 2 2 2 1 3 3 3 1 1 1 1 4 2 1 4 6 3 3 4
6 2 1 1 2 3 2 1 4 2 1 1 22 5 3 2 3 8 2 1 1 3 1 2 2 4 3 2 1 2 2 1 5 1 1 2 1 3 2 1 2 5 10 1 2 2 1 8 51 1 1 1 2 7 1 3 3 1 3 1 4 2 3 1 24 31 3 1 4 1 2 19 3 2 2 2 4 2 3 1 1 2 7 1 2 2 3 2 2 2 2 4 1 75 1 4 5 2 17 27 1 77 1 1 1 1 5 3 1 1 2 3 2 2 1 1 2 5 3 2 9 2 14 3 9 5 1 1 14 2 2 1 2 4 1 1 2 1 14 1 4 1 16 1 2 3 1 8 1 1 3 8 1 8 1 2 1 3 3 1 21 1 5 2 1 6 5 2 1 1 2 8 1 1 3 6 3 1 1 3 6 1 3 2 1 3 1 2 6 2 3 11 2 102 2 2 2 3 2 2
1 3 1 1 3 2 6 3 2 1 2 13 2 6 1 35 1 3 14 3 3 1 1 1 1 1 1 3 1 3 2 1 4 7 4 1 1 1 1 8 40 2 1 1 1 2 1 1 58 1 1 2 30 8 1 4 4 2 1 2 2 5 2 1 3 2 2 2 2 2 1 1 2 12 1 1 2 2 3 1 1 2 9 4 6 11 2 1 4 6 14 1 2 3 1 3 1 1 15 3 4 2 1 2 2 13 4 36 1 2 1 2 14 55 1 5 5 1 2 1 2 2 2 8 1 1 2 1 1 9 5 1 6 148 3 4 2 5 1 2 2 3 2 1 1 3 15 2 33 2 2 1 3 1 4 3 2 1 56 1 1 2 4 1 3 2 1 6 3 2 7 1 2 1 1 2 4 1 2 1 10 5 2 2 5 1 6 1 2 2 2 2 5 2 3 9 1 5 12 2
1 5 4 6 3 3 2 21 1 1 27 2 1 2 1 2 1 1 2 1 250 1 1 1 4 1 3 7 1 6 4 4 2 3 288 2 1 12 1 2 4 2 1 1 1 2 2 1 3 1 2 19 7 7 2 28 1 1 3 3 2 1 1 2 12 1 4 10 2 1 3 4 1 6 3 2 5 4 2 1 7 1 1 2 8 1 7 4 1 1 2 3 1 1 2 1 3 1 3 16 2 3 1 3 48 1 3 1 11 1 2 2 2 1 2 4 1 4 3 3 2 2 1 1 2 1 4 1 1 2 2 1 1 1 2 1 4 2 2 2 1 4 1 1 2 1 7 2 1 4 3 3 2 2 1 1 1 1 1 1 7 3 1 6 15 1 5 18 3 8 2 4 6 1 4 1 1 1 2 1 1 2 1 1 1 2 3 2 12 2 4 104 1 2 1 1 3 5 1 9
3 1 1 4 2 1 1 5 2 1 2 1 7 3 2 3 4 3 5 8 1 3 1 1 2 1 9 2 17 2 10 12 1 1 1 2 7 3 1 3 1 8 26 1 3 6 2 7 4 1 4 1 3 3 3 1 4 2 2 2 3 9 1 53 1 3 3 1 32 3 20 1 85 1 2 377 2 3 1 1 2 2 2 2 2 1 10 1 1 4 5 1 1 173 1 1 2 140 3 6 1 1 5 2 1 1 1 6 1 102 3 2 5 15 6 1 2 3 3 2 4 18 6 1 2 2 1 2 1 2 1 1 1 6 16 1 1 5 2 1 1 3 4 9 1 14 1 2 2 3 1 1 1 10 27 2 1 1 5 11 2 7 2 2 4 1 2 3 2 3 1 1 11 1 2 2 1 126 2 3 1 1 2 2 1 1 18 4 1 3 1 7 3 4 1 2 8 5 3 2
10 1 5 1 3 3 2 1 21 13 1 5 1 5 1 3 1 2 3 2 1 5 1 1 40 4 39 3 7 2 1 1 1 2 1 2 6 2 4 2 17 2 2 1 7 6 3 1 16 4 2 1 1 9 3 1 9 4 2 8 2 55 2 4 11 1 2 2 3 2 2 3 2 12 3 1 7 2 6 1 2 4 2 6 1 24 4 4 8 3 1 2 20 4 5 8 80 2 2 2 1 2 2 96 1 4 8 1 4 3 2 4 4 2 1 14 21 1 4 7 1 4 1 26 2 5 3 3 2 1 8 1 1 1 200 17 3 2 2 1 9 2 20 1 5 12 2 7 1 4 5 5 1 1 1 1 1 6 4 1 16 6 74 2 4 2 2 2 1 10 3 4 4 1 2 1 2 2 2 2 4 3 4 1 1 1 3 1 1 1 2 2 8 2 2 2 7 3 2 3
2 7 1 2 2 2 13 7 6 1 1 4 2 34 10 3 1 2 1 1 8 1 2 42 3 1 1 3 3 1 1 2 3 2 4 1 9 44 2 2 1 1 1 2 8 2 1 1 1 2 1 2 1 1 1 5 9 2 1 1 3 1 2 15 4 2 1 3 1 2 13 1 2 3 3 1 3 5 11 1 9 1 4 1 1 11 8 10 2 2 2 1 8 2 1 8 2 12 9 1 2 1 85 2 1 1 7 3 4 1 1 5 4 2 1 2 1 3 2 1 4 2 6 6 1 9 2 2 3 1 9 2 2 2 2 1 1 1 5 2 11 2 3 15 1 2 4 2 6 2 1 4 1 1 1 1 2 2 2 1 1 1 5 4 14 4 2 12 6 5 1 2 1 14 2 4 5 1 2 1 2 1 2 53 5 2 2 1 1 39 3 1 2 4 2 2 2 2 2 2
1 1 1 2 2 2 3 2 241 3 2 1 2 4 6 2 12 10 5 89 1 4 1 1 2 1 1 10 25 3 3 2 2 16 7 5 1 3 2 5 6 1 1 1 1 1 2 3 8 1 5 1 2 7 2 1 2 3 2 2 3 1 3 1 2 6 2 4 3 1 1 7 2 1 4 4 1 14 8 1 13 1 5 1 3 1 2 19 1 5 3 2 2 7 2 2 2 9 1 1 2 4 2 1 1 2 2 2 1 15 2 3 2 2 7 6 1 1 1 1 3 12 1 1 3 2 7 1 1 4 11 4 9 9 3 6 3 1 2 14 2 18 35 2 2 2 13 1 2 2 96 1 3 28 1 7 2 1 1 2 2 20 2 1 2 1 1 2 5 10 2 2 1 2 2 42 8 2 5 1 1 10 5 1 2 3 1 86 3 10 3 5 1 1 1 2 3 1 2 1
4 2 2 1 1 1 2 1 1 2 3 11 1 2 325 10 107 4 2 1 3 1 1 2 6 1 14 1 1 1 3 1 1 1 8 1 15 13 1 1 2 1 12 2 3 2 5 2 1 26 1 2 1 15 10 1 2 4 9 5 3 3 5 4 5 1 35 1 11 2 1 2 2 1 1 5 4 2 3 2 1 2 1 3 2 7 1 5 1 2 1 3 1 1 2 2 2 7 3 3 1 3 2 5 1 2 1 2 1 1 3 2 2 54 1 3 3 1 12 1 5 4 1 1 1 1 4 19 3 2 2 218 2 32 12 2 2 43 1 4 1 4 1 4 1 6 2 1 2 1 1 1 2 4 3 2 3 7 2 1 2 1 7 4 4 4 2 5 3 16 2 2 22 2 6 1 4 3 1 6 2 1 2 3 2 2 1 1 2 7 5 3 1 9 1 6 25 1 1 2
1 4 2 1 2 4 2 3 4 3 1 1 6 1 2 1 3 3 3 2 13 2 2 2 4 1 5 8 10 1 1 1 2 1 2 32 4 1 1 1 4 19 1 1 6 1 3 1 2 4 24 1 2 3 2 1 1 17 1 2 8 4 4 2 1 1 1 2 4 2 1 5 3 2 9 2 2 1 1 1 5 2 1 2 6 1 4 2 1 4 9 2 1 1 2 1 2 4 8 1 2 1 1 1 2 2 2 3 2 19 2 2 2 4 2 2 14 3 1 2 3 11 4 3 4 1 1 1 2 2 6 2 1 1 2 53 2 2 8 2 1 3 2 4 1 1 1 2 1 3 14 1 1 4 17 12 1 3 3 1 2 2 7 1 2 5 2 2 2 1 1 2 1 1 2 1 1 1 1 10 2 2 1 1 3 2 2 2 1 2 2 1 2 5 1 3 2 8 2 1
11 10 3 2 4 1 1 1 10 9 2 2 1 2 4 1 3 6 4 1 5 1 2 1 6 8 7 8 8 1 2 2 18 1 1 4 4 3 1 1 4 1 3 1 1 3 13 13 7 5 11 9 6 1 1 2 4 1 2 2 8 1 1 3 11 2 3 1 2 118 3 5 13 3 16 2 1 1 9 1 2 2 2 1 2 1 1 2 1 10 3 1 2 1 1 3 1 1 1 1 2 4 5 1 5 1 4 2 9 1 2 3 1 2 3 1 3 1 1 3 2 1 1 7 2 1 9 1 4 2 4 2 1 2 2 3 1 2 1 2 3 1 4 2 7 5 16 1 14 7 2 8 1 4 13 4 2 1 8 1 2 31 2 1 6 1 2 2 1 11 1 1 1 2 1 2 8 2 1 1 3 5 1 2 3 1 3 4 2 1 9 6 2 13 1 14 2 1 97 4
2 1 2 4 1 9 15 29 6 5 2 1 3 3 7 4 3 2 9 1 1 1 1 8 5 2 1 3 1 1 1 1 1 1 32 28 1 2 1 28 8 2 1 5 3 2 4 6 1 2 4 5 5 1 2 5 1 2 83 1 14 11 1 2 3 7 1 3 2 14 5 13 1 8 3 2 4 4 2 1 1 1 2 3 1 2 21 41 7 2 1 28 4 1 2 4 1 1 5 2 2 19 2 17 1 2 9 1 2 1 7 2 8 3 2 1 1 1 7 2 2 6 8 2 2 15 1 2 2 56 2 1 1 4 1 1 2 2 1 2 1 5 3 1 1 2 3 2 1 219 4 2 3 1 5 2 2 3 10 8 1 1 1 4 1 1 4 2 7 1 1 1 3 8 3 8 1 3 1 5 3 5 2 1 1 1 1 2 1 3 1 1 7 1 2 1 3 1 1 1
2 4 3 2 12 1 3 1 2 1 3 1 2 11 1 2 1 23 4 3 3 1 3 4 1 2 26 2 1 2 6 15 2 2 3 1 6 25 2 25 1 12 51 5 4 1 1 2 3 1 15 2 2 27 50 17 2 2 3 2 2 2 1 7 1 1 1 2 10 2 14 2 2 1 4 1 1 2 2 1 1 2 1 2 3 2 3 1 1 3 4 5 2 3 2 3 1 1 6 2 1 2 3 1 3 7 3 1 2 1 2 2 1 4 18 2 1 1 28 13 1 1 3 22 3 1 5 2 1 1 1 2 2 5 1 1 4 1 2 6 7 5 2 1 4 74 2 2 3 5 1 4 2 2 1 1 2 2 1 3 1 1 1 8 1 5 105 3 2 7 3 2 2 2 2 1 1 23 2 3 2 1 3 4 1 2 2 11 2 16 1 2 1 1 2 8 2 2 2 2
2 1 1 3 1 1 177 1 1 8 1 1 2 1 1 3 1 8 18 13 1 3 1 3 2 4 44 4 1 1 34 2 2 1 2 4 1 1 3 4 1 1 1 2 1 3 2 2 1 4 2 1 5 1 3 1 2 3 1 3 2 2 10 1 2 6 3 1 2 1 1 1 2 1 1 1 1 1 1 3 4 7 1 1 3 1 2 2 1 2 1 8 1 1 1 23 6 1 2 1 2 3 1 2 4 2 47 9 2 22 2 1 3 7 15 1 14 1 91 1 4 2 2 10 2 2 2 24 2 56 2 5 1 3 2 2 1 3 2 1 3 6 1 1 2 1 21 2 1 3 1 1 16 1 1 1 5 1 1 2 27 3 4 1 4 1 3 8 2 1 2 1 2 2 2 1 1 8 2 2 4 2 3 1 2 1 1 1 2 1 4 2 4 3 7 1 1 6 1 1
2 1 2 7 5 1 4 6 8 1 3 5 1 4 1 2 2 2 7 16 1 2 2 5 8 2 2 2 13 10 1 3 4 4 2 7 3 2 4 1 414 1 3 2 2 2 1 5 1 2 2 2 5 3 1 3 1 1 6 4 2 3 3 23 3 2 1 1 1 1 1 2 2 1 14 4 1 7 9 9 2 2 2 1 5 36 2 1 4 1 1 2 13 1 2 1 1 42 2 2 2 1 3 6 12 3 2 1 2 2 3 1 2 1 2 2 2 11 2 3 1 2 65 1 1 4 1 1 2 4 2 3 2 2 5 3 98 3 6 3 4 1 8 12 4 8 2 2 1 1 9 2 1 1 7 2 53 3 1 1 3 2 2 3 1 3 12 8 2 2 2 2 3 4 7 2 2 37 1 11 56 7 2 26 3 1 13 1 2 3 2 4 2 5 4 1 2 1 2 1
2 2 3 129 3 2 2 6 1 2 4 3 3 1 1 9 2 2 4 2 1 2 6 31 5 2 2 1 5 3 3 4 3 1 2 3 9 115 3 6 97 1 4 1 2 2 4 3 2 1 5 3 1 1 2 2 1 1 2 4 1 3 2 7 1 1 2 3 11 2 8 2 2 1 1 1 6 6 2 3 1 1 22 13 5 1 2 1 6 1 10 14 18 1 4 3 1 4 2 1 3 3 8 4 1 7 1 1 2 1 5 1 1 1 3 1 2 23 1 1 2 2 1 1 8 1 2 1 2 1 1 2 6 1 2 1 3 1 12 1 2 1 64 1 6 1 1 7 3 1 3 41 2 86 2 2 4 2 3 5 5 3 3 2 2 7 5 17 2 1 2 1 1 2 4 6 10 3 7 2 2 4 2 1 1 2 4 2 1 3 1 4 1 4 4 4 4 2 1 1
11 2 7 1 1 1 5 30 1 1 2 3 6 6 3 5 1 14 10 3 2 1 1 2 1 3 7 1 1 3 6 33 2 6 2 24 74 12 4 2 2 8 85 1 20 2 1 2 2 1 11 2 4 1 2 1 2 1 1 3 25 3 6 2 8 2 2 2 1 2 1 2 11 2 9 2 1 10 1 7 4 4 1 2 1 1 5 1 1 1 2 3 5 11 2 4 2 1 2 11 1 1 4 1 2 2 3 9 2 1 1 5 53 2 2 4 1 2 3 6 2 3 2 1 1 3 64 1 2 1 1 8 1 1 2 1 2 1 1 29 2 1 9 6 2 2 4 1 4 1 2 8 4 1 4 2 1 2 1 3 1 2 44 2 2 2 78 5 9 1 2 1 39 1 5 4 2 4 2 1 1 1 1 2 1 1 1 1 1 3 20 1 2 1 1 2 2 2 3 1
1 7 2 1 1 2 2 8 1 1 6 1 4 3 2 17 2 3 1 2 1 16 3 1 1 62 5 1 3 1 1 2 1 1 2 2 34 25 7 2 2 2 3 1 3 1 2 1 3 2 6 14 2 3 4 3 3 2 2 126 2 2 2 1 2 3 7 2 1 1 4 72 2 1 2 2 1 19 2 2 10 6 14 1 3 1 2 1 1 6 1 1 16 3 4 1 4 1 9 1 2 4 5 1 3 1 6 2 2 4 6 2 12 1 2 2 1 1 3 3 8 1 2 2 1 3 2 9 2 2 4 2 2 12 1 4 12 97 1 4 2 2 5 2 4 2 2 13 5 1 2 312 4 7 2 1 2 66 2 10 11 2 1 78 2 1 2 4 1 1 1 1 2 2 2 2 25 1 1 5 1 4 1 2 35 2 2 1 2 88 2 2 2 1 1 2 1 5 9 1
6 2 6 5 6 2 1 19 1 2 18 2 1 2 10 1 3 2 2 1 8 10 10 34 9 2 2 1 2 1 2 3 10 1 5 1 2 1 28 5 5 1 3 3 1 4 1 5 6 2 1 9 1 1 2 16 1 2 2 1 1 3 1 1 2 2 1 3 1 3 1 1 3 3 1 8 52 1 1 1 1 1 12 1 1 1 1 2 7 1 11 9 2 8 2 1 2 2 3 2 6 4 1 2 3 4 2 10 2 2 3 1 1 41 1 2 1 5 15 3 4 3 1 2 2 1 3 3 1 2 1 1 1 1 7 5 1 6 2 8 3 1 1 1 1 3 3 11 2 137 5 1 1 4 2 14 4 10 12 2 2 1 2 2 2 2 4 2 3 1 299 4 1 7 1 3 7 1 2 1 2 5 3 2 3 1 1 1 2 1 1 1 2 4 2 2 1 1 2 2
1 1 2 3 2 1 2 2 1 1 1 1 2 2 2 2 1 4 2 6 3 3 7 2 2 2 3 5 1 1 2 1 2 4 103 2 1 24 2 9 25 31 3 2 3 3 13 7 2 2 2 2 1 2 4 3 2 1 3 1 2 5 11 2 1 2 4 1 1 3 1 2 1 2 5 3 2 1 2 1 2 3 9 2 2 77 15 25 1 3 4 5 2 52 46 3 2 1 1 5 6 4 2 17 28 2 1 9 1 1 2 3 1 4 1 1 2 2 2 2 2 4 2 1 2 19 1 1 2 3 2 1 2 2 12 5 12 1 1 28 6 2 1 4 4 2 1 1 1 3 2 1 1 1 2 3 1 1 3 2 2 5 2 1 8 415 1 1 2 3 1 1 1 1 2 15 3 2 1 1 343 2 4 2 2 2 2 5 1 1 2 2 3 4 1 12 2 40 5 3
1 7 3 1 1 1 4 13 7 1 2 7 1 2 3 2 1 1 5 2 53 1 4 1 3 4 1 3 3 1 1 5 7 2 2 1 3 1 2 3 7 2 1 1 3 2 5 1 2 3 5 1 1 1 1 1 1 2 10 1 1 3 3 2 2 1 18 1 8 5 2 2 1 2 1 14 1 1 1 3 8 5 1 3 1 6 1 1 1 4 2 1 1 1 2 1 3 2 7 5 9 1 1 7 2 7 2 1 2 1 2 2 3 5 1 3 1 2 2 1 1 1 5 37 1 1 2 3 4 1 3 4 5 3 2 4 2 1 2 1 2 7 2 2 3 2 1 1 2 2 1 9 1 1 3 1 23 2 2 4 1 12 4 1 2 1 24 1 3 1 1 1 1 1 1 8 1 5 15 2 1 2 1 1 5 1 2 2 1 2 2 2 3 2 4 3 1 2 1 2
3 1 1 1 1 12 2 1 6 3 4 5 1 2 1 1 2 1 2 1 2 2 2 6 2 2 2 2 2 4 1 3 2 1 5 1 79 1 1 1 2 8 1 3 2 1 15 2 2 35 2 5 1 2 1 11 2 2 12 2 2 2 2 2 2 2 5 12 1 1 1 6 56 1 3 4 4 1 14 4 9 23 2 3 1 3 1 1 12 1 2 2 3 7 3 2 2 1 2 2 208 3 1 3 115 65 2 3 17 3 2 1 5 1 3 1 1 19 2 57 2 1 53 6 8 2 1 2 8 11 15 3 1 2 1 2 1 4 2 1 72 1 2 1 1 1 1 1 1 2 1 1 3 1 2 80 3 2 3 2 2 1 2 5 1 3 2 1 1 37 5 3 1 2 2 2 3 1 2 7 34 16 9 3 2 12 4 1 2 1 1 1 2 1 1 2 1 2 1 2
2 2 1 1 8 12 1 3 1 1 2 14 1 9 2 5 7 4 11 1 1 4 2 2 2 1 3 2 11 1 3 1 2 27 2 1 18 5 12 1 1 3 1 3 11 2 17 1 1 1 1 2 1 21 1 1 3 2 3 2 3 4 1 1 4 1 2 2 2 4 2 13 4 5 6 2 1 2 1 1 2 2 1 4 3 1 2 1 2 4 2 7 2 3 2 5 16 1 3 3 4 1 2 1 1 2 3 3 4 1 4 4 1 2 7 2 1 3 4 210 3 2 2 76 2 2 1 2 1 9 4 2 2 1 7 2 1 2 1 3 8 1 3 2 1 3 2 1 1 5 1 19 14 1 4 3 2 1 1 20 47 3 6 1 1 4 1 2 3 2 5 1 5 1 4 2 7 1 91 3 2 3 2 2 1 1 1 71 2 3 7 1 1 1 7 2 2 159 1 8
2 4 2 1 1 1 1 2 1 3 4 3 7 1 1 1 1 1 1 1 1 2 3 5 1 2 8 1 7 1 2 12 3 2 2 1 1 1 15 1 1 1 2 2 1 3 11 2 43 1 1 1 7 22 3 1 1 4 25 2 17 4 2 17 1 2 1 1 6 4 3 6 2 3 9 3 2 128 6 1 23 4 4 1 1 2 6 1 1 2 1 2 2 2 208 2 1 14 93 38 1 5 1 1 1 1 2 1 1 3 2 1 4 2 3 8 6 3 1 5 3 1 7 4 2 8 2 2 3 2 1 2 2 2 3 1 5 1 3 1 2 1 2 2 1 2 3 1 2 3 2 3 2 6 24 2 2 1 3 1 1 1 3 2 1 1 2 7 1 2 6 1 1 2 1 2 2 3 1 1 2 1 1 1 1 2 1 1 1 3 1 2 9 2 4 1 1 9 2 2
3 2 2 4 2 2 2 6 14 2 1 2 2 1 7 1 2 3 3 6 1 3 2 3 3 4 1 127 3 1 1 1 2 2 1 10 1 1 2 2 1 5 4 6 1 2 1 2 1 1 2 1 1 2 4 2 3 3 1 4 38 1 2 2 1 5 1 2 10 2 3 13 17 3 2 5 1 2 7 2 15 3 18 1 1 4 2 12 3 7 4 2 2 2 2 18 6 1 2 2 2 2 2 2 2 109 1 2 7 24 2 2 5 4 7 2 19 1 3 1 1 1 2 2 32 3 1 4 1 4 2 1 1 10 7 1 5 1 2 1 1 31 12 2 4 3 403 4 1 2 4 41 1 2 1 1 1 404 29 3 2 7 42 8 11 1 1 17 2 3 2 499 2 2 1 2 1 3 2 1 1 1 1 1 2 6 1 2 2 2 2 17 1 2 3 1 34 2 2 2
2 1 2 1 1 21 1 1 7 3 1 1 1 2 1 1 1 1 1 2 4 2 5 4 7 2 1 2 7 24 6 2 1 9 1 2 2 2 3 14 1 9 3 1 10 2 9 4 1 3 2 3 1 4 3 47 3 2 1 1 1 2 1 3 15 1 7 3 1 4 14 2 1 2 1 1 4 1 3 1 3 1 1 1 4 11 8 8 6 3 1 1 29 1 4 3 2 2 1 1 25 1 4 1 1 3 9 8 1 1 2 6 2 3 25 22 1 3 1 1 1 3 6 1 8 1 3 5 3 1 401 1 1 15 24 1 4 2 1 2 1 2 4 1 2 2 1 6 3 2 3 2 2 2 3 2 16 2 1 2 2 6 4 12 4 7 2 1 5 3 3 1 2 15 2 1 2 2 1 12 1 1 6 2 2 3 1 1 1 5 1 10 7 1 1 8 2 4 2 1
2 1 1 1 1 1 119 12 1 1 3 2 1 1 2 1 2 2 2 1 15 4 1 1 367 3 1 1 2 1 1 1 6 2 2 2 3 1 2 2 1 1 1 3 5 1 1 1 2 2 10 1 1 3 2 1 1 10 5 1 1 1 18 1 61 2 4 1 3 2 2 3 2 8 20 3 1 49 2 2 8 2 5 1 2 1 13 2 1 5 1 2 1 3 1 2 2 4 55 2 4 1 1 1 7 11 3 2 1 1 4 1 1 1 2 1 2 3 2 2 1 3 1 2 8 2 1 5 9 1 75 1 1 26 2 1 1 1 1 3 4 3 6 5 2 2 25 1 2 1 1 1 1 1 4 3 3 3 2 2 1 4 1 3 1 2 2 10 1 1 31 2 5 1 3 4 1 2 2 4 4 1 7 2 1 23 2 1 1 1 23 1 1 1 1 2 2 4 2 2
4 2 2 1 1 7 13 1 23 1 1 2 1 4 4 2 6 6 3 2 9 6 4 8 2 2 3 10 1 3 1 3 2 2 26 1 3 1 2 5 1 1 1 11 8 1 8 5 2 3 1 107 2 5 3 3 1 1 1 6 2 1 2 1 6 1 1 1 1 2 2 7 2 1 2 3 2 1 9 2 4 6 2 58 4 101 1 3 1 6 3 2 2 2 2 4 2 2 1 1 1 1 47 3 1 3 6 1 3 4 2 40 14 2 2 1 3 2 1 1 1 1 3 1 1 2 1 2 10 1 5 12 12 2 2 4 6 12 9 1 3 2 2 5 1 2 1 2 3 2 1 1 2 1 1 17 1 1 1 8 1 2 4 1 18 1 1 3 11 3 5 2 6 4 1 6 2 1 1 1 7 3 1 2 2 1 3 1 398 7 3 1 2 3 4 1 2 1 6 4
1 1 1 2 4 7 3 1 3 4 1 18 22 3 1 1 1 1 1 4 3 17 10 7 2 1 1 1 8 4 5 10 1 6 1 1 2 2 1 2 4 1 247 4 8 1 11 6 2 1 3 2 1 1 1 6 1 1 1 3 2 1 6 56 1 2 64 30 1 1 1 165 2 4 3 2 2 3 11 1 1 2 1 3 1 1 1 5 1 2 8 2 8 22 2 2 1 3 13 1 1 2 128 48 1 17 4 7 1 2 7 2 1 3 1 1 2 1 10 5 1 52 10 2 19 1 3 3 4 4 2 5 9 1 9 20 3 15 1 5 3 4 1 1 14 12 1 4 1 1 2 1 2 4 2 4 29 1 3 1 3 5 9 2 2 3 1 2 8 2 1 1 1 3 8 2 4 79 1 7 1 1 7 1 1 2 4 97 1 7 1 1 1 2 1 4 12 14 1 1
4 2 1 1 2 2 5 1 2 1 5 1 1 2 1 5 1 2 1 4 5 3 3 2 2 3 2 5 2 4 4 1 2 2 2 22 2 3 3 1 1 2 1 1 94 14 12 1 5 26 3 3 2 2 2 36 37 29 2 2 1 3 5 1 3 2 3 22 1 6 82 2 2 4 2 1 2 2 2 2 39 9 1 2 3 5 1 2 2 1 6 3 22 3 10 1 2 5 3 61 3 5 1 1 1 25 2 4 3 5 5 2 3 2 3 1 2 1 2 21 8 2 2 2 24 6 3 4 4 1 4 2 1 1 9 9 2 4 119 4 2 3 1 14 3 1 1 5 3 4 2 2 1 2 3 1 1 25 2 1 40 1 2 2 1 3 4 2 2 4 2 4 2 2 1 1 1 1 1 2 6 2 1 16 1 1 2 3 3 2 3 3 3 1 5 1 79 2 25 1
12 2 1 1 13 1 6 13 2 1 2 3 1 2 2 2 2 2 1 1 2 1 1 1 1 5 3 14 2 3 3 1 71 15 20 2 1 4 2 2 4 1 10 4 1 2 1 1 1 3 1 2 3 1 4 1 2 4 6 2 1 14 2 10 6 10 3 4 2 2 3 7 4 1 52 6 1 1 2 1 1 2 3 4 1 2 7 8 2 2 5 2 34 2 1 1 1 1 3 2 2 1 2 1 1 1 5 2 3 2 3 4 1 2 1 2 2 1 2 1 2 1 5 14 14 4 11 1 2 1 1 9 4 13 1 1 1 2 1 5 1 3 2 1 1 1 1 5 2 1 1 4 6 2 2 2 2 1 1 2 3 1 2 1 5 3 1 2 2 2 3 2 1 1 1 2 3 1 5 3 1 1 4 3 4 1 20 5 1 2 5 3 15 1 2 1 1 2 18 3
1 5 3 2 1 5 3 1 2 2 5 2 5 2 1 2 1 1 1 1 1 4 4 2 2 4 1 90 2 1 1 1 5 5 1 4 4 2 1 26 1 1 3 2 6 2 1 10 1 1 2 2 1 8 1 4 5 5 2 1 1 2 12 11 1 21 2 27 4 4 4 2 2 3 4 3 11 2 2 1 2 2 1 1 4 2 7 1 1 7 2 3 2 1 13 2 9 1 499 3 1 3 1 3 2 8 2 3 6 5 2 10 1 10 4 2 1 2 2 4 2 1 4 2 4 1 1 2 1 3 2 4 1 7 2 1 1 4 1 1 5 1 2 2 3 49 1 3 1 4 2 1 1 4 2 1 1 6 19 5 1 2 4 1 1 2 2 2 1 4 3 5 7 1 4 1 6 1 1 9 1 1 3 1 1 2 5 1 1 3 4 1 1 15 2 2 5 2 1 2
4 27 2 2 1 2 1 3 16 1 1 1 1 1 4 1 6 1 5 2 8 3 13 2 19 1 1 2 5 1 1 1 2 1 2 3 2 2 2 21 1 3 15 3 1 179 1 1 2 2 1 2 2 27 2 1 2 1 3 3 1 2 3 1 1 2 1 6 1 2 1 16 1 12 2 1 3 3 2 1 2 7 1 1 1 3 5 1 5 1 1 26 1 1 2 10 17 1 3 2 1 1 3 2 3 3 2 2 1 1 4 1 23 2 5 3 3 7 2 2 6 1 1 3 1 1 2 2 4 18 2 4 2 2 3 2 1 1 4 1 2 1 10 1 6 2 8 1 1 2 4 339 1 2 2 2 3 1 32 2 2 1 12 6 7 1 22 1 4 1 1 2 1 1 1 3 3 12 3 1 2 1 1 2 3 3 1 6 1 7 48 5 14 3 2 2 15 5 2 1
2 2 2 16 2 1 1 1 4 1 1 1 2 1 73 9 8 1 4 17 2 1 1 3 1 1 3 1 15 1 49 2 1 1 13 4 4 1 3 6 2 5 2 3 41 2 1 3 2 4 1 3 1 17 2 11 18 1 2 9 45 1 11 3 3 1 3 3 2 3 2 2 2 1 2 3 2 2 2 3 1 1 20 1 1 6 2 25 1 1 2 4 4 2 1 2 2 18 10 1 1 1 2 2 6 21 1 4 2 3 3 3 7 2 2 2 1 1 7 19 2 3 1 3 2 57 2 2 7 2 2 4 2 41 1 6 2 6 10 2 1 1 2 1 12 1 2 1 13 6 2 2 1 1 7 4 1 3 10 3 18 331 30 2 3 1 21 2 2 11 5 4 3 2 1 2 2 13 2 14 2 89 4 1 2 1 4 5 2 1 1 3 1 2 2 1 3 2 1 1
8 9 1 2 1 7 1 1 12 7 189 5 2 3 2 4 2 1 8 2 6 1 1 3 2 5 7 3 1 4 1 2 2 25 14 2 1 3 1 15 1 5 51 1 39 4 2 1 3 2 4 1 6 1 8 17 1 2 2 1 2 7 1 1 1 2 2 2 1 5 1 3 2 1 1 1 2 6 2 2 1 9 2 2 5 1 1 3 1 2 1 2 3 2 8 2 1 1 28 1 1 1 16 3 2 1 7 14 2 3 1 1 1 15 2 3 2 25 6 2 1 1 1 2 1 13 5 3 3 2 2 1 2 4 2 2 4 12 9 1 1 4 1 29 13 1 27 1 2 1 24 1 1 2 2 3 4 16 3 3 1 3 1 1 1 31 2 3 2 1 1 2 3 19 1 1 1 1 5 3 5 3 1 3 6 4 1 1 1 14 2 2 3 1 3 1 2 4 1 2
4 2 7 1 5 2 3 1 1 4 1 2 3 3 3 25 1 4 1 1 1 2 1 2 1 3 2 2 3 2 1 2 1 13 1 51 3 2 11 2 1 1 1 32 8 5 2 2 2 2 1 3 2 4 2 40 1 6 219 15 1 1 4 26 18 1 1 2 2 1 3 2 2 3 1 15 10 15 1 2 1 13 12 1 2 1 1 2 1 1 6 1 1 7 4 1 7 1 1 4 5 1 1 3 3 3 8 12 1 8 1 15 3 4 2 1 2 2 2 7 1 1 4 1 23 4 4 3 14 2 13 15 3 2 1 1 3 2 5 6 2 1 6 2 2 4 1 4 1 6 4 37 1 4 2 8 2 2 2 167 1 3 1 1 3 1 31 1 3 8 9 4 2 3 1 2 2 4 9 132 4 3 2 1 157 1 4 4 2 2 11 2 3 2 4 4 2 12 2 1
1 7 5 21 3 3 2 2 6 7 3 2 3 4 1 7 1 2 1 1 3 17 2 3 2 3 3 2 2 3 3 1 4 16 2 4 3 3 3 1 1 9 4 3 1 1 3 1 2 1 1 1 1 3 1 2 5 1 2 4 2 13 20 1 2 2 1 1 5 1 21 1 3 4 2 2 2 5 3 6 1 2 4 2 3 3 1 1 13 3 1 2 1 3 2 7 1 5 1 4 2 2 1 1 16 12 1 6 1 1 1 2 3 19 4 1 1 101 3 1 1 1 11 13 7 2 2 1 12 4 2 3 2 2 1 1 3 9 1 7 6 9 2 2 5 2 9 6 3 1 1 4 1 57 7 25 2 4 2 2 5 1 4 3 2 1 13 2 2 3 2 2 3 117 1 3 7 2 14 9 1 3 3 3 1 1 3 1 2 5 6 16 1 1 2 29 3 6 2 7
2 2 9 1 3 2 14 1 2 1 3 6 1 1 8 1 2 2 1 3 3 6 1 10 2 1 4 1 7 1 1 1 2 9 1 4 1 13 2 1 4 3 1 1 1 2 107 1 1 1 4 2 4 1 2 1 5 1 1 1 1 8 3 3 1 1 1 3 2 2 20 2 4 2 2 4 4 1 1 1 2 3 1 2 3 3 3 2 1 1 1 2 2 2 72 1 1 11 1 2 4 1 1 2 1 2 2 2 2 11 2 48 1 13 1 2 2 4 3 2 3 2 2 2 4 3 2 2 45 2 2 1 19 2 13 7 1 3 5 1 14 2 1 1 9 46 3 1 2 1 7 1 4 2 12 26 7 3 1 2 2 3 41 3 2 3 1 1 1 4 3 2 5 1 2 3 8 1 2 5 19 3 2 1 1 2 7 4 7 1 1 3 6 3 7 2 1 3 1 9
1 2 2 1 3 4 4 1 8 1 1 4 2 1 1 2 3 2 3 2 3 1 10 4 5 2 2 14 88 2 2 4 7 2 5 2 3 2 7 1 1 1 9 455 2 2 1 8 1 3 2 2 1 2 2 2 1 2 2 2 3 8 2 2 1 2 2 1 2 1 1 3 2 2 2 2 3 6 1 2 1 2 2 1 4 1 3 4 2 3 2 5 1 1 1 3 3 3 4 11 53 2 8 1 1 3 1 2 2 1 4 1 5 5 14 1 2 1 2 20 1 14 2 28 93 1 14 1 143 28 1 3 1 7 2 65 1 1 7 2 3 2 2 2 2 1 2 2 3 1 4 8 2 4 4 10 4 11 2 3 2 2 4 5 9 2 3 3 1 2 78 1 3 1 2 2 1 4 3 1 2 16 1 30 7 2 6 1 1 1 206 2 1 1 1 2 1 1 7 9
1 32 3 1 1 2 2 3 24 5 3 2 44 1 1 3 2 4 1 4 7 1 3 1 7 48 12 2 6 2 2 2 2 1 1 2 11 9 6 2 2 3 1 9 1 1 1 2 2 2 1 1 3 2 3 5 3 3 3 2 13 3 1 1 3 2 8 1 3 1 53 2 11 3 4 1 3 1 2 2 18 3 2 1 1 2 6 8 483 28 1 1 2 3 31 9 41 1 1 1 2 1 1 2 2 3 15 6 1 4 13 2 2 1 7 2 2 14 1 2 1 3 5 1 2 2 5 3 20 8 1 3 6 2 11 1 3 1 2 1 2 1 2 1 3 3 47 3 1 2 2 1 32 5 5 1 1 3 2 1 3 2 7 2 6 1 2 3 1 2 2 14 6 4 2 2 1 1 1 1 2 23 1 1 1 8 1 1 2 7 22 1 4 3 11 4 2 4 4 8
1 6 1 5 20 1 1 4 1 2 1 4 2 6 3 1 3 5 1 1 2 9 2 1 8 49 123 1 17 2 7 1 3 4 8 25 1 5 2 2 1 2 12 1 2 1 3 2 1 1 1 11 1 17 48 4 1 4 3 3 12 3 2 1 2 1 1 2 39 2 1 2 1 32 5 2 2 1 1 1 2 3 1 1 2 1 2 2 1 3 3 1 2 1 1 1 1 1 4 1 4 2 2 1 2 6 56 1 1 2 21 2 1 1 2 3 1 1 1 2 1 1 1 2 1 2 1 1 1 2 5 1 1 2 2 1 3 2 36 6 2 2 7 2 2 3 1 1 16 3 2 1 1 1 2 1 1 1 1 3 2 2 3 2 1 1 2 3 2 1 1 10 3 2 2 2 1 34 10 1 9 6 1 4 4 2 1 2 1 2 3 1 8 1 1 2 2 1 1 2
1 7 2 16 2 2 1 1 1 2 3 24 1 2 1 1 2 2 2 8 4 4 1 2 1 12 2 2 3 1 5 1 1 1 1 8 3 1 4 2 6 3 2 12 2 2 2 1 7 1 3 1 2 2 1 8 3 5 2 2 4 1 1 2 2 5 3 3 2 2 1 2 2 2 3 4 2 3 2 4 2 2 1 18 2 2 1 2 2 1 1 2 5 1 3 1 2 3 11 2 2 4 16 5 1 1 2 7 3 2 14 1 1 1 2 2 4 17 2 3 208 10 1 4 2 170 9 2 6 1 3 2 2 1 5 2 1 2 4 4 2 1 2 4 5 1 2 1 1 2 1 6 2 1 1 5 1 5 1 1 1 6 57 22 3 11 7 1 3 1 4 2 1 1 2 2 1 10 2 2 1 1 1 2 1 1 3 1 23 2 2 3 1 2 12 3 65 2 1 6
1 2 1 3 38 4 2 4 2 2 7 1 13 4 1 2 4 1 4 4 2 4 3 17 2 1 2 7 1 1 5 1 1 2 4 2 1 1 2 4 2 2 1 2 5 5 3 12 5 2 2 1 2 2 13 3 1 5 15 1 3 3 2 2 1 2 4 4 2 2 2 3 2 7 2 4 2 2 23 14 3 12 21 2 2 7 14 2 5 1 3 1 5 3 1 2 1 1 1 1 3 5 1 1 2 5 47 8 1 1 1 1 1 2 2 2 2 2 1 1 5 3 2 2 91 1 2 2 1 4 2 2 3 2 1 11 5 1 1 1 2 3 3 3 4 2 5 2 1 2 2 1 2 40 5 95 5 1 5 3 3 25 1 13 1 13 2 2 3 444 2 3 2 1 1 1 1 1 12 2 2 1 18 2 9 5 2 5 1 1 21 1 2 24 1 7 1 6 22 1
1 2 1 1 2 14 1 1 6 2 4 2 1 1 2 1 2 4 1 1 1 3 2 2 3 7 1 1 2 23 4 3 4 5 2 8 1 8 1 1 1 1 2 2 1 5 1 4 2 1 2 15 3 1 1 5 1 10 1 1 1 2 5 1 2 17 1 5 1 2 61 3 2 7 3 2 4 3 12 2 1 57 2 3 5 50 4 1 3 4 10 2 1 20 1 21 12 2 2 2 5 2 1 3 2 1 3 5 1 19 4 23 2 9 2 1 1 4 3 2 2 2 1 2 25 2 4 3 15 3 3 1 2 2 1 1 1 1 1 1 37 3 3 3 7 1 3 3 2 5 1 1 7 1 2 3 2 1 2 1 4 1 10 2 2 11 1 8 2 2 2 1 2 7 2 1 6 3 1 4 3 3 1 2 1 4 15 3 9 2 4 1 1 2 37 19 5 3 1 1
3 2 1 4 3 2 1 2 4 3 2 2 1 2 1 3 2 2 7 2 2 5 1 10 2 4 1 12 1 5 5 1 12 1 1 10 9 12 1 8 3 1 8 2 3 117 11 1 5 5 4 4 16 2 2 1 3 8 1 3 1 3 2 1 2 1 2 2 3 21 1 2 2 1 1 9 2 4 4 20 2 5 1 4 3 3 2 2 2 2 5 6 1 3 2 4 4 1 5 1 2 4 3 2 3 7 1 2 1 1 2 1 1 4 2 2 2 5 1 2 1 5 2 2 2 1 1 2 1 2 5 2 4 1 2 1 5 2 10 1 1 10 8 1 1 3 8 3 9 6 150 5 3 20 1 2 2 1 2 1 1 1 2 10 1 1 1 3 4 7 1 2 1 3 1 1 1 14 1 11 2 1 3 3 2 2 10 3 2 2 5 1 1 10 8 20 3 2 2 1
27 7 12 3 1 9 7 2 1 11 1 9 2 3 1 3 22 1 2 1 2 2 2 1 2 1 1 89 1 2 2 3 4 2 1 4 4 6 1 4 1 2 2 1 1 1 3 1 2 4 6 1 2 5 1 2 1 2 6 2 3 1 2 1 2 181 1 3 2 3 5 1 2 2 2 4 2 2 2 4 27 9 1 2 9 1 2 2 7 10 2 1 6 2 3 3 1 7 1 3 4 1 1 2 9 1 5 4 11 1 1 37 1 3 1 1 3 12 1 1 1 2 2 4 6 2 2 9 2 1 1 1 4 1 1 1 12 1 3 1 1 7 1 1 4 2 3 1 2 2 4 4 7 4 4 1 1 2 3 12 4 1 1 1 4 1 4 8 3 7 1 2 2 2 1 6 2 8 2 7 1 1 2 2 1 1 4 3 1 5 2 1 1 2 2 12 3 6 2 2
100 2 1 1 13 4 11 3 7 2 1 2 1 1 20 2 5 3 1 2 1 5 5 5 4 3 2 2 1 6 2 2 1 5 3 2 1 1 2 2 2 2 5 3 1 1 1 2 12 3 1 8 1 1 2 2 1 3 7 8 4 3 1 2 2 5 18 2 26 1 19 7 2 2 17 1 3 1 50 3 2 10 2 1 1 1 19 3 1 1 4 2 2 2 5 2 1 1 1 30 1 1 1 6 1 2 5 2 2 3 1 1 1 3 1 2 2 1 51 2 3 1 1 1 3 2 2 2 2 2 3 8 12 2 1 2 1 1 1 1 118 1 3 2 3 3 2 1 2 2 1 1 1 1 3 1 2 1 3 3 3 2 9 3 4 3 2 1 2 1 5 1 2 6 1 9 10 2 4 3 1 4 2 2 6 1 1 21 1 2 7 2 11 9 2 35 2 49 4 1
2 12 2 1 6 1 1 1 2 1 2 2 3 12 1 1 1 7 4 2 1 2 1 2 2 6 3 1 1 2 7 5 1 3 3 2 11 2 1 63 1 7 2 2 1 1 2 2 1 2 4 12 1 3 3 1 2 4 3 1 2 4 2 2 3 6 2 43 2 2 3 2 2 8 3 1 4 1 1 7 1 19 85 2 3 6 4 1 1 3 4 6 2 2 4 2 1 17 2 19 19 1 10 6 2 15 1 4 1 14 8 1 4 2 1 5 2 3 6 5 1 2 1 1 3 2 8 8 1 1 2 3 1 2 4 3 9 1 2 13 1 1 4 3 2 1 8 8 2 1 1 2 1 6 1 1 2 13 6 2 1 1 2 1 7 2 6 1 3 1 5 3 5 1 2 2 1 7 2 1 1 1 2 8 8 2 2 1 1 2 3 1 1 1 1 2 3 2 5 1
1 4 1 1 2 3 7 1 1 1 2 2 2 2 1 1 2 6 12 5 2 2 3 5 2 3 3 8 8 1 2 1 1 2 26 6 3 3 3 2 9 2 2 2 1 8 75 2 1 1 1 1 1 1 1 2 10 1 2 1 2 9 3 2 5 1 11 5 1 10 1 16 4 1 8 1 1 7 2 4 3 2 2 3 3 2 2 1 5 2 1 6 1 1 1 1 1 1 5 54 1 4 1 2 10 1 5 2 1 2 3 2 2 3 1 2 3 3 1 3 1 2 2 10 19 14 35 2 2 10 3 3 4 2 3 1 2 1 2 1 22 5 1 2 1 33 2 3 4 2 4 1 2 3 2 14 20 3 3 6 2 3 1 1 4 4 2 3 2 1 8 2 1 11 1 1 1 1 66 1 7 1 2 8 10 11 20 2 4 1 39 3 10 1 2 7 2 1 1 12
1 3 1 1 1 6 2 6 1 2 7 1 1 4 4 13 4 2 1 46 3 28 2 4 2 2 9 1 2 1 8 4 2 1 4 9 1 9 1 1 2 4 2 4 4 3 2 3 1 2 3 6 1 1 2 3 21 1 2 5 4 2 2 1 1 3 1 1 1 1 1 1 2 2 1 2 2 2 12 27 3 1 2 1 2 1 2 1 2 1 2 5 1 2 1 1 3 4 2 2 14 5 22 17 1 6 6 56 18 1 1 2 3 1 1 1 2 2 2 3 1 3 2 2 17 2 2 2 1 3 3 2 1 3 2 58 29 331 12 4 14 6 1 7 3 2 5 4 3 4 6 5 1 2 2 2 4 3 3 4 2 1 4 3 2 2 11 2 1 1 1 3 2 4 2 5 2 1 1 7 14 3 2 2 2 6 1 2 4 4 5 5 1 3 38 5 2 2 2 1
2 4 2 4 2 5 1 8 3 2 11 2 2 4 2 1 5 1 3 4 9 1 1 2 6 1 3 1 1 1 58 1 2 1 3 1 2 3 1 1 2 1 1 1 19 6 5 4 2 2 1 1 1 3 12 3 6 1 2 3 3 1 3 12 4 7 1 1 6 2 3 4 26 1 2 2 1 1 1 2 3 2 13 1 39 1 2 1 5 1 15 4 1 1 10 6 1 1 2 1 2 13 2 4 4 2 1 2 4 4 9 4 3 2 1 9 3 1 4 2 4 2 1 1 8 1 4 1 2 3 1 2 11 2 2 1 1 2 2 1 44 1 6 1 4 2 1 1 2 2 3 7 1 5 1 29 21 11 1 2 2 1 2 5 2 1 5 2 2 1 3 51 142 2 1 1 2 1 1 3 4 1 2 2 18 204 2 1 1 1 4 2 4 3 5 1 4 1 6 5
20 5 1 6 15 10 1 1 3 1 2 45 1 12 2 2 2 2 2 8 2 2 1 2 2 6 3 2 1 7 2 2 2 1 11 2 1 6 2 3 1 1 1 10 3 2 2 2 3 2 1 10 1 2 1 6 2 2 5 3 3 3 2 3 1 2 1 2 5 7 5 2 2 2 2 7 7 2 3 2 1 3 3 1 2 2 1 9 2 11 2 1 3 1 1 2 1 2 2 3 1 7 7 1 12 115 2 1 2 3 1 2 2 2 2 5 3 2 2 3 2 2 5 7 1 1 1 1 10 2 1 3 2 2 2 2 1 6 2 2 5 9 1 1 2 3 20 2 45 1 2 39 2 10 1 123 2 3 1 1 6 2 1 1 2 20 3 2 1 1 3 1 8 2 2 6 2 1 6 4 1 1 2 59 3 8 1 1 12 7 2 1 1 4 1 1 3 1 9 8
1 1 2 2 13 1 11 1 1 1 1 2 4 1 1 4 2 1 2 2 2 2 1 1 1 4 2 1 3 1 1 1 1 2 1 3 1 4 2 4 20 4 3 1 3 2 1 1 1 4 3 1 3 1 10 1 1 3 3 2 1 2 1 2 8 226 4 1 2 2 14 1 6 5 5 4 4 2 29 2 2 1 57 1 1 2 3 2 3 74 3 1 5 1 1 12 6 4 18 1 6 2 2 2 1 2 12 3 1 5 90 4 2 1 4 3 16 1 2 4 17 1 1 1 2 15 1 4 3 1 12 3 10 1 1 5 1 2 1 1 15 1 2 22 3 4 1 2 2 3 5 2 1 1 4 8 5 5 2 7 1 6 2 4 1 4 2 11 3 1 4 3 4 2 1 2 2 8 2 1 2 1 18 2 1 31 3 1 1 3 9 284 4 3 2 31 1 6 6 1
10 19 1 2 1 1 5 2 5 1 3 8 1 1 1 215 6 2 1 9 2 3 3 1 2 6 2 1 5 1 2 7 4 2 2 93 2 1 10 6 2 1 9 1 1 2 1 20 6 1 2 3 3 1 28 5 7 3 3 2 4 2 152 1 8 1 3 2 8 3 2 6 3 3 1 17 3 2 23 1 4 15 75 1 1 4 1 260 4 2 1 2 2 2 3 1 1 2 17 2 2 1 2 70 4 2 8 7 2 1 19 3 2 1 2 2 8 21 2 1 3 1 3 1 2 2 2 2 3 1 1 9 2 7 4 2 226 400 2 5 1 5 2 1 148 3 1 2 1 1 220 1 1 1 1 41 3 3 6 7 3 7 1 1 5 1 2 5 2 10 2 1 1 1 1 1 9 2 2 3 3 5 2 2 2 9 2 2 1 1 1 2 2 2 3 18 4 2 1 1
196 2 3 226 7 2 2 3 22 1 5 1 1 3 4 1 2 370 1 3 4 31 1 6 2 1 2 19 2 9 3 1 2 4 1 2 1 13 4 3 1 1 2 1 1 3 100 21 4 1 1 6 34 9 5 2 1 1 1 2 1 2 1 4 9 2 1 3 8 1 11 2 1 2 2 1 1 1 1 1 4 12 163 2 11 1 15 1 2 10 2 1 1 4 57 1 1 5 2 1 2 3 1 1 7 2 4 4 2 2 10 1 2 42 3 67 4 3 2 1 2 7 1 1 2 1 37 2 10 2 4 5 1 2 1 1 3 10 7 1 2 39 3 1 1 8 1 2 3 3 1 1 1 3 3 1 5 1 2 17 24 2 4 2 3 3 14 1 8 3 2 1 1 1 1 1 1 9 1 16 1 1 3 2 3 1 4 5 33 2 1 1 2 1 1 2 1 10 1 2
1 2 2 2 4 6 1 2 2 2 16 9 1 1 1 2 6 4 11 2 4 4 1 5 3 1 26 1 2 1 1 1 1 2 222 1 2 3 1 1 2 19 2 2 234 7 7 1 2 1 2 1 5 2 9 2 1 1 2 10 15 33 2 2 2 1 1 1 3 5 3 2 16 21 2 2 2 1 13 29 5 3 7 1 3 1 2 3 9 2 1 3 10 3 1 1 2 27 1 44 2 5 1 1 2 3 1 7 3 1 1 2 2 1 10 2 2 2 1 1 2 5 3 2 2 2 2 2 14 7 8 1 1 1 6 6 71 3 3 5 4 2 2 1 1 2 48 1 1 1 2 1 2 1 1 2 2 1 1 2 1 2 2 3 2 4 6 14 1 2 3 1 1 3 4 44 2 1 2 3 62 4 2 1 4 1 2 217 169 1 4 78 2 1 3 2 2 1 19 2
4 1 3 2 5 1 2 3 5 3 6 1 2 10 1 1 1 1 6 1 1 1 1 1 2 2 2 2 1 2 2 10 1 1 1 1 1 1 1 1 5 2 1 1 1 4 8 1 4 2 2 20 13 2 1 2 1 2 4 5 2 1 3 2 4 2 1 2 1 2 6 1 2 2 7 2 1 1 5 28 3 2 3 1 5 1 2 2 5 6 1 1 1 1 13 2 2 3 2 1 1 2 4 2 1 4 7 1 3 1 11 2 2 1 1 4 3 12 3 8 4 1 4 16 44 1 1 8 2 3 1 2 1 23 7 2 2 16 1 1 1 2 2 7 3 1 2 7 4 2 2 5 3 2 6 1 1 1 5 2 2 5 1 1 6 7 11 1 2 3 1 4 5 1 31 2 144 2 2 5 16 12 1 16 9 2 2 4 2 2 2 32 2 1 1 1 1 7 4 2
3 1 10 2 2 2 2 51 1 4 2 1 1 44 1 2 1 2 3 54 4 1 1 2 3 2 1 1 2 3 1 6 1 1 2 3 5 1 2 6 1 2 4 1 1 2 1 1 9 2 1 1 2 1 31 3 3 6 5 7 4 11 4 3 2 6 2 1 1 1 1 1 18 4 1 2 3 2 2 1 3 5 1 1 2 1 2 3 42 4 2 1 3 2 1 2 1 1 1 1 2 1 1 1 4 1 17 3 10 2 1 1 1 2 1 1 23 2 1 3 2 3 3 1 1 2 1 11 1 2 3 1 1 2 2 1 9 2 2 1 3 1 2 1 1 1 2 1 5 2 12 1 2 3 3 2 1 5 3 1 11 1 5 3 4 1 8 1 1 3 4 2 1 3 1 3 3 1 1 1 1 3 2 2 127 2 1 1 11 3 1 2 1 2 1 1 8 1 1 2
7 2 1 2 1 3 5 3 2 2 1 1 3 2 22 2 4 2 1 1 1 2 1 33 1 2 4 2 2 1 3 5 2 1 1 1 11 1 1 4 8 6 1 2 1 1 2 5 2 3 2 1 20 7 2 3 2 1 2 5 6 1 3 1 2 1 17 1 1 1 7 6 1 241 1 2 59 1 3 1 5 3 3 1 2 14 6 37 2 2 3 2 8 1 10 19 1 2 9 7 80 2 1 1 3 2 4 2 3 2 1 83 20 1 5 2 1 8 7 1 1 2 9 1 2 1 11 2 1 4 2 1 4 14 2 1 5 2 2 5 1 2 3 7 8 2 2 1 16 2 2 3 3 1 1 1 2 7 1 1 17 1 9 1 2 2 2 3 4 2 1 1 1 1 5 1 1 4 2 2 1 3 1 4 2 4 10 3 1 1 3 3 5 2 2 2 1 5 1 5
9 1 5 5 2 2 1 2 2 2 6 6 1 1 2 1 2 3 1 4 2 1 2 4 2 1 4 1 2 2 1 4 3 9 12 4 1 2 1 1 28 3 4 2 10 50 24 14 2 1 3 7 1 1 1 2 3 3 13 35 2 1 13 2 11 1 1 59 1 1 10 1 6 13 11 2 1 8 5 1 2 6 10 8 1 1 2 1 3 6 1 1 1 3 3 13 2 4 2 1 2 4 1 7 3 3 1 1 4 2 1 7 2 1 2 1 2 4 1 1 3 1 1 12 3 4 2 1 2 3 2 3 2 1 2 1 1 1 1 7 1 2 1 1 1 10 6 2 1 4 5 2 2 12 1 2 53 1 1 1 3 169 3 1 2 1 2 3 1 8 1 2 3 2 3 2 2 3 1 2 14 2 1 11 3 1 8 1 1 9 1 24 1 1 1 14 1 3 2 4
2 4 2 2 1 4 2 1 3 1 2 5 6 3 1 2 1 9 7 2 2 14 1 1 3 10 1 3 11 8 2 2 48 1 3 4 1 6 1 2 1 1 3 7 6 1 4 7 80 1 4 2 1 114 85 2 16 2 3 2 3 3 4 13 1 4 1 3 3 3 10 2 8 1 2 1 2 1 3 1 1 1 2 1 1 2 2 1 7 7 1 38 1 7 6 2 2 1 1 3 3 4 1 1 2 8 3 2 2 1 2 4 1 4 1 50 1 1 2 1 2 5 2 1 19 2 1 1 9 2 2 16 3 7 1 3 11 1 5 2 2 3 3 1 1 2 1 4 1 1 2 1 2 1 3 2 1 3 23 2 1 2 1 1 1 2 11 3 1 20 13 9 3 2 3 6 1 2 12 9 5 3 1 1 15 1 3 3 2 1 1 1 2 4 1 14 3 2 1 3
3 29 3 2 3 5 10 12 26 1 7 1 4 2 24 2 2 15 6 3 2 1 1 4 6 2 2 22 1 13 1 3 3 1 2 1 1 2 2 25 1 1 1 2 8 1 1 2 2 1 1 3 2 1 1 1 2 1 3 1 1 2 1 1 3 2 1 2 1 2 1 5 1 3 2 2 5 3 8 18 2 2 1 3 1 1 2 5 1 1 1 1 2 2 3 2 17 2 1 34 1 3 2 7 1 10 7 1 7 36 3 3 1 3 2 1 23 30 9 2 1 1 1 2 3 2 6 2 2 2 2 5 9 3 1 2 1 3 2 25 2 2 1 1 1 3 4 4 1 2 1 1 1 16 4 22 9 5 2 5 2 2 1 3 30 2 4 19 2 3 3 1 2 2 3 1 2 1 16 1 20 1 2 1 7 3 1 6 1 1 1 1 3 4 1 2 1 1 6 2
1 6 2 1 2 8 4 7 2 2 6 3 26 2 1 1 2 16 3 5 1 1 3 1 1 2 1 2 21 1 1 9 1 21 2 1 17 2 6 13 3 1 135 3 1 6 1 13 3 2 1 1 22 3 1 3 1 4 3 1 1 3 2 3 1 4 18 2 1 3 2 4 1 1 2 1 2 1 3 9 2 2 1 3 1 1 1 1 1 7 1 2 3 3 7 19 5 2 2 1 12 1 1 3 15 1 9 13 2 1 2 2 6 1 1 18 3 5 1 2 39 2 5 6 2 1 2 6 2 1 2 1 2 1 1 3 1 1 3 5 1 4 1 2 1 1 2 2 1 1 6 4 2 3 3 2 1 6 2 5 1 1 26 2 4 3 1 2 25 2 2 2 5 2 2 1 1 1 6 2 1 2 6 4 6 2 1 2 3 2 2 2 2 2 2 1 2 1 4 17
1 11 4 40 2 2 1 6 1 1 1 4 1 5 7 2 68 3 2 3 1 6 1 1 2 1 1 2 1 5 3 3 13 3 1 2 3 4 1 1 6 5 1 2 3 4 1 12 9 14 1 3 30 1 1 2 2 3 1 3 2 2 1 8 1 2 1 1 3 6 2 1 2 6 17 2 3 2 7 2 1 96 6 1 1 1 4 1 23 3 2 31 5 3 7 7 3 2 5 3 43 3 12 3 2 1 3 7 2 4 4 1 8 1 5 1 1 3 1 1 29 2 25 3 1 1 1 11 2 2 1 2 2 1 6 15 3 7 3 1 1 1 1 1 2 2 15 2 2 4 1 51 4 2 7 1 3 1 1 1 8 2 4 2 1 2 3 2 1 2 2 2 1 1 1 11 20 2 2 1 1 1 10 46 2 3 3 2 3 1 6 2 3 1 1 1 1 2 13 1
1 2 2 1 1 3 3 7 1 1 3 1 1 4 1 1 3 1 1 6 24 5 3 1 1 7 16 3 3 1 2 2 2 15 1 5 1 2 3 7 1 1 2 4 4 3 3 1 2 7 1 3 2 1 1 1 1 2 2 23 2 1 1 1 1 5 4 1 1 2 1 5 2 6 53 3 1 3 1 2 1 5 2 1 1 2 2 2 2 2 1 2 1 3 10 1 3 8 2 2 1 2 4 2 15 2 1 1 5 10 2 1 119 2 3 2 3 2 3 3 2 2 2 2 1 2 16 2 4 1 2 1 3 1 1 3 2 20 1 1 1 2 1 7 15 2 2 4 2 3 1 1 3 3 3 1 3 1 6 1 1 2 1 1 2 2 1 1 14 1 4 4 2 1 1 2 1 2 15 2 2 2 2 1 1 2 44 2 2 1 3 3 9 2 4 4 1 3 2 3
6 3 1 1 1 1 3 1 1 3 1 2 2 1 4 7 3 2 2 23 1 1 5 2 1 4 2 1 1 2 1 2 2 1 2 2 40 1 11 1 3 2 16 6 8 65 1 2 2 4 1 8 1 45 1 3 2 2 1 3 2 4 1 16 4 1 4 4 16 1 1 11 3 15 2 3 4 3 3 11 2 2 141 1 3 6 1 28 2 2 2 7 2 4 1 1 2 4 4 1 4 3 1 2 2 1 1 28 44 1 2 1 3 3 2 5 3 2 2 2 1 1 5 6 3 2 14 4 2 1 1 2 1 1 1 2 2 1 1 1 3 1 10 3 1 66 4 4 2 20 122 3 2 2 1 1 3 2 4 2 2 1 1 345 2 7 1 1 1 3 2 1 2 2 1 1 1 2 2 3 29 3 1 1 3 5 3 13 2 2 1 3 1 1 3 5 1 3 10 1
4 2 2 1 3 2 6 2 4 5 1 2 1 5 1 3 1 85 2 2 2 216 8 4 4 8 13 3 1 3 1 3 2 1 5 2 1 3 2 3 2 4 1 370 20 5 3 4 5 1 6 1 28 2 1 2 2 5 3 3 1 6 1 1 2 5 12 11 1 4 1 1 3 2 1 2 1 5 6 3 11 1 3 2 2 8 1 7 6 5 1 1 2 1 1 1 2 4 4 2 2 2 2 1 5 1 2 4 2 1 2 2 2 2 11 19 1 1 2 1 1 3 8 2 2 1 2 1 6 24 7 2 2 3 1 1 4 2 1 2 2 5 2 1 1 6 2 2 1 6 1 1 2 2 2 2 3 3 1 6 2 1 1 7 1 2 3 1 4 2 1 1 1 4 1 10 1 3 5 2 2 4 2 1 8 1 6 5 67 2 2 2 26 2 1 9 28 1 1 3
2 1 17 1 3 2 2 2 4 1 16 12 1 1 3 1 3 5 3 2 3 1 3 2 1 2 2 2 1 11 134 2 1 4 1 3 9 1 1 1 1 1 1 3 2 1 4 2 2 9 5 4 44 1 1 3 1 2 3 1 1 3 1 4 1 1 3 8 3 1 1 6 3 1 5 3 3 2 8 1 9 20 2 1 1 11 2 1 2 96 2 7 2 2 2 6 2 1 6 2 1 2 2 2 2 22 5 9 1 2 9 1 1 1 4 2 2 1 1 2 6 2 1 18 7 1 2 2 2 2 9 1 2 1 1 1 31 8 3 1 1 1 1 1 2 2 7 5 2 3 12 26 3 4 1 1 1 2 10 1 8 1 20 1 9 1 1 21 1 2 1 3 2 2 1 2 1 6 2 1 3 1 3 2 3 1 1 1 6 3 1 6 2 1 2 2 3 1 3 6
6 1 13 2 2 3 4 3 1 2 1 5 1 3 1 1 5 2 1 4 1 5 1 1 13 6 1 2 1 1 1 2 27 1 2 4 2 5 1 9 4 1 2 36 1 2 1 1 2 1 1 52 1 6 1 1 1 1 10 1 194 2 21 75 1 1 8 18 6 3 8 1 11 2 1 2 1 8 5 5 4 7 2 9 15 1 1 1 2 1 4 1 1 1 1 3 4 3 2 4 2 1 7 1 1 3 5 97 1 2 1 3 1 1 1 488 1 6 2 1 1 1 2 3 2 3 15 8 7 2 9 1 3 7 2 7 2 1 4 1 2 3 2 11 2 1 15 1 2 2 1 2 5 1 1 9 1 10 3 1 1 2 4 1 10 2 2 3 2 10 5 3 5 2 2 1 12 3 3 1 15 2 3 2 2 4 5 7 2 1 26 2 5 2 4 1 3 5 1 1
2 10 2 3 9 3 1 2 1 2 2 7 2 2 2 1 4 5 10 2 2 2 2 4 2 2 2 1 1 4 1 4 2 9 1 3 3 1 2 1 1 4 1 1 1 3 2 5 2 8 2 1 3 11 2 7 2 1 1 1 1 1 2 1 5 1 7 3 3 1 8 2 1 1 11 3 1 2 7 2 2 1 5 1 10 8 2 1 2 2 2 3 11 1 1 7 3 1 6 1 1 2 5 19 1 2 10 11 4 4 9 3 2 7 2 1 2 3 221 4 1 1 41 4 1 1 1 2 1 8 7 4 2 1 1 8 2 6 5 2 26 2 1 1 2 7 1 3 1 2 1 2 2 2 1 2 3 2 3 8 2 1 35 3 4 2 5 1 3 14 1 2 6 2 1 2 1 6 1 1 3 1 2 7 6 1 1 1 2 1 7 4 20 5 2 2 2 1 1 16
1 1 1 2 1 2 2 2 1 2 2 3 1 1 1 2 2 2 5 1 4 2 1 1 1 1 2 2 1 2 1 1 1 1 8 2 3 1 135 1 1 1 3 2 2 1 2 2 4 1 1 2 1 4 2 5 2 2 2 2 2 1 2 2 1 1 1 2 2 2 1 1 2 1 2 13 2 7 2 1 14 6 2 2 4 2 2 2 1 10 2 1 10 2 1 1 2 2 1 1 1 3 1 17 1 3 1 13 1 9 7 4 2 4 3 2 3 4 4 2 1 1 2 3 2 1 3 1 3 2 1 5 1 6 5 2 2 2 1 5 4 4 1 2 1 1 4 2 1 2 2 1 1 10 3 1 2 1 2 18 2 2 2 8 2 17 3 2 2 1 1 3 2 2 6 5 5 2 1 1 2 1 1 2 2 2 1 4 2 1 1 1 6 6 2 5 1 1 11 4
1 1 2 3 1 3 2 2 1 5 1 1 1 1 2 1 1 1 2 10 2 1 5 18 1 3 1 8 1 17 3 1 2 17 2 4 4 5 1 5 2 1 2 5 32 24 2 4 8 11 1 4 3 2 2 2 17 2 2 2 2 4 23 1 1 5 2 2 7 1 3 1 2 1 2 5 4 1 2 2 1 3 1 2 1 2 5 2 1 7 1 8 1 2 52 2 2 5 4 1 2 1 9 3 2 3 6 4 1 47 1 2 2 1 3 1 1 1 3 2 5 2 2 1 1 4 3 5 8 1 2 7 2 4 1 4 149 1 2 1 2 5 1 1 2 1 40 1 1 2 2 1 2 1 19 3 1 8 3 12 1 1 2 2 2 4 1 9 1 4 2 1 2 1 1 1 1 13 1 1 32 7 1 4 19 1 7 1 2 3 7 1 2 5 1 2 2 3 2 1
1 2 2 3 62 1 1 36 4 1 4 2 1 3 3 22 8 8 7 2 2 4 68 7 2 1 3 1 1 15 2 2 1 3 6 3 3 13 3 2 1 2 1 1 2 2 2 2 2 1 2 2 2 7 1 8 2 5 2 3 110 2 2 1 5 2 6 8 1 2 6 1 158 1 34 3 2 1 2 2 2 28 8 1 2 2 1 3 1 5 1 1 9 1 2 3 2 7 3 7 1 2 7 2 2 2 5 1 6 1 1 1 2 2 1 1 1 1 3 3 1 3 5 1 2 4 1 1 1 5 2 3 1 3 7 3 1 3 1 1 1 2 1 4 1 3 23 1 7 2 1 8 1 1 2 2 3 1 1 5 4 4 1 2 8 6 2 1 152 2 1 18 1 2 1 1 1 4 1 2 1 1 5 2 3 2 2 3 16 1 2 1 9 1 2 1 1 1 7 7
3 2 9 6 1 2 1 2 4 111 1 1 1 5 2 4 1 1 3 4 5 2 1 4 1 6 1 16 1 3 2 2 2 1 2 3 3 2 4 3 27 3 3 2 2 1 2 2 4 1 1 2 3 1 7 1 32 2 1 3 8 1 25 2 40 1 5 1 32 3 1 3 5 1 3 2 1 3 2 2 2 5 1 3 1 1 1 3 2 3 1 4 10 3 1 18 3 1 1 1 2 4 2 1 2 38 1 4 2 1 1 4 1 1 5 2 2 1 2 9 10 5 4 23 1 8 1 4 1 3 37 4 2 2 2 2 2 3 18 4 2 4 1 2 5 3 1 2 1 4 1 7 2 1 3 2 2 2 1 1 3 2 3 1 3 2 2 2 10 1 2 42 1 1 1 2 2 2 27 1 1 7 1 2 2 11 1 2 20 1 4 1 1 21 2 1 2 13 9 1
2 1 5 1 8 1 1 1 5 1 2 2 2 1 3 1 1 1 1 4 1 3 1 4 8 2 1 3 3 3 2 3 1 15 6 2 26 1 1 5 17 2 3 3 3 2 1 2 1 7 3 2 4 2 3 2 1 2 2 4 3 2 4 1 2 2 2 2 5 2 2 3 6 3 2 1 2 1 2 3 1 1 2 2 2 5 1 1 1 1 3 1 7 8 3 3 1 1 33 8 1 4 2 1 2 10 6 1 5 1 1 2 1 2 2 1 12 2 2 1 16 2 1 202 2 1 1 1 1 2 1 2 6 3 4 10 3 1 4 7 1 37 1 1 2 1 8 3 1 17 1 5 84 2 1 1 7 1 2 4 5 1 2 4 1 2 1 9 1 1 1 12 4 1 2 2 4 3 2 1 2 2 35 2 1 2 7 39 3 1 1 4 1 1 1 6 1 3 1 3
2 2 2 1 1 85 3 1 5 4 4 1 1 1 5 7 2 1 2 5 1 22 1 2 7 3 7 1 5 1 3 3 1 1 1 3 2 1 1 2 2 1 1 1 2 2 7 4 1 5 1 2 2 1 6 3 6 6 2 2 4 2 4 2 4 1 2 2 2 6 11 1 2 5 1 3 31 1 2 8 1 3 1 2 3 4 1 1 1 1 1 1 8 3 1 1 4 1 6 2 2 1 8 2 3 5 5 1 4 1 1 1 2 2 4 1 3 2 1 9 3 1 3 1 1 14 2 1 4 2 1 1 3 12 1 1 1 6 3 1 2 1 2 1 2 131 38 30 2 3 1 3 1 1 7 1 2 3 1 1 4 4 2 2 3 5 1 2 1 4 6 4 4 2 1 1 7 2 2 2 2 5 7 1 1 1 1 2 3 2 4 4 2 10 6 21 3 111 3 2
3 3 1 2 1 10 1 5 1 40 136 16 2 1 1 2 2 1 1 6 9 2 3 1 1 1 1 2 2 8 1 2 3 2 3 4 21 2 5 1 3 2 1 3 3 1 1 20 3 1 3 1 3 3 1 7 16 2 13 4 5 4 1 11 1 19 1 2 1 3 54 8 18 27 1 1 1 3 1 2 3 2 2 1 1 3 2 1 67 2 1 2 3 1 6 2 20 3 2 2 1 1 3 9 55 1 1 1 1 1 1 1 2 1 17 10 2 1 2 2 2 10 5 1 2 1 5 2 2 25 1 2 1 2 2 3 3 4 1 2 1 2 2 1 2 1 2 6 1 1 1 2 1 1 4 2 28 1 1 2 9 1 2 6 1 5 19 3 1 1 4 1 1 3 1 1 1 1 2 4 1 2 5 2 1 1 2 1 1 3 6 1 4 3 4 3 12 3 5 3
2 41 246 1 3 4 1 2 4 1 32 1 2 1 4 9 3 2 1 1 1 4 1 2 1 14 6 1 3 2 9 1 3 2 3 10 2 4 1 2 2 6 2 3 1 4 1 14 5 16 2 3 4 5 9 1 1 1 1 9 1 1 2 2 4 2 2 1 2 4 3 3 2 1 1 4 24 9 2 4 1 2 2 8 1 21 6 7 3 1 1 1 9 2 1 4 4 2 12 2 1 1 3 2 2 2 3 5 2 1 12 3 2 4 2 3 1 1 16 2 1 3 12 2 1 1 3 5 2 17 1 2 2 8 5 1 1 4 1 4 6 2 11 3 2 4 3 7 1 6 2 1 7 3 1 2 1 6 1 7 38 4 6 7 1 1 1 4 2 1 12 4 2 1 13 2 1 4 2 2 17 3 2 4 1 1 5 2 12 2 2 3 3 1 2 2 9 3 6 4
4 11 1 4 2 1 2 1 2 2 2 1 19 1 1 1 2 3 1 11 3 21 1 4 1 5 6 2 1 2 2 1 5 3 2 3 143 16 6 5 2 1 4 6 1 2 2 4 1 3 1 1 2 4 5 35 2 23 2 4 88 6 1 1 6 1 1 1 12 16 2 1 2 1 2 1 2 1 2 2 3 8 2 3 1 2 1 1 2 4 2 3 9 12 1 3 1 1 1 2 3 4 18 2 1 1 9 3 2 2 9 4 2 4 17 2 2 3 1 1 1 1 1 1 5 5 1 2 10 1 2 2 1 1 255 1 1 1 56 2 2 3 8 1 1 1 6 6 1 2 2 1 1 2 4 2 1 10 1 59 1 10 1 4 6 2 2 2 2 6 1 1 1 1 2 1 4 4 1 1 1 2 3 1 11 2 2 14 23 4 1 1 4 1 6 3 2 30 3 1
2 1 2 9 13 35 5 1 1 2 14 2 2 1 2 1 7 2 2 175 2 2 1 2 3 5 2 2 1 1 28 1 1 2 18 3 3 12 2 20 1 3 6 4 168 3 1 10 2 4 1 1 2 9 4 3 3 1 1 3 8 4 1 2 3 3 1 1 1 6 1 2 1 1 1 4 3 1 1 1 1 5 41 1 41 6 1 13 1 1 1 10 2 5 2 13 2 8 9 2 4 2 1 1 6 1 4 1 124 2 1 1 8 3 1 2 306 3 1 1 2 20 3 2 27 58 2 1 3 6 5 1 2 1 1 4 1 2 1 3 2 4 1 3 1 2 2 5 3 1 1 1 4 2 8 4 1 1 10 3 5 40 1 2 1 8 2 1 3 3 7 40 2 3 14 3 1 1 1 2 79 1 1 3 3 3 1 8 6 2 2 2 1 1 5 5 2 5 21 5
1 1 8 3 27 1 1 1 3 2 4 6 1 4 1 1 1 2 2 1 1 9 3 32 1 4 1 1 2 2 1 5 2 8 1 2 1 4 27 1 5 1 4 2 1 3 9 10 1 6 4 1 8 2 2 5 13 1 3 15 1 1 7 3 2 4 2 5 1 2 8 7 166 2 1 4 2 17 1 27 1 3 1 2 14 3 3 1 1 2 8 4 2 3 5 1 9 2 2 3 1 1 3 5 7 8 3 1 15 5 3 1 1 130 1 1 2 15 113 4 2 6 4 1 2 1 4 1 2 1 1 1 1 1 3 2 1 1 2 4 2 20 2 1 14 3 1 3 1 1 7 4 9 2 1 1 33 2 1 1 4 2 1 2 1 1 2 5 10 6 5 22 1 2 1 2 46 4 2 7 1 3 4 4 1 3 3 6 1 1 1 2 1 4 1 6 2 2 5 4
3 1 1 1 2 6 18 3 5 1 1 12 2 1 2 1 3 3 1 7 2 3 4 2 2 1 9 1 16 1 2 1 6 51 3 13 2 2 1 28 4 36 2 5 4 1 2 1 2 2 2 1 1 1 3 4 5 2 3 2 13 10 1 1 6 5 2 1 1 1 3 1 1 1 4 3 1 20 1 3 15 1 4 14 3 1 7 3 2 2 4 1 3 3 2 1 2 1 3 14 1 1 1 2 3 2 3 1 2 1 2 2 5 3 1 1 1 3 1 1 1 4 1 22 2 3 1 99 1 2 2 5 2 2 1 1 2 4 3 9 1 5 2 8 26 46 1 15 2 8 2 3 1 1 6 1 3 17 80 4 1 4 3 10 1 2 1 1 1 49 1 2 2 2 2 116 1 1 1 1 2 3 1 1 2 124 2 1 1 3 1 7 1 3 2 2 20 4 2 1
1 1 1 1 1 1 1 463 1 2 1 2 4 3 8 1 3 39 2 2 12 1 1 2 2 6 2 2 1 3 1 1 7 2 2 1 1 1 2 1 2 6 47 6 1 1 3 6 7 2 1 1 1 294 2 37 15 6 3 1 3 2 2 5 1 7 1 2 1 1 3 3 1 6 1 3 2 1 2 2 2 1 1 2 1 1 1 8 4 1 4 20 4 3 1 1 11 13 1 4 2 1 19 3 2 2 1 1 4 1 4 2 4 2 3 2 2 20 3 1 1 3 3 1 2 2 1 2 1 3 34 3 1 1 3 99 1 1 6 2 1 4 4 118 3 2 2 1 1 1 1 4 3 6 2 8 4 7 17 3 20 1 6 2 2 1 2 2 3 3 6 7 1 2 1 2 1 1 2 2 3 1 1 3 4 3 2 1 3 11 3 1 3 1 2 1 3 1 12 1
2 2 1 1 3 4 1 1 1 1 7 2 13 2 4 1 1 6 5 2 1 1 2 1 3 2 4 3 1 3 4 2 2 3 9 4 5 2 3 1 2 1 3 2 2 2 1 2 3 6 2 2 15 1 1 1 3 5 4 2 2 11 3 2 1 1 4 6 1 33 3 10 2 1 7 1 2 1 2 4 4 1 1 3 10 3 1 1 1 2 3 1 6 3 7 2 1 2 2 3 1 2 2 1 3 1 6 1 2 2 1 2 2 1 1 1 1 2 2 1 1 2 2 1 3 1 3 1 2 9 21 1 3 3 5 1 7 1 1 9 2 5 14 2 1 2 3 8 7 8 1 2 2 1 1 9 2 3 3 1 2 1 4 1 6 2 2 2 2 5 1 1 1 1 1 2 13 1 1 29 4 1 1 3 2 3 3 1 2 1 11 2 2 1 1 7 3 1 2 11
4 3 2 2 1 3 1 30 2 2 1 1 14 2 2 6 3 8 2 8 2 2 4 3 1 2 2 62 2 2 8 2 1 2 14 1 1 2 2 1 2 3 13 1 4 2 2 1 9 2 1 2 1 20 2 5 4 8 23 4 1 1 2 1 9 2 2 7 1 2 2 2 1 3 7 2 2 5 1 9 1 3 21 1 7 1 2 3 3 3 3 1 3 2 2 2 3 2 3 1 2 2 1 1 33 4 2 4 12 1 16 1 6 2 1 1 5 2 1 2 1 3 1 4 1 7 1 1 2 5 2 2 3 6 3 36 2 1 1 1 41 1 2 7 2 2 1 1 2 16 1 1 10 25 1 1 6 3 2 1 8 4 2 1 2 2 2 1 1 1 3 1 2 5 45 2 2 2 8 1 2 2 2 34 2 2 2 1 3 1 2 1 2 417 1 1 5 44 1 47
2 2 4 3 2 1 1 2 2 39 5 1 5 5 2 9 7 28 1 4 2 10 2 1 1 1 1 1 1 1 1 3 1 2 10 8 2 4 2 2 2 1 4 12 1 1 1 1 1 2 1 1 1 1 8 1 2 5 6 54 3 3 4 7 2 1 4 4 2 8 1 1 1 2 1 2 3 3 5 1 1 1 7 2 4 1 1 1 4 1 5 2 6 9 2 6 2 2 3 1 2 1 1 1 3 2 1 3 1 1 8 2 5 4 2 5 2 2 4 1 1 8 2 3 2 1 6 8 2 6 2 2 1 1 2 2 3 1 1 3 4 2 1 8 17 2 7 2 2 37 3 6 2 1 1 1 3 1 5 3 2 4 1 3 7 8 1 2 1 1 2 1 4 2 6 1 5 1 2 16 2 13 2 1 3 4 2 1 2 1 1 4 2 7 3 2 2 3 1 2
1 2 3 1 6 1 3 5 3 2 2 6 4 1 19 2 21 1 3 6 1 2 1 3 3 1 2 2 6 1 1 1 90 2 3 1 1 1 1 3 2 13 1 5 2 2 1 1 2 3 2 2 2 2 1 1 1 1 4 154 2 2 3 1 1 1 1 11 38 3 1 1 1 1 11 1 1 6 2 2 2 1 2 1 4 2 1 2 263 25 5 1 3 2 1 1 1 2 3 2 45 1 2 1 11 2 3 8 1 2 30 3 4 2 2 8 2 1 4 1 4 1 2 3 1 2 18 101 1 3 1 1 2 3 1 4 4 3 1 3 1 2 1 2 1 15 2 2 2 3 15 2 1 2 14 4 1 5 2 118 5 5 4 2 1 4 1 3 1 1 8 1 16 11 3 1 1 2 2 2 10 2 6 2 2 5 2 1 3 2 8 4 1 2 2 18 40 2 2 25
2 1 8 1 1 1 2 2 5 2 2 1 1 2 3 4 3 1 1 1 19 1 1 2 23 1 2 3 4 1 2 1 2 14 1 3 5 9 2 1 4 3 113 2 5 2 2 8 1 8 2 1 1 2 3 2 11 4 2 9 2 3 6 1 35 1 1 2 1 1 6 2 1 4 14 1 10 3 1 1 1 1 2 1 1 5 1 6 1 3 1 1 4 27 7 1 1 1 7 5 1 1 1 3 1 5 1 3 1 5 3 2 2 4 3 2 3 11 2 7 1 1 3 8 2 3 1 8 1 4 5 2 3 6 1 2 1 1 2 3 7 1 1 5 1 1 1 5 1 2 1 20 1 1 2 1 3 2 1 8 1 7 1 2 3 2 3 1 2 1 1 5 2 2 68 2 1 102 1 18 4 3 1 2 2 2 1 12 130 1 1 2 4 2 1 2 1 1 2 2
2 4 1 2 2 2 2 1 2 2 2 7 13 2 2 1 1 2 4 1 6 1 1 1 11 2 2 3 22 3 2 3 2 3 1 2 2 6 1 2 1 1 5 11 4 1 2 1 1 2 2 2 1 7 2 3 3 1 2 2 10 12 1 83 1 1 1 6 3 1 2 1 1 1 1 3 1 6 1 3 8 3 1 2 1 4 4 2 2 6 1 4 3 5 2 2 1 1 1 4 4 1 2 5 14 3 2 1 1 4 1 2 1 2 2 1 1 126 1 4 1 1 4 1 7 2 8 2 4 17 3 1 5 4 2 6 3 1 3 3 2 1 5 1 2 1 28 1 3 2 1 3 1 1 3 1 2 9 2 1 3 1 27 108 4 1 14 8 2 2 4 1 3 2 2 25 1 9 9 2 3 6 1 2 1 1 5 10 1 1 2 2 3 3 1 10 1 1 3 1
1 1 1 9 2 1 3 3 3 1 4 2 4 3 2 2 2 1 4 3 6 1 2 1 1 2 10 4 31 1 2 1 1 1 6 1 20 21 239 2 5 13 2 2 2 1 3 2 12 2 1 1 1 1 3 6 39 2 3 2 2 1 22 9 2 2 18 1 10 2 7 1 2 2 1 2 2 4 10 1 1 1 6 2 15 25 4 1 2 1 3 16 2 5 4 10 17 1 1 13 2 1 3 1 6 1 4 2 5 20 1 7 2 1 4 2 34 2 1 1 77 5 2 2 6 1 2 2 2 27 2 16 23 4 2 2 2 3 2 11 1 6 3 1 34 49 4 2 1 2 1 93 1 1 1 2 3 2 10 3 1 1 3 1 1 2 1 2 8 1 1 2 2 3 1 7 3 1 2 3 1 2 3 2 1 2 3 1 4 18 1 2 1 5 1 1 1 2 2 1
2 2 9 22 24 1 1 3 2 1 2 4 1 1 18 4 2 3 1 5 14 1 2 5 27 1 7 1 1 2 1 2 2 1 1 2 3 1 44 3 2 2 1 2 3 2 6 1 2 1 1 1 8 1 4 9 21 4 1 1 1 1 8 1 2 1 3 1 34 35 3 1 25 5 3 2 1 5 3 1 1 1 2 14 1 40 16 2 3 79 1 2 2 1 4 3 2 4 1 4 1 2 1 1 1 1 2 2 1 1 11 2 3 1 29 3 10 1 8 1 1 2 5 2 2 5 5 1 2 2 66 5 2 4 2 3 1 1 1 2 1 1 1 10 5 9 8 3 1 1 3 11 5 4 3 2 1 4 1 1 1 14 3 5 2 34 2 155 3 9 1 2 3 2 1 1 3 2 1 9 1 4 2 17 8 2 3 20 1 1 14 4 2 2 4 7 2 410 21 1
3 3 7 2 4 12 3 2 1 5 1 1 1 1 2 397 1 1 2 2 5 2 5 9 1 2 3 10 14 1 5 22 1 1 1 5 2 5 12 1 2 5 2 2 2 2 1 1 3 2 50 2 86 1 2 2 190 1 1 3 1 2 1 2 3 6 1 3 2 1 3 2 2 4 2 17 4 1 1 8 2 1 7 10 1 1 4 2 3 14 1 3 4 34 4 8 1 2 5 1 1 2 2 2 2 1 1 1 2 4 3 6 11 3 1 4 3 1 1 5 1 2 4 2 5 3 10 7 2 1 4 5 9 1 4 1 3 1 4 17 2 1 5 3 9 3 2 4 7 2 3 1 33 3 1 2 15 3 4 3 2 1 3 2 4 1 1 2 1 1 1 1 18 5 2 2 1 2 1 6 12 1 4 2 3 1 3 1 4 2 6 3 3 1 14 1 2 2 2 4
1 2 6 3 1 1 1 2 3 1 1 2 3 1 2 3 1 2 2 1 4 2 1 1 1 3 2 1 1 8 2 31 13 1 1 1 1 8 1 1 2 1 2 2 1 2 2 3 1 2 1 15 1 17 1 1 2 2 8 2 4 177 2 1 12 1 3 2 2 1 1 1 1 2 2 2 1 28 2 1 4 1 1 2 2 2 1 3 1 1 2 1 1 1 16 1 1 1 4 2 1 2 3 16 1 1 45 1 1 2 1 16 44 62 2 1 2 2 2 6 1 1 2 1 1 1 3 2 1 4 1 17 2 11 3 12 12 1 16 1 3 3 1 6 2 19 9 3 1 6 3 2 5 1 1 1 1 2 1 2 1 2 1 3 1 4 2 2 6 2 4 2 3 2 1 11 3 1 1 1 1 1 4 2 1 1 1 26 2 1 3 1 2 1 2 1 2 4 2 2
11 31 5 1 1 3 5 3 7 14 5 10 13 3 3 1 1 1 1 1 1 4 3 7 1 1 182 2 1 2 1 1 5 9 83 21 25 1 2 1 5 3 4 1 2 2 2 1 7 11 1 7 5 1 3 3 8 2 2 1 1 1 7 3 1 2 2 3 10 1 1 1 2 6 1 96 1 16 3 16 2 3 6 8 2 1 2 10 2 9 2 1 1 2 9 1 1 2 1 2 1 1 3 1 2 33 8 5 2 1 2 2 7 12 1 1 1 3 2 3 2 2 2 1 2 3 1 7 10 2 2 40 2 1 2 10 1 2 2 7 1 3 4 13 3 3 12 2 3 3 34 7 2 7 1 10 8 3 2 3 5 4 1 2 1 1 5 4 3 3 1 1 1 2 7 11 3 1 2 2 2 4 13 1 4 7 2 1 2 4 2 5 1 3 1 27 7 2 6 13
2 2 2 2 2 1 1 13 1 2 2 9 1 3 1 2 1 2 1 41 4 1 1 10 5 10 1 3 1 1 1 2 3 5 2 3 1 1 7 1 16 8 4 8 2 1 1 2 1 1 1 6 2 1 2 3 2 3 2 5 7 4 1 2 2 1 1 3 1 17 1 2 9 7 1 1 1 5 4 40 4 2 2 2 6 1 1 2 2 3 2 1 1 22 16 1 2 4 1 1 2 6 1 5 29 17 5 3 6 1 2 1 1 1 7 3 2 2 4 5 2 2 2 5 1 1 2 1 1 2 5 5 4 46 20 2 1 1 1 2 1 1 2 2 1 1 273 2 2 2 1 4 3 7 1 1 1 5 2 1 2 1 1 2 2 1 6 4 2 6 1 1 9 1 1 12 1 5 4 4 2 2 3 9 1 2 1 3 1 4 377 10 1 1 2 1 4 1 2 9
1 6 12 2 1 1 1 1 1 20 5 3 1 2 6 2 4 2 3 13 4 1 8 1 3 4 1 3 2 1 11 1 1 5 7 3 5 11 19 1 88 2 2 48 1 10 2 2 3 2 246 3 13 1 1 4 2 6 4 23 6 1 4 1 2 1 1 2 1 2 2 6 7 2 3 1 2 1 1 1 2 1 3 1 1 3 2 2 1 4 1 1 3 9 2 8 1 2 3 1 2 1 1 8 1 3 1 2 2 4 2 2 4 1 2 1 2 17 1 1 1 1 1 1 5 1 2 31 2 5 3 1 2 5 1 2 2 6 3 2 1 11 3 27 2 3 1 3 1 1 3 2 23 9 3 193 2 2 2 3 2 1 3 9 3 4 3 1 1 3 2 1 1 1 1 1 1 2 1 1 27 1 1 2 3 1 2 2 40 1 15 2 2 1 2 1 10 1 4 4
1 3 6 2 6 2 7 14 18 3 3 1 1 1 5 1 4 2 2 4 2 4 1 3 77 4 9 3 2 1 6 3 3 2 1 3 1 9 8 12 6 3 2 3 1 2 1 15 3 1 1 9 1 22 6 2 1 2 1 3 5 3 1 1 1 2 1 4 7 5 19 5 10 2 9 1 2 1 2 3 1 2 1 2 1 1 8 2 2 1 6 1 2 2 2 2 8 15 12 9 13 3 9 1 1 3 1 1 7 2 2 1 1 2 9 1 1 1 1 2 1 2 58 55 1 1 7 1 2 4 1 2 11 1 3 3 1 3 24 2 2 1 9 3 1 1 4 1 8 3 2 5 6 18 4 2 2 2 1 2 4 1 1 3 7 16 20 4 6 22 1 21 2 4 4 2 1 13 11 75 1 1 10 2 8 1 2 1 8 1 24 5 1 2 1 1 1 4 1 6
1 2 1 4 3 1 2 4 2 2 19 3 2 2 1 2 2 1 8 2 1 2 1 2 1 1 2 157 14 4 2 1 1 4 9 2 2 1 1 1 1 4 3 25 3 9 2 2 1 1 2 7 2 2 1 1 2 1 9 2 37 2 1 1 2 2 12 4 6 9 13 1 3 2 2 2 2 6 1 2 2 1 10 1 6 8 19 16 2 3 2 2 1 1 3 13 1 11 1 2 1 3 13 2 10 1 1 30 1 3 1 6 3 1 7 6 3 1 4 16 1 1 11 8 1 5 5 5 1 2 1 8 3 1 3 2 1 3 2 1 2 1 6 1 1 2 1 2 2 44 2 4 2 2 5 2 1 1 9 2 2 3 1 1 7 11 5 1 33 1 1 6 2 1 2 6 2 2 15 1 2 1 2 2 1 2 18 1 1 6 6 1 3 1 9 1 1 14 3 5
4 50 4 1 16 3 1 2 2 1 17 1 2 5 2 6 2 6 3 3 3 5 22 1 3 305 1 1 4 2 1 18 5 3 1 3 1 1 1 1 5 1 3 3 3 5 1 4 6 1 2 1 1 1 1 3 1 1 1 1 1 2 2 10 2 2 1 1 1 2 2 15 2 1 1 1 7 1 13 8 9 1 1 3 2 13 2 1 3 5 1 2 1 1 1 5 1 3 2 4 2 1 2 6 5 2 2 3 2 1 3 1 10 1 7 3 7 6 1 13 3 1 1 2 2 2 1 3 1 1 2 2 1 2 1 19 1 1 1 33 3 1 6 2 1 32 3 1 2 1 7 7 2 1 5 3 2 4 1 4 2 5 7 1 2 3 8 1 3 2 1 21 2 1 2 1 40 1 2 1 26 2 12 1 4 2 2 36 2 4 1 2 1 2 1 3 3 2 1 3
5 2 2 2 2 3 11 2 2 3 1 2 1 1 1 3 3 1 1 8 8 2 2 2 1 14 1 5 2 14 5 2 2 2 2 5 1 3 6 1 2 7 2 3 8 1 1 12 1 3 15 10 4 5 2 1 1 7 11 1 3 6 2 7 29 1 286 9 5 9 1 2 3 2 1 1 1 1 1 1 1 3 3 34 3 1 2 1 1 1 7 1 3 1 1 2 2 2 7 5 4 2 1 4 1 116 2 2 13 4 11 4 1 10 1 1 2 1 2 3 2 1 4 2 9 1 1 2 2 1 1 6 4 15 2 6 13 1 1 2 1 2 1 8 6 1 2 1 1 1 3 1 3 4 2 10 2 3 4 3 12 1 2 1 1 2 5 43 68 3 2 4 3 1 1 1 1 6 2 3 2 1 2 1 1 10 7 4 1 3 10 4 2 2 14 16 1 30 51 1
4 1 2 2 185 7 4 1 1 2 2 4 2 11 8 1 6 1 1 2 158 2 14 5 3 3 3 23 4 16 1 3 2 2 1 2 9 21 2 2 6 1 2 2 2 4 4 21 2 2 2 5 2 1 1 1 2 6 1 3 1 2 2 5 1 3 4 4 2 1 1 2 3 2 1 2 1 3 1 2 2 4 2 1 1 1 2 9 2 1 1 103 8 1 3 1 10 51 4 2 1 2 1 6 1 3 3 1 2 1 3 3 1 4 2 20 1 1 1 3 47 7 1 38 1 2 121 3 3 1 7 4 1 2 3 5 12 1 1 1 1 2 2 9 2 4 2 2 1 2 4 1 20 8 4 2 7 1 20 32 8 1 2 244 2 2 1 2 2 2 6 1 7 1 1 1 5 9 3 2 2 1 4 2 3 4 1 2 1 2 2 2 1 5 3 13 5 11 1 2
2 2 5 28 1 26 1 2 1 2 3 3 2 2 1 3 1 5 2 8 2 3 5 15 1 1 2 1 1 1 2 6 1 1 1 2 1 10 1 28 10 4 2 1 1 1 2 18 57 3 2 3 2 27 7 1 1 1 7 1 3 1 1 1 30 9 2 1 1 100 2 2 3 1 1 1 2 2 361 2 1 1 1 3 2 1 499 12 1 13 3 3 3 1 2 1 2 26 4 2 2 6 28 1 15 2 1 4 10 2 4 3 1 33 9 1 5 1 1 3 8 2 2 5 2 1 1 3 1 4 2 1 1 1 1 2 3 2 1 2 5 1 2 6 3 4 6 2 8 2 1 5 3 9 2 17 1 3 1 5 1 1 1 2 2 9 2 3 2 5 8 3 6 2 1 1 1 5 1 4 1 1 1 1 4 2 6 8 4 3 4 1 2 2 2 2 1 3 3 3
1 2 1 1 3 3 11 2 1 1 1 7 7 1 1 4 1 2 1 2 6 5 1 2 2 4 2 3 1 4 4 1 29 7 2 11 1 2 1 1 4 1 1 2 1 2 6 3 2 2 13 2 2 1 1 2 2 4 2 1 34 5 1 1 1 101 2 1 5 2 4 2 1 3 2 1 5 3 33 6 3 2 3 1 3 35 2 2 4 2 1 1 15 1 1 2 4 1 1 1 2 4 18 3 5 1 5 7 3 1 1 2 2 1 1 1 4 9 35 1 36 1 2 1 2 2 3 32 1 1 1 4 2 2 3 1 8 1 2 3 5 2 4 1 2 1 6 22 1 1 4 7 5 1 1 2 39 1 1 1 2 1 4 3 5 3 3 2 2 4 2 16 1 2 4 1 1 3 1 2 2 1 2 5 2 1 1 3 23 2 1 4 1 2 1 2 2 2 2 2
2 1 1 4 2 8 1 2 5 1 6 1 1 2 3 1 1 3 1 2 1 3 1 1 2 1 51 1 7 7 5 3 1 1 2 2 5 1 3 2 1 3 1 1 2 10 1 2 1 21 2 2 2 1 2 1 1 1 1 1 2 1 24 4 2 6 1 1 2 8 6 1 2 3 9 1 2 1 62 13 1 21 2 1 5 9 2 6 3 1 2 16 3 2 1 4 1 2 4 2 3 68 1 3 3 1 2 1 1 5 3 1 3 1 5 1 1 3 3 1 2 1 3 36 3 1 2 7 5 84 1 1 1 1 3 11 1 1 1 1 8 12 1 1 2 3 2 10 1 1 6 3 1 1 2 1 1 3 11 12 1 2 1 2 1 4 1 7 3 2 1 2 2 1 1 2 14 2 2 2 5 3 2 2 2 2 2 3 2 2 2 6 2 1 1 2 9 3 1 1
8 3 2 6 1 2 1 83 1 1 2 5 1 1 1 10 2 7 2 1 4 3 1 111 4 6 1 1 4 3 1 3 3 19 2 55 1 2 3 1 4 2 2 2 24 2 1 1 2 1 1 2 3 1 2 1 2 1 3 1 1 3 1 1 1 3 2 8 6 8 1 1 3 3 3 5 1 2 5 1 2 2 3 1 1 2 1 1 9 24 1 6 2 1 5 7 1 78 2 2 1 1 2 2 2 2 2 9 5 1 7 8 2 1 7 4 2 6 1 24 1 2 1 2 2 2 8 1 2 163 1 2 1 2 1 2 4 1 3 8 1 2 1 2 2 2 9 1 2 3 2 74 1 1 7 1 1 1 2 11 11 1 7 2 2 2 1 1 4 10 1 2 1 2 1 2 2 3 4 4 74 8 4 3 100 13 7 1 4 2 7 9 1 6 19 11 7 2 1 1
2 1 1 1 3 1 2 1 1 2 2 9 1 1 5 2 1 1 1 9 2 2 5 1 2 6 2 1 1 1 51 16 1 1 1 7 26 2 1 3 1 2 3 1 1 1 1 1 1 1 4 1 1 1 3 11 2 2 4 2 3 1 11 1 1 1 2 2 1 5 4 6 2 1 43 3 2 3 4 11 2 1 2 1 40 4 9 3 2 2 5 2 2 1 3 1 2 3 4 2 1 2 7 2 4 7 1 2 4 3 2 2 2 2 4 25 2 2 2 1 1 3 3 34 2 1 1 2 4 2 5 2 2 2 3 1 1 3 8 1 2 3 7 1 2 1 1 6 1 1 4 1 3 2 10 2 5 4 2 11 8 1 3 3 3 1 5 1 1 1 1 2 3 19 1 2 1 5 1 1 1 1 1 2 4 2 2 270 1 1 5 4 1 2 1 1 12 2 1 2
1 8 1 6 3 3 1 1 1 1 3 1 1 2 1 3 1 5 1 3 7 11 1 4 2 2 2 1 4 20 2 1 2 5 1 2 2 1 10 2 2 1 3 1 1 3 4 1 3 2 1 1 2 1 1 2 2 2 1 2 2 2 1 2 2 1 1 3 1 2 3 2 10 2 1 4 1 2 2 4 1 11 2 3 2 5 3 37 2 1 1 1 3 1 14 1 2 3 1 4 2 3 2 1 1 1 25 1 2 1 1 1 6 3 1 3 3 7 6 4 1 1 2 4 1 3 3 1 1 2 1 4 1 17 2 2 10 2 2 1 1 2 1 1 1 2 1 45 5 2 1 1 8 28 1 4 18 1 1 4 1 2 4 1 2 2 2 2 3 2 1 2 10 1 1 3 2 2 3 3 2 14 1 1 3 2 2 3 1 1 6 3 2 1 1 1 31 13 2 1
32 389 5 3 1 5 264 2 3 2 5 6 4 1 2 49 12 2 2 2 4 8 3 2 1 2 3 10 2 1 1 1 1 5 15 4 148 1 11 8 1 3 6 3 1 1 1 2 1 6 2 3 5 2 1 154 2 1 1 155 1 3 1 2 1 40 2 3 3 2 14 1 3 9 1 3 1 7 1 1 2 3 4 2 14 1 2 1 3 2 3 1 3 2 5 35 1 2 1 1 4 2 2 1 2 1 1 2 1 1 9 3 3 1 3 4 1 2 1 1 3 2 2 3 1 27 9 2 1 1 2 3 2 1 2 48 7 2 3 3 1 4 104 2 11 1 1 1 14 2 1 5 1 1 2 2 1 6 1 2 1 3 1 1 1 4 3 2 3 4 9 14 1 7 2 1 16 1 2 21 1 2 1 1 4 17 4 2 43 1 2 5 2 2 1 3 1 2 8 2
1 11 3 3 2 1 2 2 20 5 2 5 4 2 1 4 16 4 3 3 13 3 3 2 1 3 2 7 1 1 1 1 2 45 2 3 2 1 1 1 2 3 1 1 2 3 1 164 1 1 2 4 2 2 1 2 2 7 2 1 2 2 9 2 3 1 1 1 2 30 2 6 6 2 7 1 2 17 3 2 1 2 2 4 2 7 1 2 8 3 3 1 1 2 1 2 2 1 1 2 1 16 120 2 2 1 8 2 3 8 2 18 10 1 2 2 9 1 6 1 2 11 3 1 1 2 3 2 2 1 2 1 16 1 3 1 1 3 8 2 3 4 3 8 4 1 2 8 3 7 3 4 4 2 1 3 2 3 1 2 1 10 9 1 1 2 1 4 163 2 5 6 1 1 2 1 1 3 1 3 2 2 1 2 16 1 1 14 1 2 3 25 1 2 16 2 2 1 2 2
1 3 1 1 9 13 1 1 3 20 5 2 2 3 1 1 2 3 2 1 1 2 2 3 1 54 1 1 1 2 1 3 2 1 5 3 6 2 1 2 26 1 2 1 2 1 1 1 3 2 2 3 2 4 2 1 2 1 1 13 3 10 1 1 10 1 2 1 3 1 1 2 1 1 2 1 2 2 3 7 2 4 110 1 5 14 1 6 7 5 2 11 1 2 57 2 2 3 3 2 10 1 3 3 4 2 6 1 3 5 2 2 2 17 2 1 4 5 1 1 1 2 14 2 1 5 1 2 2 8 6 12 3 1 2 2 2 6 6 10 1 1 2 20 14 2 2 1 2 3 2 4 5 1 5 1 4 2 13 2 1 1 2 7 4 1 3 5 17 3 2 1 1 1 2 1 5 2 1 11 1 2 2 2 1 3 3 1 3 61 3 5 3 10 56 2 1 1 19 14
37 1 4 2 20 3 5 5 6 4 1 2 15 2 3 2 4 4 3 1 1 1 1 2 2 1 2 2 2 8 2 6 2 1 2 5 3 1 3 2 3 1 32 3 1 5 1 1 1 2 35 1 1 1 2 4 1 1 2 1 2 2 3 5 5 2 1 2 2 81 2 6 3 2 2 2 2 2 7 4 2 1 1 1 7 3 3 1 2 1 2 1 9 4 1 1 3 2 12 7 1 6 1 27 2 3 2 1 1 2 2 8 2 10 2 5 2 11 1 6 1 2 1 74 3 1 1 2 2 2 1 2 1 1 1 15 1 14 1 24 1 1 3 5 24 4 47 1 11 1 1 11 1 2 1 2 1 2 2 5 3 2 16 1 2 2 9 4 2 1 2 3 2 1 30 1 2 3 5 1 3 5 2 1 2 1 2 2 1 3 7 29 17 2 2 36 4 2 2 5
9 3 1 2 12 7 1 1 2 2 1 3 4 2 2 2 1 2 5 5 100 1 3 2 1 2 3 1 3 2 4 7 5 1 2 3 1 4 1 3 2 1 4 2 2 1 2 3 1 2 2 1 7 9 2 2 1 2 5 2 2 1 13 2 3 2 4 5 2 1 2 2 4 3 1 5 1 2 7 1 2 1 3 6 3 10 5 27 1 1 1 5 3 1 2 1 3 2 3 76 2 1 1 1 2 1 1 2 2 4 2 2 13 13 3 2 1 1 4 1 1 3 1 2 6 2 1 1 1 1 2 2 1 1 11 1 1 2 3 3 3 1 1 1 1 1 2 3 1 2 4 2 9 2 1 2 3 2 2 2 1 5 1 1 2 1 8 24 1 7 3 1 3 2 22 1 6 2 4 1 2 1 7 1 7 2 1 10 2 1 1 13 2 46 1 1 1 2 2 59
1 2 1 1 1 2 1 2 1 1 9 1 8 2 1 1 2 6 1 2 5 3 1 1 2 1 2 69 5 1 1 2 3 1 1 1 2 3 6 2 4 2 1 1 1 13 3 2 1 2 5 1 5 1 8 1 2 16 3 2 1 2 2 1 2 1 3 148 6 6 1 2 21 6 2 35 1 1 1 2 2 3 2 3 2 1 2 1 1 1 4 1 1 1 7 12 1 1 2 3 1 6 1 1 1 1 1 1 1 1 2 10 1 3 29 2 26 3 1 1 4 1 1 1 6 3 1 3 1 2 7 35 2 1 1 2 1 1 3 2 10 1 1 1 1 2 3 3 3 8 2 5 2 1 6 2 17 2 51 2 23 4 4 2 7 2 1 1 1 1 2 1 1 2 1 2 5 2 1 1 1 6 1 23 2 2 8 2 6 2 1 1 3 2 1 3 10 1 5 18
3 1 1 1 4 1 3 4 4 4 2 2 1 1 9 2 1 1 1 9 1 2 1 1 38 8 2 76 2 1 2 2 2 1 2 2 1 2 1 4 6 5 2 9 1 6 3 3 7 1 1 1 2 2 1 2 43 2 2 5 5 1 33 1 2 2 2 2 5 1 10 1 2 16 2 1 2 1 1 4 5 3 6 2 2 23 5 2 1 1 2 2 2 6 19 2 2 2 2 1 1 2 1 114 1 6 15 3 1 2 1 4 2 3 2 1 1 2 2 2 2 2 1 71 1 2 1 3 3 1 20 3 1 1 2 1 1 4 1 1 2 2 45 2 2 3 3 1 3 4 1 1 1 1 2 23 12 1 3 1 1 1 3 3 3 3 9 12 4 3 31 1 2 2 2 2 1 2 2 1 7 1 4 1 88 1 3 4 73 4 2 2 3 2 3 1 4 1 10 6
1 1 3 3 3 2 10 2 6 3 3 6 2 2 9 1 1 16 21 15 9 3 1 2 3 1 1 2 3 1 3 1 4 1 2 7 1 1 2 1 5 1 2 2 2 1 3 1 1 1 1 2 8 7 11 102 1 8 1 1 1 11 4 36 1 5 206 1 2 13 1 1 2 2 3 1 3 1 49 3 2 2 2 7 1 1 13 1 1 2 2 3 2 14 1 2 14 15 1 1 5 2 1 1 3 1 1 1 3 1 3 1 1 1 7 1 70 1 35 56 1 1 1 1 1 1 2 3 1 6 7 2 3 2 9 7 1 4 2 1 19 1 3 11 3 7 4 1 2 4 1 2 2 3 12 1 14 2 4 3 2 16 3 5 2 2 8 2 2 1 3 1 10 2 1 2 5 1 1 22 1 3 2 3 11 4 1 1 2 3 2 1 39 7 13 3 2 3 16 1
7 2 7 1 2 170 2 1 2 1 1 1 1 1 2 1 1 1 3 1 2 5 2 2 27 1 2 2 2 3 2 2 1 2 1 1 2 3 1 4 26 1 2 1 4 3 1 6 4 1 22 2 1 5 1 12 21 4 2 4 2 14 1 2 1 2 2 5 2 1 1 14 2 1 1 6 7 1 3 1 1 3 4 2 10 1 2 2 5 2 5 1 1 1 2 1 1 1 5 7 1 1 3 1 2 3 6 2 2 2 1 2 1 4 67 37 3 2 5 42 1 2 2 1 65 1 1 1 2 9 14 1 1 1 1 49 1 1 2 1 78 4 1 15 4 2 1 5 3 2 20 2 7 2 1 10 1 3 3 1 2 4 1 1 1 1 5 9 3 2 2 5 1 6 3 2 1 5 1 1 4 3 1 4 1 1 2 2 1 2 2 7 1 3 2 2 1 3 2 2
2 1 4 3 2 2 4 1 3 1 1 5 6 4 2 77 72 1 2 1 3 1 1 3 1 2 2 5 2 2 6 1 9 1 2 2 1 3 4 2 9 1 5 4 4 9 2 1 3 2 2 3 8 4 3 12 2 5 2 1 2 3 3 3 2 16 2 4 1 1 2 2 10 2 3 3 1 1 66 1 2 10 1 5 1 9 5 3 5 38 1 2 2 1 18 1 2 3 2 4 1 2 1 3 2 5 12 29 1 6 2 2 1 6 2 1 1 1 2 1 1 1 2 1 3 14 2 1 1 4 2 2 3 1 2 4 3 3 2 1 2 2 2 1 2 2 1 2 1 302 3 1 3 13 16 12 2 2 1 5 1 2 5 3 1 6 2 5 3 2 2 1 1 2 4 39 2 2 1 3 3 2 1 8 3 2 3 1 2 2 2 3 3 2 1 2 3 2 2 3
1 19 1 1 1 5 3 19 1 1 2 2 3 2 4 4 2 6 3 88 1 1 2 12 2 1 3 2 1 1 2 3 2 110 1 1 113 1 2 5 2 4 6 7 8 1 20 5 2 9 1 1 28 3 2 3 1 2 2 1 1 1 2 1 4 1 2 1 19 2 3 1 2 4 2 2 1 6 2 2 16 12 2 7 2 3 1 1 3 2 1 14 6 7 7 1 1 4 3 2 1 2 2 2 2 1 3 1 5 4 6 1 6 2 8 2 7 2 25 15 2 3 3 1 8 1 2 2 1 1 2 1 2 1 3 2 2 4 1 10 1 37 47 1 12 1 3 2 2 2 3 4 1 1 1 1 2 8 1 4 7 1 2 7 1 1 4 4 2 1 1 7 1 1 1 4 2 2 1 2 4 1 306 21 6 1 1 1 9 4 11 184 1 3 2 1 13 1 1 1
3 2 3 2 2 2 2 3 4 1 1 2 3 1 3 1 2 2 3 3 1 2 3 21 4 2 3 5 2 1 1 2 1 3 2 2 1 1 3 2 1 1 1 1 1 1 3 48 14 10 1 2 7 5 20 2 1 2 12 2 7 5 3 1 4 1 9 1 60 1 2 2 1 2 10 2 1 1 2 2 2 3 1 2 1 1 6 3 1 1 1 1 2 1 2 3 1 1 1 3 1 2 6 1 5 25 1 1 2 2 3 1 9 8 1 4 10 1 2 1 33 3 1 2 2 1 4 2 1 1 2 3 2 2 1 4 1 1 2 2 3 3 1 1 1 3 1 6 1 15 4 1 4 4 1 12 5 40 2 8 2 2 4 1 2 1 2 3 15 2 1 2 3 20 1 1 3 1 7 1 1 2 1 1 2 1 5 1 11 3 2 2 2 1 3 1 24 12 2 2
2 3 2 2 6 4 1 1 1 1 4 1 2 2 60 1 7 10 1 6 3 8 1 4 1 4 1 6 2 2 7 40 1 3 1 3 1 5 2 3 1 5 2 1 1 32 6 1 2 9 2 2 2 16 1 2 3 2 2 3 1 2 1 1 4 4 1 2 1 7 2 4 1 3 2 1 7 1 3 4 7 2 1 3 1 2 7 3 3 1 2 1 1 6 3 10 2 2 3 2 1 1 2 1 1 1 2 2 4 3 1 1 1 2 1 1 2 7 1 1 3 1 1 1 2 8 143 60 12 1 13 1 1 3 2 5 2 3 129 5 2 1 2 27 2 3 1 12 2 2 2 1 14 1 55 8 3 3 2 4 1 6 2 1 2 5 3 1 1 1 1 3 2 26 2 2 19 2 3 68 5 2 6 5 1 9 3 3 1 2 37 2 2 3 5 1 3 2 7 2
2 1 7 1 1 78 3 2 1 14 2 7 2 2 7 236 1 3 3 1 31 3 6 3 2 3 1 2 9 2 3 2 2 1 2 3 5 1 1 1 1 2 1 1 18 1 2 1 10 1 1 9 1 1 2 1 1 2 1 3 4 1 5 1 14 4 7 3 1 8 4 8 5 17 13 2 1 2 3 1 1 1 3 3 2 3 2 13 2 5 2 6 4 6 6 2 4 1 3 1 1 6 18 35 1 2 3 3 2 2 2 13 1 15 2 4 3 100 2 1 1 1 4 1 1 1 1 6 3 48 19 3 1 3 1 1 1 13 5 2 2 7 1 48 1 1 5 2 1 1 10 2 2 1 2 3 2 2 45 3 1 1 2 1 9 7 1 4 2 1 2 3 1 3 3 1 9 1 2 15 2 1 1 1 2 169 1 1 59 7 18 6 1 1 2 19 5 1 1 1
1 1 2 1 3 2 1 2 1 20 2 1 2 2 1 1 2 2 8 1 3 2 2 2 4 1 1 1 187 5 2 6 3 41 11 4 1 9 4 31 3 2 1 1 1 1 1 1 5 25 7 4 2 4 1 29 2 3 1 1 1 6 17 2 1 1 6 24 6 2 2 1 1 2 3 80 3 1 2 2 2 1 2 10 36 1 1 3 2 6 1 2 2 1 3 3 13 2 2 55 8 3 3 14 2 2 12 8 1 1 11 3 3 1 1 3 2 9 1 1 4 2 1 3 112 4 2 1 13 2 3 1 3 1 2 2 2 1 1 2 1 2 2 8 1 2 1 1 1 8 3 2 5 3 21 4 3 1 1 2 2 1 1 1 1 2 22 2 1 3 3 1 2 1 1 1 1 2 2 3 1 1 2 4 3 3 4 4 2 1 8 7 4 2 2 1 6 4 1 3
2 1 6 2 6 3 7 6 9 20 1 2 2 1 2 5 1 5 10 3 1 7 5 1 4 3 2 3 1 4 1 10 1 1 28 5 2 5 1 3 1 1 4 2 1 10 1 26 1 3 2 1 7 2 1 1 3 1 2 5 2 1 1 1 1 2 4 124 1 109 1 5 2 20 4 2 4 1 18 1 3 1 2 6 2 5 5 46 1 2 2 9 6 3 1 1 1 24 1 2 1 9 2 1 9 2 1 2 2 8 1 2 2 7 3 1 2 34 2 15 1 4 2 2 1 1 3 2 2 17 3 1 3 1 1 2 1 14 5 38 2 3 2 3 1 10 1 1 3 2 3 10 1 1 1 5 3 1 37 1 5 2 2 2 1 7 3 6 26 2 3 1 2 57 1 45 2 2 1 14 1 13 2 2 2 25 1 3 3 4 7 1 1 2 2 1 1 2 3 1
3 1 5 11 4 6 5 2 3 1 3 1 3 3 4 3 1 3 20 2 1 2 115 1 1 4 2 1 1 3 8 1 1 4 3 4 1 3 2 2 2 3 3 12 3 1 2 1 2 7 3 3 15 10 3 1 1 2 26 7 1 9 7 3 1 1 7 1 3 4 3 2 2 2 2 2 5 4 1 3 1 26 2 2 1 3 4 4 2 7 1 11 17 3 1 2 2 1 1 1 3 2 2 1 2 2 1 137 1 2 2 2 5 1 2 1 1 3 1 1 5 4 6 1 16 1 2 5 3 23 1 10 13 1 22 10 9 2 2 8 2 2 6 2 1 1 2 5 5 3 3 1 1 1 2 2 2 14 1 1 2 21 1 2 1 1 1 1 5 6 2 13 1 1 9 8 4 1 3 1 6 3 2 2 1 6 3 2 1 4 1 2 2 1 7 3 1 5 2 5
4 2 1 1 13 10 3 1 4 3 5 1 6 17 3 2 4 1 2 2 5 5 2 6 5 1 2 2 47 1 2 1 1 3 1 2 14 1 4 8 2 2 2 3 2 13 1 38 5 1 2 2 3 8 2 4 1 163 30 1 6 1 2 2 2 1 4 2 5 4 14 16 1 2 6 1 169 7 3 1 1 2 2 2 3 1 1 60 7 2 2 5 13 3 8 3 1 1 1 1 3 1 2 2 2 7 2 1 1 1 3 1 4 2 2 1 2 14 9 3 4 2 1 1 3 1 4 8 3 8 1 8 7 5 3 1 2 2 1 1 2 1 3 5 2 17 1 1 14 2 3 1 2 5 1 16 1 7 2 1 6 1 3 1 29 5 2 2 2 6 2 2 7 3 14 3 7 2 16 2 3 6 2 6 2 6 2 2 6 3 3 3 1 1 1 1 1 28 2 1
22 4 4 2 1 1 2 1 3 2 10 3 2 2 11 2 2 1 1 68 1 7 2 2 1 2 3 3 2 2 1 2 8 13 29 2 1 3 2 1 1 6 1 3 1 2 2 4 2 2 1 2 5 18 1 1 2 1 2 2 2 3 4 8 23 9 1 2 2 2 208 1 1 3 2 2 4 1 13 4 1 14 2 1 3 3 2 2 1 2 1 3 1 2 3 7 50 5 1 1 2 2 2 1 3 1 1 3 6 2 1 2 1 7 4 24 2 14 4 1 2 1 2 7 4 2 1 3 3 1 92 1 1 3 4 1 1 3 3 1 1 2 51 1 2 2 19 1 1 3 3 1 6 3 4 2 1 1 1 7 2 1 2 4 1 5 1 1 1 3 2 2 1 1 1 8 198 8 3 6 5 5 2 3 1 1 1 2 1 6 2 42 14 1 6 1 4 2 3 2
15 1 2 1 2 3 1 8 2 2 2 2 1 2 1 1 56 1 2 1 2 11 1 1 4 3 40 2 13 2 17 2 1 3 1 2 2 2 5 2 1 2 1 1 1 3 9 7 2 1 1 3 1 1 1 2 10 2 3 2 12 2 9 2 1 2 3 1 1 1 1 2 1 4 1 1 6 2 1 1 3 4 1 2 3 2 1 2 2 5 2 1 5 1 11 1 2 1 8 1 4 2 24 1 7 3 2 1 3 6 1 1 29 5 2 1 15 2 2 2 4 2 2 1 5 2 6 1 9 1 2 6 9 108 2 4 2 2 1 1 8 1 11 1 2 1 1 1 30 1 1 3 1 6 5 3 2 1 48 2 1 13 8 2 1 1 10 1 1 1 5 1 1 1 1 6 1 2 1 1 5 2 2 2 2 2 6 3 2 6 1 3 12 1 1 3 1 2 3 2
4 4 2 3 1 6 3 1 3 2 2 4 1 3 1 1 2 1 7 10 2 1 8 4 1 3 9 3 1 8 25 2 2 1 2 1 2 2 1 6 1 1 1 1 1 2 4 2 3 65 3 2 12 2 1 3 3 3 2 1 8 25 1 2 1 1 2 30 1 247 2 3 6 1 7 2 1 1 1 4 10 5 1 4 24 1 1 159 3 4 1 1 29 1 2 2 4 2 2 9 1 7 2 1 1 2 3 9 55 2 1 2 2 3 1 3 3 2 2 9 1 1 6 1 2 5 4 2 2 3 1 16 2 2 2 1 1 3 13 2 2 2 5 2 18 4 1 3 2 1 9 1 3 1 2 2 2 1 5 2 4 2 1 5 1 4 1 1 3 12 1 6 3 4 1 4 1 1 3 1 1 1 2 2 1 1 2 1 7 9 1 1 2 1 1 8 1 4 2 3
2 9 3 2 7 2 1 2 1 1 8 2 1 8 1 3 2 1 4 2 1 238 18 6 3 3 2 2 2 1 2 2 3 10 1 7 1 7 3 3 11 2 1 3 21 2 1 2 1 1 1 2 4 1 3 41 1 1 1 9 1 1 1 2 3 2 2 1 1 1 2 2 1 4 4 1 4 1 2 5 2 1 2 1 15 1 23 5 5 7 4 11 5 2 2 2 2 1 2 1 1 1 13 2 1 1 3 17 4 10 2 7 4 3 3 12 7 1 1 7 4 95 1 1 4 72 2 3 16 1 1 1 2 3 275 6 3 2 1 1 1 2 1 1 1 6 1 2 1 5 2 2 16 1 1 1 2 3 2 3 1 11 4 2 6 6 4 2 2 2 1 1 1 1 1 1 10 4 14 2 1 3 8 2 11 2 10 1 1 2 1 1 150 2 1 1 2 1 1 4
4 1 2 2 3 1 1 2 1 1 2 6 2 1 2 1 1 1 2 1 5 5 2 159 23 1 2 1 7 1 1 1 2 6 7 11 1 1 2 4 18 2 1 1 2 2 2 2 1 9 1 1 2 1 3 2 2 4 1 3 2 1 1 3 2 3 1 7 1 2 2 6 4 1 2 2 2 48 4 2 30 1 1 2 1 2 2 2 2 1 3 4 2 3 6 8 3 2 9 1 1 59 20 2 25 3 32 2 3 2 1 2 1 2 13 21 1 1 2 1 1 2 34 6 28 2 132 3 37 1 1 2 1 2 1 1 2 2 2 1 2 6 7 9 3 1 2 1 81 13 40 2 1 2 2 1 1 2 4 6 9 2 2 2 2 1 2 2 1 2 1 1 2 1 3 3 38 2 1 9 4 1 5 2 1 4 2 4 3 2 3 2 2 1 2 39 111 1 3 2
1 2 14 2 3 1 5 44 6 13 5 2 2 2 3 1 10 1 3 8 9 3 1 3 1 2 2 4 12 1 1 9 2 2 2 27 1 1 8 1 2 4 2 3 1 3 2 5 1 3 5 2 12 7 2 5 2 1 14 3 1 1 74 1 4 3 2 1 2 3 4 1 4 5 1 3 1 2 2 2 1 1 6 2 2 1 1 3 2 4 1 1 92 3 4 6 1 5 2 3 1 2 2 1 5 1 2 7 2 2 1 1 19 2 2 2 1 1 5 1 1 1 2 14 1 2 6 4 3 1 7 3 1 1 1 16 1 1 8 3 2 4 2 3 1 8 3 1 1 3 32 1 1 9 2 2 1 1 1 1 1 3 2 1 4 2 5 1 2 1 7 1 2 2 1 9 14 3 244 1 1 3 2 10 6 1 2 1 1 3 1 2 109 1 1 3 13 2 2 3
2 3 73 4 27 1 3 2 2 1 6 4 3 3 12 1 2 6 4 2 1 2 1 2 2 1 11 1 25 15 23 1 2 1 4 1 9 3 1 7 5 65 20 1 1 3 2 1 16 5 2 3 7 3 2 3 3 9 2 3 1 3 4 4 1 5 105 2 1 2 1 1 1 2 3 1 3 2 13 8 1 7 26 1 1 6 1 1 5 5 4 2 2 9 37 1 10 161 2 2 1 1 3 4 3 2 2 1 8 1 2 12 14 2 14 14 2 2 78 2 2 1 1 2 8 3 3 1 3 1 1 1 2 2 1 2 8 2 8 7 2 1 1 3 4 1 1 3 2 2 1 2 1 1 3 1 4 5 3 2 29 5 1 2 12 2 1 1 7 9 2 1 4 1 5 1 1 3 3 3 3 58 4 5 1 2 1 1 1 7 1 1 3 4 5 3 1 4 2 1
1 2 1 263 8 2 3 1 4 3 8 8 3 1 3 2 2 2 6 5 11 2 2 3 1 1 2 2 18 1 1 2 2 3 1 11 1 21 2 7 1 1 41 6 2 2 7 2 1 2 1 1 6 3 1 2 1 1 2 2 1 16 16 2 6 1 1 5 1 1 2 42 2 1 3 1 2 1 2 6 4 19 10 18 2 2 1 5 8 2 2 1 1 1 2 1 12 10 1 2 8 1 2 1 1 2 2 1 2 13 3 1 1 1 2 1 2 1 2 1 2 4 1 2 12 11 11 5 3 2 332 1 1 1 1 16 2 2 2 1 1 1 3 11 4 25 2 1 1 1 1 1 1 1 1 3 5 3 5 1 35 2 33 1 5 3 1 2 33 3 5 2 1 7 4 2 4 4 2 2 1 1 3 1 2 1 2 1 2 5 21 2 1 8 1 4 2 4 2 6
3 1 2 2 3 11 9 10 1 2 5 3 1 3 2 15 1 11 1 1 2 1 2 2 7 3 1 60 1 26 9 5 7 3 1 1 1 1 1 1 2 11 1 11 2 1 2 2 1 5 7 7 2 1 12 2 12 2 1 1 16 5 4 5 1 1 1 3 1 1 21 3 4 11 48 2 1 2 2 7 2 7 2 1 2 3 2 1 1 1 7 2 2 1 1 1 2 2 1 6 2 3 1 1 2 7 1 5 18 1 1 1 6 2 1 3 2 2 1 2 4 7 1 2 2 1 3 2 3 14 2 2 102 1 1 4 1 1 1 2 3 4 2 1 3 1 6 2 8 3 1 3 1 12 2 1 4 1 5 4 7 3 2 1 1 4 2 3 4 2 6 6 388 1 1 1 4 1 5 1 1 3 1 1 2 1 1 21 35 5 1 2 2 3 1 2 6 1 41 2
11 2 2 1 2 1 1 1 1 3 1 7 3 1 3 2 1 5 2 2 1 2 1 6 6 3 1 5 1 2 1 5 25 4 3 2 9 1 1 5 1 2 3 2 2 3 2 1 30 1 3 2 3 9 3 7 51 17 4 3 2 1 2 2 4 3 6 1 6 2 1 2 2 3 3 2 1 10 1 7 2 7 5 23 4 6 2 1 5 1 2 1 8 6 3 18 1 2 1 6 1 2 2 10 8 6 1 8 3 2 1 1 6 4 1 4 3 1 2 4 2 2 2 1 9 1 20 1 1 4 3 1 15 10 1 3 43 4 2 7 13 1 2 4 84 3 1 2 5 1 1 2 3 1 1 1 2 3 3 9 1 2 2 1 1 3 1 1 5 2 2 7 1 3 1 2 2 5 1 2 167 2 3 1 1 2 2 3 3 5 1 8 1 2 3 1 1 1 11 3
1 3 1 1 1 2 1 1 1 101 1 2 27 1 3 1 3 12 2 2 1 4 4 1 19 2 7 2 5 1 2 2 6 2 2 1 1 8 3 1 1 98 2 3 2 1 3 4 22 2 2 2 1 1 1 1 1 3 3 7 1 3 2 1 2 6 2 7 5 2 1 4 3 1 1 1 15 3 1 22 1 2 3 6 2 1 2 2 2 4 1 214 1 2 3 1 12 1 8 30 3 1 13 3 2 1 1 1 1 2 7 2 1 2 5 14 6 3 4 7 1 3 13 1 3 1 3 2 3 1 1 1 1 2 1 1 2 2 1 1 2 2 2 7 2 3 2 4 1 13 3 2 3 9 7 1 2 53 2 1 1 2 2 3 1 3 1 1 10 2 3 2 1 1 1 1 3 4 2 1 3 2 2 1 1 43 2 1 17 1 2 2 1 3 1 4 2 1 3 6
1 1 6 2 12 2 15 1 2 66 1 11 29 2 3 1 1 4 1 2 2 4 4 1 2 2 1 3 2 2 1 3 1 4 8 3 2 3 5 4 3 2 1 2 2 1 3 2 1 13 1 2 3 2 3 1 5 11 3 1 4 1 1 2 14 2 2 3 2 6 1 2 1 1 2 3 113 1 1 1 1 1 2 2 16 1 2 2 2 1 1 10 1 3 7 10 33 14 2 2 2 3 2 50 6 1 3 11 5 2 2 3 5 3 9 1 3 4 1 3 1 12 2 4 1 13 3 2 1 2 2 87 5 2 11 143 7 16 3 2 2 1 3 1 3 2 2 1 2 1 5 2 1 1 3 1 1 1 6 1 1 2 2 3 1 3 2 1 1 2 3 4 1 4 1 1 2 4 3 2 1 2 4 33 1 1 1 2 1 3 1 4 2 9 3 2 2 2 3 1
1 4 2 11 3 2 1 3 1 1 1 7 3 3 2 2 1 4 2 2 2 5 1 2 2 2 40 3 3 2 1 4 1 1 3 1 2 3 1 1 7 1 1 8 1 3 4 1 3 1 4 1 4 10 2 11 4 3 1 2 3 2 1 13 1 1 1 25 4 2 1 1 1 2 4 1 1 1 2 8 1 4 9 1 74 1 4 4 2 2 2 1 4 1 2 1 5 1 1 1 17 1 3 2 1 7 1 1 1 2 1 3 1 3 2 3 3 1 158 2 1 1 13 2 6 2 9 1 1 1 1 1 1 2 2 2 2 2 3 2 1 39 2 2 1 1 1 2 5 1 1 5 2 2 4 2 2 3 4 1 2 7 2 2 4 3 1 4 20 4 1 3 53 1 62 21 1 1 2 1 11 2 2 1 1 6 2 1 2 2 2 1 2 2 29 3 1 1 1 1
1 1 4 2 3 8 1 1 2 4 1 2 4 2 3 1 1 1 3 1 5 3 1 2 10 1 1 1 2 9 1 1 1 4 2 1 2 2 2 15 2 2 1 1 1 7 2 8 2 1 3 3 1 1 1 3 1 1 31 2 4 3 4 3 1 1 2 2 1 2 1 1 1 10 2 2 1 3 1 4 1 7 4 3 2 2 323 5 1 2 2 1 5 10 5 2 8 2 1 9 1 1 2 2 3 2 2 1 2 61 25 1 1 7 2 1 2 2 2 1 7 12 1 2 1 2 1 1 2 1 3 8 1 6 2 1 3 2 6 2 18 5 2 1 3 1 2 2 1 2 5 1 1 1 2 1 3 1 3 2 11 1 1 3 1 2 2 1 9 3 2 1 1 1 4 2 2 5 1 3 1 2 2 2 1 7 2 1 1 2 10 1 2 5 2 6 1 1 4 4
1 1 1 8 1 3 3 5 13 1 2 15 7 2 3 1 1 2 5 1 1 1 3 1 2 7 7 1 5 5 2 2 19 1 1 1 1 73 2 8 1 4 2 17 4 11 5 2 2 1 9 1 262 2 2 3 1 1 12 2 3 1 17 2 23 5 13 2 1 3 7 1 2 1 2 2 2 3 4 1 1 2 5 5 1 1 26 1 2 2 1 2 1 3 6 5 46 1 4 3 6 2 1 81 16 2 1 1 1 1 1 2 6 1 1 1 5 2 2 5 3 2 1 9 3 12 4 4 2 1 3 1 1 3 3 1 5 3 1 1 3 2 1 97 3 3 1 1 1 8 4 4 1 76 1 2 1 1 2 2 3 2 1 3 1 1 59 2 10 6 1 1 30 1 7 10 2 1 1 2 1 2 1 1 1 1 1 2 1 2 1 1 1 5 3 2 1 9 1 1
5 2 1 1 1 2 3 8 3 1 2 1 9 5 1 10 5 1 2 9 2 2 1 2 2 10 6 2 2 5 1 12 1 3 11 1 2 7 28 1 3 1 2 1 4 2 2 9 2 4 61 1 4 2 3 14 1 3 1 6 3 39 1 1 3 1 4 3 1 21 5 1 2 6 3 10 1 1 6 3 41 2 5 58 1 2 1 1 1 10 2 2 4 2 4 25 6 2 1 1 2 1 1 3 1 1 7 2 4 1 42 1 1 2 2 4 1 1 2 6 3 6 2 9 2 8 3 1 2 1 1 2 3 11 1 1 1 4 6 8 2 1 4 2 1 3 8 1 1 243 3 1 4 2 1 99 1 3 2 1 1 3 7 2 2 2 1 2 3 2 3 10 10 2 4 2 2 371 1 2 2 1 3 20 4 2 9 10 3 3 3 2 3 1 1 1 3 7 3 2
2 1 1 2 2 32 3 3 1 1 1 1 1 6 3 3 1 12 13 4 4 6 1 5 2 1 1 1 1 7 3 80 2 2 3 1 1 2 2 1 3 1 3 1 2 2 1 2 54 2 2 27 5 6 1 5 2 1 2 3 4 3 1 3 2 1 4 9 2 1 1 2 2 2 1 3 16 1 1 7 2 3 2 3 1 2 3 3 106 2 1 1 1 1 4 2 1 1 6 11 32 4 1 1 1 2 1 2 5 6 11 1 1 6 2 11 3 1 14 4 2 1 1 2 3 40 4 3 1 2 2 1 3 2 16 6 9 2 1 10 2 8 15 1 3 15 5 2 9 2 2 3 1 5 2 3 14 1 1 1 2 2 3 2 1 2 1 11 1 2 6 1 3 21 2 3 15 1 6 9 1 3 2 1 1 1 1 1 4 2 19 2 6 1 1 4 1 4 2 2
2 22 1 2 5 1 1 1 1 9 9 1 1 2 1 1 11 2 3 1 4 9 4 1 8 1 19 2 19 1 1 3 1 8 1 2 2 2 1 3 2 8 3 1 2 2 2 1 3 1 1 1 1 3 2 1 1 2 4 1 3 1 3 2 2 3 2 1 1 1 2 1 3 1 34 4 3 2 1 1 18 2 4 8 4 5 2 3 1 1 4 1 1 1 2 2 1 3 2 1 3 4 5 1 2 8 1 17 2 1 1 1 2 1 2 2 2 1 4 1 3 9 5 6 1 5 2 17 2 2 2 17 1 2 13 2 2 1 1 3 9 2 4 3 1 2 3 2 2 1 4 2 1 42 8 16 2 2 2 8 4 2 2 3 3 5 1 1 17 23 14 3 12 2 1 1 3 2 1 1 5 5 3 1 3 24 1 15 1 50 13 1 5 1 9 2 7 5 1 12
17 1 2 2 2 10 1 1 1 2 2 26 3 3 3 2 2 1 4 1 9 2 1 2 13 3 2 1 2 1 2 3 21 2 2 2 2 1 3 1 1 1 1 1 2 1 2 1 5 5 1 1 1 2 1 1 37 3 2 5 2 4 2 2 9 1 1 2 24 2 3 2 53 8 1 5 14 1 1 2 14 5 2 1 3 2 1 22 4 2 6 6 3 2 1 17 2 3 1 2 3 1 1 1 9 9 1 2 5 2 3 1 1 2 2 3 1 2 2 2 2 5 2 10 2 39 36 1 1 1 16 2 24 3 2 2 15 9 2 5 4 2 1 1 2 2 1 1 3 1 1 5 1 13 1 2 2 2 2 5 2 2 22 3 26 2 2 1 3 1 5 2 1 3 2 83 2 6 2 9 2 3 2 3 1 1 2 15 6 11 2 1 2 2 1 2 1 2 2 1
8 3 1 3 1 3 1 4 4 18 2 31 1 2 2 13 3 3 1 2 21 6 1 7 2 1 6 6 3 10 2 50 218 2 4 2 3 16 20 23 2 1 3 1 2 7 1 2 1 3 2 1 2 1 7 4 2 1 4 1 3 1 1 26 23 1 11 5 2 1 2 2 16 5 3 2 4 2 3 8 2 2 10 5 12 1 2 8 8 1 1 2 11 1 5 2 1 4 8 2 1 4 2 1 2 1 2 1 1 3 2 10 3 3 1 2 7 1 1 1 6 1 2 10 1 1 104 1 1 1 1 2 92 3 3 1 1 13 46 1 1 4 3 3 1 1 4 2 10 1 1 1 17 1 1 15 6 1 8 3 1 2 1 1 1 2 2 2 1 1 2 5 2 1 1 8 1 6 12 11 1 1 1 1 1 1 1 66 1 1 3 1 2 1 2 17 1 1 12 6
4 4 2 1 1 233 5 11 4 22 2 1 1 20 2 1 1 2 2 3 3 1 1 221 4 2 1 1 7 3 2 1 1 1 1 2 2 1 38 10 3 1 6 23 4 2 2 2 2 3 2 3 4 12 5 3 2 20 8 4 1 3 2 2 3 1 3 1 1 3 2 6 1 3 1 9 9 7 3 2 1 30 3 34 1 2 2 3 5 10 1 2 5 3 5 7 1 4 1 3 9 1 1 2 1 2 2 6 2 3 2 2 2 1 16 12 1 65 6 10 1 7 2 12 1 2 19 3 3 1 2 2 1 1 2 3 2 2 257 62 8 3 5 35 7 97 1 2 3 2 3 6 2 12 16 1 2 4 1 2 1 3 2 1 2 1 2 1 2 4 3 4 1 1 2 1 1 1 1 1 5 1 1 6 1 1 1 4 1 2 145 2 9 1 2 1 2 1 3 1
4 2 2 2 1 1 1 1 3 2 1 2 1 3 3 2 1 43 12 1 2 1 6 7 5 1 6 5 3 2 6 1 1 1 1 2 6 1 2 1 1 1 9 3 2 1 2 1 1 2 1 9 1 1 3 1 1 2 4 6 2 1 4 53 2 2 1 2 1 1 6 3 2 2 2 2 2 18 1 2 1 13 2 1 2 2 4 2 3 5 19 2 1 1 5 2 2 1 2 55 1 2 44 5 1 2 7 3 1 2 2 5 1 13 27 1 4 2 41 3 11 6 1 1 2 2 2 1 3 1 1 3 2 16 1 13 6 9 15 2 2 3 3 1 9 1 2 1 1 4 6 29 2 3 3 4 11 1 72 1 6 2 2 3 1 6 4 1 1 1 3 1 8 1 4 335 4 2 1 2 1 2 1 2 7 2 2 1 8 2 8 2 3 3 1 1 1 2 1 4
1 2 6 2 2 7 5 10 2 1 1 1 1 3 2 2 1 14 5 1 7 1 1 3 2 5 2 1 4 1 2 5 4 1 2 2 2 2 18 2 2 2 6 1 3 2 3 1 3 1 2 16 2 10 22 5 24 1 1 1 10 1 1 7 4 2 2 20 3 1 3 2 6 12 1 2 1 1 3 1 11 3 8 2 1 1 1 7 3 4 3 35 1 1 1 2 2 2 20 1 1 2 3 1 1 3 6 1 189 3 2 1 4 2 5 6 9 1 2 3 4 2 4 5 3 2 2 6 2 1 1 3 6 1 2 20 3 3 3 1 1 10 1 4 2 10 16 1 7 2 3 4 3 97 1 2 2 1 2 1 2 4 2 2 2 5 1 1 3 4 1 1 1 1 2 3 5 1 8 117 1 2 6 1 3 1 3 3 1 2 1 4 2 1 5 3 2 14 4 1
1 6 1 1 2 4 3 1 2 2 1 4 3 1 1 10 7 3 14 5 2 2 2 1 1 44 3 2 3 6 2 2 1 2 2 1 3 8 1 4 8 2 1 10 1 2 2 1 2 1 2 2 4 13 3 1 3 6 2 1 9 9 1 3 5 3 4 2 3 11 1 1 1 1 2 9 27 3 1 2 66 1 1 1 8 2 2 3 2 1 6 2 12 3 1 3 97 25 4 5 2 3 3 1 2 6 3 10 1 2 1 2 1 2 1 1 2 3 2 13 3 15 36 2 2 1 1 1 1 15 2 10 1 2 48 2 2 2 53 5 2 2 1 1 35 2 5 19 7 2 2 1 10 1 3 1 2 1 6 1 1 3 2 1 1 2 1 1 4 2 5 1 1 2 15 2 2 2 2 2 2 6 1 2 14 2 6 1 2 2 1 5 3 10 1 2 9 1 1 1
4 8 2 2 2 3 2 2 2 1 17 6 5 2 8 2 2 3 1 3 4 4 2 3 1 1 1 5 1 2 1 6 1 8 43 1 6 1 3 3 3 2 3 3 1 18 1 3 2 1 1 2 10 2 2 2 8 2 2 53 1 1 1 1 1 3 2 39 2 2 1 1 2 1 3 1 1 24 1 4 10 2 1 3 5 1 3 1 3 2 33 6 1 1 1 3 3 1 5 3 20 1 2 2 1 4 16 3 1 4 3 1 2 1 1 1 1 2 1 78 3 1 4 7 3 28 2 1 1 3 2 8 4 2 5 1 5 1 2 2 4 2 1 2 2 2 2 6 3 2 3 4 8 4 2 66 3 1 13 2 2 2 2 1 8 1 2 5 9 6 1 2 1 5 6 13 2 2 2 1 2 2 19 3 14 38 2 6 1 2 1 3 12 2 3 2 8 1 1 10
1 1 1 5 1 2 2 2 10 1 9 2 2 7 2 1 5 1 100 1 1 1 2 2 2 2 2 2 8 3 13 1 2 1 1 3 3 5 10 1 2 1 4 1 10 1 2 2 5 7 3 2 4 20 2 2 1 82 6 7 2 5 4 2 415 1 1 1 1 2 4 1 3 1 5 1 7 1 2 1 4 12 2 21 2 6 1 1 2 2 45 2 6 2 2 1 27 2 3 34 1 1 1 2 1 2 1 3 3 4 14 1 12 1 1 2 1 55 9 1 1 2 1 1 1 4 293 22 2 5 3 37 2 44 1 1 1 2 4 2 1 1 2 4 1 2 1 2 13 8 1 2 4 6 6 1 1 2 17 2 1 1 6 1 1 1 3 4 4 9 78 4 1 2 3 1 2 1 2 2 2 3 10 2 7 3 39 2 41 4 1 2 1 7 2 1 1 2 3 242
1 1 1 1 2 2 2 8 1 102 2 2 1 13 10 1 1 1 1 1 2 2 4 2 1 1 1 3 1 1 2 1 4 1 5 7 3 3 4 2 10 24 1 3 2 1 4 4 1 1 3 11 2 1 4 1 2 10 27 2 3 6 3 1 62 1 1 1 2 2 2 1 6 1 2 3 1 1 1 1 13 1 1 1 5 1 3 63 1 1 2 8 2 1 2 5 4 2 3 1 6 8 1 1 4 13 3 1 13 1 6 23 2 1 1 31 17 5 2 3 1 2 3 2 2 1 4 2 1 4 1 1 1 1 2 1 1 1 3 5 3 2 4 2 10 2 10 2 2 1 2 24 6 3 1 63 1 2 1 1 2 1 1 1 4 2 2 35 2 1 1 1 2 1 1 3 25 11 1 1 1 2 4 2 5 10 1 1 1 1 1 1 5 3 1 1 3 2 6 7
4 3 1 2 3 2 4 1 1 1 4 2 2 21 3 1 5 3 2 2 1 1 5 2 2 1 4 1 1 6 1 2 2 1 1 5 5 3 6 5 7 29 1 11 7 1 2 7 1 11 2 11 65 2 44 3 4 2 4 2 2 1 6 1 1 2 1 1 2 2 1 4 1 10 4 3 1 4 2 2 1 8 5 25 1 36 2 1 1 2 1 1 3 1 1 2 1 1 3 3 2 4 5 2 2 1 7 8 1 1 3 4 5 17 6 3 1 2 3 5 2 32 2 1 3 2 2 2 2 4 1 1 2 1 1 4 1 2 2 11 4 3 2 2 21 2 1 13 2 2 8 2 2 23 1 1 1 2 2 6 5 4 1 4 3 2 2 2 1 1 2 4 4 2 2 1 10 2 9 1 189 6 2 5 2 1 2 1 2 2 2 1 1 2 1 2 3 2 2 5
2 4 5 1 3 1 3 4 8 1 1 1 1 6 7 34 3 1 1 9 1 1 2 3 1 2 3 2 2 2 1 147 1 5 2 5 2 1 3 1 2 3 3 1 1 2 4 1 4 9 4 1 3 1 1 1 4 11 6 2 2 24 2 50 56 2 2 3 2 1 1 12 3 2 1 1 3 11 18 8 1 2 3 1 2 1 2 1 1 42 1 3 1 6 14 1 3 6 3 2 1 10 1 2 3 2 4 38 2 2 1 1 2 3 4 4 8 1 72 1 1 1 2 2 1 12 1 3 7 2 4 6 2 121 2 1 2 2 2 12 5 2 2 2 2 1 1 2 1 1 9 2 7 1 2 1 4 2 4 1 4 2 1 1 3 2 1 79 1 2 4 4 2 1 1 1 1 15 2 8 4 3 2 1 7 9 1 1 2 1 3 2 2 21 1 2 14 7 5 3
2 2 2 5 1 10 1 6 2 7 2 3 2 4 2 1 7 1 1 1 19 3 1 1 1 6 1 3 3 7 53 3 8 2 1 5 1 1 2 5 1 1 6 3 1 52 91 3 1 4 3 1 1 1 4 1 1 1 1 10 2 12 3 3 26 4 1 1 6 2 1 1 1 2 2 1 3 1 1 6 3 2 2 2 6 41 2 2 1 6 2 6 1 1 28 1 2 6 3 1 1 10 5 92 3 3 3 4 1 4 5 3 4 2 13 1 16 4 1 1 1 1 1 2 2 6 1 3 13 1 2 3 2 1 2 6 2 2 2 2 2 5 6 1 1 7 10 9 2 2 2 2 1 2 7 33 5 1 2 1 3 2 2 2 3 1 3 6 2 5 2 1 1 4 1 3 1 1 11 1 7 1 4 1 8 3 1 1 2 1 1 1 2 7 5 3 23 4 4 1
3 2 1 10 1 8 4 2 4 1 2 4 3 21 10 2 4 34 4 8 1 35 12 3 5 11 2 1 1 2 1 3 14 1 2 1 2 1 2 2 1 3 2 2 2 1 1 2 2 6 180 11 2 2 2 1 1 2 6 1 1 1 5 1 2 1 4 9 2 1 3 2 2 1 3 3 2 19 13 2 1 6 3 1 2 13 2 2 1 2 4 7 3 4 10 3 2 1 1 3 1 3 1 7 2 1 11 1 4 3 2 1 3 2 2 2 2 1 21 2 2 1 1 4 1 2 1 1 1 2 1 5 2 9 2 1 2 2 4 1 2 3 1 5 1 6 2 3 4 1 2 1 4 100 2 3 3 2 1 3 5 1 6 2 1 1 3 3 2 2 2 2 3 3 16 2 1 31 1 5 2 92 1 1 2 2 1 1 3 1 11 5 2 2 2 4 1 2 57 4
2 2 3 4 1 2 231 1 3 1 3 13 1 1 1 9 1 2 6 1 4 2 2 8 1 1 16 13 4 2 1 6 2 3 17 6 5 1 1 2 5 2 2 2 10 6 3 4 1 53 1 1 2 11 1 7 2 3 2 4 1 1 3 2 2 1 2 1 2 2 8 1 3 2 1 2 5 2 1 6 28 1 4 5 2 1 26 9 2 2 14 3 8 2 3 1 3 2 2 2 2 1 191 1 15 28 1 2 1 2 1 2 2 1 1 14 1 4 27 4 1 8 2 8 6 5 3 1 3 1 29 2 4 3 9 1 1 2 3 3 1 8 38 2 1 3 1 2 3 1 1 10 1 1 3 7 1 5 1 3 2 1 6 5 12 3 2 1 4 2 3 1 2 2 1 3 27 1 14 7 1 4 1 1 2 3 1 1 1 1 2 3 2 7 4 1 1 29 2 1
2 3 2 1 1 6 1 9 1 1 8 9 1 2 1 3 3 3 11 1 2 2 2 6 1 11 1 1 1 1 5 2 1 3 7 5 3 13 1 5 1 2 3 1 3 3 5 13 1 2 3 1 3 9 1 5 3 4 3 2 2 3 7 3 2 1 4 1 2 1 3 1 2 3 14 12 2 1 1 6 2 2 3 1 3 1 2 1 1 1 2 3 2 1 11 3 1 25 1 1 10 1 1 12 2 1 3 1 6 1 2 2 1 2 4 4 1 2 13 29 2 1 1 2 2 1 4 3 1 8 1 1 15 1 1 1 2 2 1 3 1 6 1 5 6 1 2 1 12 1 1 4 7 6 2 1 2 2 6 1 4 3 3 2 3 2 12 11 2 2 1 2 1 15 1 1 2 1 1 5 6 1 2 3 2 2 1 3 5 2 1 3 2 2 2 6 6 1 7 1
2 2 2 1 57 2 1 2 1 1 4 2 14 4 6 1 1 1 3 2 2 1 2 1 3 2 2 2 3 1 1 1 2 1 1 4 2 1 7 1 14 3 9 1 2 1 4 1 2 2 1 8 1 5 1 1 2 1 3 2 1 1 1 1 1 2 2 1 2 21 5 12 23 5 1 39 1 1 2 2 2 4 2 1 2 21 2 1 5 1 2 3 2 2 2 2 4 2 3 2 1 1 3 2 2 5 9 2 1 2 1 6 2 1 1 1 1 2 1 1 8 2 2 2 1 2 1 2 1 12 1 14 2 4 4 3 52 2 1 2 6 23 2 2 4 3 1 1 1 2 9 2 141 1 1 1 2 2 2 1 2 1 75 2 1 1 2 6 1 2 4 1 2 1 6 1 2 1 1 2 1 2 1 1 1 8 1 2 17 3 1 6 2 2 1 1 1 1 1 1
2 6 2 1 2 54 1 3 2 10 1 1 2 1 125 2 1 1 2 1 2 286 1 1 4 5 1 1 4 1 50 4 2 1 1 1 6 2 1 1 2 7 1 3 2 5 3 4 15 1 19 2 1 1 1 1 7 36 1 1 3 32 8 2 3 3 5 2 4 1 1 4 1 1 2 2 2 2 9 14 25 2 1 6 1 2 3 1 3 1 1 2 2 13 3 4 1 2 1 11 4 1 1 1 1 2 14 5 1 3 3 1 6 2 2 5 1 1 1 24 6 3 12 5 2 10 4 1 3 7 2 3 22 30 1 3 4 1 2 16 6 1 1 1 2 11 2 8 1 3 9 7 4 1 2 1 10 1 7 9 1 8 1 2 3 1 2 3 8 6 39 2 1 4 2 2 1 1 1 1 25 2 6 16 4 2 2 1 24 3 1 3 2 4 4 1 3 1 2 10
2 1 1 1 2 2 3 3 4 1 1 3 91 35 1 4 4 2 12 4 1 1 3 3 1 8 11 39 4 1 12 4 10 15 2 3 1 1 1 1 6 1 3 3 2 4 1 1 2 9 3 2 7 2 3 3 3 2 3 1 1 2 2 6 1 2 1 2 6 1 1 2 1 3 1 1 6 7 1 84 1 2 9 4 2 2 8 2 6 4 1 2 2 2 2 1 1 1 1 3 29 2 3 3 4 61 3 1 2 1 1 3 19 1 1 2 2 4 1 2 1 4 3 2 1 2 13 3 12 1 3 6 1 5 2 2 12 3 10 2 2 35 17 2 1 1 2 1 1 1 2 1 1 3 1 10 2 2 3 1 1 1 2 2 22 28 2 1 1 1 2 2 1 4 1 1 1 1 1 1 4 1 3 3 9 2 3 4 3 2 2 4 3 1 2 12 1 18 6 2
2 4 3 1 3 3 1 2 2 1 1 3 3 2 4 8 19 2 3 2 9 1 1 1 2 4 2 6 2 2 1 2 2 2 1 2 3 2 2 3 3 5 3 1 2 2 1 1 1 2 1 3 1 2 5 1 1 1 1 2 1 1 2 1 1 3 1 1 24 2 4 1 4 3 1 18 1 42 1 2 3 1 1 9 2 2 445 2 3 2 1 4 40 1 2 2 12 12 8 2 1 1 2 2 1 5 1 2 3 2 1 1 2 1 4 2 7 4 1 4 1 7 5 1 5 2 2 25 1 1 3 15 4 2 3 2 2 3 2 2 3 4 2 1 1 1 6 4 2 1 3 3 6 1 3 2 2 1 1 3 3 3 3 1 1 1 1 1 3 2 3 1 1 22 2 2 3 2 2 1 1 27 24 9 20 59 3 2 1 1 2 2 2 1 1 1 2 2 3 2
2 1 6 1 5 1 11 5 2 7 64 2 1 1 2 1 1 4 3 2 4 6 2 1 2 1 2 3 2 2 1 2 3 1 2 1 2 4 2 2 5 1 2 8 1 3 1 4 1 3 8 2 2 2 1 3 245 7 1 1 1 2 2 1 2 2 1 5 1 3 1 1 1 1 3 3 1 116 2 3 9 4 5 1 2 15 2 14 1 2 20 1 2 1 2 1 1 2 1 1 1 4 1 1 1 1 1 6 26 24 2 1 6 2 1 1 1 15 3 1 4 1 2 5 2 3 7 15 1 3 4 3 5 2 3 5 2 2 2 1 1 2 16 9 4 1 1 36 1 6 4 3 1 2 3 12 2 2 1 2 1 1 8 2 5 8 1 26 1 3 1 13 2 2 1 8 2 1 3 9 1 4 1 2 15 1 1 3 2 3 6 1 1 1 2 4 1 2 1 7
2 4 18 2 2 52 3 1 3 5 4 1 2 1 2 2 1 3 1 14 1 11 2 1 1 176 25 1 2 1 1 1 3 9 1 2 2 4 2 2 2 1 2 5 1 1 2 1 2 4 1 4 2 1 4 16 1 2 1 2 1 4 13 1 25 4 2 20 1 2 16 3 2 1 3 4 2 5 4 2 1 1 8 1 2 1 4 2 1 1 7 3 3 1 4 1 1 2 1 5 2 8 1 1 4 3 5 2 1 30 1 2 9 1 19 1 4 18 2 2 2 2 4 15 1 3 2 2 1 1 2 3 1 2 1 2 2 2 9 2 2 6 4 1 3 5 2 2 18 63 1 5 1 1 3 7 3 1 1 1 3 3 1 12 2 5 1 2 1 2 1 1 1 1 1 20 1 1 2 1 1 2 1 1 26 6 1 1 4 4 5 1 2 2 1 5 3 6 5 2
2 3 4 3 5 1 2 2 2 1 1 6 5 1 1 13 6 1 1 1 1 5 2 8 1 1 8 3 6 4 5 1 17 1 2 2 1 1 1 33 2 2 174 2 12 2 30 2 1 1 2 1 2 1 1 2 1 2 1 2 1 1 1 3 1 3 5 2 13 3 6 1 1 8 1 2 2 1 1 6 1 2 1 1 2 3 3 1 2 4 1 30 1 3 1 2 23 2 1 5 2 1 2 3 1 4 2 5 1 1 2 1 1 2 3 74 5 1 6 1 2 12 7 2 3 4 8 1 1 2 1 2 7 15 10 3 3 7 1 4 2 3 1 2 2 2 1 4 2 2 1 2 4 3 2 2 2 1 1 2 1 3 12 3 9 1 2 4 10 3 187 8 9 3 1 3 3 5 2 1 5 4 1 1 3 4 17 6 2 128 3 8 2 1 2 2 2 2 1 2
1 1 1 2 1 1 2 20 1 2 1 3 45 3 2 18 2 1 1 2 1 1 2 2 1 2 2 1 2 1 1 2 2 1 3 2 1 1 1 1 2 2 2 4 1 3 36 1 1 3 1 1 2 1 5 7 1 1 2 4 208 2 1 1 1 2 4 1 8 1 2 4 13 8 6 1 1 2 2 1 1 13 2 2 2 7 6 3 1 1 6 12 19 3 1 2 1 1 16 16 3 20 1 2 1 1 32 1 1 2 4 1 1 6 1 5 2 63 1 1 2 5 2 1 1 1 1 8 3 2 6 2 50 2 1 1 1 1 6 2 2 3 3 1 1 1 1 53 1 2 1 6 1 1 2 4 1 2 13 1 9 2 1 2 2 11 1 5 7 1 2 5 110 1 7 64 1 2 6 2 2 4 2 2 16 16 3 1 3 2 3 1 9 2 12 1 1 1 15 5
3 1 24 1 1 1 1 1 5 3 2 251 2 5 1 1 1 4 1 2 7 2 4 3 3 1 2 13 1 1 2 1 1 1 2 69 1 8 1 89 1 1 2 14 7 2 2 3 2 1 19 3 4 1 1 3 2 3 6 2 5 3 2 3 1 10 2 1 1 12 1 5 1 1 1 3 11 8 1 3 3 2 1 8 2 2 2 7 4 1 2 7 1 1 1 3 1 1 1 4 1 2 8 2 1 4 1 4 2 1 1 1 1 3 1 1 2 328 2 1 2 1 2 2 15 1 2 12 8 2 29 2 2 2 1 2 21 4 2 12 4 1 1 1 2 1 3 2 4 12 3 14 5 2 2 21 3 3 3 1 1 3 2 7 3 1 1 2 3 1 1 2 2 1 1 2 2 184 46 1 3 1 2 13 28 2 1 3 2 1 2 1 7 1 2 1 2 1 3 2
2 1 1 62 1 1 11 2 1 2 1 9 12 5 5 1 3 4 13 2 3 13 7 1 3 3 4 4 2 1 2 1 5 2 3 5 3 3 4 1 4 3 3 1 1 3 3 2 1 48 1 65 3 1 17 1 2 4 1 9 4 3 1 5 4 2 2 2 2 1 2 2 1 1 12 1 5 1 1 11 2 2 1 4 3 7 5 1 1 1 1 15 2 12 3 2 1 1 3 1 1 7 1 1 1 3 24 2 2 3 1 1 2 4 1 33 14 8 2 2 1 2 3 5 3 1 5 2 1 1 1 2 1 2 3 2 2 2 8 8 354 2 1 3 3 3 1 2 1 223 1 1 4 2 22 6 5 2 6 1 3 31 17 1 4 1 1 9 3 2 10 2 1 6 2 3 1 7 1 1 7 5 1 1 66 1 1 1 2 34 12 9 6 2 2 3 2 3 1 3
3 2 2 35 78 1 3 4 2 1 3 1 2 1 120 2 2 2 2 1 94 2 14 1 3 3 1 1 4 3 1 1 2 2 4 2 2 1 2 10 2 1 7 3 1 4 4 1 2 2 1 26 7 5 1 8 22 3 4 2 2 5 3 3 2 1 2 2 1 3 2 20 6 2 2 2 2 1 2 2 1 3 6 1 1 2 4 1 1 2 3 8 1 1 1 2 4 1 1 1 1 1 7 1 8 1 1 3 1 1 1 9 3 1 7 2 2 1 7 2 2 5 2 1 1 2 10 2 1 8 1 8 4 1 4 14 1 2 10 1 1 1 4 1 3 2 1 2 1 4 1 34 6 1 1 3 1 1 2 1 1 1 4 3 1 2 2 5 1 1 19 5 3 1 1 1 10 1 8 3 3 2 2 1 2 1 13 2 4 5 4 2 1 14 5 1 4 2 2 3
38 2 1 1 4 2 2 1 26 2 1 3 2 2 2 2 1 4 2 9 3 1 1 131 2 18 2 1 2 1 6 1 1 4 1 3 17 2 92 3 1 1 10 14 6 2 3 6 9 1 5 2 2 10 63 1 3 1 136 3 1 1 1 1 9 1 1 3 17 5 20 2 4 2 12 11 7 6 3 6 21 2 5 3 1 10 2 15 4 2 1 1 4 2 16 3 2 4 21 1 1 1 1 1 2 12 2 3 3 2 1 75 2 1 4 1 2 8 1 1 1 5 1 1 1 78 1 1 8 2 1 2 2 1 5 2 38 2 1 3 8 90 2 1 2 2 4 1 1 3 3 4 4 1 6 107 4 2 2 4 29 7 2 10 1 1 4 1 3 2 7 1 3 3 1 1 3 2 2 18 1 1 7 4 4 1 4 20 4 7 3 2 7 2 2 70 1 5 4 1
1 11 1 1 1 2 1 2 3 2 14 51 1 2 4 2 1 1 1 1 4 1 1 1 3 1 2 10 2 16 5 3 6 1 1 2 6 9 2 5 6 2 7 4 1 1 1 2 2 4 2 5 13 3 7 1 4 2 2 2 1 14 2 1 1 1 6 3 3 2 1 1 1 1 1 3 1 3 1 226 3 1 2 9 1 244 2 25 12 10 1 2 4 2 4 13 1 2 1 2 2 2 2 2 2 3 18 2 7 2 2 12 1 4 5 20 2 1 1 1 4 15 4 2 39 3 2 31 2 5 6 1 2 10 2 11 1 1 1 1 1 1 4 4 2 2 1 1 2 2 1 3 1 18 2 1 2 1 2 2 86 1 1 1 84 6 11 8 1 3 2 8 2 1 2 2 1 1 1 2 1 9 10 2 3 3 3 7 4 1 4 2 21 2 1 3 3 2 3 1
4 2 1 2 4 4 5 2 1 1 1 2 1 1 2 1 2 8 2 3 1 1 5 6 1 9 3 1 2 2 2 2 1 1 8 4 3 5 2 2 8 1 2 2 2 1 2 2 1 11 1 1 1 5 3 2 1 2 3 2 2 1 1 1 3 1 2 39 1 1 1 18 1 4 1 6 4 3 5 3 2 2 1 2 5 9 2 1 1 5 32 1 1 1 2 3 11 1 1 1 1 7 3 1 4 2 1 24 1 7 1 2 2 1 3 2 2 2 3 2 2 28 3 3 1 1 2 2 3 3 1 4 2 3 8 1 6 2 1 1 4 2 5 2 5 1 1 3 4 2 4 2 4 2 5 1 1 8 1 2 52 3 2 3 2 1 1 3 5 2 2 2 9 179 4 2 5 4 3 2 3 21 2 35 2 1 3 1 1 1 2 1 2 2 7 1 87 3 6 3
17 5 1 2 8 8 3 1 4 1 2 9 1 1 31 2 30 3 16 2 2 2 3 4 1 4 1 1 36 1 1 1 5 2 4 5 4 1 5 3 1 1 2 2 1 1 1 3 20 3 3 1 5 2 1 1 1 2 1 1 10 2 24 1 1 2 13 1 2 2 2 1 5 10 1 243 3 1 4 1 2 7 3 176 16 13 1 1 41 1 10 9 4 2 3 1 2 1 2 1 1 7 1 2 4 2 14 4 21 1 1 1 2 1 68 1 1 1 2 2 9 2 1 3 2 3 10 9 1 2 1 2 4 1 2 3 2 1 3 2 4 8 1 2 2 2 1 1 2 2 1 1 2 1 1 2 1 44 2 2 1 2 1 2 1 2 129 1 3 6 1 10 5 2 1 2 10 2 2 1 2 3 2 1 1 4 1 1 1 4 10 3 11 3 1 1 3 15 2 1
1 4 7 5 2 2 3 2 3 1 3 2 2 5 3 12 2 1 2 1 2 1 2 1 1 6 1 23 1 2 2 2 2 2 1 1 1 2 3 3 1 1 2 2 2 2 1 2 6 3 4 7 2 1 2 2 1 2 2 2 1 5 1 6 1 2 5 3 1 12 5 3 2 2 6 1 3 27 126 3 13 6 29 1 1 1 1 3 26 2 20 2 4 6 3 4 1 1 1 3 3 3 2 2 1 1 4 17 1 2 1 2 2 1 3 2 3 3 1 1 2 1 1 8 5 1 4 2 7 4 1 2 1 1 15 1 18 3 2 2 1 6 4 2 4 47 27 1 2 3 4 6 3 2 1 94 5 6 1 1 29 1 1 1 13 2 1 4 1 8 2 2 2 3 1 2 1 2 2 5 2 1 1 1 2 2 15 2 4 1 4 9 1 4 1 4 11 2 2 4
1 5 2 8 2 2 14 1 1 1 1 7 4 7 2 1 2 2 2 11 1 2 5 1 4 2 5 2 2 31 7 1 1 8 4 2 1 2 1 2 3 4 2 2 1 2 1 2 4 2 218 3 2 2 227 4 2 32 2 2 8 2 1 2 3 10 2 2 2 11 2 7 2 47 1 10 6 2 2 2 2 1 1 3 138 1 3 1 3 2 1 8 5 1 4 76 1 8 4 3 2 3 1 95 4 5 1 2 2 126 7 2 6 1 1 2 1 2 4 1 2 2 1 4 2 1 1 3 1 3 9 1 32 1 15 2 2 1 1 2 1 7 2 2 2 3 2 2 2 2 1 8 2 2 7 38 1 2 7 1 1 1 2 12 1 1 7 23 1 5 2 1 1 2 1 1 1 2 35 1 1 1 1 1 1 5 2 2 2 1 1 2 2 2 1 1 2 2 6 3
