200
386 134 127 200 206 270 243 387 412 346 309 269 322 181 370 218 168 245 308 495 304 242 239 344 104 441 281 377 295 188 133 195 131 323 399 265 319 108 363 226 414 128 414 357 117 167 134 305 178 471 269 282 235 106 433 337 217 179 185 286 451 283 302 234 254 435 419 264 172 449 338 282 471 266 312 500 338 321 242 302 484 147 313 221 133 414 127 101 390 286 247 456 339 421 246 193 284 452 349 257 495 427 122 403 300 303 223 443 338 235 117 274 227 417 274 268 447 292 398 301 111 302 359 152 234 472 326 136 192 429 168 166 409 175 124 411 220 489 397 234 435 179 241 441 223 173 484 451 317 129 360 293 289 264 250 352 349 389 133 191 471 434 270 245 180 389 149 164 385 442 339 148 139 484 334 426 251 361 342 121 239 181 213 369 130 147 274 466 311 329 372 393 106 225 323 380 286 467 457 252
6 2 3 1 6 1 2 1 5 1 1 3 5 4 5 1 5 4 6 4 4 5 6 5 1 1 5 1 6 3 1 4 6 5 4 5 6 1 2 5 3 3 1 5 3 6 6 1 5 5 2 4 1 4 5 1 1 3 6 4 6 4 4 2 1 2 6 4 3 5 2 4 1 1 3 5 3 6 2 3 3 3 5 5 3 3 5 1 1 5 3 6 3 5 2 5 2 5 3 4 4 3 3 6 1 2 3 3 1 3 3 6 3 3 6 4 3 3 2 4 3 1 2 3 1 3 2 5 2 4 1 5 1 3 3 3 1 3 6 2 4 3 5 3 3 1 4 5 2 3 5 2 3 3 6 2 4 2 6 1 6 3 5 2 1 3 6 4 3 3 1 3 2 2 3 3 2 2 2 1 5 1 5 3 4 2 4 4 5 1 5 1 2 1 6 4 1 1 2 5
2 2 1 27 3 1 2 3 1 2 4 2 2 6 8 1 7 2 1 2 2 2 2 20 2 2 7 1 1 1 2 2 3 1 1 3 1 3 1 6 1 1 3 2 8 1 2 1 3 1 1 4 2 1 18 2 1 1 1 1 3 1 1 44 1 10 1 31 4 5 12 11 9 1 2 1 7 1 2 27 1 1 2 3 1 1 2 2 2 11 2 2 1 3 3 4 7 55 3 3 1 1 2 3 4 1 1 2 8 1 3 2 1 1 1 3 4 1 2 1 3 1 7 1 3 4 6 6 9 4 9 4 6 1 1 8 2 42 8 6 2 1 3 7 8 1 2 4 1 1 5 1 2 276 4 3 23 4 5 2 3 1 1 1 1 1 1 2 6 1 3 2 1 3 1 1 1 2 1 2 1 7 1 1 2 5 6 4 2 1 1 2 11 33 2 3 13 1 1 1
2 1 41 2 1 2 2 1 1 2 1 3 2 2 9 17 1 1 3 306 2 3 1 7 1 2 1 1 2 1 1 1 3 1 1 1 2 1 1 78 2 2 3 1 1 2 1 7 2 2 35 5 3 4 1 1 4 3 2 5 1 3 1 8 2 1 2 3 2 2 6 1 8 10 4 9 1 1 1 2 1 3 10 9 6 1 1 2 2 3 2 2 1 6 14 2 1 16 41 3 3 3 1 3 2 1 2 1 5 4 1 10 4 12 2 1 2 2 12 5 6 1 2 1 1 1 4 1 2 4 8 1 4 1 3 5 22 1 1 8 1 8 2 4 2 26 3 2 2 2 2 1 7 3 6 7 34 10 2 11 2 6 37 17 3 1 2 6 8 1 3 2 2 1 1 3 1 1 5 3 2 1 1 2 2 2 1 1 2 2 1 2 4 1 4 1 2 4 1 1
8 9 3 3 3 1 1 24 1 8 1 1 10 1 3 2 4 8 12 11 8 4 2 2 1 21 1 2 1 11 1 2 11 2 2 1 2 2 3 2 1 1 1 2 5 2 3 4 1 3 1 9 1 2 1 5 4 2 5 1 1 1 2 2 2 1 2 1 2 1 1 13 13 1 16 2 1 3 2 1 1 2 53 2 5 3 2 1 2 1 6 1 2 3 3 47 1 9 1 7 4 7 37 1 7 2 2 1 5 104 4 1 3 1 9 2 3 1 2 2 1 1 31 2 2 3 3 3 17 2 1 2 7 2 2 7 4 5 6 4 5 2 2 2 1 9 20 6 3 7 2 3 2 165 21 1 2 29 22 1 5 2 2 4 2 2 1 1 2 4 1 2 2 2 1 2 2 1 10 2 4 3 1 3 1 3 82 82 1 3 3 9 2 3 1 6 34 2 1 1
1 1 45 23 1 1 3 4 4 2 1 2 1 1 1 74 3 7 2 1 1 1 2 1 7 8 1 3 2 1 31 5 2 32 1 3 1 1 5 1 139 8 1 4 1 348 1 4 5 1 2 2 1 1 69 4 1 5 1 1 1 283 1 1 1 1 1 1 1 1 1 1 1 1 2 3 3 2 1 2 1 5 10 2 4 7 3 3 1 1 6 1 3 1 1 7 2 5 3 1 2 1 6 1 1 1 1 2 2 2 6 1 7 4 1 1 2 22 1 1 3 3 2 3 3 2 21 2 1 2 7 1 8 2 4 5 1 9 2 2 23 1 2 5 3 1 4 1 2 1 3 1 2 2 1 2 7 1 1 5 1 5 1 1 1 2 3 10 1 2 6 1 1 1 91 2 1 2 2 2 2 5 2 3 1 2 1 1 2 6 2 5 5 10 1 1 28 2 6 2
1 1 1 22 3 1 1 3 2 2 5 4 1 2 1 3 8 35 4 2 1 2 2 2 7 1 2 9 3 2 6 1 5 4 6 1 1 4 30 17 1 1 5 10 2 3 1 2 6 1 9 3 5 1 2 1 2 3 1 5 3 1 1 1 1 2 28 7 1 3 1 1 6 2 2 1 1 48 1 1 2 2 5 1 2 1 3 1 2 36 3 1 2 12 5 40 1 2 1 2 2 3 2 1 1 1 2 6 17 1 1 1 1 1 10 5 4 1 1 1 11 1 9 2 4 11 1 2 3 1 9 1 2 8 1 2 1 1 4 39 4 3 2 1 2 36 2 2 1 1 2 3 4 1 24 2 1 9 1 4 1 1 1 4 1 9 7 1 72 2 2 54 6 2 6 3 20 1 2 1 3 1 1 2 2 4 2 1 6 2 8 10 2 3 2 3 9 2 5 2
1 2 1 2 2 1 2 1 1 11 2 1 3 1 1 1 5 1 1 2 2 1 1 6 6 6 1 1 4 1 1 2 1 2 1 7 2 12 4 4 1 1 2 3 3 6 5 12 3 1 1 1 6 1 7 1 1 2 3 5 24 30 2 1 3 3 1 3 1 1 2 7 3 2 1 1 1 10 8 3 1 2 11 3 2 1 1 3 2 3 29 1 8 5 16 1 2 2 2 3 4 2 3 5 7 4 1 1 2 2 4 2 3 5 2 3 2 6 2 1 2 2 2 2 13 1 4 3 333 2 148 3 8 2 1 2 1 2 2 2 3 1 2 2 4 2 4 10 1 1 1 1 1 1 3 1 2 182 2 5 1 3 1 5 13 17 1 3 2 1 8 1 1 4 1 14 2 1 2 1 50 1 2 2 1 1 2 2 2 1 5 2 1 77 1 1 1 2 1 3
3 9 2 1 1 4 2 2 1 2 5 1 1 2 3 1 2 1 5 9 2 1 2 2 3 2 2 3 2 4 1 2 3 1 2 7 3 1 6 2 2 4 1 2 2 6 1 2 1 1 1 4 1 1 7 8 6 2 1 1 1 43 1 1 2 2 3 3 6 14 3 1 1 1 1 3 2 2 2 2 2 2 1 3 2 9 2 16 35 2 1 4 2 1 1 1 1 1 2 4 4 3 1 7 2 6 1 68 1 2 1 4 4 1 2 1 3 1 14 2 2 5 14 3 16 6 2 2 1 5 1 1 3 5 5 2 3 4 1 46 3 2 2 17 1 2 7 1 1 1 4 3 5 3 1 42 1 25 2 2 5 2 1 1 1 1 7 1 3 3 1 4 2 2 13 2 4 3 2 1 1 3 1 1 2 4 2 3 2 5 3 2 1 2 6 4 7 2 438 2
6 2 1 2 1 4 2 4 23 8 2 2 4 2 56 1 6 8 1 3 6 4 1 19 1 1 1 2 2 1 3 2 2 2 12 2 2 5 2 1 7 2 1 10 3 3 1 2 6 5 6 6 2 5 2 2 1 1 1 6 6 23 2 5 2 3 3 11 2 1 1 3 1 1 2 2 2 4 1 43 3 2 8 2 1 1 4 3 1 1 8 4 2 1 4 8 2 3 1 1 1 2 7 4 4 2 1 1 2 2 1 4 1 19 1 9 4 2 1 1 2 2 1 11 1 1 3 2 1 2 2 1 1 1 1 1 1 5 2 2 1 1 1 3 12 142 3 2 2 3 2 4 1 1 3 2 3 1 6 186 2 2 1 2 3 2 2 6 8 2 7 3 4 1 3 2 5 2 1 1 2 1 9 1 18 27 1 2 1 6 3 4 1 2 3 1 2 2 1 2
3 1 1 2 4 1 12 2 1 3 4 3 2 2 35 2 1 2 7 1 6 6 1 3 3 12 4 2 1 3 5 3 2 18 7 56 2 1 1 1 1 1 1 7 440 3 11 3 1 6 4 381 3 3 1 1 1 1 13 1 3 1 7 4 1 3 1 1 1 2 2 5 1 13 1 1 1 5 2 3 1 1 2 4 1 1 1 4 1 2 2 3 1 1 6 1 1 1 2 3 2 94 7 9 26 3 1 1 20 2 1 2 1 3 2 2 1 2 11 1 3 5 6 2 1 4 3 7 2 6 2 1 1 1 1 3 5 5 5 1 1 1 1 6 2 2 1 1 1 2 5 2 9 2 5 1 2 11 1 1 2 1 11 2 3 1 1 2 3 2 1 8 4 2 2 1 1 3 5 1 1 1 2 3 2 1 3 2 17 1 1 5 1 13 2 2 2 1 7 1
5 1 5 2 2 2 1 1 1 1 2 2 4 2 1 2 2 1 2 5 2 3 1 1 1 1 1 3 1 9 16 3 1 1 9 2 1 4 1 3 1 3 3 1 1 2 1 2 2 2 2 3 1 1 1 4 2 3 4 2 1 6 1 1 2 1 1 6 40 1 2 1 3 2 3 2 1 2 8 3 27 10 9 2 5 2 4 1 1 2 2 1 2 1 84 9 1 1 1 1 2 1 10 2 2 1 1 1 9 1 1 2 2 1 62 1 9 9 3 2 2 1 2 1 2 10 2 1 3 10 146 2 2 2 2 3 1 2 1 1 1 2 5 1 2 5 1 2 10 1 3 1 4 1 21 4 1 1 6 5 2 1 3 1 1 1 1 3 1 7 1 24 2 3 1 3 1 82 2 5 1 5 2 1 2 1 2 3 4 1 1 3 16 3 2 1 2 1 1 6
1 2 1 2 8 4 1 2 1 28 3 1 4 4 1 8 2 1 4 1 1 4 1 1 1 1 2 2 2 5 5 19 1 1 1 1 1 17 37 2 3 1 1 1 1 2 7 1 2 1 22 1 1 2 2 1 4 1 1 2 4 2 1 8 1 4 2 11 10 1 1 1 3 2 6 1 6 2 3 1 2 1 13 3 3 1 6 2 1 3 2 2 1 3 3 2 3 1 21 22 1 2 1 3 2 9 1 1 1 22 16 2 3 3 7 2 5 3 1 11 1 2 1 6 1 2 1 9 17 5 3 6 2 4 1 9 2 14 5 1 2 1 21 11 2 1 3 1 1 1 1 4 1 1 1 2 4 1 2 1 11 1 1 2 1 2 4 5 5 62 8 1 1 15 1 3 4 38 1 1 2 2 2 3 1 2 2 1 3 1 387 2 2 1 2 3 4 1 1 5
97 1 9 11 19 5 2 7 5 23 1 1 2 2 11 2 2 3 8 1 9 2 5 1 2 2 8 6 5 1 1 1 2 1 1 33 6 1 1 2 1 5 4 3 7 4 1 2 2 2 3 5 1 1 2 1 2 2 1 3 3 1 2 4 2 1 2 1 3 1 1 1 2 3 1 13 4 6 3 2 2 3 2 1 1 1 18 1 1 9 1 1 9 2 4 3 2 1 2 1 1 4 1 2 36 1 77 4 1 5 2 3 2 1 23 1 4 6 2 2 3 3 2 2 1 1 6 1 1 1 1 3 4 31 1 2 3 1 2 1 2 18 1 2 3 4 7 2 3 2 3 5 3 1 4 2 95 11 7 5 2 1 2 4 1 4 1 2 4 2 2 1 2 1 16 1 1 1 1 2 3 1 11 1 1 8 53 3 13 7 1 5 3 2 1 2 2 1 30 1
4 1 1 1 1 1 1 3 1 2 8 2 1 1 1 1 1 2 3 2 1 2 10 14 4 1 54 14 1 2 4 1 1 2 1 1 1 2 1 1 3 1 4 3 2 1 2 65 10 19 2 8 3 2 4 1 6 1 3 1 3 15 6 3 2 1 2 2 1 1 9 3 1 2 1 1 2 1 1 2 1 9 1 1 3 3 4 2 18 6 42 1 5 4 5 1 75 2 24 3 3 1 1 1 3 5 2 2 1 1 5 3 22 2 2 1 1 3 3 2 2 2 1 5 20 32 1 2 5 2 1 25 1 1 2 1 2 4 2 18 12 20 2 1 3 2 4 2 1 8 1 2 1 1 21 1 1 9 2 4 2 6 2 253 1 5 2 2 5 1 18 2 1 3 13 4 1 1 1 2 1 2 2 1 1 2 1 2 4 2 3 6 10 2 3 6 9 1 1 6
2 3 17 21 2 1 1 2 1 14 1 4 18 2 1 12 1 1 3 2 2 4 1 1 2 2 2 3 2 1 4 1 1 1 1 12 2 1 3 4 3 1 1 44 13 2 2 1 4 2 15 2 3 1 4 3 1 1 1 11 1 7 2 2 2 4 1 1 3 1 6 3 3 1 54 4 1 3 8 49 2 37 3 3 1 1 1 3 2 2 19 3 7 2 5 1 36 1 2 78 2 24 1 30 2 1 3 2 2 2 4 1 12 28 1 12 4 1 1 1 1 2 2 54 2 1 8 1 1 6 1 4 1 1 6 2 4 1 2 6 1 1 1 5 2 121 2 3 1 21 1 2 19 3 1 6 2 1 3 1 2 10 4 2 1 1 5 2 2 1 3 46 2 3 1 1 1 3 2 1 4 6 3 1 2 17 1 5 1 3 1 1 1 6 8 9 2 4 1 2
6 5 7 9 5 2 1 3 2 1 1 3 3 2 2 2 1 7 90 8 3 1 1 1 10 1 10 1 1 2 1 2 2 7 3 2 1 11 2 2 29 2 2 5 4 2 1 1 24 1 2 1 1 2 1 3 1 4 1 2 5 4 7 3 1 7 2 2 3 1 2 2 2 2 6 1 1 1 1 1 1 1 1 2 12 304 2 1 2 2 1 3 1 4 4 6 115 1 2 145 1 2 1 7 1 2 2 33 3 3 1 2 2 3 2 2 14 15 3 30 2 7 17 2 6 1 1 2 6 2 3 7 6 1 5 5 50 2 1 21 1 11 19 2 3 5 5 15 1 48 2 5 1 3 4 7 8 4 1 3 6 2 4 2 19 1 1 7 3 5 3 2 191 1 3 1 2 12 19 1 62 3 2 1 1 1 5 3 6 2 12 4 1 1 1 2 3 4 3 2
3 1 5 2 2 1 5 2 8 10 1 1 1 1 10 1 1 5 1 5 1 2 5 1 11 2 6 2 1 1 1 1 1 2 249 11 12 24 3 6 2 1 4 1 2 45 2 2 12 1 1 3 11 2 1 5 2 1 1 2 1 2 10 2 3 4 1 2 7 5 168 7 5 2 1 1 2 4 6 13 2 2 2 7 7 1 1 1 2 1 1 5 1 2 3 4 1 4 1 1 1 1 2 1 2 1 3 2 4 2 1 2 8 2 4 2 1 5 1 1 30 1 5 10 1 2 3 15 1 1 4 2 3 3 4 1 1 1 1 2 2 5 32 28 6 3 1 1 1 2 5 1 2 4 2 4 2 14 3 144 1 1 1 1 16 2 17 1 4 4 2 2 4 2 1 16 3 3 2 3 1 2 1 3 1 6 2 2 3 1 4 3 3 6 3 2 1 3 28 11
2 3 3 11 4 3 4 1 1 5 43 2 6 4 2 1 9 1 2 2 8 8 6 1 12 6 1 11 4 1 1 2 2 2 5 1 2 3 3 43 4 2 2 3 1 1 2 1 18 2 5 2 1 1 4 1 1 22 5 2 3 3 3 1 1 2 3 176 3 3 3 3 1 1 5 2 1 2 3 2 9 53 2 5 4 1 6 1 2 1 1 4 18 27 166 5 1 8 1 15 3 2 2 5 1 1 1 1 1 2 1 1 1 1 2 2 2 2 1 3 1 4 1 22 1 4 1 1 1 1 2 1 2 3 3 2 2 1 17 8 3 1 8 2 1 2 4 1 1 2 1 1 2 3 3 2 5 2 2 2 4 5 7 1 13 2 12 363 2 2 1 10 3 3 2 10 4 54 2 169 10 1 3 1 14 2 3 1 1 1 9 3 11 2 28 5 2 7 4 6
1 1 1 2 3 2 2 1 3 7 2 4 3 55 1 2 4 3 12 1 2 3 3 6 2 2 1 2 1 1 3 9 2 4 1 1 28 3 1 10 3 28 2 3 1 2 19 148 1 3 2 1 1 2 1 1 2 3 1 1 1 5 2 1 1 1 1 1 2 3 1 1 4 3 1 7 2 2 2 1 1 5 4 3 2 484 17 2 5 2 2 4 5 2 2 2 1 1 5 6 1 14 2 5 1 1 2 2 1 2 2 1 3 3 4 2 2 2 2 2 1 2 3 4 1 2 12 7 2 6 1 2 3 1 6 3 2 2 1 1 110 2 16 19 1 1 1 2 2 1 4 2 7 2 2 22 1 3 18 1 1 5 3 1 1 6 2 1 1 1 11 1 3 1 4 2 1 3 1 11 1 2 3 1 117 7 1 1 2 1 2 2 1 19 2 1 3 5 2 1
2 2 4 2 8 13 2 1 71 3 1 25 3 6 1 2 2 2 1 3 1 4 1 2 1 2 1 2 3 1 9 1 2 2 6 2 1 8 20 2 2 48 1 1 5 2 1 3 8 1 1 5 2 2 2 4 6 3 3 2 4 2 2 1 1 2 22 1 1 2 1 9 3 12 3 2 2 1 1 5 2 2 3 3 2 2 2 4 3 4 4 81 1 2 2 1 2 3 2 1 2 2 5 2 3 2 1 1 2 4 1 20 37 1 1 1 1 1 1 1 2 5 5 3 23 3 1 1 2 3 1 1 2 6 2 1 3 1 3 2 2 95 2 3 1 18 2 3 3 2 7 3 1 2 3 7 8 7 3 5 1 11 1 2 4 3 1 1 1 2 5 1 1 2 1 44 2 2 2 4 1 12 3 6 2 16 2 1 2 1 1 2 2 3 9 4 40 1 24 2
14 1 7 1 1 3 2 2 13 4 2 1 4 2 2 1 1 2 2 1 3 2 4 3 14 1 2 7 1 39 4 2 2 2 2 19 1 1 1 1 2 5 2 2 51 1 1 1 6 2 3 1 1 76 3 3 2 1 10 1 1 2 2 2 4 2 2 14 3 1 1 5 1 2 17 4 18 1 2 2 2 1 1 2 2 1 3 18 1 3 4 5 9 3 5 1 2 3 1 2 2 2 5 7 1 9 3 5 4 3 8 2 1 2 1 10 1 11 17 1 2 1 1 1 1 3 2 9 11 1 15 1 28 11 2 2 1 5 2 4 4 1 1 3 13 2 2 2 2 1 1 1 1 4 5 21 1 12 13 1 2 8 2 2 1 2 3 1 1 2 6 11 1 2 4 1 1 1 1 2 8 1 3 4 2 1 2 2 11 1 25 1 1 1 1 1 3 9 3 5
4 3 1 2 3 1 1 1 1 13 1 1 2 1 4 5 1 5 10 1 8 2 2 1 4 2 4 2 1 1 1 1 1 1 3 12 5 2 11 16 2 1 4 12 3 1 2 5 38 20 1 9 6 31 1 2 4 2 1 2 20 3 1 1 18 2 12 4 1 4 2 1 1 1 1 1 43 1 3 2 1 3 2 1 3 1 1 5 1 1 2 2 1 2 1 2 2 2 1 1 1 3 3 213 1 7 1 3 1 2 2 1 9 4 8 2 29 1 2 3 1 1 7 1 2 5 1 1 2 1 37 1 2 8 6 2 2 26 2 2 1 3 2 15 5 2 4 1 4 6 3 2 4 5 2 1 2 5 1 2 1 2 1 2 8 3 2 2 3 1 4 1 3 1 3 3 5 46 1 1 1 1 6 2 1 8 1 2 2 6 1 18 6 2 29 1 1 3 4 1
2 2 3 1 4 1 1 7 5 5 1 47 1 3 14 2 1 27 3 2 1 24 1 1 9 1 1 4 16 6 7 1 2 1 3 1 4 2 1 1 4 1 1 61 2 25 2 1 1 9 1 2 1 3 2 2 4 3 1 4 1 4 5 7 42 111 6 1 8 1 2 2 19 1 3 1 1 2 5 2 1 4 1 2 1 1 1 2 1 4 1 1 1 15 14 2 2 5 2 1 5 3 1 2 2 2 2 2 2 82 1 1 17 1 3 1 10 4 3 1 3 1 1 1 7 4 2 2 1 1 1 1 2 1 2 2 2 20 2 2 1 7 1 1 1 1 2 24 3 5 1 8 5 3 2 1 1 1 3 1 5 14 8 5 14 12 6 3 2 1 15 3 1 3 1 1 2 2 2 2 25 1 2 1 4 18 2 1 1 2 3 12 2 14 2 2 2 3 3 1
2 4 1 54 1 3 1 3 154 2 5 1 3 40 1 19 5 1 2 2 3 9 1 3 2 1 1 1 1 3 1 1 1 4 39 1 3 3 1 2 4 3 1 2 2 1 1 1 1 1 97 4 1 1 5 37 1 1 2 3 2 10 3 5 1 3 4 2 2 2 4 2 17 1 2 4 2 5 2 1 1 3 2 1 1 1 1 4 2 3 3 3 1 1 3 7 25 1 1 2 2 2 2 3 2 1 1 1 1 1 3 2 4 6 1 3 5 20 2 5 2 4 2 2 1 1 76 1 17 1 1 32 1 2 5 5 1 2 6 6 1 16 1 2 1 3 2 6 1 2 1 3 1 2 14 7 3 2 2 2 2 1 1 2 1 1 13 6 1 1 1 1 1 3 1 4 2 3 2 3 1 2 3 1 2 5 1 1 1 2 5 2 2 1 31 126 1 3 3 1
3 1 1 41 43 1 41 154 1 1 1 5 6 2 1 14 2 3 4 2 2 3 1 3 10 1 3 1 3 1 10 1 1 4 2 2 3 3 7 15 1 1 2 1 1 1 16 54 1 13 17 1 3 34 1 6 8 10 1 1 2 1 4 1 4 38 2 9 6 1 4 2 13 2 210 1 1 19 2 1 3 2 2 3 1 4 1 1 2 4 2 2 1 1 1 30 1 4 2 2 1 2 1 3 2 1 2 1 3 2 7 1 3 5 18 1 2 1 2 3 2 1 3 1 2 1 1 1 1 1 34 1 1 1 4 2 2 6 5 1 1 1 4 2 3 23 1 3 1 137 2 2 2 1 3 38 37 2 2 3 6 1 201 1 1 3 1 1 3 2 1 1 1 1 7 3 1 1 10 1 1 2 1 3 1 1 2 2 6 19 2 3 2 2 2 11 24 4 2 3
1 4 1 1 1 1 4 59 19 1 11 4 2 1 5 3 3 5 1 31 1 4 3 1 4 15 3 2 2 3 6 1 1 3 1 2 4 4 1 3 4 1 1 4 2 4 2 1 2 1 2 2 3 1 2 1 1 2 1 7 14 5 5 2 4 1 8 6 1 1 2 1 1 5 9 3 3 2 2 2 3 1 3 1 2 2 2 17 1 2 7 1 2 1 1 1 1 22 1 1 9 2 8 2 4 2 3 14 7 5 1 2 6 8 1 2 1 4 1 1 1 4 2 54 1 1 3 3 1 1 1 8 6 3 3 11 2 1 2 3 14 1 22 3 1 174 1 14 5 2 2 1 2 1 11 11 3 4 1 2 1 2 1 14 2 1 4 2 1 3 52 3 1 7 2 25 7 1 2 1 5 2 3 1 1 59 1 3 1 4 3 4 1 2 2 1 3 23 3 3
2 1 9 2 1 1 6 2 6 1 2 1 1 4 1 13 4 2 215 3 2 2 1 2 3 8 1 1 1 5 5 1 2 9 2 1 1 3 1 3 1 21 2 1 1 1 1 6 33 6 2 1 1 1 2 1 3 15 1 1 5 11 1 6 2 1 1 6 1 1 3 218 1 4 1 2 1 45 1 8 1 1 20 2 1 1 4 1 2 133 2 3 3 2 4 6 2 1 1 3 74 2 2 4 11 3 3 3 2 1 1 2 1 2 2 1 2 7 8 1 2 1 2 2 124 3 35 4 3 2 2 2 2 4 2 1 3 1 2 6 2 1 2 2 3 2 2 3 9 2 2 2 7 2 9 2 1 1 1 4 2 2 1 7 2 2 16 3 3 2 2 1 13 1 1 1 1 67 10 1 1 2 1 2 3 1 7 1 1 1 2 2 2 2 2 6 19 2 3 1
1 1 3 6 14 1 2 8 2 1 1 2 1 2 2 3 3 1 2 4 1 11 1 5 1 8 2 42 2 3 3 20 1 2 1 15 1 3 8 2 7 64 138 1 1 4 3 4 2 101 1 6 14 9 6 3 4 2 1 2 1 2 1 78 7 1 1 28 2 2 2 1 1 2 2 2 25 2 3 2 14 1 10 13 1 1 2 1 3 2 2 2 2 1 8 3 3 1 1 1 2 1 1 1 2 2 72 1 4 2 1 1 2 3 1 6 1 2 2 1 5 8 1 1 2 1 43 1 1 2 2 6 3 5 14 2 1 2 2 4 2 1 2 6 4 12 13 11 1 2 8 1 2 3 5 3 2 1 1 2 6 1 2 2 4 2 2 2 1 55 1 2 1 1 4 2 1 8 7 2 1 1 1 1 1 14 6 4 9 1 1 1 27 1 1 2 1 6 1 4
2 2 3 26 3 2 1 3 1 3 3 206 1 1 1 5 15 3 1 3 1 9 2 2 2 2 4 1 2 2 3 3 2 2 1 16 1 1 2 20 1 1 2 4 2 1 3 15 1 1 2 4 1 4 1 1 26 2 3 1 2 2 2 1 12 2 1 1 25 17 2 2 5 3 3 22 3 1 1 1 2 5 1 5 2 1 2 2 2 3 2 2 2 2 6 1 2 3 1 8 2 1 2 15 2 22 1 1 10 3 11 1 2 2 2 1 27 8 7 9 1 1 2 1 1 3 5 1 1 253 11 1 2 1 9 5 3 1 3 1 1 6 2 3 1 3 4 2 54 2 2 2 1 2 2 1 37 4 1 4 1 3 3 8 4 4 2 2 2 6 4 12 17 2 3 14 1 3 2 3 2 1 2 6 1 5 5 1 23 3 15 2 1 1 1 39 9 2 1 1
2 2 2 6 2 2 2 2 6 1 14 2 2 1 2 5 1 1 1 2 163 2 2 2 1 16 1 16 2 1 24 3 3 1 2 13 2 4 5 2 2 3 1 1 2 1 4 17 1 15 2 19 1 3 1 33 5 1 3 6 1 27 7 1 1 1 6 2 5 1 6 3 21 2 2 1 3 2 4 2 2 4 2 1 11 3 2 1 2 2 1 54 4 1 2 1 1 1 1 6 9 2 2 3 5 6 1 2 3 260 5 5 1 2 4 5 2 1 1 5 1 7 9 2 80 3 1 1 1 37 1 5 4 20 1 1 1 3 1 2 1 1 2 1 1 8 1 2 42 1 4 5 1 1 1 3 1 21 1 8 2 4 8 1 17 1 2 2 5 5 1 7 3 2 2 2 2 3 7 1 19 29 1 8 2 15 25 19 2 1 2 2 2 3 8 11 9 14 81 1
5 1 2 2 2 1 1 1 1 5 3 2 4 8 20 6 1 38 38 1 2 1 8 14 1 2 1 1 2 6 1 2 5 3 3 16 2 3 2 1 7 4 1 1 2 2 8 2 1 19 16 1 7 25 1 2 2 1 42 1 4 3 1 2 2 1 19 2 12 1 4 8 1 1 2 42 1 17 8 5 2 3 1 1 9 5 2 1 6 11 2 1 1 1 1 9 3 2 2 7 5 2 2 6 14 1 1 4 2 2 4 14 92 3 18 3 2 4 5 3 2 5 8 32 2 2 1 1 2 21 2 1 4 21 1 14 1 3 7 1 2 2 1 4 22 13 2 18 10 3 1 2 2 2 7 3 1 2 3 2 5 3 1 9 2 1 4 3 2 1 31 2 1 4 1 1 2 2 1 1 1 16 11 1 2 3 1 7 1 3 5 6 2 4 13 5 35 1 2 2
3 5 2 3 14 1 5 1 1 5 2 1 2 2 3 2 4 3 1 1 3 2 2 7 1 1 2 2 2 1 3 19 2 4 4 1 13 1 2 1 2 3 2 1 5 3 2 1 1 4 1 2 3 2 2 4 1 2 10 1 3 1 3 2 1 1 2 4 2 2 2 3 2 4 1 1 1 4 12 3 1 4 1 145 1 5 7 4 8 6 7 1 2 2 1 2 1 2 1 3 41 2 1 1 5 7 2 4 2 1 15 2 58 1 1 1 14 1 3 1 2 2 2 1 1 1 6 4 2 1 1 7 3 2 3 2 2 3 2 1 1 3 4 1 1 1 1 5 1 1 1 10 2 3 11 3 1 5 3 1 4 2 1 3 4 13 21 6 2 1 2 2 1 1 1 11 32 2 1 4 6 2 2 2 1 3 2 2 3 1 2 1 2 1 2 3 1 1 6 1
3 3 4 58 22 1 1 2 2 2 5 1 1 7 1 2 3 1 2 6 3 4 2 1 2 2 1 1 2 1 2 35 2 3 3 2 14 1 6 4 1 1 5 4 1 9 23 1 8 3 3 2 2 1 3 3 1 6 1 1 33 1 1 7 3 2 2 4 1 4 2 5 1 4 2 3 1 2 8 1 2 1 3 1 1 1 1 2 2 3 2 1 2 1 3 5 1 2 1 8 98 6 2 1 2 37 2 2 2 1 1 1 1 1 7 1 4 13 2 1 1 1 3 1 3 3 1 3 5 2 1 1 3 3 2 2 1 2 2 1 11 1 1 2 1 123 1 1 4 2 3 3 2 1 2 2 3 1 1 6 64 2 1 2 1 1 2 1 3 1 2 2 1 1 2 2 2 13 4 1 7 2 1 1 2 1 1 1 1 16 1 1 1 2 3 2 1 1 5 2
9 2 1 2 5 1 1 1 2 1 1 1 3 2 3 4 3 2 12 2 1 1 7 3 1 1 5 1 2 3 1 3 2 2 2 2 1 1 3 2 1 1 5 1 1 1 9 1 6 3 2 1 2 27 2 3 1 1 1 1 4 1 2 22 3 1 23 2 11 2 1 1 16 1 2 3 1 1 2 2 2 1 1 5 2 4 2 1 3 11 2 2 3 13 3 6 2 13 2 2 3 9 1 6 3 9 1 2 8 3 3 2 2 1 8 7 1 1 5 15 3 1 5 2 53 19 1 30 2 1 3 1 46 2 2 2 2 1 2 4 7 3 1 12 3 20 5 62 6 14 3 1 4 9 1 2 1 1 1 13 1 5 2 9 1 83 2 1 138 3 1 19 1 18 4 28 2 2 2 3 4 2 4 4 1 3 1 3 2 8 1 2 2 3 1 3 11 2 8 29
90 15 5 19 1 3 28 4 1 2 3 2 2 1 6 2 1 6 6 2 3 1 30 2 4 1 13 2 7 16 1 12 3 2 2 3 1 1 1 2 3 2 2 3 43 2 3 4 2 2 1 1 3 3 2 3 9 2 5 5 2 2 1 1 1 4 2 1 2 3 2 9 3 2 2 2 1 2 24 1 3 2 2 4 1 1 3 3 1 1 1 2 17 2 3 1 2 2 2 1 6 1 1 1 2 1 2 19 2 5 5 3 2 7 2 1 460 4 7 3 1 2 2 5 6 2 4 2 68 21 2 3 77 3 3 2 1 2 2 4 1 1 2 8 1 2 2 5 6 3 5 135 3 1 3 2 3 1 1 10 4 32 4 4 1 4 1 3 1 1 1 5 19 24 1 1 5 2 8 1 2 12 2 4 9 2 1 7 1 1 1 5 8 1 2 11 2 3 14 41
6 4 38 2 1 4 2 1 5 1 12 2 46 1 2 1 2 2 1 5 3 38 3 4 2 1 3 5 1 1 1 3 1 1 2 1 2 1 2 5 3 1 1 2 1 1 1 3 15 1 3 2 21 2 3 24 2 27 1 1 5 4 72 2 1 2 342 1 1 2 1 3 2 2 2 1 1 5 1 2 34 11 2 2 8 1 2 1 1 8 1 1 1 3 1 3 1 2 4 3 4 2 3 1 1 3 1 6 2 2 4 1 4 5 2 5 10 190 4 1 1 1 1 1 2 7 2 2 8 26 2 8 2 4 28 2 4 1 1 1 6 4 4 3 15 10 10 2 5 7 1 1 4 6 2 1 2 18 3 19 2 1 2 12 1 1 6 2 1 2 7 6 3 1 1 2 44 2 2 3 3 61 5 2 2 42 3 3 2 4 4 2 2 4 1 2 4 1 8 2
2 1 1 9 1 2 1 2 2 2 1 2 3 2 2 1 4 2 5 1 2 2 3 1 2 5 1 1 1 3 2 2 3 3 2 1 27 1 8 9 1 4 1 14 1 2 9 2 1 2 2 5 5 4 1 1 11 3 5 179 42 2 3 1 6 2 3 1 1 72 1 3 1 2 15 1 2 15 2 3 3 314 5 2 1 1 1 5 323 135 1 2 1 2 2 3 63 4 2 2 42 1 1 2 1 3 4 1 1 138 2 1 3 4 6 3 1 1 1 3 2 2 2 1 9 2 1 4 1 2 2 1 26 2 1 4 8 2 1 1 1 1 1 1 13 2 4 2 10 1 3 4 2 2 105 6 1 2 2 1 2 1 1 15 11 2 1 2 9 5 1 2 1 4 2 2 5 3 1 1 3 3 1 16 7 1 36 5 2 1 21 8 1 2 4 4 2 1 4 1
14 5 1 1 2 4 1 1 2 1 1 23 21 5 1 2 4 1 24 43 1 5 1 2 1 9 2 2 1 2 4 7 1 21 18 4 2 7 4 3 1 1 43 5 8 4 8 2 2 1 2 3 2 1 6 3 1 10 2 10 4 1 2 3 1 2 1 2 1 5 2 1 2 1 2 2 4 6 1 1 1 1 1 1 9 1 2 7 1 1 6 2 1 2 1 1 6 3 2 1 1 15 2 1 1 2 3 42 21 2 1 4 1 5 1 1 2 7 2 1 2 26 2 1 1 9 1 1 6 1 2 5 4 1 1 2 55 2 2 1 5 1 10 1 1 2 1 1 3 4 8 2 2 13 4 8 2 42 4 17 2 2 1 3 1 6 1 72 4 2 2 1 2 1 1 3 13 1 2 1 5 2 2 2 1 2 4 1 3 2 4 6 3 2 1 6 7 101 1 4
1 1 2 35 2 2 1 2 2 1 1 1 3 2 2 2 2 2 2 2 2 31 1 1 3 1 3 2 34 4 1 2 4 4 1 13 2 4 2 15 1 1 1 7 1 2 16 1 1 1 1 1 3 1 2 2 2 14 1 1 2 1 6 1 2 1 2 1 2 2 2 5 1 6 2 1 3 2 7 1 14 2 2 2 11 1 3 2 1 2 21 2 2 1 1 2 2 16 28 1 1 2 6 5 2 3 1 2 15 1 10 2 2 159 2 6 2 2 3 16 1 1 1 8 2 5 2 2 1 2 9 2 3 2 3 7 1 1 1 407 2 10 3 4 2 7 1 2 1 6 6 21 1 1 1 1 2 2 5 2 3 1 3 3 4 2 1 25 1 10 1 1 3 4 2 1 53 4 3 1 3 2 1 2 37 1 1 3 57 1 6 2 1 1 1 1 2 2 3 1
6 8 7 2 5 1 1 1 4 3 1 2 1 1 37 3 1 1 4 1 6 8 13 2 1 1 10 4 2 1 2 3 12 1 4 12 40 3 1 3 5 3 2 12 2 1 1 2 2 8 2 1 1 2 1 1 8 1 4 6 1 2 12 7 11 1 2 1 3 1 2 2 2 1 17 1 2 4 1 2 3 7 3 2 2 1 4 1 2 7 2 2 1 6 1 6 1 2 1 2 2 1 4 2 7 3 1 3 1 2 18 2 2 1 1 2 5 3 2 7 6 1 4 1 2 2 1 1 2 1 7 3 2 3 22 31 3 5 3 2 1 12 1 5 2 5 2 2 5 2 1 14 5 1 24 5 2 2 53 1 2 1 3 1 1 2 1 5 4 1 7 1 1 1 1 1 1 2 1 15 20 23 1 2 2 1 1 18 2 1 3 4 3 5 2 6 1 28 2 43
1 3 8 2 1 3 2 1 1 22 148 7 2 2 2 1 1 1 3 1 66 1 2 2 1 2 1 7 5 2 2 12 3 23 4 2 2 3 6 2 16 9 1 2 77 2 1 1 1 1 2 3 19 2 2 5 3 1 1 2 2 1 8 1 1 2 2 2 14 1 2 1 2 1 1 6 1 1 1 8 6 5 3 29 1 1 2 21 5 3 3 1 21 7 1 6 3 11 2 1 2 7 1 2 2 1 3 2 2 2 6 1 5 41 2 1 2 1 2 1 2 3 2 1 1 9 1 2 2 1 2 2 2 1 3 8 6 1 2 1 1 2 2 2 2 2 5 9 1 1 6 66 1 1 2 1 3 1 1 2 1 2 2 2 1 8 1 1 3 3 19 5 4 1 1 1 3 4 1 14 6 3 3 2 2 7 2 2 2 4 8 4 2 2 1 1 3 1 1 3
1 1 9 1 1 3 2 2 3 1 3 2 3 2 23 1 1 1 1 1 3 3 3 2 1 2 1 3 1 3 3 11 1 2 2 4 4 1 1 1 1 2 1 3 2 2 1 3 1 1 12 1 78 3 2 1 1 2 3 3 3 8 2 1 2 2 1 3 1 1 3 2 2 2 1 2 2 1 20 6 16 2 12 3 1 2 1 31 25 2 2 4 7 1 4 2 1 3 1 4 1 39 1 1 3 3 2 2 2 2 2 2 3 2 2 1 1 4 1 4 1 1 1 1 1 11 1 26 2 2 2 1 1 4 1 4 6 1 2 4 1 1 4 1 5 2 9 9 4 1 1 13 11 5 6 14 1 1 2 4 1 4 1 2 1 1 1 4 1 1 1 15 5 4 1 2 3 9 2 2 2 4 2 2 3 4 8 3 1 12 6 4 2 3 1 3 4 37 1 19
1 8 16 6 2 6 45 3 1 1 3 4 4 4 2 2 5 1 1 2 4 1 1 2 2 2 1 9 2 4 4 7 3 1 9 1 1 2 1 2 15 2 1 1 1 1 3 1 16 4 1 3 1 2 6 1 39 3 2 2 6 2 1 3 1 4 2 3 1 1 2 2 7 5 1 1 2 1 2 7 2 1 3 2 14 3 6 1 1 2 2 1 2 1 3 27 1 9 2 1 2 2 1 7 1 4 5 2 13 1 6 5 3 6 1 1 1 1 11 4 1 4 2 2 1 1 3 2 2 9 3 1 1 2 2 2 3 3 2 1 4 8 15 3 14 3 3 57 3 2 2 1 2 2 1 4 1 1 2 1 2 1 83 1 1 1 5 3 2 46 1 2 18 2 5 2 5 48 1 2 3 1 1 1 3 1 1 3 3 1 4 43 2 2 2 2 3 3 1 2
10 2 2 2 5 32 7 3 1 1 4 1 2 2 2 1 3 2 1 3 1 2 6 25 1 2 2 3 3 2 43 1 1 11 8 1 1 1 1 36 1 5 4 5 2 2 2 3 2 2 1 7 3 2 4 1 1 1 2 3 3 1 1 4 11 3 2 4 4 2 3 2 1 2 2 1 2 1 29 8 1 1 6 4 2 5 5 1 26 6 2 2 1 4 2 2 1 7 2 9 61 2 18 2 1 2 2 13 6 2 1 1 2 33 1 1 1 3 4 2 2 7 4 6 1 1 3 4 3 1 1 2 4 5 35 1 1 2 18 3 1 1 1 2 2 1 20 2 1 1 1 1 1 9 2 5 2 10 1 1 1 4 2 1 3 109 8 2 3 3 4 2 1 8 5 5 2 1 5 6 9 1 3 1 1 1 1 11 49 16 19 1 3 2 2 5 4 5 2 1
1 6 1 3 2 2 1 2 15 3 7 1 2 5 1 1 1 4 2 1 1 10 1 1 1 4 1 4 3 2 1 4 1 1 2 7 3 3 1 7 1 1 1 2 7 1 2 12 1 1 5 5 18 4 41 4 6 1 1 6 1 1 6 1 2 1 2 1 1 3 1 3 10 2 33 1 3 36 7 6 1 1 2 49 2 2 2 4 16 41 2 1 4 1 3 1 2 1 2 4 3 2 1 2 1 2 1 1 3 1 112 9 1 3 1 3 2 72 2 28 2 4 2 7 6 2 2 2 1 20 2 2 2 2 1 1 1 1 2 2 1 2 9 7 1 12 17 1 26 2 2 69 4 1 4 1 2 3 2 7 4 9 4 1 3 2 4 2 2 1 2 6 19 2 3 3 4 3 2 8 3 2 1 1 31 2 8 1 2 120 1 13 1 2 8 3 24 2 4 5
2 3 9 3 11 3 5 2 2 1 3 2 1 1 19 1 8 2 2 28 1 5 3 1 4 2 1 2 1 2 5 2 6 1 1 2 2 20 1 42 2 3 2 1 3 2 2 2 2 2 2 3 2 10 3 3 2 2 11 2 1 23 5 2 2 1 1 54 9 4 2 3 4 5 3 1 1 3 4 11 1 1 1 2 6 5 1 1 8 5 5 36 1 2 2 1 3 1 3 1 1 4 1 1 2 7 1 1 3 1 1 9 2 57 6 5 4 2 3 6 1 4 1 2 31 1 4 4 8 1 2 1 3 2 3 1 1 3 1 1 3 1 1 1 1 2 2 1 2 4 19 2 4 2 2 4 2 2 2 11 3 1 3 1 5 3 1 2 3 6 4 1 6 1 10 2 1 60 1 3 1 1 2 2 5 2 6 2 1 1 2 3 1 1 1 2 1 1 6 4
2 2 2 14 1 2 1 3 2 2 1 2 4 4 1 1 20 4 2 1 4 2 2 1 6 8 5 3 2 2 10 1 2 1 2 1 2 4 2 1 4 9 1 1 1 2 2 6 3 8 3 4 2 3 3 4 3 7 1 5 2 48 45 1 1 5 1 2 2 3 2 2 3 3 5 1 1 2 1 1 2 1 1 2 37 5 1 1 2 47 1 1 3 29 2 2 4 2 2 3 11 1 50 4 1 10 4 3 1 1 7 2 8 2 1 1 241 4 2 3 7 1 2 7 2 5 2 2 4 3 1 4 4 1 15 1 2 1 1 2 2 5 2 4 2 2 1 1 1 7 1 2 81 1 4 10 4 4 2 2 1 9 1 1 1 2 41 5 1 9 4 2 2 1 2 2 2 4 1 5 15 2 1 1 2 2 1 2 22 2 4 2 5 1 2 4 4 1 1 8
2 1 2 2 1 7 7 12 1 7 1 1 3 2 1 14 2 4 2 2 1 1 2 2 3 4 3 8 1 9 13 1 2 5 6 3 2 3 2 1 2 1 4 2 2 1 1 1 5 1 3 2 1 1 50 80 7 2 1 3 3 1 266 2 1 1 2 8 3 1 3 2 1 1 3 2 13 3 1 2 1 17 3 3 25 2 1 2 1 3 2 1 3 2 1 2 2 3 5 5 2 2 8 2 1 23 74 1 2 4 7 24 1 1 8 1 3 1 1 1 3 2 1 88 8 6 1 2 7 1 2 3 11 1 4 3 2 1 2 5 2 71 2 17 1 4 3 28 3 1 5 1 1 2 2 3 3 1 2 10 1 3 18 2 2 1 7 1 1 4 1 2 2 3 2 1 1 63 2 4 2 1 1 1 1 5 5 2 3 1 3 11 5 9 5 1 1 3 5 1
3 3 1 14 6 3 12 4 6 3 1 3 2 24 10 1 2 1 6 4 3 1 3 4 3 5 8 5 2 2 3 1 2 2 2 6 9 5 7 2 2 2 13 1 4 1 5 1 1 3 1 44 6 1 1 3 4 2 1 2 1 2 3 2 3 2 1 1 1 3 3 3 1 4 2 1 1 1 1 27 2 7 2 11 1 6 138 16 11 2 3 1 2 1 2 3 2 3 42 1 2 1 1 2 3 1 2 3 2 1 6 2 3 1 10 2 1 10 3 1 10 11 1 1 1 41 5 2 1 2 2 2 2 5 2 1 2 262 14 17 1 3 3 2 8 2 1 3 1 2 1 1 1 1 3 1 3 3 1 13 2 1 4 2 1 2 3 1 2 2 2 6 1 16 6 1 1 4 2 6 3 1 1 1 2 28 5 5 1 8 7 3 7 1 1 1 10 1 2 2
5 2 4 5 1 5 5 24 1 3 1 2 1 3 1 1 2 1 2 2 1 2 2 2 3 1 1 3 17 4 8 1 1 2 1 3 4 1 3 3 1 5 1 4 2 4 3 2 1 3 92 2 1 2 2 1 1 3 2 1 428 2 5 6 2 2 6 2 183 2 198 8 1 4 1 1 6 1 1 1 11 2 2 5 1 2 2 16 3 2 2 2 1 2 1 2 2 4 4 2 15 2 403 2 4 4 1 2 7 2 2 7 1 2 2 4 1 3 1 1 145 7 8 4 1 2 2 1 28 31 1 1 1 6 1 3 9 1 2 2 1 1 1 2 3 3 5 8 3 2 1 2 4 2 3 4 5 1 2 1 2 1 2 3 1 4 6 2 1 1 2 1 27 4 1 55 27 5 32 3 1 29 3 1 2 1 1 1 4 7 1 24 7 29 1 3 3 1 4 3
2 4 2 1 4 2 10 14 3 3 1 3 1 2 1 3 1 1 1 1 1 7 1 4 2 1 2 1 2 2 1 36 3 3 6 3 5 6 2 2 35 1 3 4 1 3 1 5 1 1 3 1 2 2 2 6 2 1 15 5 1 1 1 2 4 1 1 1 15 2 1 2 4 2 21 1 1 49 1 1 2 1 1 1 3 15 1 5 4 2 1 2 1 6 1 1 2 1 1 1 1 4 1 2 2 1 1 1 40 1 1 1 2 2 1 4 2 3 7 4 3 2 1 46 2 2 3 2 3 1 1 2 3 3 2 3 1 2 2 8 1 2 3 4 1 1 1 2 2 80 1 1 5 4 2 1 2 5 5 2 5 2 2 2 1 4 1 6 3 3 50 4 4 1 2 1 1 1 3 142 1 2 2 120 1 2 2 9 14 4 4 2 1 10 1 9 3 6 1 2
2 4 4 2 1 1 5 2 1 3 97 5 14 3 21 2 5 1 4 1 3 2 1 1 1 2 2 8 1 31 8 1 71 2 1 2 2 1 2 1 1 8 1 1 2 3 6 2 9 5 1 1 1 2 1 3 1 1 1 25 3 11 3 7 2 12 3 2 2 1 1 2 2 2 1 3 4 4 2 1 6 13 1 2 41 2 183 1 3 2 2 1 1 4 1 3 1 1 2 1 3 1 63 7 1 1 2 2 1 2 1 1 2 3 4 7 2 1 18 2 2 11 2 1 40 4 2 1 27 10 11 7 9 1 2 2 2 2 1 1 6 38 1 1 4 2 27 2 1 4 5 5 2 3 3 1 33 1 7 1 2 5 1 1 1 8 3 3 1 1 2 1 2 7 1 2 32 1 2 2 1 11 1 2 2 7 3 4 2 2 1 1 6 2 1 1 4 6 6 3
7 2 1 2 2 6 3 15 2 1 1 2 1 3 5 1 1 144 1 102 2 2 5 1 2 1 2 50 2 5 11 1 5 13 1 2 1 10 3 2 1 4 2 3 13 3 4 5 1 1 7 4 2 2 3 2 2 1 1 3 8 1 7 2 1 1 3 2 48 5 6 2 3 2 9 1 18 1 1 6 1 3 8 2 1 5 1 1 3 2 2 3 1 7 1 1 3 3 2 5 1 2 4 22 1 2 7 1 2 3 4 6 1 1 1 2 1 1 4 10 3 2 3 8 3 1 2 1 1 2 1 2 2 32 2 1 9 1 37 4 2 1 1 3 2 4 3 6 102 16 1 1 1 2 1 1 1 1 1 1 4 2 4 9 4 1 2 4 2 4 1 3 9 1 11 1 5 1 1 2 1 1 1 5 3 1 2 19 2 4 1 3 2 2 1 5 12 24 5 3
1 9 3 1 1 2 3 1 2 1 5 5 2 4 1 18 1 15 7 4 2 1 1 253 1 2 41 2 14 4 1 1 5 2 2 13 2 1 4 1 3 7 1 2 2 1 2 2 1 1 3 2 4 2 69 12 1 1 1 2 2 3 1 3 1 3 11 64 2 1 1 1 2 17 3 1 1 1 1 1 3 4 1 2 1 1 2 2 2 1 4 1 1 1 2 1 2 1 3 1 3 1 2 2 2 1 2 1 5 7 349 1 3 4 2 1 10 1 1 3 1 1 1 8 1 1 3 1 1 5 12 4 2 2 3 1 13 2 1 2 5 4 10 5 2 4 1 2 2 2 32 2 2 1 1 2 1 9 3 3 3 2 3 4 1 2 1 4 2 1 5 1 2 4 2 5 75 1 4 2 7 6 1 1 1 1 2 1 3 3 5 23 77 3 1 2 5 1 1 1
1 6 1 22 2 1 2 2 1 2 2 7 1 1 2 5 1 4 1 1 1 43 1 1 3 2 1 2 2 34 1 1 1 4 3 7 2 1 2 1 4 1 1 2 1 1 1 5 1 4 2 1 9 7 2 14 76 6 9 4 1 1 7 3 14 1 11 9 3 2 4 1 1 1 10 2 135 18 3 1 69 156 5 14 3 1 1 1 4 5 2 3 4 1 3 2 2 1 4 1 2 2 1 3 7 4 96 2 2 1 4 1 3 10 1 1 2 1 2 1 24 1 2 3 1 2 1 1 19 16 1 1 2 1 1 2 4 1 1 2 7 1 3 1 209 3 8 1 1 2 2 5 1 1 2 5 8 5 1 1 2 2 7 41 1 4 1 1 2 1 5 3 1 9 1 2 1 2 1 2 2 1 2 1 5 23 1 6 4 83 128 7 6 1 1 1 2 32 1 1
1 3 3 2 1 2 7 1 1 2 4 1 1 1 1 1 5 1 1 2 3 91 2 1 3 4 2 4 2 7 2 1 3 1 21 2 2 3 2 2 28 3 11 3 2 7 2 3 1 3 2 1 2 35 1 5 3 3 1 3 22 1 2 96 1 11 15 1 2 2 3 1 3 7 3 3 1 1 1 3 5 2 2 18 2 4 2 2 1 9 19 4 16 2 1 59 2 4 2 40 6 3 2 4 1 2 1 1 7 2 9 8 2 2 1 1 3 1 12 3 2 1 4 2 1 2 8 1 2 6 1 17 1 32 2 2 1 1 10 2 1 17 3 2 2 1 3 2 3 5 15 1 2 6 1 2 2 1 4 3 1 2 1 13 11 1 1 1 7 2 9 2 8 1 3 1 4 1 1 1 3 2 2 1 5 1 3 2 51 34 18 2 1 2 1 1 2 5 5 3
3 11 6 2 1 3 2 5 2 1 2 4 2 2 2 3 2 1 1 2 2 1 2 7 1 12 2 8 1 6 3 1 7 4 2 1 2 2 1 1 1 1 2 2 3 2 1 13 1 1 1 2 1 3 4 1 1 2 160 2 2 24 1 2 4 4 7 1 4 1 6 2 2 1 5 2 2 11 8 1 4 3 1 10 2 38 1 1 4 4 60 1 1 3 2 2 2 1 2 1 1 1 3 1 2 7 1 1 4 4 13 2 17 2 4 1 2 3 4 2 2 5 1 2 4 1 1 4 6 2 36 4 2 2 1 1 32 1 3 2 1 2 33 5 2 1 1 1 19 1 1 11 1 2 1 1 1 3 4 4 2 3 4 1 4 3 1 9 1 2 2 1 4 1 1 1 4 13 1 21 1 1 1 1 1 3 7 1 6 7 1 9 4 2 1 1 1 1 17 15
2 2 4 3 3 13 1 1 2 1 1 22 6 12 1 2 1 3 2 2 3 2 2 3 30 18 2 7 1 1 3 1 1 1 5 9 11 36 2 3 2 2 2 3 1 2 1 1 2 2 1 5 1 13 1 6 1 2 4 3 4 2 5 3 1 1 2 1 1 4 5 2 1 2 2 2 1 2 1 2 2 21 1 3 4 5 2 3 1 3 1 1 4 4 1 2 2 1 5 1 1 1 1 3 1 1 17 7 1 1 6 1 8 1 2 1 3 2 2 1 3 2 3 4 4 3 2 1 1 2 1 2 5 1 2 1 4 3 3 3 2 4 2 3 4 2 5 4 4 1 2 2 2 2 1 2 10 2 1 21 2 1 5 1 1 11 1 2 3 1 2 2 3 1 1 73 28 2 1 1 3 3 2 7 1 5 1 5 5 2 6 1 2 2 3 3 2 1 3 3
5 2 1 1 1 14 1 2 22 2 8 2 3 29 6 2 2 1 2 2 1 3 1 3 1 5 7 1 2 2 6 12 2 1 2 1 33 1 1 2 2 1 7 1 3 4 1 2 1 29 2 35 2 1 3 2 7 3 1 2 1 2 3 1 1 26 2 2 2 3 8 4 3 4 2 2 1 26 3 1 1 1 1 2 1 2 2 6 2 7 2 21 2 3 25 6 1 1 2 3 2 4 2 2 1 20 4 1 16 7 1 1 3 1 4 1 2 16 2 1 3 1 15 2 3 4 2 4 2 3 5 2 3 4 7 1 2 2 12 6 3 1 4 3 1 1 2 1 2 1 3 1 1 3 2 7 3 2 6 19 1 2 5 2 2 1 1 2 6 1 3 6 56 2 1 1 2 1 4 3 2 1 2 158 2 4 3 1 1 1 2 5 3 1 1 1 1 1 2 3
18 1 3 4 2 3 1 1 2 1 1 4 6 3 2 1 9 4 2 2 2 4 1 6 1 2 5 5 2 7 7 1 1 10 3 1 2 1 1 3 3 3 1 100 2 3 4 1 2 3 5 1 1 2 1 2 1 2 1 13 1 1 6 2 4 1 2 1 2 2 1 2 1 30 6 1 5 7 2 2 2 1 4 3 4 2 2 1 1 333 21 2 1 2 3 2 2 1 2 3 4 1 1 232 1 1 8 5 1 10 2 16 1 4 1 2 2 11 7 1 2 1 52 2 16 22 1 1 2 2 2 3 1 18 3 3 2 2 27 2 2 2 3 3 2 3 2 2 2 1 1 2 1 2 1 2 1 3 1 2 5 2 1 4 1 2 1 1 2 46 2 18 11 2 2 1 6 1 3 4 1 3 12 2 2 3 1 2 6 9 2 4 2 1 3 1 1 1 3 2
3 2 1 1 5 2 51 2 10 2 2 2 1 2 4 10 1 2 1 8 6 1 1 2 2 3 2 21 2 2 6 2 7 1 4 9 1 2 15 6 11 20 1 3 1 2 2 1 5 2 3 1 6 1 7 1 2 3 13 4 1 2 2 2 1 12 1 5 2 1 2 5 1 10 2 2 2 1 3 5 1 10 3 4 12 2 3 2 1 2 1 6 4 1 1 2 2 1 4 6 2 1 2 1 3 3 2 4 2 3 2 1 1 2 2 1 6 11 4 1 2 4 1 1 2 1 2 1 2 7 1 1 2 4 1 3 1 2 1 1 2 1 1 1 1 2 1 48 5 3 2 232 1 2 2 2 5 1 46 35 110 3 1 3 1 3 2 5 2 2 1 2 2 2 4 33 1 1 9 12 2 2 1 21 25 35 3 6 6 3 2 1 2 2 2 3 1 2 1 1
6 11 1 2 4 4 2 1 1 2 1 1 5 1 1 1 4 4 1 1 1 1 42 4 12 2 2 143 1 3 2 6 1 4 1 32 2 1 2 2 16 2 2 2 22 3 1 3 2 5 4 1 6 1 2 1 12 1 1 2 2 1 2 3 5 6 2 22 1 1 2 4 1 1 6 1 1 2 1 32 3 2 15 2 42 3 2 1 1 1 1 9 3 10 6 2 5 5 1 2 1 2 1 1 3 5 3 3 1 3 2 2 5 8 1 1 2 1 5 2 8 2 1 2 2 3 4 3 2 2 1 1 1 1 1 7 2 2 2 2 4 1 2 1 10 1 3 5 1 1 2 2 2 2 7 2 4 4 1 1 3 11 2 1 2 1 5 2 3 3 13 12 1 1 5 1 3 2 1 1 3 2 48 45 8 1 12 7 1 1 1 2 1 1 1 10 2 2 1 2
1 4 3 1 1 23 4 1 6 1 1 2 2 11 7 1 1 4 2 3 54 5 3 1 4 2 1 2 2 1 1 4 1 1 1 3 1 1 3 9 6 2 6 5 196 4 1 2 2 2 16 2 1 2 7 1 2 2 2 3 2 2 1 30 3 2 1 6 1 23 2 3 3 2 3 1 3 31 16 2 2 2 1 4 4 10 4 4 1 1 1 2 1 9 3 2 2 8 2 6 1 3 1 1 6 3 31 1 4 3 2 1 7 2 1 1 1 6 9 2 2 1 2 2 1 3 1 15 8 1 10 2 7 3 1 1 1 2 4 6 3 3 2 438 1 4 1 4 1 1 2 1 1 1 8 1 1 1 1 6 2 15 2 1 5 1 1 1 4 2 1 3 1 1 13 7 1 1 2 17 2 1 2 2 2 1 2 47 14 1 2 1 2 2 1 1 2 1 1 4
119 2 111 2 1 2 3 1 1 5 2 4 2 8 1 5 1 5 3 2 3 2 1 4 1 2 1 1 2 1 1 6 7 1 3 2 1 1 8 3 1 2 2 4 4 2 2 2 1 4 5 2 1 2 5 1 1 2 108 1 3 4 1 77 4 5 2 1 1 2 2 2 1 1 2 4 2 1 1 1 196 43 1 3 1 5 7 3 1 2 3 7 2 2 18 1 53 2 2 2 2 1 6 1 4 6 1 2 1 1 2 6 1 4 1 9 2 1 2 4 1 2 2 40 5 20 3 3 8 7 2 1 1 3 3 2 1 3 1 1 6 12 14 1 1 1 2 4 15 1 1 5 2 3 2 27 2 3 2 5 2 2 1 2 3 1 1 1 1 2 2 1 4 7 2 1 5 1 2 2 2 1 9 5 1 2 2 3 7 1 9 1 13 3 5 3 1 1 1 1
7 1 89 1 1 1 1 1 5 1 1 2 20 71 3 3 3 2 20 2 2 2 15 12 4 8 4 1 3 6 2 1 2 3 3 1 3 1 5 2 1 1 1 1 3 3 2 2 1 3 2 3 34 3 2 2 4 17 2 3 19 3 2 6 1 1 2 1 28 4 18 7 27 1 1 4 1 2 2 1 3 1 1 2 1 11 3 18 2 1 1 4 4 2 1 1 12 2 2 5 6 3 2 2 1 1 5 13 16 1 2 2 2 13 1 7 2 3 4 15 5 6 1 7 2 4 10 14 1 2 3 3 3 2 1 2 6 2 1 1 1 2 1 1 2 2 3 2 1 2 6 6 7 1 1 1 1 1 2 1 2 4 1 2 2 2 4 6 15 1 10 3 1 1 4 1 2 1 1 1 17 2 1 2 4 4 1 2 60 9 4 1 3 13 1 9 1 2 2 2
3 3 50 3 5 2 1 1 9 2 2 3 8 2 18 1 2 1 1 1 2 4 2 1 1 1 2 57 4 3 16 1 2 26 1 2 9 1 5 3 3 7 1 7 2 2 2 1 1 5 4 2 2 2 2 8 2 1 2 2 2 1 1 2 4 4 1 3 3 2 6 2 1 2 1 6 1 1 1 1 5 6 1 1 3 2 7 2 4 2 1 1 2 1 1 1 1 2 7 28 2 28 14 1 1 2 1 1 3 1 4 1 1 1 2 1 3 2 5 3 5 4 14 2 2 1 5 2 9 1 1 2 9 14 11 2 1 2 10 1 1 1 3 2 1 1 1 3 12 5 2 1 2 1 17 1 8 4 13 7 1 1 2 1 1 1 3 2 1 1 15 1 11 7 1 76 3 7 8 4 1 3 3 1 1 6 1 3 5 1 3 1 2 1 9 4 1 1 7 10
68 2 10 4 3 1 1 7 1 1 1 1 36 1 2 1 2 1 1 3 1 1 26 4 1 2 2 3 2 2 3 1 1 3 1 1 1 1 1 1 1 3 1 1 1 2 2 1 2 3 2 1 1 2 35 4 3 3 2 1 3 1 1 2 4 2 5 2 5 2 2 2 9 1 1 1 1 3 2 2 1 6 1 1 1 5 2 12 5 1 1 5 3 1 1 4 1 2 4 2 1 3 8 3 1 3 3 1 7 31 1 1 3 1 4 2 1 1 8 2 4 2 12 2 2 53 3 4 4 2 3 3 1 34 20 3 1 1 1 2 3 4 15 3 4 3 6 3 2 2 4 2 15 18 5 2 15 2 2 1 1 1 1 7 1 3 2 2 3 1 2 3 2 3 1 2 2 2 1 1 3 24 1 9 2 2 2 5 3 1 11 31 2 3 2 11 2 4 1 1
2 11 2 3 35 2 1 2 2 2 3 21 3 2 6 1 1 2 1 1 1 4 2 4 28 11 2 2 3 3 3 2 6 3 2 3 2 1 2 1 1 7 1 4 2 1 1 1 4 2 7 3 2 2 1 2 2 5 12 2 102 2 2 1 2 1 1 1 3 5 1 2 2 1 1 2 4 2 16 2 2 39 1 21 2 7 1 16 4 1 1 30 1 1 2 1 10 2 1 5 3 3 1 1 1 26 1 2 2 185 1 1 1 11 2 23 1 1 2 1 1 1 2 12 4 1 1 2 43 1 13 8 1 2 1 133 3 2 1 1 4 1 1 1 2 5 2 4 4 5 1 17 1 4 1 4 6 1 2 41 3 11 1 2 1 2 5 6 2 5 3 1 3 3 3 20 10 1 1 1 2 1 3 6 1 2 2 1 2 2 6 1 3 4 6 1 7 2 1 3
12 1 2 1 1 1 3 2 1 6 2 3 4 4 4 1 1 1 1 5 2 1 2 1 4 1 11 2 78 2 4 1 1 7 12 1 1 1 2 2 2 35 1 18 3 2 1 3 3 2 4 1 4 1 2 1 1 18 6 1 3 2 2 14 2 74 1 3 1 3 2 4 2 2 8 4 3 8 9 6 2 2 1 3 13 3 5 1 2 2 9 1 1 2 12 15 1 2 2 1 11 2 1 1 3 3 3 2 2 1 3 7 4 2 6 5 1 1 1 1 4 19 1 2 26 1 2 2 6 3 2 2 8 1 2 2 1 1 3 11 1 1 2 2 6 10 3 1 2 6 2 2 13 4 1 2 1 9 3 1 4 6 7 1 1 1 197 2 5 5 2 3 4 1 12 6 25 1 3 2 42 5 2 1 2 1 6 4 2 1 1 2 1 2 8 3 5 2 2 8
2 6 8 2 1 11 1 1 2 2 2 1 1 2 3 1 1 2 65 1 1 2 6 8 2 1 6 14 1 6 1 1 1 1 2 23 201 1 2 4 3 2 4 1 2 1 2 3 2 1 3 1 1 1 2 2 6 2 1 2 2 2 1 1 1 1 1 1 1 1 2 1 3 2 7 3 4 1 3 3 3 2 1 1 3 2 1 2 1 2 2 4 407 2 3 6 3 6 4 2 4 1 19 1 23 2 1 7 4 1 2 4 1 2 141 2 1 1 3 1 3 2 34 7 7 8 3 1 3 3 3 1 11 1 5 4 9 2 3 2 3 3 2 10 4 2 1 280 1 53 2 1 8 3 2 47 1 6 9 1 1 2 2 1 1 2 4 2 2 2 8 1 13 1 5 2 1 2 1 1 11 3 1 1 2 1 3 2 2 2 2 11 1 1 6 2 1 2 7 2
2 3 1 2 2 1 1 2 3 1 1 1 3 1 2 3 11 6 7 2 2 1 1 5 1 3 1 1 2 3 1 1 1 1 2 1 12 1 2 3 1 2 3 3 2 2 1 2 2 2 3 1 1 1 2 1 5 1 1 1 3 4 1 1 1 2 1 11 2 2 2 37 1 4 5 2 4 2 1 2 1 19 1 6 2 12 1 21 9 1 1 1 1 1 2 9 1 1 2 3 1 2 8 5 2 6 45 12 3 2 1 2 1 1 5 1 1 2 4 2 2 2 1 1 2 1 1 4 4 3 2 1 4 1 8 4 1 1 1 28 28 3 1 3 7 22 3 1 4 2 1 1 2 2 15 5 1 5 4 3 4 1 1 2 2 5 10 2 1 3 13 9 59 1 3 2 2 5 19 3 2 1 1 4 5 6 1 2 17 7 2 4 1 1 1 2 1 20 2 10
3 1 1 1 2 9 2 12 4 40 2 5 1 1 7 3 1 11 1 2 2 3 2 2 1 11 1 9 3 2 2 5 1 4 2 6 3 1 6 1 13 4 3 16 2 4 1 1 2 2 15 3 10 2 1 2 1 7 2 3 21 10 1 2 20 5 1 1 6 2 5 1 28 1 13 2 3 2 4 3 2 2 8 2 193 2 2 1 2 7 3 6 5 10 1 1 1 3 13 32 2 2 2 1 2 8 1 20 2 1 3 3 2 1 39 3 2 2 7 4 3 3 4 28 2 1 3 2 1 2 2 6 10 6 4 2 2 16 2 1 3 6 3 60 2 3 4 3 5 1 1 9 2 5 3 1 2 1 2 4 1 1 9 1 2 1 3 2 2 5 5 7 11 14 1 1 9 2 1 10 1 13 1 2 1 13 1 1 1 5 1 28 2 1 15 1 1 3 2 2
9 44 4 1 2 6 2 41 2 3 2 18 3 6 19 2 3 26 3 3 1 2 3 1 1 4 1 2 1 14 18 3 1 2 1 2 2 1 12 2 2 2 2 1 5 25 5 4 2 3 2 3 1 2 3 2 3 13 1 2 1 1 2 4 1 2 3 1 2 1 2 2 7 1 1 11 1 3 4 2 2 11 1 2 11 21 2 1 1 2 1 3 1 2 5 4 3 1 29 5 2 4 1 1 1 3 2 1 3 3 8 2 38 2 2 3 136 2 1 3 3 2 5 1 1 1 1 3 3 4 2 2 11 1 1 1 3 4 1 4 1 3 7 2 2 8 1 2 1 2 1 1 1 5 2 12 4 1 2 5 95 3 3 2 2 5 3 2 3 2 3 1 1 3 1 2 3 60 7 1 2 1 1 8 2 2 1 10 2 10 2 3 1 3 1 2 8 21 1 1
1 5 2 3 1 1 3 1 3 5 2 6 7 2 2 13 2 6 2 8 11 5 1 9 4 25 3 3 7 2 1 2 2 6 1 1 1 6 2 1 3 1 13 1 1 1 24 2 1 2 2 6 3 13 2 1 5 1 1 1 2 1 1 1 1 2 8 2 6 3 65 1 2 1 1 1 4 1 1 1 2 1 2 2 2 1 1 1 2 1 1 3 3 1 2 1 1 1 4 2 1 2 2 1 2 77 2 3 2 4 4 5 6 1 2 23 3 1 2 4 2 39 1 3 1 14 397 4 147 10 3 1 3 21 1 16 3 3 1 1 4 2 2 2 1 9 3 2 1 1 2 1 1 20 1 5 18 4 3 1 1 1 1 1 2 1 1 4 1 4 1 1 3 2 7 2 12 5 1 1 2 2 1 2 3 1 2 7 1 2 1 2 1 3 5 6 1 2 1 1
2 1 3 41 2 1 1 1 1 1 6 1 7 2 2 2 4 5 3 2 3 73 6 9 2 1 17 2 2 5 76 1 2 2 12 2 14 1 25 1 1 1 7 2 7 2 2 1 2 1 2 2 1 1 2 2 1 2 2 3 1 1 1 2 1 1 1 8 2 9 1 1 25 1 2 1 1 1 1 1 11 2 1 1 1 1 3 31 3 5 1 2 2 14 2 5 50 2 3 1 2 2 3 18 1 2 4 3 5 43 2 2 1 66 5 1 26 6 1 2 3 1 14 7 1 2 1 2 1 2 2 1 1 1 1 1 3 2 1 3 8 1 1 2 75 29 2 1 2 3 8 3 3 2 3 5 2 2 2 1 2 2 7 1 25 2 4 4 11 2 1 1 7 2 3 23 12 1 2 1 1 4 2 2 1 2 1 2 5 2 2 237 3 1 1 2 4 2 21 1
5 2 2 148 1 98 32 9 2 2 3 1 3 1 15 3 2 3 2 4 4 2 2 2 1 2 4 1 2 2 40 1 2 2 1 10 1 2 1 1 7 2 1 2 1 1 1 1 4 1 3 1 1 3 2 2 3 2 1 1 2 20 5 2 1 2 1 3 2 11 1 2 35 1 1 3 4 7 2 2 1 3 2 1 1 1 2 4 62 2 1 8 3 1 232 2 5 4 8 5 2 1 2 2 4 1 4 2 2 41 2 10 2 6 2 2 2 5 1 1 3 2 2 2 5 1 1 1 3 2 1 3 1 1 9 2 2 4 1 4 3 1 51 18 10 1 1 2 1 3 2 5 2 1 1 1 2 1 2 11 6 1 2 3 5 8 2 3 3 6 1 1 1 2 1 1 1 4 3 2 1 1 2 84 4 3 2 3 2 2 8 6 2 2 2 1 7 1 3 2
1 3 1 1 1 2 1 3 2 9 2 3 1 4 1 3 2 6 2 1 9 1 28 54 1 1 2 1 5 1 4 3 9 49 1 2 4 7 3 2 4 1 1 2 3 2 2 2 3 1 12 7 1 2 1 1 1 2 8 3 1 6 75 20 3 2 5 1 1 1 319 2 1 2 1 1 2 1 2 1 4 1 6 7 22 1 60 1 1 5 5 1 2 4 17 4 2 2 1 4 1 1 1 1 1 1 9 2 3 1 26 4 1 1 34 2 1 2 3 2 1 14 1 12 3 1 1 2 30 1 2 338 7 1 10 1 4 1 2 7 2 2 2 22 2 1 268 1 31 1 27 25 2 1 1 5 7 1 16 15 4 1 1 1 2 2 7 1 1 2 2 1 3 2 4 4 5 1 2 2 8 9 25 1 9 1 4 4 13 2 1 3 1 2 4 2 4 5 2 5
1 4 1 1 5 48 2 5 4 4 6 2 1 3 2 4 6 1 2 11 2 3 2 1 3 1 1 5 3 1 1 1 1 2 4 4 2 2 1 1 29 2 3 4 2 2 4 1 5 2 2 2 1 1 1 1 1 2 2 3 4 9 5 2 3 2 2 1 1 3 8 1 3 2 2 1 2 1 7 4 2 10 2 2 29 2 2 2 2 1 9 4 4 1 4 1 1 4 2 1 2 3 4 370 2 4 2 10 3 15 8 2 1 5 2 2 4 1 1 2 2 1 1 1 2 1 38 1 2 2 2 1 17 1 2 3 11 2 3 3 2 1 2 2 8 2 5 5 1 4 2 2 2 7 1 1 1 2 7 2 1 1 9 1 1 1 2 7 8 1 2 13 1 8 2 44 5 2 2 2 3 2 9 1 2 1 3 1 2 7 12 17 2 3 7 2 6 10 1 3
1 3 3 3 5 16 2 4 12 1 3 24 5 1 2 7 1 1 2 3 1 10 2 4 5 1 1 8 1 2 21 3 2 5 4 1 1 2 2 1 3 1 11 9 17 2 4 3 412 1 1 2 5 2 3 5 36 2 1 1 1 9 1 1 92 2 3 1 1 1 17 1 5 9 7 2 1 7 2 1 14 1 6 1 2 7 2 10 21 1 2 14 15 1 3 152 24 6 2 9 1 3 15 64 2 9 1 2 28 7 2 2 1 1 1 1 2 1 5 3 3 23 2 2 23 2 1 11 1 2 2 2 2 2 3 2 2 2 2 5 2 1 2 144 16 2 14 1 1 2 2 1 1 3 1 1 3 1 11 1 3 10 1 22 2 1 3 8 4 4 9 3 2 22 1 2 3 27 1 4 6 1 1 1 9 1 5 7 1 1 4 92 5 24 5 3 1 1 1 1
5 8 2 5 2 31 2 1 1 4 1 2 2 1 7 2 1 1 2 2 1 1 2 1 2 1 1 41 4 2 2 1 4 15 3 221 4 2 1 2 1 1 1 2 1 10 4 1 2 3 20 10 44 1 2 1 28 1 6 2 1 2 5 296 5 14 2 1 2 2 5 9 4 1 3 2 10 5 3 4 1 1 3 2 6 2 1 1 1 4 2 2 1 40 1 3 1 1 4 7 27 4 1 6 6 1 24 2 1 2 3 5 4 1 5 1 1 10 2 1 1 2 3 1 1 2 5 2 2 28 5 10 2 11 1 5 5 1 7 2 1 5 1 2 1 2 3 2 7 3 2 2 3 6 2 2 1 3 4 2 1 4 2 5 7 4 6 2 2 71 4 1 2 4 5 2 1 1 5 1 1 3 3 2 32 3 4 3 4 1 36 13 1 13 9 1 2 1 3 11
7 5 4 4 3 2 12 1 4 18 1 1 19 5 8 2 1 2 2 1 1 4 1 1 11 3 1 1 1 1 4 3 1 18 1 1 3 2 1 1 1 1 1 1 1 2 2 4 1 1 1 1 2 1 2 2 2 4 2 3 1 2 11 4 6 14 2 4 1 11 20 3 2 44 2 147 3 2 4 13 1 2 8 3 3 4 6 1 1 5 1 2 3 12 9 2 1 1 1 2 1 1 1 4 2 3 66 1 10 10 3 1 2 3 7 2 1 1 5 1 6 2 6 2 1 2 5 5 2 1 4 2 47 1 2 2 5 2 2 1 1 2 26 2 1 1 6 2 2 3 1 1 5 1 6 1 6 1 3 1 2 1 1 5 4 51 14 2 1 5 1 2 1 3 2 1 4 1 42 1 3 1 2 9 7 1 6 2 1 1 5 6 9 9 2 2 2 5 2 4
1 1 4 2 3 1 1 1 2 1 32 1 1 2 2 1 2 2 1 1 1 1 37 4 2 4 9 3 1 3 33 1 3 1 1 2 2 3 2 1 1 1 1 1 9 1 1 2 1 1 2 19 1 4 2 2 2 1 2 2 3 1 3 2 3 1 12 1 11 1 1 3 2 2 6 1 11 2 19 2 4 5 1 3 4 2 2 4 1 2 2 3 1 1 1 3 6 3 3 5 1 1 2 8 2 2 1 1 1 2 1 5 1 1 4 1 1 5 1 1 1 1 2 14 3 4 2 3 1 1 3 7 1 20 9 4 3 1 2 1 1 1 1 74 1 12 1 2 2 1 3 2 2 1 1 2 2 1 2 4 7 1 1 1 1 2 1 2 5 1 2 5 1 2 7 4 4 1 1 1 2 5 6 1 22 4 1 5 1 2 2 2 2 6 9 35 1 1 1 1
2 4 1 1 33 7 3 21 16 4 72 8 1 2 1 4 3 2 4 3 1 1 15 3 2 11 22 2 2 19 2 5 1 1 1 2 2 10 2 1 2 1 8 4 2 2 3 36 5 1 2 1 2 66 3 4 1 3 2 8 1 1 7 2 3 3 9 1 2 3 4 1 3 1 2 33 2 1 2 1 1 3 2 5 1 12 22 6 2 1 2 10 3 1 1 8 1 2 1 4 3 9 2 3 2 4 17 3 3 9 2 7 1 8 152 1 1 1 10 1 8 9 3 4 2 2 1 4 1 2 25 4 1 1 3 2 1 20 5 2 1 1 1 3 2 7 2 1 1 25 1 2 1 2 1 4 3 5 1 3 2 2 2 2 1 2 6 1 2 3 1 11 12 12 13 2 16 1 1 4 2 1 1 4 1 1 2 1 1 2 2 1 2 2 7 1 2 17 2 1
1 6 1 1 2 34 1 2 1 2 3 1 20 1 6 3 82 2 4 7 20 4 1 6 177 2 1 2 52 2 1 2 1 2 4 2 2 2 6 3 2 2 3 1 3 9 1 1 2 11 3 2 2 1 4 2 1 2 2 1 1 2 1 2 220 6 2 1 1 8 1 3 1 4 3 4 2 5 3 97 6 2 1 13 2 1 1 27 1 1 1 2 1 1 1 2 2 3 2 16 21 6 1 3 1 21 3 3 1 2 9 1 1 2 1 1 3 10 1 1 1 2 2 2 2 1 14 1 3 2 14 1 1 11 2 1 2 1 2 1 3 1 3 3 2 2 2 5 3 1 5 1 1 11 2 2 4 2 3 2 4 1 1 8 1 2 1 7 1 7 1 2 1 2 2 32 4 2 1 2 2 10 3 1 3 1 2 2 3 1 1 2 4 2 1 1 2 13 8 4
1 3 7 3 1 1 1 10 3 3 7 24 4 6 2 1 2 4 7 1 8 16 1 2 1 1 2 2 5 2 7 9 2 2 2 6 3 1 3 78 1 3 2 2 2 3 2 1 3 1 13 3 15 17 1 4 2 1 18 3 22 7 3 1 1 1 59 1 1 1 5 2 2 5 2 8 1 1 2 36 1 24 1 2 1 1 2 2 6 2 1 1 1 8 1 1 4 2 2 2 1 1 5 4 1 16 1 2 1 1 4 8 4 2 3 1 2 5 12 2 1 7 17 15 1 1 1 10 2 10 3 56 1 1 2 12 1 2 22 2 3 16 9 4 1 3 3 2 39 5 1 3 3 1 2 2 5 81 7 12 2 4 1 5 2 25 3 1 2 2 9 3 1 2 5 8 4 6 1 2 4 3 3 1 1 4 5 3 2 1 6 2 26 1 1 1 2 2 6 1
1 2 4 10 2 10 3 26 1 2 3 4 2 4 1 3 27 1 1 7 3 15 102 3 3 7 2 8 2 1 2 8 1 17 1 2 1 6 2 3 1 1 1 2 1 2 1 1 3 2 1 10 17 2 3 1 4 3 1 2 6 2 4 9 4 40 20 1 2 1 3 20 2 4 2 2 2 1 3 3 2 4 1 3 2 1 1 1 5 1 2 4 6 2 2 1 1 1 2 1 1 1 6 1 1 5 2 3 1 2 2 2 2 5 1 25 1 2 2 1 2 6 1 2 2 1 1 99 2 2 1 1 3 1 2 1 6 1 1 1 1 2 2 4 16 1 1 1 22 1 2 2 1 1 64 13 2 2 2 1 2 3 2 1 3 10 1 4 2 3 1 43 2 20 48 5 2 1 3 1 2 4 1 1 1 1 6 2 2 1 75 3 2 7 1 2 3 24 3 1
1 2 7 6 1 13 1 1 2 1 3 1 5 2 16 1 7 4 6 2 2 4 2 8 3 2 1 2 3 2 1 1 2 2 3 2 1 1 6 4 1 12 3 3 6 2 2 2 5 9 2 1 4 15 24 1 3 3 1 1 2 10 2 2 3 12 3 1 14 4 1 1 5 17 1 2 2 1 5 3 2 3 7 2 7 1 2 3 3 2 4 5 1 5 1 32 1 2 3 14 5 1 6 7 2 1 3 3 1 2 1 2 1 1 1 1 7 2 1 3 4 4 2 1 3 3 2 4 1 1 6 6 1 3 2 66 4 1 9 5 1 2 6 2 1 1 2 1 6 1 2 5 3 2 27 1 2 120 2 1 3 1 6 2 2 2 16 1 3 1 3 2 1 3 2 1 4 1 1 1 1 2 1 8 2 3 4 1 3 1 2 1 3 1 2 11 6 2 1 3
7 2 1 1 1 2 4 2 2 4 22 8 1 1 1 2 20 6 18 2 1 1 3 4 1 12 3 3 13 5 1 10 2 2 3 8 3 3 3 3 2 4 2 2 6 2 3 1 4 20 2 36 1 2 7 6 2 2 3 2 22 1 4 1 1 2 1 3 8 2 1 2 1 1 1 8 32 1 5 1 2 2 11 10 1 12 31 1 1 2 1 8 2 1 3 12 1 6 1 1 1 4 1 2 7 2 5 1 8 1 4 1 1 1 3 15 1 2 1 1 1 1 1 1 3 2 1 2 5 2 2 7 3 4 1 2 2 2 1 1 5 3 3 3 2 1 3 1 1 1 2 2 8 1 14 1 19 204 7 6 4 2 44 2 1 2 2 1 1 1 2 2 1 353 1 5 2 11 6 1 3 7 1 1 2 48 2 3 3 2 2 1 1 5 1 12 14 2 21 7
1 7 1 22 1 1 2 2 1 1 2 3 28 1 2 1 6 7 5 3 122 1 3 3 2 3 1 2 1 8 1 16 11 3 4 2 1 40 10 3 1 12 1 1 2 2 1 2 4 5 1 2 2 1 1 15 1 1 40 1 2 1 2 2 2 1 10 13 2 18 2 1 1 10 4 1 3 3 7 2 1 6 5 5 2 1 2 6 1 2 1 1 1 1 2 1 1 2 2 2 1 1 6 2 2 3 1 2 4 1 2 3 1 11 19 1 1 6 1 1 29 3 1 2 3 1 1 1 2 1 2 1 5 5 1 2 1 2 1 2 2 8 11 1 1 17 3 5 2 13 52 1 2 2 78 2 1 186 4 1 1 1 1 4 2 1 2 3 1 1 1 1 3 1 3 2 2 2 4 1 3 2 12 2 2 1 11 3 1 1 4 1 46 3 2 6 1 3 5 2
5 2 2 1 1 1 1 2 3 3 5 3 1 3 1 8 2 5 2 2 2 2 3 2 6 2 1 3 5 1 1 2 1 3 3 5 1 1 1 4 1 3 2 2 2 1 2 3 3 5 2 2 7 20 3 12 11 1 2 80 6 2 1 56 2 1 1 1 2 2 9 1 4 1 2 3 4 4 2 2 3 1 2 8 2 2 3 5 7 6 2 2 2 211 2 44 3 5 3 3 1 7 4 3 2 1 19 1 4 2 1 10 1 3 2 23 4 3 2 11 1 1 2 2 8 2 2 5 3 2 1 2 2 2 1 1 4 1 1 3 2 20 1 16 3 1 5 4 1 1 48 2 12 14 3 2 1 2 2 7 1 1 1 3 5 2 1 2 2 2 10 7 1 2 2 2 3 2 3 1 1 2 2 1 3 10 5 1 1 2 85 2 3 6 1 1 2 1 2 51
3 2 2 1 10 1 5 3 2 2 4 7 5 1 1 2 4 1 2 9 2 1 2 6 3 13 1 9 1 2 3 4 1 1 2 1 16 2 1 2 1 3 1 2 1 2 1 1 2 2 1 30 14 1 1 2 2 1 1 1 5 6 3 1 3 4 2 1 2 1 2 1 1 2 11 2 3 1 2 1 1 2 1 5 2 1 1 1 1 2 7 1 1 1 1 1 298 1 9 1 2 6 7 2 2 3 5 3 1 1 1 2 5 11 2 1 1 169 1 1 2 1 3 7 1 9 40 2 1 4 1 2 2 2 2 2 1 2 1 3 2 2 14 2 2 2 5 2 2 3 3 6 3 1 31 6 4 2 4 3 2 1 6 2 51 2 2 1 1 7 2 3 4 5 1 27 1 2 5 8 2 2 1 3 2 2 2 1 4 23 1 1 5 1 4 3 7 1 8 7
1 6 3 4 2 5 1 1 1 1 4 1 1 3 2 2 1 55 2 21 2 3 3 1 7 2 2 4 2 10 1 6 6 3 13 1 2 1 2 1 3 2 1 4 1 1 6 4 1 21 3 1 2 1 9 2 12 1 4 3 11 4 4 4 1 2 15 3 4 2 1 1 3 2 1 1 1 9 3 2 35 1 2 7 1 1 2 3 2 2 2 2 1 3 3 1 1 9 1 1 4 8 2 1 1 3 1 2 3 1 8 1 1 6 2 1 3 1 2 1 4 1 2 5 1 2 6 4 18 2 3 2 2 4 2 2 1 3 65 2 1 2 2 6 3 2 5 3 3 2 1 2 14 1 4 2 2 1 1 2 1 1 2 9 2 1 4 45 3 1 2 1 2 1 5 2 2 2 1 1 8 2 1 3 51 2 5 1 2 5 2 1 2 1 1 1 2 4 4 2
6 2 1 1 1 1 3 9 1 2 1 2 2 2 3 20 2 1 3 2 1 2 1 2 1 21 2 1 2 5 1 2 3 1 38 3 1 8 1 10 2 1 4 4 1 1 2 1 1 1 3 1 20 3 2 7 3 11 2 82 2 1 3 1 1 5 6 1 1 1 1 2 1 1 1 3 4 29 2 5 9 1 1 1 7 1 2 1 1 1 1 1 2 23 5 1 28 2 5 17 5 2 1 2 2 2 3 1 2 4 1 2 2 2 5 1 45 2 1 2 6 2 2 1 8 1 1 2 3 13 2 2 4 1 2 2 7 14 1 1 7 5 2 3 4 1 2 1 1 4 1 2 2 1 2 4 10 6 3 1 1 7 2 1 1 2 2 2 2 16 1 5 1 2 1 1 8 2 1 5 2 3 5 1 78 4 1 1 1 6 2 23 3 5 2 1 1 2 2 4
1 6 2 2 1 2 1 9 1 2 1 2 29 1 7 1 1 1 4 2 5 19 2 4 1 1 3 2 7 2 1 2 6 3 2 3 2 1 1 8 1 3 6 186 11 1 1 2 2 2 2 1 1 2 1 2 11 1 33 1 13 2 3 2 7 5 2 1 2 1 4 4 29 3 3 1 10 5 4 2 6 1 7 1 3 5 1 1 4 1 1 3 1 7 1 1 3 7 8 1 1 4 6 1 2 1 1 6 2 1 2 1 1 4 4 3 4 1 1 3 1 1 3 3 3 468 1 12 3 13 3 4 4 1 1 1 8 1 4 2 10 3 2 2 5 1 3 1 1 7 26 2 1 1 2 17 16 4 9 1 1 3 3 2 2 1 25 3 1 2 10 3 1 1 2 2 1 1 11 3 1 2 75 1 3 5 2 1 2 7 1 1 3 2 2 1 2 3 3 3
9 2 1 1 1 1 1 2 2 1 2 4 3 1 5 109 2 5 1 2 2 1 2 1 2 2 1 4 6 1 2 35 2 1 4 2 1 1 3 2 3 1 4 1 2 3 2 2 1 2 1 1 1 2 1 2 1 2 3 19 1 1 1 6 1 1 1 1 1 2 3 1 2 2 1 2 3 2 1 9 2 2 5 1 1 2 3 1 1 2 38 1 1 2 2 1 1 1 3 3 1 1 6 1 1 5 1 11 2 4 32 3 5 1 7 21 18 2 1 2 5 6 2 2 1 2 4 2 1 2 3 7 4 1 1 3 1 2 2 2 1 2 95 4 2 2 1 2 2 1 4 1 3 1 1 1 8 5 308 4 10 1 2 1 1 1 9 5 2 10 3 7 7 9 17 2 3 1 2 1 4 6 1 2 1 1 1 3 3 1 11 5 3 1 2 3 5 4 1 2
2 4 2 1 4 1 14 1 1 2 6 5 1 7 2 1 2 6 4 10 3 2 2 1 1 1 1 1 15 101 2 1 3 3 1 2 1 2 4 4 2 1 4 1 4 1 7 1 1 3 2 1 5 3 5 3 7 1 1 1 1 2 1 4 2 2 2 88 1 3 13 7 73 1 1 2 3 1 2 1 2 1 4 2 1 1 10 1 3 7 5 1 1 2 2 1 1 2 2 59 5 1 1 2 6 1 1 2 2 2 7 1 8 2 1 2 1 2 1 2 3 49 23 3 3 16 1 2 10 4 1 2 2 4 2 1 2 1 1 4 2 2 1 2 1 1 2 5 1 4 1 4 2 5 3 67 3 2 1 16 3 18 38 1 1 1 1 3 1 2 1 1 2 5 1 1 1 2 4 1 9 1 1 1 2 1 5 3 10 1 3 14 4 3 6 4 1 2 1 18
3 1 1 2 2 2 8 3 9 1 2 3 1 1 3 1 1 2 14 6 2 1 2 21 3 4 1 1 2 3 1 4 2 4 1 1 5 1 3 5 1 107 5 1 1 8 2 1 3 1 7 3 4 4 1 2 1 1 8 1 2 2 6 1 4 11 15 1 5 1 1 3 1 1 65 2 3 1 2 6 41 2 11 1 1 1 3 1 4 2 3 2 2 1 4 1 1 2 1 7 2 2 22 2 1 1 1 1 2 1 2 8 7 1 1 2 3 2 1 3 2 1 4 1 4 2 5 1 1 50 22 3 2 1 12 1 2 2 1 5 5 3 8 2 9 6 1 1 12 2 4 3 1 3 1 1 2 2 1 4 2 2 2 2 2 8 2 10 1 1 2 2 3 2 1 1 6 4 1 10 4 2 2 2 6 2 46 9 5 3 1 2 29 6 3 2 2 2 7 1
4 2 1 8 4 5 6 2 3 6 4 1 2 1 33 9 2 1 14 1 3 2 8 2 6 2 8 2 3 6 2 2 1 1 1 5 5 1 1 3 2 3 1 17 1 2 1 2 1 1 2 3 1 33 3 2 5 6 3 1 1 1 2 2 2 34 2 7 36 3 1 2 8 2 1 6 3 4 1 4 1 39 1 1 2 2 1 1 1 12 2 1 3 1 4 2 2 2 1 1 2 1 3 4 1 2 1 2 5 1 1 1 1 4 1 4 2 3 111 24 2 12 19 2 1 1 3 2 2 1 1 9 5 7 1 2 1 1 2 4 2 1 27 6 2 2 2 4 2 3 2 3 1 2 3 1 4 2 2 2 2 1 4 4 32 2 3 5 1 1 2 1 1 1 5 4 2 3 2 4 1 2 1 1 5 11 9 2 5 13 6 2 30 2 3 2 2 4 2 1
2 2 1 3 18 13 1 8 2 18 10 5 1 1 2 1 1 6 180 8 1 2 4 2 4 8 5 2 1 2 17 2 4 3 1 1 1 1 1 1 3 2 7 1 2 41 1 3 2 1 4 2 2 3 2 1 2 1 1 6 3 1 7 1 1 5 15 3 3 67 1 2 2 2 1 1 36 1 2 2 8 1 1 2 3 1 1 1 1 2 3 3 1 1 1 1 2 4 1 2 1 3 55 2 1 10 2 1 4 1 1 3 1 1 2 8 1 3 3 4 5 1 2 2 1 1 6 3 2 1 1 3 1 9 3 5 1 2 1 1 16 2 1 4 3 2 1 1 2 1 4 2 8 1 1 6 1 1 1 1 2 2 2 1 5 1 4 2 1 2 2 2 1 1 2 3 2 2 28 15 1 8 3 3 1 2 1 2 1 1 3 1 2 1 1 1 1 2 1 1
4 1 1 3 2 3 10 2 3 2 2 2 3 1 1 2 2 1 2 1 2 2 2 18 2 1 2 11 1 1 7 3 2 2 3 7 1 3 2 1 1 3 1 3 1 1 1 5 1 5 2 6 3 2 7 27 18 2 2 1 3 2 4 1 1 1 8 1 1 1 1 11 1 1 1 6 7 1 1 4 4 1 1 7 2 8 1 2 2 1 1 31 3 6 4 7 1 2 1 1 1 2 2 1 3 13 8 3 1 2 3 1 1 3 2 2 1 1 1 1 3 2 1 12 3 1 3 2 9 24 3 2 3 1 3 1 1 7 3 5 5 6 1 3 7 1 5 3 2 2 2 17 4 1 2 273 3 3 22 2 2 2 4 4 1 11 1 3 3 4 2 1 2 1 2 1 27 10 3 3 13 2 39 2 3 1 1 57 7 1 6 2 13 2 1 2 7 2 1 1
1 1 3 15 1 2 2 2 1 2 2 5 1 1 2 2 53 3 2 2 2 2 1 1 1 11 2 2 2 4 1 1 2 1 2 1 2 15 24 1 3 1 3 2 2 4 3 4 3 6 46 1 2 2 1 6 2 2 1 1 7 47 1 1 2 1 3 4 1 2 1 1 4 11 1 1 1 3 1 2 111 6 1 59 5 1 2 2 2 2 1 2 9 12 11 1 12 2 1 44 1 2 1 3 2 5 1 3 1 1 1 1 3 1 2 7 2 1 2 1 3 1 2 1 2 72 1 2 1 2 2 3 1 2 3 2 1 1 1 4 2 5 2 2 1 26 2 27 1 2 2 3 1 3 3 1 2 2 1 7 1 3 1 14 2 1 2 1 3 3 14 1 1 2 8 6 1 2 1 7 1 2 1 1 1 2 2 2 2 2 4 9 5 5 18 1 2 1 5 1
6 2 2 2 1 2 2 1 2 1 6 16 2 4 3 3 1 1 4 1 11 1 2 3 2 3 8 5 2 1 6 3 5 2 2 6 2 1 3 1 6 2 12 3 6 25 1 1 4 3 1 3 1 2 4 4 4 1 54 3 1 4 6 3 1 22 3 2 1 20 1 2 1 1 1 1 3 1 1 1 1 5 2 2 3 1 3 1 3 3 4 1 4 2 2 1 8 3 11 6 1 1 1 1 2 1 1 3 26 6 14 3 2 1 2 3 1 4 3 2 2 5 8 4 1 1 3 9 1 13 8 1 2 1 1 3 4 2 1 1 1 1 1 1 3 3 2 4 2 4 1 1 3 1 1 2 4 2 2 1 1 20 7 4 5 8 1 2 2 4 2 2 1 3 2 220 2 1 2 1 6 1 1 4 87 1 1 3 4 1 2 16 2 1 2 9 7 2 1 10
1 5 2 28 2 1 2 3 3 1 1 2 2 5 4 1 3 2 1 2 1 1 2 2 1 1 14 1 2 3 4 1 9 3 57 1 1 5 1 1 2 2 2 2 1 1 2 4 3 1 18 2 1 9 1 2 3 7 2 24 2 3 2 1 1 10 172 1 1 2 4 3 1 2 17 3 3 4 3 3 1 2 20 1 2 3 3 1 3 2 11 1 3 4 4 2 2 14 4 1 1 3 1 1 4 2 2 8 5 1 1 5 1 9 4 51 2 1 1 1 2 2 3 21 2 26 1 2 33 44 2 8 27 2 19 2 2 2 20 81 4 1 2 2 3 6 1 6 3 13 16 4 1 1 1 16 2 1 7 3 1 2 2 5 2 3 3 2 2 2 2 1 1 4 1 1 7 2 1 3 3 1 4 1 1 2 3 13 2 14 2 41 1 12 4 2 2 3 382 2
3 1 2 1 12 1 1 2 9 6 21 2 1 1 3 1 1 1 38 4 2 2 1 14 1 1 1 2 1 6 5 2 1 4 2 2 3 1 3 3 1 1 2 15 1 2 1 2 14 3 1 5 3 2 1 3 1 2 7 1 3 1 1 5 3 4 2 1 2 1 1 5 3 2 2 3 3 6 2 2 5 2 1 2 3 1 2 1 2 3 2 2 1 1 2 24 2 2 1 76 1 2 1 1 14 1 3 3 2 4 18 1 4 2 4 1 6 3 13 1 5 2 2 2 1 3 2 2 2 2 1 1 8 17 3 2 1 2 2 1 2 5 3 1 6 4 4 5 2 2 1 1 1 1 5 1 1 1 1 2 3 13 1 1 5 8 1 2 8 1 1 2 1 3 1 2 1 1 2 2 50 2 1 4 11 1 1 2 1 1 2 4 3 2 7 2 97 1 2 2
1 4 1 55 2 2 8 1 2 1 2 2 1 1 5 1 1 3 1 1 2 41 2 28 1 1 2 7 36 1 2 6 3 2 6 1 2 5 1 1 1 2 4 1 7 2 5 3 6 1 11 1 4 1 4 1 2 3 2 1 1 2 16 4 2 1 10 2 13 1 2 1 4 1 1 1 9 1 3 1 42 1 16 1 8 1 1 4 6 4 2 3 2 1 2 5 113 2 8 2 1 2 8 1 1 1 8 1 3 2 1 1 2 2 10 1 1 3 2 2 3 2 1 1 1 1 1 2 2 8 4 11 19 1 1 1 5 201 4 12 1 1 1 1 13 1 2 12 2 2 23 2 100 1 3 1 1 1 1 2 2 4 20 4 1 1 5 1 1 1 1 10 4 5 11 1 1 3 1 1 26 3 2 5 1 6 2 9 1 2 6 2 3 1 19 1 1 7 1 4
2 14 5 1 19 4 2 4 2 4 1 2 2 12 3 2 3 1 2 1 1 1 1 1 5 5 2 6 5 2 2 1 17 7 1 1 4 3 3 1 6 1 1 1 2 1 1 2 2 4 1 13 13 6 2 1 2 2 2 2 33 2 2 1 1 5 3 1 2 1 1 2 1 2 2 2 4 12 6 4 2 2 3 1 1 6 2 6 6 2 2 2 1 15 1 2 2 2 17 2 1 4 1 2 3 4 1 4 2 146 9 1 2 2 2 38 1 1 6 19 4 162 2 3 2 4 3 5 1 9 2 64 5 3 1 3 4 126 2 2 3 4 4 6 3 6 3 2 4 2 18 4 2 2 3 5 1 7 2 3 2 1 1 3 2 2 4 4 3 21 2 3 81 3 1 2 2 1 4 3 3 2 6 2 2 2 4 2 47 1 7 1 2 1 1 23 1 6 10 4
1 1 2 3 1 1 1 3 2 3 110 1 3 2 2 7 1 1 4 2 1 2 5 4 1 1 4 1 3 1 2 2 2 2 5 3 3 9 1 3 2 1 3 6 2 1 5 2 3 1 3 9 1 2 1 2 36 4 4 2 1 1 4 2 1 1 2 1 4 13 1 13 12 1 1 1 3 1 1 2 1 2 1 2 11 1 2 4 2 2 1 2 2 4 3 3 1 1 2 4 4 1 13 3 4 1 1 2 6 2 1 4 54 3 4 1 4 1 2 1 68 7 1 5 17 1 76 3 1 1 207 5 3 1 2 1 7 2 2 2 2 3 2 8 3 4 2 1 2 2 1 1 35 1 5 1 5 1 3 2 3 1 2 4 1 1 2 4 2 1 2 6 27 2 4 3 1 2 2 1 12 5 2 2 124 1 1 1 1 24 1 1 1 5 3 1 4 6 2 2
1 18 36 18 1 1 1 1 1 3 1 5 27 5 3 1 2 1 1 5 4 2 16 5 1 1 6 1 3 3 2 2 2 2 34 1 2 2 6 2 2 3 1 7 13 3 1 3 1 4 3 2 4 1 2 7 4 4 3 1 1 2 2 1 4 2 2 3 1 5 6 2 3 4 2 1 2 3 4 1 2 2 12 5 10 8 8 12 2 3 3 1 3 2 1 1 3 8 2 3 1 2 3 1 1 1 8 1 1 1 1 21 2 3 11 7 3 2 6 6 1 1 1 1 3 2 96 6 1 2 3 1 48 3 2 6 4 6 2 10 32 1 260 3 7 12 5 8 3 3 2 4 1 1 2 3 3 3 2 4 2 1 1 1 4 39 367 1 1 1 14 1 21 1 3 1 2 1 1 3 12 1 3 3 1 3 1 6 2 1 4 3 8 17 6 11 1 2 2 2
1 1 2 1 3 3 3 1 2 1 6 2 3 2 3 5 1 1 3 3 3 2 10 3 9 1 1 2 2 2 1 3 2 3 1 5 1 2 2 2 2 2 2 2 3 1 1 2 1 1 2 3 21 3 2 2 7 3 3 5 4 7 5 1 2 7 2 3 1 3 12 2 1 2 13 1 3 7 1 1 1 1 22 2 6 9 6 2 2 4 3 1 4 1 2 1 1 1 2 2 1 4 1 1 2 5 3 5 35 2 4 1 6 1 1 2 1 1 2 1 25 1 2 1 1 3 1 44 8 2 5 3 1 2 3 26 1 1 25 4 2 1 1 1 6 1 2 4 8 1 2 12 1 1 14 1 4 68 7 3 3 2 5 6 6 6 2 1 1 138 1 7 1 5 1 6 1 6 2 2 1 1 3 8 19 2 1 1 3 1 2 9 1 1 6 1 2 1 2 2
141 3 2 1 3 3 5 1 1 9 2 1 3 2 19 1 2 1 4 1 1 9 2 2 2 2 4 2 3 1 3 4 1 4 13 2 44 2 2 5 7 2 11 3 3 1 5 1 2 2 4 2 2 1 87 1 2 12 13 1 1 2 6 2 2 2 2 1 6 2 5 1 1 1 2 1 1 9 2 2 4 7 1 5 1 2 2 411 20 1 1 2 1 1 1 4 1 1 15 1 2 1 24 1 12 6 1 21 2 2 1 1 3 4 2 1 2 2 2 2 4 1 1 2 1 2 1 29 3 1 1 4 1 14 3 58 2 1 1 2 4 1 2 2 15 4 1 2 2 1 1 2 1 9 16 6 3 1 13 89 3 4 1 1 2 2 1 2 4 4 2 2 1 1 2 10 2 5 4 106 2 5 2 55 3 1 2 5 1 2 13 1 26 3 2 2 5 2 2 3
1 15 2 68 3 2 2 2 1 4 5 26 1 1 4 1 12 4 2 10 3 1 6 2 1 1 2 5 1 4 2 1 9 3 8 8 2 4 1 1 1 3 1 2 4 2 2 2 2 1 2 1 1 1 3 11 1 1 1 2 2 1 2 1 2 2 1 4 7 1 2 1 6 2 1 1 5 10 2 5 6 1 2 2 1 2 4 3 7 1 1 1 1 6 2 2 2 1 1 2 3 1 6 2 1 3 4 1 2 3 1 2 1 3 2 18 5 1 1 2 1 2 1 1 1 3 1 2 2 3 15 1 2 2 21 3 2 1 1 3 1 6 2 3 3 4 3 1 1 1 1 2 16 5 3 2 2 24 8 1 3 2 12 4 1 1 1 23 2 1 2 6 2 1 2 2 1 2 1 3 4 2 5 4 14 5 2 2 6 7 11 1 24 1 2 4 5 1 1 2
3 1 3 1 2 2 5 379 2 1 2 2 1 2 45 1 22 1 3 2 2 2 2 14 2 4 1 3 3 2 3 2 2 16 5 2 3 1 1 2 2 2 2 1 2 1 2 1 10 1 1 4 1 1 1 10 114 3 1 2 2 4 2 1 2 5 3 2 3 2 2 1 3 2 2 3 1 1 3 3 2 3 2 2 1 1 1 2 9 3 2 3 1 1 3 2 1 1 2 5 4 1 2 1 1 2 2 2 9 5 3 9 4 18 2 1 9 7 1 1 179 1 2 2 2 2 7 2 1 3 7 1 24 11 1 2 2 1 2 11 1 1 21 2 1 1 2 7 1 16 1 2 3 3 7 2 2 1 31 6 1 1 9 9 1 1 1 1 6 1 1 2 1 2 3 1 1 4 2 2 6 2 3 1 1 1 7 1 2 6 4 3 1 3 3 14 4 1 19 7
2 5 1 2 2 1 2 5 12 2 1 1 11 3 2 1 3 1 235 2 1 1 3 3 3 15 3 12 1 10 2 5 18 1 4 1 7 3 2 1 3 2 3 1 1 1 11 1 16 1 6 1 1 1 8 1 9 1 2 3 2 3 4 2 6 1 2 3 3 4 1 1 8 5 16 4 1 2 30 2 7 1 3 10 1 4 3 2 2 1 1 6 4 1 11 1 1 7 6 2 5 1 1 5 24 1 7 1 1 4 4 2 1 2 1 24 2 5 2 24 20 2 3 1 19 2 5 1 76 3 3 1 2 1 1 1 1 2 107 3 1 1 8 1 1 2 2 3 2 2 2 1 2 2 1 2 1 1 2 1 2 2 42 1 1 4 2 2 1 2 1 2 3 2 3 2 10 1 3 2 26 13 2 2 1 1 199 75 2 1 10 2 3 2 3 1 2 2 18 2
14 3 2 21 4 1 1 2 5 2 5 1 250 2 4 4 2 1 4 2 1 3 1 3 3 1 3 2 1 2 1 1 1 3 3 4 2 2 1 3 1 2 1 14 12 2 2 6 4 59 1 1 1 1 2 1 5 2 2 1 6 1 7 2 2 5 4 1 1 1 4 3 2 4 2 1 14 9 3 1 1 3 2 15 4 3 1 1 1 13 1 6 15 1 1 1 3 2 1 9 1 1 48 1 1 2 1 1 1 1 3 13 1 1 2 4 5 3 2 4 1 1 4 1 1 1 2 1 22 1 1 2 2 2 1 3 1 3 2 2 2 1 1 3 6 2 2 6 1 1 5 2 2 25 1 143 239 1 5 1 2 1 2 3 2 2 1 1 2 2 1 2 1 1 1 4 9 5 9 1 2 3 2 2 1 2 2 11 4 9 3 4 4 8 1 9 10 5 1 3
1 3 3 1 15 1 2 3 32 3 27 3 1 1 4 3 4 1 1 2 1 2 25 1 4 4 1 6 5 3 1 1 2 2 4 3 10 2 2 1 2 1 4 3 4 3 5 3 1 11 11 2 1 1 2 3 1 31 8 6 1 61 2 2 3 2 6 3 69 1 2 3 2 1 47 6 3 4 3 3 1 18 1 1 1 7 10 2 2 5 2 4 1 2 1 9 2 2 1 1 1 99 2 11 7 1 1 1 15 2 1 19 4 6 2 13 2 3 13 1 1 13 1 1 1 5 6 2 2 1 1 1 8 23 1 16 14 3 2 1 1 1 1 3 2 6 2 2 2 3 4 3 2 1 1 2 6 3 1 1 1 2 1 9 4 3 1 3 2 1 3 1 7 5 7 1 3 10 2 3 1 1 1 2 1 1 1 6 1 1 1 2 1 8 2 54 6 1 2 4
10 1 1 2 1 2 1 30 1 1 1 2 2 1 2 5 3 2 2 1 1 1 1 1 37 1 1 2 4 2 1 2 21 1 7 6 3 14 6 2 2 1 3 1 2 20 4 3 1 3 44 2 1 1 5 7 1 4 2 8 2 2 13 1 2 4 1 4 2 2 1 36 4 1 3 77 1 1 3 3 5 5 3 4 1 5 2 5 23 3 7 1 2 1 2 2 17 15 2 1 3 1 2 2 1 5 2 1 2 8 3 1 1 38 4 1 5 3 3 1 2 1 3 1 3 1 9 2 8 10 2 1 2 6 2 1 1 1 2 1 1 6 1 1 2 6 1 1 3 11 3 1 2 2 12 2 2 3 1 3 2 2 2 4 1 2 1 3 12 2 2 1 3 2 1 2 1 5 3 1 4 3 4 34 2 1 1 3 2 1 2 3 2 3 1 12 4 18 2 1
36 1 2 2 2 11 1 1 2 2 1 3 1 2 1 1 2 30 6 1 2 2 11 3 1 8 3 5 1 3 7 1 1 10 2 2 15 2 4 15 4 8 2 2 2 2 1 2 2 6 2 2 1 1 3 5 1 6 2 1 2 1 2 2 6 2 2 3 4 2 2 45 2 356 3 2 1 4 2 1 6 2 3 3 10 2 26 2 6 1 3 12 2 1 5 2 1 3 2 3 2 10 2 42 6 2 3 3 7 2 10 7 3 3 77 2 2 11 2 1 23 1 20 1 1 7 8 2 4 3 1 1 4 1 1 2 2 2 11 2 2 23 1 17 2 3 6 1 3 1 2 2 1 1 2 2 1 1 1 7 17 5 2 2 2 1 2 3 4 2 2 3 8 3 2 3 1 1 44 1 2 4 2 1 3 1 1 3 2 2 110 2 2 2 2 1 1 2 1 1
1 13 4 1 4 1 3 3 2 1 2 2 4 1 3 4 1 10 3 1 3 1 9 2 7 1 1 5 1 2 21 4 1 20 4 6 5 3 4 208 3 1 2 4 11 2 1 1 1 1 16 1 2 1 1 2 1 1 2 2 2 3 12 1 2 1 11 1 3 15 2 2 2 4 1 2 1 1 10 2 2 12 1 2 2 81 1 6 4 1 29 1 1 3 10 2 78 3 1 2 10 2 5 3 2 15 1 1 3 2 5 2 2 3 14 1 7 3 2 9 1 1 2 1 1 9 4 2 1 2 1 10 2 5 21 1 6 18 1 5 1 2 1 3 10 1 10 9 4 1 1 1 6 4 28 1 34 5 8 1 2 2 7 3 8 2 4 2 2 8 1 5 2 1 28 2 1 2 22 2 1 1 1 233 4 1 18 6 1 5 1 2 1 75 1 3 1 2 2 12
1 3 2 3 1 3 1 1 1 3 1 1 1 3 1 2 6 2 2 9 1 1 2 4 2 3 2 1 1 1 3 4 7 2 3 1 2 3 1 3 3 27 22 124 1 4 1 2 1 3 1 1 1 2 1 2 1 30 2 10 1 2 1 5 1 2 4 2 2 1 2 2 2 2 1 3 4 3 15 5 1 4 27 1 2 3 3 1 2 1 1 37 1 2 200 1 1 1 2 4 3 1 3 2 5 6 2 1 1 5 4 9 1 1 2 1 1 2 8 2 2 13 1 7 5 193 9 11 1 2 4 2 1 10 3 2 3 4 2 1 1 2 4 23 1 3 2 5 1 3 1 1 1 3 8 1 3 21 5 8 1 2 3 1 2 6 4 3 1 6 3 2 127 1 1 14 12 8 1 50 6 2 3 1 1 1 5 4 1 1 2 2 2 1 4 1 1 1 6 1
1 8 2 2 1 2 17 5 1 4 1 81 2 6 1 2 1 2 2 11 1 5 1 9 3 104 1 1 8 1 1 2 11 2 5 7 2 1 1 8 2 1 1 12 7 5 1 6 14 3 1 1 2 11 2 2 1 1 4 3 2 1 2 6 6 1 14 1 7 22 5 6 3 1 3 1 3 1 1 1 4 12 7 2 1 1 2 1 480 1 1 2 1 2 2 2 6 1 2 22 1 1 6 1 2 2 1 13 2 1 20 60 3 2 33 1 6 1 1 2 1 1 1 2 3 5 2 1 1 9 7 1 3 3 17 4 5 3 4 2 1 1 2 2 4 21 1 4 1 4 4 2 1 13 2 2 2 1 2 5 3 2 1 6 2 1 3 1 2 2 1 1 3 1 1 3 8 6 17 2 2 1 3 5 2 1 1 9 6 3 4 8 7 1 1 2 1 1 8 2
1 4 2 6 30 2 1 1 3 17 1 1 2 1 2 1 2 14 1 1 2 3 2 2 2 1 3 4 1 5 1 1 1 2 1 5 2 1 1 2 3 1 2 1 2 1 2 2 1 1 1 10 2 5 2 2 1 4 2 3 3 6 3 1 2 14 6 1 1 2 6 1 1 9 1 2 262 2 1 8 2 1 1 1 2 36 2 7 4 5 1 1 4 5 1 2 3 26 1 3 1 2 8 2 1 97 3 2 3 3 4 3 4 4 16 2 2 2 5 1 1 1 2 1 1 12 1 4 1 2 5 2 1 1 1 13 3 10 3 4 2 2 3 12 1 2 2 14 2 4 1 2 1 2 2 2 6 2 2 7 2 2 1 2 3 1 9 2 16 1 3 4 2 3 11 1 2 2 2 2 7 2 2 5 2 1 12 1 8 1 1 5 2 1 1 1 1 2 1 1
2 1 1 2 1 2 1 1 1 1 2 1 1 3 2 1 5 1 1 3 1 3 1 2 1 1 1 3 2 5 3 3 1 1 6 4 24 1 1 2 2 32 3 7 2 2 3 1 4 3 2 1 2 2 2 1 2 2 1 3 2 1 3 6 6 1 1 5 2 2 1 3 2 18 6 2 2 1 2 2 2 3 2 3 4 2 1 5 2 10 7 1 3 10 2 2 8 2 2 4 1 4 2 2 13 1 1 2 2 1 1 9 2 2 1 1 6 1 2 2 1 1 1 2 2 1 4 3 1 4 1 7 2 3 2 4 1 6 2 10 2 3 1 2 4 2 1 1 1 2 7 1 16 2 3 2 3 1 4 2 1 10 1 1 1 2 4 2 1 1 1 1 1 1 2 16 3 2 1 1 3 2 5 1 2 1 1 1 7 4 2 27 5 4 5 1 2 2 2 2
3 4 2 1 4 5 2 8 6 10 1 4 2 1 353 3 1 1 6 5 1 2 8 1 6 9 3 69 3 1 1 3 2 4 1 1 6 1 2 1 12 4 5 4 6 1 22 3 16 2 36 2 1 1 76 16 1 2 1 2 2 3 12 1 1 1 2 2 1 3 2 1 1 1 2 1 24 7 14 3 1 4 3 2 3 1 2 2 2 2 1 3 4 28 6 1 2 2 3 12 2 2 3 3 2 2 5 3 1 1 3 1 5 1 1 9 4 5 1 1 3 2 11 3 4 1 2 1 7 4 10 3 4 1 2 4 2 1 1 1 1 3 88 3 2 8 2 1 2 1 1 2 263 1 5 1 2 3 1 2 1 1 8 80 3 1 13 1 9 2 1 1 6 1 1 19 2 2 86 4 18 4 46 4 3 5 1 3 13 8 2 1 7 1 14 1 1 10 1 3
2 1 1 1 2 4 2 3 4 1 23 1 154 2 1 2 1 3 2 1 1 2 1 4 1 1 1 1 6 23 9 6 2 32 1 2 2 2 1 2 3 1 6 2 1 1 1 1 1 7 1 1 5 2 1 7 2 2 2 11 3 6 8 1 1 10 1 2 1 3 2 1 5 1 11 2 2 2 1 1 6 9 1 2 1 1 2 4 5 1 1 1 4 9 1 2 23 3 1 2 1 8 1 1 1 1 1 2 4 6 31 5 228 1 4 2 1 3 5 1 2 2 1 1 2 1 3 1 1 2 6 1 1 1 2 1 2 2 2 1 6 1 1 2 1 2 2 1 2 1 1 3 1 7 1 13 1 2 2 6 1 2 2 2 19 3 2 3 1 2 5 1 2 11 1 25 1 2 4 1 19 1 1 5 2 2 2 2 3 1 3 2 1 1 4 1 14 1 5 1
5 6 8 1 4 9 2 2 7 1 2 1 2 1 1 1 5 2 2 1 2 3 1 1 4 1 2 2 3 2 3 1 11 18 1 1 1 1 1 4 3 2 13 2 1 231 3 3 11 2 2 2 4 2 3 7 4 1 2 2 1 1 1 1 2 9 2 1 2 6 2 2 9 3 1 2 8 1 2 2 1 1 2 2 2 2 6 1 3 2 2 6 1 3 1 3 3 1 2 1 1 5 8 1 4 3 2 3 1 1 3 3 2 1 6 22 1 1 10 3 5 9 1 1 1 1 1 2 4 2 4 3 1 12 1 4 3 1 18 5 3 2 1 2 9 5 2 1 2 2 2 10 3 29 1 9 5 11 2 12 2 1 3 1 1 2 2 9 2 3 4 2 4 2 2 2 1 1 1 2 1 2 3 7 4 2 1 5 2 2 2 7 2 1 2 4 1 6 4 2
1 2 4 2 2 9 3 5 1 2 1 2 1 5 1 1 2 1 5 21 1 21 1 2 4 18 2 2 2 3 1 15 2 22 2 1 1 7 1 1 2 3 4 3 2 2 3 2 4 2 3 1 1 23 2 1 4 1 1 5 7 7 12 2 1 1 1 2 26 1 1 5 9 15 5 13 2 5 12 2 4 1 1 4 26 2 3 2 1 1 1 25 10 8 21 2 2 2 1 19 1 2 3 1 5 2 5 2 3 2 2 1 2 1 9 2 2 4 16 1 1 2 1 15 4 1 3 1 3 3 1 1 55 2 7 1 1 2 2 1 2 1 3 1 1 2 3 2 2 1 5 1 7 1 2 2 1 7 2 2 1 1 5 2 1 5 2 2 3 2 2 1 5 3 1 1 6 2 1 36 6 1 193 13 6 1 1 1 1 2 16 18 6 1 1 1 1 2 1 1
2 1 1 1 17 14 2 2 1 2 1 16 2 1 2 2 4 12 4 5 11 2 1 1 3 3 1 2 3 13 2 1 3 1 3 3 1 2 8 1 7 24 2 2 1 18 9 3 8 2 2 3 2 1 2 1 3 1 4 1 2 1 2 3 3 1 9 2 1 1 2 3 17 2 12 1 2 1 5 1 1 6 3 1 8 1 6 2 3 1 2 1 8 4 2 2 1 1 2 2 28 1 2 1 28 54 2 4 1 1 3 1 2 3 2 3 1 6 18 1 2 5 1 4 2 1 2 5 2 2 2 2 3 2 2 1 2 1 4 1 2 2 4 3 3 2 2 1 2 2 1 4 2 30 11 1 1 2 7 2 1 1 1 4 5 3 2 8 3 2 2 2 1 1 2 2 6 10 2 2 1 2 1 2 17 6 3 5 1 1 6 6 1 1 79 2 1 4 1 87
3 13 6 4 1 5 1 2 1 1 13 5 2 1 2 5 2 6 2 3 5 3 3 2 1 41 2 2 6 6 1 1 4 1 16 3 1 27 1 2 1 16 7 6 11 1 2 1 2 4 1 3 16 2 3 7 1 2 4 1 1 8 1 5 3 3 3 1 3 2 1 15 1 1 1 1 8 3 1 3 1 5 1 3 1 8 3 30 1 1 1 1 2 2 1 67 38 3 2 1 1 1 142 3 1 1 2 6 1 3 1 16 2 1 2 1 7 2 2 1 3 4 2 5 7 5 5 1 2 4 2 14 25 2 2 3 1 2 3 1 3 1 1 2 398 2 1 1 1 5 15 2 3 5 2 2 414 3 8 6 2 1 10 1 1 5 3 1 1 3 2 2 3 2 1 1 2 6 1 1 14 1 4 4 2 1 11 1 2 6 101 2 432 3 14 2 1 2 4 9
8 2 58 2 1 14 1 2 8 1 2 5 1 2 2 2 2 4 6 39 7 2 2 1 4 1 1 2 2 3 10 3 4 1 1 1 8 7 1 2 2 1 2 2 8 1 48 23 2 2 1 27 1 7 8 7 6 1 3 2 4 4 1 2 1 1 1 1 1 1 2 1 5 2 3 2 2 2 2 5 2 3 32 2 2 10 155 1 1 1 2 32 1 3 1 4 17 6 1 1 2 2 2 1 2 7 2 7 2 1 5 9 1 1 7 2 3 1 2 2 1 7 8 2 1 2 13 7 102 1 1 4 1 4 1 7 6 8 6 4 2 18 1 11 2 5 2 6 20 3 1 3 8 1 3 6 4 8 1 2 16 2 62 2 1 2 1 4 2 9 2 11 29 2 2 1 1 1 1 3 2 2 3 2 2 7 1 2 1 4 3 2 189 3 1 1 1 1 2 1
3 1 1 3 5 2 6 2 1 1 4 1 1 2 1 2 1 2 2 2 10 1 2 2 1 1 35 3 9 1 2 8 2 1 9 2 1 7 3 3 5 6 1 4 5 2 1 5 1 6 14 1 2 4 1 1 1 5 2 11 1 41 1 3 3 7 4 5 4 4 3 4 14 3 2 25 2 1 1 32 1 19 7 2 3 1 6 3 1 11 1 1 2 2 1 3 4 1 2 3 1 2 2 18 1 6 5 3 2 2 40 2 1 9 2 2 2 10 1 16 1 2 17 6 1 2 1 1 7 27 17 1 1 1 1 1 1 1 2 2 1 1 2 3 2 5 6 2 2 4 8 1 1 1 3 1 1 2 74 1 1 4 2 5 4 4 6 2 1 8 4 1 1 2 3 2 2 1 2 2 2 1 3 1 2 1 13 1 1 5 2 1 1 1 6 5 1 4 2 2
1 3 2 1 2 3 2 3 1 5 1 7 2 21 5 16 1 1 2 4 4 2 2 2 1 1 1 1 1 1 4 1 1 2 49 1 28 17 2 3 1 2 2 1 1 1 2 1 2 1 4 7 2 33 1 1 2 1 8 3 3 1 2 3 2 3 13 3 7 1 2 1 2 1 2 1 2 3 1 1 1 2 3 2 84 1 14 2 3 1 3 5 1 2 2 3 1 1 3 10 2 2 6 1 26 3 2 1 1 8 2 2 2 4 1 1 2 2 1 4 2 1 8 8 2 1 4 3 3 2 1 57 2 2 1 9 4 2 1 4 3 1 2 1 92 4 2 1 2 19 18 6 5 4 1 1 1 1 3 3 2 4 1 2 1 2 4 15 1 1 2 1 2 1 1 3 6 1 2 2 3 1 1 1 1 1 4 2 2 2 3 4 2 1 33 2 2 2 1 2
1 1 1 1 1 1 24 1 1 1 99 13 6 1 1 1 2 2 3 2 2 10 3 4 1 2 22 6 3 1 20 1 2 37 1 2 7 2 1 5 2 3 11 1 3 2 3 3 4 4 2 2 35 5 1 1 1 13 1 1 1 1 1 2 1 1 2 2 2 4 1 9 5 1 3 2 2 2 2 7 5 3 20 1 2 2 3 24 2 11 1 2 2 24 1 2 2 4 1 2 1 1 1 13 1 3 1 3 2 3 1 2 2 1 8 1 1 2 3 1 21 51 2 3 1 9 5 1 2 70 2 12 5 2 2 7 1 2 3 5 1 2 3 2 1 1 2 1 1 1 11 2 5 1 2 4 8 1 2 2 2 11 18 2 4 2 2 2 2 15 6 6 4 2 2 6 1 1 2 3 2 2 2 1 2 2 1 1 2 4 27 1 2 4 4 43 1 2 7 5
3 1 1 3 3 3 1 1 1 1 2 2 2 2 2 13 2 1 2 1 9 2 1 6 1 464 1 2 1 1 171 2 2 2 2 1 13 7 4 1 4 4 5 1 1 419 2 1 2 2 1 8 1 2 1 2 1 1 1 4 2 1 1 1 3 3 33 5 1 4 1 12 2 2 1 1 1 17 3 6 2 2 2 2 1 3 1 6 2 4 1 2 1 1 1 2 31 1 5 2 1 3 7 2 1 1 1 2 3 2 2 2 1 1 6 2 1 1 3 1 3 1 1 1 2 2 1 2 1 2 2 1 1 4 4 3 4 2 1 4 2 1 2 2 1 2 9 2 3 2 7 1 5 2 4 2 11 2 3 1 1 6 2 2 4 3 4 3 3 3 1 3 2 6 2 4 2 2 1 4 7 1 6 1 1 16 2 1 2 1 3 4 2 1 1 12 1 43 1 9
3 4 2 8 1 1 3 2 2 2 1 1 2 18 2 2 9 44 9 2 2 1 38 1 1 3 2 2 4 3 2 3 2 1 1 1 9 1 1 2 4 5 1 1 2 1 1 1 13 1 1 12 1 7 1 3 3 2 6 1 4 2 7 2 5 2 1 72 2 1 1 4 2 1 2 2 2 3 1 2 1 1 2 2 1 6 1 3 2 1 8 2 19 3 1 3 7 4 2 1 1 4 2 4 18 2 2 2 1 1 30 1 2 3 8 1 2 3 2 7 2 1 19 1 3 2 4 1 1 3 3 3 1 3 1 14 13 1 1 1 1 9 2 1 4 1 1 10 1 2 2 3 1 1 1 1 10 2 27 1 1 2 2 3 70 3 1 1 2 1 2 2 2 2 2 2 4 5 2 1 1 11 2 2 5 11 3 6 1 17 3 2 3 3 1 4 15 3 1 5
2 1 2 5 2 1 2 2 2 4 2 1 2 4 14 2 2 1 2 1 2 20 5 2 1 1 2 4 1 23 1 3 4 4 2 1 1 3 1 1 2 1 1 1 1 2 2 1 1 2 1 2 1 2 28 27 1 2 2 1 1 2 2 1 1 1 2 3 2 2 3 3 2 10 6 2 2 3 4 2 2 2 2 13 120 7 12 3 60 2 3 10 5 2 15 2 1 1 2 19 10 1 2 1 2 1 5 2 2 1 1 2 1 4 1 3 1 2 1 2 1 1 1 3 1 2 1 1 2 1 2 1 5 1 2 35 11 3 2 2 14 1 3 5 2 3 3 1 2 3 3 26 1 2 3 174 6 12 13 32 2 2 1 1 1 13 1 1 9 1 1 3 38 10 2 2 2 2 1 37 4 2 2 1 1 2 3 1 1 1 1 3 1 3 1 1 1 1 6 1
7 2 6 2 3 1 7 1 2 2 1 2 4 2 1 10 1 2 2 1 1 6 14 1 2 2 4 4 3 2 1 1 1 2 13 4 2 3 10 1 5 4 1 3 2 17 4 1 1 2 2 3 7 6 1 3 1 4 2 3 3 6 1 26 2 30 1 2 1 1 1 1 1 2 2 6 6 9 1 75 12 26 2 2 1 1 1 3 3 1 1 2 1 3 2 2 6 1 5 2 1 1 2 11 2 7 2 1 2 3 5 4 1 2 2 1 22 2 1 2 2 3 1 9 1 5 1 2 2 13 1 3 2 1 1 4 9 4 1 3 15 6 2 15 3 2 2 2 2 2 5 6 1 1 1 7 2 2 4 1 3 2 2 3 50 1 1 1 1 2 1 8 1 1 1 3 2 1 8 4 7 1 2 2 1 1 3 1 5 1 19 1 1 3 1 6 2 5 1 10
4 1 4 1 1 3 2 4 4 1 2 3 3 2 1 3 3 5 1 2 2 1 2 2 329 2 1 2 2 1 4 1 1 1 1 6 6 2 1 3 2 1 1 19 2 1 1 2 4 1 3 1 4 2 8 1 1 8 7 1 8 88 2 11 3 16 5 1 1 3 1 4 1 1 2 2 2 8 168 264 4 1 33 1 75 1 1 8 1 6 5 2 6 2 5 16 10 2 1 2 1 1 3 6 7 1 4 2 1 2 30 3 1 7 3 3 2 11 5 1 2 2 1 2 7 2 1 1 4 1 1 1 1 2 2 6 2 10 2 21 1 2 1 1 6 2 2 1 3 2 2 1 23 2 1 1 1 2 6 8 173 2 7 1 2 1 1 3 1 2 1 10 6 6 1 1 1 1 1 3 5 22 4 2 3 6 1 1 1 3 2 16 2 2 1 1 1 2 2 1
4 3 1 4 3 4 2 3 13 1 1 2 3 3 2 3 9 2 1 1 1 1 2 2 7 2 2 2 2 22 3 1 2 1 8 6 2 8 1 2 8 1 1 4 2 4 3 4 1 4 5 3 1 1 4 2 35 1 3 2 3 1 3 9 3 56 2 2 77 1 3 3 2 6 2 1 1 2 1 29 1 2 1 1 3 84 1 1 2 4 1 2 2 3 40 1 5 1 3 2 14 1 2 3 2 2 1 1 1 2 2 4 5 1 1 3 3 2 1 2 3 2 1 2 4 2 4 2 13 1 5 1 16 10 5 7 2 2 1 2 2 4 3 2 1 5 5 16 1 1 17 3 2 16 2 2 1 1 2 4 2 1 2 4 1 1 9 2 1 2 4 2 58 9 2 1 5 1 2 2 2 4 1 5 2 1 1 1 1 6 10 5 1 11 1 1 4 1 2 2
3 2 1 6 1 2 1 5 1 7 2 2 3 6 1 1 2 1 2 2 18 9 1 8 1 1 3 6 4 1 2 367 2 1 4 1 1 2 2 3 2 44 3 1 2 1 1 2 1 1 4 2 1 1 8 16 1 1 1 1 1 1 1 1 2 1 2 3 1 2 1 22 1 4 1 3 1 2 2 2 3 2 2 4 2 2 8 2 1 2 2 9 5 18 6 2 4 2 1 1 1 2 1 3 36 2 3 1 2 6 2 2 1 1 3 2 9 1 4 2 2 6 1 1 3 297 2 5 1 23 2 4 2 1 1 2 4 1 1 1 2 1 3 4 1 1 6 2 2 1 2 1 1 3 2 1 4 7 1 7 2 2 3 2 1 3 7 5 1 1 2 1 19 3 1 1 6 8 3 2 1 3 2 4 1 1 2 4 1 3 4 3 1 1 4 2 25 6 4 2
1 4 9 1 3 3 1 1 3 4 2 1 1 9 20 3 1 2 2 3 1 1 1 2 2 1 6 11 2 17 4 2 22 1 3 1 2 2 2 1 2 2 4 10 2 1 2 5 1 2 4 5 2 7 2 1 1 7 5 3 2 3 9 5 3 4 2 1 1 1 6 1 2 3 1 8 2 4 52 2 5 1 4 4 2 2 5 1 1 8 4 2 2 3 3 6 13 3 1 1 2 1 1 13 98 1 7 1 2 2 1 2 1 1 42 1 3 2 10 3 2 1 2 3 1 11 2 5 4 3 6 1 16 2 1 1 3 3 7 2 2 2 2 1 4 6 1 296 1 1 1 1 9 1 1 28 1 1 1 2 5 5 4 2 3 3 1 1 2 3 1 2 3 2 13 6 4 1 1 3 1 2 1 1 2 3 2 2 6 1 2 1 4 8 7 1 1 2 2 2
2 1 1 2 18 1 1 4 2 2 2 6 1 1 8 2 1 1 1 2 1 16 9 2 1 2 1 2 1 1 2 1 8 2 1 1 2 1 5 2 2 18 2 2 2 1 20 1 3 7 1 1 1 3 14 2 7 1 20 1 7 7 13 1 2 1 12 1 1 1 109 60 2 1 1 1 10 4 1 1 2 2 2 2 21 1 3 1 5 2 2 2 2 1 3 3 1 5 1 1 2 2 2 1 12 2 2 1 2 1 2 1 2 2 1 2 2 1 7 3 1 1 2 2 1 6 3 9 1 1 3 2 12 11 3 1 5 8 1 1 1 1 16 2 3 1 7 3 3 1 1 1 23 1 1 1 14 1 2 1 2 1 1 3 1 1 2 1 5 24 1 2 16 1 13 4 3 1 2 2 3 1 4 7 1 1 1 12 1 6 1 1 1 1 9 7 2 5 13 1
1 15 2 1 1 2 7 6 2 1 2 1 1 2 2 2 1 1 1 3 11 2 1 1 2 4 1 1 3 4 50 1 202 107 1 2 6 2 9 1 1 1 2 1 4 12 1 2 2 3 3 2 2 2 91 2 2 3 3 6 2 13 16 4 3 3 2 1 2 1 1 13 1 1 85 2 2 4 12 1 4 1 2 2 5 1 6 3 2 1 18 5 6 17 1 1 2 2 2 8 1 3 1 2 2 3 1 4 1 4 3 3 2 1 2 7 2 2 1 1 4 58 2 1 2 1 6 3 2 8 2 1 1 24 2 3 1 2 3 3 1 1 1 5 2 6 5 3 4 2 5 27 2 1 2 1 2 6 1 4 3 1 5 2 2 5 1 3 2 2 2 2 2 2 1 9 1 1 1 1 1 1 5 1 2 17 2 10 1 1 1 9 1 1 2 1 2 1 2 4
2 2 1 1 1 2 2 7 5 3 1 99 1 5 2 1 2 4 3 7 5 1 1 1 1 1 2 5 2 4 2 1 1 4 2 1 3 21 1 28 1 2 13 3 10 1 1 4 4 29 1 2 6 2 1 1 6 4 2 14 2 1 2 7 3 5 8 1 4 3 13 1 3 1 1 2 16 1 3 5 2 7 10 2 1 5 2 2 3 167 4 1 35 1 9 1 1 3 3 1 2 2 3 29 3 1 3 16 6 1 7 1 1 2 1 2 1 1 2 2 7 2 1 1 3 3 1 3 4 1 2 3 2 3 2 1 1 2 1 2 1 2 4 3 1 1 2 1 2 5 3 1 1 3 2 7 2 1 4 1 213 2 2 1 1 2 2 2 1 4 4 208 5 2 2 1 1 1 1 3 21 11 1 2 1 1 2 3 2 2 1 2 2 14 8 8 2 3 5 10
2 2 1 1 2 1 2 2 12 1 46 1 2 1 8 15 1 2 7 4 1 5 2 1 3 2 2 7 4 1 1 1 2 1 12 1 1 2 4 2 2 2 2 2 4 1 3 1 1 2 1 2 2 1 8 1 2 4 4 1 2 1 1 6 1 5 2 2 1 2 8 1 6 18 1 3 5 2 2 3 7 4 1 1 1 5 3 8 1 1 2 191 1 1 1 10 2 3 2 1 1 5 3 2 2 2 1 1 2 2 2 1 2 1 2 7 2 2 2 4 2 3 2 3 16 1 18 1 3 2 7 2 1 1 6 3 2 1 3 1 4 4 2 2 2 3 6 5 2 6 8 2 1 5 1 3 1 3 1 1 30 1 1 2 6 1 11 2 2 1 2 2 1 34 5 15 1 10 1 2 8 1 4 1 2 2 8 1 4 2 2 1 1 2 5 4 1 3 3 1
44 10 21 3 6 11 4 2 5 4 1 1 1 4 2 2 1 6 1 2 74 1 2 159 5 35 3 6 1 97 1 1 2 5 1 8 2 1 1 4 1 26 3 2 1 1 4 14 2 1 10 3 3 4 6 2 1 4 5 1 1 2 2 2 24 1 4 1 1 3 2 2 1 1 31 1 2 4 3 2 2 1 1 1 2 3 2 2 2 2 3 5 1 1 1 1 7 1 7 4 2 2 3 2 1 4 17 1 1 3 2 2 22 3 2 13 72 3 4 1 2 5 2 2 1 1 206 1 25 2 1 3 1 12 6 2 6 34 2 1 1 1 3 2 7 2 5 7 2 1 7 1 1 31 3 2 28 1 25 3 3 8 2 1 1 1 1 2 76 2 2 1 2 7 24 1 1 2 1 4 2 2 2 2 1 3 1 3 1 6 13 1 1 1 125 14 2 8 2 5
1 1 3 3 1 1 2 2 4 2 2 3 2 2 1 2 1 1 2 2 3 1 1 1 1 1 8 1 2 2 3 3 1 1 6 4 2 1 2 3 2 22 1 1 4 3 1 1 2 2 1 1 1 1 2 2 2 13 2 2 1 1 6 1 1 2 2 2 12 2 2 2 2 2 1 2 1 2 2 1 1 1 5 4 3 3 1 1 10 5 1 1 12 1 2 2 6 5 3 3 1 1 1 3 2 3 4 2 6 2 3 1 2 6 2 2 1 2 17 93 2 5 1 2 1 3 2 1 1 2 1 2 3 52 4 2 3 11 1 2 2 2 3 2 3 75 2 23 4 1 1 2 3 1 7 2 2 2 8 2 109 2 1 1 1 1 2 3 1 2 1 1 40 1 2 2 2 4 3 1 1 2 2 1 1 1 13 5 3 1 3 1 1 3 4 2 1 1 13 2
456 1 3 3 19 2 1 2 6 3 3 1 3 1 4 1 3 2 1 1 9 2 2 2 1 1 1 2 1 2 2 2 3 1 6 1 2 1 2 1 1 5 2 5 1 2 1 1 2 5 97 1 2 1 3 1 1 1 1 2 1 23 1 2 2 2 2 1 2 14 7 1 3 3 8 1 1 1 4 1 1 7 8 5 1 1 2 2 2 52 1 1 1 1 3 1 3 1 3 1 3 2 2 3 5 2 3 1 1 3 2 9 2 3 3 4 24 5 1 5 4 4 2 1 1 2 8 2 1 1 3 8 2 3 6 4 2 194 2 5 1 1 1 3 6 2 5 1 2 11 2 2 6 32 2 2 1 1 1 2 1 1 2 297 3 1 4 7 15 3 2 1 1 22 6 5 1 2 2 6 1 1 3 2 1 29 1 1 46 2 3 3 1 3 1 1 2 6 2 2
3 1 2 3 2 2 1 4 7 1 42 1 2 5 3 1 2 2 3 18 2 2 1 94 1 4 1 1 12 8 2 2 20 4 1 2 48 6 5 2 1 3 3 13 1 2 2 2 3 2 14 2 1 2 1 1 2 1 2 1 1 1 1 3 3 3 2 2 3 6 1 6 31 2 6 8 1 1 1 43 1 2 3 1 7 1 2 15 2 3 1 2 1 4 14 1 4 1 39 2 5 1 2 2 2 1 3 2 1 2 4 1 30 2 2 5 2 239 2 4 2 7 3 7 8 14 1 1 4 5 1 2 2 2 3 1 3 1 2 5 2 1 1 2 1 2 2 8 3 2 2 2 3 2 1 5 1 1 3 2 2 4 5 2 2 1 1 10 14 1 2 10 3 2 2 2 3 4 7 9 2 2 3 73 1 1 21 3 3 1 1 4 3 1 16 1 8 1 1 1
2 3 3 8 1 4 2 2 3 1 2 1 1 2 1 5 1 1 5 4 4 1 2 2 27 1 55 4 1 1 4 3 1 48 1 5 4 2 5 29 2 2 7 5 5 5 1 1 3 6 1 1 2 1 1 5 2 1 6 2 9 2 15 3 1 2 1 7 1 2 1 3 3 8 4 7 1 12 3 2 1 2 229 2 2 14 2 1 1 192 1 3 2 14 7 1 4 2 5 1 2 18 2 10 7 8 1 1 1 2 1 1 2 1 1 4 2 17 2 7 3 2 1 38 1 2 1 20 5 3 1 57 4 1 2 6 1 1 3 2 1 7 4 4 7 21 7 2 2 1 38 1 4 4 2 4 2 1 10 1 2 3 1 2 6 2 2 2 3 3 2 3 1 2 14 4 24 3 2 3 11 1 19 2 7 2 3 12 3 1 6 1 6 1 2 1 1 4 6 1
1 1 1 1 1 1 2 2 2 20 1 2 1 1 3 2 2 3 8 14 3 1 2 1 2 48 6 1 12 6 1 3 1 2 1 2 3 2 2 3 91 2 2 2 1 2 1 3 2 3 8 1 1 1 2 2 1 2 7 1 127 1 2 36 1 2 7 1 2 1 1 25 38 4 2 1 1 5 1 3 2 2 55 3 6 1 3 3 2 5 2 2 9 27 1 8 37 4 2 3 4 2 1 1 17 1 3 6 1 3 1 1 2 3 2 2 1 3 1 1 95 2 4 1 8 3 1 6 8 1 4 1 2 3 42 1 2 30 6 2 1 16 3 2 1 10 19 3 1 1 2 6 1 1 2 2 1 3 1 1 4 5 1 4 1 1 1 4 3 2 2 1 2 1 3 1 4 3 4 2 2 3 2 2 1 2 2 2 1 1 1 53 17 2 2 2 2 2 20 32
1 1 4 5 1 2 1 1 20 1 1 1 7 1 2 2 2 2 2 1 1 2 2 1 17 4 2 2 22 3 2 1 1 10 2 6 2 1 1 2 1 4 6 7 2 2 33 2 169 2 1 2 10 9 3 3 4 7 1 2 5 8 4 1 5 2 1 2 2 4 3 3 1 37 1 1 2 1 5 13 1 3 3 1 1 13 7 4 6 1 11 1 3 4 1 67 1 9 2 3 3 6 1 2 2 1 2 1 2 2 1 2 2 6 1 1 1 2 2 2 2 7 1 4 1 2 323 1 1 1 265 9 1 2 1 2 1 3 2 2 1 13 1 3 2 4 1 4 13 1 1 1 1 13 8 1 2 1 16 1 2 1 1 2 2 2 1 5 3 7 1 12 4 2 1 1 7 1 2 2 1 17 1 1 2 5 5 1 1 8 1 2 1 4 2 1 5 13 1 2
2 2 1 2 49 3 1 3 4 1 4 7 2 7 1 1 2 9 4 1 25 1 8 66 1 12 2 1 2 2 1 1 2 2 3 1 30 1 2 6 1 14 1 3 6 2 19 2 3 102 1 2 2 5 6 1 3 3 1 1 1 19 1 2 1 2 2 1 1 2 3 2 58 1 2 10 8 1 7 2 2 2 11 1 9 10 6 1 1 9 5 3 3 3 1 4 6 2 1 7 2 1 2 1 60 2 1 3 63 3 5 1 1 3 2 1 1 8 2 2 2 1 1 3 4 7 1 6 16 1 2 2 1 3 1 1 1 1 1 13 3 1 1 1 6 3 7 1 7 1 44 1 9 4 4 1 1 1 2 5 7 3 7 3 2 1 3 2 4 1 1 2 20 9 1 3 3 2 3 1 2 2 2 1 2 43 1 8 8 8 2 1 9 1 14 2 1 1 2 3
2 1 29 4 1 3 1 17 7 4 3 1 1 3 25 3 1 1 6 6 23 2 1 2 3 1 1 1 1 10 1 1 11 2 62 1 2 13 2 2 2 3 1 1 3 5 6 5 1 1 4 17 2 1 17 2 2 2 2 3 1 1 2 2 2 3 4 27 3 3 3 64 1 11 3 1 3 1 1 2 1 4 2 5 1 2 1 13 3 3 8 1 4 2 2 6 1 2 15 2 2 2 1 1 4 2 3 2 1 6 2 3 4 2 1 2 7 1 2 2 10 5 1 1 27 3 3 2 1 15 7 2 2 3 4 7 2 1 1 11 42 1 2 5 4 33 3 2 2 2 2 1 1 1 2 1 1 5 5 1 8 2 2 1 1 1 1 8 2 1 1 3 17 2 19 2 18 1 4 3 1 3 2 10 1 2 2 3 1 2 6 1 4 4 1 2 1 2 9 1
2 2 1 2 2 9 2 3 1 1 2 2 13 2 5 15 1 1 14 26 8 3 5 1 1 2 3 1 1 1 1 4 13 4 3 10 2 1 2 2 2 11 10 2 1 2 3 1 2 1 29 1 1 2 1 13 2 2 1 40 2 5 6 2 1 1 2 8 1 2 3 1 2 4 1 11 3 1 1 2 110 8 6 2 7 7 12 5 7 3 7 3 5 3 3 3 1 2 5 31 5 2 3 17 2 1 8 4 4 2 3 6 2 12 2 1 2 5 2 3 1 1 1 2 1 1 1 2 3 20 3 24 1 4 1 1 6 1 1 2 1 1 1 2 1 31 1 1 1 2 4 1 3 58 1 1 2 2 9 3 2 8 1 1 2 2 2 1 3 5 2 2 1 17 1 9 4 7 1 1 2 2 1 1 3 51 1 1 1 1 1 1 2 1 2 4 4 2 1 1
2 1 3 5 1 2 2 1 2 1 3 1 2 1 1 2 4 1 1 1 1 2 1 4 1 1 8 21 2 2 3 2 11 15 3 4 5 2 2 2 1 1 10 3 13 1 43 7 3 12 1 4 1 1 1 3 3 1 1 1 1 2 3 1 1 2 4 3 1 1 2 2 3 2 1 14 3 1 2 5 7 1 2 1 1 1 41 53 4 1 1 1 1 7 12 1 1 43 1 1 2 38 2 2 1 1 1 2 3 4 5 5 1 1 1 6 3 1 2 3 2 2 5 1 1 6 13 1 2 2 1 1 2 1 3 3 26 4 1 1 1 9 10 7 10 1 2 1 2 1 1 2 5 2 15 4 1 2 2 2 1 1 17 2 11 2 1 1 34 4 3 1 4 1 1 2 3 4 2 3 19 1 1 1 1 4 3 16 15 20 3 28 1 3 3 10 1 1 7 1
14 2 2 1 1 8 1 3 2 2 1 2 4 2 1 2 2 3 2 2 2 10 11 2 3 1 1 1 6 2 27 1 2 6 11 61 1 1 2 2 2 2 4 6 14 3 2 17 5 1 2 1 1 8 3 1 3 1 5 3 1 2 2 3 5 3 4 2 3 2 1 1 8 2 2 1 1 36 94 1 1 3 8 12 3 5 2 7 8 2 1 2 2 1 3 2 2 2 1 1 3 1 2 1 2 1 2 3 1 3 2 1 1 1 2 3 2 2 11 1 1 1 2 28 1 2 7 5 2 26 3 7 1 7 3 2 1 2 1 1 2 2 1 3 4 7 3 20 3 4 1 2 1 19 4 2 2 1 2 1 1 1 3 1 8 2 4 1 2 2 1 1 8 1 1 1 121 27 2 7 3 1 3 2 1 1 9 10 6 254 1 3 6 2 2 3 23 5 37 1
3 1 2 5 13 2 2 18 1 1 3 2 1 3 2 4 1 1 1 2 4 3 2 8 3 1 1 1 3 2 2 1 1 6 2 3 14 2 1 28 2 1 1 4 2 4 3 1 9 43 2 4 1 2 2 6 9 13 1 16 8 12 1 2 29 1 2 2 4 1 1 2 1 15 11 4 1 2 2 2 1 1 2 33 2 3 2 4 1 35 20 3 1 6 9 3 6 4 3 1 1 2 3 2 1 4 2 1 1 1 1 5 1 3 11 1 2 2 2 1 1 14 1 1 9 5 67 1 2 16 1 3 1 1 1 12 2 1 3 1 1 1 4 4 5 3 1 3 2 4 3 1 1 1 2 9 4 1 2 1 1 2 2 2 2 2 1 4 2 3 4 4 1 4 1 18 1 3 9 2 11 1 1 5 9 1 4 74 3 13 1 2 1 3 1 1 3 9 1 1
11 4 2 1 1 5 4 1 1 5 3 1 14 4 2 105 2 7 2 4 2 1 1 2 14 3 1 4 2 1 2 5 1 2 7 2 4 1 1 7 1 6 1 3 2 2 1 6 4 1 1 4 2 1 1 1 1 2 2 2 8 5 1 3 5 1 1 2 2 2 2 1 4 4 3 4 1 1 1 1 5 2 9 9 3 1 6 2 1 24 1 2 1 3 1 5 45 3 2 2 120 3 4 1 18 1 1 1 2 1 2 1 3 2 10 2 3 20 2 2 3 3 4 44 1 7 6 6 4 1 1 3 1 8 8 3 3 21 3 6 1 4 9 1 25 7 1 1 4 1 1 2 2 1 1 3 5 13 2 2 2 3 154 1 2 1 2 2 1 2 2 1 2 1 1 1 1 1 1 85 3 9 1 2 4 1 2 3 1 6 4 6 1 2 1 1 2 13 1 4
2 5 1 2 4 134 7 4 2 24 6 2 1 1 1 4 8 6 4 1 2 3 11 3 1 2 3 1 6 18 17 2 1 40 1 2 3 1 1 2 1 3 1 1 5 5 2 1 3 17 4 4 4 2 1 1 23 2 2 2 1 2 3 3 2 5 5 3 40 2 2 1 5 1 2 77 17 1 1 2 3 3 1 8 7 2 3 5 1 1 2 1 2 3 3 2 6 11 3 16 10 2 2 2 127 1 1 1 1 2 2 1 5 2 5 5 2 2 2 1 4 1 2 3 1 2 4 3 2 1 1 1 3 2 2 5 1 1 2 2 5 1 1 4 5 8 1 3 5 1 1 4 8 3 1 3 3 1 10 2 2 36 1 1 2 1 2 1 1 3 7 3 2 1 1 1 1 11 1 1 4 1 1 6 3 1 8 2 2 5 3 2 14 2 2 6 2 2 9 13
11 3 11 1 2 1 2 3 1 68 21 3 11 1 2 9 2 2 2 2 3 1 31 1 2 2 3 3 2 4 1 1 1 2 2 1 8 1 1 10 3 4 1 2 3 1 13 2 5 1 23 1 2 1 1 2 2 1 2 2 2 2 2 4 1 2 8 1 2 1 2 1 51 1 2 2 24 8 3 12 5 1 3 2 9 3 2 2 2 1 1 9 6 2 3 1 15 3 5 1 2 1 1 1 2 5 12 2 3 1 1 5 1 1 3 2 2 1 1 1 2 1 2 1 1 5 10 26 1 2 1 3 2 1 1 2 1 2 1 8 2 1 4 8 1 2 161 7 8 281 7 2 2 3 1 16 1 7 2 3 2 3 6 3 1 2 2 3 1 1 2 17 1 15 1 5 5 3 2 1 3 1 1 3 1 7 7 4 12 2 2 2 2 4 1 2 1 5 1 12
2 58 22 2 5 2 1 2 1 6 5 1 2 1 18 1 1 2 3 2 2 11 2 1 5 19 53 7 3 1 2 1 1 1 3 2 2 1 4 3 1 2 7 1 2 1 1 5 2 5 1 6 2 1 2 1 1 24 1 6 1 3 2 1 8 1 1 4 3 2 2 45 2 3 1 1 3 2 4 1 2 1 2 5 1 1 3 3 2 4 4 9 9 1 300 2 2 2 8 2 2 8 2 2 18 3 7 9 1 3 11 65 1 3 3 1 1 12 1 3 1 7 11 1 2 2 2 3 1 2 1 2 2 1 18 2 14 1 4 2 81 2 2 3 2 1 4 2 1 7 2 3 3 88 2 2 1 3 2 8 2 3 29 1 2 19 1 1 2 1 17 1 4 1 7 1 3 1 6 1 3 3 1 7 5 1 1 1 1 8 1 1 2 169 1 2 9 2 1 3
1 1 27 1 2 39 2 1 12 3 2 13 1 2 2 1 1 2 3 1 6 2 2 3 121 4 3 2 1 5 1 1 5 11 12 2 2 141 2 3 1 1 1 2 3 5 1 1 5 4 3 2 2 2 7 4 2 5 5 3 4 8 1 1 1 15 1 161 1 2 2 2 76 2 1 12 3 1 8 7 12 4 1 3 10 7 1 2 2 2 2 4 1 4 1 1 3 24 1 2 1 2 7 2 2 2 9 3 11 2 2 1 1 3 1 3 1 1 1 1 4 2 1 129 1 2 2 3 1 1 3 1 22 3 6 1 3 1 1 2 2 3 7 90 2 1 207 2 1 17 2 1 3 3 1 1 1 10 1 3 1 1 1 1 3 3 5 2 3 1 2 8 1 2 41 1 7 2 1 1 2 2 2 3 1 2 3 3 1 2 2 3 3 4 4 2 32 2 3 3
1 3 1 29 8 1 1 6 17 1 2 2 1 1 3 3 30 2 3 3 1 1 2 1 2 2 1 1 1 1 1 2 4 2 10 1 1 2 2 1 3 13 2 16 2 1 5 2 3 1 1 1 1 7 1 4 3 1 1 1 11 5 2 1 22 6 1 3 3 1 1 4 2 4 12 2 3 4 2 8 2 1 9 1 1 1 1 2 4 2 4 4 1 2 3 2 2 1 2 7 1 2 1 2 5 7 2 4 1 3 1 6 7 4 1 4 2 11 1 3 1 12 1 1 2 2 5 1 1 2 3 3 1 2 3 2 3 2 1 1 6 1 9 2 2 2 1 2 1 7 3 10 2 16 1 2 10 4 6 1 2 2 2 1 2 2 2 34 1 47 1 3 2 3 2 3 5 2 2 1 1 6 2 6 1 8 3 55 2 3 2 4 3 2 1 6 25 1 6 31
1 1 1 9 2 1 2 1 2 2 1 1 2 2 1 2 2 8 2 8 3 1 4 1 1 17 2 1 1 1 4 1 1 2 1 1 23 1 1 2 1 2 1 2 1 1 3 3 2 4 2 1 10 1 5 1 3 1 2 1 8 3 3 3 2 1 4 2 2 11 73 3 4 1 5 1 5 1 1 1 1 2 6 2 1 8 8 1 1 1 5 48 30 2 1 4 3 2 2 45 2 62 3 3 2 1 28 8 3 2 1 1 2 1 1 1 2 2 1 3 8 1 1 1 1 3 3 1 5 9 13 6 20 2 1 2 2 1 1 5 4 1 3 2 1 67 2 4 1 1 4 3 1 3 1 8 3 1 1 2 3 4 1 2 1 5 1 1 6 2 1 1 1 4 1 3 1 3 1 5 5 5 1 1 1 1 2 1 135 1 1 1 4 18 1 7 1 18 2 1
18 1 12 2 1 3 177 1 15 2 2 5 2 2 7 4 2 2 1 2 1 1 4 1 2 1 2 1 1 20 1 1 1 1 1 15 2 1 3 1 33 2 1 5 3 2 1 2 19 1 2 1 1 3 1 1 5 3 5 2 2 3 2 1 1 7 1 4 5 11 2 21 1 1 3 2 2 2 7 19 7 2 1 1 1 1 2 1 6 2 29 1 2 1 2 3 3 1 2 1 17 2 1 4 1 4 1 1 2 1 3 8 1 1 2 10 2 1 1 254 6 2 2 6 6 2 1 12 1 2 1 8 2 4 1 1 2 4 7 4 1 3 2 2 158 1 29 1 9 1 4 1 1 3 1 2 2 1 2 3 3 3 2 1 1 4 2 2 1 5 7 1 2 3 2 1 11 3 1 3 10 1 4 2 1 1 3 1 3 2 2 2 1 1 8 2 3 3 5 4
9 2 1 1 13 1 2 3 2 1 2 2 6 3 3 1 1 2 4 1 2 1 4 40 2 2 13 2 3 3 3 2 1 10 1 4 2 35 6 2 2 2 8 2 1 2 5 5 1 5 2 1 2 8 3 1 5 2 4 4 2 1 3 2 2 1 292 2 1 7 2 3 18 1 2 2 1 1 2 1 9 1 1 1 1 2 20 25 2 2 8 2 1 1 1 8 2 1 4 1 1 6 2 4 2 8 1 4 3 17 1 1 1 1 1 8 1 6 5 1 13 7 1 1 1 2 1 4 3 3 9 3 1 1 3 12 2 63 3 2 2 2 4 2 2 4 8 1 1 1 3 1 13 1 1 2 4 2 2 1 14 3 1 2 1 2 18 2 3 3 6 4 6 2 2 47 2 1 1 53 2 2 3 3 1 6 9 7 1 1 5 2 12 1 2 2 4 2 2 1
2 70 27 2 7 3 4 1 7 2 7 1 2 3 30 3 2 1 2 3 1 1 1 1 2 24 2 2 1 2 2 3 6 2 2 3 2 10 2 1 1 12 3 86 11 1 7 1 6 2 2 1 1 1 2 2 2 2 14 2 3 18 1 2 5 7 5 1 2 3 9 2 9 26 14 3 1 1 1 2 3 2 1 5 5 6 2 1 2 1 1 2 4 1 12 8 1 2 1 1 1 1 4 12 6 2 8 1 3 1 1 1 1 1 7 1 2 1 26 2 1 2 6 1 1 2 1 1 5 4 2 4 1 1 1 1 5 2 2 1 1 3 1 1 2 1 2 13 2 1 1 217 1 2 4 1 2 15 27 1 4 3 1 1 2 1 1 2 2 3 2 1 2 4 2 2 2 1 2 2 10 4 4 1 2 1 3 6 3 3 1 5 6 16 1 9 4 2 2 37
1 24 3 14 4 2 3 1 6 5 7 2 1 3 1 5 1 1 1 1 1 4 1 34 30 2 1 3 2 2 1 10 1 2 2 2 1 7 4 2 3 1 1 1 3 2 2 2 2 4 25 2 2 1 1 3 4 62 1 2 1 5 3 2 6 10 4 20 2 5 1 24 3 3 4 2 6 10 7 1 5 1 4 8 1 1 1 1 2 1 1 11 3 1 1 2 1 2 2 2 4 2 1 1 1 8 3 6 4 1 1 1 1 2 2 31 1 1 8 2 1 1 1 12 6 6 19 69 2 17 2 2 2 3 3 1 2 3 2 3 1 4 1 2 1 47 19 1 3 4 2 2 5 15 17 3 2 13 1 3 3 1 3 2 4 2 4 2 5 4 2 5 4 1 9 3 10 1 1 10 1 2 4 1 3 5 1 13 9 4 8 122 7 1 15 2 8 2 3 1
9 5 1 58 2 1 1 16 1 1 4 3 1 4 1 1 2 1 6 4 1 3 5 3 8 2 7 1 4 6 2 1 1 1 1 2 1 2 1 4 1 6 3 5 3 2 1 2 1 2 7 12 4 17 2 2 9 2 2 18 4 2 1 3 2 1 1 3 1 4 11 1 1 1 5 1 1 1 79 9 2 46 44 1 6 2 2 4 1 4 1 1 23 3 4 1 3 3 6 1 1 5 4 1 1 8 2 4 2 3 9 1 2 3 7 1 1 2 2 6 3 2 5 2 1 2 5 1 3 1 2 2 8 2 1 1 1 49 1 2 1 1 2 1 63 2 5 10 3 2 3 1 1 5 2 1 2 6 1 2 2 2 1 2 2 1 2 3 1 5 2 7 1 4 1 9 2 1 6 2 1 2 2 2 2 14 1 5 5 3 4 1 6 35 2 1 1 4 2 24
32 2 4 3 1 1 14 2 2 9 1 2 1 1 9 3 9 1 1 2 1 5 9 10 1 4 6 2 1 1 2 5 10 1 2 5 1 6 3 2 2 1 1 18 1 2 6 3 2 9 4 1 4 2 1 2 3 1 1 1 1 1 1 2 5 1 1 1 2 11 3 4 3 9 1 8 2 1 2 1 15 2 2 2 1 1 10 2 2 4 2 1 3 48 1 2 2 2 2 2 5 6 1 2 4 7 2 2 4 1 2 2 1 2 3 1 2 90 5 2 4 2 2 2 2 7 4 2 11 2 4 2 2 2 1 1 1 2 5 2 5 6 2 1 1 3 21 4 1 1 2 30 3 3 1 1 2 2 2 1 2 1 3 2 3 4 3 3 5 6 4 1 3 1 5 2 2 23 8 3 3 1 1 1 2 1 2 4 3 1 15 1 1 4 2 2 1 1 2 24
7 2 3 2 4 238 1 2 3 1 49 3 1 4 2 1 5 9 3 2 10 20 150 5 2 1 1 1 1 3 27 1 9 3 1 3 1 4 1 1 3 3 5 2 1 17 3 2 1 6 4 6 5 5 1 2 1 2 7 2 2 2 1 23 12 1 2 5 2 1 2 12 53 2 1 4 6 3 5 3 1 3 4 16 1 1 2 2 7 2 1 1 2 2 4 3 3 1 14 1 4 1 9 3 3 2 2 5 2 2 1 1 1 2 10 3 5 20 1 1 1 1 2 1 2 2 1 5 2 1 2 2 1 1 16 3 1 1 1 2 2 1 1 1 1 1 1 5 2 10 2 23 3 1 2 42 10 14 2 1 2 1 5 1 7 3 1 2 2 2 2 4 3 2 7 1 133 1 1 3 3 3 2 1 2 5 4 3 3 2 2 45 1 9 1 3 2 2 5 8
11 1 1 1 2 2 1 1 2 5 2 2 13 3 1 4 1 3 1 2 2 1 1 8 2 78 6 10 2 29 3 3 1 19 30 1 3 18 2 2 2 2 5 1 4 1 6 3 2 2 6 365 2 3 1 2 3 1 5 2 6 2 2 2 2 3 2 2 1 2 3 17 1 2 5 5 1 1 4 26 8 1 1 1 1 7 3 2 6 3 1 1 2 6 4 2 1 3 1 53 3 3 4 1 18 1 1 11 3 1 1 4 4 3 2 19 2 1 3 3 1 2 2 1 7 1 14 2 25 3 5 6 1 3 6 1 8 1 1 2 4 2 16 2 13 2 2 1 2 1 8 14 1 1 3 1 2 1 4 2 10 1 6 3 1 4 1 1 2 25 2 2 1 3 4 2 2 3 2 1 7 2 6 3 8 1 1 2 2 10 2 1 1 2 1 6 2 21 7 2
1 5 4 1 6 10 1 1 2 1 6 1 12 2 3 6 2 2 3 23 1 4 4 1 2 1 2 1 2 2 2 6 5 13 1 5 12 2 3 19 1 4 2 2 3 1 34 3 1 3 11 1 14 28 3 1 8 2 4 3 87 24 2 2 1 1 23 3 11 1 32 1 3 6 3 1 1 1 12 2 3 3 1 2 1 2 3 95 4 6 3 5 14 1 1 24 1 4 1 16 4 1 4 1 7 3 5 1 10 1 1 1 3 1 2 2 2 3 1 1 1 2 1 1 2 2 5 3 11 2 11 4 2 27 2 6 2 7 1 2 2 2 3 3 1 2 1 1 30 2 6 1 5 2 4 3 9 3 2 13 1 3 4 4 2 9 3 1 6 3 2 3 3 41 1 1 2 3 1 1 19 7 1 2 2 2 1 2 1 3 2 4 289 3 1 1 2 2 9 1
1 3 1 2 2 1 3 1 2 1 5 22 6 2 1 5 1 2 1 1 2 2 1 2 8 1 2 8 3 2 3 3 8 9 1 3 3 2 5 1 2 5 2 2 1 2 3 1 1 1 4 6 1 2 1 9 2 4 1 1 3 2 3 3 2 1 6 8 4 6 1 4 1 3 1 1 6 1 18 1 1 9 1 1 1 5 1 3 5 14 2 145 8 96 3 1 3 2 1 3 1 1 11 2 1 1 13 1 1 1 7 11 3 8 7 2 2 1 11 11 1 1 4 9 3 2 2 1 2 21 5 10 2 1 2 6 1 1 1 3 2 3 1 8 2 1 1 1 2 2 1 2 2 1 1 6 5 1 2 1 2 10 1 2 1 1 2 2 5 5 28 6 6 4 2 1 2 2 2 8 5 6 14 2 2 1 7 1 3 2 2 1 1 2 4 9 2 4 1 1
1 1 1 2 4 1 2 2 5 2 2 3 4 1 2 1 4 6 1 2 3 9 2 36 2 2 1 2 5 2 2 2 2 6 2 8 1 13 1 3 2 2 3 1 1 2 2 3 2 3 2 1 1 2 3 4 2 1 1 2 1 1 2 3 2 2 6 1 4 1 2 9 5 5 2 34 4 5 3 3 1 1 2 1 1 15 8 4 5 1 7 2 1 2 1 2 2 1 2 9 5 3 2 1 1 10 34 4 2 11 1 11 14 5 1 1 1 3 2 13 1 3 1 4 3 2 1 1 2 1 4 2 1 8 23 4 2 2 2 1 17 4 1 47 8 1 2 2 2 1 1 2 1 3 4 2 10 2 2 6 2 3 147 2 1 20 5 1 33 2 12 2 1 73 3 3 1 1 2 5 1 2 5 1 1 3 1 5 6 1 22 1 2 3 2 2 1 1 2 2
6 6 3 13 36 2 4 1 1 2 2 1 1 3 2 2 1 1 2 14 2 3 3 6 2 1 1 2 2 1 4 1 1 1 1 3 5 9 2 2 2 1 78 2 19 16 2 4 10 5 9 32 7 11 2 17 2 3 3 2 4 2 2 1 1 1 1 2 2 14 1 3 2 1 1 6 2 2 2 2 1 2 2 2 1 2 9 6 2 1 2 29 29 1 2 7 2 2 3 6 3 7 2 1 1 3 59 2 3 1 1 1 5 2 1 1 3 6 2 1 1 1 2 8 7 1 2 2 1 1 3 3 40 7 1 5 2 3 1 1 12 4 1 10 12 1 114 5 2 3 3 2 258 1 44 2 3 3 1 2 37 2 2 1 2 1 21 2 1 5 1 3 2 3 2 2 2 1 2 1 3 3 2 1 2 2 2 2 1 1 6 2 2 4 2 17 2 1 1 1
1 7 2 1 3 1 1 10 2 27 3 1 2 1 2 287 2 1 1 3 1 1 3 11 12 3 1 2 1 3 3 2 6 1 1 2 2 1 1 2 2 1 11 6 13 4 1 22 1 1 1 1 1 3 1 11 1 11 7 1 8 5 2 1 11 3 2 1 2 15 6 1 2 2 4 2 1 2 50 3 3 1 1 4 4 5 2 2 3 3 2 3 3 2 2 4 21 1 4 2 1 1 1 3 3 6 4 1 3 1 21 3 2 4 2 3 2 1 1 1 13 1 100 63 2 2 8 2 1 6 7 2 12 4 5 1 2 3 2 1 2 3 1 1 1 8 7 8 6 7 5 5 5 3 2 2 1 6 5 5 3 1 1 3 5 1 8 26 4 14 4 14 3 3 2 9 2 2 1 1 1 1 1 4 1 4 5 3 2 1 1 1 1 1 2 2 9 1 1 1
22 28 2 1 1 6 4 16 2 1 13 27 5 4 1 5 3 1 14 3 1 1 25 2 3 2 1 1 2 2 1 323 1 5 4 32 3 1 2 2 1 3 2 2 1 4 29 1 3 2 2 25 2 2 2 1 4 8 1 1 3 1 30 39 2 4 4 40 1 8 5 6 1 2 15 2 2 3 1 2 4 2 5 1 19 2 5 3 1 1 1 1 1 2 39 7 2 4 7 1 1 3 2 5 2 1 6 1 9 8 3 10 3 1 1 1 2 1 1 42 4 2 227 1 4 2 5 3 2 2 1 2 11 1 5 5 3 1 10 2 3 2 1 1 3 1 15 1 2 21 1 4 4 28 2 1 1 2 2 1 6 2 4 2 2 3 1 127 1 1 2 4 2 8 6 1 3 14 6 1 3 1 2 1 1 2 1 2 1 2 4 9 1 2 10 4 1 1 1 2
4 1 5 1 2 1 2 6 10 17 2 1 5 1 3 1 3 6 1 4 2 1 1 2 6 1 2 11 1 5 11 1 1 2 3 1 3 4 1 3 16 1 9 1 1 2 10 3 7 3 3 3 1 1 2 2 2 1 4 1 1 4 2 1 7 11 1 4 1 6 6 2 1 4 2 2 5 2 1 1 5 1 2 1 1 2 8 1 24 2 4 3 1 1 1 23 2 1 2 2 28 3 1 3 1 1 3 4 2 195 1 1 1 3 1 1 2 4 1 1 1 1 2 2 2 5 1 1 2 43 3 5 1 5 1 1 1 1 16 1 7 1 2 165 2 2 6 1 3 3 1 9 6 7 3 2 1 1 3 3 3 1 1 2 5 4 2 2 13 1 1 3 1 2 25 5 1 1 5 2 2 3 2 4 2 3 1 3 1 2 9 2 5 1 1 3 2 3 22 3
2 7 1 1 2 4 1 1 3 2 2 5 3 2 1 4 1 3 2 2 1 2 5 1 1 6 1 2 1 10 2 2 1 4 2 9 2 2 1 1 1 3 2 92 7 2 4 3 1 1 3 12 7 8 45 2 1 1 2 1 9 1 2 1 1 6 2 4 1 3 4 6 1 8 6 4 6 1 2 2 2 2 2 4 1 15 2 1 1 3 1 2 1 28 1 2 9 13 3 10 11 2 1 2 1 1 1 1 1 1 1 1 2 5 2 1 1 2 1 4 2 2 14 30 3 5 43 4 403 1 1 8 2 1 3 2 5 36 56 12 2 1 2 2 7 1 1 3 1 2 3 7 2 16 2 2 8 11 2 3 4 1 1 1 1 1 1 7 1 2 3 6 1 1 14 1 2 3 2 3 1 1 5 1 1 3 34 3 2 2 33 2 1 1 1 1 1 4 4 7
3 1 3 2 1 2 19 1 7 1 8 2 2 40 1 6 1 8 1 2 5 1 6 1 2 2 14 27 1 1 1 1 1 3 1 1 1 2 1 1 3 3 2 9 4 2 5 1 1 12 1 1 24 1 18 1 6 12 2 13 5 2 4 2 6 22 29 2 3 3 4 1 1 3 7 2 2 2 1 3 5 1 1 4 2 1 2 3 1 24 2 1 2 3 1 1 3 1 8 2 4 4 2 1 2 1 1 4 2 1 1 7 3 4 3 3 3 10 2 1 1 19 2 2 3 1 1 1 3 2 8 6 1 1 2 3 2 2 2 5 5 2 12 2 1 2 2 2 1 2 14 25 4 2 1 1 15 1 1 2 7 4 1 5 12 3 13 1 36 3 13 2 1 2 1 2 1 7 1 1 3 3 5 1 2 8 4 2 2 1 1 3 3 3 1 9 8 6 9 1
1 6 2 1 2 2 6 2 7 2 2 7 3 9 2 2 1 1 6 1 4 6 6 1 1 29 2 2 2 1 14 1 9 7 1 56 1 1 1 2 50 1 1 3 2 4 1 2 2 25 3 1 1 1 1 3 2 5 2 3 4 2 2 3 2 1 1 8 1 1 1 2 7 2 9 1 2 3 1 1 4 1 2 3 9 9 1 16 2 1 4 2 2 2 1 40 1 3 2 2 2 1 2 1 3 2 2 1 2 4 1 1 2 3 2 1 1 5 1 1 1 3 3 1 4 4 1 8 12 1 15 4 45 2 1 2 2 16 11 1 2 4 1 5 1 1 1 2 33 1 3 2 2 1 3 5 1 1 1 2 1 2 1 13 2 1 3 1 6 2 6 3 1 1 6 2 4 3 113 1 11 2 8 1 4 1 2 8 5 6 2 1 1 1 4 10 3 3 2 4
1 2 2 1 1 1 1 9 3 3 1 23 1 6 8 2 2 2 1 3 13 1 11 1 37 1 11 2 1 1 13 1 1 1 1 3 1 6 3 2 1 1 9 1 1 2 13 2 2 2 12 1 4 3 17 25 2 41 2 1 3 10 1 3 2 1 2 3 4 1 2 1 4 1 2 23 3 8 2 17 2 4 7 2 1 12 10 7 2 36 2 1 1 5 6 1 2 1 4 1 16 2 2 2 2 1 1 2 2 3 2 1 3 4 1 10 4 2 1 3 1 1 2 7 7 1 3 3 2 2 6 1 5 1 1 1 1 1 3 1 1 1 1 1 25 1 2 2 1 6 2 3 1 2 3 1 2 1 1 2 1 7 1 1 24 4 11 2 2 3 1 255 2 1 2 2 1 8 5 8 1 2 2 1 1 2 9 1 12 4 2 216 1 1 1 1 2 2 2 9
1 3 9 6 6 2 2 11 2 3 2 4 1 2 2 7 2 1 2 4 1 4 3 3 1 6 5 2 3 2 1 1 1 2 1 25 1 2 1 2 11 2 1 1 1 1 25 8 23 12 3 1 6 2 2 1 1 1 182 3 5 2 2 2 1 2 1 3 2 4 1 2 1 1 2 2 3 2 3 1 4 2 11 3 4 2 2 2 2 3 1 2 1 13 12 2 3 1 2 2 3 2 2 1 1 2 7 6 2 3 2 3 2 2 6 1 3 2 1 17 4 1 8 6 4 5 1 153 1 1 4 1 6 5 3 1 1 1 3 1 5 2 1 2 1 1 1 4 19 1 6 8 28 4 3 1 17 2 8 1 17 4 2 2 3 1 1 7 2 4 2 8 2 6 6 9 1 1 4 1 2 1 2 3 2 2 1 20 4 126 2 1 2 1 1 2 1 2 14 2
3 9 8 5 2 1 7 1 1 2 3 2 2 4 1 2 10 2 2 2 1 1 1 2 1 3 12 26 1 1 6 3 1 1 2 1 4 7 1 1 1 1 2 2 3 4 1 2 3 2 1 1 5 4 1 2 1 4 1 1 1 1 1 2 2 1 1 5 23 4 2 2 2 1 2 1 1 1 1 1 11 7 3 3 1 1 1 26 6 1 8 2 2 1 1 2 4 1 2 1 6 2 4 3 3 3 1 2 2 2 1 3 1 1 8 2 7 1 7 5 3 1 1 4 3 1 2 2 2 2 3 1 2 1 1 1 1 1 9 75 6 3 1 17 1 4 1 1 7 2 2 6 2 5 7 1 6 2 1 8 3 2 1 1 12 2 1 9 2 4 4 1 8 2 6 2 1 1 1 23 5 1 306 3 2 2 1 1 1 3 2 3 28 3 3 1 1 2 2 1
4 1 43 2 2 1 5 1 2 1 3 3 2 1 1 2 13 1 3 20 2 1 26 6 42 2 2 3 1 3 4 1 1 2 2 5 8 4 1 2 2 1 1 1 1 2 8 1 1 1 3 3 4 3 3 7 1 1 2 1 1 1 10 1 2 36 2 1 1 2 5 1 2 2 58 2 1 5 16 3 2 2 120 1 1 13 1 2 2 2 26 10 5 1 2 1 9 7 2 2 25 8 2 3 3 1 2 2 1 25 5 7 1 2 1 5 1 1 1 1 2 4 2 1 4 5 15 2 4 4 4 1 5 17 1 6 2 1 1 1 3 3 8 1 9 4 2 1 1 12 15 1 1 4 5 2 5 1 1 1 5 2 2 7 2 3 3 3 1 2 34 43 1 1 2 2 3 3 7 18 2 53 4 1 2 1 3 2 82 2 1 3 6 1 2 3 4 62 7 2
1 5 2 5 1 4 1 3 1 7 7 1 3 1 2 2 2 1 1 1 1 1 1 2 2 2 1 1 1 1 2 2 1 4 4 1 3 24 1 4 9 7 1 7 2 1 7 1 22 3 2 4 2 2 1 3 2 6 2 1 1 4 1 8 1 10 1 2 2 5 1 1 2 1 1 5 2 2 24 3 1 3 1 4 2 1 7 1 1 2 2 1 2 3 1 2 1 1 7 2 1 5 237 2 2 7 2 2 3 3 5 2 2 1 1 4 1 1 3 2 1 1 4 2 2 1 1 2 12 4 2 1 2 1 2 1 9 4 3 2 1 4 2 18 1 1 1 1 45 1 2 3 1 1 2 4 2 2 1 3 5 2 2 87 5 2 2 1 2 5 13 1 2 2 2 2 2 1 2 5 1 1 1 2 6 16 4 9 2 2 2 1 2 1 1 3 3 2 2 3
1 2 2 1 1 4 3 5 6 5 1 2 1 3 3 1 1 1 2 2 2 1 2 3 19 2 1 86 9 8 1 2 1 69 6 2 4 1 2 7 1 1 3 6 18 1 1 1 1 21 6 7 3 2 1 2 10 2 1 2 1 2 42 33 2 2 2 3 2 2 2 12 7 2 3 1 2 1 9 5 5 3 3 1 5 2 2 1 12 2 1 5 2 3 1 1 2 2 3 1 5 3 1 5 3 4 2 1 2 2 1 2 2 8 49 3 6 10 4 1 3 14 1 3 1 1 2 1 36 4 1 2 2 10 1 1 1 14 9 1 1 1 1 1 6 1 4 1 7 1 1 1 1 12 2 3 1 1 7 6 2 2 4 6 1 6 5 3 1 2 1 4 34 3 4 1 9 1 16 4 4 1 3 5 1 7 2 5 1 1 13 3 80 2 2 1 2 1 2 1
10 4 65 12 1 6 1 2 1 1 3 1 1 1 3 1 2 2 1 20 5 2 3 1 1 1 2 3 2 1 1 1 8 1 9 3 1 2 1 4 2 1 1 3 1 2 3 7 1 436 8 2 2 7 2 1 1 1 2 10 10 3 8 3 1 1 1 1 14 2 1 1 1 1 10 1 3 52 2 4 3 1 3 2 1 1 2 2 2 4 2 4 1 2 46 14 8 5 1 1 2 2 2 6 2 1 1 16 1 5 1 10 2 1 4 2 1 6 3 1 1 7 1 3 3 2 2 1 1 2 2 14 1 6 3 2 3 1 3 10 1 3 1 3 2 2 19 1 2 8 6 1 3 6 6 4 1 3 8 2 2 2 2 4 2 1 2 1 3 2 4 2 2 4 6 14 4 1 3 27 4 1 2 1 4 2 5 1 1 4 1 1 1 8 2 35 1 1 2 8
13 5 2 1 1 2 3 1 4 1 1 2 2 2 2 2 3 1 1 6 3 6 4 3 2 3 2 3 1 1 4 8 2 1 39 2 2 2 2 1 2 1 2 2 114 1 18 14 1 2 2 2 2 4 1 1 17 2 2 2 1 4 5 17 2 2 6 1 2 2 1 1 4 2 2 1 1 2 1 3 2 2 15 2 1 2 1 4 2 1 1 2 2 1 3 1 1 1 4 2 5 2 5 14 29 5 312 1 52 3 1 1 2 2 1 3 2 1 3 3 10 1 13 3 1 1 2 3 16 2 2 88 1 1 2 1 1 2 3 3 7 2 2 1 4 8 2 33 3 2 1 2 1 1 2 26 1 3 2 2 4 1 1 18 13 1 2 11 1 5 6 3 9 4 1 1 1 2 9 2 1 1 1 2 1 3 1 1 1 1 5 1 396 4 1 2 18 1 4 2
3 2 2 16 3 2 5 2 8 3 4 3 1 2 1 1 1 2 2 1 1 2 13 1 2 5 1 1 1 6 3 1 55 2 2 8 2 54 3 34 15 3 2 1 2 2 13 2 1 3 3 1 12 1 2 2 2 16 3 3 39 11 3 2 113 3 2 2 2 2 10 6 4 2 1 2 1 9 2 3 1 20 1 28 1 2 1 3 1 5 4 2 1 2 6 5 5 4 1 18 2 3 7 2 2 2 1 2 2 4 1 1 1 1 2 3 1 3 1 1 1 4 1 1 2 3 1 2 3 4 6 2 1 2 5 12 3 2 6 3 3 1 4 1 2 2 2 1 1 154 1 1 5 2 5 3 3 4 1 8 1 3 2 1 18 2 1 1 1 2 2 1 4 11 10 2 7 2 9 2 2 1 4 1 1 1 3 2 2 1 1 1 2 1 2 2 3 2 2 1
2 1 2 1 1 2 3 1 1 3 1 1 1 2 13 2 1 2 1 5 1 2 1 2 1 2 3 15 1 3 3 2 2 2 2 2 2 2 2 1 5 2 1 1 2 1 1 3 3 3 2 3 2 1 7 1 2 2 2 2 4 2 5 1 9 1 1 11 1 4 340 1 1 4 2 3 1 16 11 5 1 9 8 6 5 10 2 1 1 1 1 2 2 2 4 1 1 2 2 1 1 4 3 1 1 2 14 1 1 1 45 6 3 1 1 1 1 2 3 1 2 1 1 4 82 2 1 3 8 2 1 2 2 1 1 1 2 2 1 1 2 18 2 24 1 2 2 1 1 1 12 1 3 1 7 17 1 1 2 1 6 3 10 5 1 1 2 3 52 7 2 3 1 2 8 2 3 6 7 4 10 8 1 2 3 1 1 2 2 11 3 1 1 2 30 1 2 1 7 2
13 1 2 2 7 3 1 15 2 1 1 1 2 1 109 4 1 1 1 1 8 13 1 3 1 216 2 2 2 8 3 6 3 1 4 5 1 1 12 1 5 2 2 5 7 2 1 1 12 1 6 1 4 26 25 1 2 12 2 4 2 2 18 7 3 1 1 2 2 7 1 2 2 2 2 19 2 1 1 1 2 2 4 4 1 1 4 2 1 1 2 3 5 2 2 1 1 1 2 4 2 1 1 2 2 1 1 1 5 1 1 1 4 2 2 1 2 1 1 2 1 1 1 3 290 15 6 1 2 2 4 2 2 2 1 126 1 1 2 1 10 32 30 2 8 2 1 10 1 11 2 1 5 1 1 3 2 2 4 1 18 20 2 1 4 1 2 1 2 9 1 3 7 7 3 2 1 1 3 1 1 1 9 1 3 2 1 3 1 5 2 1 1 2 1 2 2 1 1 2
2 6 3 7 1 1 5 3 2 2 4 2 4 1 8 3 2 2 1 1 2 5 1 14 3 12 8 1 5 2 3 2 2 5 1 7 1 2 2 3 1 1 2 7 2 1 3 4 2 1 2 4 1 1 5 2 2 1 3 2 1 1 3 5 1 6 5 3 110 18 2 2 2 2 7 2 2 1 1 1 2 1 24 7 10 29 3 1 3 2 2 1 1 5 4 2 9 2 14 6 2 8 2 1 1 4 2 2 1 44 5 1 2 7 2 1 2 3 2 1 6 4 4 3 1 12 2 5 7 1 3 1 4 6 2 3 1 16 2 1 1 3 15 2 2 2 5 3 1 1 2 67 10 6 5 2 4 2 2 2 1 1 226 3 1 78 1 2 4 3 17 7 1 2 7 30 8 8 3 15 1 1 18 3 2 4 1 1 1 1 5 76 2 5 3 1 1 1 1 1
4 3 1 1 3 2 2 1 1 4 2 8 105 1 2 1 1 20 2 7 1 9 2 1 5 1 1 1 6 1 1 11 3 1 1 1 2 2 2 3 12 1 11 2 1 2 2 1 2 4 5 1 3 2 1 3 4 5 2 2 19 2 5 2 1 3 1 8 1 2 4 17 2 3 1 3 1 1 1 4 36 1 1 24 2 2 7 2 1 152 6 10 80 8 2 1 1 1 2 1 4 7 2 2 2 2 1 2 2 2 1 7 2 18 13 51 7 1 3 1 2 1 2 2 3 1 2 2 1 1 2 2 1 1 37 2 2 4 2 128 3 1 4 2 5 2 10 36 4 1 18 2 2 15 8 1 16 47 2 5 3 4 2 4 1 1 9 2 16 2 1 4 8 2 2 2 2 2 8 1 2 1 63 1 2 25 2 10 2 1 2 1 2 1 6 4 2 3 67 1
2 5 4 1 1 1 8 1 8 17 1 4 1 2 5 1 3 7 16 2 1 2 1 3 3 1 1 6 1 20 1 2 2 5 18 132 1 4 1 1 1 2 1 2 1 7 2 1 3 1 1 4 3 1 2 15 4 2 1 3 1 1 56 2 1 9 2 13 1 4 1 2 3 1 5 1 2 2 1 3 58 1 3 2 2 34 1 3 1 11 7 2 1 1 1 2 2 7 2 3 1 1 1 2 2 1 11 2 1 6 1 10 2 2 1 4 2 1 239 41 2 2 2 2 1 3 2 1 4 4 1 1 2 8 2 5 6 1 1 1 2 2 1 1 2 4 5 2 5 1 2 2 2 1 4 3 3 1 2 2 76 2 2 5 2 3 2 1 2 3 1 2 2 1 1 6 3 1 1 2 2 2 2 1 2 4 1 1 2 1 1 1 1 2 3 3 1 2 1 5
1 3 20 1 42 1 1 29 4 5 2 8 1 1 1 1 3 1 1 19 2 2 2 9 3 2 1 1 1 2 1 2 4 4 1 1 255 10 2 1 68 336 6 2 1 2 1 2 4 2 2 5 1 2 2 2 2 5 1 1 2 47 3 17 2 1 9 1 1 1 1 1 1 1 1 2 2 1 2 2 1 2 6 1 1 6 2 2 1 3 17 14 1 1 2 2 1 39 2 1 1 2 1 2 4 8 5 2 4 2 2 2 1 1 1 2 3 3 2 2 1 2 1 67 1 1 2 2 2 3 1 1 2 1 2 4 2 1 1 2 2 2 1 1 3 2 1 1 3 2 6 3 7 2 3 1 3 1 1 1 2 1 26 2 5 5 3 1 2 9 1 2 3 3 1 1 2 29 2 4 1 1 1 6 1 4 1 1 1 1 2 2 2 2 14 1 6 1 1 1
2 3 2 5 2 1 3 3 2 4 4 2 3 2 2 1 5 1 5 1 1 2 1 2 3 1 33 9 2 1 1 2 1 7 2 13 2 1 3 2 1 4 3 2 1 1 1 1 1 1 2 1 1 1 1 5 1 57 3 8 1 2 1 2 2 1 1 3 1 1 1 28 1 45 3 1 8 21 1 2 1 2 4 3 7 1 2 1 2 8 9 2 1 3 3 3 1 2 2 9 2 1 2 1 1 17 1 2 13 6 4 2 2 2 1 1 3 2 3 1 1 4 4 8 2 1 1 178 10 3 1 5 1 3 2 2 1 3 2 1 1 5 2 1 2 3 2 1 1 1 2 2 2 1 96 3 2 2 2 7 406 2 2 1 1 3 2 3 10 7 1 3 4 5 1 1 1 2 1 28 3 3 3 2 1 2 29 10 2 1 3 10 1 13 2 1 1 2 1 2
5 24 4 3 2 2 1 5 1 44 4 2 2 1 2 1 9 5 25 1 2 4 4 2 2 17 1 1 5 6 5 2 1 2 2 1 12 4 1 2 2 3 11 2 6 1 37 1 4 1 1 1 7 4 3 1 12 1 1 2 1 1 1 1 3 2 3 2 1 1 12 1 3 1 1 9 3 2 2 2 19 10 22 3 2 1 2 7 2 2 31 2 2 3 1 1 2 3 2 10 5 1 2 3 2 10 2 2 1 1 1 1 1 5 8 2 2 1 36 1 1 3 3 1 1 9 3 32 3 7 1 3 10 2 2 1 2 1 2 5 1 2 1 4 1 1 3 2 1 5 15 2 2 2 10 1 5 1 2 1 1 2 3 10 2 2 1 1 1 4 1 1 17 5 3 4 1 1 2 6 131 1 1 3 1 1 9 2 1 1 5 2 2 1 3 2 1 1 4 20
2 1 1 1 3 2 6 2 2 1 4 2 1 1 2 2 3 2 1 1 3 394 1 1 3 1 1 9 1 3 1 2 2 1 1 15 6 1 2 1 5 1 16 1 4 1 2 1 2 5 21 5 1 2 3 28 1 3 42 1 2 2 2 3 2 2 7 1 1 149 10 2 6 9 3 2 2 1 4 1 1 3 19 2 1 4 2 9 4 3 1 5 6 2 4 5 6 1 1 2 1 1 1 6 1 1 4 2 3 1 2 1 3 5 1 4 2 1 18 8 1 2 2 9 3 3 10 1 4 20 1 8 2 1 1 3 4 1 2 2 3 1 1 2 1 1 2 6 9 1 1 3 2 2 2 2 1 1 10 19 2 42 4 2 2 2 1 2 1 1 2 2 1 2 1 1 2 2 1 1 2 5 1 11 8 4 4 1 6 5 2 1 3 2 1 1 52 1 2 3
1 7 7 1 1 2 4 4 3 3 2 1 1 11 12 2 1 10 6 18 2 1 2 1 2 2 8 2 2 3 1 278 5 1 1 2 1 4 1 2 1 21 2 1 1 4 3 1 1 2 1 30 1 2 7 2 6 1 2 8 4 6 2 1 5 28 1 1 1 2 1 2 2 2 2 3 4 1 11 8 1 9 1 2 3 2 2 23 2 2 2 2 1 1 44 1 1 57 2 3 1 1 1 2 1 1 1 5 2 5 1 3 12 1 5 1 8 1 1 16 1 2 7 5 1 47 44 2 3 111 1 6 2 7 3 2 9 2 3 2 5 3 4 16 1 1 2 2 11 37 11 1 29 3 3 1 2 3 17 40 3 7 1 12 3 14 2 3 3 2 2 3 16 1 5 12 1 3 6 2 8 2 1 3 5 2 33 2 3 2 1 27 1 49 2 3 4 2 44 2
