200
111 400 114 108 149 466 199 205 268 480 343 478 101 500 468 365 376 193 494 394 129 196 241 470 199 380 120 367 274 308 487 381 370 456 299 324 458 305 164 300 217 106 351 425 256 317 147 383 350 361 209 382 112 178 328 425 330 328 369 366 351 396 397 323 415 476 148 244 435 320 230 187 177 395 491 459 384 146 485 499 134 356 297 150 433 271 413 455 497 454 211 174 487 243 127 462 328 246 487 259 378 497 437 169 161 238 201 313 139 449 262 286 411 429 138 357 407 246 432 358 362 413 166 275 307 117 253 293 319 445 378 485 495 491 149 415 234 294 203 149 365 266 363 209 380 151 417 314 352 494 131 399 465 190 115 242 130 440 438 463 385 198 440 387 198 177 228 494 443 184 450 306 157 366 226 297 312 155 335 195 204 103 335 307 301 446 312 183 416 481 167 205 222 160 180 394 282 214 449 463
6 2 1 3 4 3 3 1 3 3 5 1 5 2 1 1 3 5 6 2 4 3 4 4 3 6 2 2 3 4 6 2 1 6 6 5 2 2 4 6 3 6 6 6 5 6 1 4 5 6 3 2 3 4 3 2 4 1 1 2 2 3 6 4 3 3 1 4 4 3 2 3 5 6 4 4 6 4 1 5 1 2 5 4 4 4 3 2 5 2 2 3 3 2 3 2 5 6 5 1 2 4 2 2 5 2 4 3 1 6 2 6 3 3 5 6 1 1 4 5 2 4 6 6 4 2 5 5 6 5 2 6 2 5 1 6 3 6 3 2 2 5 5 6 4 3 6 3 5 2 2 4 2 5 3 6 3 6 1 3 6 4 3 1 1 3 6 1 1 3 3 4 1 4 3 4 1 4 2 4 5 1 6 4 2 2 5 5 4 5 2 6 1 4 2 3 5 5 3 5
1 1 1 4 1 3 3 2 2 2 2 1 8 2 2 4 2 2 2 1 13 3 2 1 2 14 5 2 1 14 2 10 1 6 1 1 4 3 3 2 3 4 2 1 3 10 2 4 1 1 4 3 1 1 2 2 3 2 193 3 2 2 5 1 1 3 3 1 3 118 4 2 1 12 1 2 2 10 23 1 6 6 2 6 20 2 2 1 1 6 2 1 5 2 7 3 68 2 2 2 1 3 18 1 17 2 1 1 3 11 1 3 5 3 2 1 1 1 8 3 3 4 15 1 7 1 1 5 3 1 2 5 1 1 12 1 1 2 1 3 2 1 4 6 2 1 9 2 3 1 2 1 2 5 2 3 3 19 3 2 31 1 7 1 7 1 2 1 10 2 2 1 1 1 4 1 1 4 1 8 25 7 4 2 5 2 2 9 2 3 9 2 7 1 1 2 3 1 2 5
2 2 2 21 2 2 1 4 1 5 2 15 3 2 3 3 1 2 9 4 2 7 2 1 3 4 1 2 1 1 15 1 2 9 1 1 1 1 16 2 3 1 2 3 2 2 2 3 8 1 3 1 2 2 8 3 1 1 2 1 3 9 1 10 1 1 13 6 2 34 1 11 4 1 7 6 1 1 4 2 1 1 2 4 17 2 2 3 1 2 43 1 1 4 1 3 2 2 1 150 3 2 1 1 10 7 18 1 5 1 2 2 2 2 1 1 1 2 151 1 11 2 2 1 8 2 1 2 2 2 1 2 3 2 1 2 4 1 5 2 13 1 1 5 4 2 1 2 1 1 6 3 23 1 3 1 56 3 13 3 2 2 3 1 2 1 1 1 2 1 5 1 2 2 3 2 2 1 3 1 1 1 1 3 7 2 3 1 1 1 2 1 2 7 1 2 3 39 2 2
10 13 2 1 2 3 3 2 2 2 2 1 2 2 2 2 5 1 2 2 13 7 2 2 29 3 1 2 1 1 1 4 1 3 2 1 1 1 1 1 1 1 1 2 10 11 2 3 1 2 2 1 1 4 1 2 14 2 1 1 1 2 3 1 1 2 3 3 16 1 1 1 1 111 5 2 1 10 4 5 1 2 4 1 1 6 1 3 77 16 14 2 3 1 16 2 5 2 1 3 12 2 17 3 16 5 2 1 13 3 2 1 1 1 12 4 11 1 16 3 5 39 2 2 3 2 1 1 3 4 1 1 8 1 1 2 12 2 2 14 3 17 22 2 7 2 1 2 2 2 2 2 4 1 1 4 2 3 2 8 2 8 1 1 1 21 5 3 2 1 7 1 2 1 1 4 1 2 13 5 2 3 4 1 2 2 2 17 3 4 2 3 2 4 2 18 1 2 1 2
2 2 1 2 2 1 2 3 1 1 3 1 4 2 1 2 1 11 16 5 1 4 2 2 3 1 2 2 5 8 2 2 1 5 8 1 2 3 36 2 11 1 2 2 1 3 6 1 5 2 2 2 2 3 1 1 19 3 11 4 2 1 1 1 25 1 3 6 10 7 1 2 3 3 2 31 4 7 9 13 2 24 6 13 4 1 3 3 2 45 4 1 1 1 7 1 2 2 5 2 2 2 5 5 2 4 1 7 1 1 3 3 2 2 1 1 1 17 6 1 1 2 1 13 1 2 44 1 1 1 2 2 4 2 1 4 1 1 2 1 1 1 6 1 3 1 2 1 2 8 2 1 2 1 2 1 7 4 2 1 1 1 2 2 1 2 1 1 2 3 36 1 1 4 1 18 2 417 1 1 3 2 1 1 4 3 2 2 5 14 1 4 1 1 1 3 1 6 27 1
3 4 4 13 4 3 4 1 2 18 2 4 3 1 1 3 4 1 2 9 5 4 1 4 12 5 1 3 2 1 2 4 1 2 1 2 2 3 5 1 2 2 1 2 1 2 2 8 3 8 5 2 1 1 2 1 1 3 1 2 2 2 5 1 1 1 2 2 4 12 2 30 2 16 3 2 6 3 1 1 1 1 1 5 1 4 2 2 7 2 1 3 1 2 1 449 7 22 4 1 3 4 2 1 3 2 3 2 3 4 5 7 1 1 1 2 3 1 9 2 2 3 19 3 1 1 22 1 2 1 1 3 1 1 2 1 134 2 2 2 10 6 1 6 7 1 40 3 5 2 1 2 5 1 3 3 5 2 2 2 1 1 1 2 8 1 3 4 1 1 21 3 1 2 7 1 1 54 2 1 2 1 1 4 1 7 3 1 2 3 2 1 30 26 1 1 3 69 3 1
1 2 1 1 1 2 1 3 1 8 2 5 2 3 4 1 1 5 14 1 3 2 10 1 1 2 2 2 1 2 5 2 1 6 2 17 1 34 2 1 1 1 2 179 1 2 1 2 3 1 2 3 2 1 1 1 1 3 2 1 1 1 3 1 5 4 6 3 2 1 3 1 1 1 2 12 4 2 1 1 1 2 1 12 3 6 14 2 3 10 1 4 1 8 16 8 2 2 1 1 1 30 1 9 17 1 1 2 1 8 49 3 2 6 9 1 6 2 6 5 3 2 2 21 3 1 4 1 1 1 2 1 1 1 2 42 5 5 29 3 3 1 8 5 10 6 4 2 2 2 20 1 3 3 1 4 5 2 6 1 10 2 4 2 5 1 14 2 4 2 2 2 1 28 4 4 4 1 3 3 1 1 2 2 2 1 2 1 18 1 4 4 48 1 1 1 3 1 1 4
10 3 2 6 7 1 4 3 1 1 1 6 3 1 11 1 5 2 10 1 4 3 2 1 1 2 6 29 1 5 6 2 4 1 5 4 3 3 1 1 1 1 1 2 26 27 2 7 19 1 2 1 2 2 1 1 1 1 1 6 3 2 3 1 9 26 2 3 18 1 1 5 1 17 5 2 143 2 2 14 14 2 24 1 2 4 1 34 2 1 1 1 2 2 1 3 1 3 1 7 2 1 2 3 2 1 2 1 2 7 2 2 1 2 1 1 2 2 1 1 47 19 4 3 1 12 4 2 2 3 2 1 2 2 2 2 2 3 1 7 2 38 3 2 2 1 1 2 5 2 3 3 2 1 1 2 12 9 37 2 2 1 2 2 1 2 3 2 2 4 1 6 1 1 13 20 1 4 2 1 2 7 9 3 1 2 1 2 1 2 1 1 2 2 7 1 3 5 3 6
2 2 1 11 3 1 4 1 2 3 8 2 2 2 1 2 2 1 2 2 12 3 1 1 5 1 4 3 1 2 1 1 2 84 3 2 2 2 8 1 3 1 1 9 2 2 404 2 1 2 32 4 3 1 8 4 1 15 2 3 3 2 112 1 2 1 1 1 2 5 3 2 3 1 1 1 1 1 2 26 4 2 3 1 3 4 2 1 2 1 14 1 2 295 1 2 107 1 7 2 1 2 4 1 3 1 1 2 1 1 5 3 2 3 1 8 1 5 1 2 2 3 1 2 1 4 1 1 1 2 3 6 1 1 2 5 27 1 2 2 30 1 1 1 2 2 2 2 2 40 3 4 3 3 1 1 2 1 2 305 5 3 4 1 2 3 2 2 2 1 1 1 1 3 3 1 1 1 7 2 2 15 4 4 3 5 2 1 2 179 1 10 6 2 329 2 1 1 2 3
2 1 2 4 2 2 1 1 2 6 1 1 5 8 2 2 1 2 3 1 3 1 2 2 1 2 3 3 1 1 17 28 12 1 1 2 1 1 1 2 1 7 3 2 1 30 2 4 1 2 149 3 2 4 2 1 22 1 4 1 2 2 3 18 1 1 5 1 6 5 3 1 3 2 1 1 1 4 1 5 3 2 1 10 17 4 137 2 2 2 8 1 2 2 21 2 1 2 3 1 2 2 1 1 1 1 2 2 1 2 4 9 1 2 3 2 1 1 1 11 2 211 3 5 3 97 3 2 57 3 1 4 3 1 1 2 3 3 1 5 1 3 1 1 2 1 1 1 1 1 2 1 2 4 5 1 1 1 1 1 2 1 3 2 23 13 1 6 5 4 2 4 9 1 2 3 2 2 2 4 1 2 1 1 3 1 1 1 3 1 1 2 2 2 3 5 11 1 1 4
23 30 9 1 2 1 3 1 1 42 2 1 1 1 2 2 1 9 1 2 1 12 2 2 4 3 1 1 33 2 2 1 8 1 1 152 2 6 2 2 13 1 1 2 1 10 1 6 3 1 3 2 2 2 9 2 3 1 14 3 11 1 5 4 2 2 1 9 2 2 1 1 1 6 1 3 4 3 2 3 1 4 7 2 2 1 2 2 2 2 2 1 2 17 1 2 4 1 1 1 1 14 8 3 2 3 2 9 1 1 5 5 6 2 10 6 2 10 1 1 2 7 1 2 6 2 11 15 3 1 1 1 1 3 2 6 1 2 1 4 2 2 1 2 4 1 2 1 21 1 4 1 3 5 1 2 1 7 1 1 2 8 2 1 1 1 2 1 1 1 1 1 7 5 2 1 5 1 1 2 6 12 3 1 1 2 3 22 1 4 1 2 1 1 10 2 1 5 3 27
2 5 1 1 2 1 3 3 2 1 1 1 2 1 4 1 5 1 2 7 1 2 1 5 2 4 3 2 3 2 2 2 2 1 2 2 1 1 6 1 3 1 2 1 2 3 1 1 2 1 1 1 1 2 1 4 2 2 1 8 2 2 1 1 6 49 14 5 1 1 66 4 109 1 1 1 2 1 2 3 1 1 2 1 2 9 4 52 1 20 2 7 1 4 1 1 2 1 9 1 1 1 1 2 1 1 10 6 1 1 1 1 1 2 2 2 2 2 24 1 1 1 2 1 1 2 121 2 1 2 2 1 1 3 1 4 2 2 2 4 3 1 18 1 6 1 1 4 1 2 1 1 2 1 3 1 3 3 7 3 4 3 1 4 6 3 1 2 1 1 2 6 2 1 3 1 1 2 10 40 34 3 3 29 2 1 3 3 3 111 1 4 1 5 7 14 2 2 1 1
1 4 4 11 6 5 1 5 3 1 4 9 1 5 1 6 2 1 2 1 2 4 6 1 3 2 2 2 1 3 12 1 3 3 2 23 1 3 3 2 8 2 1 3 10 2 3 2 1 4 1 1 1 2 2 6 1 1 3 1 1 1 2 3 1 4 3 3 12 2 2 2 2 1 2 3 2 1 1 1 4 10 1 2 3 1 3 1 10 8 12 1 2 1 1 15 1 1 1 5 2 1 3 2 1 2 5 2 1 1 20 2 2 1 2 3 2 9 3 1 4 3 1 2 2 8 2 1 2 4 1 1 2 1 1 7 2 5 2 2 5 2 2 2 1 6 11 2 1 8 4 2 5 5 1 2 1 9 1 2 13 4 1 1 13 2 2 4 2 1 1 16 2 3 3 2 2 2 3 6 2 2 1 2 2 3 4 87 1 4 2 1 2 1 3 2 1 4 10 2
1 10 1 188 1 5 11 6 3 22 5 1 2 2 3 3 1 3 8 1 1 30 6 3 5 1 2 2 2 27 2 2 6 2 1 2 14 4 2 26 2 1 1 4 4 2 4 1 2 5 2 2 1 33 8 1 1 11 4 2 1 90 4 1 42 2 2 1 1 1 1 3 1 1 3 1 3 22 307 15 3 6 2 2 10 2 2 2 34 1 2 3 2 2 2 2 2 2 2 4 4 1 5 2 1 9 1 75 1 1 3 2 1 1 2 6 1 45 49 1 1 1 3 3 4 3 3 1 3 8 6 1 4 2 2 2 48 1 3 4 1 1 1 11 1 9 173 2 5 6 3 2 3 16 3 2 3 2 2 2 3 1 1 7 1 4 5 7 1 2 2 2 4 1 3 2 3 1 9 6 1 2 4 1 1 2 1 11 1 4 1 4 1 1 1 19 1 1 2 1
1 1 3 4 1 10 1 1 1 38 3 1 1 2 1 1 4 2 1 1 3 2 21 2 2 4 1 2 13 41 2 3 10 3 6 1 3 2 51 1 2 1 1 8 1 2 3 1 20 2 7 2 7 1 1 1 3 2 3 1 2 2 1 2 22 2 10 2 1 1 1 3 1 3 1 1 1 2 1 13 7 5 1 1 1 1 7 6 1 1 3 15 1 1 1 1 2 3 2 5 2 2 2 3 34 26 4 11 2 10 1 2 1 13 9 1 2 1 2 4 6 3 2 2 1 2 17 1 1 7 2 7 1 2 1 1 4 2 1 2 11 2 1 2 2 1 34 2 1 2 10 2 2 1 1 7 1 2 3 2 1 24 10 2 2 18 1 2 1 1 2 3 4 1 5 3 3 2 1 2 5 9 4 20 6 1 2 1 3 6 1 36 1 5 2 2 4 2 4 2
1 1 3 1 2 2 1 1 1 18 3 1 1 5 1 1 3 9 1 2 3 8 1 1 7 4 2 112 3 1 2 1 3 2 2 3 2 3 1 1 7 1 3 2 1 1 4 4 2 1 6 20 4 14 6 1 7 6 1 1 2 1 2 2 1 6 5 27 1 3 2 1 1 1 2 2 3 3 1 7 2 9 13 89 2 3 8 1 1 123 1 7 1 3 1 30 2 3 2 1 2 4 15 14 5 1 1 2 1 10 1 93 4 2 1 2 294 4 2 1 12 1 7 1 1 1 2 1 3 2 1 1 1 1 3 23 4 3 1 2 5 4 2 2 5 1 2 5 8 2 2 12 2 1 6 5 1 2 16 2 32 1 3 2 3 1 1 2 17 3 4 14 3 1 4 1 3 2 5 3 1 1 5 3 2 1 1 3 1 1 2 24 1 1 1 2 2 2 1 2
1 5 2 1 1 2 2 2 1 1 4 2 2 1 2 3 2 1 2 4 5 3 1 1 40 2 3 46 5 1 4 5 1 3 1 1 4 10 15 3 2 1 1 3 2 2 3 3 1 1 1 2 6 2 1 2 2 2 2 1 1 2 1 2 2 3 3 3 2 16 6 1 6 29 10 3 33 1 3 4 2 2 4 2 2 4 2 3 50 2 2 1 1 2 1 2 1 1 1 6 1 1 5 1 2 5 2 2 2 3 2 1 6 1 3 2 9 3 1 10 1 2 1 2 2 2 2 2 2 1 2 7 11 2 4 2 2 1 2 2 2 2 1 26 6 3 7 7 10 1 4 1 1 4 1 2 1 3 1 1 1 1 1 3 1 1 1 6 35 1 222 7 1 1 32 1 3 1 1 1 3 1 3 4 1 1 6 18 2 1 1 14 4 1 1 1 11 2 2 1
1 2 1 1 6 2 2 10 3 129 2 2 3 1 10 1 4 3 1 1 71 1 3 3 1 1 1 26 1 1 13 1 3 1 1 1 4 5 2 1 4 44 2 14 5 13 1 3 2 1 32 9 1 5 2 1 1 7 4 2 1 9 4 2 1 2 14 2 14 82 2 1 6 6 2 4 5 3 2 2 19 78 2 4 1 1 3 2 24 2 2 1 1 1 2 2 1 3 1 1 2 1 1 7 13 19 2 1 1 1 1 1 1 4 1 3 2 2 7 3 1 2 3 1 4 5 2 2 1 7 1 2 12 2 1 3 1 2 4 14 5 1 2 2 2 2 2 2 3 2 2 2 12 9 2 1 4 1 3 22 16 7 1 2 3 1 1 3 1 2 2 2 1 2 6 2 4 1 1 2 1 2 1 1 1 1 2 3 10 2 5 1 2 1 5 5 3 22 3 1
1 2 10 4 1 2 1 3 2 1 1 1 2 1 2 3 1 4 1 5 2 2 2 1 23 13 1 4 2 2 11 2 2 4 2 1 2 3 3 2 6 81 11 3 2 3 16 2 2 15 2 1 1 3 1 3 3 4 18 1 1 3 2 6 2 6 3 1 3 9 1 1 1 2 2 2 2 2 1 1 6 1 4 2 2 1 5 2 1 1 1 2 15 1 2 1 1 2 1 1 2 3 2 4 1 5 21 3 74 2 2 2 16 3 2 2 44 1 3 56 2 1 2 8 2 64 2 1 2 5 11 1 64 4 71 2 1 2 1 1 4 2 2 2 57 4 2 105 2 3 22 1 2 2 1 4 2 27 5 3 2 1 1 1 2 2 3 3 3 1 2 8 2 2 1 2 1 1 2 3 4 1 2 1 8 4 2 2 1 2 1 5 1 4 1 1 7 5 35 1
3 2 2 1 1 2 1 2 2 2 20 1 1 3 2 2 2 3 5 12 188 1 8 9 2 1 10 21 1 1 1 2 1 3 3 2 1 13 3 13 2 3 1 1 8 1 4 4 1 3 1 6 1 1 2 1 7 2 1 1 37 9 2 4 1 1 1 2 3 9 2 2 1 2 1 1 1 9 1 2 2 1 1 2 1 3 4 3 3 1 2 8 2 2 1 1 2 2 2 9 1 1 4 3 2 1 1 1 2 1 1 4 2 1 2 1 5 1 1 4 13 2 2 1 1 17 1 1 11 15 6 28 7 1 3 3 2 4 2 4 4 2 1 1 23 2 1 1 304 1 2 1 1 7 4 2 1 2 2 3 1 7 6 10 19 2 8 5 1 9 1 1 1 5 4 2 1 8 1 3 2 2 7 2 1 13 1 2 2 4 1 2 1 2 3 3 12 2 1 1
2 2 2 2 3 1 1 2 2 4 2 1 9 2 11 2 3 1 2 2 2 1 2 3 2 2 1 1 4 1 6 1 3 1 2 2 2 155 4 2 30 1 2 1 2 41 1 3 3 2 65 11 6 1 2 2 7 1 1 4 1 6 1 1 2 1 2 1 4 1 4 2 1 3 2 1 3 1 49 1 2 1 1 2 1 14 2 1 1 4 2 7 3 1 3 2 22 1 2 2 28 3 1 1 8 6 2 1 9 1 4 7 1 2 2 37 2 52 6 1 1 47 3 2 5 2 1 6 1 1 1 76 5 2 2 3 1 16 3 1 1 1 2 1 2 4 2 2 2 5 2 2 1 50 3 2 21 2 2 3 4 2 37 8 1 2 3 2 4 1 3 2 1 96 2 6 1 1 1 12 5 4 2 2 1 2 4 4 1 3 15 1 6 2 2 1 1 2 2 1
1 2 1 1 1 1 1 3 2 1 1 4 5 4 1 1 2 1 2 1 2 2 1 10 38 1 34 5 1 2 1 17 2 1 7 3 1 3 1 1 1 3 1 4 1 1 3 1 1 12 6 1 2 4 2 5 2 2 4 1 1 1 1 3 2 2 1 9 2 1 2 11 5 1 2 6 3 2 3 1 1 25 9 2 4 1 4 1 3 2 2 9 1 2 2 1 2 18 7 2 1 2 1 89 1 1 5 3 23 9 1 5 2 16 1 3 4 137 3 1 1 2 9 2 2 1 2 12 2 4 160 5 2 2 1 5 2 1 51 3 3 8 7 17 3 2 4 2 3 1 4 5 67 3 2 2 1 1 5 1 3 2 1 7 7 4 1 3 1 9 2 2 1 2 1 4 5 2 2 3 3 1 1 2 5 3 4 1 5 4 45 2 3 2 1 11 3 3 1 5
3 3 4 2 8 6 32 3 2 6 5 5 6 13 2 2 1 2 17 3 5 2 2 18 1 2 1 13 1 3 3 1 7 4 2 1 1 16 1 96 4 1 1 3 2 1 19 1 1 1 1 1 1 1 2 1 2 26 1 8 1 2 3 5 2 2 3 5 1 17 3 2 10 6 5 2 1 1 2 2 1 3 1 2 3 15 3 9 3 5 1 23 1 4 3 3 2 1 2 3 21 3 2 2 4 3 1 1 1 1 3 2 2 6 2 1 13 1 2 3 3 2 4 4 2 58 3 18 1 3 1 1 2 3 1 1 1 1 4 3 1 2 1 2 12 1 1 9 5 42 2 5 3 7 3 1 2 2 3 2 6 2 1 5 6 2 3 1 1 4 2 3 28 14 1 1 2 2 3 2 2 2 2 2 3 2 1 2 1 2 5 6 9 6 2 12 1 1 2 5
2 2 1 2 1 1 1 1 1 2 4 7 3 1 7 3 1 1 2 1 2 7 9 1 2 2 3 1 172 1 4 19 5 2 2 2 3 1 9 2 2 2 1 2 2 6 130 6 2 1 3 3 2 400 1 2 75 1 1 6 7 4 2 2 4 2 1 4 2 88 2 1 2 3 1 8 2 6 1 45 2 1 2 2 15 1 1 8 2 3 2 4 3 8 1 1 8 2 2 2 30 2 5 3 27 5 2 1 6 4 1 2 1 2 1 1 1 1 2 1 1 4 274 1 8 2 2 2 2 3 1 2 2 5 4 1 3 2 23 1 4 2 8 1 1 1 1 4 4 5 7 6 4 4 4 1 7 3 3 2 1 1 3 3 2 7 1 2 3 1 2 3 7 1 2 1 32 2 1 1 3 6 2 1 1 2 1 2 4 1 1 5 19 1 16 2 2 1 2 4
1 2 3 1 2 26 2 78 1 2 4 1 1 9 2 1 15 2 20 1 7 3 2 3 7 1 2 2 1 1 8 1 1 2 2 1 128 2 1 1 4 4 2 6 1 16 28 1 2 2 3 2 2 4 4 3 1 2 26 1 1 2 3 2 2 1 3 2 2 6 3 32 1 5 4 1 13 1 4 1 4 3 14 2 10 93 44 171 2 1 1 2 8 8 2 1 2 2 2 2 1 3 1 113 2 4 2 3 1 2 1 1 2 5 2 2 12 2 3 2 1 1 2 3 1 1 2 2 5 1 2 2 1 2 4 1 2 4 2 2 3 1 9 97 2 1 1 7 4 1 1 4 1 2 4 4 2 3 2 1 11 2 10 18 52 1 3 5 2 2 4 3 2 1 1 1 2 10 2 1 1 2 2 1 6 5 7 2 1 3 2 1 1 2 5 1 1 1 4 6
1 2 2 5 1 3 2 2 11 2 1 1 2 1 1 4 1 2 2 2 3 6 2 1 4 2 3 2 17 78 1 3 1 3 2 2 4 1 1 1 1 5 1 1 14 2 2 30 7 2 2 2 42 3 2 2 1 4 2 3 2 6 1 1 1 6 1 1 1 1 1 3 1 1 3 1 2 2 2 1 1 9 8 2 20 2 55 2 3 1 1 4 2 1 3 2 14 2 3 2 2 4 2 1 33 1 2 1 8 2 4 2 1 1 4 1 2 6 1 1 5 2 97 2 18 3 6 2 3 1 2 1 3 3 2 4 1 2 4 2 2 2 3 1 2 2 2 2 2 2 1 2 2 2 2 4 1 1 2 3 3 1 3 2 1 2 1 2 1 1 2 1 2 2 10 2 2 1 2 6 2 1 2 4 1 1 1 1 1 8 1 1 2 2 2 2 2 2 1 6
1 1 2 1 1 16 3 2 2 7 1 12 2 2 3 14 1 5 22 6 1 1 2 2 5 2 2 2 2 3 20 2 1 22 2 1 1 1 2 1 9 3 3 2 2 2 25 4 1 11 1 2 2 2 7 1 3 1 1 3 3 5 1 1 1 3 1 2 3 1 2 2 2 4 2 4 1 2 2 5 4 3 2 6 1 1 2 3 3 4 1 21 2 1 3 2 2 1 2 2 11 2 8 1 5 1 2 2 1 1 2 5 1 3 3 1 2 3 1 8 9 1 4 3 1 2 4 1 2 4 5 1 1 5 11 1 2 1 2 1 2 3 1 1 2 2 3 39 1 3 1 2 2 6 1 1 7 1 42 7 1 1 10 5 4 3 5 2 2 5 14 4 1 2 2 3 1 3 1 1 7 3 1 1 2 3 1 1 1 3 2 2 1 2 2 2 1 5 1 2
3 2 1 1 3 1 1 1 3 13 2 3 16 2 3 1 2 3 2 1 3 2 2 5 3 3 2 1 2 2 3 9 3 1 1 2 3 5 4 3 1 3 11 26 3 1 8 1 2 321 2 2 2 2 1 1 1 10 2 2 1 3 3 2 4 1 2 2 3 35 2 2 1 7 2 1 2 10 1 2 4 3 2 2 1 1 15 1 1 1 2 1 1 4 1 3 1 1 2 23 3 14 3 1 3 1 1 4 4 5 2 1 1 3 1 53 38 1 1 31 2 1 1 2 8 4 1 3 3 2 2 2 7 3 1 1 1 2 2 1 8 22 1 1 3 2 3 1 2 1 13 3 3 1 3 6 7 4 1 1 1 2 5 2 2 23 2 1 6 2 2 1 18 16 1 2 44 32 1 6 2 1 21 1 2 2 1 3 6 1 4 74 1 2 2 19 2 1 3 2
1 3 1 1 3 35 2 5 3 1 14 2 2 1 3 2 2 4 2 4 3 5 2 2 6 1 1 1 1 1 20 379 2 3 2 1 1 1 1 1 2 9 1 1 1 1 9 1 1 2 1 3 11 7 2 4 1 1 2 3 2 157 2 1 9 5 1 1 1 4 1 1 2 3 5 5 1 1 1 2 3 2 1 5 6 2 2 2 41 1 6 1 1 5 3 4 1 33 2 1 3 4 4 1 1 5 1 1 1 1 47 6 1 1 1 2 1 4 1 5 31 1 3 1 2 5 1 1 1 5 1 1 1 1 2 1 2 11 2 1 2 2 1 4 1 4 1 1 2 1 3 1 2 1 1 4 1 2 2 6 2 40 11 2 1 1 3 1 67 1 1 10 4 4 3 1 1 1 2 2 2 1 1 1 4 1 4 1 4 2 3 2 13 1 2 1 1 2 3 2
2 3 4 2 3 3 2 1 1 2 1 1 1 2 2 6 1 2 1 3 2 2 4 19 11 1 1 2 2 1 3 2 1 3 3 1 2 1 1 2 1 2 1 2 6 25 18 1 2 2 13 2 1 8 7 1 5 1 4 66 2 3 3 1 3 3 1 4 1 1 2 2 2 2 2 12 4 4 1 2 5 1 32 110 1 2 3 11 3 4 12 1 1 2 1 1 2 5 5 3 1 5 2 8 2 8 9 4 6 1 3 2 5 1 7 2 2 1 1 6 2 2 4 5 3 3 2 1 2 2 1 4 4 1 4 4 2 1 3 2 4 3 5 2 2 2 2 2 4 1 1 3 2 1 1 4 3 32 2 3 10 2 3 2 1 1 5 1 3 1 3 2 64 1 7 1 1 1 2 1 1 10 6 1 2 7 58 3 4 4 2 1 69 3 2 23 137 1 2 7
2 2 1 4 2 2 1 2 5 6 1 1 160 1 1 1 1 8 3 55 6 4 8 1 26 2 56 2 1 1 1 2 1 1 3 1 2 6 3 1 2 1 2 9 1 2 3 1 2 8 2 1 2 2 1 5 2 2 3 12 1 2 10 1 5 2 7 2 13 2 2 2 1 2 12 8 3 10 1 1 9 2 2 2 2 1 1 2 220 6 1 1 2 5 4 3 2 1 2 3 1 1 6 1 1 2 3 10 36 1 1 4 10 1 4 3 2 14 5 5 3 1 1 3 1 1 14 2 4 2 1 2 2 1 2 2 3 2 6 3 7 6 2 5 2 3 7 5 2 1 1 1 2 2 2 2 2 1 1 6 2 2 2 2 4 1 2 1 8 1 21 6 8 3 2 1 2 3 1 2 1 3 11 2 3 2 1 1 2 2 6 3 5 1 2 2 3 2 3 2
1 1 1 10 4 2 49 6 57 2 1 2 1 2 20 1 1 10 2 2 1 7 2 2 2 1 4 3 2 41 2 160 1 18 3 1 1 2 4 10 2 1 2 1 2 1 7 2 21 1 3 2 2 2 5 2 5 1 19 1 2 6 2 2 5 1 8 1 5 1 20 10 3 2 6 1 1 1 11 4 2 4 1 2 1 2 1 1 2 3 2 1 1 5 4 2 4 2 1 4 1 1 5 2 1 3 35 11 2 1 4 13 1 2 3 2 1 1 2 3 2 2 1 2 2 26 1 3 1 1 1 1 2 7 2 1 2 1 5 2 2 5 2 13 4 2 3 2 3 24 1 1 3 1 3 1 15 5 1 2 1 1 1 1 4 2 16 2 4 3 3 2 1 2 296 7 2 6 19 3 5 1 1 13 3 1 2 1 2 3 1 1 10 1 2 1 1 1 3 6
8 2 2 18 10 12 1 2 3 3 1 1 1 4 1 3 13 6 2 2 1 1 5 2 1 5 2 1 3 2 2 1 10 4 1 1 10 1 9 1 2 2 1 6 4 3 1 2 1 5 2 3 2 3 10 4 2 8 6 3 2 1 3 3 6 261 1 1 5 1 1 1 1 16 3 1 2 2 8 15 3 2 1 9 2 1 1 4 1 1 1 2 2 6 10 1 2 1 1 1 1 1 44 9 1 7 6 3 1 7 6 1 4 95 2 2 12 1 7 1 2 9 1 7 31 1 2 3 2 1 36 2 2 8 1 1 2 12 7 1 4 13 3 10 2 2 4 4 1 9 1 1 2 4 2 1 3 7 2 1 1 2 2 1 2 1 6 2 1 2 4 4 2 3 2 2 2 2 2 1 6 1 3 8 3 2 2 13 3 1 1 1 3 41 1 1 2 4 1 1
1 4 3 1 2 1 16 2 3 3 1 1 58 3 14 3 2 1 4 6 4 6 1 1 7 2 1 1 4 6 6 1 11 2 2 74 1 2 1 6 2 2 4 4 1 2 3 2 2 5 1 2 1 1 8 21 13 3 1 1 2 1 15 1 3 2 6 2 2 4 5 1 1 8 3 1 2 2 2 3 3 3 5 51 6 1 2 2 2 5 2 1 2 2 3 5 4 2 10 1 2 1 3 1 1 19 9 24 1 1 1 3 6 3 3 2 7 43 1 3 1 1 4 1 2 1 3 5 1 3 2 52 2 4 14 1 185 2 13 1 2 3 2 1 1 50 1 2 3 46 2 4 2 2 1 1 2 2 3 6 2 10 2 2 15 5 3 11 2 1 4 1 65 2 1 1 3 3 1 1 2 1 4 9 1 93 3 2 1 1 2 3 2 1 1 1 1 2 4 8
1 1 1 1 8 5 1 7 2 1 9 1 3 2 4 8 5 1 2 1 3 2 3 2 4 10 3 1 2 10 4 1 2 2 19 2 12 2 1 1 3 4 11 3 2 1 3 2 6 6 1 66 4 4 3 21 1 2 1 2 2 5 7 2 1 1 13 1 2 6 10 2 4 3 58 2 1 2 2 12 14 1 1 1 1 1 1 4 1 1 18 3 2 3 1 9 2 3 3 1 2 43 1 3 2 6 2 4 3 2 1 3 13 4 1 1 5 5 1 1 1 1 24 2 2 2 2 1 2 2 7 2 4 10 22 38 1 1 21 2 5 1 5 3 1 3 1 2 1 6 1 5 239 2 2 1 2 15 1 1 8 1 2 7 1 1 2 1 1 1 2 2 2 2 2 1 2 3 1 2 8 3 7 2 1 40 1 1 2 16 1 4 5 3 4 7 3 2 2 5
2 4 1 2 6 1 5 2 2 1 6 3 3 13 9 1 1 2 1 1 1 6 2 1 1 2 1 3 2 2 7 2 1 1 1 7 2 3 24 2 1 2 2 1 2 1 7 2 2 8 1 3 1 1 6 1 15 1 1 11 4 3 4 4 2 2 1 2 4 2 6 2 1 2 1 2 9 1 1 7 1 1 2 2 2 2 1 1 8 5 1 1 3 2 3 2 1 2 3 2 4 1 1 2 1 1 36 64 2 1 2 1 2 147 1 1 3 2 3 16 1 1 2 2 3 15 3 1 1 3 2 3 1 3 3 2 1 1 10 6 1 2 1 6 9 1 1 3 5 4 15 1 1 1 1 1 1 3 2 1 18 1 1 1 4 2 2 46 1 1 1 2 2 1 3 58 3 1 3 4 5 2 1 5 2 2 18 1 2 44 2 10 2 5 2 10 3 1 4 8
2 1 1 2 1 2 1 2 2 1 3 4 27 5 3 124 4 2 1 2 1 2 2 1 5 4 1 7 2 12 1 1 1 2 2 1 3 1 4 1 2 1 5 2 1 2 2 2 4 1 19 16 1 2 1 5 4 2 2 5 5 2 3 3 1 5 2 92 1 1 4 20 8 1 81 1 2 2 1 2 52 3 4 1 1 8 1 2 1 1 4 2 1 3 2 1 2 1 5 1 3 7 3 2 1 1 2 2 2 11 2 2 1 123 3 1 4 9 1 3 3 1 1 51 5 2 2 4 4 48 1 2 6 4 2 1 2 8 2 1 1 5 1 3 1 22 1 1 9 1 8 4 1 2 6 2 4 1 2 1 9 2 2 1 1 1 2 4 2 1 9 3 1 1 2 1 3 11 2 1 3 5 1 10 2 2 5 2 2 3 2 1 1 1 1 2 4 4 4 2
1 81 2 1 3 1 4 46 1 2 27 3 2 3 1 2 8 1 2 5 3 3 3 1 2 8 5 1 2 4 2 2 2 1 1 2 4 1 1 16 258 1 1 1 1 2 2 13 2 2 20 1 2 1 1 13 3 7 2 8 9 4 3 3 2 2 2 2 19 1 1 7 5 5 1 1 2 1 16 2 11 126 2 1 1 22 4 1 2 2 1 1 1 1 2 2 1 1 2 3 1 3 3 27 11 6 4 1 1 2 4 1 1 2 1 1 2 1 1 9 3 1 4 1 1 1 2 1 3 3 1 21 2 1 6 4 1 5 56 2 3 1 8 1 5 1 1 2 2 1 4 4 1 5 65 3 9 4 2 1 2 1 1 1 6 2 2 1 3 1 2 1 9 6 14 1 1 5 2 2 6 1 5 3 2 54 21 12 1 1 1 2 2 2 8 4 11 14 1 1
1 2 3 1 26 2 3 1 1 2 1 2 2 1 1 15 2 2 5 9 14 3 2 9 2 2 2 1 1 3 3 2 3 1 2 1 16 1 4 2 1 1 1 3 4 1 4 1 1 2 1 2 4 6 2 2 2 16 3 7 2 25 1 8 1 15 3 9 1 1 1 3 3 4 4 6 2 1 1 5 13 2 12 1 6 2 3 6 7 1 3 3 1 2 11 2 3 1 1 1 1 2 3 1 1 4 3 2 2 1 2 2 1 7 14 1 1 1 46 4 83 1 1 6 4 2 6 1 2 3 4 4 1 1 2 2 20 3 1 2 2 2 1 2 2 8 11 2 1 1 1 4 1 2 1 1 7 1 4 10 16 4 7 2 10 1 1 2 1 1 1 4 1 1 3 3 2 2 6 7 4 1 6 2 1 1 2 4 4 1 1 1 107 3 1 2 2 1 1 2
7 3 2 2 58 3 2 3 2 1 3 2 2 16 1 1 1 1 3 2 4 2 2 4 2 1 12 1 2 2 2 1 1 1 2 2 2 1 1 3 5 3 4 4 1 3 2 38 1 6 8 1 3 3 2 3 13 64 4 266 7 2 3 2 1 5 2 3 1 1 2 2 1 2 2 1 3 2 3 1 1 1 1 3 1 2 14 2 2 3 2 2 7 2 2 2 1 1 1 167 91 3 1 2 6 2 1 2 1 221 3 4 2 3 3 1 2 5 2 229 2 1 7 3 1 2 1 1 2 1 50 3 4 2 4 1 3 1 2 1 5 6 4 9 6 4 8 4 5 21 2 3 8 1 2 2 1 9 5 2 2 3 3 1 1 1 5 2 2 8 3 2 1 1 2 1 49 3 2 1 9 2 2 3 4 9 1 2 4 2 3 2 1 2 2 1 1 1 1 10
3 2 4 3 1 3 100 2 78 1 2 1 15 1 1 2 24 1 1 2 5 1 1 3 1 3 1 2 1 8 1 3 1 2 4 2 1 6 13 2 1 1 1 1 12 1 2 1 2 1 1 2 7 129 11 1 2 1 2 15 1 1 1 2 4 2 4 4 1 4 1 2 1 2 5 1 9 1 5 1 1 1 54 1 6 2 2 1 1 6 2 2 5 4 3 2 1 2 1 4 8 2 3 1 2 18 2 9 1 2 4 8 5 25 5 1 3 1 2 2 39 15 1 1 38 1 23 2 2 3 3 1 17 2 4 8 1 1 1 2 2 2 1 8 6 2 2 2 3 5 3 3 2 91 2 4 5 1 1 3 26 1 7 19 3 5 4 3 2 7 1 12 1 1 1 15 1 1 2 2 2 1 2 1 3 77 3 1 1 3 5 1 1 1 4 2 6 2 4 1
1 1 28 1 6 3 1 4 5 1 1 1 1 1 1 2 2 1 4 4 3 2 1 2 2 8 1 7 2 2 1 10 1 17 1 2 4 2 3 2 1 1 8 1 1 1 3 8 1 1 1 2 94 2 1 4 1 48 1 1 1 1 3 1 2 12 1 3 2 18 5 2 8 2 2 1 2 4 2 1 2 3 4 2 2 2 1 1 1 2 2 1 3 1 2 1 2 2 4 2 141 2 1 1 14 2 1 1 19 1 3 4 3 1 2 7 2 2 6 86 8 2 3 1 2 1 2 2 23 2 3 2 4 3 52 5 3 2 2 1 1 8 11 11 2 1 2 258 1 1 4 1 4 3 5 1 3 1 2 4 2 2 3 6 9 1 1 77 2 1 1 12 2 2 2 2 2 6 2 16 2 13 2 9 3 1 8 2 11 3 39 1 25 3 4 20 1 11 1 1
2 9 3 4 5 1 13 1 2 3 2 4 1 16 1 1 1 3 15 6 4 1 1 1 1 3 2 3 2 1 3 2 2 1 1 2 2 2 2 1 6 2 2 5 1 9 7 1 1 4 1 1 3 1 1 2 6 12 13 1 1 2 3 1 8 5 2 2 8 2 3 4 1 1 1 1 1 2 1 1 7 4 1 2 1 1 2 2 2 2 3 1 1 7 1 7 3 3 2 3 10 2 2 1 1 5 1 5 4 1 2 2 8 1 2 2 1 2 3 2 3 7 1 5 3 3 2 2 2 1 2 5 2 1 4 1 6 1 2 4 1 1 2 2 31 9 3 2 1 2 4 2 2 2 1 2 1 3 17 1 1 9 4 1 1 1 2 1 58 1 5 7 2 1 3 2 1 1 1 8 2 2 1 2 1 2 1 1 4 5 1 3 1 5 14 1 4 2 1 3
2 2 1 2 1 1 45 1 2 2 6 2 1 1 2 1 159 16 2 2 2 2 2 4 7 2 32 7 2 2 2 17 3 1 3 7 2 7 2 1 44 3 1 8 5 2 2 3 2 1 3 1 1 1 1 6 7 1 3 1 2 2 2 2 2 4 2 1 1 2 3 5 2 1 1 7 74 21 9 3 1 3 6 2 27 4 1 3 7 4 1 1 113 2 14 22 1 3 1 1 1 7 1 17 1 1 2 2 3 3 14 6 2 1 1 1 1 1 3 1 12 2 1 1 1 1 4 2 1 12 4 4 8 1 2 2 2 17 1 13 1 1 1 4 12 2 3 5 2 1 1 6 5 1 5 4 4 5 3 7 3 4 1 36 1 3 2 7 13 2 1 1 5 2 1 9 2 3 1 5 1 1 5 2 3 1 4 3 1 2 1 2 23 2 2 1 1 2 10 4
1 1 8 1 2 3 1 3 1 1 3 1 1 1 1 9 1 4 2 1 1 1 25 363 2 1 1 14 1 1 1 2 1 2 1 1 3 3 1 3 1 2 3 12 5 2 3 11 26 1 2 4 5 1 2 1 4 5 2 5 6 2 1 3 1 2 2 2 4 1 7 67 11 2 24 2 1 3 1 3 2 2 3 2 1 1 3 2 4 3 3 1 1 3 2 4 2 3 6 2 1 1 2 1 2 144 1 1 2 4 8 2 3 1 16 57 2 3 21 4 1 2 2 6 1 2 3 1 3 2 1 1 2 1 1 2 2 2 2 2 3 5 2 2 2 2 2 30 1 2 2 5 1 24 4 1 5 2 8 1 2 1 7 2 4 1 2 19 1 1 14 1 10 14 1 2 14 16 3 1 2 1 1 2 1 3 4 2 1 1 1 2 2 2 1 1 2 2 441 2
1 2 2 2 3 3 4 4 2 4 3 2 3 1 1 1 3 1 1 2 4 15 2 7 1 18 3 1 4 7 10 2 5 2 2 1 2 10 1 9 8 1 1 1 3 1 4 1 2 2 2 3 1 1 1 2 15 1 1 1 1 1 1 1 4 1 1 6 1 2 2 8 3 1 1 1 1 2 2 34 1 3 3 2 2 6 21 12 2 6 1 2 2 2 5 1 1 2 18 9 40 1 6 1 4 4 2 1 4 2 2 2 1 1 2 3 9 2 58 2 2 2 1 1 1 1 7 3 1 2 2 1 1 4 6 5 2 2 2 17 1 3 1 2 1 1 1 2 3 1 1 1 1 3 3 2 1 7 1 1 62 1 1 4 6 52 2 2 2 1 1 2 30 51 2 1 3 2 2 1 2 10 1 4 1 2 4 1 4 1 1 1 1 1 1 2 3 4 1 2
4 8 8 1 1 4 1 1 6 2 2 1 1 4 26 2 6 16 1 3 1 2 6 2 1 2 3 5 11 10 3 1 2 1 2 85 5 2 6 1 1 1 1 2 2 5 12 1 12 1 16 8 2 1 96 4 4 3 2 2 2 1 4 1 1 3 1 2 2 1 16 17 2 2 1 10 6 29 2 1 1 1 2 48 4 1 1 1 2 2 1 4 2 1 5 1 2 1 1 1 4 2 4 3 1 45 1 1 1 20 3 2 2 1 1 8 3 1 2 1 10 1 12 3 2 2 2 9 1 1 6 3 2 2 1 1 4 2 2 2 2 3 1 2 19 2 2 1 6 2 2 1 3 1 1 3 4 2 18 15 1 1 3 2 1 2 2 15 1 1 1 2 1 4 1 5 4 2 4 2 2 2 1 2 2 1 23 86 1 1 1 16 1 7 18 2 5 2 1 1
1 1 3 4 12 1 1 4 5 7 2 26 3 1 2 1 1 3 3 5 1 1 1 44 28 2 2 3 5 1 1 4 3 1 2 7 5 3 2 1 2 3 1 3 27 17 1 1 5 14 2 4 1 2 2 2 76 1 2 2 4 41 3 3 1 1 1 1 2 2 3 1 3 2 2 3 4 2 16 26 2 6 1 2 70 3 5 2 38 1 6 1 4 3 2 9 6 1 6 4 3 2 3 2 43 2 1 44 1 3 1 8 1 2 2 1 1 1 2 6 1 10 1 2 6 3 3 1 2 1 2 5 11 14 2 1 2 4 1 11 3 1 2 1 4 1 3 2 1 15 2 5 4 1 2 3 5 1 1 5 1 1 1 1 19 1 2 2 5 6 4 1 2 1 5 3 60 2 4 5 4 3 1 1 3 1 2 5 1 1 1 1 1 3 5 1 2 1 2 2
1 2 1 1 2 5 6 3 3 1 1 24 17 6 2 3 2 1 1 1 3 3 3 1 3 4 8 2 1 6 2 4 1 3 4 17 1 17 1 2 1 1 35 4 1 2 3 2 15 1 3 3 2 1 3 1 4 3 1 2 1 1 3 4 1 6 1 2 1 1 1 1 2 1 1 2 5 2 1 1 1 53 3 1 2 1 8 2 3 2 2 2 1 2 2 2 4 2 2 1 11 3 5 2 1 17 9 1 3 1 3 15 2 10 1 1 81 5 2 1 4 2 1 4 2 8 1 1 5 5 1 1 2 2 2 1 1 2 4 2 1 39 3 8 1 1 2 1 1 4 2 1 3 1 10 15 1 3 2 2 1 5 1 1 15 20 1 15 2 2 1 2 1 12 2 1 2 1 3 1 1 1 40 1 27 2 2 2 1 2 2 2 2 1 2 4 2 2 2 3
2 3 4 2 1 12 3 2 1 2 1 1 1 1 1 1 2 3 2 22 3 9 50 2 1 3 3 3 2 2 2 1 1 3 64 4 2 3 2 1 2 13 26 2 2 1 1 2 2 1 1 3 3 1 2 1 2 1 1 1 1 2 2 3 1 1 2 4 1 4 4 5 7 2 3 8 17 4 1 1 2 1 3 1 1 2 12 2 1 1 2 9 1 6 15 1 1 36 1 3 1 4 3 1 1 1 43 2 1 2 1 1 1 50 1 2 4 2 2 1 2 1 1 2 17 2 1 2 1 1 13 1 6 3 2 2 13 1 2 2 2 3 2 2 2 1 1 15 1 1 2 125 2 6 1 2 1 10 2 2 4 2 2 2 12 1 1 4 8 2 2 10 2 2 2 2 5 1 12 1 1 1 1 2 2 43 1 1 4 4 5 2 2 1 4 2 24 1 6 2
1 3 2 3 5 8 1 7 7 1 265 4 4 1 1 4 1 1 22 6 3 1 5 3 2 2 2 14 7 11 1 2 1 159 10 2 6 1 1 3 2 47 3 3 1 16 2 3 3 4 1 1 1 7 12 2 1 2 6 2 1 1 1 2 2 100 1 1 5 2 2 3 5 1 9 3 1 1 7 5 1 3 2 3 6 1 2 1 1 1 3 4 3 1 3 32 1 7 158 1 2 2 1 1 1 1 4 6 3 1 1 1 1 4 2 4 4 2 3 1 11 3 7 2 2 3 2 47 5 2 8 2 1 86 1 2 2 1 27 6 15 1 5 4 3 1 1 2 15 1 22 2 1 1 1 3 4 2 1 13 2 1 13 8 1 1 2 14 9 3 1 5 11 1 17 2 8 1 10 1 8 2 2 6 5 3 3 2 6 2 1 2 1 17 2 6 8 2 4 1
2 2 19 2 2 1 2 2 2 18 1 1 1 2 1 8 2 1 2 2 2 3 1 2 1 2 4 4 10 1 3 1 3 7 3 3 1 2 1 1 2 14 4 2 1 4 1 1 8 2 11 6 2 4 19 5 1 2 2 12 1 1 10 57 1 1 2 6 7 1 1 2 1 1 1 3 2 2 1 2 1 9 10 2 2 1 1 1 3 4 1 2 1 1 2 5 6 2 6 5 1 8 1 4 2 1 3 2 2 1 1 20 2 1 2 1 1 2 9 2 2 1 1 2 10 1 6 1 2 2 1 2 1 1 41 4 3 2 2 1 2 1 3 2 1 2 1 2 4 1 1 2 3 1 1 2 2 4 3 2 2 2 5 1 2 13 1 3 3 61 2 8 57 3 2 1 2 3 1 1 2 1 2 2 7 3 2 3 3 2 4 1 2 1 1 2 3 1 1 3
3 1 1 2 11 6 1 4 2 71 16 2 2 1 1 1 24 7 2 5 2 2 1 1 13 2 11 6 1 97 7 2 2 2 1 2 2 2 2 3 1 1 1 1 2 2 67 1 1 1 3 5 2 3 2 1 9 3 2 2 1 2 9 68 2 1 1 4 2 1 2 1 1 3 8 6 2 1 3 1 2 1 77 1 2 1 1 222 1 5 3 50 1 3 1 7 1 1 1 7 4 3 2 10 1 1 1 1 1 6 50 10 2 3 2 27 3 2 10 1 11 1 2 1 27 8 1 3 6 5 1 1 43 1 2 4 1 6 1 4 3 1 2 1 2 2 92 8 6 3 8 3 26 1 5 1 4 4 6 2 5 2 5 2 8 9 7 1 14 2 6 3 62 2 2 1 4 1 1 1 5 1 4 1 1 3 1 2 5 2 1 11 2 4 1 7 1 2 2 13
51 1 41 2 1 14 3 5 1 1 1 2 10 1 4 1 1 8 1 4 1 2 44 8 1 1 1 1 15 2 2 1 1 2 126 2 3 1 7 1 2 2 197 1 91 2 2 1 3 1 2 1 7 2 1 1 1 2 1 2 1 3 2 2 1 1 2 1 6 3 4 2 11 2 1 6 2 2 2 7 2 2 1 2 2 10 1 19 1 1 3 1 1 6 3 1 2 1 2 5 1 1 5 2 12 3 2 1 7 1 1 2 1 2 1 1 3 1 8 1 7 1 1 3 2 1 1 4 1 2 4 1 2 1 2 4 2 2 175 1 3 1 2 2 2 2 2 1 7 1 10 2 2 1 115 5 1 4 5 78 3 3 1 8 1 2 1 2 1 3 1 1 1 1 1 1 1 1 1 2 1 19 1 2 1 2 3 4 6 1 9 3 1 3 3 2 1 1 6 1
5 1 1 1 1 4 1 2 1 2 1 2 3 3 2 1 2 12 45 1 1 9 2 26 8 3 7 1 2 3 5 1 2 1 2 2 3 1 1 1 2 12 1 2 1 1 2 1 1 3 2 4 3 3 1 2 2 1 5 9 1 3 2 1 1 2 3 3 2 3 2 2 3 1 2 5 1 1 1 2 2 1 14 3 2 1 2 2 2 3 9 2 1 1 9 6 2 5 1 3 1 2 1 4 5 9 1 1 6 3 10 4 1 2 2 1 3 3 1 2 6 2 1 1 1 2 5 14 2 2 7 98 8 2 5 51 1 3 1 1 1 2 1 3 1 3 2 2 3 2 3 3 1 3 1 1 3 3 3 2 9 1 2 1 2 3 1 5 1 5 1 2 1 2 3 3 3 3 1 1 2 1 1 5 3 1 2 3 2 10 1 3 3 4 1 1 1 2 4 1
5 2 3 3 3 2 13 2 6 9 1 3 3 3 2 1 9 2 1 1 1 1 3 4 2 1 2 21 5 3 1 3 2 6 1 2 1 1 2 1 1 3 2 4 1 5 1 6 11 2 1 1 2 1 1 1 1 2 1 3 5 2 15 1 1 1 6 2 5 1 3 3 39 3 1 12 1 1 2 4 2 6 9 128 4 1 2 2 1 6 27 1 2 2 1 25 2 1 3 5 24 1 2 1 4 6 1 1 1 2 5 4 1 7 1 2 1 2 2 54 1 5 1 4 1 2 3 2 2 1 1 3 5 2 10 3 5 1 1 2 1 8 6 3 5 2 32 4 1 45 17 4 2 1 10 7 1 2 2 2 1 5 2 2 5 1 1 5 1 2 1 23 2 1 1 1 13 1 1 2 4 1 2 4 14 1 7 4 1 1 1 1 5 6 1 2 1 11 1 2
3 5 6 2 1 2 2 2 4 2 14 2 21 9 1 3 1 2 2 4 2 1 1 2 4 1 2 2 9 1 1 3 23 3 1 1 2 7 1 1 3 3 3 3 1 10 3 3 6 1 6 2 2 1 2 4 2 1 3 5 5 2 1 1 1 1 4 3 2 12 2 2 12 5 1 1 6 2 2 1 20 3 2 5 1 1 3 2 2 1 1 1 2 10 1 2 5 5 6 15 3 4 5 1 21 4 1 1 2 2 1 1 8 2 3 6 2 1 4 1 5 1 1 3 3 4 2 1 1 1 20 1 2 35 2 8 5 1 3 2 2 1 1 2 4 1 3 2 1 26 2 127 1 8 2 1 1 10 1 3 7 1 3 2 3 5 3 1 2 5 5 5 1 2 1 1 2 6 1 1 103 1 82 2 2 1 1 1 1 5 2 2 11 3 1 65 3 218 3 1
1 2 1 2 2 2 4 1 1 1 2 1 2 14 3 7 2 42 11 3 6 2 11 2 3 30 8 2 1 3 3 43 4 2 2 1 2 5 1 3 2 2 2 4 1 2 2 2 2 1 8 61 6 2 8 3 1 1 27 1 7 7 1 2 9 2 2 1 1 2 3 2 2 3 1 3 6 1 4 10 5 2 1 1 3 2 1 5 22 1 2 1 5 1 129 2 2 2 1 2 2 2 2 12 1 2 3 1 2 2 1 3 2 5 1 4 1 17 1 60 3 4 2 1 1 6 3 3 6 2 1 12 4 2 9 1 18 4 9 2 1 1 1 2 1 2 2 2 5 2 4 8 35 2 4 3 2 21 1 3 4 2 10 2 2 7 1 2 2 1 1 2 2 1 2 8 6 1 1 3 3 2 27 2 2 4 2 1 1 1 2 2 2 11 3 3 1 1 6 1
1 2 1 1 5 4 7 2 1 2 8 2 1 5 1 13 1 1 4 1 1 2 2 1 2 1 22 7 3 3 2 7 30 17 2 3 4 14 3 2 3 3 8 2 1 2 1 3 8 1 1 1 3 1 3 2 24 23 24 16 2 6 2 13 2 1 1 2 2 21 5 1 8 2 6 3 7 1 1 1 2 1 2 2 1 3 2 2 1 1 3 7 9 32 1 1 6 1 2 2 2 11 1 2 1 1 5 1 1 1 2 1 8 3 3 1 3 2 2 3 2 2 1 1 4 3 2 1 1 2 1 11 5 2 2 5 11 2 1 1 50 2 4 14 1 3 13 6 1 1 6 3 1 3 3 1 3 21 7 3 7 1 1 6 1 2 2 2 1 1 3 2 1 1 2 1 4 2 2 5 2 3 1 1 1 2 1 15 2 2 1 2 1 1 1 1 1 3 2 3
1 11 5 1 3 5 8 1 1 8 36 1 7 10 15 21 3 3 1 3 6 1 2 2 8 65 2 1 4 1 10 1 3 20 2 2 1 2 1 1 1 2 18 2 1 2 9 1 1 1 1 1 1 1 1 2 4 3 1 2 6 2 4 4 2 1 1 3 1 1 1 4 2 37 7 5 2 2 2 1 21 1 1 1 31 1 3 3 1 1 230 12 5 3 1 1 4 130 2 397 7 2 1 4 7 5 19 1 3 2 1 14 1 3 8 1 2 5 2 2 4 1 1 22 12 2 1 6 12 10 1 5 1 3 10 1 1 3 1 3 1 1 54 2 1 3 1 1 19 1 1 2 1 2 3 15 13 2 1 17 4 2 9 3 51 43 1 2 2 2 11 2 5 2 2 2 25 1 8 1 18 1 3 2 10 4 1 2 3 6 4 1 4 3 102 1 1 1 125 5
2 5 69 2 1 3 6 2 1 1 10 2 2 5 3 1 2 14 1 3 3 6 1 1 1 2 1 1 1 3 1 1 41 1 2 2 4 6 1 2 2 1 87 1 3 10 2 22 2 9 2 2 1 2 5 2 1 1 2 9 1 4 1 2 3 5 1 1 1 1 1 1 2 1 1 4 3 1 3 2 4 5 2 1 1 1 16 29 1 2 7 1 3 4 4 3 3 26 1 1 20 7 4 1 8 1 4 1 2 2 6 2 4 10 3 2 1 9 4 5 1 3 50 4 2 1 21 1 4 3 3 5 2 4 1 2 1 2 1 2 4 4 3 121 1 1 2 4 2 360 2 38 7 2 2 1 3 12 2 2 12 2 1 2 2 12 2 4 3 1 4 1 2 3 11 1 4 1 4 1 1 19 1 1 2 3 5 24 2 3 1 1 4 2 2 1 1 1 7 1
2 28 1 2 5 5 1 1 1 1 1 9 2 44 3 1 2 2 1 1 52 1 10 2 2 6 1 3 2 7 4 1 2 2 2 1 1 2 7 2 2 2 7 3 3 1 2 4 1 10 52 1 1 2 1 2 6 3 2 1 4 8 1 1 1 1 24 4 1 1 2 2 1 2 1 3 1 5 7 2 2 3 1 1 1 1 1 1 1 2 12 2 1 8 2 2 1 1 2 2 2 15 2 2 26 7 3 3 2 4 2 5 3 13 1 9 2 2 1 4 6 1 4 1 1 2 4 1 11 3 24 6 3 3 5 2 1 1 2 2 2 1 1 1 11 3 2 1 1 3 59 1 2 2 1 1 1 3 1 1 25 2 6 18 2 9 10 3 1 5 1 1 1 9 2 2 1 2 3 3 1 1 4 2 7 2 6 1 3 6 2 2 3 2 1 1 8 1 1 9
5 1 1 7 1 1 1 1 2 10 4 1 2 3 1 2 2 6 3 2 1 2 1 3 6 2 4 2 78 1 4 5 8 1 4 3 5 2 2 9 2 1 1 8 6 2 48 1 2 1 2 3 2 1 1 4 1 20 1 2 3 3 9 4 1 20 2 4 4 1 1 1 9 8 429 9 6 2 8 4 1 1 2 2 6 1 3 8 3 35 14 5 1 1 2 2 1 6 1 1 10 22 3 2 2 2 1 2 1 1 1 4 1 8 1 1 2 2 2 1 7 8 2 2 1 2 1 1 1 3 1 5 2 2 2 1 5 9 1 2 3 2 2 1 2 2 1 1 3 5 1 2 18 1 2 1 1 10 6 1 2 18 1 1 1 2 4 2 3 2 2 3 1 1 1 2 2 2 4 2 1 68 23 1 1 1 6 4 2 6 2 9 54 6 2 2 11 2 5 4
40 1 7 1 1 1 2 14 2 3 7 1 1 1 3 1 5 1 3 6 15 1 9 1 1 2 2 2 2 1 13 1 1 1 3 1 2 3 2 4 3 9 2 1 2 3 4 1 3 3 3 2 2 2 17 1 2 1 3 1 1 2 2 2 1 2 1 1 5 2 1 3 2 7 1 4 7 3 2 1 1 29 4 1 1 1 7 10 2 3 1 1 4 2 7 2 110 1 3 3 2 3 1 3 17 4 9 3 1 3 1 1 1 6 7 1 4 2 1 1 2 3 5 1 1 9 265 1 17 4 1 1 6 1 1 1 13 3 3 3 1 2 2 2 1 2 2 12 10 1 4 1 3 1 2 2 1 1 2 2 9 11 4 1 162 22 5 2 47 8 1 1 5 3 2 3 1 23 2 1 2 2 1 3 8 2 6 2 1 1 7 1 2 1 2 2 3 2 1 10
2 5 1 8 4 1 2 2 3 2 1 1 1 1 3 2 1 2 5 295 1 53 1 2 3 4 6 5 1 5 1 2 1 1 3 1 2 4 2 1 3 1 1 16 1 5 5 2 1 1 1 2 1 2 4 1 2 2 4 1 35 1 2 2 3 5 6 2 2 2 3 2 2 4 15 1 1 45 15 1 1 7 1 1 2 18 5 1 1 2 1 1 21 3 3 2 2 1 1 11 3 1 1 2 1 1 6 4 5 2 3 1 2 1 2 15 2 3 2 2 2 1 1 3 2 1 1 3 2 4 2 4 2 15 61 1 1 4 3 2 3 6 2 2 6 2 3 3 17 3 7 2 1 3 2 1 2 2 10 1 12 1 2 2 2 6 4 1 2 12 1 5 3 1 3 2 1 1 14 7 5 30 1 2 1 4 2 2 6 3 3 3 5 3 1 27 4 1 2 9
2 9 2 1 1 1 4 1 7 7 1 3 2 2 1 2 4 3 2 1 1 9 2 5 19 1 1 1 3 3 3 2 3 1 2 1 5 1 14 1 1 1 1 2 2 1 2 2 5 1 1 2 4 3 4 1 44 1 1 2 2 4 102 2 2 7 3 37 2 3 6 242 7 2 1 3 2 1 2 3 15 3 1 2 1 1 11 1 2 1 4 1 52 8 11 2 4 1 1 1 10 49 1 2 2 2 20 1 2 1 2 1 1 2 1 1 7 4 7 1 33 1 3 9 17 1 2 4 10 8 3 2 2 13 1 8 7 2 2 2 1 3 1 35 1 1 1 7 13 1 1 2 5 6 1 1 2 1 2 1 5 1 1 5 2 1 5 2 4 1 1 2 2 4 1 22 4 4 4 3 5 12 1 1 4 4 7 1 4 1 1 1 1 3 19 3 4 7 1 1
1 2 11 2 2 1 1 3 1 16 2 1 3 1 1 2 2 2 2 2 12 8 7 1 4 2 2 2 14 1 2 5 1 14 1 3 2 1 10 1 3 6 31 2 48 5 1 3 1 4 4 1 1 30 1 2 1 2 3 2 1 4 1 3 10 1 1 1 2 9 1 1 13 2 28 1 4 1 1 1 1 2 2 2 2 1 1 1 5 2 3 4 1 2 1 1 1 2 2 1 2 1 1 2 2 3 1 7 1 1 47 1 1 3 8 2 11 16 10 2 1 26 1 1 3 1 1 4 19 9 1 1 4 3 2 4 1 2 2 6 17 1 1 15 1 2 2 3 1 2 1 1 1 1 33 1 2 2 16 26 1 2 17 2 2 2 1 1 2 27 1 3 17 1 1 318 1 3 5 1 2 2 1 10 1 2 1 4 2 4 1 2 1 1 4 16 3 2 3 2
2 2 2 1 2 1 131 12 1 3 3 1 8 1 1 1 1 1 19 45 18 10 1 6 2 2 5 5 8 1 2 3 5 2 1 2 2 1 5 2 2 2 1 1 5 2 15 3 2 1 3 7 4 1 1 1 3 1 1 2 2 3 2 4 1 4 1 4 1 2 4 159 2 13 3 1 4 11 18 2 1 2 1 1 2 8 1 3 3 6 5 2 1 3 1 1 6 2 5 3 4 3 2 1 59 2 13 3 6 2 1 6 1 1 2 1 3 2 2 1 18 26 2 1 1 2 5 3 1 3 1 43 1 10 3 2 13 1 6 4 10 16 2 1 3 1 2 1 2 1 11 57 1 2 5 2 10 1 3 2 2 1 1 2 2 1 2 1 4 1 1 1 9 4 2 12 2 5 6 7 1 2 3 1 180 24 4 2 1 2 1 1 1 57 1 1 3 6 2 1
25 3 6 3 12 11 1 2 20 13 4 2 6 15 4 1 1 2 2 3 2 1 51 2 3 1 2 1 3 41 2 4 5 1 4 2 2 2 1 4 3 1 3 1 1 2 2 3 1 110 11 1 1 1 2 1 3 8 21 2 16 2 2 1 1 2 1 4 1 1 4 2 2 4 6 2 1 1 2 2 2 2 4 8 3 7 2 2 2 1 1 2 6 2 2 2 12 6 1 2 36 2 2 7 9 2 5 1 27 2 2 1 2 7 2 2 1 2 2 4 38 4 7 2 7 3 1 18 6 2 24 5 23 1 1 1 4 3 12 3 9 1 1 4 2 1 1 1 6 7 1 1 1 3 4 1 466 1 1 2 5 1 9 1 1 3 10 2 1 2 5 2 1 2 8 1 2 2 2 2 16 12 8 1 6 2 2 4 1 2 1 14 4 1 1 3 1 2 14 2
2 7 2 1 2 2 4 2 3 1 33 1 11 1 1 4 1 1 7 2 4 1 3 14 1 4 1 2 56 4 4 1 1 1 3 1 19 2 8 1 3 9 1 15 3 2 4 60 7 3 1 1 2 2 1 3 1 1 1 1 6 9 1 2 11 1 5 1 163 2 2 1 1 2 1 1 3 1 1 2 4 2 1 1 1 1 2 1 2 1 1 2 1 1 2 2 6 67 2 24 2 1 1 2 2 3 4 4 1 4 1 2 7 6 3 1 1 2 3 2 1 1 2 4 4 2 1 1 2 2 2 6 20 1 1 18 1 2 1 3 1 1 1 2 1 2 1 1 6 1 2 1 2 1 2 1 1 1 5 3 2 1 9 1 15 11 1 19 2 4 6 5 1 1 1 36 2 2 1 1 1 5 1 1 1 4 1 1 1 1 1 3 12 2 6 5 1 2 2 1
5 1 181 1 1 2 10 3 1 2 3 9 5 2 2 3 2 1 2 6 1 5 1 55 5 4 1 1 1 2 1 1 1 2 2 2 1 3 1 2 2 2 2 51 2 5 2 2 1 2 2 2 2 1 1 3 1 451 2 2 3 1 2 2 178 3 2 2 7 6 14 3 88 6 6 5 2 2 2 21 1 1 2 1 288 13 1 1 1 3 2 2 2 3 1 76 2 6 1 1 3 2 6 5 1 10 2 7 2 3 3 6 1 21 1 11 2 2 1 2 3 24 1 1 10 2 2 3 5 15 6 4 5 1 29 1 1 2 2 8 7 2 2 3 7 2 2 4 2 6 10 3 3 2 3 2 1 1 2 10 14 3 3 1 1 8 1 2 3 3 1 3 9 1 4 16 1 77 1 4 4 16 1 1 2 2 1 2 4 4 2 40 51 1 1 2 3 3 2 1
2 8 4 2 1 2 5 2 3 25 1 2 1 2 1 1 3 1 2 11 2 3 2 1 1 2 1 3 1 5 2 1 3 3 1 2 1 5 3 1 3 1 1 1 4 32 7 5 2 2 3 3 2 2 1 1 2 2 1 1 1 2 2 1 2 2 1 2 2 1 11 2 5 14 1 4 2 3 2 1 3 2 2 4 2 4 2 30 1 3 1 2 4 1 3 1 2 3 1 1 4 1 33 2 1 1 2 10 1 3 16 1 4 2 1 3 1 1 6 1 2 3 3 1 2 3 5 3 1 3 1 9 6 1 2 1 15 26 2 1 8 2 1 12 1 1 3 3 1 2 1 1 8 2 2 10 2 1 23 4 30 2 3 3 2 3 1 5 2 4 3 2 2 2 5 1 1 1 3 1 7 1 1 19 1 6 1 2 1 1 1 5 1 2 1 2 1 1 60 1
1 8 3 1 35 1 1 1 1 9 31 4 2 2 1 3 7 10 1 1 2 1 1 3 1 1 2 1 1 3 1 3 5 1 3 2 3 3 1 3 2 2 1 13 3 1 1 1 1 1 4 2 2 1 2 7 2 13 1 18 4 2 3 2 13 4 1 1 4 2 3 2 4 2 5 1 3 18 8 2 1 1 4 1 2 2 2 1 2 2 9 3 3 1 1 1 1 1 2 1 2 1 2 24 1 2 1 4 4 4 4 6 2 2 12 2 2 1 2 6 31 1 16 1 2 1 1 14 3 1 4 1 2 6 1 4 14 2 5 7 1 2 1 6 7 2 1 1 38 1 3 3 3 57 30 4 1 1 1 7 2 10 3 2 13 7 3 1 1 1 1 2 1 4 11 1 6 1 1 116 1 1 1 3 1 3 1 6 6 32 1 3 1 1 1 1 27 1 1 9
1 2 3 1 2 2 10 1 1 1 1 1 6 4 9 10 2 9 2 1 2 2 1 1 3 1 3 104 14 2 4 3 1 2 5 2 6 4 6 1 4 2 1 3 1 2 2 3 6 7 1 3 1 8 3 43 2 5 3 2 28 1 1 1 1 1 3 33 1 1 3 3 3 36 1 1 3 1 11 2 3 1 16 10 2 2 88 1 1 1 1 2 5 4 7 3 1 2 2 1 2 2 2 1 1 4 1 11 1 2 18 3 4 1 1 2 1 1 3 4 1 5 3 1 23 2 1 1 7 1 1 1 3 4 2 2 4 7 1 1 3 3 2 1 2 1 2 2 4 1 4 175 3 3 43 7 1 1 3 1 1 4 4 2 3 1 1 1 3 1 1 3 20 2 120 2 8 93 2 5 1 2 1 1 4 1 2 6 1 6 2 4 1 1 1 2 1 2 1 51
1 2 12 5 3 2 2 2 1 1 99 4 1 16 2 4 1 20 2 2 14 21 7 2 3 478 1 6 2 2 17 3 21 10 1 2 1 1 1 2 1 1 3 1 1 6 2 1 9 1 1 3 12 3 1 1 5 4 10 1 3 3 2 1 2 1 3 48 1 2 1 2 1 2 1 1 1 3 5 14 2 16 1 2 4 2 2 1 7 24 2 1 3 1 4 81 1 1 1 15 1 2 9 2 2 4 1 2 1 1 2 8 3 29 2 167 2 1 23 1 5 19 1 1 3 3 2 4 3 2 3 1 2 6 1 4 2 3 1 6 1 2 2 1 6 1 9 1 4 3 3 1 2 2 1 2 2 1 3 208 1 4 11 2 2 1 1 3 392 1 2 2 1 1 5 53 2 2 2 2 1 2 2 2 1 3 1 3 3 9 1 2 2 2 1 1 1 1 2 1
5 4 1 1 1 1 9 2 13 3 2 5 2 2 2 1 3 3 7 3 1 1 4 1 1 4 2 1 4 9 2 1 2 21 2 2 1 2 2 1 13 9 6 6 2 1 2 2 1 2 2 1 6 2 5 2 5 1 9 2 4 6 2 3 1 1 1 3 2 2 2 4 5 7 1 1 4 12 2 2 2 6 2 1 1 3 2 2 1 6 2 2 2 93 8 1 5 3 2 3 4 1 9 2 2 1 7 6 2 1 1 1 8 2 1 2 9 1 1 1 2 1 1 1 1 1 1 7 1 44 1 3 4 1 5 1 1 1 2 1 6 2 12 24 1 1 1 2 2 48 9 4 4 4 1 1 2 3 5 2 1 1 2 2 2 1 2 2 1 2 2 2 6 2 2 1 12 1 4 3 2 1 1 2 2 1 2 2 2 8 2 9 4 4 4 2 1 72 1 1
7 2 2 2 3 1 2 5 3 2 2 1 7 1 1 2 2 1 102 1 4 3 4 1 1 4 3 5 1 2 2 2 1 2 166 3 1 2 1 1 2 2 1 2 2 21 9 5 2 4 8 1 2 3 1 2 2 4 1 2 3 71 2 1 2 1 2 1 20 2 27 1 1 2 2 5 3 8 1 1 1 2 1 4 1 8 1 1 1 2 1 2 3 1 2 40 1 6 2 1 1 6 1 2 1 1 1 2 25 3 3 6 6 2 4 2 4 1 3 5 1 3 1 1 1 2 6 2 1 33 2 1 3 5 3 2 1 1 3 1 7 2 2 1 2 3 1 6 2 2 1 1 2 1 1 3 1 1 7 2 2 4 1 2 2 9 4 4 2 2 2 2 1 1 1 3 2 5 2 1 1 2 2 1 23 4 4 2 3 2 1 2 9 3 2 2 1 3 5 5
1 6 2 3 3 2 2 1 3 2 2 1 3 1 1 6 3 1 7 4 7 1 1 1 3 4 3 2 1 1 2 10 1 1 2 4 2 1 2 12 4 1 3 2 4 1 2 1 1 2 2 1 5 2 9 14 185 3 2 2 2 3 3 3 1 1 9 7 4 2 1 1 2 2 4 1 18 1 1 5 4 2 2 4 2 2 298 1 22 1 2 4 24 1 1 2 15 1 9 1 1 1 1 19 3 3 2 1 6 13 1 1 6 2 3 2 2 5 6 1 1 1 3 1 2 9 4 6 1 1 1 7 2 6 3 4 1 2 3 10 17 2 7 2 3 1 7 1 2 1 3 2 1 1 1 1 2 38 2 2 1 2 74 5 43 2 1 1 1 2 7 9 1 1 6 2 2 2 6 4 3 6 1 181 1 1 1 2 2 2 1 3 1 6 1 2 2 5 4 1
9 6 1 1 1 1 6 1 2 1 3 1 10 3 1 69 2 1 9 1 11 6 2 8 2 3 4 1 3 3 16 1 11 1 1 1 2 1 8 4 2 120 1 2 2 1 2 11 2 2 6 4 2 6 1 2 3 10 24 6 7 2 2 13 11 2 2 2 4 3 2 2 1 9 3 2 2 2 8 3 15 4 1 1 1 2 2 1 1 1 3 1 9 2 3 2 3 2 2 9 2 3 1 2 1 1 1 1 1 1 8 3 7 3 6 1 5 3 1 1 3 1 1 1 2 3 2 9 1 1 2 1 2 4 5 4 3 7 2 1 3 1 1 2 3 1 1 2 14 1 1 4 2 4 16 1 2 2 2 1 1 5 1 4 2 41 2 1 3 2 4 2 2 1 3 18 7 1 1 1 7 14 2 2 3 2 2 1 21 2 2 1 1 172 1 3 1 2 6 2
1 5 2 2 2 2 3 1 1 1 2 2 20 1 5 2 1 2 1 8 11 1 3 2 1 2 3 2 1 1 2 28 1 31 2 4 3 5 1 8 9 4 33 2 4 3 2 3 1 1 6 2 2 14 2 20 1 3 1 3 1 2 3 10 13 2 4 22 2 2 2 1 1 2 7 1 2 4 2 2 62 1 10 2 1 2 43 1 1 1 1 3 1 5 1 1 4 2 3 1 2 3 3 13 2 3 21 1 2 1 3 1 1 1 2 8 15 6 2 3 1 1 1 6 1 1 2 2 1 6 2 12 3 3 3 2 7 2 1 1 2 3 1 1 3 4 19 2 3 1 2 17 2 1 11 7 2 1 1 51 3 2 2 1 2 4 6 12 3 1 1 13 4 4 1 1 3 1 2 7 2 3 1 2 8 3 1 4 1 1 1 1 3 1 1 3 2 4 1 2
43 4 1 1 2 2 9 1 2 3 2 1 30 12 6 1 4 7 2 1 1 1 2 1 1 2 2 1 2 2 1 3 1 5 1 1 3 8 6 3 3 2 2 1 4 1 11 8 7 27 141 1 2 23 3 1 2 1 2 1 7 12 1 3 3 1 1 1 6 6 10 2 7 2 2 3 3 1 1 92 1 15 1 9 1 148 23 1 2 1 3 1 11 1 1 12 4 13 3 3 1 1 3 2 15 1 5 1 1 18 1 2 2 1 1 2 2 1 6 1 1 2 2 2 2 4 2 6 2 5 2 5 4 1 4 2 15 1 1 11 8 2 1 1 1 1 1 1 2 2 5 1 1 1 1 1 2 3 2 19 5 7 2 2 1 1 2 2 1 2 2 4 2 2 2 2 2 9 3 3 3 27 2 1 4 1 1 1 2 2 2 1 4 1 1 3 1 1 2 3
2 1 3 2 1 6 1 5 2 2 1 1 13 3 1 3 1 3 2 2 2 18 4 2 1 2 1 1 19 1 2 3 1 7 2 2 2 2 1 1 1 5 1 1 2 2 26 1 1 3 3 4 1 3 2 2 7 4 2 4 3 1 11 3 1 1 1 1 2 1 4 2 1 1 2 5 3 3 1 2 1 1 1 2 1 1 3 1 26 1 1 13 1 7 2 1 1 1 1 1 1 2 4 1 7 2 7 4 1 4 1 9 1 4 2 2 2 1 1 18 2 3 1 8 4 2 1 4 1 1 1 5 2 2 1 3 2 1 2 2 5 1 2 3 1 5 2 2 47 2 3 3 28 7 23 1 1 2 5 2 1 1 2 2 5 1 26 1 4 25 3 2 2 3 1 1 2 5 1 4 2 7 1 1 1 1 2 1 2 4 2 1 2 1 8 387 2 11 2 1
2 4 6 1 2 2 2 1 2 2 6 5 2 12 4 1 5 1 1 2 1 1 1 3 2 1 1 2 2 6 1 2 8 3 12 1 8 1 3 2 1 2 3 18 4 2 2 1 4 5 3 2 5 36 9 12 1 1 1 2 3 2 2 2 5 3 2 2 2 1 10 2 2 3 1 2 2 5 2 4 2 9 1 1 2 1 5 58 1 2 15 1 1 1 5 60 6 1 1 1 1 2 14 2 1 1 3 19 1 2 1 1 1 1 2 6 1 11 2 7 4 1 80 1 2 3 2 3 1 3 81 1 5 2 3 2 1 1 2 13 29 1 2 1 2 5 1 5 2 1 6 4 2 2 14 2 3 8 1 17 3 1 11 1 1 1 1 1 1 3 1 1 1 4 1 17 1 4 3 2 2 1 2 1 7 20 3 13 7 4 2 2 4 2 6 2 3 6 2 13
4 1 4 27 1 1 2 4 5 2 8 7 1 2 9 2 6 2 5 6 3 1 7 1 2 1 4 1 3 2 95 16 2 1 56 1 1 2 1 1 1 1 2 3 22 1 1 3 4 2 1 1 6 1 2 2 3 3 1 1 13 21 1 2 5 3 2 4 45 2 2 2 1 1 2 3 1 2 1 13 3 2 1 1 1 1 1 1 1 46 2 2 3 2 4 1 3 1 1 4 1 2 24 4 1 1 3 16 8 1 3 1 2 1 20 6 17 2 2 10 1 2 2 9 2 2 1 2 1 1 2 1 7 28 1 20 10 4 2 1 1 3 61 15 1 2 3 2 13 2 2 4 1 2 2 6 4 17 7 70 3 185 2 2 1 7 2 1 44 4 1 18 2 3 2 1 1 1 9 2 9 2 7 2 1 1 1 1 1 6 1 5 1 2 1 1 7 1 1 1
1 1 2 8 4 2 3 2 4 5 1 1 2 86 3 11 2 2 2 9 3 2 41 14 2 1 2 1 1 1 1 2 1 2 11 4 1 4 1 2 2 102 1 3 2 2 1 1 2 2 2 2 2 4 2 3 1 2 3 1 2 2 2 2 1 1 13 1 1 7 1 2 13 1 2 2 3 12 2 3 1 12 1 1 4 1 1 1 2 2 3 18 2 1 14 2 5 2 7 4 3 125 2 1 4 3 2 6 1 4 2 1 5 2 6 4 1 25 1 1 2 7 6 3 1 4 1 5 2 1 3 1 2 3 40 6 3 4 8 1 2 5 46 4 23 1 1 1 2 4 3 4 2 1 3 2 2 2 1 1 1 1 2 22 2 7 3 2 25 2 13 2 1 1 1 1 3 5 2 6 5 5 5 3 6 2 18 3 13 2 1 59 4 1 2 3 1 2 4 1
2 2 3 1 1 8 2 1 4 3 2 5 3 4 12 2 2 4 11 1 3 1 2 1 4 9 2 4 4 1 2 2 16 1 1 1 3 2 2 2 1 1 3 4 12 2 1 1 8 2 4 4 5 6 20 12 2 1 2 9 1 1 4 3 4 6 7 3 4 1 3 1 11 1 4 14 2 3 2 1 1 3 4 2 1 2 3 14 5 2 1 6 1 1 5 2 2 2 1 1 4 4 1 3 2 4 1 41 3 3 11 1 1 5 2 295 1 6 2 1 2 6 7 3 2 11 20 1 1 4 1 3 2 25 1 13 1 6 2 2 4 1 3 2 1 5 3 2 2 1 111 6 1 1 1 3 2 2 14 1 1 1 6 10 1 206 1 43 4 3 1 3 4 2 8 1 2 1 1 7 4 1 2 1 1 1 1 8 1 6 1 1 2 1 4 3 2 3 8 1
1 2 32 2 5 3 6 1 3 2 1 4 1 1 1 1 20 2 1 3 5 2 1 4 1 2 1 1 1 3 7 2 2 2 8 2 1 5 2 6 1 1 3 16 3 3 4 1 3 3 3 3 6 8 17 2 2 7 2 5 1 1 1 4 6 1 3 2 216 2 2 8 2 2 1 3 2 16 101 1 2 2 33 3 3 5 1 1 3 3 1 1 1 1 3 3 1 7 1 8 1 10 2 3 2 3 2 15 2 6 2 3 3 3 3 1 3 3 2 59 3 1 1 1 6 2 1 3 2 21 2 4 3 2 5 2 3 1 4 4 12 4 1 2 2 23 2 1 2 1 1 2 2 1 1 1 2 5 19 2 1 5 1 2 5 1 2 3 2 1 1 1 3 1 2 1 9 2 5 1 3 2 5 3 1 1 15 1 2 29 2 3 2 7 1 2 1 28 1 1
3 1 2 14 1 1 1 2 2 2 1 1 1 1 1 1 4 1 1 10 1 1 2 1 1 1 1 5 1 1 1 2 1 2 1 7 1 3 4 2 2 2 4 1 1 6 6 3 2 1 4 3 1 1 1 1 2 1 9 1 5 3 3 3 1 1 1 1 1 1 3 2 5 1 1 1 2 2 1 1 5 5 1 7 9 1 1 18 1 22 2 3 1 5 2 2 3 1 1 1 1 3 1 1 9 1 1 2 2 2 1 1 1 1 2 43 2 1 2 4 3 1 2 1 13 1 1 2 2 1 1 2 6 2 15 9 4 3 3 4 1 2 1 2 2 21 6 3 1 1 1 4 1 1 1 1 1 24 2 2 2 1 2 1 4 1 1 2 2 34 1 3 71 28 9 2 2 2 3 2 2 3 1 2 7 9 50 4 1 11 2 2 2 1 11 2 3 1 1 3
2 2 2 2 1 2 1 2 7 4 1 9 8 3 2 5 1 1 3 1 1 11 3 15 2 56 2 1 3 1 2 5 30 1 2 1 8 1 39 2 2 3 2 1 1 3 3 2 2 2 2 2 1 1 1 2 2 4 12 4 1 2 2 12 3 2 1 3 3 3 2 1 1 26 2 18 2 2 2 8 1 10 1 2 1 165 1 2 7 1 1 2 9 6 6 1 1 1 1 2 2 4 2 2 25 4 5 4 2 4 2 1 4 1 2 3 5 4 2 4 20 3 13 3 2 1 2 1 5 2 2 2 3 3 1 7 1 2 1 12 5 1 1 1 2 3 1 73 1 1 7 3 1 7 2 16 3 2 2 1 1 7 3 3 1 2 32 4 6 2 4 22 1 1 2 2 2 11 1 1 2 2 2 3 1 1 3 1 1 23 2 2 12 1 2 23 2 1 2 1
1 1 2 1 2 7 16 1 2 1 12 1 1 1 2 1 21 50 1 2 1 21 3 3 1 2 84 2 3 1 2 1 1 1 18 3 1 4 18 10 1 1 2 3 1 4 1 3 2 1 1 11 4 1 3 2 2 18 1 4 2 16 1 22 2 5 2 1 6 19 17 3 2 9 2 5 7 1 2 3 15 2 3 2 8 1 1 2 1 5 4 4 1 1 4 2 3 1 1 2 1 2 1 1 1 1 1 2 1 1 1 1 1 1 2 2 3 10 1 3 1 12 2 2 1 1 4 1 1 1 2 1 5 7 2 2 1 2 62 1 4 3 2 3 19 1 3 1 1 77 14 3 1 2 3 1 32 2 7 2 2 1 1 2 2 1 2 2 2 2 6 1 1 10 4 2 1 1 3 2 2 2 2 1 1 2 5 27 1 1 3 4 2 4 2 2 3 2 2 2
2 2 7 2 3 1 2 11 1 2 2 2 1 3 2 4 3 1 9 2 5 2 3 1 2 5 2 4 9 1 36 3 1 2 1 2 2 1 1 3 2 1 10 2 2 2 1 2 1 1 1 3 1 6 36 1 14 378 2 3 1 7 3 1 2 2 1 1 4 3 3 1 4 2 1 9 21 6 2 1 2 2 4 3 6 5 13 1 2 1 6 2 7 1 1 2 1 2 1 1 1 3 1 3 1 1 3 5 4 2 68 3 3 12 1 5 46 1 5 1 7 1 2 1 3 2 2 1 1 10 6 1 1 14 1 3 2 2 3 2 2 1 1 2 4 2 2 3 1 2 2 1 3 2 1 1 1 1 5 3 1 7 25 6 1 2 3 2 1 3 1 202 2 1 2 2 2 2 1 2 1 1 2 14 1 2 2 1 42 10 5 2 16 2 1 3 6 2 1 3
1 1 2 2 5 3 5 1 5 1 3 1 1 5 2 2 5 3 1 1 8 2 1 25 1 4 4 2 5 2 2 3 1 2 2 8 11 4 3 76 4 5 1 1 2 2 2 5 4 9 1 2 1 2 10 3 4 7 3 2 2 2 80 2 3 1 2 1 2 1 7 3 13 1 6 3 3 2 2 1 10 2 2 1 2 3 237 4 1 4 2 1 1 2 8 2 5 2 4 3 2 3 4 1 6 1 1 1 6 10 1 2 3 1 4 1 19 2 4 2 3 1 5 2 13 3 3 2 1 2 2 3 28 2 1 2 1 9 71 5 13 1 1 2 1 2 2 1 2 1 4 7 2 1 3 10 5 1 13 3 2 3 1 1 18 2 3 2 2 1 2 16 2 2 1 13 6 2 1 3 9 17 1 10 2 2 4 2 1 1 1 4 2 1 2 1 46 1 2 2
1 1 3 1 1 15 2 2 13 1 1 1 2 5 3 1 2 2 2 1 1 1 139 2 2 4 3 3 15 1 2 3 1 1 5 8 1 1 2 3 3 6 1 1 1 14 2 1 32 2 3 1 52 44 8 1 2 3 2 4 1 2 1 2 1 2 1 1 3 2 5 4 1 1 3 2 1 1 1 1 7 2 2 1 5 3 4 9 3 1 10 62 1 6 3 2 2 6 93 1 1 3 20 2 1 3 3 3 7 2 2 7 7 2 1 1 5 1 2 5 1 22 2 1 1 2 2 3 1 12 7 3 4 5 3 5 2 1 1 14 1 3 1 2 1 35 3 1 3 2 2 1 19 1 4 1 3 1 2 3 3 1 2 1 2 1 2 34 7 1 2 1 2 4 1 4 1 1 3 1 1 2 1 2 2 2 1 1 3 1 3 2 2 53 2 1 2 1 8 2
2 1 2 108 2 1 2 2 2 1 2 7 3 2 8 2 1 3 1 1 2 1 1 1 3 1 1 1 1 1 4 5 3 1 2 2 2 4 3 1 1 1 14 1 3 2 1 7 4 2 2 4 1 1 2 4 1 2 19 11 1 121 2 7 2 2 5 1 3 1 2 1 24 1 18 3 1 35 11 2 19 7 4 1 1 1 3 2 2 2 3 2 4 2 2 3 8 1 1 1 3 1 1 3 2 16 75 11 2 3 2 3 2 4 10 3 1 1 2 3 2 2 2 1 2 4 1 3 1 9 1 1 6 2 2 9 1 3 2 16 2 18 3 7 2 5 1 2 2 7 12 1 7 1 1 20 19 3 2 2 2 5 2 2 30 4 1 7 3 1 1 19 9 1 2 3 2 12 1 112 1 4 1 2 2 2 4 1 2 2 1 2 1 3 1 7 17 2 1 1
2 3 1 2 1 4 6 4 1 3 2 2 4 12 2 3 7 1 3 2 2 3 1 1 11 56 1 1 6 2 3 1 5 6 1 2 1 1 2 5 31 2 2 1 1 1 3 2 2 1 12 1 58 1 1 8 3 2 2 10 3 4 2 4 1 1 4 1 2 1 1 2 5 2 4 6 1 2 3 2 1 4 2 26 1 3 1 8 2 2 1 2 1 2 2 1 6 1 1 4 1 2 4 2 2 2 3 15 6 2 10 14 4 1 2 2 1 3 2 20 2 1 1 16 1 2 1 2 1 1 1 2 13 1 2 1 4 2 4 1 1 48 7 1 2 1 2 2 2 2 4 5 2 7 1 1 2 1 1 1 1 2 8 2 2 2 2 1 1 2 2 1 2 1 1 1 1 5 4 1 13 2 3 1 1 1 2 2 2 1 19 9 12 1 3 2 4 2 13 2
8 3 3 1 4 2 2 2 34 2 2 1 2 2 3 1 3 1 2 1 1 2 3 15 5 1 1 8 2 1 4 4 24 1 1 2 1 25 2 1 1 2 7 4 1 1 2 2 1 1 199 2 1 5 12 2 2 24 11 1 5 3 1 2 1 2 2 4 2 1 7 2 4 95 2 43 4 6 1 2 2 1 1 3 5 13 10 1 2 17 2 1 11 1 4 1 3 1 2 3 2 1 2 184 12 2 2 3 3 5 18 11 2 3 1 1 6 2 21 3 2 2 1 3 9 3 5 3 12 3 1 13 2 1 57 1 32 3 8 4 2 5 4 4 1 2 2 5 3 31 2 2 1 2 1 4 3 1 2 1 2 3 3 2 2 1 2 2 2 1 1 8 2 1 1 10 1 1 2 5 5 6 1 1 6 3 18 2 1 11 1 2 1 12 1 2 2 1 144 6
2 2 2 1 1 2 1 2 2 2 2 2 23 1 3 3 5 1 3 6 2 8 2 2 1 2 3 3 2 2 1 3 3 1 3 1 5 39 2 2 11 1 1 1 3 2 25 2 31 4 16 1 2 2 1 1 1 3 20 1 5 2 2 1 2 2 1 1 10 1 35 4 1 19 2 2 1 2 2 2 2 2 6 1 5 4 2 1 3 6 7 2 9 21 3 1 2 4 2 1 2 4 4 2 1 1 2 2 1 1 8 1 1 19 1 32 3 2 3 2 3 1 2 5 2 14 15 1 2 1 2 1 22 2 58 3 1 2 2 10 2 3 1 7 1 1 8 3 2 28 8 16 7 17 1 18 4 1 38 14 4 44 5 3 11 1 53 1 13 3 2 20 1 2 42 2 1 3 2 10 5 15 2 2 4 4 2 2 2 2 3 32 2 3 2 7 1 24 1 7
11 5 2 13 2 4 3 3 1 7 3 5 2 2 2 1 1 1 5 1 3 2 1 1 2 1 2 20 9 1 1 2 6 2 82 7 1 4 1 1 1 1 1 1 1 5 3 2 1 2 2 13 3 1 2 1 2 1 2 2 1 4 1 130 10 1 2 1 1 1 28 4 46 181 2 1 1 7 5 1 2 10 6 3 1 2 1 12 1 1 2 11 6 2 1 3 4 38 1 3 25 1 1 2 3 2 2 1 2 1 252 2 1 4 4 10 6 4 1 1 69 2 2 26 8 16 4 2 5 1 5 2 6 2 2 12 3 7 127 1 1 1 2 1 4 1 1 3 2 1 260 3 1 6 4 2 8 2 3 1 6 1 1 1 1 1 3 2 1 1 3 2 15 5 2 1 4 7 1 1 3 5 17 12 2 2 7 5 1 2 3 3 1 2 1 1 1 1 4 36
2 2 1 2 2 7 1 1 6 1 1 1 2 2 1 4 1 7 2 1 4 3 4 5 7 2 15 3 1 4 2 2 5 1 2 120 2 1 1 1 2 1 2 1 1 1 2 1 3 6 4 2 10 5 1 5 4 2 2 2 1 1 2 11 5 1 4 2 4 4 75 2 8 5 2 2 1 2 2 4 16 1 1 5 1 1 7 1 4 2 1 1 1 2 1 44 1 3 1 1 2 1 5 2 2 1 8 4 6 43 2 8 1 1 2 1 2 1 10 3 1 153 4 1 2 2 6 2 3 6 3 1 1 3 70 2 1 5 1 1 2 1 36 2 53 2 2 2 2 1 4 1 4 2 2 1 1 3 2 2 2 2 2 7 1 1 1 4 5 1 2 26 2 1 1 1 8 12 1 2 2 1 2 14 11 2 2 8 2 1 1 2 1 1 10 1 2 32 2 2
1 1 3 1 2 2 1 1 1 1 1 4 3 1 2 1 1 1 6 1 1 1 91 4 10 33 2 1 3 2 3 6 2 1 2 4 13 1 2 2 1 7 2 2 33 2 2 36 3 8 2 2 1 1 1 1 1 3 2 2 2 2 1 1 2 1 2 2 4 3 1 35 96 2 15 4 3 1 4 3 2 1 31 1 9 1 4 2 3 3 2 1 2 3 1 3 2 2 1 1 55 3 4 4 2 4 1 4 1 2 5 1 3 2 1 1 1 1 2 1 2 1 2 2 1 2 2 2 6 1 18 2 1 1 1 3 2 2 7 1 17 19 6 10 2 2 2 1 10 14 1 5 1 2 3 2 2 17 1 3 2 1 1 2 36 1 1 1 2 6 3 5 332 1 3 16 6 1 2 1 2 8 3 35 26 3 7 8 1 2 1 7 1 5 1 113 2 2 2 1
1 6 11 6 9 1 5 2 3 5 1 8 1 2 4 5 3 1 1 1 1 5 1 3 9 3 8 6 3 3 1 1 4 1 1 1 3 7 6 2 3 2 3 3 3 2 4 7 1 3 1 3 29 6 1 3 20 35 20 1 1 1 4 1 16 11 5 1 247 2 5 2 79 1 3 1 1 9 3 7 1 1 1 2 3 2 2 1 7 1 11 2 1 1 6 3 35 4 3 1 15 4 3 12 2 31 2 13 2 277 6 1 1 26 1 1 1 2 2 10 4 2 7 4 2 16 2 2 1 1 2 3 22 3 22 1 1 2 1 11 5 5 2 2 3 3 1 2 1 2 2 2 2 3 1 1 2 3 1 3 1 7 2 1 1 2 2 1 2 10 155 1 13 24 10 1 1 18 2 4 1 1 1 2 1 3 1 1 2 1 2 4 1 42 13 12 3 1 2 2
1 25 9 18 1 1 3 5 1 2 2 43 3 1 53 1 1 1 2 2 2 2 3 59 30 1 4 1 1 1 2 16 1 1 4 4 9 1 2 1 1 1 1 21 1 1 1 1 8 5 2 5 3 1 2 5 2 1 1 1 2 4 1 16 2 1 2 28 6 2 1 3 1 3 3 2 2 5 1 1 3 1 1 1 4 6 1 4 4 1 7 2 1 2 1 1 1 2 12 3 1 9 2 5 2 1 2 3 2 1 4 1 2 2 10 1 7 4 2 1 5 2 2 2 2 1 6 2 11 2 2 2 3 2 1 2 2 4 1 1 3 18 3 2 3 1 1 5 10 1 5 2 2 11 1 4 5 2 1 2 2 4 2 5 7 1 28 2 2 3 2 5 1 3 2 2 1 3 3 2 7 28 2 12 12 6 2 1 1 3 2 1 3 6 3 3 2 2 2 2
1 5 4 2 5 6 2 3 2 1 1 4 1 2 6 2 16 66 1 1 2 3 2 1 3 3 7 1 4 1 1 11 5 1 1 11 2 3 5 1 1 2 17 3 3 3 4 4 6 3 2 3 1 1 2 4 2 3 1 10 1 5 1 24 18 4 38 2 2 18 1 2 5 1 1 6 1 2 12 1 5 1 2 2 2 1 1 2 3 142 1 4 1 28 1 1 4 1 1 3 54 30 6 2 7 4 2 29 24 1 1 1 3 5 3 2 3 3 2 13 4 13 2 6 3 5 2 2 2 3 1 3 1 1 2 2 4 4 3 2 2 1 2 2 33 1 8 1 2 1 1 1 6 2 2 8 2 1 1 2 2 1 5 2 3 6 15 2 2 3 1 4 1 2 1 59 8 5 2 2 26 15 1 1 2 2 6 2 1 4 1 1 2 4 11 2 5 1 1 2
6 1 2 3 2 1 1 2 3 1 1 3 1 1 1 1 1 1 7 4 1 1 17 1 2 1 2 2 2 13 1 1 1 1 5 4 1 6 3 2 8 4 2 3 5 2 6 1 2 4 4 30 24 7 1 2 2 2 9 2 1 3 1 2 3 2 2 9 73 1 1 60 6 5 2 3 1 2 3 2 1 2 1 14 1 1 3 1 1 2 1 1 1 3 5 2 1 10 1 2 1 2 4 14 2 1 5 2 12 1 10 3 2 1 1 3 1 2 1 2 2 1 3 3 1 2 263 1 2 2 8 1 1 12 1 2 2 1 2 4 2 1 2 2 2 1 1 2 1 2 1 1 2 4 1 2 5 6 4 1 7 2 2 6 12 4 3 2 6 7 4 3 12 2 2 6 8 2 2 2 1 3 11 1 2 2 2 6 2 2 4 5 2 1 1 2 2 5 2 1
2 1 1 2 1 3 4 2 1 2 8 133 1 2 2 4 1 2 2 28 6 2 2 1 1 5 114 3 1 2 1 2 5 1 2 9 3 1 9 7 6 6 2 2 1 1 2 1 1 3 2 2 6 31 1 2 1 1 1 3 5 2 112 1 2 4 2 1 1 10 2 4 2 1 15 4 3 3 2 2 2 91 1 1 20 1 36 2 4 1 22 2 8 2 2 1 6 1 3 1 1 2 2 2 2 1 3 2 1 36 2 6 1 11 4 1 1 2 1 1 1 2 1 1 2 1 1 1 2 10 2 1 102 11 2 1 1 46 1 2 10 2 2 1 5 2 1 5 4 1 1 1 1 1 1 2 1 2 3 3 1 170 1 1 2 19 1 5 3 3 2 1 2 1 4 1 1 1 2 2 6 1 4 1 3 2 1 1 3 3 1 4 7 2 1 1 2 4 1 1
4 2 1 3 4 4 1 1 3 1 7 2 2 2 2 1 5 4 1 3 4 3 1 2 2 1 6 2 1 2 2 2 1 2 2 1 11 3 1 5 3 52 10 3 5 2 4 2 1 2 2 2 1 2 2 1 1 5 15 4 1 2 1 2 3 4 17 1 2 2 18 27 4 1 75 2 1 3 3 1 2 7 1 2 2 1 2 2 1 2 4 5 1 1 23 1 3 14 2 5 2 1 1 1 8 2 1 4 3 2 2 44 4 1 7 2 3 53 7 2 11 3 2 1 1 1 2 2 3 2 2 1 2 15 1 2 2 1 1 1 38 1 2 1 3 2 2 1 2 39 28 1 3 2 9 1 2 7 1 1 2 2 1 1 10 1 5 1 2 4 3 9 1 1 12 9 9 2 1 2 2 8 2 1 1 4 2 30 4 4 1 1 1 2 3 2 2 3 2 3
2 1 4 7 2 9 3 1 2 2 1 1 2 3 1 2 3 1 2 1 1 2 3 2 1 4 1 5 4 2 1 2 2 2 2 1 3 1 16 22 21 1 3 4 4 1 1 1 10 1 1 3 1 2 6 2 1 1 3 5 26 8 4 5 1 1 3 4 5 2 2 17 2 1 2 1 3 2 3 2 196 3 2 1 2 2 9 3 16 1 2 2 2 3 1 1 1 1 1 8 1 1 6 3 1 1 1 2 2 5 2 1 22 5 2 85 3 1 1 2 2 2 17 1 2 9 2 2 4 2 2 4 3 8 5 4 2 2 4 2 2 2 22 2 2 1 2 2 77 1 2 3 8 1 2 2 1 3 1 1 3 4 20 1 1 1 2 8 2 4 1 1 1 2 2 1 2 1 44 1 3 2 3 2 10 7 2 2 2 4 1 2 2 2 120 1 2 3 8 2
5 3 1 1 233 27 2 1 2 3 2 7 1 1 2 229 3 1 1 1 3 3 5 1 1 1 77 2 1 4 1 1 3 1 4 2 1 1 1 1 2 3 2 10 1 1 2 1 2 6 3 1 2 2 2 13 6 1 3 2 1 1 6 1 1 2 1 3 2 2 1 1 2 4 1 12 3 6 2 2 2 2 2 2 4 1 1 17 1 17 2 2 18 2 2 11 3 1 5 1 3 2 4 1 21 4 11 3 1 2 2 2 4 77 1 1 6 1 2 2 2 3 1 418 1 3 1 2 2 1 13 1 42 14 3 27 2 3 11 9 1 3 1 6 1 9 3 1 2 2 2 2 2 183 2 1 2 9 2 1 1 2 1 6 1 1 8 2 1 1 1 3 12 2 1 1 1 1 143 5 1 36 2 1 1 2 2 7 1 1 2 1 3 3 26 70 1 2 4 1
5 1 3 2 2 2 1 2 8 11 3 2 8 1 4 12 1 11 4 24 1 4 2 1 1 5 1 4 2 2 14 6 2 17 1 2 1 3 3 7 9 1 2 1 2 1 6 1 15 6 1 2 18 2 1 2 13 1 1 1 1 1 1 5 1 4 1 1 1 1 6 1 36 2 1 1 7 5 2 1 1 4 2 4 3 2 1 1 2 8 4 4 2 1 5 4 3 2 2 4 2 4 9 2 2 2 1 4 1 4 2 4 3 3 1 2 2 1 1 10 3 2 2 2 1 11 3 8 3 1 2 5 2 1 4 1 3 2 21 2 19 2 2 2 1 8 2 2 1 1 1 2 1 3 17 1 1 2 5 23 1 1 1 2 1 27 1 7 7 1 3 1 2 3 5 2 1 17 1 4 2 1 1 10 2 1 1 3 18 3 2 1 1 2 2 5 8 2 2 1
8 10 2 2 2 1 1 2 10 2 2 2 2 1 1 10 3 3 1 6 2 2 50 60 3 3 3 59 10 7 1 2 3 4 1 2 1 117 10 2 1 2 1 1 3 1 4 2 1 5 8 1 2 1 3 1 2 38 2 4 1 7 1 14 1 1 2 2 2 1 5 6 16 2 2 1 1 2 1 3 4 1 2 1 1 3 5 15 3 37 26 4 364 3 1 2 1 2 7 1 1 1 18 3 2 1 7 164 14 3 1 186 125 4 4 3 5 3 3 2 3 3 1 1 1 1 2 2 5 1 1 3 2 3 2 2 5 2 2 4 14 1 2 3 1 2 3 9 14 3 1 1 3 1 1 3 1 4 3 1 2 18 2 2 3 5 2 1 3 2 1 1 3 1 11 2 2 1 1 2 1 5 2 1 1 8 2 9 4 3 2 2 5 8 1 4 186 1 4 4
13 2 29 1 2 73 2 3 2 11 1 1 2 5 2 9 1 2 1 3 1 1 2 6 1 2 1 251 1 1 6 1 1 4 1 3 3 4 2 2 1 5 2 1 1 3 18 2 1 1 1 1 3 2 10 3 1 2 2 13 10 1 2 1 2 1 4 2 4 4 2 8 2 16 5 2 2 1 1 1 1 2 2 8 3 1 27 1 22 1 2 1 2 2 1 8 1 1 1 15 1 1 36 3 2 2 3 2 1 1 2 71 1 26 2 1 1 1 12 3 2 1 2 10 6 6 1 3 2 1 2 2 1 10 1 1 2 1 3 1 1 3 2 3 1 1 2 4 3 2 3 2 2 1 2 1 1 2 1 3 1 2 1 3 1 8 1 9 9 4 2 1 3 3 1 2 6 4 2 1 2 1 4 2 10 2 36 3 4 1 1 1 6 219 15 2 6 1 7 3
1 2 1 1 2 2 1 6 1 1 2 1 1 1 2 2 13 4 2 3 2 2 4 10 43 5 1 2 4 2 6 1 13 6 2 5 18 1 1 1 2 6 3 2 1 4 4 8 5 3 2 2 2 1 1 2 3 1 2 1 13 1 2 3 2 2 5 1 2 16 4 2 1 2 2 1 2 1 2 2 3 2 2 1 10 2 1 3 2 3 2 1 1 6 35 1 2 1 8 1 4 4 31 5 2 1 1 1 1 36 3 2 2 1 1 2 1 1 1 1 5 6 2 15 6 1 2 1 5 1 2 2 1 1 2 13 2 1 4 2 4 4 2 5 26 2 3 3 2 3 2 4 1 1 2 1 2 19 1 4 16 5 2 2 3 8 8 1 1 20 2 2 1 2 1 2 4 1 2 4 19 2 1 3 1 5 89 5 2 3 7 19 20 2 2 1 4 3 2 2
6 13 1 1 2 7 3 1 3 4 3 2 2 2 67 27 23 11 1 4 1 2 6 2 5 1 2 5 1 1 2 1 9 2 1 1 2 1 2 1 2 3 2 8 2 1 10 11 2 41 1 2 1 2 2 3 3 1 3 6 1 2 1 1 2 6 7 2 15 1 1 1 14 4 1 5 2 6 2 1 2 1 1 2 4 2 2 2 1 2 5 1 11 9 1 2 9 2 1 2 1 13 3 6 1 2 3 4 2 4 1 6 1 4 1 2 2 2 5 1 1 3 1 2 2 254 3 8 2 19 2 2 1 2 2 2 4 1 2 2 1 1 1 2 5 7 2 1 1 4 10 6 2 2 1 2 2 1 1 2 1 1 106 2 1 1 2 7 2 2 1 13 9 3 3 4 6 2 2 4 1 10 2 2 2 1 28 1 2 1 2 2 1 1 2 2 91 1 2 3
3 112 3 3 3 1 4 2 1 2 418 10 2 2 1 1 8 1 4 1 1 19 2 11 1 3 2 3 4 1 29 14 1 97 3 42 5 1 3 2 7 2 1 3 10 1 3 3 2 35 2 2 10 3 1 6 1 2 6 3 1 3 2 2 10 2 2 3 1 2 7 1 4 6 1 1 5 2 1 3 3 2 2 1 47 2 1 1 2 79 3 7 1 3 2 1 7 2 9 6 1 1 3 3 2 1 1 1 1 1 3 1 15 26 1 1 1 1 1 4 2 10 1 3 1 2 6 2 4 1 4 2 4 1 1 6 169 1 3 1 1 1 1 2 5 2 1 1 3 9 1 6 1 3 1 2 1 2 2 1 2 1 2 1 1 1 1 15 1 1 1 3 7 1 3 1 6 6 1 3 3 1 1 7 1 3 2 1 1 2 1 1 2 7 4 2 3 1 1 26
9 1 6 1 14 3 2 64 3 8 2 3 2 3 4 2 2 22 1 2 1 6 1 13 1 2 2 2 3 1 83 1 3 2 2 1 9 2 10 1 1 34 1 1 7 1 2 2 3 23 2 6 1 6 2 2 1 1 1 2 1 9 1 1 1 5 4 4 39 2 1 1 2 2 11 9 1 80 16 13 1 2 2 5 3 1 1 2 1 2 1 3 9 4 2 3 1 2 1 2 5 1 1 1 7 1 4 7 4 3 1 2 11 1 3 1 1 29 1 2 1 1 2 36 3 1 2 1 2 5 8 1 1 13 2 3 1 2 50 5 4 6 2 1 16 4 3 3 2 1 2 1 5 2 1 1 1 2 1 4 4 2 5 6 1 2 14 3 2 4 4 11 4 1 1 2 1 2 2 10 4 2 4 7 2 46 1 53 2 7 1 7 1 3 9 83 2 4 1 4
1 1 2 2 3 2 41 2 1 2 1 3 1 12 2 50 6 20 8 1 1 2 2 1 14 1 2 1 2 1 10 3 1 1 2 3 4 1 2 3 1 13 53 1 3 4 2 1 12 2 2 11 3 1 3 1 2 3 1 1 2 3 10 8 1 2 19 1 43 2 2 2 1 14 1 3 2 1 1 3 27 1 88 1 1 4 1 1 2 3 1 1 2 3 2 6 2 5 2 3 3 2 1 5 5 3 3 15 4 35 1 11 1 1 2 2 1 3 2 3 6 2 3 3 3 1 1 3 1 3 1 6 1 3 3 1 1 2 6 1 3 4 4 1 155 2 2 3 2 1 25 2 3 2 1 4 2 2 1 1 2 1 2 1 1 3 5 2 81 2 54 7 2 17 2 2 2 1 1 11 2 10 2 2 3 22 343 2 4 10 1 1 4 5 2 9 2 19 1 1
1 4 2 2 221 2 1 1 1 1 1 1 75 2 2 1 2 2 3 1 3 2 1 3 2 2 1 9 2 1 1 1 2 4 2 3 1 1 3 1 3 3 1 1 1 1 6 17 2 1 2 1 1 8 2 1 2 2 1 2 7 2 1 2 1 1 1 1 2 2 211 2 1 1 4 1 12 3 1 4 1 1 1 4 3 2 18 1 1 1 2 2 1 1 1 1 4 4 11 4 15 3 2 4 3 1 1 36 1 3 1 2 3 3 2 1 2 2 2 2 17 1 1 3 4 3 2 3 2 13 2 1 6 1 1 4 3 4 2 3 1 1 2 1 4 10 3 5 8 2 1 1 1 1 2 1 3 2 2 2 2 8 2 2 3 8 2 2 5 5 2 24 2 2 3 19 2 21 1 3 3 1 2 3 2 2 59 1 5 2 1 2 2 4 1 1 3 2 4 2
1 2 17 6 5 2 3 2 6 14 12 2 2 13 2 4 1 1 2 3 3 1 3 1 4 2 8 3 1 5 1 7 1 2 2 1 255 2 5 1 7 5 1 4 3 2 2 1 1 2 2 4 2 7 6 2 2 2 4 1 6 1 1 3 4 5 1 1 13 5 2 1 1 1 2 1 9 3 2 11 1 2 1 4 4 2 3 2 12 4 1 6 2 12 10 6 1 1 2 3 5 1 2 1 2 1 4 3 2 6 17 2 1 1 1 2 1 2 1 9 3 1 3 1 3 1 1 2 1 15 4 7 1 2 1 2 1 1 7 40 1 2 2 1 5 1 2 1 3 1 1 2 1 1 3 3 3 3 2 1 1 1 1 4 31 2 9 10 2 1 1 1 1 1 10 23 1 1 3 2 2 1 2 1 2 1 4 1 3 4 8 6 2 1 2 14 3 1 1 4
1 1 4 28 2 1 1 2 3 1 11 2 4 1 5 15 3 1 7 2 3 1 7 3 1 2 98 1 1 10 257 1 1 2 1 4 1 2 1 2 1 2 2 2 22 2 7 182 2 1 2 1 12 1 6 1 3 1 2 1 1 3 3 2 4 2 3 1 10 1 2 1 3 2 68 2 1 2 4 1 2 1 3 1 6 3 3 2 1 2 13 3 4 1 1 2 2 1 2 2 2 3 1 1 4 1 1 2 3 3 3 1 1 3 16 1 2 1 1 6 7 1 1 11 5 1 1 3 2 2 4 3 7 9 2 1 10 3 3 3 1 1 1 1 1 1 1 2 3 3 13 2 3 1 1 2 1 1 1 26 350 1 1 1 1 2 2 4 8 7 3 1 2 1 2 37 7 1 204 4 1 6 6 3 8 1 1 1 2 2 3 2 3 3 4 1 1 2 2 2
1 2 1 1 2 4 1 3 17 4 1 2 2 22 8 6 1 13 1 7 3 4 7 4 3 1 4 2 3 1 1 1 2 2 2 3 2 1 4 2 1 3 2 66 1 3 1 3 2 1 1 3 1 2 15 1 4 2 2 3 3 23 1 1 1 1 2 2 88 2 1 3 7 1 3 2 5 1 10 4 1 2 2 3 1 1 1 1 1 1 5 1 2 3 11 1 2 2 1 2 188 7 1 4 1 2 1 1 3 3 1 6 7 2 7 3 2 2 1 2 4 1 2 35 3 2 1 1 1 1 1 1 3 23 3 5 1 2 1 233 11 2 18 27 2 3 4 1 5 5 1 2 3 8 1 2 4 1 2 7 1 2 2 1 1 1 2 8 1 7 2 2 1 3 1 25 2 1 12 9 2 4 9 2 1 2 32 1 1 5 2 2 7 3 1 5 2 1 19 7
1 8 2 3 3 2 7 1 1 4 3 1 2 3 2 54 1 1 2 1 1 3 3 1 2 28 1 4 3 2 2 2 2 1 17 2 4 14 4 1 4 1 1 1 2 2 4 1 2 2 3 1 3 9 3 1 3 1 1 1 1 2 1 3 1 3 1 2 2 8 4 4 1 1 16 1 1 6 2 9 1 1 1 1 2 2 2 3 2 2 1 6 1 1 1 2 3 11 1 1 2 2 5 4 2 1 2 3 2 3 2 3 1 14 7 2 2 3 34 4 2 3 2 2 3 1 3 1 1 1 4 2 3 2 4 2 8 2 1 2 1 2 2 14 6 2 5 4 2 6 1 1 1 3 6 1 1 4 20 1 2 3 1 1 1 1 2 2 4 1 28 4 2 1 8 2 2 1 1 1 2 7 2 1 5 1 3 7 2 1 1 3 8 1 1 2 2 3 12 1
1 2 1 4 2 2 2 1 3 1 3 41 12 2 1 1 22 2 1 2 1 1 3 1 153 56 1 1 3 2 2 2 2 1 3 2 1 2 17 1 3 4 2 3 2 2 2 3 1 19 1 19 1 9 3 9 1 2 1 5 2 2 2 12 3 1 5 1 3 2 2 3 1 1 7 3 2 1 2 6 3 2 1 4 5 1 1 1 2 4 2 3 1 2 1 1 2 1 16 2 3 8 9 6 1 2 2 1 1 15 5 2 1 2 2 45 1 1 8 5 50 45 3 16 3 1 1 1 1 4 2 8 2 2 6 5 2 1 9 5 1 1 2 2 1 1 4 2 24 1 1 1 1 4 1 2 1 2 7 4 1 4 1 2 1 1 1 2 3 3 3 1 1 1 10 3 7 15 1 1 2 4 3 1 3 15 10 2 1 10 1 6 5 4 2 1 6 17 7 7
18 3 9 3 2 2 1 2 1 1 10 2 2 1 5 3 2 6 14 1 1 3 16 3 4 13 2 2 1 3 1 15 14 3 1 5 1 1 1 2 2 3 11 10 2 3 2 4 1 2 1 1 1 1 3 1 4 8 1 2 3 1 2 1 1 1 4 2 1 19 2 17 3 5 2 1 2 5 2 2 2 3 1 23 4 1 2 14 2 6 3 1 2 1 1 2 3 36 1 2 1 2 1 3 2 4 1 4 1 2 1 2 1 4 2 9 1 2 2 1 1 2 15 21 1 4 2 2 2 4 2 34 4 1 7 97 5 1 2 2 4 6 2 2 1 9 2 1 1 2 1 6 3 2 1 1 1 7 1 2 4 2 2 1 1 2 2 1 1 25 2 1 10 2 4 2 1 2 3 2 6 2 2 3 1 1 1 1 2 4 3 1 1 1 5 12 2 2 5 1
3 71 2 2 1 9 1 1 1 5 1 2 4 2 4 2 1 2 44 22 1 2 2 14 9 1 1 2 2 2 3 6 1 2 1 6 1 3 1 1 2 2 8 3 7 1 1 1 1 1 1 3 1 1 1 1 5 3 1 2 2 3 5 4 2 2 16 1 1 10 1 3 5 1 6 1 2 2 1 2 1 27 3 1 2 4 4 2 2 1 3 5 207 1 1 3 60 261 4 1 2 4 1 2 1 2 2 3 13 4 12 1 2 2 12 4 1 12 1 1 2 2 31 1 1 2 3 2 1 7 1 30 1 7 4 9 6 11 3 2 1 1 2 10 3 2 1 3 1 1 3 13 1 2 8 10 2 4 4 1 4 1 2 13 2 2 29 3 11 2 2 1 1 43 3 2 9 2 1 1 3 2 1 11 5 1 2 2 2 2 32 11 1 1 1 7 1 4 2 2
2 2 3 1 1 1 3 5 1 2 1 1 8 43 1 1 2 3 5 3 1 12 5 4 21 3 1 5 4 1 1 1 24 1 1 1 6 66 6 3 2 2 1 3 2 6 1 1 4 2 95 2 12 2 3 1 1 2 4 1 1 7 3 5 2 4 1 1 1 3 3 1 1 5 4 1 8 2 5 2 5 1 2 4 23 1 12 1 3 1 1 1 2 3 1 1 3 4 13 15 26 1 3 2 3 2 1 3 1 1 5 2 2 24 3 1 1 2 2 2 1 2 3 6 8 2 1 2 2 1 6 2 6 2 1 2 6 1 1 1 1 2 4 9 2 2 2 1 1 3 147 4 1 7 3 1 8 2 11 2 3 1 5 1 3 4 5 8 2 2 6 4 3 2 33 1 1 2 2 2 4 1 4 13 2 9 2 2 6 3 1 1 1 1 78 6 2 3 2 1
4 1 1 1 2 4 1 1 1 3 15 6 27 1 2 2 2 42 11 2 7 22 9 1 1 1 3 6 3 1 4 5 1 1 1 5 2 9 3 2 2 8 1 3 14 6 4 8 11 1 2 4 1 1 3 17 1 12 1 1 2 1 1 3 7 1 6 2 4 1 5 2 2 5 10 2 5 1 9 1 1 1 1 1 33 1 2 1 1 12 1 2 1 4 1 4 3 9 1 4 2 10 1 2 3 2 1 2 2 36 5 3 1 3 3 1 4 1 3 217 4 1 13 3 11 2 1 1 2 1 1 1 1 4 2 1 2 2 4 1 348 3 1 8 3 1 2 1 6 2 3 2 1 1 3 1 8 2 1 17 2 1 1 3 1 1 2 1 5 1 1 1 2 67 1 1 19 13 2 3 1 7 6 1 5 2 9 7 2 11 6 3 5 2 1 2 3 2 1 1
4 2 3 3 1 4 2 3 11 1 1 3 4 1 6 1 1 1 11 14 2 3 3 3 3 1 8 4 7 1 1 3 1 2 9 2 1 2 9 2 1 3 2 2 1 2 1 3 8 1 4 3 5 2 1 1 1 9 4 1 2 1 1 1 1 1 2 12 9 10 4 1 7 2 1 2 2 1 2 4 1 3 1 9 27 2 4 12 1 19 1 1 3 1 2 4 1 1 4 1 2 9 2 1 2 3 1 2 1 1 13 14 1 15 1 1 7 12 3 3 2 1 2 4 439 2 2 2 2 3 3 1 2 1 1 2 3 1 2 5 2 11 1 2 2 1 2 1 1 11 11 2 1 2 3 2 1 3 1 4 1 16 2 3 2 1 8 1 3 1 1 3 3 4 3 1 3 2 1 4 1 1 1 6 1 10 4 4 2 1 1 1 1 5 3 1 2 1 1 2
17 2 1 1 16 3 1 2 3 1 1 4 1 1 1 1 1 1 23 1 1 1 4 4 2 1 1 1 1 3 1 6 11 3 4 1 5 1 2 1 1 1 2 5 1 1 3 1 1 6 1 1 4 2 2 1 2 1 3 4 3 4 1 5 4 1 3 1 1 35 2 1 3 1 1 4 2 1 18 2 3 2 2 4 1 2 1 2 11 2 1 2 1 1 35 1 2 1 2 15 1 1 2 3 1 1 2 2 5 1 3 1 2 2 10 2 2 4 2 14 1 2 133 2 2 5 1 16 26 7 2 1 2 1 2 1 131 1 1 15 2 3 2 2 4 6 3 19 2 1 1 1 1 18 2 1 3 2 1 68 23 3 1 2 3 128 3 2 4 1 2 8 1 2 3 2 1 1 5 1 5 3 7 3 6 1 2 2 1 2 1 1 1 1 274 2 12 5 3 2
1 1 23 2 3 1 2 1 2 2 1 1 5 4 7 2 4 2 2 2 1 1 3 1 2 3 5 2 97 10 51 1 2 1 2 2 4 5 2 1 3 8 7 1 2 4 2 3 12 2 1 12 32 2 5 4 7 2 2 25 1 3 2 1 2 5 2 1 3 3 1 1 2 2 25 2 1 1 2 2 2 1 1 38 1 2 6 3 4 2 4 2 2 3 1 13 3 2 4 25 2 1 2 1 2 2 8 2 7 3 1 1 2 12 1 2 1 3 1 2 4 1 1 3 40 2 2 2 1 2 1 2 3 2 2 3 2 1 3 1 2 7 1 1 2 1 2 1 1 1 1 1 2 1 1 1 1 9 3 5 1 2 22 8 5 2 3 3 2 3 2 1 1 1 1 4 1 2 1 5 1 1 2 1 1 9 15 2 5 18 1 2 6 3 2 3 3 2 1 3
3 16 1 12 287 2 3 1 5 7 2 2 2 1 1 1 1 2 1 1 3 4 3 4 2 12 1 1 1 16 20 1 9 3 2 2 2 2 1 7 1 1 1 2 1 4 2 15 7 2 27 1 1 3 1 2 3 1 3 3 1 4 2 1 6 7 17 3 1 1 2 71 1 1 2 2 1 1 1 2 2 3 2 2 4 2 1 1 3 1 2 1 2 88 1 38 1 1 7 1 1 1 2 3 4 2 1 1 6 10 2 1 2 2 6 10 5 2 1 1 7 5 3 1 4 1 15 1 3 4 2 6 1 1 8 6 3 1 1 2 6 2 2 1 6 1 1 7 2 1 3 5 1 1 4 1 3 14 27 2 2 15 5 8 2 2 2 4 1 1 1 29 3 2 2 4 2 2 3 22 2 6 1 9 7 4 1 1 5 1 4 3 2 1 3 5 7 2 4 1
2 2 1 1 1 6 2 42 2 6 3 3 28 1 1 9 1 1 17 4 1 2 2 2 3 1 2 2 2 4 2 1 3 18 2 2 18 2 9 1 2 10 2 4 1 49 1 1 40 1 6 1 3 2 3 2 252 3 4 2 2 2 8 2 2 2 3 2 5 2 2 2 2 4 2 5 11 6 1 7 1 2 2 5 4 1 1 1 2 1 5 1 6 6 2 1 1 5 2 2 1 1 1 4 2 2 1 7 2 1 1 1 2 1 1 2 3 10 1 1 3 2 1 2 1 7 5 6 5 1 12 3 2 4 2 1 4 54 1 3 5 1 35 1 2 1 3 1 16 23 2 4 1 1 1 1 2 2 2 6 147 1 4 2 1 2 1 19 4 1 1 1 2 8 10 2 9 1 5 3 7 5 4 4 2 2 27 3 1 1 1 3 3 2 3 3 1 2 3 4
3 278 6 1 1 3 8 5 1 10 2 93 170 12 4 28 3 13 108 7 14 2 1 1 1 1 1 2 2 2 1 5 2 8 1 1 1 2 1 12 5 2 2 1 4 8 2 4 3 2 202 1 1 1 4 2 2 1 1 1 1 1 5 4 2 1 2 2 1 2 8 1 2 1 5 6 4 3 1 1 8 88 5 149 5 3 4 3 1 2 3 2 2 4 2 3 2 1 1 6 1 2 1 12 47 1 2 1 1 1 2 11 2 3 1 2 2 1 5 2 3 2 2 2 1 2 1 1 4 1 2 2 2 4 4 2 6 3 11 5 2 3 1 65 3 1 11 1 4 1 1 3 2 2 1 2 3 1 1 3 3 1 2 2 1 1 1 3 2 17 2 1 1 2 1 2 2 6 1 1 2 2 1 2 4 2 2 1 20 1 1 2 1 1 6 2 15 1 2 1
3 2 7 2 2 3 2 2 4 8 2 4 12 2 2 2 2 4 3 17 1 2 2 2 2 1 4 21 2 1 1 1 6 8 3 2 4 5 4 15 3 1 3 2 1 2 1 1 1 1 2 3 3 5 4 1 2 3 3 2 10 1 1 2 2 2 1 1 2 1 2 4 1 1 1 1 2 1 1 4 2 1 1 2 7 53 1 3 5 2 2 2 2 2 1 2 2 7 2 1 52 1 2 1 3 14 2 1 1 2 8 5 1 7 2 2 4 1 2 56 2 2 13 1 2 2 1 5 1 5 2 1 6 54 1 2 1 1 2 2 6 1 2 1 3 1 3 3 15 2 5 8 2 115 4 1 1 2 1 4 21 2 8 1 7 2 2 2 1 2 2 2 1 1 2 1 2 3 1 2 1 2 4 3 2 6 1 1 7 1 2 3 3 4 11 2 27 2 3 1
4 1 2 2 2 7 2 2 1 1 2 2 1 1 5 11 1 1 144 3 15 8 1 4 2 2 2 10 1 1 17 4 1 9 2 1 1 2 2 1 1 7 2 2 6 1 4 2 2 4 3 3 8 4 2 4 2 2 2 8 1 14 1 1 1 19 2 2 2 2 3 2 7 1 2 4 3 2 14 1 4 4 2 1 2 1 1 13 2 3 40 1 2 2 1 1 134 15 9 7 1 3 8 4 1 1 2 5 2 2 2 5 38 1 2 1 38 2 3 1 20 21 8 3 5 3 16 4 1 1 1 9 1 1 1 3 2 1 36 1 6 3 1 2 2 2 11 1 2 2 2 2 1 31 2 2 6 1 2 1 2 19 11 1 2 2 1 1 10 10 1 3 12 1 2 3 3 1 1 3 2 2 1 1 3 1 2 1 2 2 3 1 2 2 5 2 1 11 1 1
10 2 2 2 1 7 1 2 1 2 85 3 5 1 2 2 1 3 4 2 1 2 3 1 1 2 9 1 1 2 2 12 194 5 1 1 1 3 1 1 19 2 8 6 1 3 3 37 6 2 11 47 5 2 5 8 4 3 2 1 10 1 4 1 2 3 1 2 24 14 2 2 1 4 2 7 1 2 2 4 1 2 5 2 1 1 2 3 16 1 273 2 2 2 2 2 1 2 6 8 3 2 5 3 24 2 2 3 2 2 1 4 2 2 1 1 8 1 2 3 1 3 3 9 1 3 1 2 2 1 3 2 1 3 5 1 1 1 5 11 2 1 3 1 3 2 7 1 3 5 4 2 15 2 4 1 3 1 1 6 7 1 2 2 2 1 16 1 1 1 3 2 1 2 2 4 2 1 3 11 1 2 2 3 1 2 2 6 1 6 1 3 3 2 3 2 2 4 12 8
1 4 21 2 1 3 1 1 8 2 2 5 1 1 19 2 2 2 2 2 1 9 1 29 8 10 2 11 3 1 1 1 1 1 1 2 1 1 1 1 1 1 2 8 6 2 3 1 1 1 1 1 2 2 2 2 1 1 3 1 2 51 2 6 2 1 2 5 104 2 1 2 1 2 7 2 2 1 3 2 4 2 27 33 2 4 2 2 4 1 1 1 1 5 2 1 23 7 2 1 1 1 2 5 5 1 1 8 1 1 5 3 1 1 5 9 14 1 3 5 3 1 3 3 5 14 1 2 3 2 6 2 21 2 1 2 3 3 5 1 2 5 1 1 22 1 5 2 2 18 1 3 1 2 5 4 2 1 13 3 1 1 1 3 1 8 1 2 3 3 1 3 2 3 2 1 1 1 1 3 6 2 1 12 2 3 1 1 11 3 1 70 3 3 1 3 1 2 1 2
2 1 1 1 4 1 4 1 2 1 11 1 1 1 1 1 2 2 1 3 1 1 6 1 1 3 2 23 20 1 1 5 24 8 3 19 1 1 6 33 2 1 4 4 2 3 12 1 2 1 5 1 5 1 2 3 2 2 7 3 7 1 2 1 1 1 4 3 1 1 3 2 1 5 1 1 3 1 1 4 10 6 6 2 3 2 37 2 1 2 2 1 2 2 2 2 3 2 2 4 2 1 4 2 6 2 11 2 8 1 2 2 5 10 6 6 2 2 1 1 2 1 1 3 27 1 1 4 21 1 1 7 1 8 2 1 2 1 3 2 8 4 2 1 17 1 1 3 1 10 12 2 10 1 9 1 1 1 2 1 2 2 3 2 51 3 7 5 1 1 2 9 2 2 8 9 1 3 4 1 1 1 1 1 6 5 6 2 1 2 2 2 4 1 3 1 1 4 3 1
4 2 7 1 3 3 2 1 2 13 10 8 1 1 3 23 1 2 3 1 3 6 1 2 3 1 1 1 1 26 1 1 1 1 2 3 2 3 2 1 4 2 2 1 3 1 4 1 1 1 1 1 4 3 20 3 1 2 2 6 3 1 4 1 1 2 2 1 1 1 1 10 1 8 2 7 56 248 1 2 1 1 1 3 9 1 1 1 2 1 6 5 2 1 6 2 6 1 10 2 1 6 1 2 13 2 2 4 1 3 1 3 4 4 1 1 3 1 1 2 1 29 4 2 3 1 5 19 11 2 7 1 1 1 1 2 1 8 2 2 6 2 11 5 1 1 3 2 5 8 5 9 1 2 1 6 3 1 2 1 2 101 3 7 1 1 3 1 3 3 1 3 3 1 1 8 1 13 50 3 1 84 10 2 36 2 22 27 2 2 1 1 1 1 2 2 1 2 1 3
2 3 1 2 1 1 6 2 7 6 3 2 2 2 16 3 1 1 3 18 2 5 1 1 16 2 1 1 1 1 5 2 1 2 1 1 9 3 1 3 7 1 2 2 4 4 2 1 76 3 8 30 1 1 2 2 1 3 1 6 3 25 7 1 3 1 1 2 2 1 2 2 3 11 1 2 1 10 3 1 1 4 2 2 1 2 8 21 1 3 2 134 1 1 1 38 2 4 2 8 1 4 1 4 1 4 1 10 2 3 9 1 3 2 1 1 1 13 2 2 1 2 6 3 5 1 1 4 5 2 1 4 1 2 81 1 1 24 2 2 2 4 2 2 3 4 12 2 3 2 2 2 1 2 1 1 7 1 1 2 1 2 1 2 1 2 2 2 2 1 2 1 232 2 7 25 6 2 5 3 11 2 1 1 5 5 4 1 3 30 1 1 1 5 23 4 2 1 18 1
4 14 2 1 1 1 1 6 2 4 6 4 2 1 3 1 2 3 10 2 1 2 6 12 2 4 1 2 2 3 4 5 3 1 3 2 4 1 1 1 4 1 17 1 2 1 2 1 3 3 35 15 3 1 4 2 2 1 13 3 12 7 5 1 3 11 2 6 1 2 1 2 7 3 2 1 7 15 9 2 1 4 18 1 4 8 5 5 8 1 1 2 6 2 2 1 4 2 1 1 1 2 2 2 1 2 1 1 2 1 11 2 2 2 1 5 1 2 9 2 2 2 1 1 2 5 1 1 2 1 33 14 1 3 2 13 4 2 9 15 8 2 2 112 4 6 2 1 2 2 3 6 9 1 1 1 2 3 6 2 1 1 2 19 5 1 3 2 1 9 2 1 4 3 1 11 5 5 1 1 27 1 4 3 2 1 67 1 2 2 3 21 1 1 3 1 2 3 1 51
15 31 4 1 1 2 4 1 2 1 3 1 4 5 5 1 5 1 2 2 5 78 1 5 5 3 7 2 6 4 3 1 3 1 4 3 2 2 1 1 2 2 2 2 1 1 1 2 2 8 2 1 54 2 17 2 2 2 2 2 2 1 5 1 7 3 2 6 9 3 5 1 6 4 2 20 1 2 79 96 3 1 7 2 1 9 1 1 2 2 2 1 3 2 12 1 9 4 7 2 10 1 1 2 69 8 3 3 1 2 2 3 15 2 2 1 2 4 1 3 2 2 1 16 4 2 3 2 1 3 5 2 8 1 3 3 1 1 2 5 1 1 2 2 5 1 14 5 1 2 1 2 2 1 8 1 1 5 1 2 2 3 4 3 2 99 4 5 1 4 3 2 2 2 1 3 3 2 4 2 1 1 7 3 2 6 2 1 5 1 9 2 1 3 2 5 1 13 2 1
1 1 2 1 1 1 3 1 1 5 1 1 3 3 10 1 2 3 1 1 3 2 2 2 2 2 6 2 4 4 2 15 3 3 2 1 2 6 3 1 2 7 3 1 2 4 43 3 2 1 2 1 2 2 2 1 5 1 2 3 1 1 32 2 3 5 3 2 3 1 4 1 2 10 1 3 7 11 2 10 3 1 5 1 8 1 2 2 2 2 13 2 1 1 15 45 6 9 20 3 2 1 3 2 1 5 2 2 1 5 3 2 1 2 1 1 1 1 23 6 1 37 2 4 3 1 1 1 1 2 2 4 8 1 3 4 2 5 1 6 2 2 34 2 13 1 1 31 1 5 2 2 1 6 2 2 4 1 1 3 1 1 2 3 1 1 1 2 7 1 7 5 1 2 1 1 1 4 2 3 3 2 169 2 2 6 12 2 1 6 2 1 154 8 2 2 3 21 1 2
2 8 1 3 2 2 1 1 2 11 3 3 2 7 9 62 4 2 2 1 2 4 1 3 2 2 2 1 4 256 1 2 1 51 2 2 6 2 3 2 2 2 1 3 6 2 3 5 2 1 1 2 6 5 2 5 2 10 1 11 3 4 2 1 7 2 2 2 3 2 1 6 2 1 51 3 2 1 1 1 10 1 1 1 1 1 6 2 2 14 2 8 2 12 4 2 3 6 8 2 1 1 2 4 1 3 2 2 2 2 1 4 34 2 3 4 2 3 28 1 1 4 5 15 1 2 2 1 7 2 2 1 3 1 5 1 2 2 1 2 11 1 3 2 1 1 1 2 2 1 1 2 5 4 25 1 1 1 7 3 2 1 2 2 2 3 2 2 3 3 2 2 52 2 7 6 2 1 1 3 3 7 7 1 3 1 22 1 1 1 2 1 4 46 2 4 2 3 13 2
1 1 53 2 2 5 2 3 22 5 2 1 4 2 2 2 1 1 2 43 1 58 3 4 1 2 58 1 2 8 3 2 1 1 1 1 1 4 4 3 1 2 4 3 8 1 2 24 17 1 1 39 12 1 5 2 8 26 2 1 4 2 2 2 11 1 1 1 2 2 1 1 9 2 1 2 1 4 3 3 2 3 2 2 1 1 1 10 1 1 5 1 2 2 2 1 2 22 2 2 2 11 1 319 1 1 6 2 3 3 1 4 1 4 3 2 3 3 1 1 1 1 1 1 1 235 1 1 2 8 2 2 2 1 1 21 13 1 1 3 1 1 2 33 1 1 2 1 1 2 1 1 3 1 1 1 7 1 2 4 1 2 1 1 52 69 1 1 1 14 1 1 1 1 6 2 1 1 2 11 2 1 1 2 1 1 2 3 1 17 4 2 47 1 2 264 1 2 1 1
4 1 1 19 2 2 5 2 1 2 2 4 1 1 2 2 4 5 2 3 2 1 1 1 1 1 1 3 7 8 2 2 6 1 1 12 1 3 2 1 1 1 32 5 8 1 2 4 2 3 1 1 14 2 1 1 9 2 3 1 2 1 14 1 3 4 2 2 6 2 18 1 4 1 1 2 1 2 255 1 6 5 1 1 2 3 3 150 2 1 4 2 12 2 2 3 1 15 1 2 22 3 2 33 2 6 1 1 1 1 1 3 6 2 3 2 2 1 4 2 2 1 4 1 2 3 2 1 3 15 2 5 1 3 1 2 3 17 1 1 2 3 4 3 2 3 2 2 1 6 3 5 2 3 20 2 2 1 3 4 2 1 4 49 4 1 2 2 1 2 1 1 12 1 2 98 2 1 1 4 2 2 15 3 3 2 5 2 1 7 2 5 3 2 2 1 2 2 1 1
2 3 3 2 3 1 3 1 8 14 11 1 1 1 3 1 1 2 5 3 1 6 2 1 2 2 1 6 6 1 6 2 4 2 8 4 2 2 2 2 9 4 16 3 2 3 2 15 4 21 2 6 4 1 2 3 5 13 2 2 12 1 1 3 8 2 1 1 2 1 2 3 2 2 2 2 1 6 1 1 1 15 1 2 1 15 2 16 2 2 3 1 1 1 10 55 2 1 3 5 2 1 39 39 3 1 2 7 1 1 3 11 2 1 3 4 3 22 3 5 3 7 5 7 1 2 5 1 1 1 6 1 2 1 2 3 181 1 1 3 1 1 6 4 11 1 2 1 1 3 3 1 4 3 1 16 1 10 1 1 16 2 14 1 1 2 12 18 3 1 1 2 2 1 2 3 10 4 1 6 19 2 1 1 3 2 1 1 2 1 1 5 3 38 1 3 3 3 3 2
2 9 1 5 13 1 2 4 17 13 5 1 14 1 1 183 1 1 4 1 2 3 2 4 1 1 1 26 1 2 1 1 1 1 3 1 1 3 2 1 1 79 1 1 4 3 1 2 2 2 2 2 6 2 1 2 1 4 6 1 1 4 2 2 1 5 2 1 12 1 1 1 2 1 1 2 1 3 2 7 1 8 4 3 4 8 1 2 2 2 2 2 1 2 2 3 5 3 1 12 1 1 2 2 8 1 5 2 1 6 6 3 3 1 1 3 3 10 1 3 3 3 2 1 2 10 1 1 1 1 2 5 1 1 2 4 6 1 26 4 1 1 1 1 1 5 7 1 1 4 1 2 2 6 3 2 1 1 11 2 1 2 1 4 1 2 1 1 29 3 2 5 2 2 1 7 2 2 44 2 2 1 6 1 2 1 6 1 1 2 2 2 1 1 24 1 9 2 2 1
2 3 1 4 2 1 3 1 3 4 1 13 2 1 1 4 2 4 9 1 1 2 2 14 54 10 7 3 4 6 1 1 4 15 1 5 2 2 2 2 1 6 3 3 1 4 11 2 1 4 1 7 1 2 1 2 3 1 5 3 12 5 1 2 1 1 10 3 3 3 1 25 1 1 3 2 1 2 1 1 1 1 4 3 1 1 2 17 4 1 34 7 5 1 3 150 2 2 1 2 3 3 8 1 1 5 4 1 51 3 1 1 1 1 6 1 7 2 70 1 2 13 2 2 1 2 1 1 2 28 2 1 2 2 4 5 2 1 46 2 3 3 2 2 6 1 2 1 46 1 1 2 1 2 2 1 2 2 2 2 1 3 1 15 6 3 2 1 1 8 3 4 16 1 11 1 4 4 1 4 2 2 1 1 2 7 2 1 1 10 2 1 6 1 20 4 1 4 1 16
3 1 1 8 13 1 3 1 1 2 8 2 1 172 6 1 8 6 10 1 1 2 6 3 2 3 2 1 2 4 1 1 1 2 3 4 2 6 6 2 15 2 1 2 1 1 2 2 2 5 1 1 5 19 2 3 1 6 42 53 1 2 11 2 5 2 3 12 2 7 3 1 3 2 1 1 1 2 1 8 1 12 2 5 2 5 62 3 25 24 3 1 4 2 1 1 1 2 1 1 1 1 2 10 1 2 3 1 3 1 1 2 3 1 1 1 1 4 1 3 2 8 1 37 8 1 2 1 3 2 2 1 8 2 1 6 1 2 3 30 2 2 2 1 36 2 2 8 26 28 4 1 3 2 2 1 1 5 1 1 1 1 3 1 1 1 1 6 8 1 3 3 3 1 3 2 14 1 2 1 3 1 4 9 1 3 2 1 3 3 1 1 2 3 2 1 2 3 1 9
2 10 14 3 3 2 3 5 5 4 6 2 1 3 1 3 1 2 4 1 3 10 1 3 8 2 4 2 6 1 1 1 3 3 7 44 2 35 47 1 2 15 1 1 2 1 4 56 2 2 2 2 7 2 5 12 2 2 4 3 1 4 2 3 2 3 1 3 1 4 2 2 2 1 1 1 1 2 6 9 1 2 14 2 1 1 1 5 2 1 2 6 1 2 7 17 13 4 1 52 9 1 3 2 2 2 1 2 2 1 2 1 5 27 1 2 1 2 2 2 2 1 3 1 2 1 5 16 1 1 2 1 2 1 13 2 2 3 4 1 2 3 1 1 2 2 6 11 1 3 8 1 3 6 4 1 2 1 3 2 2 18 1 4 2 5 2 1 2 4 17 1 2 3 4 2 3 1 2 2 2 1 29 5 1 2 4 3 44 1 4 1 2 2 15 1 1 2 3 2
2 4 1 1 7 2 3 40 2 2 4 3 5 3 2 4 1 7 1 2 2 1 4 1 3 2 2 7 2 6 147 5 2 2 1 2 3 7 2 2 92 6 9 1 2 15 3 8 3 1 1 3 2 2 1 1 4 4 4 3 1 17 2 1 2 1 7 2 4 1 2 10 1 5 13 2 1 1 1 4 1 5 1 4 1 8 3 2 6 1 6 2 1 2 1 1 2 45 2 1 14 1 2 1 1 10 2 2 4 2 3 1 4 6 1 5 1 1 2 4 2 2 2 4 1 3 1 9 1 1 1 2 8 1 2 1 6 9 2 17 4 4 15 4 4 54 1 21 14 4 5 41 5 1 3 1 2 5 3 2 1 6 1 5 18 2 1 1 11 4 1 1 1 8 1 1 2 1 5 1 9 2 5 1 2 2 1 1 3 1 1 1 5 2 2 2 1 266 4 3
2 1 2 6 1 1 2 2 7 32 1 3 1 1 9 1 5 5 1 1 1 9 5 4 3 2 2 5 2 3 7 2 6 6 1 2 1 1 1 2 2 1 1 10 6 1 1 4 1 425 3 3 2 2 2 2 3 3 5 1 59 1 7 2 4 1 1 2 151 11 2 9 2 1 1 1 1 4 2 3 9 2 1 4 42 2 3 1 1 6 3 3 3 12 3 3 3 1 2 1 55 4 2 2 1 2 1 1 4 2 3 7 5 1 2 1 1 2 8 4 3 3 5 1 4 2 3 3 3 1 2 7 2 3 2 2 1 2 3 1 7 21 1 2 1 2 1 1 1 3 2 8 2 1 1 5 3 4 2 7 34 1 2 4 1 1 1 27 3 2 1 8 1 1 3 15 2 1 4 2 3 2 9 2 68 3 1 2 1 2 1 5 7 2 2 2 6 4 2 2
21 1 1 14 3 2 1 1 3 3 4 2 1 2 2 12 1 5 53 3 1 4 2 1 1 2 2 3 2 2 2 2 1 1 1 123 1 4 4 1 3 14 1 1 3 18 1 2 4 2 3 4 1 11 1 2 7 2 3 2 1 2 6 7 2 5 2 4 1 10 1 2 1 2 3 2 14 2 1 1 6 115 2 1 4 1 2 3 2 2 2 3 2 3 3 9 3 1 3 2 2 1 3 2 1 1 1 1 2 5 1 2 2 1 8 3 2 3 7 3 25 3 2 2 1 4 3 3 2 4 2 4 1 2 2 2 2 1 8 7 16 1 3 2 2 16 4 1 3 1 1 1 3 2 2 1 2 5 2 1 2 1 1 1 1 3 2 1 1 1 6 76 1 4 2 5 3 20 1 2 1 4 1 3 2 1 7 2 2 1 11 4 6 28 2 17 2 6 2 3
6 3 1 2 1 4 1 10 7 3 2 2 1 1 2 1 1 4 2 2 1 12 2 2 1 1 1 39 291 2 1 2 5 2 2 63 26 3 1 4 2 1 1 2 3 2 2 1 5 3 1 2 2 1 3 1 2 1 2 9 1 5 2 142 15 1 3 2 5 2 2 16 1 2 2 2 2 2 2 12 1 9 2 6 4 1 1 1 4 2 11 10 3 1 2 2 2 2 1 3 5 9 1 12 1 1 35 1 2 2 7 2 2 2 4 21 4 2 2 5 5 11 1 2 1 1 7 4 2 4 4 2 2 2 2 5 2 1 1 11 1 4 2 2 20 1 2 1 4 2 1 1 1 3 10 6 2 1 3 1 22 2 3 2 3 12 4 1 2 3 1 22 4 2 4 3 3 16 1 5 21 1 2 1 1 3 7 1 3 2 6 2 11 1 1 1 4 2 2 2
1 10 1 1 1 1 2 11 15 81 4 2 14 6 5 4 1 2 2 31 2 5 9 2 2 1 2 7 3 1 5 4 1 1 2 2 4 10 2 1 1 1 2 1 2 1 7 8 2 1 5 1 1 1 1 2 95 1 3 1 5 2 3 5 1 2 11 1 7 1 2 2 2 1 1 4 1 5 2 11 72 2 2 4 1 3 1 257 1 10 13 5 1 1 1 4 1 2 1 2 11 3 1 1 10 1 1 1 8 1 3 58 27 1 10 1 1 1 2 3 4 1 3 1 2 2 3 2 1 4 2 2 1 2 2 13 7 2 1 1 1 2 1 2 4 1 1 1 6 2 2 6 1 6 7 1 4 7 7 1 1 1 2 4 13 2 8 2 2 2 1 4 1 1 2 3 4 3 2 4 1 7 8 1 2 1 1 1 1 2 2 1 10 1 3 1 1 1 1 5
2 1 2 1 1 3 2 1 3 2 3 1 2 1 7 9 2 5 2 2 2 1 5 1 5 3 4 2 1 2 4 9 1 6 2 1 13 3 1 15 1 1 2 15 5 3 1 2 2 1 1 7 1 1 3 5 17 2 4 19 2 1 2 1 3 4 2 16 6 2 9 1 2 13 2 3 1 2 1 3 2 2 2 2 4 1 4 4 1 2 9 3 2 2 18 6 1 3 1 2 2 4 2 13 48 2 5 1 3 7 1 3 6 3 2 3 1 4 4 2 8 6 2 3 2 42 26 19 2 3 6 2 2 2 2 2 33 37 2 6 1 4 3 2 1 5 2 2 1 2 1 3 1 4 2 2 7 3 1 3 4 1 2 13 1 7 3 1 2 5 2 10 3 1 2 2 391 2 1 1 3 7 1 1 3 1 2 2 2 5 2 1 3 2 2 4 2 1 2 2
2 1 6 1 2 4 4 1 5 8 3 4 1 1 1 53 2 1 2 2 2 1 4 2 1 13 1 2 2 1 31 1 1 10 1 1 3 15 4 2 1 1 1 3 4 7 3 2 3 1 3 1 1 2 2 4 2 1 2 4 2 14 3 1 4 5 2 1 3 3 2 18 17 6 7 2 3 158 2 2 2 1 3 6 1 3 1 2 22 12 1 2 1 23 2 2 8 24 2 1 4 2 3 2 2 1 2 3 1 14 2 1 2 1 5 8 5 1 6 2 2 1 14 5 1 12 9 3 4 8 2 1 2 3 1 3 2 2 75 2 2 1 1 7 6 1 1 7 39 3 2 1 1 6 12 1 2 2 4 2 5 1 11 2 3 1 2 2 14 3 4 18 2 2 3 2 2 2 10 1 2 2 6 1 10 2 2 5 1 2 2 1 2 1 2 1 1 3 3 1
1 1 1 2 51 3 2 5 1 16 85 1 3 3 1 2 13 2 15 2 1 1 1 5 1 7 15 3 1 2 1 2 2 3 18 15 3 15 2 10 2 1 1 5 1 1 2 1 3 2 2 3 1 2 1 1 2 3 2 11 1 1 3 3 40 60 1 8 2 2 2 1 4 3 2 18 1 1 1 1 1 66 4 2 1 6 7 34 9 2 3 1 1 10 3 2 1 2 2 7 1 2 2 2 1 2 2 3 1 56 1 6 5 1 2 2 1 4 1 1 5 23 4 1 1 2 1 8 8 2 3 12 1 1 3 4 2 2 1 1 1 1 1 2 2 37 5 2 1 21 1 1 2 16 5 3 2 2 4 5 1 1 3 4 2 1 2 5 2 14 11 1 1 2 1 2 5 1 3 2 1 7 3 12 2 2 6 2 5 1 3 3 1 5 1 2 1 3 2 2
1 6 3 1 12 1 2 4 1 1 1 2 1 1 1 2 2 3 1 2 2 1 4 1 6 4 2 4 5 1 14 2 3 2 4 1 2 2 1 1 2 14 1 2 14 1 2 1 53 2 1 1 2 2 1 2 2 18 4 7 1 3 1 28 2 7 1 2 1 1 2 6 1 2 2 1 1 1 1 2 4 2 4 4 1 2 1 2 11 2 1 1 2 2 1 6 7 1 2 6 3 1 1 2 2 17 3 3 165 8 1 2 1 1 2 2 1 1 2 1 8 10 70 3 2 17 1 7 2 2 2 1 2 1 2 3 3 2 3 6 2 1 2 8 1 9 5 2 7 1 5 6 3 5 4 2 1 1 46 21 4 8 1 2 2 1 2 1 2 3 12 2 3 1 11 1 2 21 3 3 3 16 2 2 2 3 2 3 18 2 33 8 16 1 12 1 1 2 1 1
2 1 1 2 3 1 65 1 3 1 1 1 2 1 2 2 135 2 14 1 2 2 3 22 7 3 11 8 5 20 7 4 1 3 2 1 3 1 2 5 2 4 2 1 2 2 47 3 2 1 2 4 4 7 3 2 1 2 7 1 2 4 2 2 1 2 6 1 1 3 10 5 2 3 3 2 2 1 3 2 26 1 6 2 1 2 1 1 3 1 8 2 5 1 5 1 6 2 1 1 4 17 1 1 3 2 1 1 2 2 15 5 3 7 3 2 1 2 2 2 3 2 3 1 1 3 20 1 1 2 18 8 2 7 1 2 8 4 3 2 6 3 1 4 2 1 4 66 2 1 2 6 2 5 9 4 1 1 10 3 2 3 1 7 3 1 4 1 3 3 1 4 1 1 2 5 2 2 7 3 1 9 1 2 7 39 1 2 3 23 1 1 4 1 3 2 71 9 3 1
2 1 1 3 7 5 2 1 9 2 55 2 19 1 1 1 1 2 1 1 2 4 9 17 1 2 2 1 1 1 3 1 7 22 2 3 6 2 1 7 1 2 3 2 9 2 1 2 1 2 6 1 2 1 3 1 1 4 5 1 1 70 2 3 2 2 2 1 3 2 1 1 1 1 1 2 2 3 2 2 1 2 2 1 1 26 4 2 1 1 2 3 1 42 1 6 3 2 1 1 2 13 1 11 2 2 4 2 11 15 8 1 2 326 15 1 2 2 29 2 2 1 1 1 2 2 1 19 13 1 2 5 2 2 1 1 2 2 1 7 6 2 28 1 1 3 2 2 1 3 11 6 2 2 2 2 1 2 1 1 14 7 7 59 2 1 1 2 5 1 4 2 1 3 1 2 3 1 2 3 1 2 6 2 6 1 1 3 3 1 2 2 2 34 49 1 2 7 3 15
1 2 3 4 5 10 5 2 5 1 3 1 1 2 2 1 1 76 2 2 1 2 1 3 2 7 7 2 1 6 1 12 4 12 3 3 1 4 2 1 3 1 6 2 2 2 2 2 3 2 1 4 73 1 3 13 4 1 3 2 1 2 32 2 2 1 2 198 1 2 2 1 15 1 1 1 2 1 5 1 197 1 12 1 2 1 2 1 1 4 15 2 7 1 2 3 2 7 2 1 4 3 1 6 7 14 3 3 2 1 4 2 6 2 1 2 1 3 24 1 1 1 14 1 3 1 2 2 2 1 4 2 2 2 1 13 4 4 1 6 2 4 5 1 4 1 4 8 2 3 2 3 6 2 2 4 3 2 2 4 1 3 8 3 1 1 9 2 4 1 1 1 2 1 4 3 1 2 2 4 2 1 14 3 1 5 9 5 4 25 7 1 11 1 2 1 3 1 7 3
1 3 5 2 2 23 3 2 5 1 1 1 1 1 1 11 5 7 4 1 1 6 15 2 3 2 9 3 4 1 3 1 1 4 4 2 2 5 1 5 18 1 7 1 2 1 1 2 20 4 1 2 2 2 1 1 2 3 32 2 1 2 4 4 1 32 5 4 4 2 6 2 3 1 3 4 4 1 9 2 15 1 23 59 2 2 2 1 2 2 1 2 4 12 1 7 1 1 2 4 2 1 1 2 12 3 1 2 46 1 7 2 6 3 2 6 2 1 4 2 2 2 26 1 28 2 21 1 1 4 3 11 3 1 1 2 9 2 1 1 1 1 1 5 1 25 1 3 14 1 1 2 4 2 2 1 2 28 1 1 2 1 1 6 1 2 1 1 1 2 2 1 2 2 15 1 3 3 1 1 1 2 1 3 6 1 2 11 12 6 1 1 16 4 1 3 1 6 5 1
1 3 4 3 2 2 9 17 1 5 2 6 2 5 2 2 1 1 2 1 6 1 5 3 1 17 2 58 9 1 1 1 2 75 27 3 2 2 1 2 2 1 2 5 2 2 2 2 1 1 15 2 2 1 1 1 1 8 1 47 1 3 3 1 180 4 2 2 2 4 16 2 1 1 4 1 4 4 4 1 2 4 1 3 2 1 5 2 4 80 1 1 1 1 1 1 1 3 2 3 12 2 2 1 3 1 1 3 6 2 1 1 5 2 6 1 1 1 1 1 2 6 1 1 83 9 2 25 4 3 2 1 2 6 2 2 4 3 2 1 5 2 10 2 7 1 1 2 1 1 5 2 1 4 1 3 1 2 1 6 13 7 2 2 1 137 6 5 1 4 2 21 1 2 5 1 13 42 2 3 1 1 1 6 4 3 2 3 6 1 1 146 32 1 2 4 2 2 8 2
11 7 2 2 6 1 5 2 15 2 2 2 3 4 152 2 2 3 3 2 6 1 7 2 7 1 2 1 4 2 2 1 2 4 1 1 1 1 1 2 33 2 1 1 3 1 126 1 5 5 1 2 2 2 2 2 2 1 1 6 2 1 1 11 1 2 11 1 2 2 2 1 49 5 76 4 2 11 4 3 1 3 2 1 2 1 1 2 2 2 4 3 3 2 5 3 1 1 1 14 1 2 1 1 8 2 2 1 3 21 3 1 3 3 1 1 2 4 1 1 3 2 27 1 2 3 125 3 1 6 1 2 1 4 3 4 8 11 6 4 2 3 2 4 1 1 3 2 1 2 1 1 3 6 5 1 3 13 1 1 3 1 1 1 2 2 1 180 1 6 1 2 1 2 3 3 2 2 2 9 15 1 1 6 1 13 6 2 2 2 4 2 1 2 227 5 1 2 4 4
3 1 2 3 1 13 1 2 1 2 2 1 3 8 6 3 4 1 7 1 1 1 2 1 1 3 2 3 1 1 6 16 1 4 1 1 1 1 2 5 2 2 1 1 3 2 4 2 2 1 4 19 2 1 4 2 2 2 1 3 9 1 2 12 2 1 2 4 1 6 1 2 4 2 3 1 1 1 6 1 3 8 7 2 2 6 1 4 1 3 4 4 33 2 1 1 4 3 2 1 7 1 6 2 2 14 5 2 4 92 3 4 2 2 2 4 158 4 3 5 5 4 1 1 5 2 3 1 23 17 5 18 2 1 1 1 1 3 2 3 1 2 1 2 1 461 2 3 7 2 6 3 1 1 1 5 2 3 3 7 4 1 1 2 2 1 33 4 2 2 1 3 1 2 2 2 4 1 5 5 5 1 2 2 1 2 1 15 4 2 1 7 71 2 5 3 1 1 1 20
12 1 2 2 7 5 1 129 2 15 8 1 2 1 15 1 1 2 1 1 16 1 2 9 1 1 2 1 1 1 1 2 1 1 1 5 1 1 3 2 8 1 1 4 10 2 9 2 2 2 1 18 2 1 3 1 1 2 4 3 1 1 2 2 1 2 2 8 9 2 1 2 1 2 2 8 1 4 2 1 5 17 14 2 1 2 8 4 1 1 2 9 3 13 87 1 1 3 2 6 20 14 1 2 2 2 2 4 24 3 2 12 3 13 4 1 4 1 8 1 1 1 1 1 1 1 2 4 6 2 1 4 2 1 2 1 1 4 2 1 1 1 2 3 5 1 3 1 1 6 2 7 1 3 2 1 2 1 2 1 2 1 2 2 2 29 11 1 1 2 2 2 2 5 1 3 2 1 1 3 3 1 3 15 1 8 2 2 2 1 3 3 115 10 2 4 1 2 11 5
2 1 1 10 2 6 3 1 12 4 2 19 2 2 1 3 2 4 2 13 3 2 2 6 1 1 3 3 10 3 3 1 1 4 2 2 1 8 1 2 1 1 44 8 2 7 4 4 3 2 2 2 4 5 1 8 4 5 1 1 3 2 37 6 1 10 6 1 5 2 3 4 1 1 3 2 9 1 2 2 4 2 5 3 13 17 3 5 5 2 1 9 3 6 2 9 10 12 1 2 10 1 3 1 4 2 12 4 1 2 1 1 2 3 10 3 1 1 6 4 1 27 6 1 2 31 1 40 2 1 2 1 3 2 3 2 2 19 2 5 1 1 1 1 2 2 1 2 2 16 2 6 1 1 1 2 2 2 3 5 1 15 1 2 1 1 2 1 2 11 4 1 1 1 117 1 2 3 5 3 2 4 1 26 1 1 5 1 12 11 11 1 2 5 4 11 1 2 73 1
1 2 15 6 1 89 3 56 1 3 1 3 1 4 1 2 6 1 35 2 2 4 4 5 3 1 1 2 1 1 4 2 4 1 4 2 2 4 4 2 30 2 3 1 6 3 2 1 1 1 18 4 1 7 8 1 13 4 3 19 52 3 1 7 2 1 5 1 2 28 3 5 2 7 1 11 1 1 29 1 20 3 6 2 2 1 2 5 2 10 2 50 3 5 1 1 6 1 2 2 2 2 1 2 3 1 1 1 2 1 2 1 2 1 1 2 2 2 2 2 2 2 2 2 4 2 10 2 2 2 1 2 8 16 6 2 1 2 16 2 1 2 43 10 3 1 3 2 2 29 6 2 2 1 1 4 467 2 2 8 1 6 8 2 1 2 2 2 3 2 1 1 3 30 2 4 2 1 1 2 2 1 1 76 2 2 1 4 1 10 2 1 1 6 9 1 4 1 3 5
6 2 7 1 7 11 1 2 1 33 2 2 2 1 10 18 5 1 1 3 3 7 3 1 25 375 5 8 1 1 4 2 4 1 2 16 2 2 1 4 1 1 3 10 7 7 2 1 2 1 2 3 1 1 3 1 2 18 8 2 9 1 5 1 2 10 35 1 3 7 2 3 3 5 3 1 4 1 2 2 1 4 6 2 1 29 23 10 1 18 2 1 5 3 2 14 13 16 5 3 2 9 4 1 3 2 5 1 1 2 2 2 3 4 4 1 2 9 4 2 1 5 2 7 1 2 15 1 2 2 1 1 2 1 2 11 1 1 1 2 2 8 13 5 1 2 9 3 1 3 2 13 2 5 1 1 1 2 9 1 3 1 5 1 1 4 2 1 1 2 2 1 2 2 7 23 6 8 2 2 2 1 5 1 3 1 15 1 1 2 1 1 1 1 2 1 2 1 2 88
2 3 1 1 4 36 1 3 1 2 1 2 2 2 1 1 2 2 1 2 1 2 1 2 3 1 3 2 26 1 6 1 3 3 1 31 3 1 2 1 2 2 1 7 1 2 2 2 2 1 2 2 2 2 3 2 4 13 3 1 1 10 2 30 2 23 2 1 6 3 10 1 87 8 1 2 5 2 3 1 2 24 1 1 2 1 6 1 9 1 1 2 2 3 2 17 1 2 9 2 9 3 1 3 5 1 1 2 2 59 1 2 2 7 1 1 2 2 4 2 3 9 2 1 71 5 1 1 2 3 2 1 1 48 1 2 2 4 1 2 9 3 2 2 3 3 2 14 7 4 4 1 42 2 1 5 1 2 11 7 9 3 2 1 1 1 1 4 6 1 2 1 7 4 2 2 5 1 8 5 1 18 1 3 1 5 1 1 5 10 2 2 5 1 14 2 2 1 3 8
4 1 1 1 6 2 4 2 1 1 6 1 6 7 2 2 2 1 2 1 2 7 1 2 1 2 2 1 19 3 1 2 1 5 7 1 2 3 1 1 2 2 1 20 2 1 1 1 7 6 3 21 1 1 1 1 3 6 2 1 1 3 4 4 1 2 21 6 1 3 1 2 5 3 27 2 5 2 8 5 1 2 2 1 10 2 6 1 3 13 1 2 1 2 1 1 2 7 5 2 2 1 1 1 1 1 1 1 3 3 2 1 5 2 2 4 2 45 2 1 14 2 4 1 9 1 4 3 5 5 1 1 29 2 3 11 5 1 8 3 1 1 2 95 3 1 62 1 7 2 2 1 11 19 3 1 1 1 2 2 2 3 1 2 37 5 2 1 2 7 2 3 2 5 1 1 3 1 1 8 7 1 2 1 1 3 1 2 1 1 4 3 1 2 2 2 1 13 11 1
5 2 1 1 2 1 1 3 2 72 337 27 2 2 1 1 2 3 3 2 24 6 1 1 2 2 2 1 2 1 1 5 1 3 1 1 19 2 1 2 12 6 1 1 2 4 2 2 2 2 9 7 3 3 169 3 3 2 3 1 2 1 2 3 3 1 1 11 1 1 1 3 1 1 3 2 4 7 6 1 2 1 10 8 6 1 2 10 5 3 6 3 1 2 1 2 8 1 45 2 2 2 2 6 2 1 1 1 1 1 2 9 4 12 39 1 24 2 3 2 5 1 3 2 9 2 2 2 1 1 1 1 2 2 1 2 1 25 1 1 2 7 6 3 1 1 2 4 3 29 2 7 1 8 3 2 3 1 2 2 3 1 2 1 19 15 2 1 1 5 1 1 9 12 14 1 9 9 1 3 2 2 1 25 2 2 1 1 8 16 2 2 2 4 2 3 8 30 3 5
1 9 2 2 2 2 1 9 1 24 22 2 1 2 5 2 2 2 6 3 18 3 6 1 6 1 1 2 2 3 3 23 3 1 1 2 1 3 3 81 1 3 3 1 1 18 3 1 2 2 6 3 2 1 2 1 1 1 9 2 2 2 5 1 3 5 1 47 1 23 1 1 1 34 2 1 1 2 8 2 2 6 2 1 1 1 1 3 3 1 1 3 6 1 1 2 3 1 55 1 1 3 2 2 2 5 7 3 1 1 2 28 34 13 23 3 2 1 1 2 1 1 2 2 2 3 3 3 3 11 2 1 11 7 3 5 1 2 2 2 2 1 1 4 1 2 2 1 15 5 1 2 1 2 2 1 5 17 6 2 2 2 7 13 3 2 2 3 2 3 3 5 8 1 7 91 3 2 4 1 1 2 6 2 1 3 1 7 2 1 1 5 2 7 4 7 1 1 18 3
1 1 1 1 4 6 2 2 8 2 4 16 2 2 2 5 10 4 7 2 1 4 1 9 2 2 2 6 2 1 2 4 3 2 16 15 5 2 1 2 6 3 1 1 1 44 4 1 3 16 4 1 7 4 1 4 2 9 1 2 3 1 1 2 5 2 1 2 2 1 1 8 3 2 2 5 2 1 2 143 1 1 4 1 1 3 6 1 1 1 4 2 2 1 3 4 1 27 6 1 2 15 3 3 2 3 1 6 1 5 12 3 1 1 1 2 1 2 1 3 93 1 4 1 3 2 1 1 7 2 1 2 2 2 1 1 2 1 5 13 2 2 14 4 1 10 1 1 1 1 1 5 2 1 2 1 1 3 2 1 13 4 1 4 8 1 7 1 7 1 1 1 1 1 3 24 3 2 2 1 6 1 8 4 2 1 1 8 4 11 18 2 3 2 2 1 3 3 1 2
2 6 2 5 6 5 6 5 2 58 4 2 1 1 1 6 8 3 2 1 65 5 5 1 1 2 7 1 30 6 1 3 9 2 5 4 14 2 2 2 347 1 2 4 2 2 7 2 8 1 5 3 1 1 3 1 2 2 4 4 1 2 1 1 5 3 1 1 1 1 1 6 1 2 2 1 9 1 2 1 23 2 2 3 2 3 1 3 1 1 2 19 4 2 3 3 1 2 2 1 4 1 4 2 2 1 2 1 2 1 2 1 2 4 1 11 4 2 1 3 1 1 1 1 3 20 7 2 2 2 2 2 2 1 1 2 2 2 3 1 2 2 1 3 1 1 4 2 5 13 15 13 1 1 6 7 7 1 2 4 3 1 3 2 1 1 17 3 4 4 1 1 8 1 1 4 2 17 1 2 4 2 5 6 13 2 3 3 1 4 2 3 4 3 10 2 2 1 4 8
1 3 7 1 4 1 4 15 2 1 7 8 2 17 34 3 2 4 4 1 2 1 1 1 3 4 1 10 3 4 4 1 3 4 1 1 1 17 2 7 2 2 1 2 10 3 1 1 15 1 11 1 2 1 1 2 5 4 4 2 1 2 6 34 1 2 1 48 2 1 3 2 3 1 2 2 3 2 4 3 76 3 8 2 6 4 4 2 3 2 65 2 4 1 1 3 1 1 11 75 2 1 23 3 2 5 4 3 2 1 25 2 18 3 2 1 2 1 4 1 1 1 3 1 1 5 9 2 1 1 2 1 1 2 2 5 2 14 1 1 4 2 8 7 2 11 1 1 3 7 2 4 4 2 2 10 6 2 1 3 2 3 2 2 3 3 1 2 2 4 4 2 1 7 1 2 2 1 1 3 1 2 6 2 1 2 1 1 10 2 3 1 1 2 30 2 1 1 4 1
1 6 2 1 2 1 2 2 1 1 2 1 6 2 1 13 1 1 2 2 1 2 2 1 2 1 3 2 1 1 1 1 426 2 1 3 126 3 2 2 1 1 183 5 110 1 1 2 2 29 4 2 5 6 1 2 4 2 1 2 1 7 1 62 3 4 1 6 1 5 2 11 2 1 1 72 2 1 1 6 1 1 2 2 2 2 2 2 1 3 94 1 1 2 2 1 1 2 1 3 2 2 1 3 6 1 3 4 4 7 1 9 41 3 1 2 8 13 6 3 1 1 1 2 2 185 5 3 2 1 4 4 1 16 3 1 4 38 2 2 1 1 12 6 1 13 1 1 2 2 1 3 3 2 5 2 2 4 2 1 2 8 2 4 2 1 2 1 95 86 2 5 1 4 1 25 2 4 3 2 3 1 3 3 1 1 1 1 1 1 1 1 3 2 4 2 1 1 1 1
1 3 1 1 3 2 12 6 2 6 3 3 2 2 2 1 1 3 1 2 2 6 3 5 2 1 11 1 2 4 1 1 2 1 1 4 5 1 2 2 1 2 7 2 3 6 1 1 3 2 3 17 2 1 4 7 1 2 1 14 2 4 2 1 10 61 13 7 9 1 4 3 5 1 4 1 1 2 1 4 1 1 33 9 1 27 1 2 3 20 2 4 10 1 2 2 2 1 1 1 2 1 2 1 2 1 1 2 4 54 2 1 13 1 1 6 15 3 32 3 4 2 2 1 1 6 1 3 15 2 1 7 4 3 1 4 2 2 1 3 2 2 1 3 2 19 1 3 1 3 2 1 3 2 2 2 2 2 2 1 2 3 1 3 2 38 2 9 1 1 1 3 1 5 2 2 1 110 24 6 1 2 18 1 2 3 2 3 1 2 1 26 2 2 1 41 2 6 2 3
2 1 2 49 1 2 1 2 2 3 133 1 1 1 6 2 2 1 2 1 1 2 1 1 3 3 2 1 3 1 1 2 1 2 2 2 1 4 1 6 2 2 2 16 1 9 6 3 2 1 8 2 1 2 1 1 1 1 2 20 1 1 1 1 3 4 1 1 81 1 2 1 8 1 1 1 8 2 2 3 4 3 4 84 1 3 1 2 1 1 2 2 9 2 1 2 3 3 1 1 24 2 1 1 1 4 1 1 2 17 1 2 2 2 26 10 4 1 1 2 4 5 2 2 10 1 1 2 2 2 6 2 12 2 17 1 2 1 1 4 1 1 2 1 15 2 81 1 3 4 5 1 3 62 2 2 3 4 2 2 1 2 3 2 5 2 4 1 21 2 6 3 1 2 2 2 4 1 1 2 6 1 2 2 1 17 19 13 3 4 2 1 121 2 22 2 2 2 7 46
31 4 1 9 7 8 2 2 1 1 2 3 1 2 1 2 3 4 1 1 10 1 2 1 10 5 2 1 2 4 19 3 4 1 2 1 1 5 70 2 2 2 2 2 1 1 23 2 5 1 3 2 4 2 1 1 1 1 1 1 1 1 5 2 2 1 5 2 2 14 1 2 1 1 2 2 5 1 3 2 1 2 7 2 5 3 1 1 5 2 4 1 3 4 2 2 1 5 1 2 2 1 1 2 2 2 3 6 2 2 2 2 3 1 4 2 1 2 4 2 2 3 2 5 1 2 1 1 3 2 2 2 2 2 2 4 3 1 1 1 4 1 1 2 3 2 2 16 3 1 5 6 3 1 3 2 1 3 20 4 1 2 5 1 2 5 9 4 2 2 1 6 1 2 3 1 3 1 7 22 1 2 2 7 5 2 1 1 2 2 5 1 1 1 3 2 2 28 1 1
6 10 1 1 3 16 2 6 2 1 2 1 2 2 5 2 1 2 1 1 1 2 1 5 3 2 2 76 6 2 3 2 1 1 1 1 1 1 1 2 10 5 1 2 2 3 4 1 3 1 16 1 91 5 5 2 2 2 1 4 1 6 2 1 1 2 2 2 1 4 1 7 1 3 2 1 3 3 3 4 2 1 6 22 2 1 1 1 6 2 2 1 1 142 2 11 1 2 1 9 2 2 1 3 2 2 9 2 1 16 4 1 3 2 1 2 1 35 1 1 3 1 3 1 1 15 2 9 1 1 2 4 6 5 3 3 2 6 2 1 2 23 32 3 15 1 3 116 69 3 10 1 1 1 11 1 2 8 129 2 2 1 1 4 15 2 2 16 1 1 2 3 1 2 3 1 84 2 1 1 1 1 1 3 3 1 2 2 3 2 2 4 9 5 2 85 4 4 2 4
2 1 4 1 5 12 1 2 3 4 2 1 2 14 1 4 1 2 4 1 1 2 1 7 2 2 2 6 1 2 3 1 1 68 1 2 5 63 4 8 13 1 3 2 1 1 7 1 2 2 2 1 14 3 1 2 12 5 4 1 1 1 2 3 5 1 4 6 1 2 2 1 4 1 9 2 8 1 1 22 2 3 1 2 2 1 4 1 2 4 6 51 3 1 130 1 1 2 5 1 1 2 1 1 1 1 2 2 17 10 2 1 1 44 2 2 2 1 2 4 2 7 1 19 2 1 1 1 2 2 6 7 3 1 1 2 2 2 1 1 3 2 2 1 1 1 2 2 5 1 106 12 7 14 3 1 1 2 2 1 4 2 2 4 2 1 3 2 3 2 1 25 1 1 1 4 3 2 1 3 2 4 1 6 3 2 2 8 5 1 115 1 4 5 5 3 3 2 2 1
2 2 3 78 2 2 1 136 1 1 2 3 1 1 2 1 189 1 1 2 4 3 3 1 3 7 12 2 10 3 2 1 1 2 6 1 4 2 1 2 39 1 3 1 2 1 3 2 3 7 2 2 2 2 2 1 2 2 2 3 1 2 3 5 2 2 1 1 1 10 2 2 4 27 3 1 31 2 1 12 8 1 2 26 9 2 2 4 3 1 1 2 1 1 1 1 3 1 3 2 4 1 1 2 18 2 1 1 2 9 12 1 17 1 1 1 2 2 2 1 6 1 1 2 3 24 2 1 2 1 1 4 1 1 1 2 7 1 2 2 1 12 5 2 41 5 5 2 12 1 3 1 2 2 37 2 1 87 3 2 1 1 4 1 9 3 13 3 40 1 2 8 2 3 4 1 1 1 5 5 4 2 2 5 2 2 2 2 5 3 12 3 2 3 2 1 2 1 5 1
2 4 2 2 22 110 2 7 2 1 7 8 4 1 1 1 2 1 1 1 13 1 3 2 6 21 3 1 3 2 2 36 1 2 4 3 2 49 1 1 3 2 1 2 3 2 2 3 3 3 1 1 5 11 1 3 1 1 1 5 2 8 7 2 11 12 1 12 5 1 6 6 1 6 2 5 3 13 4 11 100 1 1 1 4 1 1 10 32 7 9 10 2 3 3 1 1 3 1 1 1 2 1 1 2 1 2 5 2 2 5 1 2 5 3 1 1 4 3 5 6 1 3 1 3 1 1 1 7 3 9 3 1 6 1 3 1 2 11 2 3 4 1 2 1 1 2 6 1 1 1 3 2 2 4 1 2 3 3 2 12 1 5 3 1 1 2 1 1 2 1 3 1 2 3 3 6 1 1 2 1 2 2 1 1 1 2 3 1 3 6 6 1 3 3 2 1 16 2 2
4 2 1 2 5 3 1 3 2 1 1 1 2 1 3 1 2 1 3 1 2 1 8 27 6 1 17 1 1 5 5 3 2 2 1 2 1 2 1 11 1 35 1 2 4 11 6 2 1 1 5 1 2 4 12 1 1 2 2 1 15 1 1 1 3 1 1 2 1 2 4 2 1 3 21 3 1 1 1 1 1 1 2 5 7 3 3 2 2 3 1 2 1 2 19 1 13 2 3 2 3 1 6 1 4 6 2 2 1 1 8 2 2 2 1 2 1 25 1 1 28 1 1 1 2 1 4 1 22 1 2 1 1 7 1 4 3 5 2 2 15 1 2 6 5 2 3 7 1 2 7 15 2 28 2 1 2 1 18 1 7 2 3 4 1 11 1 1 1 2 6 2 105 2 2 3 21 3 3 1 1 2 1 1 2 10 4 2 83 4 1 2 3 2 1 1 2 78 3 2
3 29 1 3 3 1 2 3 1 28 4 7 3 3 2 4 1 2 2 2 4 1 20 9 2 2 1 4 2 1 1 1 1 1 2 3 8 1 3 2 4 16 3 1 3 24 2 1 3 7 2 5 28 2 2 2 3 2 2 2 1 3 5 12 120 2 1 1 63 1 4 2 1 2 4 9 3 2 1 2 1 2 2 1 3 4 7 2 3 47 31 2 9 2 3 13 2 33 1 3 1 2 4 3 3 1 2 4 1 33 20 1 3 3 2 7 2 4 1 1 1 2 2 6 3 365 12 2 3 7 2 2 13 3 2 2 93 5 1 3 1 3 1 1 1 1 2 1 1 4 1 2 5 3 4 4 3 1 1 2 5 2 1 1 2 2 3 1 1 2 1 6 4 2 5 1 2 3 2 2 1 12 6 1 115 2 5 3 1 3 1 2 5 1 1 20 17 2 1 185
1 7 1 3 14 2 1 2 2 4 1 11 2 1 1 4 3 1 1 8 1 7 3 1 1 4 3 7 1 1 2 1 2 1 4 2 2 2 1 2 1 2 1 1 1 3 1 1 3 2 2 3 2 1 2 2 3 4 2 3 1 1 2 3 1 1 1 18 1 1 2 2 1 2 19 3 1 4 1 1 5 4 5 1 1 3 1 1 2 3 4 3 7 1 3 2 2 1 7 2 3 2 1 22 1 5 1 1 88 1 2 49 3 4 6 6 3 5 13 2 10 2 2 1 3 2 2 1 11 32 1 1 2 9 2 2 2 1 2 4 1 1 2 4 16 1 2 2 1 2 13 1 3 2 2 3 1 2 2 1 2 2 2 1 8 1 2 17 2 2 2 7 5 4 34 1 5 8 2 1 1 2 5 2 12 2 1 2 1 2 1 2 2 71 2 2 1 1 1 6
1 8 2 1 1 3 1 1 2 1 2 1 5 1 1 1 3 3 2 9 5 2 5 1 18 2 2 9 3 1 8 2 3 1 1 3 2 4 68 2 4 5 2 13 3 74 2 9 2 5 4 2 2 2 2 2 1 4 6 8 2 1 3 5 3 2 1 1 18 1 2 5 4 2 1 1 6 9 2 1 11 3 2 1 1 3 2 2 201 3 3 3 8 1 111 1 1 1 2 2 2 1 2 5 1 482 2 19 4 2 1 1 102 1 2 1 14 2 2 15 1 5 6 2 2 1 2 2 3 1 4 3 7 7 1 4 7 240 2 6 1 2 1 1 4 2 49 2 3 5 1 1 2 1 2 4 1 1 4 2 4 1 1 1 4 1 2 2 9 1 2 16 6 2 2 6 3 7 1 1 2 2 1 1 1 2 9 2 4 1 1 1 2 1 1 18 2 1 2 1
3 7 33 1 2 2 4 5 6 23 2 1 1 3 2 1 2 1 3 1 1 32 3 2 2 1 4 1 1 1 1 2 3 1 1 3 3 2 3 1 1 2 1 3 2 1 4 1 2 3 1 1 2 1 2 1 8 1 5 5 1 7 2 38 8 3 1 2 45 1 3 1 2 11 2 12 1 2 3 1 2 1 9 2 1 6 4 1 2 3 1 1 2 3 2 3 4 6 2 2 1 1 5 2 1 2 1 1 3 2 1 406 2 3 2 9 1 1 1 3 1 12 3 1 1 1 14 1 2 5 25 2 3 2 2 3 1 3 3 1 6 2 9 24 2 1 3 2 3 2 1 2 84 4 1 1 3 1 3 18 2 3 2 1 1 4 1 2 3 1 8 2 1 1 2 50 2 1 2 1 1 1 1 45 1 1 5 6 3 2 8 1 5 2 2 5 1 2 1 2
10 1 2 1 2 3 1 1 3 9 3 2 1 9 2 8 1 1 2 1 1 7 2 3 11 1 2 3 6 1 1 8 2 1 9 2 1 1 2 3 2 1 3 1 27 2 1 14 2 5 3 15 4 10 1 2 1 2 2 3 3 1 1 1 11 1 8 1 10 2 1 3 23 1 1 4 1 4 2 2 1 3 6 1 1 1 1 3 1 6 5 1 4 1 1 1 1 4 4 3 66 253 3 4 3 1 1 1 10 7 1 4 2 2 34 1 2 1 14 3 9 2 3 1 1 1 2 13 1 1 2 15 3 1 3 2 1 13 18 1 2 1 1 1 1 2 1 11 1 2 1 5 1 3 2 8 1 3 1 1 1 1 2 46 5 3 1 2 7 12 8 2 3 4 2 2 4 5 2 5 2 1 1 1 2 2 143 3 11 13 3 1 2 1 1 4 2 2 5 2
1 1 1 4 4 1 38 1 1 3 2 3 1 6 1 115 2 1 1 11 21 2 7 1 250 2 1 3 20 11 1 5 2 6 2 1 2 1 2 3 4 3 4 16 2 3 1 30 1 1 1 2 1 3 1 2 3 10 1 17 24 3 3 3 18 1 2 3 3 1 2 2 1 1 2 1 2 3 4 9 2 1 3 3 10 18 5 1 1 2 1 3 3 1 1 1 1 1 33 3 1 16 1 2 12 8 1 66 1 3 10 2 4 1 2 1 2 4 1 3 2 2 375 1 41 4 2 1 5 4 9 2 5 3 3 3 1 2 1 1 1 1 1 1 2 9 2 2 18 82 1 2 1 1 2 2 6 3 2 2 1 6 10 2 2 5 1 1 2 3 1 67 2 1 1 7 2 2 4 3 1 7 3 1 2 9 2 1 2 15 7 1 3 5 8 2 2 1 3 3
1 2 2 3 6 1 5 1 2 3 2 3 2 11 3 2 3 23 19 1 29 1 3 3 2 2 1 2 18 3 1 1 4 1 1 3 3 1 5 1 1 1 2 1 77 2 4 4 1 2 1 1 2 7 1 1 1 4 4 4 4 3 2 5 1 3 1 1 1 2 1 2 1 9 2 21 14 47 2 1 3 7 1 2 6 1 2 1 1 2 1 2 2 3 1 3 8 3 15 5 1 2 3 2 1 5 1 1 2 4 2 2 1 4 20 2 6 5 2 2 1 1 359 20 1 2 29 1 2 2 1 10 1 45 2 2 2 8 2 1 60 2 1 30 1 1 5 4 3 187 114 2 4 1 6 1 28 5 2 2 5 2 15 2 2 2 2 2 3 2 1 4 2 1 13 1 1 1 4 5 3 5 2 1 2 1 4 2 4 4 3 3 3 2 2 2 8 2 5 2
1 2 3 5 1 4 5 2 4 1 32 2 3 84 2 4 1 4 2 1 2 2 29 2 1 2 5 1 16 10 4 1 5 1 4 2 1 1 1 1 1 2 6 1 9 2 1 1 3 4 1 1 1 4 1 1 2 43 5 3 2 1 5 9 4 1 1 8 86 1 1 2 154 6 1 1 1 1 1 2 2 1 3 14 17 2 2 36 20 7 2 11 2 2 1 2 1 1 6 1 2 7 1 7 1 2 3 71 2 2 1 2 1 3 16 4 1 1 3 2 8 8 1 2 2 2 1 1 2 2 8 1 7 4 5 1 1 4 1 1 1 1 1 2 1 2 3 2 3 30 1 16 1 2 1 3 1 1 2 1 9 5 3 2 1 2 7 1 2 1 2 2 32 43 2 1 1 1 3 8 4 1 34 4 2 1 1 8 1 3 2 1 4 1 3 2 1 3 1 2
1 1 38 1 1 2 1 2 42 2 2 1 4 1 2 4 2 104 2 21 3 2 1 1 2 1 1 1 1 2 2 2 3 1 5 2 1 1 5 3 1 2 4 18 3 3 2 1 3 2 1 9 2 4 12 1 2 6 3 1 2 2 13 1 2 1 6 6 2 3 2 2 1 1 2 1 4 1 1 2 2 1 1 1 2 1 5 3 7 1 3 7 6 1 1 1 1 6 4 2 19 2 2 2 317 1 1 6 4 7 1 3 1 27 5 3 5 3 1 2 14 1 1 2 13 2 78 2 2 2 1 1 153 3 3 2 7 2 1 1 4 2 1 2 3 1 1 1 2 3 1 9 3 2 2 119 22 6 1 2 1 1 1 2 1 8 3 1 1 1 23 5 1 7 5 1 2 2 2 2 3 1 1 4 2 14 2 2 8 1 2 7 5 1 5 1 8 2 6 1
1 1 5 11 3 26 4 1 2 2 6 8 1 1 1 3 3 7 34 1 1 1 1 4 8 3 26 19 2 62 5 2 2 1 179 1 8 3 22 1 2 2 6 5 7 7 1 4 1 2 7 5 2 7 4 3 2 1 2 9 1 3 5 4 3 17 2 1 1 1 6 5 2 1 1 1 1 3 1 5 5 24 2 3 7 1 1 4 6 11 2 2 2 2 1 2 1 22 3 5 6 18 2 1 2 2 6 1 3 1 1 9 2 3 5 2 1 1 2 1 1 2 5 15 1 7 3 2 4 2 1 1 11 2 2 5 9 2 1 3 1 8 1 2 1 2 1 1 7 1 1 1 1 4 2 1 4 17 2 1 5 5 2 1 2 2 2 4 15 4 1 1 1 1 1 1 1 2 2 2 1 2 1 1 2 2 1 4 2 2 1 4 3 2 8 5 6 11 2 4
1 1 2 4 7 1 2 1 20 1 5 2 1 3 4 2 1 2 89 2 2 2 6 1 2 2 3 9 1 3 1 1 1 3 4 5 1 6 2 1 2 9 5 11 2 4 1 1 3 2 2 64 1 2 4 1 2 2 2 5 3 1 1 3 14 12 13 2 13 1 2 2 5 5 2 2 2 31 4 4 2 1 2 1 1 10 1 1 3 3 5 1 2 2 1 1 2 1 2 1 1 1 52 3 1 1 5 6 2 1 2 7 1 4 66 2 10 2 3 2 2 32 3 7 14 2 1 1 9 3 1 3 32 1 2 4 1 2 3 5 2 2 10 1 5 1 1 2 1 1 4 2 19 2 2 1 5 11 1 4 13 2 3 6 1 3 2 1 2 1 1 9 2 1 3 1 1 1 24 1 2 14 6 1 3 2 82 1 1 13 3 2 1 13 1 7 1 3 5 4
1 1 2 1 2 2 14 4 3 6 1 2 9 90 2 2 7 5 2 2 1 1 3 2 3 2 2 3 5 8 1 1 2 3 8 2 1 2 2 1 1 3 3 16 6 2 4 2 1 1 1 1 3 2 1 2 2 3 2 1 1 1 1 1 2 3 3 2 18 2 2 22 6 2 74 1 5 2 4 7 3 4 1 2 1 7 3 4 23 1 3 1 8 1 1 20 5 2 1 2 1 1 1 2 1 1 19 1 1 11 7 3 3 2 1 12 2 1 3 1 3 13 4 1 2 1 1 2 3 4 1 30 2 2 2 1 2 2 12 3 2 1 2 3 1 2 6 1 2 1 3 1 11 1 1 4 2 1 4 3 1 2 1 7 2 1 7 2 1 2 2 2 1 4 11 6 2 1 2 1 13 1 14 3 6 1 3 3 5 2 1 10 9 25 3 2 18 1 9 2
3 2 2 1 7 1 2 1 1 1 11 1 1 1 1 1 15 2 2 2 1 10 5 1 1 4 1 2 3 1 3 14 26 3 84 1 19 3 1 2 2 3 2 2 2 2 1 2 2 2 2 2 43 2 2 2 1 1 1 2 10 1 6 2 2 176 1 16 1 1 11 1 10 1 1 1 11 1 1 3 1 2 2 4 2 14 1 4 5 5 1 103 10 1 4 1 7 3 1 2 5 1 2 3 2 2 12 1 3 1 2 1 2 3 3 2 20 4 13 2 1 3 1 2 1 2 1 1 5 1 4 3 19 1 3 6 4 3 4 1 1 14 8 2 4 1 3 18 5 1 3 2 1 2 2 4 3 1 2 9 1 5 1 23 11 5 10 7 1 4 2 1 5 2 1 2 2 11 1 1 2 14 4 1 1 1 3 2 10 8 19 1 5 2 1 3 2 3 2 1
23 4 5 1 3 4 4 3 399 2 5 18 1 2 1 36 7 2 2 1 2 2 1 2 1 20 1 3 2 2 1 2 3 4 2 2 3 9 3 8 2 2 2 2 1 2 1 1 1 2 4 3 5 5 2 1 10 2 4 3 1 4 16 5 2 11 1 2 3 1 2 1 2 1 1 2 6 3 3 5 1 5 10 2 13 1 2 1 1 11 3 6 1 9 1 1 2 3 7 4 1 2 33 3 2 1 2 14 2 1 1 1 18 8 5 2 2 2 4 2 2 2 4 5 1 2 4 3 6 3 2 1 1 1 3 3 2 16 5 1 4 1 2 4 2 1 3 2 2 7 1 8 2 2 2 1 1 10 5 2 2 6 4 3 2 10 2 1 2 2 2 7 4 2 4 7 7 3 4 3 13 1 2 7 1 2 12 4 4 4 9 31 1 3 9 2 1 265 3 2
2 1 2 2 2 180 1 2 3 1 2 2 6 2 1 1 2 1 5 1 1 3 1 1 39 1 6 3 2 3 2 2 1 2 3 2 2 3 1 1 3 1 4 2 2 1 4 1 3 3 10 5 4 1 1 7 1 22 2 15 1 1 1 2 2 2 2 39 1 13 174 2 1 1 2 2 6 2 1 4 1 1 28 2 11 3 1 3 2 2 2 1 4 1 1 2 1 5 2 1 5 1 1 2 1 2 27 2 1 6 1 2 2 5 39 2 2 1 2 1 6 4 15 13 9 6 2 7 1 1 3 6 4 1 2 15 2 1 2 2 2 7 3 1 4 3 4 7 2 2 1 2 6 4 1 1 11 2 1 2 6 7 8 9 5 45 3 1 2 2 1 2 2 3 2 3 1 2 2 2 1 2 2 1 9 2 9 1 5 1 3 6 4 5 5 2 2 1 6 3
