200
468 498 476 172 152 404 150 443 158 188 367 388 161 249 425 396 232 371 318 332 472 388 163 365 477 309 265 237 121 442 468 221 110 274 294 396 472 255 259 230 289 293 144 313 300 192 266 102 124 220 207 421 102 218 212 134 306 175 355 254 211 314 308 325 332 413 354 379 199 114 392 317 383 282 152 390 431 215 348 324 201 245 102 233 420 403 357 211 366 499 388 176 415 354 385 423 367 282 141 420 160 339 122 451 137 282 149 136 459 485 154 108 441 109 313 177 118 500 209 476 440 153 171 332 434 391 444 239 340 425 331 206 414 114 286 324 318 277 267 242 490 383 213 201 366 261 484 370 251 262 123 379 289 330 294 248 309 228 117 139 171 266 320 147 268 285 387 305 176 431 146 357 233 398 418 388 137 420 299 214 215 320 228 478 347 283 497 233 473 246 266 387 322 406 188 305 386 493 313 308
3 5 3 6 2 3 2 1 3 5 6 5 3 1 1 2 3 6 6 2 4 2 6 2 4 4 2 1 3 1 1 3 4 5 2 3 4 5 1 1 2 3 2 4 4 2 6 6 1 2 6 2 4 6 5 4 1 2 3 3 2 1 1 2 6 3 6 3 2 3 1 3 3 3 4 6 2 2 1 1 6 2 3 4 4 1 3 3 1 1 3 3 2 3 4 6 2 4 5 2 2 3 4 6 1 6 3 1 3 6 5 5 3 5 1 4 6 2 3 5 6 4 6 1 6 1 4 1 1 4 4 1 2 4 6 4 1 5 2 4 5 4 4 5 4 2 4 3 6 3 6 5 6 6 2 6 4 5 1 5 1 6 2 5 2 5 5 6 6 2 6 4 4 3 3 6 6 3 2 2 4 6 4 2 5 1 5 4 4 3 2 6 5 4 3 4 5 2 4 6
3 4 4 3 3 1 1 5 2 2 2 2 35 20 3 3 4 3 2 1 2 13 6 1 9 1 2 13 73 3 15 1 2 2 2 4 5 5 4 2 1 1 1 2 23 2 5 2 2 3 4 1 1 5 4 2 2 2 3 3 3 2 5 1 1 3 2 13 1 2 2 2 212 1 1 11 3 7 1 1 1 2 4 11 1 1 1 1 1 1 1 8 38 1 2 1 3 2 3 3 10 1 37 2 8 1 6 1 1 2 1 2 1 21 3 3 3 2 26 15 7 3 8 1 1 2 6 1 303 1 11 1 5 1 1 32 1 2 4 1 1 1 1 2 1 3 2 5 4 1 2 6 2 2 1 3 2 2 2 7 9 3 2 5 2 3 2 12 1 1 1 5 5 1 3 1 6 3 2 2 3 5 4 11 8 3 2 1 4 1 5 9 5 1 1 25 4 1 2 3
3 2 7 3 1 2 1 10 11 1 1 1 2 1 166 31 10 1 13 1 5 1 2 1 1 71 19 6 2 1 1 7 3 9 3 2 5 287 2 8 8 8 1 21 3 1 66 30 3 1 2 2 9 3 7 4 1 2 4 2 1 1 2 14 1 1 2 2 157 27 1 11 1 2 2 1 122 1 4 2 3 1 1 3 3 2 6 2 7 14 8 4 4 2 11 1 1 1 11 11 3 3 1 7 3 1 2 2 1 16 10 1 1 3 1 5 1 27 2 7 1 2 1 2 8 2 1 28 2 1 2 2 2 1 3 2 8 7 1 2 1 2 13 2 4 2 4 1 10 2 1 2 1 1 1 2 2 1 2 15 1 2 1 7 1 9 9 2 13 2 2 275 2 2 1 3 5 2 3 12 1 1 1 1 4 6 2 2 4 1 1 1 2 1 1 3 2 2 1 2
3 18 4 3 14 1 2 1 1 1 2 1 2 8 2 2 5 1 2 3 20 1 2 4 2 5 2 2 2 1 14 1 1 3 6 4 1 2 2 14 1 1 1 2 4 1 1 1 4 1 2 11 1 1 2 2 1 26 2 1 2 1 3 2 12 2 4 2 1 1 1 3 1 1 2 1 2 1 5 3 3 2 1 3 20 12 15 1 1 2 2 1 2 6 6 2 1 2 1 2 4 3 1 1 1 1 15 2 6 20 1 2 3 2 2 10 3 2 3 2 2 3 2 3 1 2 1 2 29 2 5 1 3 2 36 7 4 232 1 64 11 24 1 2 2 10 1 3 2 5 1 2 1 83 3 3 2 1 2 2 4 7 2 3 1 2 2 6 2 2 29 4 1 4 7 1 2 1 32 2 1 3 1 1 2 1 5 2 1 1 4 2 1 2 2 7 6 2 1 15
4 14 2 1 3 1 3 2 2 3 2 4 2 4 2 7 3 2 2 2 8 2 3 1 1 2 2 1 1 1 4 1 1 1 3 1 1 3 4 5 1 10 1 4 1 5 2 32 3 1 1 1 1 2 154 7 2 3 9 1 45 1 3 4 1 132 1 2 2 1 1 1 1 1 2 2 2 2 2 1 2 1 30 3 1 2 3 2 1 2 2 1 2 4 1 1 1 1 31 3 2 2 1 3 1 3 4 2 4 2 1 1 4 7 2 1 2 4 3 224 1 1 2 2 2 1 1 1 11 16 20 2 2 3 1 2 4 7 2 3 35 2 3 2 1 1 4 2 3 3 193 1 1 2 5 12 11 1 2 1 45 4 2 2 2 1 1 7 2 2 34 3 13 5 15 8 2 3 7 8 1 1 1 18 2 3 1 2 1 1 1 9 4 2 3 2 1 9 2 3
5 2 13 4 1 8 4 7 2 1 6 2 1 1 2 2 2 34 2 3 6 2 49 1 2 5 3 2 10 14 267 36 18 1 11 1 1 1 7 1 1 2 2 3 7 2 17 1 2 4 2 2 11 2 4 2 2 1 1 2 14 2 1 2 1 1 2 3 13 4 1 13 7 5 1 2 10 1 1 2 1 1 106 2 1 5 1 2 2 1 51 2 1 26 3 2 5 13 6 1 3 5 23 22 1 3 1 2 2 1 3 4 2 2 21 2 3 1 1 2 1 1 2 3 2 2 6 16 2 2 3 115 6 1 2 24 2 16 1 5 1 3 2 1 6 7 9 4 1 1 2 2 1 12 2 7 2 4 2 1 2 1 2 9 14 11 4 1 2 1 2 2 1 6 1 1 12 1 2 4 3 47 3 25 4 3 3 3 48 38 3 1 325 2 6 13 1 2 1 3
4 10 2 3 18 3 1 2 1 2 2 1 2 4 221 1 1 11 2 1 3 18 11 1 2 3 1 1 14 33 1 7 7 16 10 1 2 3 1 2 1 2 3 1 3 1 1 2 3 2 1 3 1 1 1 3 2 1 2 1 4 1 1 1 7 3 1 2 3 2 1 1 1 6 1 1 10 5 1 2 7 2 19 2 1 2 1 1 2 1 1 3 1 2 1 2 3 3 1 1 1 1 1 3 4 1 55 34 3 2 1 3 4 5 2 19 1 2 1 2 2 2 1 2 4 1 4 3 2 12 2 2 1 2 2 6 17 2 2 1 27 1 3 3 3 14 1 4 31 1 1 1 3 4 1 2 2 3 4 2 3 10 2 1 1 1 1 3 1 1 3 2 6 2 4 1 2 1 3 2 1 4 2 2 3 1 4 2 3 172 4 2 1 3 1 4 19 463 19 1
2 3 11 2 29 3 1 6 2 2 2 3 2 3 44 14 4 2 1 1 3 6 1 2 9 6 5 1 1 1 15 2 4 10 1 1 2 1 1 4 1 1 2 1 3 2 1 11 3 4 11 3 3 2 3 3 5 8 6 2 51 21 3 2 2 1 1 1 4 7 1 3 19 1 3 1 1 1 6 2 21 2 2 1 3 1 3 2 7 3 1 2 1 1 2 1 2 4 2 2 9 2 2 2 3 5 1 2 2 10 2 1 1 9 2 1 1 2 3 1 39 2 3 24 2 7 13 6 1 1 6 12 1 1 1 1 2 19 1 1 2 5 2 1 2 9 1 1 1 1 3 20 2 1 2 2 4 3 1 2 1 2 2 5 3 6 5 2 22 1 3 2 1 2 1 1 3 1 3 5 1 6 14 1 2 2 3 1 2 302 6 2 1 2 2 4 5 87 3 2
4 1 1 3 1 2 4 3 1 1 2 1 3 1 1 3 1 4 1 1 3 1 1 1 2 3 5 4 1 1 1 1 1 2 7 1 3 2 2 2 2 1 5 3 7 3 1 1 6 1 1 2 5 1 5 6 4 1 3 1 1 4 2 5 4 3 2 7 2 1 17 2 12 2 2 1 2 12 1 6 21 1 14 4 2 1 2 2 3 1 1 4 5 1 1 1 1 1 1 1 22 1 2 2 14 12 44 2 4 4 5 1 1 4 3 2 6 1 3 2 2 2 7 8 1 4 4 1 3 2 1 3 1 2 2 33 7 2 6 2 6 2 2 1 6 2 5 2 6 3 1 2 1 5 1 6 1 5 1 4 21 4 1 3 1 1 1 235 2 5 3 6 1 5 8 36 2 1 1 1 1 1 4 2 2 1 2 1 1 5 1 3 9 2 2 2 1 68 2 1
9 4 9 8 5 2 1 1 3 2 1 2 1 6 1 4 4 2 3 28 3 2 7 1 4 2 1 2 2 3 1 2 1 5 2 1 1 1 1 1 3 1 2 5 2 2 1 1 1 2 9 7 25 8 2 3 1 2 1 45 2 3 2 2 3 2 2 2 21 3 1 3 2 3 14 2 4 231 5 8 5 2 27 2 31 11 2 1 5 12 24 2 1 3 4 2 2 1 10 1 2 4 16 8 1 2 8 1 2 3 1 1 2 1 2 3 77 4 2 1 2 1 2 1 2 3 6 4 2 2 3 2 3 1 8 9 4 7 2 13 2 3 1 2 3 1 1 1 1 10 1 1 6 1 1 4 1 1 1 1 24 12 16 2 4 1 2 3 93 1 2 5 1 2 4 2 39 3 4 2 268 2 2 2 1 1 11 3 1 2 2 3 2 1 3 4 2 41 1 1
1 1 4 5 1 4 2 2 2 1 2 2 1 1 2 3 1 1 1 1 59 5 19 12 1 2 4 5 3 1 1 1 2 3 8 1 5 24 4 16 1 11 3 3 51 2 3 70 1 3 2 1 3 1 1 2 1 5 5 2 1 1 1 2 1 5 43 3 1 1 6 2 11 8 7 3 1 2 2 1 2 7 2 1 24 1 10 8 4 2 323 5 2 2 4 2 90 1 3 3 16 2 2 3 1 15 3 1 5 2 4 36 2 8 1 1 1 1 2 20 3 1 1 5 1 3 3 2 1 1 2 1 1 1 2 2 1 1 78 1 4 1 2 1 42 1 1 2 1 1 4 2 1 4 3 1 1 3 2 1 2 1 5 3 1 1 2 4 8 1 1 2 3 2 2 6 4 1 1 1 1 2 1 5 3 1 1 35 13 2 1 1 5 1 4 1 5 1 1 22
1 33 2 2 1 2 10 2 70 1 2 3 2 1 6 14 1 3 2 2 1 3 2 4 1 1 4 2 2 1 7 2 2 3 6 8 33 3 2 14 27 38 2 2 2 4 6 9 1 1 2 1 9 1 1 1 1 2 1 2 1 1 1 2 56 1 4 9 12 1 58 1 2 3 9 3 1 37 3 7 1 1 3 3 1 1 2 1 6 3 11 1 4 5 2 133 2 1 1 3 8 1 1 2 69 2 3 2 96 1 2 5 2 4 1 3 1 2 9 1 2 4 5 8 1 2 13 1 1 2 2 13 6 2 1 2 7 1 20 28 2 15 4 6 5 4 72 1 2 1 66 2 2 7 3 3 1 2 13 2 1 1 1 2 2 3 1 2 1 1 1 5 2 3 2 1 3 21 2 2 1 17 41 5 6 2 19 27 2 2 1 2 7 1 1 11 6 1 2 2
1 1 4 4 3 2 4 2 18 2 3 1 2 2 2 1 27 2 9 1 1 2 1 227 2 8 1 7 1 3 6 11 1 2 2 1 1 4 12 1 2 2 1 1 2 2 3 2 3 2 7 3 2 5 8 7 6 1 19 2 2 1 3 9 2 3 2 1 1 4 9 3 5 27 1 3 3 1 10 3 3 1 6 2 3 13 11 6 7 2 1 2 3 3 5 2 6 4 4 2 2 3 1 2 4 2 1 3 4 2 6 1 278 2 19 4 1 1 2 1 5 6 2 6 2 2 6 1 3 2 3 155 1 2 2 2 2 5 1 3 2 3 2 2 14 51 1 2 2 1 1 225 28 2 61 49 4 4 8 1 62 1 17 9 3 2 3 1 4 2 4 2 2 88 1 2 2 1 1 1 2 27 66 1 1 1 5 21 1 2 7 2 1 1 18 1 6 2 4 1
2 1 2 1 1 1 9 1 1 5 2 2 2 6 5 4 10 20 2 1 1 1 5 7 6 2 2 1 2 4 3 1 8 4 4 3 3 3 1 1 1 1 1 12 1 1 2 3 2 1 1 14 3 2 3 85 5 2 1 1 6 2 2 69 2 4 1 5 2 1 2 8 2 2 3 9 13 8 39 2 2 3 2 3 4 15 3 2 1 2 7 1 1 2 2 3 1 3 2 1 1 2 1 4 2 1 6 2 1 4 1 3 6 6 1 5 4 2 1 2 1 1 17 186 52 1 2 6 2 1 3 1 4 1 1 12 1 1 2 3 1 1 1 3 5 5 3 207 1 2 7 1 1 1 2 1 2 2 2 1 1 29 24 7 3 2 6 3 1 1 1 3 1 3 3 1 1 2 5 1 1 1 1 8 1 3 1 6 7 1 36 1 2 3 1 1 1 2 1 1
4 2 1 2 3 1 1 4 1 2 1 2 2 1 2 132 4 1 4 4 4 13 7 1 12 3 5 2 5 5 1 2 3 1 1 1 2 4 1 4 1 7 1 1 5 4 1 2 21 2 1 1 3 4 1 2 2 7 1 1 14 2 2 1 1 2 1 1 1 2 3 1 2 7 1 1 3 1 1 13 35 1 7 1 1 3 2 5 2 1 3 1 2 2 1 1 25 1 9 2 1 2 1 2 1 3 2 17 5 2 1 10 1 3 3 2 2 5 1 1 9 1 2 2 1 2 7 2 16 3 2 1 6 2 3 2 1 1 1 1 3 3 2 2 3 3 11 1 2 4 1 20 2 2 3 1 4 6 2 3 2 2 4 2 1 1 7 1 1 15 5 1 1 2 1 3 1 2 4 3 96 1 4 7 77 11 7 1 1 1 2 2 1 13 2 4 2 2 1 31
22 1 2 3 1 1 12 2 2 3 1 2 1 9 1 5 3 6 5 1 1 2 2 2 1 1 2 13 1 4 3 4 1 2 1 2 1 1 1 3 2 9 14 2 1 1 3 1 2 5 1 4 1 1 2 1 4 1 3 1 1 9 6 2 1 3 2 1 1 9 8 1 1 2 2 1 2 1 9 2 1 5 2 2 2 2 2 2 2 119 31 1 3 2 7 1 2 1 4 2 4 2 73 2 1 2 2 1 4 2 22 2 1 1 2 1 14 1 8 1 2 1 28 6 6 3 3 165 2 2 1 3 71 21 2 1 2 7 2 1 2 2 1 1 2 3 1 2 2 4 2 1 7 5 3 6 3 29 2 1 2 1 3 5 5 1 1 17 1 2 2 2 2 33 1 2 6 3 4 32 1 2 1 3 2 1 4 2 3 1 3 1 9 2 10 1 1 3 4 1
2 1 1 3 1 1 2 1 4 3 4 1 1 2 19 3 1 86 5 1 2 79 3 4 7 1 1 1 1 1 1 2 1 8 1 1 3 2 24 1 1 2 2 3 1 15 1 1 1 2 15 1 4 3 1 4 5 2 2 4 6 1 3 2 5 3 4 1 5 2 1 2 1 2 2 2 31 5 40 2 4 11 13 3 3 2 2 5 2 2 2 1 5 1 1 3 3 2 2 3 1 2 1 2 5 2 3 2 4 2 6 5 1 1 1 4 1 2 2 1 1 1 1 1 1 16 3 38 1 1 2 4 17 1 2 1 14 2 5 5 2 2 1 2 19 5 2 2 8 2 1 6 7 4 1 2 1 10 1 4 1 1 2 1 3 9 2 8 4 2 10 2 2 1 1 1 3 4 1 20 2 2 1 29 1 2 1 1 8 1 1 1 2 26 4 2 1 6 1 2
1 2 2 2 7 1 3 1 2 1 9 3 3 4 1 1 1 2 2 2 17 1 3 3 3 5 7 43 1 2 3 3 1 2 2 2 2 1 2 2 2 2 6 2 2 2 2 2 2 2 2 1 2 58 1 5 1 2 2 12 2 1 2 1 2 2 2 10 436 84 1 5 4 1 2 2 1 1 2 2 1 23 1 32 1 2 2 2 2 2 3 1 2 1 3 6 7 1 30 3 3 7 3 4 3 2 1 2 1 3 1 1 4 1 1 2 3 1 8 1 2 8 2 1 1 1 1 5 2 2 82 3 3 3 3 1 1 1 1 11 2 1 2 3 2 2 2 2 2 2 1 3 2 3 8 1 2 2 2 1 2 2 1 2 3 2 1 1 4 5 2 2 2 1 5 2 1 1 2 1 2 3 19 1 5 2 4 2 1 2 5 1 1 3 2 8 2 10 2 7
8 5 3 119 2 1 7 2 3 2 3 1 1 3 187 4 1 1 2 2 2 3 2 1 2 1 10 1 2 3 2 4 4 2 2 2 2 1 9 1 6 4 2 2 2 2 4 21 1 1 2 4 7 8 4 2 36 3 1 2 4 3 1 2 1 18 1 7 2 2 2 3 1 2 11 2 2 1 2 2 2 1 3 2 3 2 1 2 2 2 7 2 1 2 31 14 5 1 13 3 2 2 10 1 11 2 1 1 1 10 2 6 1 1 2 1 2 5 4 3 1 6 3 7 10 1 5 2 3 2 19 9 2 1 2 1 1 1 2 1 6 43 3 3 8 2 1 1 1 1 1 1 2 3 13 2 7 2 23 4 17 3 4 2 11 20 2 1 1 3 9 4 15 2 3 1 1 6 2 2 18 1 2 3 14 2 2 2 12 1 2 2 1 2 1 14 1 64 3 2
3 2 3 2 6 1 2 34 5 1 3 3 1 14 2 4 1 2 2 7 16 9 1 2 1 1 4 2 18 3 13 2 1 11 3 6 4 22 3 3 2 2 1 1 2 15 3 3 1 19 1 2 1 1 17 1 2 2 15 1 18 7 2 2 1 1 3 12 1 1 1 4 2 2 3 1 1 1 1 1 2 2 20 1 15 1 1 2 8 1 8 2 3 6 1 2 1 2 1 3 1 2 1 2 2 1 1 2 1 2 5 17 3 6 9 4 3 2 1 9 12 22 2 2 4 2 1 1 1 3 2 3 4 8 2 1 1 6 16 1 1 1 10 4 2 1 2 2 3 6 10 1 1 1 1 5 1 6 4 1 2 6 11 2 1 2 1 2 2 1 1 3 1 1 3 2 2 1 3 3 1 1 18 2 1 3 2 1 6 1 4 1 2 1 3 4 7 1 1 3
1 1 1 1 2 2 1 1 4 2 2 1 3 1 6 1 2 29 1 1 47 2 3 54 1 1 3 1 2 2 13 3 1 1 2 5 2 2 1 2 4 1 2 5 19 14 5 2 160 3 2 6 1 1 2 2 21 1 8 7 1 3 3 1 1 2 2 1 4 16 1 2 6 1 4 2 2 2 2 2 1 6 3 1 8 2 1 1 18 2 3 1 3 9 7 1 8 2 9 1 2 1 1 6 8 4 6 2 3 1 1 3 3 20 1 1 2 6 4 2 2 6 2 2 2 14 21 3 1 2 4 5 1 2 1 1 2 5 1 7 2 6 2 2 1 3 1 1 1 5 1 1 2 61 1 6 2 1 1 1 1 1 3 21 3 1 2 2 2 2 1 5 1 1 5 1 2 3 3 1 1 1 2 2 3 10 1 1 3 1 2 1 12 2 1 2 1 2 1 2
1 7 2 12 15 4 1 2 2 1 3 2 2 2 1 111 1 8 10 2 2 4 3 2 1 9 2 3 2 1 4 1 22 10 2 2 1 8 2 2 7 1 1 2 3 1 2 9 1 56 2 7 5 2 2 2 2 1 1 1 6 1 1 3 37 5 2 1 2 2 15 2 3 6 22 5 45 3 2 1 91 8 3 1 3 3 7 3 1 1 3 1 1 3 2 2 7 4 140 2 1 4 3 1 1 1 4 2 11 2 1 4 2 1 1 3 11 1 2 2 19 2 2 10 3 6 1 2 2 1 7 5 3 5 3 1 1 11 2 1 9 3 6 3 1 4 4 2 1 2 2 1 1 1 2 3 10 1 2 1 1 1 5 14 2 5 1 1 42 1 1 1 39 1 6 3 2 1 11 10 16 3 3 1 28 1 1 21 4 6 2 9 17 1 4 2 2 4 1 2
11 2 2 2 1 1 1 2 1 3 5 8 1 10 4 6 1 1 2 3 1 2 9 1 3 8 47 2 2 1 4 4 20 2 2 4 2 2 3 2 4 6 1 2 4 1 5 38 1 2 2 1 1 3 3 3 9 22 2 1 24 4 2 5 1 98 2 1 58 2 1 2 2 2 2 1 3 2 2 2 2 8 4 5 1 2 1 2 2 4 18 1 9 108 1 1 1 9 2 94 3 2 1 1 1 4 4 2 1 2 1 2 1 3 1 1 3 4 4 5 2 3 4 2 7 1 1 1 2 3 3 4 3 6 4 2 10 2 1 3 3 2 2 6 2 3 3 2 37 1 4 5 1 6 1 2 8 1 1 2 2 1 2 1 1 1 1 1 4 5 3 5 2 4 3 2 2 1 20 11 6 2 1 10 3 2 1 3 2 6 6 2 3 1 1 2 3 5 1 2
1 1 6 1 1 3 2 5 1 3 1 1 2 21 3 9 2 1 64 4 2 11 1 1 2 10 6 1 1 2 1 4 7 1 1 2 1 8 1 1 7 1 1 2 2 4 3 2 7 2 6 1 1 1 1 2 4 1 2 2 2 24 4 5 1 15 1 20 6 11 1 1 2 15 2 2 20 1 4 2 3 6 1 6 93 2 2 1 1 4 2 3 2 1 17 44 1 2 1 2 1 1 4 3 2 1 46 9 16 52 1 3 2 3 4 1 4 2 4 18 1 1 1 1 4 2 5 1 2 2 1 2 1 1 1 4 1 5 1 24 1 1 6 2 9 2 4 2 1 6 1 1 3 5 1 1 1 1 3 3 6 1 1 2 39 2 9 24 35 1 2 3 1 4 1 2 2 1 1 2 1 15 1 3 2 6 1 2 1 1 1 2 20 1 6 1 2 1 2 3
1 1 2 13 2 3 9 7 2 2 1 4 2 3 9 3 1 2 1 8 3 1 2 3 86 10 1 4 2 1 3 2 1 1 3 1 7 2 3 3 1 2 4 1 3 11 3 17 1 57 89 5 3 4 1 1 3 2 3 2 7 1 1 5 2 2 2 3 3 3 3 6 1 6 2 3 7 2 1 1 1 6 2 5 2 2 1 5 1 1 6 22 2 2 1 4 11 2 1 4 1 2 1 63 2 1 1 11 2 1 5 1 69 1 1 1 2 1 1 1 1 4 1 21 1 1 2 2 3 7 2 5 2 3 3 2 1 1 2 1 3 3 4 2 3 6 1 51 1 3 1 2 2 1 3 1 2 6 1 2 2 1 2 6 1 3 2 82 11 2 1 15 2 3 1 1 1 3 3 2 5 3 1 1 2 2 1 5 2 12 2 2 2 1 2 6 2 2 2 1
1 3 2 2 2 1 2 1 4 1 2 1 1 1 3 4 6 3 4 1 1 1 16 7 4 1 3 1 6 4 2 3 2 6 2 1 1 1 1 2 4 3 1 5 49 13 1 1 2 2 1 2 2 1 8 4 1 2 2 1 1 2 1 1 6 5 3 3 7 3 1 1 2 2 1 11 2 1 2 3 2 1 5 8 17 1 1 1 1 2 6 2 1 1 3 3 1 1 1 1 98 6 1 1 2 3 26 1 1 19 1 2 2 1 1 14 3 2 1 7 4 2 4 5 1 4 1 2 2 3 20 2 27 2 1 2 3 2 6 2 2 1 3 3 1 2 3 3 2 1 1 4 4 1 1 3 4 1 6 3 4 2 4 3 2 2 3 2 1 1 1 5 4 2 4 2 1 10 2 1 54 2 1 1 1 1 3 2 1 39 1 3 4 2 2 1 1 1 2 1
1 3 2 2 1 2 13 16 1 5 4 2 2 1 12 19 1 3 1 32 3 19 1 2 3 1 64 11 4 4 2 229 6 1 1 2 3 6 1 2 5 1 1 1 1 3 1 8 1 1 2 8 4 2 2 1 1 3 2 12 12 2 1 101 1 66 2 1 1 11 3 2 6 3 1 2 2 1 6 3 1 6 2 29 2 1 13 6 27 6 2 1 3 1 1 1 4 4 1 1 3 7 2 1 1 1 4 2 17 1 2 1 1 1 1 3 10 4 1 2 1 189 1 12 2 4 1 2 2 1 5 1 2 1 19 1 9 67 7 9 2 4 2 2 331 2 2 327 3 5 1 4 50 1 1 3 2 1 5 110 2 2 4 1 2 1 1 1 5 5 2 3 7 2 1 1 16 6 7 1 3 5 6 1 2 3 1 31 1 2 2 11 4 2 2 3 1 2 1 1
6 5 2 3 2 1 3 1 22 1 4 3 1 11 1 3 3 1 3 2 2 4 2 2 3 3 1 4 31 3 1 3 2 1 16 5 4 5 1 1 1 1 2 2 3 1 3 1 1 2 4 1 1 6 3 2 38 3 2 4 3 1 1 4 18 3 1 1 1 2 1 4 1 1 1 3 3 1 1 2 2 1 9 2 4 3 5 2 1 1 6 1 1 1 2 1 1 1 6 2 2 4 8 1 1 3 1 1 1 2 4 5 1 1 8 1 1 1 3 21 31 2 1 2 72 7 5 5 3 2 1 2 18 1 1 5 1 1 8 4 2 2 2 1 30 3 24 25 3 2 2 4 2 1 1 1 3 2 1 2 3 1 1 1 1 484 1 2 5 5 2 4 11 1 14 1 6 2 4 4 35 1 1 2 1 1 2 3 3 2 8 9 8 6 5 2 1 2 2 3
2 1 5 3 3 1 2 4 2 11 26 3 41 27 2 35 3 2 14 17 1 1 1 1 11 3 67 3 2 1 2 1 1 3 5 2 1 1 2 2 5 2 1 1 48 2 29 1 1 2 2 25 2 14 2 3 10 7 4 1 1 1 14 5 4 3 2 1 16 7 60 2 2 1 1 1 3 10 1 1 2 4 2 49 1 2 2 1 6 3 2 2 1 2 1 1 3 5 1 3 2 3 6 5 2 1 5 1 1 2 2 5 1 3 8 3 1 1 3 2 2 3 2 2 2 1 1 1 2 2 2 50 3 4 1 2 12 1 6 3 2 1 1 3 1 6 1 1 2 1 2 1 10 2 3 14 1 3 2 1 1 6 2 2 1 1 3 1 2 3 8 2 1 2 7 1 3 12 2 3 2 2 5 4 3 2 2 1 1 2 2 2 2 6 2 63 2 6 6 1
3 5 2 1 2 3 2 1 2 2 1 1 1 1 1 3 9 9 5 1 2 2 6 2 1 2 2 1 3 2 1 1 4 2 2 1 2 2 109 6 1 2 8 1 4 2 4 2 3 8 17 1 1 2 6 9 2 1 19 4 5 3 10 5 4 7 2 8 1 1 8 1 2 2 1 18 4 2 7 25 2 2 2 1 1 2 5 1 1 33 2 1 4 2 2 2 1 3 1 9 1 2 9 13 1 1 2 1 5 5 1 10 13 3 2 2 2 2 1 3 1 1 1 8 1 2 19 5 9 6 2 10 9 1 10 1 2 3 1 2 8 6 1 5 1 5 1 3 4 9 1 1 2 4 1 2 1 10 10 3 6 1 6 1 2 1 2 2 1 2 1 7 8 2 7 3 12 3 1 8 1 1 2 1 4 2 1 2 3 1 2 2 2 1 2 2 2 4 2 1
2 1 19 1 1 1 3 1 6 2 1 2 3 15 1 3 98 12 17 3 2 2 6 1 1 2 1 2 1 1 1 56 2 4 12 1 7 1 2 2 2 4 1 2 1 1 5 6 4 2 3 1 1 5 1 2 1 3 1 4 1 2 3 5 1 2 1 2 4 1 4 1 2 2 2 1 1 15 1 1 31 1 1 1 2 2 1 4 1 2 2 6 3 8 1 2 1 1 1 11 48 4 4 5 1 2 1 2 3 1 2 1 2 1 1 1 1 1 2 2 2 3 1 2 2 1 9 1 2 3 5 70 2 2 1 3 7 1 2 2 1 1 1 2 1 3 1 23 2 1 1 4 3 7 1 4 4 1 5 20 2 3 4 2 1 2 4 3 2 1 4 2 7 3 2 1 8 1 10 3 1 2 2 24 1 2 1 6 5 2 2 4 1 1 1 1 1 7 1 2
1 5 1 2 2 1 19 2 2 2 2 2 10 3 1 86 1 2 1 1 1 2 2 2 2 2 2 1 1 1 2 1 3 2 1 120 8 2 4 1 18 240 1 3 1 13 3 2 1 5 11 2 1 4 1 7 10 4 2 1 1 1 3 1 1 3 3 32 2 8 2 1 4 2 7 3 2 6 6 1 1 4 7 2 8 3 1 1 2 2 2 2 1 1 3 7 2 3 1 1 2 4 2 1 1 2 10 15 2 3 11 1 2 5 2 34 1 3 1 3 1 1 1 3 1 1 8 2 6 3 4 155 2 4 2 2 7 1 1 1 4 2 7 1 1 1 20 1 1 1 2 1 1 1 1 5 40 5 2 7 2 1 2 1 3 2 11 1 1 2 2 4 1 4 33 27 2 3 2 2 6 2 3 10 2 1 3 10 2 1 1 1 3 2 1 2 6 1 3 32
2 3 2 2 3 2 1 1 1 15 5 1 26 3 119 2 1 8 1 2 5 5 3 6 17 20 3 3 3 3 2 34 61 1 1 1 1 46 1 1 5 3 3 2 2 3 1 18 2 1 1 1 27 2 1 10 2 5 2 1 2 7 1 3 1 4 20 4 1 1 3 14 23 10 2 1 1 7 3 2 4 1 2 13 3 3 1 3 11 5 1 6 2 11 32 2 2 1 3 2 5 3 6 5 4 1 1 2 2 2 4 7 2 1 3 2 28 1 2 1 2 2 4 4 1 6 2 1 7 1 5 2 1 2 1 1 4 1 8 44 1 1 1 2 1 1 3 3 20 2 3 3 3 1 2 2 2 2 1 13 1 2 11 1 2 5 2 2 2 4 2 1 14 1 22 1 1 1 1 2 8 1 7 2 2 2 18 1 7 1 5 2 1 1 5 2 356 4 18 1
3 3 2 1 1 20 1 2 1 2 1 1 5 1 3 2 5 4 3 2 1 1 3 2 1 24 1 1 1 1 2 4 2 12 191 1 23 1 2 3 1 2 1 2 2 2 8 2 1 1 2 1 7 1 1 1 1 3 6 2 64 2 7 1 2 1 2 24 2 1 5 5 1 7 2 3 3 9 5 1 1 2 2 1 1 7 1 50 5 5 2 4 2 13 2 3 3 2 3 1 1 4 3 3 1 2 5 2 2 1 1 28 4 16 2 7 2 97 1 2 7 1 68 4 2 2 65 1 5 1 3 2 7 9 3 6 1 2 4 12 6 1 2 1 1 3 2 8 1 3 1 2 2 2 2 2 1 1 9 1 1 1 3 1 1 4 3 6 6 4 1 3 1 1 3 201 1 2 3 2 1 17 4 3 1 15 1 2 3 3 2 2 18 7 1 2 1 2 4 2
1 1 8 2 2 1 3 1 1 1 49 1 3 3 2 116 11 18 4 1 1 1 2 41 2 2 2 2 4 2 3 1 2 4 2 169 2 1 1 3 27 2 1 7 11 6 1 1 7 104 1 1 1 2 1 2 1 2 4 4 2 11 1 6 1 5 1 1 1 21 2 10 2 15 1 1 7 2 2 2 12 12 2 2 2 4 8 1 1 1 3 2 2 5 2 8 2 1 3 2 2 3 5 1 1 4 1 1 1 5 2 5 2 1 2 5 1 3 1 6 2 4 2 2 2 2 2 1 3 7 1 1 2 5 1 1 2 1 4 4 1 13 1 1 3 2 5 1 3 1 1 6 1 2 2 2 1 3 2 1 1 3 4 4 5 3 8 12 2 3 7 1 4 2 1 11 1 10 1 2 3 1 10 1 2 1 5 1 9 5 1 12 2 1 2 4 1 1 1 1
9 1 6 2 1 1 2 1 2 2 7 3 1 1 1 1 9 1 2 2 2 15 2 1 1 16 4 2 1 1 3 5 3 3 3 20 1 2 2 1 5 1 2 1 4 70 4 2 1 4 1 2 2 1 3 3 36 8 2 12 2 2 2 2 7 1 11 1 2 1 1 5 99 7 3 1 2 2 2 2 1 2 15 5 1 1 2 1 1 3 2 7 2 2 207 1 3 2 2 1 3 9 2 1 1 10 1 18 8 1 1 2 5 2 4 4 2 4 74 15 2 3 4 2 6 2 1 5 2 1 1 1 2 2 1 9 1 1 1 1 2 1 3 3 4 3 10 3 2 149 129 2 496 1 1 2 4 1 3 2 1 2 2 1 54 5 4 1 1 3 1 1 2 1 3 8 1 2 5 12 15 10 5 6 1 1 3 2 1 3 2 2 1 6 2 2 5 3 3 15
1 20 2 2 1 2 2 1 8 1 6 1 1 2 6 2 2 1 2 3 9 3 2 4 2 1 6 6 6 2 2 9 4 1 2 1 1 5 2 5 2 3 2 1 1 2 1 1 1 17 2 2 21 1 2 2 12 2 4 4 3 3 7 1 1 5 4 5 2 11 2 3 2 5 2 3 2 2 2 1 2 1 1 3 4 2 1 74 1 1 3 2 1 2 1 14 2 1 2 3 1 3 1 3 2 2 5 2 2 23 1 2 16 1 1 6 2 1 2 2 2 2 11 9 2 1 2 4 1 3 3 1 2 1 2 1 4 2 11 79 6 3 20 7 2 4 4 2 1 3 1 1 10 1 1 2 3 1 2 1 2 4 1 4 1 2 12 2 1 4 2 1 1 7 6 1 2 6 1 7 1 1 2 42 1 3 2 1 2 3 15 1 2 17 12 2 1 5 2 4
5 2 1 1 6 2 2 2 2 2 1 2 3 1 6 3 1 2 18 1 2 9 2 4 2 2 1 2 3 32 2 1 2 2 5 8 4 1 1 4 1 1 1 1 1 3 2 3 36 4 2 1 2 2 1 14 3 3 3 18 9 1 1 1 2 27 2 1 17 4 1 3 1 6 1 2 1 2 4 1 2 2 5 3 1 2 19 1 3 7 1 2 2 8 4 1 1 2 1 10 4 2 1 1 2 4 1 1 1 2 4 1 1 1 13 11 2 1 172 1 4 1 4 1 5 2 2 2 1 1 7 3 3 5 1 1 8 3 1 1 1 1 2 2 6 116 4 2 2 3 2 5 128 3 2 1 6 2 11 2 1 4 7 1 2 52 1 1 9 3 6 14 2 1 1 7 3 1 1 2 2 2 2 3 2 1 3 5 6 420 4 2 12 1 2 2 4 2 10 1
2 1 9 227 1 3 42 2 4 46 6 1 2 3 2 4 16 2 3 2 2 7 1 2 4 20 4 2 1 1 2 3 3 9 3 1 1 2 2 4 1 2 2 1 3 2 1 1 4 3 3 2 2 3 4 2 4 1 2 1 2 2 7 3 2 101 2 1 46 3 10 1 2 1 1 1 2 3 3 1 1 31 3 1 1 3 9 1 2 3 1 1 2 2 1 2 51 5 1 2 3 1 2 10 2 1 4 4 2 1 3 14 2 3 2 2 1 1 1 3 1 3 2 8 1 19 1 2 1 2 3 1 2 1 67 21 6 10 2 2 5 1 4 2 2 4 1 2 8 2 2 1 5 3 5 7 1 2 2 2 2 1 2 1 4 31 4 44 2 2 1 3 1 1 2 5 11 1 25 18 4 3 1 1 1 1 1 2 4 2 4 1 2 1 1 5 2 1 3 3
1 1 2 2 2 2 1 2 2 1 1 3 3 3 1 3 1 4 4 4 3 26 1 1 8 10 4 1 1 1 2 2 1 1 1 4 3 25 1 3 2 3 1 1 1 3 1 1 24 1 1 1 2 7 1 4 2 1 1 3 5 2 2 8 1 1 1 2 3 1 7 12 3 3 2 2 1 3 5 2 1 1 2 1 3 2 2 1 2 18 12 5 4 3 1 5 3 4 3 1 2 4 1 1 12 4 2 25 5 2 2 13 2 2 2 2 8 2 1 1 1 6 1 3 22 1 342 1 1 185 3 2 2 2 1 1 6 1 2 4 2 3 5 2 2 3 4 1 1 2 3 1 2 1 1 2 2 1 17 1 2 2 9 1 2 1 1 2 3 1 7 2 15 5 1 3 1 1 6 1 1 1 1 2 1 1 1 9 2 5 1 1 5 1 2 1 1 1 3 2
10 3 3 2 2 2 1 11 19 2 2 2 4 8 1 14 1 8 2 2 2 1 5 12 3 1 3 1 1 2 2 4 2 5 1 7 1 2 9 17 1 1 1 1 29 6 4 10 1 1 6 105 3 1 2 6 5 2 20 107 1 5 1 2 1 2 3 9 2 1 3 1 11 2 1 1 1 2 1 2 5 2 2 1 4 2 1 12 1 1 11 3 2 1 5 2 1 4 2 2 55 1 6 2 3 3 2 1 2 3 4 12 1 3 2 6 1 2 1 1 3 7 1 1 10 1 3 1 7 3 1 3 3 3 10 1 12 3 6 4 2 1 2 3 1 18 1 1 5 3 15 2 1 2 1 2 3 1 3 6 27 2 4 3 1 3 2 1 1 3 1 4 6 4 13 2 1 2 2 7 9 2 3 43 1 4 1 1 12 1 1 1 2 1 10 2 8 2 3 9
1 432 4 1 4 5 6 1 2 1 1 1 1 3 2 11 16 1 93 2 1 1 2 2 1 1 3 3 12 2 1 1 4 1 1 1 1 9 2 2 1 1 1 2 5 3 1 1 1 1 1 1 1 1 3 1 1 38 2 9 5 14 3 1 4 7 1 1 3 12 2 1 2 3 3 4 1 7 2 2 1 1 2 3 2 5 1 1 1 3 2 18 1 6 2 3 1 6 2 5 1 1 2 2 95 3 1 1 1 1 2 10 1 4 4 1 1 2 1 4 12 3 4 12 8 466 3 2 1 2 1 2 1 10 1 7 1 9 2 3 2 8 1 4 2 3 1 3 1 1 2 3 2 6 16 1 1 1 6 9 1 3 2 3 4 2 3 5 49 4 2 3 27 1 1 4 7 2 1 2 2 6 8 3 12 2 2 1 2 2 1 2 31 2 27 4 3 2 27 8
1 3 5 93 2 4 2 2 1 3 2 7 3 1 2 3 3 2 18 45 1 11 2 4 13 1 1 1 1 2 1 1 2 1 2 2 2 3 1 1 1 6 1 1 2 12 1 1 6 1 1 430 1 2 3 1 7 3 2 3 12 3 2 2 1 1 1 4 1 3 2 3 1 1 1 1 11 1 1 2 3 2 18 1 1 11 1 11 1 2 4 1 1 2 5 4 3 2 2 3 2 2 1 27 2 1 2 41 3 1 1 1 1 2 1 3 2 2 2 2 2 2 2 5 3 1 1 29 1 7 12 2 2 105 4 3 50 1 1 4 11 1 1 2 1 2 1 2 1 4 1 1 2 2 3 1 424 7 1 1 3 1 2 2 5 2 1 4 2 1 1 2 2 2 1 3 5 1 1 3 3 4 1 11 4 5 3 1 19 7 10 1 1 2 2 4 3 1 18 3
3 3 3 1 12 5 2 1 1 3 7 1 1 7 2 1 5 2 3 6 1 1 2 1 5 1 1 51 2 2 1 10 4 2 27 1 7 2 2 1 1 1 13 3 1 4 5 4 4 2 2 1 2 2 5 2 2 3 1 1 3 1 3 14 1 1 2 1 10 1 2 2 3 11 3 19 1 2 6 1 5 2 1 9 1 1 3 1 5 1 2 1 4 8 1 2 1 2 17 3 1 1 6 2 2 3 2 2 3 3 1 1 1 1 1 3 2 1 2 1 4 6 1 2 2 2 1 2 1 6 13 10 2 2 1 3 8 8 2 7 2 7 1 4 1 1 2 2 2 1 1 13 3 11 7 1 1 2 3 1 5 2 1 1 40 1 1 3 1 11 1 2 1 1 4 7 2 7 1 21 8 2 2 4 3 2 1 3 216 36 1 2 2 3 2 1 1 2 5 1
2 2 2 2 4 1 1 115 1 1 2 1 13 3 2 4 2 3 3 10 4 1 4 7 2 3 2 12 3 19 2 2 5 1 1 3 1 1 3 1 1 6 10 2 1 2 2 1 2 1 2 1 1 7 2 5 3 1 2 1 1 2 2 188 15 2 1 4 7 3 15 2 100 1 3 2 1 1 5 1 3 1 2 1 3 1 1 2 1 4 1 2 5 8 2 1 9 1 2 4 4 2 1 3 3 1 1 3 3 2 42 1 2 4 2 2 2 2 1 5 2 19 3 8 5 3 2 4 3 1 3 7 1 2 3 2 5 4 4 2 5 2 43 2 1 1 2 2 6 3 4 2 4 2 1 2 1 2 8 1 1 5 7 1 7 2 1 1 2 5 6 2 1 2 5 2 6 1 1 2 1 12 1 9 2 8 41 1 2 7 4 1 3 2 12 4 2 5 4 2
3 6 2 5 134 4 3 2 6 3 2 4 5 1 4 1 4 8 1 1 2 2 2 4 1 1 13 1 2 20 14 2 1 1 1 3 7 1 1 20 1 2 2 1 2 7 2 2 14 3 2 2 2 1 3 2 11 2 2 18 1 3 2 2 1 1 4 1 2 6 2 2 1 2 2 2 2 3 4 3 5 1 2 2 3 2 1 40 4 1 23 1 2 2 2 1 2 1 3 1 2 2 3 3 13 3 3 2 7 29 3 2 2 1 2 2 1 2 1 1 4 3 2 2 2 3 19 1 2 94 1 2 11 3 1 13 1 1 4 2 6 2 2 6 9 2 1 1 2 5 1 2 5 1 6 10 14 2 1 2 1 2 2 4 2 1 4 1 24 20 1 1 1 3 1 1 3 3 1 3 10 2 127 14 8 1 31 22 5 3 2 1 3 2 9 20 2 4 12 2
2 6 2 1 1 1 33 4 12 1 2 2 19 3 5 3 1 2 5 1 4 4 3 1 22 1 7 7 3 2 1 2 1 29 2 2 1 1 12 1 3 10 3 15 5 3 3 1 1 4 2 6 2 1 2 1 16 10 1 1 5 16 1 1 5 1 1 61 1 1 9 2 4 2 1 1 1 2 6 1 16 5 25 2 2 3 35 34 2 2 2 1 1 8 1 1 4 1 2 6 5 2 1 1 1 1 11 110 3 1 27 1 1 5 1 1 1 1 3 1 2 4 28 1 2 3 1 4 2 1 6 1 4 1 1 4 2 2 3 12 7 17 5 1 6 2 2 7 2 5 2 1 1 2 4 1 11 2 3 95 1 2 1 1 2 1 1 4 5 3 1 2 4 1 4 3 2 7 25 5 2 1 2 3 1 11 7 2 1 5 2 36 4 43 1 2 1 15 4 2
2 1 8 3 1 1 6 10 6 3 12 1 2 5 13 3 4 1 1 26 1 238 3 1 4 1 1 1 11 10 3 2 10 92 3 5 1 6 2 2 1 11 1 5 22 1 3 1 1 9 2 2 2 2 1 7 2 1 2 25 1 5 2 3 2 1 1 6 1 1 1 1 1 2 1 1 16 3 2 1 1 2 2 1 6 2 1 74 2 1 5 30 2 5 2 1 1 2 2 2 1 1 1 17 1 3 3 1 3 1 1 2 1 5 2 1 2 3 131 1 1 3 2 2 2 2 2 3 2 2 18 51 2 3 2 1 1 3 2 2 44 1 4 2 1 1 1 2 2 1 2 2 2 1 4 2 1 4 2 2 1 1 1 2 3 2 1 6 2 2 1 4 2 3 13 1 1 1 2 24 2 1 2 3 2 1 7 121 2 2 4 18 9 4 1 1 4 29 1 2
2 1 2 1 12 1 1 92 1 1 1 3 2 2 1 1 1 1 2 5 7 2 2 2 1 1 1 10 1 1 1 1 1 1 3 12 2 3 2 8 1 2 1 8 2 7 1 1 2 7 1 2 2 1 6 1 2 24 1 3 10 3 1 2 53 1 13 2 2 2 4 17 3 2 1 1 13 3 2 1 10 2 1 1 2 2 3 4 2 1 1 6 1 7 1 3 1 4 1 2 1 2 20 1 1 1 5 1 2 2 6 1 1 3 2 1 2 1 1 2 19 2 3 1 2 1 1 1 12 2 65 1 34 2 8 8 1 6 2 1 5 2 1 137 1 4 6 2 1 14 5 1 2 2 3 6 2 11 2 2 1 1 14 2 1 2 2 2 1 4 3 1 3 11 1 1 3 2 34 321 3 2 2 1 2 15 5 5 6 1 2 2 1 2 1 2 2 12 2 1
2 9 2 1 2 2 2 1 66 1 2 2 2 5 8 5 3 2 2 2 1 3 3 1 2 2 2 2 16 2 2 2 1 3 19 1 4 3 1 7 1 7 2 1 3 5 18 1 1 1 1 5 1 4 4 2 4 1 2 3 11 1 7 43 1 2 1 2 19 1 2 1 1 1 2 5 1 17 6 5 5 3 17 2 4 5 1 2 1 5 1 3 3 4 2 1 2 3 2 21 3 2 1 2 2 2 3 1 7 1 3 5 2 26 1 7 2 18 15 1 2 2 1 2 3 2 3 1 3 4 3 1 3 2 3 2 2 1 1 1 4 2 2 1 2 7 1 1 1 3 1 25 2 1 1 2 1 16 7 2 1 47 1 3 1 4 6 1 6 2 3 6 2 1 1 3 4 1 1 1 7 2 1 1 1 2 4 4 1 1 6 3 4 1 3 36 3 1 1 2
1 2 6 2 3 1 1 1 2 2 2 1 1 5 5 5 2 8 1 1 1 9 3 20 2 11 5 2 1 2 1 5 2 6 9 2 2 11 2 1 1 1 36 4 1 3 1 2 1 1 2 1 1 3 13 1 2 2 1 9 2 1 2 1 12 4 9 14 2 1 1 1 1 2 7 3 6 2 12 1 1 15 1 9 2 1 1 2 1 1 2 1 2 1 2 2 1 14 1 2 1 3 2 3 2 2 20 1 2 4 2 2 4 1 1 4 17 1 6 15 2 7 2 2 2 3 1 3 1 3 6 2 13 2 4 1 2 1 2 4 1 2 8 1 10 1 3 3 1 1 11 2 28 4 1 6 3 2 1 6 2 1 2 3 4 2 1 2 2 3 2 1 2 3 2 2 2 3 6 1 2 1 3 1 3 18 5 10 1 2 8 8 15 1 1 4 95 7 1 3
3 12 1 1 11 1 2 2 2 35 7 1 2 2 7 11 1 5 6 1 3 2 1 1 1 1 92 1 1 2 21 2 1 1 1 2 4 3 2 1 1 3 4 1 2 1 1 90 7 1 5 6 4 7 1 1 3 1 1 1 2 2 1 2 2 3 30 1 5 1 3 1 1 1 3 1 1 3 5 2 3 4 2 2 67 2 1 2 3 8 1 1 1 2 1 4 1 1 8 1 3 2 2 1 2 5 3 2 2 40 1 2 1 3 43 6 1 11 2 1 3 7 5 2 3 1 1 1 1 7 1 2 5 2 5 3 2 1 1 4 1 1 2 2 1 3 1 12 7 3 2 2 1 4 3 7 35 1 1 1 4 21 1 1 2 1 13 4 1 1 1 2 1 1 1 1 2 235 2 1 2 1 3 1 3 21 4 2 1 2 1 2 3 1 4 2 4 21 3 1
22 1 2 10 4 3 1 1 9 2 2 1 2 2 1 19 2 2 5 8 2 2 4 1 2 1 1 29 4 1 2 5 18 11 3 1 2 2 1 1 1 5 6 1 6 3 3 6 1 2 1 3 1 4 6 8 2 4 1 3 5 52 4 1 2 27 11 2 3 2 3 1 7 4 1 1 102 6 2 1 20 2 2 3 3 10 4 1 1 2 4 2 13 2 1 2 1 14 2 3 7 2 1 1 1 4 2 4 8 3 2 2 2 2 1 2 2 1 3 1 1 2 1 2 1 6 1 3 2 2 2 1 2 2 1 2 36 1 1 2 2 4 7 2 9 2 1 6 2 5 3 1 11 1 10 99 1 1 1 1 1 1 1 10 38 2 2 4 2 6 2 10 7 4 3 1 2 3 1 5 1 4 2 5 3 2 5 5 3 2 1 2 2 1 1 3 1 3 1 7
44 5 10 8 3 1 2 3 2 1 18 2 11 1 2 12 2 35 3 4 4 2 2 3 3 1 7 5 3 8 5 1 1 5 2 2 3 4 3 1 1 3 1 3 2 4 3 3 1 2 2 1 8 2 4 1 1 1 2 8 3 2 1 2 8 3 1 2 11 6 1 1 1 2 199 2 73 2 4 2 43 5 2 5 2 1 2 1 2 1 4 1 1 1 1 1 1 1 14 2 9 3 2 2 2 2 1 8 29 2 3 2 19 1 1 3 2 5 2 2 1 38 3 6 5 1 6 2 2 1 25 1 6 1 2 125 55 2 3 2 4 1 25 3 1 1 5 4 49 8 3 262 1 2 1 1 1 6 1 7 2 8 3 3 5 2 5 1 2 1 10 4 3 2 1 2 7 1 2 1 4 2 8 10 4 1 1 2 2 5 7 1 2 198 9 14 3 3 33 2
3 2 3 2 2 2 1 2 1 3 3 1 1 283 2 3 1 3 1 1 2 1 3 1 1 6 1 1 1 4 1 18 1 1 17 1 1 1 19 1 1 70 2 2 2 2 3 3 2 1 20 1 1 1 2 9 2 3 9 4 3 2 1 1 36 2 1 9 2 4 1 8 1 1 1 5 2 1 1 3 1 2 2 1 1 2 1 2 3 5 1 1 1 2 2 13 14 4 2 2 2 2 2 1 2 1 6 17 2 2 1 3 2 1 1 3 2 1 1 2 2 1 1 1 79 2 5 3 2 1 1 4 1 7 1 2 2 1 2 1 4 1 2 1 1 1 2 6 1 2 1 2 7 1 3 2 2 1 2 3 2 13 2 1 4 3 1 2 3 2 21 2 3 1 2 9 5 2 3 1 1 3 5 1 1 1 3 1 1 3 6 16 3 4 1 5 1 1 41 2
9 1 1 1 58 2 1 6 1 2 4 4 2 1 3 2 1 3 1 2 2 1 3 7 2 1 2 1 1 2 4 2 2 1 2 2 3 1 1 2 3 20 1 4 4 21 1 2 1 1 1 4 6 1 1 2 1 4 1 1 1 4 2 4 1 2 1 6 4 1 1 2 2 24 2 1 2 1 2 5 1 2 2 46 10 2 1 9 2 26 1 2 26 2 2 2 3 7 2 3 1 2 62 2 1 7 4 1 4 2 2 1 3 2 4 9 238 2 1 1 4 2 1 5 1 14 1 2 2 4 8 2 1 2 2 1 2 53 2 1 2 1 1 4 6 1 3 10 1 1 8 16 1 1 2 1 3 1 2 2 7 1 5 2 1 2 2 25 4 4 1 1 2 3 2 20 2 1 1 2 2 1 1 3 5 4 1 2 4 2 28 2 2 1 37 3 2 4 6 3
1 2 3 30 2 59 4 6 2 1 4 1 1 3 3 2 1 7 1 3 2 1 3 1 1 1 86 2 1 2 3 3 2 2 8 1 1 2 14 3 1 1 2 1 3 2 2 3 1 3 2 2 1 3 1 3 2 2 1 2 3 1 2 5 1 2 3 1 6 1 2 7 8 2 3 1 7 29 5 29 3 4 3 4 3 2 2 9 1 1 5 9 4 13 1 2 7 1 2 13 1 1 1 2 2 1 2 5 1 4 1 1 2 1 5 2 3 4 1 29 5 2 2 1 6 4 3 2 2 3 1 2 1 2 3 1 2 1 2 1 20 2 1 1 5 4 21 122 5 1 1 1 2 12 1 2 1 3 2 5 8 1 4 1 1 2 1 9 7 2 1 1 1 2 1 1 1 2 2 1 1 1 4 8 1 4 3 1 4 1 9 4 6 5 2 3 3 1 2 4
2 2 1 1 1 37 2 1 7 1 11 10 2 1 3 2 2 3 1 9 3 11 1 2 3 59 1 1 1 6 2 7 1 33 2 1 5 3 5 2 6 15 2 2 7 2 3 2 2 14 3 4 2 72 1 1 1 4 1 4 3 7 2 9 10 2 2 1 1 1 2 2 1 1 4 2 3 1 8 2 9 9 10 1 1 2 2 2 9 2 1 6 7 1 1 2 2 2 6 1 3 2 7 1 3 2 1 1 3 1 1 2 2 3 1 1 1 11 2 2 2 2 1 1 15 1 1 2 3 1 1 8 2 1 1 1 2 2 3 1 4 1 2 19 2 2 2 2 2 2 4 5 1 1 4 2 1 2 1 16 1 4 2 1 2 1 5 2 6 2 1 1 2 12 5 2 1 2 1 1 7 3 1 1 3 1 3 16 2 1 2 1 7 2 2 1 1 29 10 11
3 1 1 2 3 1 2 1 1 1 2 1 7 4 1 1 1 2 2 1 1 16 1 1 1 1 3 1 5 1 1 3 4 1 2 2 5 1 1 1 2 9 1 1 2 2 2 2 1 14 1 2 2 5 4 2 2 16 1 5 2 2 1 1 2 7 1 2 1 31 2 1 2 1 12 2 1 1 86 1 3 2 7 4 4 16 2 1 39 135 1 1 1 2 2 1 1 2 98 17 1 2 1 2 17 2 3 3 2 1 3 1 3 3 2 1 1 4 3 3 2 2 2 1 2 1 2 1 1 3 25 1 1 2 4 1 5 2 1 5 4 3 3 1 58 6 2 1 1 1 1 4 14 2 2 3 1 2 4 1 1 2 3 2 2 1 1 2 6 1 3 1 1 1 2 5 1 2 8 2 4 1 2 7 1 2 1 2 3 8 1 1 3 4 3 2 1 3 1 12
8 5 3 1 1 1 1 1 2 8 1 96 7 1 4 1 2 1 2 4 1 2 1 1 3 4 2 6 10 12 6 1 2 6 1 1 2 7 19 1 2 54 2 7 1 3 2 3 2 6 3 2 2 16 1 9 1 1 3 1 1 1 2 7 10 2 1 2 9 3 2 3 1 1 1 4 9 2 1 4 2 1 1 1 1 7 2 1 2 8 1 2 4 25 7 1 19 1 2 2 2 2 3 2 3 4 4 2 6 1 2 1 4 92 1 2 30 1 2 3 2 3 2 5 4 2 2 14 2 2 2 2 5 2 29 1 1 4 1 2 1 2 3 1 1 1 2 6 8 1 3 4 1 2 1 4 12 1 3 1 4 2 8 16 1 3 1 1 2 2 2 3 5 2 2 1 2 452 4 4 4 4 2 10 7 5 3 4 1 1 1 2 1 4 2 3 1 2 1 1
11 3 161 3 1 3 4 2 10 15 3 1 3 8 4 1 2 1 1 4 14 1 1 7 2 3 1 34 3 1 2 1 1 1 1 1 3 4 1 1 2 2 3 1 14 3 27 4 2 3 1 6 2 1 3 3 2 2 1 11 8 1 6 2 2 4 3 3 52 3 1 2 6 1 1 6 3 2 1 201 2 3 2 1 1 8 13 2 1 3 16 1 1 24 2 2 2 1 2 2 4 1 2 4 3 1 5 53 6 267 3 6 2 2 7 12 1 7 37 1 1 6 2 31 2 15 1 3 25 2 3 1 1 5 1 2 4 5 1 1 7 2 5 3 2 3 7 4 2 24 2 4 16 2 4 5 4 1 4 1 1 3 1 2 1 1 4 1 2 2 1 1 1 4 1 1 4 5 1 1 1 213 4 1 2 9 1 9 3 4 3 1 1 3 3 9 3 1 1 4
1 2 1 1 1 4 3 2 1 1 1 1 4 3 1 4 4 1 7 9 1 4 1 5 8 2 3 7 1 3 1 1 3 2 1 1 18 2 2 65 1 1 1 5 2 1 1 2 1 3 3 6 1 1 2 1 1 1 4 2 2 1 1 2 2 3 3 2 2 4 2 2 1 2 1 3 1 1 1 171 2 2 2 2 1 25 28 3 2 21 2 2 2 1 2 8 1 3 1 16 5 4 5 4 1 2 1 1 2 2 1 2 1 1 5 2 9 1 3 6 1 8 1 9 4 1 2 40 3 1 1 1 1 1 2 14 2 5 1 23 1 2 4 108 1 2 3 1 9 3 2 6 2 2 5 5 2 12 1 3 6 5 3 6 4 26 9 4 1 9 1 12 8 1 2 1 2 13 1 2 2 7 11 7 2 3 2 1 1 5 2 1 2 1 1 4 4 1 1 1
1 2 13 2 7 1 1 2 10 1 2 1 2 46 3 1 2 24 1 1 1 1 5 1 3 3 11 1 6 1 1 14 1 1 7 19 5 74 2 6 4 3 1 1 16 3 31 2 3 1 1 3 2 12 7 3 2 2 1 10 2 1 1 4 12 3 1 3 5 1 1 5 2 3 1 6 2 5 1 1 27 4 2 3 2 4 2 2 1 1 2 9 2 5 1 1 3 3 2 1 1 2 4 6 15 2 1 19 19 4 1 1 1 5 3 1 236 3 2 2 3 2 3 23 1 4 1 1 1 5 2 3 1 2 1 2 3 1 2 1 4 1 8 3 1 4 1 2 2 1 8 1 1 1 2 5 3 17 8 3 2 2 1 1 3 2 3 4 21 3 1 2 1 1 9 5 4 1 1 1 1 1 13 4 1 6 2 1 6 2 8 1 1 6 2 2 2 5 7 6
1 2 8 15 57 4 3 2 2 3 1 1 2 2 4 2 1 1 4 4 1 3 7 2 5 104 3 2 1 1 15 295 1 4 3 1 1 1 9 2 2 2 1 3 76 1 2 1 10 5 1 6 1 2 67 2 2 5 1 1 3 1 20 1 9 4 1 34 1 6 4 2 1 1 6 2 2 2 1 2 1 1 2 31 2 2 4 1 13 2 2 1 2 350 1 1 1 1 1 1 4 3 319 5 1 1 11 1 5 3 1 2 1 1 1 1 1 2 40 1 1 2 3 2 5 7 3 5 1 2 31 2 2 4 2 2 1 1 8 5 2 2 2 1 2 2 2 1 3 23 1 2 6 14 2 1 1 2 2 1 2 2 3 3 2 15 1 1 1 1 2 1 1 1 1 2 1 2 3 11 3 1 3 2 2 1 1 5 1 1 1 2 2 1 2 2 2 2 16 4
2 2 2 3 13 5 2 6 12 2 2 2 4 1 21 2 1 2 1 2 1 7 6 2 1 2 5 3 20 5 2 1 4 1 3 4 43 5 2 2 3 6 33 1 1 9 7 4 2 1 7 3 1 18 2 1 4 1 3 3 27 1 1 2 6 6 2 2 18 1 2 1 1 2 1 4 2 2 1 2 2 2 4 37 3 2 2 1 30 3 3 2 3 1 2 282 105 1 2 3 2 1 1 4 2 2 4 2 5 2 3 5 6 2 8 1 1 2 1 8 1 1 1 3 2 1 4 12 2 1 13 2 5 3 2 1 2 4 1 8 1 1 1 3 4 1 2 6 9 3 2 2 6 1 1 2 1 1 1 11 2 1 1 2 16 2 3 3 3 1 1 4 2 4 2 2 1 3 1 3 2 1 3 2 2 1 1 2 1 1 1 7 2 28 2 1 5 3 1 1
8 1 2 1 3 2 2 7 1 1 1 2 3 1 1 7 1 2 9 3 9 1 1 1 1 32 12 1 3 4 1 1 2 1 2 2 8 1 3 1 4 1 1 1 1 2 2 5 2 1 9 2 7 2 1 6 18 1 2 1 1 17 60 11 7 1 2 3 2 2 12 1 40 2 1 2 1 3 4 1 2 1 2 2 1 1 1 4 2 2 1 1 7 3 1 1 4 5 2 70 1 2 1 14 3 3 2 1 1 2 2 14 2 3 2 3 2 43 1 4 1 7 35 1 1 1 3 3 2 2 4 10 2 30 4 5 2 1 20 2 1 143 2 1 15 5 2 3 1 1 1 3 4 92 1 2 22 2 1 3 1 1 2 4 1 3 1 1 2 3 4 2 1 6 3 3 6 3 6 1 1 2 19 2 1 1 1 1 1 1 1 1 2 1 31 3 2 1 1 2
1 2 52 5 1 1 1 5 3 2 3 1 2 21 8 2 2 3 2 31 1 1 1 1 1 5 1 5 1 3 3 19 3 1 3 3 5 1 1 2 45 1 6 1 1 2 21 1 2 6 1 25 9 1 2 3 2 40 1 25 2 2 3 1 109 1 9 2 2 8 1 1 1 9 1 2 1 1 3 10 1 4 1 1 3 9 6 4 5 7 184 1 1 3 2 1 4 2 1 1 1 2 1 2 2 7 7 1 1 3 1 2 2 12 5 2 53 2 1 1 1 1 1 59 27 19 3 3 7 3 16 9 1 9 11 2 2 1 3 6 1 1 3 1 12 2 2 12 2 2 1 1 4 13 2 2 28 2 8 1 1 2 2 5 2 2 2 1 2 4 8 2 1 1 2 3 11 4 4 2 4 8 1 1 4 5 3 3 1 2 1 3 4 2 1 1 104 1 2 12
1 5 2 4 1 2 2 4 6 15 7 1 3 4 2 1 1 1 6 2 1 1 1 9 2 3 1 3 2 1 22 1 6 2 1 2 1 5 4 2 2 5 1 1 5 198 1 3 4 2 18 2 1 3 1 1 3 7 1 9 1 1 2 1 3 1 1 1 2 3 3 15 2 2 1 3 1 1 1 4 2 1 1 2 5 1 4 3 3 3 1 1 1 1 2 2 126 4 2 1 5 3 4 2 20 1 1 8 5 1 1 13 2 2 1 71 4 2 1 2 1 3 2 1 1 1 2 2 1 1 2 2 2 112 2 4 2 2 1 10 1 5 1 3 3 1 2 1 1 1 1 3 15 8 6 1 2 20 2 8 4 1 3 1 1 5 2 8 1 1 4 7 1 3 1 2 2 1 2 1 5 29 1 16 2 2 6 28 3 10 2 3 1 2 1 3 1 9 1 1
52 3 2 1 6 2 4 3 4 3 4 1 5 3 2 1 1 6 1 1 2 18 1 1 2 1 3 4 2 1 1 2 9 1 1 7 2 3 4 21 1 3 1 2 5 1 2 2 1 4 1 1 2 2 1 2 3 2 2 1 1 1 2 2 8 2 2 2 1 13 3 5 1 3 25 13 1 6 1 4 5 2 2 3 2 3 1 5 1 2 5 1 42 4 2 1 1 1 2 1 2 5 1 59 4 11 2 2 2 2 1 1 1 16 2 4 20 2 1 7 4 1 3 2 4 1 3 4 1 2 19 1 46 1 1 2 22 1 4 2 1 3 2 27 1 2 1 5 6 1 2 3 9 2 2 2 10 1 1 4 3 1 1 1 2 3 5 2 1 12 3 3 2 2 2 5 14 1 2 3 11 1 8 5 2 2 2 4 69 1 2 2 9 7 1 1 1 1 4 2
1 2 2 5 17 1 5 1 3 69 2 1 6 9 1 1 2 20 2 2 2 9 3 1 1 2 11 7 4 7 2 3 6 4 5 1 5 4 25 4 3 2 6 1 2 30 1 7 17 3 10 2 5 1 1 2 3 1 2 12 1 14 2 1 2 4 3 3 1 1 1 2 1 2 1 27 1 2 1 1 1 2 1 1 6 1 2 3 4 3 9 31 1 2 1 9 29 1 2 1 3 1 2 5 4 34 3 1 1 3 1 6 2 1 1 3 20 3 3 2 2 1 4 1 90 2 3 1 14 21 6 2 5 1 2 3 1 1 1 3 2 2 4 13 2 13 3 2 3 1 1 1 2 3 1 2 1 5 1 1 14 3 8 8 2 1 3 1 1 3 1 2 12 2 2 2 9 8 2 2 7 2 4 1 1 1 4 12 1 2 7 1 1 2 6 2 2 1 1 2
6 2 2 8 2 8 3 24 1 4 1 59 3 2 5 2 4 3 4 3 2 1 8 2 1 8 3 9 2 3 5 2 3 6 1 2 84 1 54 5 1 1 4 3 2 1 4 3 2 8 5 3 1 2 3 2 1 1 2 1 2 2 3 1 6 5 1 23 2 4 3 1 8 1 3 2 1 2 4 1 1 12 1 1 6 2 1 2 4 2 10 4 4 1 19 2 2 1 1 2 2 39 6 2 2 6 1 2 10 1 5 1 1 1 1 1 1 2 1 1 2 1 1 2 2 1 1 6 3 1 138 2 2 3 1 2 12 6 3 2 2 1 1 36 1 2 1 2 2 2 3 1 3 4 2 1 1 1 1 1 1 1 2 1 1 3 3 2 2 1 2 2 4 2 1 2 5 2 6 5 11 1 20 1 1 2 2 1 1 3 1 1 16 55 2 5 2 4 1 3
2 1 7 10 32 6 4 3 1 2 3 4 1 50 2 1 2 1 2 7 2 7 2 1 3 4 18 4 1 1 2 2 2 2 1 1 3 4 4 2 1 1 3 19 10 2 1 2 1 1 2 8 1 5 1 1 1 125 3 8 1 2 1 1 1 6 2 1 2 3 1 1 4 1 1 6 2 2 1 1 1 8 2 5 1 3 1 3 12 6 10 13 2 4 2 1 7 5 2 2 4 5 2 3 4 1 4 1 1 4 1 1 1 1 1 1 1 54 2 9 3 1 1 4 2 2 2 2 1 10 1 3 1 1 1 12 4 3 1 2 3 3 4 4 1 1 3 1 1 5 1 1 6 2 2 1 1 1 2 1 1 2 2 11 34 4 12 2 2 3 1 8 2 4 2 2 15 2 1 2 1 1 6 1 1 3 3 4 1 2 1 184 1 1 1 6 1 1 42 2
1 1 1 32 3 2 2 1 6 10 5 1 2 1 1 1 1 7 1 1 1 2 2 5 6 2 1 19 1 19 7 2 3 2 1 4 3 1 6 1 4 2 4 2 1 15 2 2 4 3 2 3 1 2 1 15 3 9 8 4 3 4 1 3 3 2 1 1 1 2 2 2 1 3 58 2 1 1 1 1 3 2 8 2 3 2 4 1 1 1 9 2 1 1 27 2 2 71 1 1 3 2 7 1 2 2 1 5 1 1 1 1 1 2 4 5 3 1 1 1 1 1 1 1 10 3 6 1 2 6 2 3 1 17 6 2 16 6 5 4 44 8 4 4 2 3 23 1 5 1 4 10 1 3 1 2 2 2 3 3 7 2 1 10 3 1 3 1 2 1 12 2 2 20 7 2 2 3 2 5 1 13 1 35 2 5 1 4 7 1 4 1 1 10 1 2 1 2 1 1
1 1 1 6 1 1 1 2 2 5 2 2 1 17 5 2 1 55 3 1 4 4 2 2 4 2 1 9 2 3 3 3 22 3 1 1 8 18 2 1 1 4 1 3 7 1 1 1 2 3 3 1 1 2 2 1 1 3 2 1 1 11 3 1 3 2 1 10 2 5 3 5 45 7 7 3 2 2 1 2 1 2 1 3 1 6 3 2 4 39 2 5 1 4 1 1 7 1 7 2 1 1 4 3 1 2 1 4 2 4 1 2 13 1 4 3 1 4 1 1 1 4 3 5 1 4 2 1 7 1 4 9 1 3 1 3 1 1 2 1 1 1 2 2 21 26 2 2 5 20 4 2 1 2 2 5 3 1 5 5 1 2 2 3 6 2 25 2 4 1 2 1 1 3 2 2 7 3 2 2 8 5 1 6 4 21 2 1 2 10 13 22 1 10 3 9 4 1 3 1
1 2 1 3 2 3 22 2 4 2 4 1 1 2 5 1 6 1 2 3 4 2 7 2 1 5 1 1 1 1 2 25 72 5 2 1 1 2 1 12 3 2 1 1 6 30 3 1 1 5 4 1 3 2 7 2 1 1 1 2 8 2 1 7 1 1 13 11 2 1 2 3 1 1 1 2 1 2 7 1 1 1 1 6 1 1 2 5 4 3 2 5 9 4 1 11 3 1 1 3 2 24 6 15 1 4 8 2 1 1 1 5 1 3 2 6 1 4 12 9 1 2 1 2 13 2 3 4 5 2 3 1 5 16 1 4 2 1 1 22 3 3 2 2 1 224 9 2 2 1 2 1 5 2 1 3 1 2 2 5 5 106 2 2 1 1 4 2 10 2 2 2 2 1 1 8 2 2 3 2 2 1 2 1 1 1 23 2 1 2 2 27 3 1 1 2 4 1 1 4
2 2 4 16 8 2 2 2 2 2 14 1 1 1 4 1 3 1 19 2 9 3 1 1 2 25 2 1 1 1 5 6 1 9 3 6 1 1 2 1 1 8 2 5 2 8 2 2 1 2 2 3 1 1 15 1 5 3 1 1 7 1 4 2 2 1 4 12 2 13 7 1 13 4 1 1 1 1 1 6 7 4 2 3 2 2 2 1 12 5 5 4 2 1 2 2 2 2 2 2 2 9 1 22 8 1 1 1 2 5 6 2 2 1 1 2 1 3 61 2 1 2 2 2 9 6 1 39 3 11 20 4 1 15 11 1 10 1 1 25 5 3 1 2 1 31 1 3 2 5 1 4 15 2 2 1 1 2 1 1 6 1 16 2 2 2 14 5 2 3 5 1 6 2 2 2 1 3 1 3 2 9 1 1 2 2 1 3 4 3 5 1 1 5 5 4 16 2 1 3
1 11 1 5 25 1 1 1 1 7 1 1 2 4 7 3 6 2 4 1 2 2 11 1 2 1 3 16 85 1 4 7 1 3 1 2 6 21 2 27 1 3 42 2 2 1 1 2 2 1 3 6 1 4 13 1 2 2 1 1 4 2 6 1 7 2 1 5 4 1 4 4 2 4 48 30 1 4 4 2 1 2 1 1 2 3 2 2 5 1 2 2 5 1 1 2 1 1 1 2 1 3 4 1 2 5 5 1 1 23 2 2 2 2 2 1 1 5 18 7 3 4 1 3 1 5 1 1 3 1 3 1 1 5 74 1 1 36 8 1 1 3 1 2 6 6 1 23 1 71 2 5 2 63 1 3 3 6 1 1 1 3 1 1 23 3 1 2 2 1 5 2 1 2 4 2 2 3 2 1 2 22 2 5 3 4 1 4 2 2 3 2 3 1 2 1 1 2 2 2
4 2 2 4 3 4 2 2 2 3 1 1 4 21 2 2 2 3 1 1 6 2 25 1 4 29 1 8 41 176 1 1 2 6 2 1 1 8 5 1 2 1 8 12 2 3 1 1 9 3 4 1 2 2 6 9 1 2 3 1 3 2 1 2 1 32 1 1 12 12 2 1 1 2 1 1 2 2 1 2 1 1 1 4 5 2 122 4 1 1 1 3 1 16 2 2 1 1 5 11 2 8 2 3 1 18 2 15 1 9 1 1 3 1 1 2 2 1 2 3 1 1 19 1 1 1 1 1 1 1 3 2 4 1 3 2 1 8 7 1 1 1 4 6 3 1 3 3 3 1 1 1 2 2 2 2 1 1 2 1 3 2 2 1 2 1 2 6 1 16 1 3 2 2 1 87 5 5 2 5 2 2 2 1 1 2 1 1 3 38 2 14 1 3 8 1 1 3 3 6
8 4 6 265 2 2 1 3 4 3 1 2 1 3 4 1 1 2 1 4 1 3 4 3 2 1 2 1 3 1 5 3 3 2 2 3 1 56 1 9 4 1 1 1 2 2 4 4 1 1 1 1 4 3 2 2 1 2 8 4 1 6 4 2 1 1 2 2 1 13 5 10 2 2 1 1 1 1 1 2 6 1 1 4 2 1 6 1 10 24 14 2 2 3 2 1 22 2 5 2 2 1 2 1 2 5 1 3 1 1 3 10 1 10 2 2 2 1 1 3 3 2 2 2 2 2 4 1 7 2 15 2 1 4 2 2 1 1 2 3 2 2 6 4 18 2 2 1 9 28 3 1 1 2 2 1 6 2 3 2 2 5 8 1 2 2 2 2 3 1 3 1 16 2 3 1 3 2 4 2 1 1 2 1 1 2 3 1 11 12 5 1 2 2 5 4 3 3 2 1
2 4 1 1 21 2 4 7 1 62 5 3 2 1 2 3 2 29 3 1 17 1 10 4 2 6 4 9 5 8 1 34 2 3 2 3 1 3 2 2 2 3 1 2 1 2 1 1 8 10 1 2 2 9 3 1 2 1 13 1 15 1 2 13 2 2 4 2 3 2 1 2 1 9 2 2 3 1 4 1 2 3 5 3 3 1 8 28 1 1 2 4 2 5 2 1 2 1 1 4 4 1 29 2 2 1 3 18 9 3 1 2 1 15 4 1 2 1 3 1 16 2 6 8 2 4 3 5 7 11 2 3 6 7 3 1 1 16 1 1 3 3 6 6 2 12 4 2 2 3 1 3 2 1 1 2 1 1 4 1 3 1 1 2 3 4 25 2 7 103 7 3 2 1 1 9 1 1 5 3 11 1 1 27 6 12 6 12 2 39 2 1 1 11 6 1 12 1 2 3
3 3 1 6 2 217 2 5 2 10 1 1 1 1 27 4 1 3 25 1 3 4 8 1 17 2 1 1 1 1 6 1 1 1 4 5 5 1 3 1 40 1 1 4 1 3 2 1 3 1 5 1 2 2 52 7 2 5 20 1 1 8 1 1 8 3 41 2 4 63 2 54 1 1 7 2 1 3 1 1 2 2 2 1 4 8 1 1 22 6 1 77 2 1 1 5 1 2 1 3 3 6 5 7 2 1 1 1 3 1 15 1 3 1 1 2 1 1 5 8 3 1 13 2 1 1 19 3 2 2 1 7 16 1 1 33 1 4 1 2 9 2 1 2 3 228 20 3 1 3 1 5 1 1 2 3 2 2 3 3 4 1 1 3 2 2 1 1 4 1 2 2 4 8 41 3 3 1 2 1 4 2 1 1 1 2 1 11 5 1 3 5 2 3 1 5 1 2 3 6
4 1 1 3 5 2 4 5 1 6 1 12 2 2 1 1 1 1 2 2 2 2 1 1 1 1 4 1 8 6 3 2 2 1 1 2 1 2 3 2 2 224 6 18 3 1 5 13 3 8 2 10 13 2 5 2 4 35 3 1 3 2 4 5 1 1 1 2 1 1 1 1 1 4 23 2 1 1 5 2 12 3 2 2 1 1 2 1 1 2 3 52 14 1 1 2 4 1 1 2 3 1 1 2 1 2 2 2 1 8 1 5 4 7 1 3 2 2 109 1 1 3 2 11 3 10 4 14 3 2 3 2 2 1 2 1 1 6 1 2 2 6 6 39 5 1 4 1 31 2 3 3 2 4 1 1 2 8 9 1 2 16 1 26 4 2 1 2 2 2 2 5 22 1 9 3 1 2 1 2 1 3 31 8 1 3 65 2 1 3 4 32 3 3 1 2 2 1 1 4
4 1 2 2 2 1 4 1 4 1 7 3 3 1 12 2 2 2 2 3 2 1 6 7 2 1 6 1 1 3 1 94 1 2 1 35 1 3 7 2 2 5 1 2 2 1 3 9 2 1 2 2 2 3 1 5 3 2 1 6 1 2 8 7 2 2 1 4 2 3 35 3 1 3 6 2 3 2 6 3 1 1 1 3 4 1 1 1 2 2 4 5 3 8 1 1 1 1 1 1 2 3 2 5 1 1 1 4 9 3 2 1 1 2 5 2 3 3 72 1 2 1 1 5 1 2 2 3 6 9 2 2 10 28 3 3 1 4 6 6 3 4 34 12 6 5 2 6 1 1 2 79 3 2 1 8 6 1 2 2 2 1 11 1 5 6 2 1 6 2 6 4 1 1 2 11 2 2 2 1 3 2 5 21 1 1 2 2 2 2 7 2 14 47 1 2 1 17 4 2
2 1 1 3 2 2 14 8 1 37 1 9 2 3 12 6 4 2 1 2 1 5 2 1 2 3 1 2 1 4 1 1 1 15 2 1 1 2 3 7 3 1 74 3 2 3 2 2 3 2 12 1 1 4 3 2 3 2 1 1 5 2 2 2 11 1 2 7 2 2 2 5 1 1 2 1 2 2 3 4 2 2 2 1 1 1 1 7 2 15 2 3 1 1 4 1 167 2 1 9 1 5 13 2 2 3 2 3 1 1 1 1 6 2 6 1 2 3 2 20 2 1 3 2 2 1 5 2 2 1 2 4 2 3 1 3 6 1 1 7 2 4 7 2 15 3 7 2 2 1 1 3 1 5 26 1 4 2 8 1 2 2 1 1 1 2 2 1 2 2 1 1 1 1 3 2 2 2 8 1 4 4 93 3 1 2 3 1 1 1 3 5 1 2 13 2 2 7 1 3
1 3 1 2 2 3 8 1 1 1 2 1 88 2 2 1 1 2 2 2 1 8 4 2 4 2 1 2 3 14 1 1 1 3 12 10 23 1 2 1 2 3 1 3 2 14 2 1 2 2 2 3 1 2 1 1 34 2 2 2 2 16 1 1 1 1 2 4 2 2 2 2 2 1 2 1 2 1 2 2 2 1 1 2 1 1 2 3 4 1 1 11 1 4 1 1 1 1 28 2 1 4 12 1 1 1 1 2 7 174 2 2 2 2 2 3 1 1 4 2 13 1 1 1 1 9 1 2 2 1 1 2 3 3 2 2 2 1 2 1 11 2 3 1 1 2 2 141 10 1 2 1 4 1 2 2 1 72 3 3 2 5 6 1 2 1 1 11 12 3 2 1 6 1 14 5 2 2 1 1 1 4 1 3 2 2 1 1 1 1 2 2 3 2 5 10 2 1 7 4
6 54 2 4 2 4 2 2 2 2 6 1 1 19 1 2 1 1 6 3 2 4 1 2 4 2 3 7 2 3 1 1 1 5 2 3 1 2 1 2 3 1 1 2 5 2 2 24 4 4 5 1 8 2 1 4 1 4 2 1 4 73 9 1 2 1 19 1 1 2 4 2 2 1 5 4 2 1 4 1 1 4 2 3 1 1 1 2 1 2 4 6 2 1 2 9 4 1 4 1 2 1 1 1 3 1 2 2 3 2 4 3 3 2 3 2 1 8 2 1 13 28 1 4 2 1 2 3 2 4 11 1 9 11 1 1 187 2 2 3 3 3 1 9 7 1 6 9 3 1 30 58 2 6 1 2 2 1 15 2 1 1 2 1 1 2 11 5 1 2 2 1 3 6 1 29 7 2 6 9 11 79 1 28 2 6 3 5 2 3 4 1 1 3 1 3 6 1 2 3
28 1 1 2 2 3 3 1 2 1 4 2 1 1 2 5 2 3 3 2 3 1 3 1 1 1 2 1 1 5 1 2 2 1 2 2 2 2 4 1 22 14 31 11 2 3 4 1 124 1 5 3 4 2 2 1 2 2 2 1 1 1 1 5 5 2 21 5 14 3 2 1 1 1 15 2 4 6 2 2 3 4 1 3 3 1 1 6 5 3 2 2 2 2 1 1 2 2 3 2 10 1 1 4 2 5 5 3 6 1 3 19 2 65 5 1 2 1 1 1 2 1 1 1 2 1 1 5 20 1 2 1 2 3 1 5 7 5 46 11 2 1 3 2 1 5 2 1 2 10 1 10 3 1 1 7 1 6 2 2 8 2 1 6 1 4 29 4 2 2 2 1 1 2 1 6 2 1 1 2 2 2 1 1 3 2 1 1 1 2 1 129 1 17 3 2 2 2 1 6
1 2 2 1 3 19 6 18 1 1 4 14 4 1 2 17 8 3 1 1 6 9 2 1 1 1 1 2 7 2 7 1 1 3 1 3 2 2 3 4 2 2 2 26 1 3 3 4 2 2 5 7 3 2 3 10 1 2 1 2 2 5 4 1 29 2 1 1 2 1 14 10 2 3 1 3 1 29 2 1 2 1 4 4 1 7 3 17 1 1 5 3 1 1 9 2 4 2 1 2 1 1 1 5 3 2 15 1 6 2 9 1 5 4 11 20 4 1 2 3 341 1 3 2 5 3 3 1 1 15 2 6 3 3 2 1 1 1 1 1 3 7 7 1 11 90 2 2 1 5 3 5 3 2 2 6 2 3 1 5 5 1 49 3 1 2 1 4 1 2 1 1 1 1 4 5 1 3 2 14 5 2 21 33 1 1 3 2 1 6 2 2 1 1 5 3 1 1 4 3
6 1 1 1 2 1 1 1 3 3 2 2 3 39 1 11 4 2 27 3 2 3 3 3 3 2 1 26 1 1 2 13 2 1 2 2 8 1 2 1 2 27 1 2 1 6 10 1 33 2 1 1 3 1 2 8 3 1 7 1 5 1 3 10 1 1 1 1 2 2 5 1 132 2 1 3 1 2 2 20 5 4 6 2 2 1 2 13 277 1 2 2 4 1 2 5 1 1 1 5 1 3 4 2 3 4 1 3 1 153 2 15 2 5 8 1 10 3 1 1 1 311 3 1 3 1 3 1 1 1 3 10 1 2 3 1 6 1 1 2 1 7 1 1 3 1 1 2 3 3 2 7 11 2 1 2 7 5 3 8 1 16 2 3 1 2 1 2 1 5 10 2 3 1 3 100 3 3 1 2 36 3 6 2 2 21 1 1 5 15 2 76 1 2 3 5 1 2 15 1
4 70 1 6 1 1 6 1 1 8 2 1 1 1 14 9 10 3 1 16 2 2 1 2 1 7 1 9 5 2 2 6 2 3 1 1 1 1 1 2 1 1 3 3 1 1 2 4 311 3 5 3 2 3 2 2 28 2 1 2 144 1 1 1 3 1 5 1 2 4 1 4 2 1 1 1 2 10 23 2 5 16 1 3 6 1 11 1 2 2 1 1 2 2 2 1 2 10 4 4 1 3 2 2 1 1 2 2 2 2 2 2 3 5 5 2 4 2 2 139 1 2 2 2 2 5 6 7 4 1 3 1 4 1 3 2 3 2 1 2 1 6 2 1 1 2 98 1 6 3 3 3 2 2 2 2 1 1 2 2 13 3 4 1 1 2 1 21 3 2 2 1 2 3 1 8 4 11 1 1 6 2 1 1 1 1 2 2 94 5 2 1 7 3 13 1 2 1 1 3
70 13 3 4 2 5 2 2 4 1 1 5 1 1 3 1 1 18 1 2 3 1 1 5 1 2 2 3 1 2 2 1 1 1 2 4 15 6 2 1 13 1 4 13 2 1 1 2 21 1 2 2 1 2 15 2 2 16 1 2 1 3 3 2 2 1 1 2 5 3 4 11 2 1 2 1 11 1 9 2 2 2 2 1 1 2 1 2 15 1 2 1 1 7 2 2 6 1 2 2 2 1 2 2 3 5 10 4 10 2 10 2 1 18 2 5 1 14 1 1 4 12 1 1 1 1 2 2 4 1 2 2 3 2 7 1 2 2 5 1 1 1 3 19 4 1 29 3 2 4 1 2 70 1 80 2 1 3 9 1 3 8 1 1 1 2 5 1 4 3 3 38 6 1 3 3 1 1 3 2 7 1 2 1 3 2 3 437 2 1 22 4 10 1 9 1 6 3 1 1
3 1 2 4 4 1 1 3 2 3 1 5 6 2 49 12 43 78 5 2 6 2 1 6 6 2 1 2 11 2 4 4 2 89 9 3 13 2 44 2 4 1 1 2 2 1 1 2 5 1 2 1 3 1 4 2 2 2 5 3 12 1 2 2 6 2 1 5 2 5 2 64 3 1 5 3 1 1 3 2 2 5 3 1 141 1 11 1 2 7 3 1 2 14 9 1 3 2 1 15 2 1 2 1 3 4 1 1 2 1 1 3 3 1 1 7 1 7 1 2 1 3 1 34 2 2 1 1 4 2 4 2 10 1 3 6 3 2 4 1 1 10 1 14 3 1 2 2 1 4 1 5 1 15 1 1 8 1 2 3 1 1 1 7 3 3 8 2 2 6 1 1 4 1 3 1 1 1 1 1 2 8 2 1 1 1 1 5 1 1 3 5 1 2 81 1 3 4 2 1
2 1 1 1 2 1 4 1 1 1 3 1 67 3 2 1 35 2 6 1 3 2 2 39 1 13 2 1 2 1 1 2 2 2 2 1 1 1 2 1 2 1 2 1 1 1 1 2 6 3 6 2 1 13 4 4 3 1 3 1 1 5 2 1 69 1 5 3 3 3 4 1 6 11 1 1 28 1 9 2 110 3 1 25 1 3 1 1 2 1 1 2 2 19 3 12 2 2 2 3 2 9 2 4 2 8 3 1 2 7 1 2 2 5 3 2 1 1 5 2 2 2 1 2 3 3 1 6 4 1 4 3 1 3 17 1 2 1 2 1 1 2 2 8 1 3 4 3 1 1 2 1 19 1 5 5 1 3 1 2 7 1 1 2 7 4 3 7 6 2 2 3 2 2 6 10 67 13 6 3 2 6 5 1 2 1 3 2 4 1 2 2 2 2 1 1 2 1 1 4
1 41 9 1 2 2 1 1 6 2 3 4 1 1 1 1 2 5 13 10 1 2 34 1 2 1 3 9 34 1 2 1 2 1 2 31 1 1 5 1 1 5 2 3 2 2 1 1 7 2 1 2 1 1 1 17 1 2 1 1 6 3 2 2 24 1 1 15 21 2 3 1 2 2 2 3 15 4 48 3 1 1 1 2 13 1 1 1 45 2 2 1 1 1 3 1 4 2 4 5 2 1 1 2 5 2 1 2 3 1 1 1 1 2 8 3 1 58 3 3 1 1 19 2 2 1 2 1 2 1 3 1 3 2 1 1 1 6 4 15 1 3 1 1 3 5 2 5 3 1 1 2 3 1 1 2 2 3 1 3 3 3 5 3 368 2 1 2 18 6 24 3 2 2 4 5 6 3 1 1 3 1 2 5 2 1 2 1 1 6 4 13 3 1 2 5 1 9 1 47
4 3 17 4 5 5 2 3 1 1 2 11 2 80 2 3 1 1 5 3 4 5 2 2 2 2 14 157 1 1 20 2 11 2 1 1 3 3 1 7 1 2 1 95 2 2 1 2 1 2 2 16 1 23 1 4 2 2 4 12 1 2 4 10 2 2 5 2 1 2 19 60 1 3 51 5 3 3 1 2 1 4 3 1 13 2 1 1 2 1 1 1 1 2 3 6 2 1 1 2 2 1 25 1 2 4 18 3 9 2 1 3 12 2 15 1 2 3 16 2 1 2 4 2 2 4 1 2 111 13 2 3 1 5 2 4 7 2 8 2 2 2 2 2 3 1 14 15 2 2 3 2 5 2 2 19 1 2 1 1 18 2 2 1 1 1 72 2 1 3 2 1 2 4 2 4 3 4 1 2 3 1 1 2 1 2 1 38 2 7 4 2 6 1 2 1 2 3 2 4
1 1 1 1 4 2 2 1 4 5 3 3 1 1 2 147 1 1 1 1 2 1 3 3 1 4 2 2 2 3 2 8 1 1 1 5 5 2 1 2 1 2 2 2 1 1 1 3 9 4 4 2 4 1 1 1 2 1 2 2 1 2 10 2 2 3 2 5 6 1 2 2 2 2 1 6 10 2 8 12 1 3 3 2 1 1 1 3 1 1 1 45 2 2 44 2 6 3 5 25 3 4 6 3 1 3 8 1 2 2 12 1 4 3 3 5 19 2 2 5 2 2 2 3 2 2 1 48 1 1 2 9 2 2 2 5 14 2 7 5 3 4 7 2 3 2 381 2 4 1 36 3 2 1 2 16 5 9 1 10 22 3 10 2 12 2 1 7 1 4 1 2 6 3 1 2 1 2 1 5 2 37 1 1 29 3 1 3 2 29 2 4 1 5 4 1 6 9 1 1
1 1 9 8 1 12 2 4 5 3 5 3 7 2 2 4 2 2 2 1 2 1 18 2 1 12 2 7 2 3 12 1 1 2 1 4 3 3 66 3 2 14 4 1 3 22 1 1 1 12 2 2 1 1 1 1 4 10 2 1 2 2 3 1 1 2 2 2 4 3 2 2 1 3 5 2 3 1 2 6 2 3 4 1 1 1 1 1 1 1 1 7 1 4 5 3 5 2 1 18 1 2 5 2 4 6 4 3 2 4 2 2 1 2 2 12 2 2 4 180 2 1 2 2 2 2 1 7 2 2 3 2 2 2 1 20 2 1 1 1 5 1 1 4 1 19 3 6 4 2 1 4 1 9 7 5 1 1 1 2 2 1 7 1 11 2 2 4 1 2 2 2 1 1 7 1 8 2 1 1 1 6 1 1 2 7 1 9 39 2 8 1 1 1 2 9 1 9 2 1
7 7 2 24 1 1 18 1 5 1 6 3 1 2 2 2 14 1 2 1 20 2 2 2 1 1 12 7 6 2 1 2 1 1 5 4 1 1 1 19 5 4 3 1 1 1 3 3 13 3 1 2 9 1 49 1 6 1 1 28 2 3 1 7 5 1 16 1 3 213 2 2 1 2 3 4 2 2 1 2 1 1 1 14 3 9 2 6 2 7 3 1 2 3 15 1 2 1 1 13 2 2 1 39 4 1 1 4 1 1 1 2 2 2 1 7 1 1 2 4 16 12 1 1 1 1 6 1 2 23 3 10 1 2 10 1 1 2 2 7 1 2 2 3 1 7 1 2 1 1 1 4 2 1 1 1 6 3 1 1 1 8 1 2 3 2 33 3 2 33 6 24 3 1 3 2 3 3 3 16 1 3 1 4 220 1 2 2 1 3 2 1 10 16 2 2 1 1 2 2
3 1 2 1 2 1 3 1 8 9 20 1 1 4 1 2 1 17 1 3 1 1 1 13 1 5 5 2 2 1 1 1 1 1 2 3 3 2 2 1 1 1 61 2 3 3 2 3 2 1 1 67 2 1 2 5 2 1 2 1 4 8 3 2 1 7 4 2 1 13 8 9 1 2 2 5 2 32 3 2 2 6 1 2 8 5 1 2 1 6 1 1 1 1 2 4 5 5 1 3 159 3 2 2 3 3 1 1 1 1 2 3 1 1 2 1 11 3 5 1 2 1 2 3 2 6 3 4 3 1 2 7 1 2 2 8 1 1 3 2 1 1 3 3 1 2 1 1 1 1 3 3 1 2 3 4 4 6 63 3 6 2 2 2 2 1 1 3 3 2 1 2 1 16 1 3 1 13 1 11 6 2 1 1 1 12 1 2 3 1 3 12 3 2 29 2 4 3 5 7
1 4 2 1 3 13 1 7 2 1 1 1 25 2 2 2 1 1 1 1 4 1 1 31 13 2 1 2 4 6 1 1 4 1 9 2 4 1 2 1 1 57 1 2 2 2 1 6 2 1 1 6 2 17 2 1 3 6 4 1 3 2 14 1 22 3 1 2 1 3 7 1 3 2 10 2 2 1 7 3 2 1 1 1 3 2 2 2 1 1 3 4 2 4 3 14 2 4 2 2 29 4 1 4 1 2 2 1 1 3 5 1 1 4 3 2 1 1 4 1 2 1 1 1 7 2 1 1 2 2 3 102 2 3 1 64 1 1 2 1 1 2 1 6 7 3 2 35 2 3 1 1 1 2 1 1 30 2 6 5 12 3 3 7 4 1 2 1 2 1 2 1 2 5 2 2 2 51 3 1 13 1 2 2 2 1 1 5 1 2 7 1 5 4 3 3 2 1 13 2
3 2 2 8 5 1 6 4 3 1 1 3 2 1 1 1 2 4 6 1 2 12 1 1 6 1 6 1 1 1 1 6 2 1 9 1 4 80 1 2 1 1 4 2 1 1 14 11 5 10 1 1 5 1 1 3 2 2 45 2 2 1 3 2 23 5 7 1 1 2 4 26 2 1 1 1 3 1 1 5 3 37 2 3 2 1 5 2 6 1 1 40 1 1 4 1 11 14 1 14 3 2 2 1 28 1 1 1 4 15 12 1 1 1 5 1 3 2 1 1 2 2 1 3 2 1 4 2 2 2 2 1 8 8 3 15 1 1 1 3 1 2 2 2 2 2 7 1 22 2 1 1 2 1 15 1 1 1 2 30 13 8 2 2 2 2 3 2 1 2 1 1 4 1 1 7 1 2 1 5 10 2 1 3 4 1 2 1 1 5 1 1 8 14 1 1 15 9 22 1
2 1 1 5 1 3 8 3 10 5 9 2 2 1 3 3 1 10 4 1 2 2 1 4 2 2 1 1 1 2 6 7 1 2 4 10 5 3 3 1 3 3 2 6 4 1 8 1 10 5 2 7 1 1 1 1 2 2 5 1 3 3 2 1 1 3 2 7 1 1 2 2 1 12 1 2 3 2 2 1 2 4 4 2 1 4 11 2 16 2 6 5 1 1 3 2 10 1 1 2 1 4 2 1 4 1 1 2 3 1 4 3 1 1 2 1 5 2 2 1 4 6 4 1 1 2 5 2 4 5 1 14 1 1 17 3 2 5 9 2 1 38 1 1 1 2 2 1 7 22 3 1 1 14 2 2 206 1 2 6 2 95 7 5 1 2 2 3 1 2 1 2 9 3 2 1 1 1 1 1 1 1 1 1 2 1 1 3 4 1 4 7 7 1 2 5 22 1 8 2
2 4 2 6 13 2 18 2 1 3 2 3 13 1 5 6 2 3 1 2 2 4 9 2 2 5 2 1 1 9 5 8 11 115 3 1 8 1 3 1 1 1 3 3 4 1 6 3 2 2 1 1 2 2 3 8 10 1 1 1 3 3 3 2 1 1 3 2 8 4 3 1 3 1 1 1 3 2 1 1 1 1 4 5 2 1 4 1 5 2 3 3 30 2 289 4 9 4 17 11 1 7 6 2 4 3 2 7 4 1 1 3 1 4 2 2 1 3 2 3 1 10 1 1 2 2 1 1 5 2 2 1 1 1 16 1 4 6 2 4 1 2 3 1 1 2 118 1 2 1 2 5 1 41 3 6 4 1 6 1 8 3 13 1 7 2 3 1 50 1 7 6 2 2 1 4 4 4 5 17 1 1 2 2 3 3 6 7 2 3 1 12 1 1 2 1 2 1 3 3
3 7 1 2 2 2 2 2 3 4 2 2 1 1 1 1 2 4 16 35 1 2 5 2 1 10 2 1 2 1 6 3 1 3 1 2 1 3 2 1 1 1 1 2 1 1 1 1 1 1 1 1 1 2 1 1 3 3 1 1 1 7 2 1 2 1 1 1 6 1 7 5 1 5 34 2 1 1 1 1 3 3 2 8 4 2 7 13 2 1 1 2 6 2 1 4 3 1 1 1 3 11 1 2 1 5 1 4 1 2 6 1 3 1 6 1 1 2 3 3 3 2 3 1 1 3 1 2 2 1 223 2 1 1 2 12 1 4 1 22 2 1 24 1 1 3 1 5 5 2 3 2 5 1 1 3 3 8 1 2 1 2 13 2 3 1 4 234 4 1 1 2 4 2 6 2 3 1 1 2 1 13 2 2 3 1 24 2 1 3 5 2 7 3 1 7 2 4 6 1
5 3 2 2 8 2 2 2 4 1 5 3 2 3 3 5 3 2 1 9 19 2 1 1 2 4 6 3 39 3 3 1 3 1 2 2 11 1 4 1 16 2 3 2 1 3 57 9 2 3 1 1 3 1 1 1 1 4 4 2 1 2 2 1 2 5 1 2 1 2 2 2 2 1 2 3 10 2 2 2 1 1 5 1 8 2 1 1 1 4 1 1 6 6 3 2 11 2 1 1 1 1 1 2 1 1 1 3 2 9 2 2 7 21 1 2 2 5 1 3 5 1 8 2 2 1 1 2 19 2 1 2 2 1 1 1 1 1 25 1 2 1 13 2 1 6 3 1 1 193 2 2 3 3 1 1 4 6 1 2 2 1 2 2 1 2 11 4 1 3 2 3 2 3 4 4 1 3 22 4 1 3 1 3 2 1 1 1 3 4 2 3 1 1 11 4 4 1 1 78
1 4 12 5 2 11 152 1 3 4 1 32 2 28 2 7 1 1 1 12 37 23 5 3 1 21 3 1 1 1 3 1 1 5 2 1 2 1 1 4 2 2 1 2 1 5 78 5 4 4 12 1 1 2 47 2 7 5 2 1 1 2 1 4 1 20 1 1 2 2 2 1 1 2 351 1 15 10 2 1 2 1 2 12 15 4 1 5 2 1 27 1 1 9 17 4 1 1 2 2 1 2 3 2 6 6 2 3 6 1 5 2 14 1 2 3 2 1 2 1 7 2 3 1 3 2 1 1 1 2 2 1 1 2 1 3 13 2 2 8 7 4 3 1 3 220 1 3 2 3 5 2 3 1 20 1 1 3 2 2 1 2 3 1 1 8 2 1 4 2 1 1 3 1 1 6 1 2 1 2 1 1 1 2 9 10 2 3 1 3 2 1 2 1 4 1 1 1 4 1
12 2 1 1 5 1 1 2 33 2 2 2 4 26 13 2 1 1 3 17 43 1 3 1 2 2 3 2 40 17 2 1 2 2 19 1 2 2 2 1 31 6 1 2 1 3 1 1 1 1 2 1 1 4 3 1 3 4 3 2 1 1 2 3 1 2 2 2 1 5 4 11 2 48 3 1 1 2 1 5 2 1 1 8 2 43 3 1 4 3 1 3 2 1 4 37 2 2 2 3 40 2 1 1 3 19 16 1 2 1 1 7 1 3 2 2 2 3 2 10 1 1 12 2 3 9 2 1 3 2 2 1 4 5 1 29 1 13 2 3 1 1 1 2 1 1 7 1 2 1 2 6 3 1 3 14 1 2 2 1 1 1 3 1 1 6 1 2 1 2 3 1 21 37 6 7 1 5 2 8 3 1 4 1 1 3 1 1 2 1 2 5 2 1 2 11 1 1 1 3
6 6 2 2 1 5 3 3 2 4 2 2 3 1 1 1 1 2 1 2 4 4 3 3 7 10 4 1 1 2 366 11 2 3 8 1 2 3 2 2 3 3 2 3 3 2 3 1 1 1 2 1 2 2 3 1 1 2 11 1 2 5 3 5 2 122 2 10 2 1 1 8 1 3 2 5 1 11 2 1 4 12 3 1 16 1 4 2 4 1 3 1 2 3 7 51 1 3 1 2 2 2 11 7 6 1 1 1 13 5 2 2 2 1 2 1 5 1 2 1 1 1 2 2 8 2 2 1 3 1 3 1 7 1 2 1 1 1 3 2 77 1 1 44 2 1 2 3 2 2 2 2 3 1 2 37 2 1 1 4 1 6 7 1 3 1 1 2 2 3 2 2 2 1 2 1 3 4 1 1 3 5 1 1 2 5 13 24 1 2 2 1 3 4 2 2 6 3 3 3
2 2 2 2 1 1 5 1 9 2 3 1 7 2 1 1 2 1 4 1 2 2 3 1 3 1 1 6 3 1 2 1 4 7 2 1 1 2 2 4 1 2 1 3 2 2 22 3 16 3 4 1 3 6 1 40 28 1 1 2 1 1 1 17 3 32 1 3 7 1 3 1 4 2 2 1 1 3 1 3 5 2 1 3 1 1 2 2 2 1 3 4 1 22 1 2 2 26 1 1 7 1 2 2 2 7 3 2 1 4 1 3 2 3 2 2 2 2 2 1 5 25 4 2 6 2 2 3 6 1 10 2 1 1 5 1 2 1 5 1 33 4 4 2 1 2 12 2 2 4 2 1 1 1 2 1 2 2 7 2 1 3 1 1 2 2 5 21 1 2 1 3 4 1 3 2 2 19 2 3 3 1 1 1 2 28 1 1 3 4 1 113 18 1 1 2 4 1 4 3
6 141 1 2 11 2 2 1 2 1 4 4 2 1 11 7 7 2 3 2 2 1 2 1 2 1 3 1 1 1 3 2 5 1 1 3 2 16 12 16 3 2 1 6 1 1 1 4 2 2 4 1 4 2 2 2 3 3 1 1 22 22 2 2 1 7 1 9 8 6 1 6 32 3 3 1 14 2 1 10 2 1 3 25 1 3 1 41 21 3 1 1 7 2 8 1 2 5 3 1 1 2 3 4 2 1 3 3 326 2 5 5 5 2 2 2 3 14 1 6 3 1 1 1 2 1 1 2 3 4 1 2 1 2 10 1 2 2 15 2 16 3 14 2 2 2 7 1 1 1 1 1 4 5 2 3 3 2 3 1 4 5 1 2 4 1 15 1 1 3 2 2 1 2 2 34 3 2 2 13 6 3 1 2 1 2 1 2 1 14 10 3 1 4 2 1 8 1 3 3
1 1 1 9 1 20 7 10 3 6 4 4 11 2 3 15 16 51 2 2 1 1 2 29 2 6 1 10 2 1 1 4 1 1 1 3 1 3 7 2 3 95 1 1 2 1 2 1 1 3 7 2 12 6 2 2 4 1 2 3 1 5 4 9 1 3 1 1 4 6 2 3 1 3 3 1 1 2 3 21 2 2 1 2 1 2 1 2 1 9 2 1 3 2 4 1 1 5 1 1 1 1 10 3 1 1 3 2 12 2 2 116 20 6 2 17 2 3 8 2 2 2 1 1 1 4 3 1 2 1 24 2 1 1 3 1 4 4 2 11 47 1 2 31 3 1 11 2 1 1 1 3 7 2 1 1 3 3 19 1 1 14 2 2 2 1 4 1 2 2 1 1 1 1 3 1 1 3 2 14 4 1 2 1 5 2 4 1 1 3 1 3 1 4 1 1 1 1 1 3
2 6 2 2 13 2 2 2 1 8 9 2 2 1 1 10 2 1 8 1 21 2 2 2 2 3 11 26 1 3 6 5 1 7 6 5 7 1 59 3 1 2 1 2 1 4 65 12 1 1 1 1 1 1 9 3 4 3 1 1 1 1 1 1 4 2 2 1 14 4 8 3 1 20 1 3 2 1 9 6 10 1 6 3 1 2 1 2 1 1 1 1 1 2 2 2 1 3 2 2 2 2 2 1 1 7 1 11 7 1 4 3 1 1 3 67 1 2 2 2 4 4 5 3 15 4 24 1 5 5 1 3 1 1 3 1 1 1 15 1 1 2 2 1 2 3 1 2 3 1 7 3 2 11 1 1 2 2 2 2 4 2 3 3 2 34 2 2 1 2 1 3 8 5 2 2 1 76 16 2 1 1 1 14 1 1 1 1 2 3 3 1 2 1 2 3 1 2 2 28
1 27 2 9 3 2 2 7 2 267 1 1 6 4 14 1 1 2 1 17 2 1 3 1 4 24 2 2 30 2 6 6 1 2 5 2 3 21 1 2 1 1 8 2 1 1 25 2 3 1 2 1 3 1 4 1 1 3 1 4 16 8 2 2 1 2 5 2 3 1 1 2 1 1 1 7 2 86 4 2 3 4 1 1 7 10 2 1 1 6 5 5 5 1 1 2 35 1 3 3 1 1 3 2 1 2 2 4 1 2 2 130 2 3 11 1 1 5 1 2 6 2 1 6 3 2 1 1 15 1 1 1 16 3 1 2 15 12 2 2 2 1 19 1 2 1 3 14 1 2 1 1 1 4 1 2 1 161 1 1 1 4 4 6 1 4 7 8 1 3 2 2 4 1 6 4 2 2 5 2 3 3 6 2 4 2 21 3 2 8 8 5 1 1 3 3 1 2 17 2
1 1 6 6 2 3 5 3 1 2 8 2 4 2 2 46 1 1 1 1 1 6 5 11 2 1 3 3 3 1 2 2 4 7 2 1 6 2 1 1 1 7 1 1 2 1 2 3 7 1 1 2 4 1 2 1 1 1 1 1 2 1 2 1 1 4 15 4 3 2 4 3 1 2 4 2 9 2 2 1 1 3 3 1 1 11 2 1 7 12 2 1 1 1 2 2 1 51 6 4 2 16 3 1 3 1 1 2 1 4 2 1 4 16 2 2 8 5 1 1 1 1 4 1 16 5 1 5 2 1 6 3 4 2 24 159 2 1 3 19 3 1 1 2 1 4 2 2 2 1 4 3 4 3 4 3 2 1 2 3 2 1 1 1 1 1 2 2 13 2 3 1 2 1 1 3 17 2 1 38 15 1 2 3 6 3 3 2 1 1 25 6 4 2 1 15 6 2 3 12
1 2 22 1 1 1 8 1 2 3 2 3 1 2 2 1 2 3 1 2 3 4 2 2 1 2 2 1 4 2 3 2 2 1 1 2 2 3 2 2 1 1 1 1 1 4 2 2 39 2 1 1 2 3 2 136 2 2 1 40 2 22 1 2 1 2 9 3 32 3 3 1 2 3 5 9 1 1 5 1 2 2 2 1 5 2 8 1 1 2 4 1 2 2 2 2 10 1 2 1 2 3 1 5 4 2 2 3 7 4 5 3 1 4 126 3 8 2 8 2 1 2 2 1 2 1 1 2 2 1 2 3 5 3 2 3 2 3 100 1 1 4 1 1 2 2 6 1 2 3 2 2 2 2 2 4 18 1 1 1 4 1 1 3 3 5 1 2 2 2 2 2 28 1 2 2 2 1 1 3 47 2 1 1 61 3 2 22 2 2 1 95 2 1 1 1 2 2 15 2
1 4 51 3 3 46 5 1 17 4 43 2 1 23 2 4 1 4 3 2 1 3 1 1 1 4 2 1 2 1 8 3 1 2 5 2 1 1 1 4 2 1 10 1 1 4 11 6 1 2 1 3 7 1 2 1 2 7 2 1 3 1 5 1 2 1 2 4 2 2 2 4 32 1 1 2 13 2 1 4 1 9 1 2 2 1 7 2 1 2 5 3 1 2 2 1 1 53 1 2 6 13 4 1 19 10 13 12 1 1 1 3 2 1 3 1 2 3 2 1 1 8 20 2 1 3 11 4 9 6 15 2 29 1 54 2 1 23 5 4 2 17 2 1 1 1 2 8 1 4 1 1 5 1 1 2 1 7 2 3 1 102 1 1 19 2 3 8 3 1 4 3 2 4 42 2 2 4 1 3 2 1 1 1 2 1 9 1 3 2 3 2 1 51 3 1 2 2 1 8
3 1 1 1 1 2 1 4 2 2 1 1 3 6 2 4 1 1 1 2 3 2 2 2 18 133 2 2 2 2 2 2 1 2 1 2 1 1 16 3 1 3 1 2 6 2 1 7 1 2 2 5 12 1 12 2 3 3 14 15 4 2 1 2 2 4 1 2 2 9 3 1 2 1 2 1 1 1 7 28 1 2 3 2 4 2 2 2 1 3 4 5 1 2 4 82 4 3 2 2 3 2 3 2 3 2 1 2 1 2 1 2 2 5 1 15 4 2 1 2 1 43 15 1 12 2 2 1 1 3 1 1 4 1 3 12 10 4 1 1 6 1 328 5 5 3 1 1 2 1 1 3 3 1 6 1 10 8 1 1 2 2 6 3 2 1 2 2 2 4 3 2 4 1 1 6 5 2 1 1 7 7 3 1 2 1 2 1 1 1 6 1 3 3 32 1 2 5 2 5
2 2 2 3 1 4 23 2 4 3 3 2 3 1 1 2 1 1 2 5 1 1 3 1 7 57 5 1 2 4 4 1 16 1 2 1 2 6 3 2 2 2 6 1 1 2 5 4 1 3 1 2 2 1 14 7 5 2 1 2 1 1 1 12 29 2 3 6 2 12 1 2 7 3 7 124 5 17 1 2 1 1 1 4 1 1 42 1 2 1 1 5 2 4 4 1 2 1 4 3 1 1 15 145 1 3 1 2 1 16 1 4 4 1 2 2 1 1 2 1 8 6 1 2 2 4 4 3 5 2 3 1 1 1 4 3 2 1 1 33 3 14 1 8 1 1 1 2 9 5 13 5 1 1 2 1 2 1 1 2 1 39 1 1 1 5 73 3 2 3 2 4 3 1 1 8 1 11 13 2 1 3 33 5 1 1 1 8 20 4 3 3 2 4 1 12 2 1 2 2
7 1 2 3 2 2 6 1 3 1 7 2 54 189 179 2 4 1 9 11 1 3 2 1 1 4 2 4 30 11 1 43 19 24 1 7 7 5 1 1 4 1 2 14 3 1 1 1 2 3 1 2 2 1 10 7 15 1 3 1 2 2 4 8 1 26 1 1 1 2 2 2 37 1 2 4 1 3 1 1 1 1 17 3 1 2 1 11 1 6 2 1 15 1 32 3 1 4 2 1 3 2 1 3 1 1 6 34 9 2 4 14 6 6 1 17 1 2 2 2 2 2 5 3 3 2 1 2 1 6 6 1 4 3 5 2 1 1 3 1 28 2 1 64 7 1 11 5 1 8 4 2 1 9 3 1 2 1 2 1 1 5 4 1 1 1 1 50 4 3 6 4 2 13 3 2 2 8 3 1 2 2 10 2 1 1 2 3 2 28 1 5 3 2 2 1 182 3 4 1
1 1 2 102 1 5 8 2 1 5 5 10 5 1 4 2 1 1 7 15 9 1 30 2 1 2 4 2 3 7 36 2 8 27 16 11 3 1 1 1 1 18 2 4 3 2 1 1 1 2 5 1 2 2 2 1 4 1 2 2 2 1 4 2 3 1 30 2 2 5 8 1 2 22 3 1 1 1 1 1 8 2 1 1 4 1 2 1 1 1 2 2 2 5 1 6 5 2 2 2 1 3 3 3 1 2 1 2 17 2 2 10 11 12 1 8 1 3 1 7 3 15 2 1 2 2 4 1 14 4 1 2 1 1 3 1 1 6 5 2 3 3 6 1 6 4 1 2 2 21 3 12 3 1 2 1 3 1 4 4 1 24 1 1 5 4 1 3 1 2 3 24 1 2 2 1 1 1 1 2 2 3 1 1 12 1 1 1 1 3 1 1 2 2 3 1 2 1 3 1
6 2 1 2 3 33 3 1 1 2 1 6 1 1 1 1 1 2 2 92 5 2 1 2 2 6 2 2 5 1 1 22 3 3 3 7 1 2 1 2 171 2 1 1 3 8 1 1 26 2 1 1 2 1 5 3 1 2 1 3 2 2 2 1 26 2 3 2 2 4 3 47 7 1 1 1 1 30 2 2 1 10 3 2 10 5 2 5 2 1 2 13 3 5 5 10 2 23 1 1 1 3 22 2 3 3 4 195 2 1 2 1 7 5 1 1 1 2 1 1 2 2 6 2 1 2 2 1 5 1 1 3 1 1 1 1 4 3 3 3 2 3 1 1 2 2 2 3 2 3 1 3 8 6 1 25 1 4 5 1 2 8 2 3 1 25 6 4 3 4 1 17 2 4 1 3 1 51 2 1 2 9 2 3 2 2 2 2 8 1 5 3 2 2 4 1 2 1 50 1
8 1 1 1 1 1 4 5 26 7 3 1 42 3 1 3 5 14 4 5 4 1 1 2 5 1 4 5 5 2 5 2 2 2 2 1 2 2 5 7 1 2 93 1 1 2 2 2 1 16 1 2 2 1 2 3 2 10 1 69 1 1 1 7 2 2 1 4 2 2 60 3 2 1 3 7 215 1 1 2 1 3 2 2 2 1 4 1 2 8 4 4 4 73 1 1 1 2 3 2 2 9 2 2 2 2 2 2 1 2 2 3 2 5 1 1 7 5 1 2 1 2 5 2 1 2 5 1 1 3 1 2 10 2 1 41 2 2 2 2 3 2 1 10 3 5 2 1 26 116 1 2 1 3 3 5 1 2 8 2 2 2 1 2 3 1 2 4 1 3 1 2 1 19 3 15 11 13 2 126 2 4 2 3 3 2 2 1 1 1 1 74 3 1 6 1 19 1 2 1
2 1 2 2 2 1 4 2 2 2 1 2 2 3 1 5 1 2 2 3 3 2 2 8 2 1 2 2 2 2 2 1 3 2 2 2 1 4 2 1 4 1 88 2 5 12 1 3 4 2 1 1 2 2 5 2 2 1 2 3 4 19 1 9 2 108 2 3 11 2 11 4 2 1 2 1 6 2 1 1 2 1 2 2 1 186 1 2 1 3 4 2 2 1 1 3 21 20 1 2 2 3 1 1 1 3 5 5 4 2 6 4 1 1 1 1 2 2 2 1 4 2 18 13 1 2 5 6 5 2 2 4 24 2 20 6 2 5 1 2 5 1 1 1 1 3 2 1 2 2 3 10 2 2 24 8 2 9 13 1 3 1 4 2 18 2 2 2 4 1 22 3 1 2 1 2 1 2 1 24 3 2 3 6 4 3 2 2 2 2 4 9 1 1 8 7 4 1 8 2
1 2 9 2 2 1 1 2 1 1 7 38 7 1 1 2 3 2 1 4 1 10 2 4 2 4 2 6 3 2 2 2 2 9 2 2 2 1 4 2 1 19 3 2 2 2 1 4 2 2 1 2 13 2 97 3 2 1 3 2 1 2 1 7 3 1 1 2 3 2 46 1 3 1 3 5 1 2 2 1 2 1 8 79 1 8 2 1 22 17 3 7 2 2 3 3 3 4 1 15 1 66 1 3 3 2 1 2 10 1 2 2 1 1 2 11 2 4 2 7 1 1 2 2 2 1 2 1 2 2 1 6 2 5 7 4 6 2 3 1 11 2 27 1 1 1 1 1 1 1 71 16 8 2 3 1 6 1 1 2 2 1 1 1 2 3 23 1 3 1 2 1 3 2 2 2 1 1 1 2 1 1 2 1 1 2 1 1 1 2 1 2 2 1 1 1 29 1 1 7
10 1 2 22 2 2 3 3 1 4 1 1 1 2 29 1 1 5 1 22 5 14 1 2 1 1 6 2 10 13 1 4 2 14 1 1 2 1 1 1 2 2 1 1 1 1 2 3 1 1 3 2 2 2 1 2 1 4 5 2 1 2 2 3 2 41 1 1 1 2 2 1 11 2 465 2 15 1 1 2 5 5 3 2 1 9 2 6 1 7 1 1 1 2 1 4 1 5 1 3 1 5 1 1 3 7 1 4 5 4 4 1 115 3 2 1 2 1 2 32 11 12 10 1 1 1 2 8 2 1 2 2 4 2 6 2 7 2 5 1 3 1 3 20 3 2 5 4 1 1 23 31 1 11 8 2 1 1 2 1 3 4 1 1 3 5 2 4 2 1 1 3 3 2 2 1 10 7 1 9 1 5 2 2 3 5 3 2 2 1 2 2 2 2 4 1 3 2 56 2
4 1 2 1 4 2 1 3 4 1 3 2 1 1 7 2 1 2 4 4 2 4 2 2 4 4 4 2 1 2 35 4 2 1 1 1 2 2 3 1 4 3 2 2 2 7 1 33 2 1 1 4 1 11 1 3 1 2 1 4 1 5 1 10 1 7 1 2 2 2 35 1 1 2 3 2 2 1 5 11 4 2 1 2 2 5 1 2 2 3 3 1 1 2 1 61 3 1 6 1 2 1 3 1 15 2 2 3 1 1 2 1 4 5 1 1 1 4 2 4 1 1 4 2 1 2 1 1 1 1 1 2 8 90 1 2 2 2 3 2 4 2 2 1 3 1 4 2 1 1 1 8 2 3 2 1 4 1 3 1 1 1 2 1 5 1 2 1 6 3 4 5 1 2 3 5 9 2 1 5 2 1 1 40 1 5 4 2 3 2 3 4 3 2 1 2 1 4 1 4
3 7 2 1 2 1 2 17 2 3 6 23 1 2 2 1 1 2 1 2 1 1 17 2 4 1 5 2 3 1 2 3 1 2 2 3 3 1 5 9 3 2 2 3 2 5 3 1 1 9 1 4 1 1 1 1 4 7 3 8 1 12 3 2 2 1 1 1 2 1 4 3 20 10 5 86 1 2 3 2 1 2 1 2 12 104 2 3 3 3 5 2 3 4 1 5 4 6 1 2 1 5 1 1 1 2 2 1 1 2 2 1 7 1 1 6 1 2 5 13 3 2 1 2 2 2 1 1 3 1 1 4 2 4 3 1 1 2 5 3 2 5 2 2 7 8 2 3 1 10 2 1 2 1 3 1 1 1 2 11 4 3 2 2 1 2 24 1 1 2 1 2 1 4 4 31 6 1 1 2 1 2 3 7 2 5 7 1 4 41 3 3 2 2 6 4 5 2 4 3
5 14 1 5 1 3 1 2 2 1 3 2 7 2 12 8 2 1 4 2 11 1 2 2 1 5 2 1 2 2 1 8 1 1 2 3 1 1 3 1 1 2 1 11 1 3 1 2 1 18 10 1 1 6 1 6 1 15 8 2 7 3 2 452 1 1 2 7 1 1 1 2 1 3 2 4 3 1 2 1 1 2 7 8 1 2 4 2 4 7 2 2 1 3 2 3 2 2 5 1 2 23 1 11 1 1 2 1 2 3 188 4 1 2 1 2 52 12 2 16 1 2 4 2 1 1 4 2 3 1 1 5 2 1 2 2 1 1 5 1 1 1 1 2 1 1 1 9 2 8 1 2 1 1 3 1 2 3 2 4 1 2 2 3 2 6 1 2 11 5 2 3 2 2 2 5 2 3 2 1 1 1 11 3 3 1 1 2 1 3 2 5 2 1 6 1 2 1 1 22
1 3 4 6 1 2 6 12 6 7 1 7 1 2 12 3 1 4 1 1 2 1 1 10 2 2 6 3 12 1 2 3 1 4 2 2 1 2 3 6 2 1 4 3 3 7 2 2 2 1 1 2 3 1 1 7 5 2 3 12 1 2 1 1 1 9 66 2 1 8 7 14 2 17 6 2 2 4 3 2 1 1 1 1 1 1 40 1 6 267 2 57 3 5 1 2 23 1 5 5 2 1 9 4 1 1 9 2 4 3 2 11 2 2 3 16 1 1 2 32 1 1 2 2 1 8 2 1 2 1 2 5 1 1 1 3 2 6 2 2 7 32 3 1 2 10 1 3 1 21 4 2 14 2 3 1 3 1 1 3 1 8 1 6 4 1 26 3 1 10 17 4 1 6 1 25 2 1 1 2 1 7 4 10 2 1 1 1 1 5 1 5 1 3 7 1 5 10 4 1
5 1 1 2 2 2 1 4 1 3 1 2 1 1 5 1 14 14 1 3 9 2 2 26 6 1 28 3 1 4 1 4 3 1 1 3 3 1 2 1 3 1 4 65 1 10 2 6 1 1 4 1 3 1 1 2 1 1 9 1 1 1 5 1 2 1 1 11 13 6 1 2 2 6 5 1 2 1 2 4 1 270 2 1 1 1 1 1 5 1 2 2 1 2 1 2 1 4 2 1 10 1 1 5 1 2 1 3 3 2 2 1 2 7 4 4 8 1 4 11 2 2 1 8 1 1 3 17 2 4 5 2 2 1 9 10 12 1 2 1 2 1 10 1 4 1 1 3 20 7 2 2 2 2 7 1 1 2 3 7 7 4 2 17 2 5 1 90 1 2 3 1 1 4 1 1 1 2 2 1 2 1 1 4 1 1 1 2 3 5 4 4 1 3 7 6 1 32 2 2
38 1 3 2 3 1 19 2 1 3 1 1 2 1 2 1 4 3 5 2 3 2 3 1 1 2 83 2 1 3 2 2 3 8 4 2 4 3 2 2 2 2 1 1 1 6 1 1 2 27 2 2 1 1 23 7 8 2 1 2 1 1 1 21 1 1 1 2 8 2 5 6 2 1 1 7 2 6 1 1 1 5 3 1 3 1 3 1 5 1 2 5 1 2 3 2 1 1 2 1 1 6 1 1 3 1 2 2 6 7 32 4 5 2 10 1 2 2 1 1 1 3 2 2 7 1 1 2 2 2 10 2 1 3 17 1 5 1 2 1 1 5 36 2 3 1 1 2 2 5 8 2 2 1 4 1 3 2 3 2 4 15 4 6 1 1 1 4 1 2 2 2 1 5 1 2 1 3 1 1 1 2 1 1 1 2 2 2 1 4 5 2 2 3 1 3 1 1 2 1
4 1 3 3 54 4 1 1 4 2 3 1 2 7 1 1 10 2 1 4 2 3 4 4 5 3 2 7 4 6 5 4 1 5 171 2 9 1 4 3 147 14 7 1 2 1 1 5 53 5 9 12 1 1 1 2 2 22 8 12 7 1 16 1 2 2 2 1 1 11 2 2 150 1 1 7 1 1 5 3 2 1 2 19 3 1 1 3 9 2 3 4 2 1 1 2 9 2 1 3 4 3 5 1 1 1 3 2 56 3 6 19 3 1 1 1 8 3 1 3 3 3 12 2 2 1 3 1 2 1 12 6 2 1 1 2 1 2 1 2 2 1 4 1 1 1 1 4 1 1 1 2 2 8 1 6 3 1 1 3 1 4 6 4 3 30 2 1 2 1 6 8 2 5 1 2 5 2 1 1 1 2 2 1 7 22 1 2 1 8 2 4 6 2 1 2 4 2 11 1
24 14 1 232 3 2 6 2 2 11 8 18 12 3 1 44 6 4 2 44 2 1 2 6 2 2 3 2 3 1 2 1 1 3 5 8 3 1 3 1 2 1 2 1 2 1 2 2 5 4 3 33 1 1 6 2 2 1 1 1 2 2 3 2 33 2 2 2 1 1 2 3 4 7 1 1 13 1 4 2 1 2 2 2 1 27 2 7 7 6 1 2 2 2 7 5 1 1 2 14 12 1 2 1 1 25 1 7 2 4 1 5 2 1 5 3 4 2 9 2 12 2 1 2 2 3 2 2 3 1 2 2 6 4 1 2 5 2 2 2 4 2 2 15 3 13 4 2 3 1 2 6 1 1 1 1 1 38 6 1 10 1 3 2 1 7 10 2 2 2 1 2 9 1 17 1 6 5 2 1 2 3 3 1 2 6 6 1 3 1 4 2 1 1 2 1 1 2 5 67
4 1 13 4 2 1 1 1 2 3 3 35 10 1 2 2 2 5 1 1 1 1 1 1 2 2 1 1 2 2 1 4 2 43 6 6 10 11 7 9 2 2 1 3 2 5 9 1 9 1 2 1 2 1 1 2 17 8 1 4 20 1 1 4 1 2 2 31 8 4 1 1 2 2 2 2 1 2 5 3 1 2 8 1 30 1 6 2 3 2 1 1 1 5 1 4 8 3 2 1 1 1 29 7 1 1 1 2 10 2 3 1 1 1 10 1 1 2 1 2 2 1 3 2 2 1 13 1 1 4 2 3 2 7 1 2 1 3 2 2 6 2 1 2 1 2 1 5 4 2 10 3 1 3 2 2 6 1 1 3 15 1 2 3 7 1 90 3 2 9 3 1 3 2 1 2 4 2 1 2 80 56 1 8 1 2 2 2 1 1 16 1 2 3 3 5 1 3 2 2
1 11 2 1 2 1 1 1 5 3 2 2 1 2 10 7 2 3 2 1 1 2 3 22 2 1 3 3 137 13 1 120 2 1 8 3 7 3 2 2 1 3 1 7 4 2 2 17 6 2 3 2 3 2 14 8 1 10 4 2 15 1 6 3 1 2 1 1 5 33 2 1 7 1 5 1 6 1 6 2 3 3 3 1 6 5 1 3 3 1 1 1 1 3 2 2 1 1 6 1 2 1 26 2 2 4 2 3 4 1 1 1 6 2 1 14 1 12 1 2 2 6 7 4 3 1 4 1 1 1 2 1 1 2 1 3 1 2 3 2 6 3 3 4 5 3 3 7 2 2 1 2 2 2 1 1 1 2 2 3 10 10 2 1 1 16 4 3 3 2 1 1 2 3 3 3 2 1 1 3 1 1 1 2 2 106 1 10 4 11 20 1 2 2 24 1 2 2 2 2
1 1 2 26 2 2 3 1 1 2 6 1 1 1 11 4 2 2 2 1 4 1 2 7 3 1 4 101 2 25 1 9 3 1 11 1 9 2 2 7 1 2 1 1 1 9 2 1 12 6 1 3 1 3 1 110 1 1 2 9 11 8 4 6 2 4 2 54 7 1 2 2 2 3 1 1 1 2 2 3 3 2 1 2 2 1 12 2 1 13 1 56 2 1 1 1 1 1 5 2 3 113 1 2 2 2 3 2 5 2 3 23 1 5 1 3 2 2 2 3 1 1 1 5 2 3 3 1 12 1 1 1 2 1 4 1 2 2 1 5 1 5 2 4 1 1 9 1 2 2 1 4 2 9 3 2 2 2 1 1 1 2 97 2 1 2 1 1 4 2 1 1 7 1 4 2 7 1 1 1 1 3 2 1 4 2 11 1 5 3 2 1 2 6 7 1 57 25 7 1
1 2 3 16 4 1 1 1 3 4 9 1 1 2 2 1 2 5 1 1 2 2 7 2 2 1 13 46 51 2 2 1 3 8 5 1 5 1 1 4 1 1 1 5 2 65 1 2 2 2 1 5 11 1 2 2 1 6 1 3 2 2 1 1 1 37 1 4 1 120 2 2 1 1 9 1 6 5 10 12 2 1 2 1 1 2 26 1 2 4 3 4 2 4 1 1 5 22 12 2 4 25 1 1 3 1 4 15 11 26 1 1 3 1 1 1 2 8 2 2 16 1 431 1 2 4 2 2 1 2 1 1 1 3 5 6 1 1 7 36 4 1 1 2 16 13 5 10 2 154 1 72 4 2 2 3 3 1 1 2 2 6 1 1 5 3 1 2 7 2 12 2 8 1 11 1 1 1 1 2 20 166 7 1 4 2 1 1 5 4 17 72 2 3 2 6 1 4 2 1
1 31 1 1 1 1 1 2 4 3 2 1 2 2 2 4 2 7 395 217 1 1 2 4 2 9 1 1 2 1 1 2 9 6 22 4 11 368 14 2 2 4 3 1 3 3 2 6 5 3 2 1 7 2 21 2 1 2 56 3 1 2 1 2 1 1 5 1 2 1 2 10 10 2 6 2 1 15 1 4 3 2 16 1 4 1 1 5 3 1 1 2 1 1 2 20 1 1 2 14 1 2 1 1 7 1 2 1 1 3 5 1 1 1 1 1 2 2 4 1 1 27 2 1 3 21 2 7 1 1 2 1 8 32 1 17 3 1 4 1 2 2 1 1 2 11 1 8 7 2 22 1 1 1 2 1 2 1 1 1 5 13 4 6 5 2 1 1 1 5 4 1 5 21 4 1 7 2 39 3 6 2 2 126 1 1 1 2 3 3 6 1 2 68 1 5 3 8 2 7
2 1 5 328 1 1 1 11 2 2 1 2 2 1 1 2 2 2 2 21 2 42 1 17 1 4 1 2 3 2 4 31 17 7 2 2 2 1 2 2 1 3 2 1 3 2 1 1 2 2 121 5 3 2 1 1 1 3 5 1 1 1 3 1 5 1 68 10 8 9 2 1 1 246 1 1 2 1 1 2 1 2 11 4 9 7 21 10 2 3 3 2 3 2 2 7 1 2 2 1 2 21 37 1 2 7 1 1 5 4 2 2 3 2 66 1 6 3 8 2 7 6 3 4 10 8 9 2 3 1 2 1 1 7 1 2 2 2 1 3 1 4 1 5 2 1 2 1 2 2 1 1 2 3 4 2 1 1 1 8 10 1 2 1 8 1 91 2 2 2 3 2 5 10 2 1 2 3 1 2 3 1 1 6 1 1 2 1 4 3 2 1 2 2 10 1 1 2 8 3
1 2 1 2 2 2 21 4 9 2 2 1 11 2 1 13 10 1 2 2 1 3 1 1 4 1 5 2 2 1 2 2 3 1 1 2 1 1 1 1 36 3 5 1 1 1 1 1 5 5 1 21 3 1 2 1 3 3 2 1 17 20 3 3 2 1 2 2 1 6 5 1 1 1 1 4 1 1 10 1 1 6 3 1 2 1 2 2 1 1 6 2 2 3 3 1 2 2 1 2 2 2 5 1 2 1 3 2 1 2 9 1 2 2 2 1 2 3 1 1 1 166 1 1 1 15 3 1 4 3 2 1 2 3 7 2 2 3 1 2 1 3 1 2 2 9 2 3 1 2 1 1 5 2 1 2 1 2 2 1 1 1 4 1 1 2 1 12 1 2 3 1 1 2 1 1 9 4 3 1 3 29 1 1 1 4 2 2 23 3 3 2 2 2 12 1 3 2 2 4
2 2 1 3 2 1 7 1 1 1 1 7 1 4 1 1 1 2 47 3 1 1 1 1 1 3 1 2 6 2 3 1 9 3 1 6 2 50 1 1 3 8 1 1 2 8 3 2 2 3 1 2 1 5 3 7 2 2 3 6 1 2 3 1 1 3 2 1 1 6 1 4 21 4 1 1 2 3 2 2 1 3 19 1 1 1 7 1 1 1 1 3 6 3 1 1 1 2 3 56 1 2 1 1 35 5 1 3 8 2 2 3 1 3 1 3 2 1 1 10 2 1 6 3 1 1 11 6 2 1 8 4 2 1 3 5 2 1 6 1 4 3 6 7 1 1 16 1 2 10 4 2 1 4 1 4 6 1 1 2 1 3 7 12 3 1 1 1 5 1 4 5 2 3 1 1 1 2 98 1 1 10 2 3 3 1 6 1 3 5 2 2 1 2 1 2 2 1 1 6
1 1 1 3 2 3 2 2 48 2 1 1 2 3 1 3 1 2 6 8 2 69 1 2 3 4 3 2 1 1 1 1 2 1 2 4 1 16 21 1 1 8 1 2 2 56 2 2 10 15 2 2 16 6 2 3 3 1 5 1 2 3 2 1 3 2 2 14 55 2 1 1 1 2 3 2 2 2 8 2 3 1 1 1 61 2 16 6 2 2 2 8 3 3 1 1 1 5 2 1 1 2 2 2 2 2 2 3 9 1 6 1 1 1 7 3 1 2 1 2 1 5 27 1 5 11 3 1 1 2 2 1 6 1 1 6 1 3 2 3 1 1 1 2 1 2 3 3 3 2 6 1 12 2 142 10 2 1 1 4 2 3 2 1 3 33 1 1 174 10 5 47 2 2 2 1 1 2 3 2 1 9 8 3 1 5 2 1 2 2 4 3 4 1 1 3 1 3 1 1
5 1 1 5 3 1 1 1 3 2 6 2 2 5 1 1 5 2 3 1 1 2 2 1 4 1 1 2 2 1 1 23 6 46 7 5 1 1 1 6 1 2 6 1 4 3 12 1 1 2 1 7 1 2 1 2 1 4 1 2 1 7 42 1 1 1 3 1 16 2 1 6 1 12 15 18 1 5 6 7 7 8 2 5 5 102 2 1 1 2 1 1 2 1 2 7 2 1 8 2 20 2 75 1 1 1 2 1 2 6 1 2 1 3 1 1 1 2 5 2 3 1 7 1 1 1 3 1 2 1 14 2 7 1 5 4 3 2 1 1 2 2 2 3 1 2 1 1 3 1 2 20 7 6 8 1 3 1 1 6 2 2 6 1 6 7 1 12 2 4 1 1 1 12 1 1 1 2 4 8 3 2 4 6 4 1 3 2 1 1 2 4 7 5 46 4 2 1 2 2
2 4 5 1 4 2 1 1 6 3 1 4 2 1 1 6 2 2 17 3 1 2 2 8 3 2 2 1 1 3 3 2 1 2 3 1 2 1 96 1 2 2 2 2 2 1 1 1 14 4 2 1 3 20 7 2 2 3 4 1 5 2 1 1 1 2 1 3 3 1 6 3 1 6 4 2 2 2 1 2 2 2 1 1 2 2 5 14 4 1 5 1 1 1 2 2 3 2 2 2 2 1 2 1 29 2 4 1 1 3 3 5 3 2 1 2 3 1 12 1 3 1 2 2 2 1 4 1 1 1 6 6 2 1 12 1 3 1 12 2 2 7 1 31 2 3 1 1 2 2 3 11 6 1 2 4 2 2 1 4 4 1 1 1 2 2 2 1 1 9 3 2 39 3 6 5 2 85 2 2 3 1 1 1 1 2 2 4 2 1 17 2 3 3 13 1 2 1 5 26
1 1 1 2 2 1 1 2 2 1 2 1 3 1 11 1 1 1 2 4 1 9 21 24 2 8 1 4 2 16 1 1 12 2 1 7 1 1 1 22 29 1 1 1 10 2 3 1 3 12 3 2 4 1 3 2 3 13 2 4 3 3 2 4 5 1 1 2 1 2 2 6 2 3 1 1 2 1 2 4 2 3 1 2 1 2 2 1 1 2 2 1 3 1 1 3 3 4 1 15 3 55 28 8 12 2 1 2 3 2 60 2 1 1 1 3 1 2 1 1 5 1 3 1 3 4 1 3 2 7 13 3 2 181 1 7 2 347 1 1 2 3 6 3 7 1 1 1 2 1 3 1 4 4 1 1 2 5 3 4 2 1 111 9 3 6 3 2 6 2 1 3 2 1 1 3 3 1 1 2 2 5 2 3 1 2 3 1 7 2 13 2 12 4 1 2 53 2 3 44
2 1 1 3 33 12 4 1 2 1 12 2 1 1 1 2 1 4 4 3 5 7 1 1 1 2 1 6 1 15 1 8 1 1 10 1 1 6 2 1 1 2 2 1 1 1 5 5 12 2 1 1 12 1 5 1 1 2 1 2 2 1 1 4 1 1 4 2 4 2 6 1 3 3 2 1 2 2 5 1 2 3 2 3 3 1 6 4 4 2 1 15 5 1 1 2 5 61 1 6 1 1 1 2 1 1 1 1 2 12 2 14 1 201 1 1 9 1 1 19 5 1 3 2 3 3 1 2 5 2 3 3 2 2 1 2 7 2 6 2 6 2 1 1 3 1 2 2 4 3 1 1 5 3 13 2 2 1 7 2 6 2 4 2 3 3 4 4 3 4 1 1 1 1 2 3 3 2 13 24 3 4 21 1 3 2 1 3 4 1 1 2 4 1 6 3 2 2 2 2
1 1 2 1 2 3 1 2 1 10 2 2 2 15 2 1 1 2 2 3 2 11 4 7 1 2 2 2 3 14 1 13 2 5 1 2 1 5 1 2 4 4 1 26 1 1 3 2 3 1 2 1 1 5 1 1 2 6 7 2 2 2 1 42 2 7 6 10 2 4 1 2 1 2 1 1 1 1 1 1 3 7 2 1 1 1 2 8 1 1 1 28 2 8 2 1 3 3 2 1 10 2 1 2 1 16 2 2 12 3 1 2 4 2 162 3 5 3 30 2 6 4 51 2 1 4 1 1 1 1 1 46 2 1 2 4 62 1 2 7 4 1 1 1 2 18 15 1 1 2 2 3 1 108 3 2 7 1 1 2 5 3 1 2 4 8 2 3 1 1 2 9 2 5 2 7 1 5 1 2 3 2 2 1 1 2 1 1 1 1 4 1 14 1 35 2 3 1 1 168
2 2 1 1 2 2 3 5 2 22 2 3 5 3 2 2 1 2 29 2 2 7 4 1 1 1 1 4 3 1 2 3 3 3 5 1 92 3 4 1 7 2 1 1 2 5 13 12 1 2 3 4 21 9 4 18 2 20 6 2 7 2 1 3 1 1 2 4 1 7 1 1 1 187 2 10 3 2 3 3 2 2 2 1 1 22 1 2 1 23 1 1 2 2 2 4 14 1 1 2 1 12 3 4 1 2 2 19 1 2 7 3 5 3 3 3 1 14 2 2 2 112 11 1 21 1 4 1 1 2 1 1 107 3 111 1 2 4 1 8 3 5 3 2 2 6 1 2 3 62 3 5 2 3 2 4 3 2 2 3 1 1 1 1 3 5 1 2 5 6 35 12 3 1 1 1 2 3 3 70 1 5 2 1 1 3 1 2 3 1 3 2 1 3 2 1 2 2 1 4
1 1 1 11 1 1 2 1 1 2 1 2 1 13 2 9 7 10 5 9 2 1 4 3 1 2 5 1 1 3 2 3 9 1 3 3 5 10 2 1 2 1 1 53 1 9 12 1 3 2 2 1 3 2 1 1 6 7 2 3 3 13 1 12 1 12 1 1 1 4 1 1 8 1 2 2 1 2 2 5 6 1 64 1 2 5 2 1 6 1 2 5 2 2 1 1 1 1 2 2 2 121 2 3 2 2 6 1 1 1 1 3 5 8 1 2 4 3 3 2 2 1 1 4 3 1 2 1 4 4 9 2 10 1 1 2 7 4 3 2 3 3 3 1 1 6 53 2 2 10 77 9 1 2 2 4 4 2 7 2 2 6 1 2 1 10 2 11 1 2 2 3 3 4 2 12 1 7 32 13 5 1 5 2 1 1 2 1 1 2 6 7 1 43 87 2 4 3 16 4
1 4 2 1 2 9 2 3 1 2 1 2 1 1 10 1 2 4 2 2 3 1 4 13 1 1 46 5 5 2 1 2 1 2 1 2 14 1 1 2 19 5 5 10 3 93 2 1 10 4 2 4 2 1 5 2 1 5 10 8 1 1 2 9 89 1 5 1 8 4 2 5 1 1 2 1 2 2 6 1 9 1 1 4 3 2 278 2 1 4 2 1 8 3 7 6 1 1 3 2 2 2 3 5 1 3 2 2 1 3 4 4 1 10 1 3 4 1 1 2 5 2 2 19 1 2 1 1 2 1 46 10 1 1 1 2 7 3 5 1 5 2 1 4 2 2 4 1 3 3 1 1 2 10 3 7 3 14 32 4 1 13 1 5 2 1 2 3 2 1 1 1 2 3 1 2 6 2 2 2 5 9 2 2 2 2 2 3 1 1 1 1 1 2 2 1 1 22 3 2
4 1 68 3 2 47 1 20 7 1 1 3 1 1 3 3 9 11 2 3 3 1 2 3 2 2 4 11 2 5 1 1 6 5 1 3 2 1 4 96 2 2 6 1 1 2 1 15 1 10 4 2 1 2 5 1 3 3 1 2 2 6 5 3 2 3 7 7 1 5 2 5 1 3 12 2 2 16 2 3 7 2 1 2 3 3 51 2 1 3 1 2 1 1 16 1 2 2 1 2 1 2 17 9 2 1 23 4 4 1 3 9 2 2 23 1 1 1 1 3 1 3 2 1 7 1 2 2 2 1 2 7 2 1 1 2 3 1 15 1 2 4 1 4 1 1 3 1 1 3 2 2 6 4 1 1 1 5 2 1 1 2 18 2 19 5 2 2 3 3 43 1 2 3 2 18 3 3 2 4 1 1 1 4 4 4 1 13 1 1 2 4 1 2 1 19 3 1 3 3
2 3 4 3 2 1 2 259 1 1 2 1 1 1 62 2 2 5 4 1 8 142 2 2 1 2 8 3 4 1 1 2 5 6 2 1 60 2 3 2 1 2 2 12 4 1 2 2 2 4 9 1 1 4 3 1 1 10 2 12 2 2 5 1 6 2 1 9 1 2 2 2 2 1 4 3 2 3 1 19 1 7 2 1 3 2 1 1 2 3 31 2 4 2 2 16 2 3 2 66 1 1 6 2 190 3 6 2 2 5 2 15 1 1 2 2 3 6 2 3 3 1 1 4 2 1 2 1 1 2 38 2 4 2 2 1 3 2 7 1 2 8 2 38 1 7 27 4 3 3 3 2 1 2 1 4 3 12 3 1 2 2 7 2 2 2 4 1 2 2 2 2 2 13 6 1 2 5 1 1 4 3 2 3 3 3 3 1 1 1 4 2 12 2 2 1 4 4 3 1
19 5 2 1 18 4 11 1 5 1 2 1 49 2 1 2 1 1 1 1 1 14 1 8 2 1 1 2 2 3 3 1 1 1 3 1 2 116 24 1 10 1 1 4 31 1 1 66 2 3 13 1 16 2 2 3 2 2 18 1 2 2 4 2 4 2 3 17 12 2 2 2 4 2 2 2 1 118 3 1 4 1 1 1 9 2 1 10 1 2 1 3 4 11 2 1 2 5 5 2 4 1 2 3 1 1 2 2 1 8 2 2 2 1 1 4 3 1 2 2 7 3 4 2 1 7 23 1 1 2 1 2 3 1 3 1 3 2 1 1 1 2 4 4 1 3 6 2 1 1 1 1 5 2 1 1 3 2 8 1 19 5 2 2 1 2 2 23 2 2 2 27 5 1 3 1 1 3 2 1 1 2 1 1 4 1 2 3 20 2 1 2 3 1 4 1 3 4 2 4
6 1 3 3 64 13 2 2 128 5 1 2 1 1 2 1 1 1 7 3 1 1 6 1 3 10 2 1 3 1 2 5 3 18 75 2 2 22 31 7 2 1 11 6 1 2 434 1 2 1 1 6 1 2 4 3 10 2 16 5 1 1 1 2 2 2 20 2 1 11 2 5 1 3 6 2 1 1 1 13 1 2 1 1 1 32 19 6 1 1 2 2 2 13 463 2 289 2 1 2 1 2 7 11 1 1 2 5 8 1 2 6 3 1 2 4 1 23 45 2 2 5 2 15 45 1 1 1 1 24 72 2 2 1 54 8 3 4 3 3 3 1 11 2 1 1 1 11 1 3 1 4 13 3 2 2 2 1 3 1 3 1 2 1 3 1 1 159 2 2 1 2 1 6 3 1 2 10 1 1 3 2 1 6 3 28 1 26 3 16 1 2 1 4 9 57 4 1 3 1
6 1 1 2 1 1 1 1 1 1 4 1 24 28 1 5 2 3 1 3 1 8 9 3 2 7 2 3 1 2 2 1 1 22 1 1 2 1 29 2 2 1 1 5 2 3 6 1 1 8 11 2 14 12 2 3 3 3 1 2 4 1 55 3 2 11 2 2 3 2 4 3 4 2 6 7 2 1 1 189 1 3 15 3 3 3 3 1 1 1 1 4 3 4 2 10 1 2 2 2 46 3 2 5 6 1 4 4 3 1 2 2 3 15 2 1 3 1 8 2 2 5 8 13 1 1 2 1 1 1 4 4 5 11 3 2 1 2 66 1 1 1 2 6 21 75 8 2 1 9 3 1 1 3 2 5 1 1 17 1 4 135 2 2 1 9 2 1 2 2 1 1 18 2 4 5 1 2 1 1 3 2 1 2 5 2 2 1 1 3 25 8 2 7 1 3 5 4 10 2
1 3 71 1 2 2 3 2 5 1 2 1 1 1 2 104 1 3 2 4 3 2 20 1 2 2 4 2 2 99 48 8 1 6 1 1 1 2 2 2 1 2 4 31 7 3 3 2 1 1 1 3 36 7 67 2 1 2 3 6 2 44 7 10 2 2 1 2 1 1 2 1 2 6 1 6 2 1 8 79 1 2 15 1 16 2 1 1 3 2 1 5 7 2 2 1 2 6 1 1 12 1 2 11 3 1 3 2 8 2 3 3 11 1 1 6 1 2 2 3 1 3 3 9 1 7 9 2 2 9 4 2 5 5 21 1 2 2 42 2 1 2 1 12 3 5 9 1 4 22 4 2 1 2 2 2 4 2 6 3 3 2 1 1 27 2 6 3 4 1 1 1 1 1 1 1 1 8 1 2 1 3 2 2 1 5 4 2 2 3 3 5 1 1 6 4 1 204 3 3
2 4 2 22 3 1 23 2 2 1 1 18 1 6 5 2 3 2 1 1 5 10 1 3 2 1 3 3 67 3 233 1 1 2 1 1 1 3 2 57 1 5 11 5 1 2 32 3 1 1 2 2 1 1 4 2 2 44 2 1 2 2 1 9 2 1 2 2 13 2 1 14 2 2 4 2 1 2 4 1 1 2 4 2 3 1 1 1 1 1 1 1 5 2 1 10 2 2 1 1 2 3 3 1 1 2 1 1 6 2 4 15 2 5 1 2 2 2 23 3 1 44 2 5 4 3 2 2 1 17 16 6 5 6 1 2 3 11 2 2 1 3 2 3 2 1 1 3 2 1 25 2 1 2 2 1 27 4 2 1 2 2 2 2 1 1 2 1 1 6 2 2 6 1 1 1 1 1 9 3 3 5 3 2 7 1 19 1 1 4 3 16 2 1 2 1 2 1 3 5
2 2 2 1 8 1 3 2 1 4 1 2 2 8 1 1 3 3 2 1 40 1 3 71 1 3 1 1 65 3 1 1 1 2 1 1 1 2 1 17 1 5 1 1 6 1 4 1 1 181 2 6 1 2 3 2 1 1 1 1 2 6 1 3 2 2 28 32 11 1 3 7 1 1 4 1 8 1 2 1 1 3 2 9 1 1 3 1 107 4 2 3 5 1 1 1 1 1 5 3 1 1 5 1 1 4 1 4 14 1 2 2 1 1 2 272 1 2 6 3 1 1 2 2 3 1 4 1 1 3 19 2 2 2 6 30 1 1 2 1 9 1 1 2 3 1 7 4 1 6 1 3 1 1 1 1 2 3 2 1 1 1 1 8 1 2 2 26 3 2 2 4 1 3 2 3 2 9 1 5 1 1 1 1 1 2 1 1 1 2 4 2 2 2 1 1 2 1 2 1
1 4 2 1 15 2 25 2 71 1 5 1 1 7 1 12 4 1 1 1 3 2 3 3 2 1 23 2 1 1 3 1 1 1 2 1 1 1 2 1 1 2 43 1 1 14 1 2 1 2 1 7 3 1 2 1 5 1 3 1 2 4 2 1 4 1 13 1 2 1 2 5 18 1 9 1 3 1 5 7 2 1 2 1 1 2 1 1 1 10 3 7 3 1 12 22 2 2 2 2 1 5 4 1 1 8 2 15 1 1 3 2 2 2 6 7 1 16 2 1 2 4 1 5 1 2 2 1 3 2 3 2 7 2 2 3 8 2 2 1 2 46 4 4 2 2 1 1 1 16 3 2 3 3 4 1 2 13 3 1 4 3 3 2 2 1 10 2 2 29 4 2 3 3 2 1 24 1 2 1 2 3 1 4 1 3 11 1 1 1 22 10 40 10 3 3 3 19 1 2
6 1 1 1 4 1 3 2 5 1 6 1 2 4 8 2 2 1 1 1 3 1 6 1 1 14 4 1 2 3 2 2 2 1 21 8 4 4 3 2 1 1 7 2 1 5 4 1 3 1 2 7 1 12 1 38 1 3 11 1 2 4 3 12 41 1 4 1 2 2 3 3 1 2 1 1 3 2 11 1 1 2 9 1 2 2 2 2 1 1 3 2 2 5 4 1 3 1 2 24 1 1 1 7 6 5 2 1 17 3 5 2 2 1 1 1 4 1 1 2 1 2 2 6 2 1 3 2 21 138 2 7 2 2 1 1 236 4 1 8 2 1 2 8 4 1 7 1 5 1 2 1 3 2 4 1 1 2 4 2 1 3 1 1 1 2 15 6 3 3 1 3 4 6 2 2 4 1 1 5 4 3 2 2 2 3 2 1 91 1 6 3 1 3 398 1 2 11 1 1
1 1 1 2 2 1 22 5 2 2 5 1 2 4 1 1 2 1 1 2 3 1 1 2 3 22 2 1 1 1 1 2 4 2 56 1 2 62 4 10 1 2 10 2 2 1 2 3 3 8 2 1 9 10 1 1 1 2 2 2 1 64 1 4 1 18 10 1 1 2 5 3 1 1 1 2 24 5 4 4 2 146 1 3 1 1 1 1 4 2 2 2 3 1 15 2 1 1 1 1 2 1 1 1 4 4 1 9 1 7 1 29 2 6 13 1 2 2 30 1 2 10 1 2 2 1 3 1 14 3 1 3 118 2 3 1 1 1 1 1 1 1 1 3 1 4 3 2 3 6 1 15 1 1 5 4 8 3 1 2 9 3 3 3 2 11 2 6 1 37 1 2 3 2 5 1 5 1 1 1 3 1 2 3 2 1 1 6 1 21 1 2 47 2 1 3 3 3 2 3
4 4 1 2 1 5 3 2 9 5 2 2 1 18 2 1 2 11 1 2 3 1 1 2 1 2 1 3 1 1 1 3 1 81 2 39 2 4 2 1 8 4 2 1 1 2 2 4 3 4 5 25 2 4 17 1 2 5 1 1 1 3 1 1 7 1 3 1 3 2 1 1 1 2 7 1 1 1 9 1 2 1 84 1 14 8 8 2 2 1 4 2 8 1 29 30 3 3 16 2 2 19 3 1 3 2 6 2 3 28 8 6 2 2 5 2 1 3 1 1 2 2 2 14 1 1 1 3 1 2 2 1 2 1 1 2 2 8 1 1 3 2 2 2 3 29 2 1 25 2 1 1 1 5 4 2 4 2 1 4 1 5 1 2 12 2 3 1 4 1 6 5 2 25 3 3 1 1 2 2 1 3 1 97 1 2 9 1 1 1 1 1 3 3 2 1 10 1 2 2
1 3 2 1 1 1 14 1 1 2 3 1 2 1 1 6 2 3 1 1 3 2 1 3 1 1 3 2 5 1 1 2 3 7 1 1 2 1 3 1 10 1 19 2 3 15 2 4 5 2 29 1 11 2 2 52 10 1 3 7 6 1 2 3 4 2 2 4 4 1 3 2 2 5 6 1 2 1 14 6 1 2 1 1 1 1 1 2 2 5 1 1 1 1 2 1 1 1 2 2 2 1 2 1 4 1 2 1 39 4 1 116 2 3 2 5 1 22 1 1 3 1 5 2 3 2 3 1 5 2 2 1 1 1 3 2 4 1 1 1 5 9 2 24 6 8 6 4 3 8 1 2 3 1 3 1 1 2 10 1 6 1 1 2 1 2 1 11 22 5 4 1 1 2 2 1 1 2 2 13 1 1 1 2 2 4 2 2 2 2 1 7 2 1 2 2 2 21 2 1
18 1 19 282 1 35 1 1 7 1 4 1 1 1 2 5 4 13 2 2 3 5 12 5 1 1 5 4 2 13 1 7 3 1 24 15 6 3 10 2 17 1 2 14 2 3 1 5 1 6 7 1 2 3 1 1 1 7 1 45 1 1 2 1 1 2 3 1 3 3 5 1 2 2 2 6 2 2 1 1 1 1 1 2 7 2 4 1 3 1 2 5 1 3 2 2 1 2 2 1 1 3 2 9 1 1 4 1 1 4 3 1 1 5 2 1 3 1 3 3 4 1 1 2 5 51 1 8 3 5 131 6 1 2 4 2 4 2 19 1 4 1 2 2 6 3 5 3 1 2 2 10 1 2 1 1 3 4 1 1 2 3 2 3 2 1 1 3 15 5 1 1 22 9 69 2 7 2 3 11 2 3 1 2 2 6 3 4 5 2 5 5 5 4 1 10 2 13 1 2
2 1 2 3 9 2 3 1 8 2 1 4 1 4 5 15 1 14 6 3 3 1 2 2 1 3 16 1 3 1 3 2 2 1 1 1 10 1 12 1 2 4 5 1 1 2 3 1 2 3 2 10 1 1 5 1 3 23 1 1 1 20 1 2 2 2 2 2 4 1 1 2 24 3 6 1 1 1 2 2 2 9 17 2 3 1 2 6 1 1 1 2 11 2 5 2 2 1 2 3 11 3 7 2 1 1 4 4 4 2 20 3 1 2 3 4 2 2 1 2 8 2 3 1 1 1 2 1 13 2 5 1 7 17 3 1 2 20 1 1 5 1 82 2 5 1 1 8 1 1 8 245 2 1 6 5 2 3 3 2 1 2 2 1 5 3 2 2 1 2 2 5 1 2 4 2 16 2 1 1 4 1 13 257 1 12 4 2 1 2 1 2 2 2 2 6 3 1 6 15
2 3 7 6 3 325 1 3 4 57 4 1 3 1 4 2 1 1 1 2 3 5 2 11 2 3 10 2 26 1 5 2 2 2 6 1 1 2 2 1 2 2 3 1 1 3 1 1 23 1 1 2 5 3 2 2 2 2 6 1 1 453 2 1 23 1 3 3 2 3 1 1 3 3 1 1 11 5 3 2 3 1 2 1 2 1 1 4 1 2 44 4 2 5 1 2 2 1 1 4 6 1 13 1 2 2 3 2 7 1 1 8 3 4 4 150 1 2 1 1 1 3 2 1 6 1 3 1 1 1 8 1 1 1 9 1 2 3 3 2 8 1 4 2 2 4 2 1 7 11 7 9 1 2 42 3 1 1 4 2 1 2 2 1 1 1 5 4 2 4 1 1 4 3 1 4 2 2 1 3 2 2 2 2 1 18 2 1 3 72 6 14 4 3 1 1 2 2 4 2
2 2 1 45 1 1 1 2 6 10 3 4 2 1 1 2 1 1 8 2 2 2 33 1 2 8 1 1 3 1 121 1 3 2 1 1 1 1 3 1 2 11 2 2 1 1 2 6 2 4 2 2 2 7 2 1 2 1 4 12 18 1 4 1 1 1 1 1 1 1 2 5 3 3 12 1 2 3 7 3 2 2 23 2 7 6 4 12 20 4 2 2 1 1 3 2 12 22 1 2 2 1 2 1 3 1 2 15 4 1 1 3 4 1 2 2 1 1 18 3 1 1 2 1 3 4 11 1 1 2 1 1 5 4 2 3 2 1 3 1 1 34 1 3 3 1 2 1 1 3 12 4 2 1 5 2 2 2 9 2 6 2 3 1 2 2 1 3 2 2 1 1 16 1 4 2 1 1 1 3 2 1 32 2 1 9 10 2 1 60 1 1 1 283 1 1 1 6 2 2
1 91 1 1 2 10 10 1 3 4 25 2 2 1 2 2 3 1 4 21 1 5 4 2 1 2 19 3 29 2 12 1 103 1 2 10 2 3 1 2 1 2 5 1 1 1 2 25 2 1 1 2 1 5 6 1 1 8 59 4 3 2 2 2 3 2 2 1 1 1 3 340 7 1 1 2 2 3 1 4 3 4 1 2 1 1 1 2 1 18 1 1 2 1 1 6 1 2 2 4 3 4 2 1 61 14 1 1 3 8 3 1 3 1 8 9 3 11 5 4 7 2 2 4 35 1 1 1 2 1 3 2 2 5 4 7 2 2 1 154 3 7 1 2 21 1 2 1 2 1 1 2 3 4 1 1 1 4 1 3 2 3 4 6 3 9 15 7 1 4 1 1 2 4 1 1 1 5 1 1 1 1 36 2 29 1 10 1 1 1 3 119 5 2 1 1 1 5 10 1
2 2 1 4 3 10 2 1 3 1 2 4 2 19 2 1 4 1 1 3 2 2 2 1 3 8 3 1 3 4 8 3 5 60 1 1 3 21 13 1 1 6 2 6 2 2 20 37 5 3 1 3 4 6 5 2 1 1 2 3 2 1 1 1 2 1 2 2 2 5 1 5 1 1 2 1 1 1 1 3 1 1 3 1 211 1 4 2 2 1 1 1 2 2 2 2 2 5 1 2 3 315 1 2 2 2 3 2 5 2 2 2 12 1 4 2 2 1 3 1 1 2 1 3 7 1 1 3 1 2 1 2 1 2 1 1 1 1 3 1 3 2 12 2 3 1 2 1 4 1 3 1 2 1 2 2 2 8 1 2 5 4 3 2 2 1 2 16 3 1 2 3 2 1 1 4 6 7 2 4 9 12 6 1 1 2 1 3 1 1 2 8 7 48 3 1 49 24 1 1
2 1 2 1 1 3 12 27 1 2 2 2 3 1 3 2 1 8 2 8 3 4 3 2 2 9 2 1 4 2 3 2 17 1 1 2 1 30 3 1 1 26 1 2 1 2 1 2 3 1 3 2 1 1 4 2 4 2 1 2 1 4 1 2 1 1 1 1 6 2 2 3 2 5 10 5 1 24 2 1 1 5 1 4 1 3 156 2 3 1 6 1 2 4 1 1 1 1 9 14 14 2 1 3 2 2 58 3 1 8 2 2 3 1 1 3 1 4 8 3 8 9 1 2 1 39 3 2 5 1 1 4 4 1 1 3 1 2 3 3 2 2 1 1 9 6 2 1 10 1 2 5 353 5 2 4 5 7 1 1 1 5 1 2 2 9 3 1 3 4 1 12 4 2 1 1 2 2 7 1 2 2 5 2 2 2 13 3 1 1 1 1 1 8 1 3 1 17 16 1
1 1 1 1 1 5 2 2 2 2 2 12 2 1 4 16 37 1 3 6 1 1 1 1 23 1 2 5 3 8 20 1 2 7 5 30 1 2 1 1 2 9 2 2 16 1 1 1 1 4 6 2 2 1 1 12 2 2 2 2 1 2 3 28 1 4 2 3 1 2 1 2 1 2 3 2 8 2 5 3 1 3 14 15 4 1 1 2 1 1 3 1 1 1 4 9 1 3 33 2 5 2 1 4 2 5 1 6 2 1 1 3 2 2 6 2 3 2 1 13 1 3 1 2 2 2 30 2 5 3 2 2 1 2 2 2 7 27 2 7 1 3 2 48 3 10 7 187 1 23 8 2 3 2 2 2 2 2 3 8 5 1 5 1 2 2 1 2 3 1 1 28 4 9 1 1 4 2 7 2 4 2 9 1 59 8 8 1 1 3 21 5 4 7 5 1 14 1 1 1
2 3 4 2 1 11 1 16 2 1 3 11 1 1 4 1 1 3 2 60 6 4 1 2 14 2 1 4 2 2 2 3 2 2 1 3 15 3 4 9 64 1 1 2 1 1 1 3 1 1 8 1 16 2 3 12 3 2 23 6 2 108 2 5 5 2 1 1 1 1 4 1 2 2 2 32 3 1 1 10 2 2 1 1 1 2 2 5 1 1 2 2 3 56 7 1 1 1 4 2 2 11 1 2 2 2 1 10 2 1 4 5 2 2 3 7 4 1 1 2 1 2 2 2 2 6 13 2 1 3 2 5 2 2 2 4 1 2 3 2 2 1 1 4 3 2 1 2 1 1 2 1 1 2 2 10 5 3 7 2 2 7 1 2 2 5 1 2 1 11 18 1 5 2 32 4 4 1 2 8 1 3 1 1 4 1 1 1 1 1 8 1 4 2 5 3 2 2 1 2
1 2 3 3 1 1 2 2 2 7 1 2 3 2 2 3 1 3 1 3 1 3 2 4 2 7 2 2 2 4 1 1 4 1 1 1 2 1 2 8 4 1 2 15 2 1 5 5 4 30 1 30 1 3 5 1 2 4 1 1 4 2 1 1 3 11 3 8 2 2 2 1 5 3 5 14 2 43 4 5 7 1 7 5 22 6 1 3 3 3 1 1 1 2 2 4 2 5 3 2 2 1 16 11 1 9 1 15 1 1 1 11 2 2 10 1 6 3 26 5 1 2 10 1 2 5 30 1 2 1 2 1 3 2 3 1 3 2 2 1 2 1 10 3 2 1 1 2 2 2 6 3 2 3 2 1 2 4 2 2 10 1 2 1 1 1 2 1 28 1 2 3 1 4 1 5 5 1 1 1 1 4 1 3 2 2 24 1 2 4 14 23 1 15 1 2 4 1 2 1
1 4 17 2 2 1 12 1 1 2 2 4 10 2 1 3 2 1 6 31 1 1 2 6 63 3 1 1 1 31 1 5 1 2 3 2 10 2 1 3 7 3 2 4 2 1 2 1 2 9 1 1 1 1 2 3 1 2 2 8 2 2 1 2 2 3 1 2 2 7 1 6 121 2 1 2 77 1 2 8 2 8 2 3 2 5 2 1 2 9 2 4 9 16 2 1 1 4 1 1 6 3 1 1 18 2 2 23 4 10 3 2 4 5 2 3 1 3 9 11 6 2 1 5 4 1 9 1 2 2 2 2 1 2 1 1 2 2 29 3 3 2 1 3 3 3 2 2 2 6 2 18 1 1 18 2 2 2 3 1 8 1 2 1 3 4 2 1 1 3 1 7 1 1 1 1 1 1 1 2 9 2 9 2 10 3 1 3 1 2 1 1 2 6 2 2 3 1 3 10
23 1 2 3 7 5 2 180 3 1 3 16 4 2 2 1 1 10 2 2 2 29 4 2 1 2 3 3 1 2 5 1 4 1 1 2 5 1 11 1 4 1 2 1 20 1 3 11 2 1 3 4 1 3 2 1 2 7 1 1 3 1 2 3 1 2 2 1 2 9 1 4 4 3 1 26 2 1 2 6 1 3 3 2 1 12 9 1 1 2 8 1 3 2 1 1 2 1 6 3 1 2 2 7 1 2 1 3 51 3 4 14 1 1 2 2 1 4 132 1 1 1 1 5 5 10 1 2 133 4 6 2 1 2 1 19 37 1 5 5 4 8 7 2 1 2 18 1 6 2 3 34 2 20 1 46 7 2 2 2 6 34 1 1 6 1 3 5 3 1 16 1 2 1 6 3 3 1 2 1 1 8 21 2 5 5 4 1 13 2 3 3 1 1 1 1 1 2 1 3
2 1 1 1 1 1 1 3 1 3 2 1 12 1 5 32 5 2 1 184 5 1 1 129 3 1 15 1 3 2 1 2 73 1 10 1 5 2 11 5 1 3 49 1 1 1 9 3 2 2 1 2 4 2 1 1 8 53 2 2 1 1 1 6 6 1 8 1 1 2 1 2 4 4 8 2 10 1 1 1 3 4 1 3 1 3 3 1 2 1 2 2 2 1 6 3 220 1 2 1 6 1 12 3 1 1 3 1 1 3 2 4 1 4 4 3 2 11 1 2 1 1 2 1 2 9 4 1 2 1 1 1 9 5 2 1 2 221 1 2 1 7 2 1 1 1 1 379 2 2 5 2 2 1 1 3 6 1 2 1 53 2 1 5 1 1 11 3 1 2 4 2 3 2 2 1 2 2 1 3 13 3 3 4 2 2 9 3 1 7 1 5 1 1 3 2 3 1 7 24
3 1 13 3 1 2 5 1 2 1 2 2 2 2 2 7 1 2 1 7 2 1 5 1 1 21 3 1 14 1 1 1 1 6 1 17 1 1 2 9 1 2 3 1 6 1 2 2 4 2 10 2 1 1 15 3 2 1 1 1 1 2 3 4 2 1 2 3 1 3 1 1 2 2 1 1 2 2 4 35 1 1 11 1 3 1 1 2 5 3 4 2 1 2 1 1 1 22 2 2 1 2 1 1 3 1 1 1 1 6 14 1 2 4 2 3 3 1 3 2 1 1 13 4 34 4 1 1 6 1 6 2 21 4 1 2 6 2 4 1 9 1 1 3 11 2 1 4 13 32 5 1 2 7 1 2 96 13 2 5 2 2 2 10 16 2 1 2 1 2 5 1 2 2 2 1 7 1 3 1 8 3 3 3 5 6 1 4 5 1 2 2 1 123 5 8 1 2 1 2
7 2 6 1 2 2 1 3 3 7 20 1 1 2 3 2 26 1 1 2 12 1 1 1 2 2 2 2 2 4 1 3 5 3 1 1 1 1 4 2 2 3 6 1 2 1 73 1 9 2 9 1 3 3 1 1 8 1 1 1 14 1 1 3 2 1 1 36 1 1 1 7 2 1 2 6 1 2 1 8 2 1 61 2 2 1 1 16 4 2 3 2 3 1 1 2 3 3 1 3 1 5 2 2 2 79 52 10 12 1 2 1 2 5 1 1 1 2 48 1 2 7 8 6 2 4 23 25 4 11 1 1 2 1 48 1 2 2 2 1 6 1 2 2 1 1 2 1 4 12 1 6 1 2 1 6 2 2 6 1 6 1 2 2 2 3 213 2 24 1 2 1 2 1 1 2 1 3 4 2 2 14 7 19 4 1 1 3 1 2 7 27 3 2 1 1 6 1 2 15
2 3 4 2 1 2 5 1 1 2 2 3 6 3 4 22 1 1 12 1 1 2 3 4 5 1 2 1 3 2 2 2 2 9 7 2 1 1 2 1 5 2 2 2 1 2 2 1 2 3 1 3 3 1 73 3 5 1 3 5 1 1 2 1 2 1 6 2 1 7 1 1 2 2 1 4 2 4 1 1 2 1 4 3 12 1 24 1 1 2 1 247 7 1 1 1 1 73 1 2 1 1 6 1 2 4 23 5 2 1 3 1 3 2 1 2 13 2 2 4 1 4 3 1 2 4 7 1 2 1 2 3 62 1 8 2 2 1 1 3 1 1 1 2 1 8 1 13 2 12 2 1 14 2 1 2 1 1 1 1 1 4 4 2 1 2 2 2 10 22 3 2 3 1 1 1 8 2 5 1 3 8 1 2 3 1 2 65 1 6 11 5 3 1 5 1 1 33 10 10
2 7 1 3 1 3 12 1 1 5 2 1 5 6 4 49 3 3 12 2 2 1 6 2 1 1 1 1 3 1 1 1 2 7 1 22 2 16 1 5 1 3 1 4 5 108 1 4 12 5 1 5 2 14 1 1 3 6 2 2 4 69 1 1 1 2 13 10 1 1 1 2 1 2 1 3 4 2 1 4 2 1 1 4 6 23 2 2 1 1 2 4 4 2 2 3 4 2 2 5 1 3 1 2 2 1 1 2 1 2 2 4 1 3 8 1 1 1 3 10 6 2 3 2 2 3 4 1 2 1 2 2 9 2 1 1 2 5 6 2 131 2 26 2 1 2 28 1 4 1 3 1 2 16 1 2 1 5 2 3 14 3 16 2 2 1 33 1 19 7 6 1 3 2 18 6 1 2 2 1 3 3 3 1 1 2 2 3 1 2 1 4 1 3 3 3 106 2 3 1
2 1 2 1 4 2 2 8 6 53 2 1 2 3 1 2 2 1 1 5 3 1 2 6 4 2 3 3 2 7 1 1 3 2 1 9 8 1 2 1 3 1 1 4 2 1 1 33 3 3 5 3 1 1 1 2 3 7 6 2 3 2 1 9 1 6 5 1 1 11 1 3 3 80 1 234 3 1 3 1 77 10 2 2 2 10 1 5 5 1 4 2 1 1 6 2 2 1 15 47 1 4 30 2 1 10 3 5 5 1 2 4 1 5 5 1 1 2 1 5 3 1 2 2 1 8 2 1 2 1 26 2 12 2 1 1 4 6 3 3 1 4 1 1 1 8 5 2 5 1 3 2 4 4 3 2 5 2 2 1 4 3 1 2 2 6 1 2 1 3 1 5 6 13 2 1 1 2 5 4 2 1 1 1 2 2 4 2 1 1 1 1 1 5 2 1 6 1 3 8
2 2 6 2 1 2 3 2 10 2 3 1 1 256 1 6 3 2 2 2 1 3 1 3 4 1 4 17 15 6 2 2 4 2 1 1 3 9 1 2 5 1 3 2 10 1 1 2 10 2 2 2 32 13 2 7 2 1 3 6 1 1 1 1 4 7 1 8 1 1 2 2 19 5 20 2 2 2 1 1 2 7 13 1 1 7 3 7 1 1 9 3 6 3 5 1 11 3 1 2 1 1 8 2 2 2 2 6 3 2 13 2 9 1 14 6 2 1 3 2 8 3 3 2 1 1 1 1 7 2 3 3 2 2 5 2 1 5 1 2 2 1 2 1 1 1 4 5 6 1 1 2 1 1 3 4 4 3 2 1 2 1 1 2 1 1 1 2 1 2 1 5 3 5 3 3 3 14 15 4 1 2 1 1 13 1 1 1 11 1 1 2 2 3 1 1 1 8 1 1
4 1 2 1 5 2 1 3 3 4 2 1 3 2 3 2 3 2 1 7 2 1 1 2 2 1 3 4 1 5 2 16 20 4 2 1 7 2 1 3 27 1 1 2 1 2 4 3 3 1 4 1 2 1 1 2 3 2 1 2 3 5 1 1 3 15 1 5 1 1 1 3 2 3 4 1 3 2 1 4 6 3 1 1 2 2 1 12 24 2 7 1 4 1 1 1 2 1 2 11 2 1 2 21 1 7 1 14 10 5 4 1 2 2 2 2 2 2 22 7 1 4 1 1 22 1 1 51 1 5 3 1 8 1 1 223 1 1 109 7 2 10 28 4 2 3 1 4 11 2 1 3 2 6 19 5 5 3 1 2 3 3 1 4 1 2 3 1 17 1 1 1 1 6 3 1 1 12 1 10 2 12 10 1 1 2 2 10 1 3 4 6 2 16 34 5 5 2 2 3
1 1 7 1 4 1 2 2 4 2 4 2 3 17 3 79 2 2 2 2 3 1 3 2 3 1 13 2 1 13 1 8 1 1 1 2 2 2 2 1 57 2 4 10 2 2 2 32 2 2 1 1 11 7 1 1 1 3 117 1 2 1 2 3 1 1 2 6 2 1 14 3 11 2 2 2 1 2 1 1 4 4 1 2 6 2 2 1 1 1 1 2 2 2 1 4 2 2 1 3 2 5 2 1 3 1 3 1 2 1 3 2 3 1 8 2 1 31 17 1 16 3 2 31 3 1 3 4 3 1 2 60 25 2 2 27 1 3 2 2 1 2 1 4 8 1 1 2 2 1 2 3 2 1 2 1 1 24 6 2 3 2 7 2 11 1 1 1 7 5 3 9 1 2 7 2 8 1 2 1 1 2 3 4 1 1 2 2 1 1 30 1 3 8 1 25 4 2 2 3
2 3 5 1 1 37 19 4 12 3 1 1 4 1 1 2 2 6 2 4 3 1 1 91 3 10 1 1 2 9 2 21 3 3 2 7 2 1 3 43 3 2 1 23 65 1 14 2 1 1 1 57 5 1 1 2 2 1 1 2 3 2 2 16 4 1 1 4 4 38 3 9 2 5 1 2 5 6 1 2 4 3 4 1 2 3 5 2 26 2 1 7 2 2 5 1 2 1 6 3 2 1 2 2 2 3 1 1 1 2 2 1 2 6 4 2 4 5 6 139 10 1 5 1 4 1 1 3 22 1 1 8 1 3 5 1 2 2 3 2 1 29 5 2 27 2 20 4 1 2 1 2 1 1 2 1 1 2 2 1 86 2 1 2 2 1 105 1 1 1 19 1 1 3 3 1 1 3 1 2 3 2 2 7 6 2 6 3 20 13 1 2 2 32 1 1 3 2 3 6
2 1 3 2 12 5 2 1 3 1 8 3 2 2 4 3 5 1 1 1 6 9 3 2 2 2 2 1 1 2 1 1 1 3 1 2 10 5 2 3 3 1 2 1 1 1 2 1 1 1 6 10 5 1 1 3 2 7 3 1 1 1 170 14 8 2 4 1 7 1 2 2 3 1 2 2 2 1 1 2 1 3 5 2 1 3 3 4 1 3 1 1 3 3 2 1 5 1 2 1 5 13 1 5 1 3 2 1 1 4 2 1 1 2 1 2 2 3 5 4 1 1 2 1 2 1 2 2 2 5 1 2 1 47 2 2 1 2 1 1 2 4 1 4 1 2 1 5 11 2 1 1 2 2 2 3 1 2 3 1 3 2 2 1 5 1 1 2 1 2 8 4 1 7 7 3 1 2 6 10 2 1 1 2 3 3 4 6 2 2 6 3 1 2 1 11 2 2 71 2
2 1 2 2 2 2 345 165 2 1 2 2 4 15 2 2 2 27 1 3 1 22 7 2 2 2 2 4 1 1 2 2 4 110 2 2 3 1 5 1 11 2 1 4 3 1 1 1 6 2 2 2 1 2 3 1 2 2 3 8 1 2 13 2 10 3 2 5 2 1 2 2 1 6 5 1 1 1 1 3 2 1 1 1 22 4 2 1 9 1 2 3 1 1 1 2 5 1 1 1 14 1 1 5 5 1 5 4 2 3 1 1 1 1 2 5 3 1 1 4 3 1 5 1 1 2 1 4 3 3 1 1 3 111 2 6 3 4 3 2 2 1 1 1 26 1 7 1 5 1 1 6 1 7 1 7 2 2 1 4 1 22 2 1 1 2 3 1 2 2 3 1 2 41 1 3 1 5 1 6 5 14 3 6 2 2 3 1 1 2 1 2 1 25 9 1 3 30 2 4
2 2 1 10 1 3 2 1 1 1 5 4 15 2 3 1 1 2 3 2 41 25 1 2 3 2 1 3 30 4 1 1 5 16 3 1 1 6 1 4 2 1 3 3 1 2 2 4 1 1 2 2 13 1 2 1 12 1 2 5 3 1 2 18 12 1 5 2 1 2 2 1 1 6 1 2 2 2 5 1 1 2 2 1 2 3 3 3 2 2 2 16 10 3 7 1 81 4 4 1 1 16 2 4 6 2 1 3 2 1 1 1 38 1 1 2 1 1 1 1 4 1 3 2 9 1 5 1 1 1 11 5 2 1 2 6 2 3 4 4 1 6 1 1 2 1 1 4 12 2 13 3 3 2 7 5 22 2 1 5 39 1 1 1 5 1 2 2 2 1 2 1 8 1 7 1 1 3 9 6 1 2 26 1 2 2 3 13 1 38 1 2 2 3 2 2 2 2 3 2
2 1 18 13 11 4 1 2 2 1 9 35 1 1 1 2 4 3 2 2 2 1 2 1 1 7 2 1 1 1 15 1 2 2 9 2 3 1 8 2 1 1 1 1 6 2 1 1 6 1 2 82 2 3 1 1 4 3 1 8 1 2 1 2 1 1 48 23 11 2 1 1 1 7 6 2 1 1 1 4 1 3 2 82 5 2 2 1 2 1 2 6 2 2 2 2 5 2 4 1 1 2 1 1 42 4 7 2 2 2 1 3 11 1 3 30 1 1 4 2 3 2 2 7 2 2 3 1 6 3 2 1 2 3 4 3 1 3 4 1 4 1 2 7 97 2 1 2 26 2 2 3 7 96 2 25 3 2 25 5 51 1 1 1 3 3 7 1 3 2 4 2 19 1 1 2 2 1 3 5 16 20 1 2 1 2 6 2 5 1 2 1 1 1 1 2 1 15 1 5
3 8 3 1 6 3 1 2 1 7 1 1 9 2 113 2 1 1 1 2 2 2 2 1 224 2 298 1 2 3 2 3 1 2 2 2 1 4 1 2 1 6 4 2 1 1 1 2 3 10 1 1 1 2 1 4 1 17 1 2 1 2 7 6 5 1 6 6 3 2 1 2 1 1 1 2 1 3 2 2 4 1 2 26 17 2 1 1 1 3 2 1 2 1 8 3 2 2 2 1 1 10 4 4 1 1 1 1 6 3 1 1 2 1 77 253 1 2 3 2 3 5 2 1 2 2 6 2 7 2 22 2 3 1 1 1 1 7 2 1 1 1 2 159 1 12 1 2 16 7 3 2 2 2 2 1 1 1 26 7 1 1 6 3 1 13 4 1 2 2 18 3 1 1 1 2 3 3 2 3 2 2 2 10 2 1 1 1 1 1 9 4 2 1 1 2 7 3 3 1
1 12 2 2 5 3 1 2 3 73 8 2 1 2 2 1 1 5 3 5 2 5 7 5 2 2 25 2 4 2 2 3 23 1 1 2 2 2 1 2 3 2 8 1 2 2 93 4 1 1 2 6 2 1 1 5 1 1 19 2 171 5 67 1 2 3 1 1 3 3 1 2 1 1 2 1 2 14 2 55 1 2 2 1 16 2 1 2 2 1 8 3 2 3 2 1 2 1 40 1 2 1 1 2 1 2 2 1 1 2 2 1 3 66 2 3 1 14 1 1 2 7 1 4 1 10 4 21 3 2 2 17 1 2 1 1 2 13 1 1 1 1 1 5 2 2 1 1 104 2 2 3 1 2 8 7 2 2 2 2 1 3 1 2 1 3 2 1 2 1 1 3 1 6 1 1 3 2 5 1 1 4 2 3 4 1 1 2 21 1 18 2 1 2 2 1 1 1 2 2
1 1 177 6 2 2 2 12 2 2 3 27 1 2 2 1 2 1 2 4 2 5 1 2 2 2 4 2 1 2 1 3 3 10 2 1 2 2 1 4 1 2 1 1 3 2 1 4 1 20 1 2 3 1 2 17 1 4 16 13 53 1 7 1 2 28 1 1 8 1 2 5 2 1 2 2 3 1 2 3 1 1 2 5 144 1 6 1 2 13 5 18 4 1 2 1 1 1 1 2 2 3 1 2 1 1 2 1 4 7 4 12 2 2 2 4 3 1 2 4 2 1 2 2 2 3 1 8 2 2 5 8 2 1 1 36 2 2 2 2 2 2 2 1 1 4 3 4 1 1 5 3 1 1 1 1 2 18 15 1 2 2 1 2 2 3 9 3 5 1 2 6 4 1 2 1 2 18 4 1 4 1 5 4 2 51 4 2 9 1 3 1 1 2 1 3 1 1 3 2
1 2 1 3 3 2 1 3 4 2 2 8 3 12 1 1 2 2 1 2 2 1 1 1 2 2 2 2 2 1 1 2 10 2 1 37 3 1 6 2 2 1 2 9 2 2 3 3 1 33 7 37 2 2 1 2 1 2 9 2 1 1 20 1 2 16 2 1 3 2 1 7 3 1 2 1 2 1 2 1 1 2 3 7 2 13 1 3 3 2 1 1 2 1 2 2 2 1 9 2 2 4 2 3 1 1 2 1 16 14 2 4 2 2 2 3 3 1 1 1 2 2 2 1 1 2 2 1 2 1 3 1 2 2 3 1 1 4 2 2 2 2 5 2 2 6 5 3 23 3 3 1 3 2 7 1 2 1 1 2 1 4 1 7 2 8 3 4 3 1 2 2 1 7 1 2 1 30 2 1 1 2 6 3 1 3 22 2 1 1 1 1 2 5 1 1 1 1 3 1
1 2 16 11 1 5 3 2 5 2 3 1 20 3 3 2 2 1 1 1 2 5 3 5 1 8 2 1 2 1 3 2 4 1 8 1 3 1 2 2 1 2 4 3 1 1 2 1 2 3 5 2 2 3 6 1 1 1 1 1 2 2 2 5 1 2 1 2 6 2 1 5 1 2 1 9 3 1 12 16 3 3 2 1 17 1 2 1 1 3 5 3 17 1 1 6 1 1 3 2 2 4 25 2 2 1 3 3 1 6 1 1 3 1 5 7 3 3 8 1 1 2 6 5 1 4 2 6 3 1 1 25 12 1 4 2 4 2 2 2 4 21 1 4 1 2 2 1 2 2 3 1 15 2 1 1 4 1 2 2 1 3 6 1 7 2 1 1 1 1 2 1 3 28 2 5 2 2 2 3 1 2 1 4 1 2 2 1 1 1 1 1 1 3 3 5 3 8 1 22
1 3 2 2 1 5 2 4 1 3 2 2 2 1 2 2 2 6 1 2 2 3 2 1 1 3 6 1 2 1 2 1 1 1 1 2 2 4 3 10 1 5 1 3 46 1 9 1 2 5 2 2 3 1 1 1 2 2 4 3 1 17 8 2 14 1 25 1 4 1 2 3 2 1 1 2 16 2 3 5 1 1 14 5 4 3 1 1 4 4 3 2 1 7 13 6 51 2 1 36 14 2 118 1 5 3 2 1 3 15 2 2 224 2 4 6 2 2 17 2 2 2 1 5 8 1 3 1 8 11 1 1 3 1 2 2 9 1 4 10 2 16 2 2 5 2 2 28 46 12 21 2 2 2 2 1 2 2 1 4 2 15 1 1 1 8 3 14 1 7 3 8 4 4 4 3 1 2 1 1 4 1 1 3 1 1 8 3 2 4 1 33 3 5 2 3 3 1 2 9
2 6 1 2 3 3 3 1 1 8 5 2 1 2 3 12 1 1 2 1 2 3 1 1 3 2 2 2 1 3 2 1 5 1 1 2 2 2 3 13 4 1 4 1 3 6 2 17 1 2 2 2 1 2 2 3 4 4 1 1 2 6 1 3 2 2 2 1 1 10 1 2 2 435 2 3 4 1 14 6 4 1 4 2 1 1 38 1 1 2 1 5 2 3 1 1 33 2 2 8 8 5 2 1 1 2 11 4 2 1 2 3 1 1 5 2 10 1 2 2 2 1 37 1 17 1 1 1 2 6 2 2 2 1 7 3 1 2 4 2 1 2 6 11 6 5 2 2 1 3 8 14 3 2 4 9 8 1 1 9 1 2 2 4 1 12 2 3 2 1 1 1 21 3 3 2 2 4 1 1 3 2 3 1 1 1 6 9 209 8 4 1 1 8 3 3 2 1 5 47
3 16 2 1 1 18 1 2 4 1 3 72 3 5 1 3 2 1 8 43 18 2 2 27 1 2 5 2 6 2 2 1 3 4 1 2 2 2 3 3 2 4 1 2 8 5 1 1 117 2 2 1 2 1 2 1 2 1 7 3 17 1 167 2 3 1 4 3 4 3 1 1 8 3 2 2 2 4 1 13 4 13 1 2 2 6 1 2 2 82 7 2 1 1 6 2 3 2 10 3 3 2 5 1 3 1 15 2 1 1 4 8 1 5 1 3 25 1 13 20 12 1 2 1 1 3 2 2 1 4 2 2 1 12 2 6 1 2 1 1 2 2 2 6 1 1 1 1 1 2 2 5 2 5 1 1 1 1 2 4 9 2 2 1 1 1 1 17 52 7 2 12 7 63 1 4 1 8 2 2 1 2 1 4 1 2 4 3 1 3 1 6 2 1 2 6 2 3 2 2
10 3 4 2 5 1 3 2 1 1 1 2 5 5 2 4 194 1 5 2 1 2 16 7 1 2 46 2 1 2 4 2 2 1 1 1 1 1 17 3 2 1 1 1 2 2 2 2 5 1 1 2 1 1 42 2 5 24 6 3 1 3 1 1 1 16 1 1 17 1 5 1 1 1 1 2 3 23 1 2 3 2 1 1 1 3 3 13 3 2 1 1 2 2 2 3 80 1 2 1 1 2 10 11 69 1 4 16 2 11 3 2 6 2 2 1 16 2 2 2 2 1 2 2 2 1 1 1 7 1 2 1 2 2 2 1 5 4 2 36 1 2 2 5 4 3 1 1 1 3 1 1 2 2 4 1 2 11 3 6 5 4 3 1 44 6 2 1 1 2 15 2 1 4 2 2 4 1 14 2 1 21 2 2 2 1 16 4 1 1 2 1 1 1 2 1 1 3 3 1
1 2 1 1 2 1 1 4 1 2 1 1 2 20 9 1 3 9 3 2 1 1 1 9 1 6 8 1 1 4 1 18 1 169 6 30 2 1 4 36 1 9 5 6 1 2 12 2 1 8 19 3 2 2 3 5 13 10 1 3 13 175 2 4 2 6 5 6 1 1 2 1 1 3 1 3 1 4 1 2 2 2 2 2 1 2 1 1 1 1 1 1 2 1 2 1 2 2 2 1 3 15 8 1 3 2 4 10 2 2 1 1 1 2 54 1 3 12 10 2 18 1 9 3 1 2 2 1 6 1 1 4 7 3 2 1 5 1 1 3 1 1 1 21 2 4 2 1 1 1 2 1 1 2 3 2 11 1 1 2 118 2 1 2 3 2 1 3 9 1 7 3 1 2 2 2 1 1 4 8 4 10 1 2 3 1 17 2 2 1 2 1 23 2 6 2 1 1 2 2
4 3 1 6 6 11 3 1 3 4 2 2 2 2 1 1 23 1 6 1 3 4 11 4 1 1 27 12 2 3 2 2 1 8 18 2 3 6 1 2 1 2 2 8 1 1 2 2 5 8 2 1 1 1 1 2 5 3 16 8 2 1 2 1 1 1 10 4 1 2 2 2 1 4 2 2 1 1 1 3 1 1 8 5 3 2 3 6 1 2 2 2 454 28 2 3 6 8 7 2 2 9 2 4 5 1 1 6 1 2 2 56 1 1 2 3 7 4 2 1 1 2 1 2 1 1 4 102 2 2 3 3 2 2 4 1 4 3 1 2 6 1 1 2 1 12 2 1 1 9 2 2 1 2 3 35 1 1 2 113 1 2 1 3 2 7 2 2 22 5 1 12 3 3 4 1 1 1 2 14 1 2 2 1 3 5 1 1 1 1 3 1 2 1 1 1 1 4 1 3
2 1 9 2 34 3 5 1 3 2 43 1 7 4 1 2 3 2 1 1 2 5 1 1 3 2 3 3 2 2 152 2 11 4 1 2 1 1 3 8 1 1 2 6 2 1 3 2 2 1 1 29 157 4 1 3 441 30 1 2 6 1 9 1 3 1 11 1 3 3 8 2 1 1 1 2 2 1 21 1 6 1 10 1 1 2 1 3 1 2 1 1 2 3 3 2 1 2 2 2 1 1 1 11 1 1 1 2 21 12 3 11 2 2 2 24 3 10 2 1 1 1 1 2 3 2 9 7 2 17 2 1 1 1 1 1 2 2 1 3 1 1 2 3 3 1 2 1 2 8 2 5 7 1 1 1 2 1 1 1 5 2 2 2 1 1 2 1 1 3 2 86 2 1 2 2 2 1 1 2 3 1 2 1 4 2 3 1 1 1 1 2 2 2 4 1 18 1 2 8
