200
161 482 189 344 105 314 496 275 299 445 101 277 153 256 454 318 421 345 306 127 407 414 168 491 160 297 363 374 479 495 344 365 343 118 390 429 352 383 128 345 113 346 335 449 135 145 399 343 161 406 137 459 110 278 421 392 485 145 346 456 431 313 109 248 211 204 321 492 146 500 377 465 219 248 222 219 371 362 186 335 120 292 346 400 267 337 335 339 313 493 416 105 238 412 460 275 376 182 473 462 379 500 328 426 113 315 424 164 488 470 246 143 268 213 474 254 215 164 175 409 466 169 444 442 138 325 450 342 274 232 466 230 396 314 467 255 111 460 175 320 415 201 400 283 322 182 419 400 170 277 362 468 211 407 385 121 193 410 328 500 327 187 387 494 121 146 477 401 162 399 386 370 275 354 271 288 248 229 451 236 480 328 141 462 369 206 418 351 411 136 324 309 280 225 326 174 463 287 198 233
1 1 5 4 3 5 6 6 5 3 3 1 6 1 2 2 2 6 5 5 1 2 5 5 2 2 4 5 3 2 3 1 5 6 3 3 6 5 6 3 6 3 1 6 3 1 4 5 1 1 3 5 2 1 6 4 1 2 1 5 5 1 1 3 1 5 4 6 2 5 1 3 2 3 5 6 6 4 4 4 2 5 4 4 1 3 4 5 6 1 4 2 5 6 1 2 2 5 5 2 5 1 4 6 6 1 3 5 2 2 2 5 1 6 5 1 3 1 3 6 5 6 1 1 5 1 2 2 3 3 6 1 4 5 1 5 2 4 5 4 5 3 5 3 1 2 5 1 4 4 6 5 5 4 4 1 4 5 2 4 1 4 5 4 6 2 2 6 6 1 6 4 5 1 4 1 1 3 3 6 5 5 2 2 4 3 2 5 1 6 4 3 1 2 3 2 2 4 1 5
11 12 3 6 1 2 3 1 1 1 2 3 2 7 1 3 2 5 2 2 1 4 4 17 3 29 2 1 3 10 3 2 1 2 3 10 2 2 2 2 1 1 2 2 7 2 2 12 1 1 1 4 4 2 2 3 1 2 3 3 1 4 2 1 6 10 1 2 2 302 1 3 2 2 3 1 1 3 3 13 2 4 1 2 13 2 18 1 11 1 1 3 4 5 3 1 3 1 2 1 2 35 1 4 1 2 2 3 1 2 2 5 1 3 6 1 2 1 8 2 4 2 2 3 5 2 1 4 1 2 18 1 3 1 1 8 1 2 2 5 1 11 1 3 1 20 1 3 2 3 6 1 4 3 2 2 3 2 5 4 2 1 2 1 2 1 3 18 53 3 2 1 1 1 1 9 7 1 1 3 1 3 2 1 7 1 3 3 1 7 1 6 2 7 10 2 1 2 1 2
3 26 24 2 1 3 1 3 3 4 44 13 1 1 42 4 1 2 2 3 2 23 1 1 1 2 1 2 190 1 1 2 1 3 1 6 3 2 1 2 3 5 3 5 1 11 2 7 4 3 4 3 2 23 5 2 3 4 4 14 1 2 13 13 2 1 5 4 1 16 147 1 4 2 4 1 3 2 16 2 1 2 1 3 1 17 2 5 1 1 1 1 2 2 1 3 1 3 6 2 2 2 2 1 8 2 2 2 1 1 3 6 2 6 2 1 4 6 28 1 1 2 1 3 20 1 52 2 1 1 7 3 2 70 3 3 2 1 1 2 1 1 14 2 1 2 1 1 1 9 1 3 4 4 3 3 20 4 1 2 4 1 39 2 1 1 1 3 13 1 5 2 1 2 2 5 1 8 5 3 1 3 2 2 2 2 1 1 2 51 1 3 9 4 1 17 2 26 8 4
2 14 1 2 3 1 2 1 6 1 2 4 1 3 1 2 7 2 11 1 1 1 1 1 2 1 4 1 17 2 4 1 2 1 2 1 1 1 7 3 3 3 8 1 1 284 5 5 2 15 1 1 1 1 3 1 16 7 1 3 3 7 6 1 1 2 2 2 6 1 1 6 5 1 2 5 2 5 1 4 2 8 1 1 10 4 2 1 3 1 7 2 3 1 1 2 2 5 2 4 4 3 2 10 20 9 1 2 8 2 1 1 3 1 2 20 1 4 1 6 3 4 1 1 2 2 4 5 3 2 1 1 6 9 1 1 2 1 7 3 2 2 1 2 4 4 1 2 12 1 1 1 6 3 1 2 5 1 4 2 4 1 2 4 11 1 12 5 5 2 3 8 2 9 2 3 2 1 1 1 5 2 2 6 2 1 2 1 2 1 1 1 1 28 1 4 1 165 2 2
1 5 4 1 2 2 2 1 1 2 3 1 2 6 1 18 1 3 2 2 5 1 2 2 2 2 1 4 1 56 1 6 11 2 3 4 2 1 2 6 16 15 1 10 1 1 2 3 1 2 2 1 1 3 4 2 2 3 12 4 3 2 13 1 4 2 2 31 6 1 2 1 4 2 3 1 1 4 2 1 1 3 4 7 1 1 10 1 1 2 2 1 1 1 5 2 1 7 2 1 2 3 1 2 3 1 1 1 34 2 5 2 1 1 3 4 2 3 5 1 2 2 1 1 13 1 1 2 7 1 1 2 2 1 2 1 1 1 2 3 2 3 8 2 1 1 1 4 1 2 2 1 1 1 3 1 4 4 6 1 1 1 8 2 3 2 2 1 3 2 2 1 3 2 3 3 2 2 2 4 1 2 1 2 3 2 2 7 3 1 2 1 3 2 1 1 1 3 1 1
51 1 1 1 2 1 2 2 1 4 2 2 8 2 17 3 5 1 3 1 5 2 1 2 8 2 1 1 4 8 1 10 2 20 13 92 248 1 8 1 6 1 19 4 12 2 1 2 1 2 7 1 2 2 1 2 1 1 12 2 2 2 1 5 2 11 1 1 2 2 1 2 2 4 1 2 2 28 3 5 3 67 1 3 1 3 5 7 3 1 16 3 1 1 3 2 1 1 8 4 3 1 3 1 1 4 1 1 2 2 5 32 5 2 4 1 25 6 4 7 1 2 1 41 1 3 2 1 4 1 2 1 2 5 2 13 1 3 4 1 1 2 2 2 3 1 1 3 93 4 8 35 1 2 3 2 2 1 1 3 2 23 2 1 3 2 5 3 1 2 3 2 4 2 1 14 2 1 1 2 2 2 3 2 2 3 8 1 7 3 1 2 1 32 2 2 1 6 1 4
1 2 4 2 1 1 1 4 1 1 1 1 1 1 2 1 2 5 1 1 2 1 24 3 4 6 1 1 3 2 2 2 2 1 1 2 2 3 4 1 1 2 2 1 3 3 1 2 2 1 1 6 1 4 1 5 1 2 4 1 1 2 6 1 1 4 4 21 1 3 3 1 3 5 1 2 2 1 1 1 1 1 3 2 2 2 2 1 8 5 1 2 2 1 41 2 8 3 5 2 1 28 2 2 1 4 1 1 3 1 1 28 6 1 2 1 1 1 1 1 7 5 2 2 7 1 1 1 1 1 67 2 1 1 2 2 2 1 2 1 1 1 1 2 13 2 1 1 4 1 1 2 3 5 2 4 5 1 3 11 1 3 1 2 2 113 2 2 2 3 4 1 16 2 7 361 2 6 2 1 2 2 2 40 46 1 1 2 1 1 1 2 3 15 4 1 1 2 10 2
3 3 5 1 2 69 2 2 2 35 3 4 2 37 1 2 1 29 1 3 372 2 2 12 1 2 3 1 2 2 1 8 3 1 3 3 1 1 7 8 3 1 4 96 25 29 2 14 24 2 4 42 3 1 1 1 4 6 1 5 4 3 4 2 3 5 1 2 2 2 3 19 7 3 1 2 2 3 3 1 39 12 33 3 1 2 2 10 246 6 7 2 2 1 2 5 2 4 2 16 14 1 3 1 27 43 4 3 1 1 5 1 4 4 4 7 3 3 4 7 1 4 1 1 5 2 2 1 1 8 1 4 3 1 1 23 21 2 2 2 4 2 2 3 2 2 1 6 1 2 6 3 1 3 4 2 2 20 4 2 2 2 2 2 30 7 3 2 1 2 3 2 18 2 4 10 7 1 3 5 1 1 3 1 3 1 2 2 3 3 2 2 2 2 3 2 13 1 3 2
11 1 2 1 2 1 5 2 3 2 2 1 10 2 2 1 1 18 2 1 1 60 10 11 1 2 25 1 1 7 5 4 1 214 2 1 2 7 1 3 2 2 3 8 3 3 5 31 1 1 2 44 3 7 1 2 2 2 1 1 2 1 2 13 3 4 1 1 1 5 2 2 2 1 2 1 1 2 3 1 3 2 1 2 1 1 3 2 68 200 1 19 9 16 24 6 1 2 1 1 43 3 2 9 2 2 3 1 3 2 2 11 6 1 1 7 96 1 2 3 2 38 2 3 2 2 3 17 2 2 3 3 1 1 1 2 146 3 1 2 4 3 4 1 33 5 1 8 1 1 16 2 2 1 1 3 2 1 3 1 1 2 3 1 1 4 2 1 3 12 2 1 1 1 2 17 1 1 2 2 5 1 1 1 1 6 2 65 14 4 3 1 2 4 3 52 2 1 1 1
2 11 1 7 1 3 1 4 2 1 2 1 1 2 3 4 11 1 13 1 4 2 1 2 1 2 1 1 1 3 1 23 2 9 2 6 5 4 38 2 1 2 2 1 2 1 2 11 1 1 3 1 3 1 1 1 3 4 1 2 3 1 4 2 2 2 1 4 19 1 2 10 2 3 3 2 1 1 1 1 1 4 2 8 2 4 1 1 1 2 2 3 2 6 5 1 2 7 2 1 2 2 1 1 2 1 4 2 1 1 1 1 2 11 2 3 2 17 1 2 2 2 1 6 43 1 1 2 2 2 2 2 2 52 1 4 7 4 2 19 1 2 1 8 1 3 4 2 2 65 1 1 10 1 3 2 2 2 1 3 2 2 1 2 1 1 1 3 3 4 4 1 1 1 3 1 7 7 5 2 2 5 2 3 1 1 1 1 1 3 4 1 2 3 4 1 2 2 2 1
1 2 3 3 3 2 2 2 2 11 8 3 3 1 30 2 4 1 1 2 4 2 1 1 7 6 1 6 1 1 1 4 1 3 1 3 2 1 30 1 2 7 1 2 9 77 1 1 2 2 1 2 1 1 4 1 1 1 1 2 4 3 1 2 2 2 5 4 1 2 1 1 8 1 1 1 1 1 8 4 4 1 7 1 2 8 23 1 2 6 2 1 1 2 4 2 1 2 2 14 1 3 1 2 6 74 1 2 2 20 406 4 2 3 2 8 4 29 2 1 7 1 4 19 1 1 6 1 1 3 17 2 8 1 1 15 2 1 1 1 1 1 2 2 2 4 1 1 3 1 1 1 7 1 1 8 1 1 1 3 1 1 1 2 1 2 2 4 1 6 1 1 4 9 1 1 14 2 4 2 2 12 2 1 2 14 1 2 4 2 2 28 3 6 1 1 2 15 1 2
10 1 1 2 4 2 5 4 3 1 1 17 3 6 2 8 21 1 2 1 1 1 1 2 1 2 17 2 8 3 3 1 10 3 2 1 1 2 9 1 7 1 1 1 1 3 6 1 1 1 7 9 15 1 1 2 2 1 1 1 1 1 3 1 1 3 2 3 3 2 1 44 2 3 9 5 1 3 1 2 5 11 1 2 4 1 3 3 1 2 7 1 5 2 2 2 19 2 1 1 1 4 2 2 5 2 3 1 5 1 1 2 1 2 2 2 3 1 4 1 2 1 6 2 17 1 3 56 1 1 2 2 3 3 1 1 25 3 1 2 2 1 1 2 1 5 7 2 1 5 3 2 1 1 1 1 2 2 1 3 3 4 2 10 1 1 6 17 3 29 2 6 3 12 4 2 1 2 3 4 2 1 1 1 4 3 3 3 1 2 3 1 2 15 2 1 2 11 1 3
1 3 1 1 2 2 8 2 2 2 3 2 4 7 1 1 73 2 2 2 3 1 1 3 1 15 2 2 2 1 1 1 1 2 4 1 2 24 1 5 2 2 2 3 4 10 7 1 1 1 1 3 3 1 1 1 3 3 1 3 2 2 1 27 21 1 2 2 53 16 22 45 3 6 1 12 110 1 2 2 2 11 7 1 1 3 1 1 4 3 3 1 1 2 1 1 6 5 1 1 1 2 4 8 5 2 10 4 32 5 13 3 1 2 1 1 1 2 4 1 2 6 1 2 2 2 3 9 1 1 2 2 3 2 1 1 1 2 1 3 3 2 2 1 1 1 5 2 120 2 1 2 2 2 4 12 2 2 39 2 2 4 5 1 1 4 1 2 1 1 3 4 1 3 4 1 13 1 2 4 1 4 1 4 1 6 2 3 1 1 1 2 2 8 3 2 2 2 9 2
3 1 2 2 2 2 463 6 1 2 3 1 7 10 120 2 66 3 22 1 24 1 2 1 2 4 177 1 1 5 2 1 1 4 1 3 2 6 68 2 2 32 2 1 1 2 1 2 1 2 3 8 2 1 1 3 1 2 22 4 1 1 2 4 1 2 26 1 2 2 3 3 12 1 2 3 1 3 1 7 4 17 1 6 2 3 5 1 2 1 9 2 9 2 1 7 1 45 1 25 4 1 2 1 1 1 1 2 3 14 2 1 1 1 2 2 1 1 1 2 1 4 3 5 2 9 9 4 2 2 1 1 4 1 1 4 1 3 3 2 1 1 14 2 1 2 1 6 2 1 22 1 7 5 2 1 1 3 4 63 1 2 10 1 10 5 2 1 2 1 1 3 1 1 1 1 3 3 10 2 1 1 4 1 2 3 1 1 2 1 5 7 1 1 1 2 2 2 3 1
2 2 1 2 2 1 2 1 1 1 2 1 1 1 5 2 1 3 2 2 9 1 1 1 7 1 2 1 1 2 2 2 2 13 2 4 3 2 1 11 1 5 1 24 50 2 4 1 4 4 1 8 2 3 2 1 2 15 2 2 6 16 7 1 104 2 2 1 1 5 1 3 2 2 1 2 2 4 25 2 1 2 2 15 1 2 3 1 4 6 3 5 2 2 4 1 1 9 2 1 247 4 1 1 4 2 1 20 1 39 4 3 5 1 3 40 1 38 1 2 1 2 19 3 1 5 3 2 42 1 1 1 3 1 2 1 8 6 7 2 2 4 1 7 2 23 4 49 2 4 3 1 2 1 3 8 5 3 1 3 2 17 1 2 6 1 3 5 3 1 10 13 2 2 4 5 8 4 1 4 7 1 1 1 1 1 1 1 1 1 2 1 1 2 1 1 10 1 1 1
10 2 1 1 9 2 2 3 1 10 1 3 2 3 2 1 1 1 45 2 1 1 1 19 2 5 2 5 5 2 3 5 7 2 9 2 9 1 1 34 2 1 1 1 9 1 1 3 1 3 4 12 6 121 3 1 1 2 1 2 2 1 5 1 1 2 2 225 1 3 1 1 3 3 3 2 1 7 1 3 1 10 1 2 187 3 2 1 5 3 2 1 3 2 1 16 25 1 4 2 3 1 3 3 2 1 3 3 9 1 2 1 4 6 1 3 12 2 1 2 8 1 2 1 2 2 2 8 1 1 2 2 1 5 3 4 2 2 6 4 2 29 4 15 112 3 1 6 3 1 2 2 3 3 1 1 13 8 3 5 10 1 1 1 25 2 1 2 1 1 2 2 2 2 3 2 1 5 1 1 1 4 3 1 2 5 1 2 43 1 2 1 1 3 2 2 1 1 2 3
2 10 1 1 1 1 2 3 1 1 2 2 2 3 2 1 3 1 1 5 1 2 10 3 2 6 2 1 9 1 1 12 1 2 9 1 3 3 13 1 4 4 5 5 1 1 2 2 3 3 2 2 1 4 3 2 4 3 1 1 2 1 15 2 2 2 11 2 2 2 1 2 2 2 12 5 1 7 5 13 8 5 1 1 1 4 3 12 5 2 2 1 3 1 1 4 1 3 42 9 1 3 4 1 1 2 1 3 3 1 3 12 2 40 2 2 5 1 1 5 1 3 1 1 1 1 3 12 2 4 2 8 2 1 1 7 1 5 153 2 3 1 7 5 8 1 1 4 2 9 5 2 3 1 1 13 2 1 5 1 2 2 8 1 7 1 3 5 3 3 2 3 1 4 2 1 5 1 1 3 1 1 3 16 26 1 3 1 1 1 1 38 3 2 2 37 1 1 1 5
1 1 5 21 1 2 2 3 1 2 1 13 1 1 4 6 9 13 1 4 18 137 4 8 3 12 1 2 2 1 3 4 2 3 1 5 1 2 1 2 1 1 2 1 4 1 2 2 1 2 3 1 1 1 25 12 2 5 3 2 2 3 1 2 1 2 1 1 1 1 1 2 3 3 2 9 14 4 2 2 2 2 1 2 2 1 2 1 1 50 1 2 1 4 2 13 4 2 2 3 12 6 5 3 18 15 2 2 1 1 2 3 10 3 7 1 2 4 6 4 3 5 1 1 2 2 7 1 2 16 1 1 1 1 2 1 1 1 1 4 2 3 8 16 1 1 2 2 45 2 3 2 2 6 2 1 6 9 4 3 1 1 1 1 5 2 4 5 1 2 3 1 13 1 2 1 3 5 2 4 3 2 1 1 1 3 4 1 23 14 1 3 3 1 1 2 2 27 2 1
1 1 1 1 2 3 1 4 1 1 3 2 4 1 1 13 6 1 1 2 1 4 5 2 20 1 1 1 2 3 2 1 1 2 8 1 3 1 1 2 2 4 3 1 2 2 4 29 1 2 2 1 5 5 2 3 1 5 1 1 8 1 2 1 3 21 1 1 3 5 2 2 4 1 8 4 1 1 2 11 4 2 1 33 1 1 1 2 3 1 1 1 38 3 6 5 8 2 1 18 3 2 1 4 2 1 6 5 3 6 1 3 3 7 4 1 1 1 2 3 6 7 26 2 2 1 9 3 4 4 1 1 2 1 1 15 4 4 1 3 1 2 2 3 12 3 1 1 2 1 1 1 5 2 1 1 1 3 12 1 2 2 86 2 6 3 1 1 1 2 1 1 7 1 8 42 1 8 1 1 2 4 2 4 5 212 6 4 2 1 2 2 1 1 2 1 8 11 5 1
1 7 4 2 2 1 2 1 2 1 12 1 2 7 1 2 1 4 8 2 3 1 6 6 3 6 1 1 2 7 1 3 2 1 9 15 9 5 2 2 2 13 1 2 1 2 1 3 3 2 1 1 1 1 3 1 32 1 3 1 1 1 1 2 1 7 3 1 1 4 1 4 12 9 1 1 1 1 173 2 1 2 1 1 2 2 3 3 1 2 2 6 3 2 4 1 2 2 1 50 1 1 2 4 1 1 2 2 4 2 22 1 3 3 2 2 2 71 13 2 62 1 1 2 1 1 6 18 4 46 2 6 2 1 2 6 2 2 8 7 7 4 6 1 3 1 1 1 2 3 3 2 2 1 2 2 3 1 4 16 1 3 1 1 11 1 3 1 2 1 7 131 1 3 4 1 17 1 2 4 16 3 1 43 6 19 11 2 1 4 3 177 1 2 1 1 2 2 4 1
1 9 2 3 3 1 1 2 2 2 1 3 1 8 1 2 3 4 1 4 7 2 1 2 3 3 1 2 7 7 2 1 2 1 2 15 1 16 9 1 3 1 2 23 1 57 5 2 1 8 1 4 1 1 1 2 2 2 15 1 47 1 1 1 2 1 3 1 3 2 7 3 7 5 1 2 1 2 2 1 1 1 2 5 3 1 1 3 2 1 4 2 1 5 6 3 1 1 1 2 3 2 2 1 1 1 3 3 2 2 6 1 9 16 22 2 8 1 2 2 1 3 2 10 1 3 2 4 1 1 1 1 2 3 1 4 4 2 2 18 3 1 2 1 2 2 1 1 49 1 1 6 7 1 7 6 4 2 3 1 1 1 1 3 1 12 4 2 1 9 1 2 2 2 2 2 2 1 3 2 3 3 5 1 6 1 2 2 5 6 1 2 2 11 9 2 12 1 1 58
3 2 1 3 2 1 2 2 2 1 1 30 1 2 6 2 2 4 1 2 1 6 1 7 3 7 1 3 2 3 1 2 3 2 11 93 1 3 2 5 1 1 4 2 1 4 2 221 1 1 45 1 3 1 4 1 27 1 9 19 8 2 1 1 3 1 1 2 1 1 2 9 2 2 1 2 3 1 2 8 3 5 2 2 2 3 1 1 7 6 2 7 2 3 3 2 4 6 2 3 1 2 38 4 1 1 2 2 2 4 10 3 3 1 2 1 5 1 2 3 1 1 1 1 3 2 37 1 1 1 1 2 1 9 3 2 2 1 2 3 1 38 6 12 1 4 2 2 17 6 1 8 2 2 2 5 3 1 5 9 2 5 2 4 2 2 4 2 2 1 1 4 2 2 7 1 1 2 1 8 3 2 75 38 8 3 2 10 19 32 2 6 2 4 3 59 1 3 9 1
2 20 36 2 2 2 124 6 1 4 2 2 8 2 4 2 1 2 3 308 2 1 1 2 1 16 1 16 1 2 6 2 3 11 2 1 6 1 1 12 2 22 3 4 2 1 4 5 4 2 2 1 2 2 2 1 1 3 1 2 2 5 1 3 2 1 2 3 1 1 3 6 1 1 3 3 1 1 5 2 6 18 2 1 5 2 2 2 2 2 5 1 8 6 3 2 4 2 2 2 2 4 2 1 1 9 2 5 22 1 1 14 2 1 12 1 5 1 3 1 9 2 1 1 6 1 4 2 2 1 2 2 2 3 47 4 2 3 6 1 5 1 21 1 3 2 5 1 1 1 5 29 1 1 3 6 2 4 5 2 1 1 3 5 1 2 2 2 3 3 2 1 18 4 20 2 3 4 1 2 1 3 4 6 6 14 1 2 11 29 1 2 5 1 5 17 2 2 3 21
1 3 7 1 1 3 5 1 21 10 5 1 1 4 4 1 10 3 1 2 3 7 2 10 1 23 1 8 3 3 1 1 1 1 2 3 2 2 2 1 4 2 8 1 2 2 10 10 1 2 1 4 1 2 1 7 1 4 123 1 2 1 1 2 2 6 2 7 3 1 2 2 3 2 1 2 2 2 11 1 1 1 10 5 2 1 1 2 12 2 3 7 1 2 2 1 5 3 42 1 1 8 2 1 2 1 6 4 3 2 4 8 4 1 2 3 1 1 4 2 24 3 6 1 2 2 2 1 2 1 1 1 4 1 7 4 1 1 3 2 417 1 11 1 2 10 4 7 1 1 4 2 2 3 1 1 3 1 6 39 1 3 2 2 1 2 1 2 4 4 3 2 1 7 2 87 3 1 1 4 2 6 1 4 2 14 1 9 2 13 2 1 46 1 1 6 2 1 2 5
2 1 1 1 3 1 2 2 1 2 1 3 2 30 3 2 1 1 3 1 1 2 17 9 1 3 2 3 1 1 1 1 1 3 2 7 1 1 1 1 2 4 2 2 5 2 1 2 1 2 1 25 2 3 1 1 7 1 3 2 2 1 1 5 6 5 2 14 1 3 1 1 1 2 1 2 339 2 2 3 2 1 13 2 7 3 5 1 2 1 3 1 5 12 1 9 1 2 4 3 1 1 6 3 1 2 4 3 40 2 2 1 3 23 1 2 1 2 1 1 2 1 1 3 2 1 10 2 2 1 2 14 2 9 24 1 1 1 1 1 1 1 13 1 2 2 1 1 58 9 1 1 1 2 12 3 1 1 21 2 3 5 1 3 12 3 2 2 2 1 1 1 2 4 13 1 2 3 1 1 2 1 1 2 1 3 2 2 20 2 1 1 2 1 3 2 9 4 3 1
1 3 2 4 2 4 1 1 3 1 4 1 2 1 1 3 1 1 4 1 2 6 2 1 1 2 2 8 1 5 1 6 1 29 1 2 6 2 2 4 3 1 2 18 6 7 4 1 15 7 3 1 10 1 7 24 1 10 3 1 2 4 2 1 5 2 3 2 10 1 4 2 185 9 1 1 2 2 1 1 1 35 2 1 4 3 1 2 2 2 2 4 2 4 8 4 1 1 9 2 1 1 2 3 1 28 1 2 1 2 11 3 1 2 3 6 2 9 15 2 2 2 24 1 1 3 6 1 4 5 1 13 7 4 44 1 3 1 7 4 2 2 1 3 35 2 2 10 1 1 1 5 1 3 1 2 3 5 2 2 25 7 2 1 9 2 2 2 1 2 6 4 2 2 2 1 3 2 1 1 10 12 1 1 1 2 1 1 1 7 32 2 7 2 4 6 10 5 2 2
49 3 1 1 5 3 3 2 35 1 1 2 2 1 10 2 13 1 100 76 2 2 15 3 2 1 1 2 6 3 3 4 1 1 1 11 1 1 6 3 2 1 4 1 7 2 2 1 1 3 2 2 2 1 3 4 2 2 1 10 6 11 3 6 2 2 2 1 3 3 2 7 1 2 3 1 1 2 19 1 3 2 2 1 18 1 13 3 1 1 9 13 1 1 1 2 7 7 2 2 2 1 1 4 1 1 1 3 1 2 7 2 25 1 2 1 44 1 2 1 3 53 2 2 2 5 3 2 1 5 9 1 1 3 1 1 1 2 2 1 2 1 2 3 4 8 1 2 2 4 3 4 1 1 2 1 3 5 4 1 1 1 5 1 2 1 1 1 1 2 1 1 4 1 1 1 4 4 2 1 1 1 4 2 2 3 1 6 2 1 4 1 2 1 1 2 1 2 1 2
10 4 6 3 18 3 1 2 1 2 1 5 3 2 1 1 4 1 1 1 1 11 13 7 2 1 3 2 3 1 1 2 1 7 2 9 1 2 1 1 5 1 2 6 3 3 6 1 2 2 2 1 10 1 4 1 3 1 1 1 14 11 2 2 11 2 2 2 2 3 2 2 2 8 1 1 1 1 3 1 1 3 1 4 33 3 1 5 3 4 3 1 2 8 1 2 2 1 1 2 2 6 2 1 7 2 1 8 1 2 2 1 1 1 2 2 2 1 1 2 2 6 2 2 3 1 3 7 1 1 1 1 2 1 87 8 4 9 3 1 3 1 5 1 2 6 27 1 2 1 1 1 2 1 1 5 2 1 1 2 2 7 1 2 2 1 4 5 1 1 2 12 2 1 2 37 47 5 2 1 2 1 3 5 1 1 1 3 2 31 12 3 2 30 1 25 12 15 2 1
3 10 1 4 15 47 62 1 2 2 2 3 1 2 1 4 2 4 2 2 5 1 1 2 3 2 3 1 1 1 5 1 1 2 2 6 3 2 1 2 3 2 1 5 1 3 1 1 2 1 2 13 8 2 3 1 3 1 2 1 1 2 3 17 4 2 1 4 4 1 1 6 2 1 2 1 6 3 2 1 3 2 1 3 3 4 1 1 5 2 1 13 2 1 8 4 5 2 1 2 2 1 2 2 1 1 1 1 2 3 2 2 17 1 4 1 2 2 1 1 2 5 8 3 1 2 1 1 5 1 61 16 3 3 2 2 1 1 8 11 2 1 1 1 2 3 2 1 3 2 2 1 3 169 1 1 1 1 3 1 1 1 1 3 1 2 1 4 2 6 9 4 6 4 143 3 1 1 2 3 1 2 3 1 2 3 2 1 2 2 2 2 3 3 1 5 1 7 2 3
7 2 2 2 1 2 1 1 1 6 2 1 2 2 5 1 4 2 2 7 2 1 2 1 2 2 2 2 70 3 5 21 1 2 27 1 1 2 1 1 8 3 2 1 3 2 1 2 1 9 2 1 2 2 1 1 9 1 1 3 2 2 1 1 21 84 31 1 1 1 2 2 2 10 1 2 1 11 4 2 1 1 7 17 2 3 2 1 2 2 2 8 1 12 2 1 6 3 25 2 31 1 3 2 1 1 2 1 3 8 8 7 2 1 1 1 3 4 2 4 1 5 4 7 3 8 1 1 11 2 1 1 1 2 6 20 1 5 3 3 3 2 13 2 1 1 2 4 2 1 1 9 25 1 4 2 5 2 2 3 2 23 2 4 2 2 2 9 1 1 2 1 2 5 2 4 1 1 1 1 1 1 11 3 2 1 10 4 1 2 1 1 1 5 1 2 1 3 5 1
2 2 2 4 2 4 2 2 2 29 4 1 31 5 2 3 2 24 3 1 1 1 1 5 2 2 2 1 2 2 2 1 1 2 14 1 3 5 2 1 1 1 11 3 3 4 19 2 8 1 6 2 1 1 5 3 2 2 1 3 2 1 16 1 1 2 1 1 1 2 2 1 30 14 1 4 36 4 4 3 1 1 2 1 2 3 2 6 2 2 1 5 7 63 1 1 2 3 6 1 4 1 4 31 10 2 2 3 2 1 2 3 2 1 4 5 1 4 1 1 7 2 1 2 2 3 2 2 2 1 1 1 3 2 3 1 2 3 16 1 13 2 2 3 10 8 3 1 1 1 1 1 2 7 2 4 4 2 7 4 125 3 3 1 1 1 1 1 1 2 4 2 1 1 4 1 8 1 1 1 2 2 2 7 5 16 2 3 3 2 3 2 2 2 2 3 4 2 1 10
9 2 2 1 4 1 1 55 1 1 2 5 1 2 9 2 2 5 6 1 2 4 1 2 7 21 2 2 3 2 1 5 2 2 46 1 1 1 1 2 1 1 10 2 7 1 1 3 2 7 2 9 7 1 16 2 2 1 5 1 9 3 1 2 2 2 3 12 2 1 1 3 2 1 36 4 1 2 2 1 2 1 7 1 2 3 1 1 4 1 10 1 1 4 18 1 2 3 3 3 3 1 1 1 1 1 2 3 20 8 1 1 2 2 1 1 53 3 94 2 3 1 1 1 1 2 1 31 1 1 1 2 1 2 1 12 2 2 2 2 1 1 1 68 3 2 12 2 1 2 1 2 2 3 1 1 4 5 13 224 5 2 2 2 1 1 2 1 1 5 20 3 2 1 2 3 1 2 24 12 4 1 1 1 1 4 2 2 1 2 4 6 1 2 1 8 2 2 2 3
1 2 8 2 5 9 2 1 8 3 2 1 3 2 1 2 2 1 3 2 1 5 3 1 2 2 1 4 4 6 4 3 3 2 1 6 1 3 8 2 2 1 5 3 1 2 6 2 4 2 3 1 2 3 2 1 1 3 1 2 1 2 4 2 1 20 3 2 2 2 3 11 3 2 5 1 1 4 2 1 3 2 10 4 14 4 25 2 2 2 1 2 2 1 1 2 3 2 3 43 1 1 3 2 2 1 6 3 1 5 128 6 5 2 2 1 7 4 4 2 12 1 14 1 2 1 22 1 3 1 4 2 1 1 2 1 2 2 1 3 2 1 4 7 2 1 2 16 2 3 2 4 1 2 1 2 14 1 1 22 2 1 1 1 2 1 2 1 1 2 2 1 4 1 4 3 1 2 2 1 1 6 20 2 1 1 1 1 4 3 1 5 1 6 205 4 2 2 2 1
1 4 3 2 1 1 6 2 6 29 11 1 3 2 3 14 3 2 1 1 2 404 3 1 1 1 2 2 11 1 2 2 1 3 7 3 1 1 2 3 2 2 2 1 1 2 3 1 1 4 3 1 3 5 2 1 2 3 6 1 34 2 1 1 13 7 1 1 2 2 92 1 1 1 3 6 1 2 2 1 2 8 3 3 2 1 1 11 2 2 2 3 1 2 5 1 2 13 2 6 13 5 1 1 4 2 5 2 3 1 2 2 6 2 3 5 41 2 129 1 1 4 2 3 3 2 1 32 1 2 1 4 1 2 2 1 3 9 11 1 1 9 1 5 2 2 4 2 6 3 2 1 2 8 2 2 1 1 13 2 2 1 1 2 3 2 1 3 34 1 2 10 4 5 2 1 4 1 6 2 1 1 4 5 3 2 23 2 1 6 2 3 1 17 3 1 2 1 2 5
1 3 2 5 2 3 5 1 17 5 11 2 1 1 4 3 4 1 17 1 1 4 2 2 1 5 1 3 2 1 3 1 2 1 2 4 2 2 4 4 2 3 1 1 7 1 5 3 7 1 12 2 1 3 1 2 2 2 3 7 6 1 5 2 1 1 1 2 66 2 3 12 3 1 1 11 4 2 1 1 8 1 2 10 2 2 1 4 2 1 2 2 4 1 1 3 3 1 2 1 1 2 6 2 7 4 3 3 1 3 3 1 1 5 4 10 1 8 3 2 1 1 1 1 1 1 26 1 1 1 6 7 15 12 2 2 7 1 2 5 1 12 2 2 2 1 4 2 11 3 1 2 2 6 1 2 2 3 2 2 27 1 12 1 1 13 2 6 1 3 3 16 2 1 2 10 2 5 1 229 1 1 5 93 6 1 34 2 2 3 1 2 2 2 2 3 5 5 3 19
36 1 2 2 3 1 2 3 1 5 1 2 1 1 5 8 1 1 1 2 1 1 1 2 6 1 2 3 1 11 2 21 4 6 2 2 2 9 1 1 2 1 1 63 1 1 7 2 10 1 3 1 11 3 3 3 1 17 5 2 1 1 6 3 4 8 18 1 1 1 3 1 3 1 3 22 74 1 1 4 1 2 2 1 2 5 10 1 1 8 14 9 2 4 1 10 3 25 20 1 3 2 4 3 17 2 37 2 6 6 1 1 2 2 12 5 38 1 1 2 1 13 4 7 14 1 8 1 10 5 1 2 3 1 1 2 1 1 32 9 1 2 3 1 5 12 2 4 2 2 3 21 2 1 3 3 2 1 2 2 2 2 1 1 1 6 2 2 7 1 1 1 1 2 8 188 2 2 1 12 2 6 2 1 5 3 1 1 2 11 15 1 4 1 9 3 22 1 2 1
4 1 2 2 2 1 4 3 2 1 5 1 16 1 2 19 6 2 5 1 2 16 2 2 1 1 4 4 6 1 1 1 2 2 1 14 1 2 2 1 8 1 23 1 2 2 2 1 10 6 2 5 2 1 3 3 3 2 1 5 15 3 5 3 4 1 2 2 1 3 4 3 1 1 7 2 1 1 11 1 1 1 4 2 17 3 1 2 3 4 3 3 1 4 5 1 92 2 3 1 2 2 2 4 12 3 3 2 2 2 2 1 7 2 1 2 1 26 3 1 1 3 1 2 2 1 3 1 4 3 2 1 2 1 8 3 2 1 2 1 1 1 1 2 3 4 3 2 1 2 1 2 2 8 2 1 2 2 2 2 2 3 3 2 18 1 14 2 195 2 1 1 1 2 13 1 4 2 2 1 6 2 1 2 3 2 8 2 2 3 1 2 4 2 29 2 2 1 2 2
2 1 1 2 2 1 5 2 1 5 1 3 1 9 2 10 1 1 1 1 1 3 1 1 2 1 1 1 2 1 3 1 8 2 1 1 5 15 54 2 1 16 14 2 2 1 1 4 2 26 1 1 2 2 5 1 3 2 2 2 6 1 1 2 1 1 3 1 2 1 1 5 5 3 1 1 4 1 2 1 4 2 3 2 2 3 3 1 4 2 2 3 3 3 1 6 2 2 1 1 1 1 1 1 8 1 3 1 3 2 4 3 2 7 1 2 7 3 6 2 1 4 10 1 1 4 6 2 1 1 3 2 3 1 3 1 3 1 2 4 4 1 1 1 1 2 2 41 2 1 44 1 1 3 1 10 3 73 1 1 3 8 2 1 3 1 7 4 28 1 7 5 1 9 1 5 12 13 3 3 3 1 1 3 2 2 4 2 1 2 1 3 3 1 2 1 5 1 1 2
1 6 5 2 2 2 2 1 1 1 9 1 14 2 4 1 13 2 2 27 1 2 1 1 1 19 1 1 2 1 1 1 1 2 1 3 2 11 55 4 2 4 1 1 3 2 3 3 1 4 1 1 1 7 1 2 2 2 99 30 2 3 2 2 4 1 3 4 2 2 1 4 33 1 2 2 1 2 8 4 4 3 2 1 2 15 1 3 1 1 21 1 2 1 2 4 2 2 3 3 1 1 2 1 1 6 1 2 1 1 2 3 10 7 2 2 5 27 1 1 7 1 1 26 1 12 9 2 4 9 4 3 1 3 1 1 3 3 1 87 1 12 2 2 1 6 2 2 2 2 4 1 2 11 1 2 1 15 4 1 2 50 1 8 8 2 1 1 2 1 80 4 1 6 5 3 1 1 1 2 1 2 1 11 2 24 4 2 1 1 1 1 1 3 4 1 1 1 1 2
2 2 2 2 2 9 2 1 2 1 63 2 4 2 7 2 2 2 3 2 1 3 3 2 1 2 4 4 3 2 1 3 1 3 1 1 13 1 2 9 1 1 71 1 2 2 7 2 4 1 3 35 16 1 1 3 1 1 2 1 1 1 2 1 3 3 11 1 18 2 1 1 3 2 1 3 1 1 2 186 2 4 1 3 1 2 1 1 2 1 2 1 5 2 2 3 2 1 7 2 11 3 2 56 1 1 2 2 3 22 3 1 1 2 10 175 1 4 1 1 1 7 2 2 4 7 8 11 1 1 1 2 4 2 1 5 1 5 9 1 2 9 1 3 1 2 1 3 2 2 13 2 1 1 3 21 1 5 6 2 1 1 2 262 1 26 3 2 2 2 1 7 7 1 1 2 1 121 55 1 3 1 1 1 5 1 3 1 1 1 1 4 2 1 2 1 2 2 1 35
2 2 4 31 3 1 3 2 3 2 1 156 3 1 1 2 12 2 1 2 2 2 1 3 2 2 1 1 1 1 1 1 2 5 1 2 3 1 4 1 1 1 1 1 3 1 2 1 3 5 15 1 1 3 1 2 1 1 6 1 1 4 6 4 2 2 1 3 2 4 3 2 4 3 1 3 13 3 2 1 1 1 2 2 2 1 2 14 9 1 4 2 3 1 1 1 2 1 2 2 139 4 1 7 3 2 2 2 2 15 1 2 4 1 1 50 2 2 1 1 2 7 12 1 1 2 2 1 1 2 8 1 1 3 1 5 3 11 93 3 3 2 6 22 76 3 3 2 9 2 3 1 23 14 1 3 2 2 4 3 2 4 3 3 2 20 37 2 5 1 2 2 2 3 39 8 2 8 2 2 2 11 2 1 1 1 1 2 2 1 2 2 28 4 9 2 9 5 2 3
13 1 2 123 2 4 1 5 4 2 1 2 1 3 5 14 3 2 2 1 2 3 1 2 1 2 1 5 1 3 2 2 2 2 1 158 18 2 1 7 2 10 2 3 2 14 4 6 24 9 2 2 1 1 1 57 2 1 1 1 3 1 3 5 1 67 1 6 3 4 1 8 1 5 5 5 4 5 5 30 2 1 1 1 1 77 3 5 3 1 11 1 2 3 2 5 5 5 2 1 8 17 1 6 1 4 22 1 3 2 2 1 3 3 1 2 1 2 1 1 1 2 4 1 6 4 7 5 2 2 2 30 1 3 2 3 1 1 2 3 6 3 5 10 1 4 2 1 2 2 4 1 1 2 3 1 4 2 2 13 1 2 2 1 1 1 1 2 3 2 3 1 1 1 14 1 2 1 6 1 1 1 1 2 8 137 13 2 2 3 1 2 1 8 3 2 2 6 2 1
5 4 1 2 1 3 4 2 1 1 1 2 1 2 4 12 1 1 1 5 1 1 29 1 3 1 1 2 2 3 28 1 1 2 1 1 1 9 23 2 2 5 5 1 3 3 4 9 7 1 2 2 77 3 10 1 1 3 1 2 4 2 1 4 1 9 2 1 1 1 3 7 2 2 9 221 7 6 16 5 1 12 1 1 1 1 9 5 2 2 4 3 1 7 4 3 7 2 1 1 1 3 1 2 2 7 1 1 1 2 6 2 57 2 9 3 5 1 16 1 3 1 1 3 36 2 4 1 1 3 2 2 3 16 2 39 1 5 1 1 1 2 1 3 1 9 1 5 1 2 1 1 2 2 3 12 1 1 21 35 2 5 3 2 2 2 2 2 21 2 2 1 9 55 4 2 1 2 2 2 3 6 6 10 5 2 5 1 1 1 4 7 2 59 4 24 1 4 21 2
4 9 4 8 94 2 1 1 3 2 1 11 1 2 1 10 1 2 1 2 2 1 1 7 4 3 1 2 1 2 30 1 3 1 6 1 1 1 8 1 3 12 1 1 3 4 1 3 8 6 42 1 3 7 4 2 15 3 2 14 1 2 1 12 2 2 4 1 1 1 6 24 11 13 1 1 8 9 1 1 1 10 1 1 2 3 14 13 8 3 4 1 2 2 2 5 3 2 3 1 8 1 3 1 6 3 1 1 4 4 3 11 2 1 5 1 1 35 3 2 1 12 18 4 8 2 1 8 2 1 5 1 3 10 2 2 11 1 3 1 1 1 4 3 2 1 1 64 2 2 1 3 1 1 11 13 2 3 98 1 3 1 3 2 4 3 1 4 2 1 5 4 12 3 3 1 2 2 4 1 1 1 1 1 2 1 1 1 1 3 1 1 2 2 3 1 27 2 3 1
2 13 1 71 1 1 1 2 10 4 1 3 2 2 5 2 2 9 4 3 2 9 3 2 5 1 2 4 4 1 2 7 1 2 1 2 1 1 2 4 1 3 2 2 1 15 1 2 3 1 7 2 1 2 6 1 2 4 11 15 3 9 1 1 4 2 1 7 3 1 1 3 4 1 1 1 2 1 1 5 2 4 2 4 3 1 1 1 22 1 2 5 4 1 2 2 3 1 84 7 2 3 2 2 1 2 2 1 21 2 3 2 23 12 18 5 7 3 2 21 1 2 1 2 1 1 10 1 5 1 3 1 2 3 2 2 2 1 1 1 10 1 2 1 11 1 2 2 1 2 5 1 4 3 9 2 3 2 6 4 2 2 1 1 4 47 2 5 2 4 2 72 2 5 3 47 13 1 18 3 3 1 3 1 3 1 1 12 2 2 2 1 2 1 2 4 2 2 2 58
1 1 3 1 2 1 4 4 6 2 1 64 1 3 14 4 38 2 2 1 1 2 3 3 1 1 4 16 3 6 8 2 1 3 1 1 3 2 3 1 10 2 20 1 2 2 4 1 3 2 11 2 1 3 3 1 4 2 8 1 2 7 2 1 1 3 1 1 1 3 1 1 5 10 5 2 20 3 1 3 2 10 1 2 2 1 1 6 3 3 18 1 2 3 1 2 1 1 5 1 6 1 4 1 4 4 1 1 1 24 3 5 2 1 1 1 2 1 1 3 5 8 2 1 3 2 6 1 4 2 2 1 1 1 23 2 1 233 5 2 6 1 9 2 1 3 4 2 11 4 1 1 2 1 3 2 2 3 52 2 1 2 1 1 2 1 8 2 6 6 1 10 12 1 1 5 1 3 2 1 1 2 1 3 4 1 5 1 12 2 1 8 1 3 313 1 1 2 7 2
1 10 2 1 1 1 3 1 12 1 1 4 3 2 1 6 2 2 2 2 1 4 1 1 5 3 17 2 3 3 4 1 1 5 2 7 2 1 2 1 7 1 1 1 1 1 6 28 2 4 2 2 1 3 1 1 55 28 2 3 1 1 22 1 1 1 3 3 1 1 3 22 1 3 1 3 1 1 2 3 5 7 2 60 1 4 4 1 1 3 1 1 1 2 1 1 7 1 11 21 2 2 1 25 3 224 4 1 1 1 4 24 6 2 2 5 2 25 53 25 2 6 1 7 1 1 2 1 1 2 7 1 1 4 4 1 1 3 2 1 1 3 1 11 39 12 2 1 1 3 1 30 3 61 2 4 41 3 2 4 3 26 5 1 1 2 3 9 1 3 2 2 1 29 2 1 11 1 2 1 2 1 1 2 1 2 1 2 3 2 1 4 2 2 2 2 1 2 1 1
4 8 4 1 3 2 2 1 3 1 2 1 2 2 1 4 5 5 1 2 1 2 1 8 1 1 2 2 3 4 3 1 6 4 3 1 1 2 4 32 1 1 2 1 2 2 2 1 5 1 3 3 1 5 1 3 1 10 5 3 1 9 10 2 2 108 2 2 2 4 1 5 1 1 91 4 1 1 3 2 3 1 1 3 1 6 32 2 2 1 7 1 1 1 28 2 6 1 1 1 1 40 1 3 1 3 2 5 5 2 6 4 4 3 1 2 1 4 2 1 3 6 6 5 1 3 2 4 1 3 4 74 3 2 1 1 3 5 1 2 5 4 1 5 2 4 4 4 2 1 1 1 8 5 22 1 1 2 4 6 1 2 9 1 4 1 6 1 1 3 2 1 2 7 1 12 1 1 2 32 1 1 4 5 2 1 1 7 2 1 1 6 1 2 1 4 1 6 2 2
2 2 1 1 2 2 2 1 3 1 4 9 2 2 1 2 11 1 2 2 3 2 8 6 3 2 3 2 11 48 1 1 1 7 5 2 1 3 1 1 1 2 2 2 2 2 2 1 2 22 1 4 1 2 19 4 3 1 3 60 8 3 2 19 2 5 1 1 12 1 13 3 9 43 12 134 1 1 1 2 1 1 1 1 1 1 1 2 16 96 1 3 1 1 1 2 4 1 3 1 1 4 1 1 24 1 1 2 1 3 6 1 7 2 4 2 3 1 4 6 1 1 27 1 2 1 2 4 1 2 3 1 4 1 3 2 3 6 3 27 1 1 4 2 2 6 8 2 1 2 2 1 2 4 11 9 1 2 4 4 5 2 1 1 2 2 8 7 1 11 1 2 4 2 2 12 7 17 1 17 1 4 1 2 1 1 1 1 3 7 1 3 1 1 1 5 2 4 3 2
5 5 2 1 2 2 2 1 4 1 7 1 2 1 1 2 2 2 5 2 23 1 2 2 2 6 1 2 2 1 4 2 1 1 1 8 69 1 11 1 4 8 3 1 1 4 1 21 3 2 2 1 2 1 1 1 3 2 3 1 7 5 59 26 1 1 12 6 7 2 17 3 7 5 2 1 2 3 2 2 2 8 1 6 1 1 8 2 2 1 2 2 2 2 2 6 1 1 6 3 2 9 2 3 2 2 4 1 1 2 1 37 1 1 1 1 26 4 3 2 3 2 2 9 3 3 6 5 1 12 3 1 3 4 6 2 1 2 2 2 3 2 1 1 2 2 1 2 4 4 5 1 2 20 1 2 2 2 2 4 1 2 2 3 2 4 1 11 4 5 1 2 1 3 3 2 9 6 1 2 5 1 1 3 4 2 3 1 2 5 4 15 1 1 2 1 4 1 3 2
91 2 92 2 1 3 4 3 3 5 3 23 4 3 3 5 8 4 3 3 8 1 37 4 2 2 1 8 1 1 2 2 48 5 3 1 1 2 1 4 1 1 3 1 6 4 2 2 1 5 1 1 9 2 2 16 2 8 1 2 3 1 41 4 1 3 1 12 3 1 3 1 2 2 2 2 1 1 17 1 2 4 1 3 3 12 1 13 1 40 3 2 1 2 1 1 2 1 2 1 2 3 2 4 3 3 3 24 3 2 1 1 1 2 1 3 21 4 2 1 1 4 1 5 2 2 10 3 2 1 1 1 7 3 4 2 5 17 3 2 26 4 1 2 3 2 1 7 16 2 48 8 12 195 1 1 13 2 1 1 1 2 6 24 2 1 2 4 7 2 4 2 27 4 15 1 3 1 1 3 3 13 3 2 2 11 1 3 6 2 1 3 91 3 2 1 5 2 6 4
5 5 4 6 2 1 30 1 3 1 1 2 12 2 6 2 1 5 6 1 2 3 1 6 5 3 3 3 2 4 1 2 2 2 2 2 14 9 6 8 3 1 2 3 2 5 2 1 9 1 1 2 2 8 7 2 1 3 2 1 8 1 2 2 1 2 4 1 1 3 3 1 45 4 23 2 30 2 2 3 8 2 11 4 3 1 4 2 8 1 2 2 95 2 1 1 3 4 9 10 1 3 2 3 1 8 2 5 3 2 1 2 2 2 8 4 2 2 1 5 2 2 1 1 1 1 3 65 4 2 159 2 12 1 1 1 1 1 1 12 2 4 1 2 2 3 4 2 1 1 1 2 2 2 1 14 71 1 1 16 2 4 9 1 78 1 7 10 2 1 1 2 1 1 2 14 1 2 4 2 5 6 9 2 2 5 3 2 1 6 1 4 1 2 2 4 14 1 3 4
4 26 8 1 1 1 1 1 5 3 2 8 5 1 3 2 2 1 7 21 3 2 1 1 1 2 6 3 2 1 1 4 1 3 1 1 3 2 1 3 1 2 1 10 1 1 1 8 113 4 2 3 2 1 3 1 1 1 1 1 6 3 10 3 77 2 1 6 36 1 2 1 1 2 2 2 1 2 1 2 2 2 1 1 3 6 1 1 5 2 2 9 53 3 2 2 16 2 4 1 4 5 3 24 1 2 6 1 74 2 4 1 3 3 2 12 5 1 1 1 7 2 1 2 1 2 4 5 5 2 1 1 1 7 1 2 7 4 1 3 2 6 2 2 5 1 3 2 1 3 9 1 2 1 3 1 1 4 3 2 11 1 14 2 3 2 2 3 10 3 1 1 4 1 25 2 3 1 3 3 168 2 2 3 2 23 12 1 2 4 1 12 1 2 2 6 1 2 2 2
2 2 3 3 1 12 2 4 5 2 1 16 4 1 1 1 2 2 2 1 2 2 28 6 2 2 3 2 1 9 4 1 1 4 2 14 135 1 2 17 1 1 1 2 2 6 2 1 1 206 2 4 1 1 3 5 1 2 55 2 2 2 3 6 4 4 1 2 1 2 3 1 1 1 2 1 1 1 7 7 1 1 2 5 1 7 13 1 2 2 17 27 1 1 6 6 3 2 1 1 4 3 2 2 1 1 3 1 52 2 1 1 5 2 2 4 2 1 6 2 2 11 11 1 5 2 6 206 3 2 15 2 1 9 5 2 2 2 1 2 3 4 1 2 24 24 49 1 21 2 1 2 2 1 3 4 2 5 1 8 4 4 3 2 3 2 1 2 1 1 2 1 1 1 2 15 1 2 6 9 3 1 1 2 2 1 1 2 1 1 4 4 3 1 1 20 1 1 1 9
9 2 1 4 10 1 3 1 1 1 1 9 2 281 22 414 6 4 12 1 3 1 14 1 1 1 12 1 2 5 3 14 5 2 3 1 2 10 1 2 6 6 20 2 3 1 1 2 2 1 5 5 1 6 2 5 2 1 1 2 1 1 3 2 1 2 2 1 1 1 1 6 2 2 1 2 24 2 2 8 4 8 1 2 5 1 1 1 2 1 4 5 1 1 4 2 1 101 2 2 1 1 14 4 2 3 51 1 2 77 2 1 2 1 1 10 2 2 13 6 1 3 1 1 2 1 2 6 1 2 5 4 4 3 1 252 4 2 3 42 12 2 4 2 2 19 2 1 19 1 2 6 1 38 6 3 1 1 1 3 10 1 1 4 2 2 2 1 4 2 4 5 1 2 2 20 1 1 2 5 1 2 1 3 4 1 1 2 2 1 7 3 4 2 10 2 2 109 4 4
5 1 2 1 2 43 1 2 1 2 4 2 1 1 5 1 4 3 2 6 1 1 2 1 2 6 22 1 1 1 2 40 2 2 2 6 2 2 1 4 3 126 2 14 1 1 3 2 3 15 1 4 4 1 1 2 3 2 2 1 1 1 3 2 1 5 6 2 1 3 1 1 4 9 3 1 2 2 1 9 46 2 3 1 1 3 2 4 5 1 2 2 4 26 6 2 1 5 2 1 3 1 2 1 5 2 17 1 3 5 1 1 1 20 1 2 4 1 2 2 1 1 1 3 2 1 1 2 2 1 2 2 4 1 1 1 2 4 1 2 3 1 1 1 4 1 2 1 2 2 2 2 2 2 1 8 2 1 2 4 2 1 4 1 1 3 28 2 4 1 1 3 5 1 28 1 2 7 1 2 3 1 10 3 4 1 11 9 3 2 8 34 11 4 2 2 3 1 2 2
10 2 1 116 31 1 1 4 49 2 2 1 20 1 9 2 1 5 1 1 5 3 2 2 2 2 2 2 1 4 6 2 2 2 1 1 6 1 2 1 2 1 8 3 3 14 2 2 10 1 10 1 8 3 25 2 3 1 4 4 8 1 11 77 2 1 1 1 3 1 2 2 1 14 10 1 1 17 3 1 4 5 2 1 3 4 3 7 4 2 28 2 1 5 9 3 11 2 2 2 14 2 2 4 2 2 2 3 7 3 1 34 1 2 2 7 2 3 6 1 1 1 1 3 2 3 2 2 1 11 1 4 3 2 1 2 1 2 1 16 2 1 1 7 3 2 2 2 10 1 4 8 3 1 3 2 4 3 2 2 2 2 3 2 3 2 1 3 2 1 3 1 64 1 1 2 2 1 84 1 1 1 2 1 3 3 2 1 1 1 2 34 1 12 8 1 1 3 1 2
2 1 3 3 16 2 5 2 2 2 2 1 7 1 13 48 1 1 8 6 2 2 1 3 4 1 2 6 2 3 3 33 2 4 2 16 117 1 2 3 2 1 3 3 1 3 1 1 2 1 1 1 1 4 8 2 1 5 2 5 2 2 2 22 2 2 1 2 2 2 1 1 4 3 2 1 1 1 2 1 2 1 1 1 3 1 1 8 1 3 5 1 1 8 1 2 5 5 7 4 5 2 1 6 3 72 2 1 34 3 5 155 1 1 2 1 1 11 3 4 1 1 1 5 3 2 1 2 2 2 5 1 1 2 1 2 1 11 4 4 6 72 3 12 48 2 3 29 5 14 1 1 3 1 3 1 61 6 1 5 8 17 4 17 2 1 1 1 20 1 1 3 11 23 4 2 17 2 3 16 2 1 20 25 3 1 2 1 3 6 2 2 1 2 1 1 3 1 1 3
3 1 3 1 2 2 14 1 1 1 5 1 2 2 8 2 3 10 2 1 2 13 1 3 3 1 4 3 17 1 1 1 4 4 7 7 2 4 1 1 2 1 1 2 24 1 2 4 1 9 12 5 3 2 6 2 3 2 2 1 4 7 3 1 3 8 11 1 2 2 5 1 7 2 1 3 4 10 3 2 2 2 2 2 2 3 21 1 3 10 1 2 2 3 4 23 6 2 8 2 3 8 1 2 3 6 2 7 5 7 2 4 9 1 4 1 1 1 9 3 3 2 3 2 2 2 4 2 3 2 2 2 1 2 123 3 1 5 1 3 1 1 1 77 2 1 2 3 1 2 2 1 1 23 1 1 6 2 2 1 2 1 2 9 1 3 1 2 2 492 5 1 3 2 1 5 2 1 2 2 8 2 3 2 1 1 3 3 1 3 11 3 6 2 4 3 2 1 80 2
49 1 2 276 6 1 1 2 2 1 1 4 4 3 1 1 13 11 2 2 1 2 1 2 2 2 2 10 1 2 2 3 16 2 1 2 7 1 5 2 3 2 4 2 9 2 7 1 3 2 5 4 3 4 2 2 3 4 1 2 3 1 1 4 2 1 8 2 2 2 2 1 1 1 2 47 3 5 1 1 2 7 1 1 2 3 1 3 17 2 1 2 1 1 2 10 2 2 1 2 1 1 1 2 2 1 4 1 6 2 1 10 1 7 3 7 1 10 1 12 1 16 132 2 1 4 7 3 1 2 1 3 1 2 1 2 36 4 5 10 2 1 1 6 3 1 1 7 3 2 12 2 1 1 3 1 2 2 1 5 3 1 1 1 7 1 4 11 10 3 1 1 2 2 1 4 1 2 9 3 1 2 1 1 6 4 4 3 5 1 7 5 14 1 2 2 1 6 2 1
14 1 1 2 3 3 10 3 2 5 100 1 2 41 3 1 3 1 5 6 8 2 1 2 3 3 5 27 2 1 25 1 1 3 1 1 1 90 1 4 1 2 2 2 3 21 5 2 1 3 2 1 3 2 1 1 13 1 1 5 1 2 1 1 4 2 1 20 5 1 1 4 1 2 2 2 2 2 1 1 2 1 1 1 1 3 2 13 3 2 1 3 4 3 1 1 2 1 1 3 3 1 1 1 8 1 1 2 2 1 6 2 1 17 4 1 1 1 3 1 2 1 2 1 1 2 11 19 2 2 1 1 1 1 1 5 2 7 2 16 2 10 11 1 1 2 29 3 1 4 2 2 3 3 2 1 1 32 1 3 2 20 1 2 2 2 2 1 4 2 6 1 1 1 1 454 2 3 8 21 1 57 23 2 2 2 1 161 1 5 1 3 1 2 1 1 4 1 3 2
1 2 14 27 3 2 6 4 45 10 1 1 1 10 1 1 4 1 1 1 1 9 1 6 1 3 3 2 1 1 1 2 2 2 1 2 16 2 5 14 2 4 3 5 2 9 1 2 5 2 2 3 43 6 1 1 1 1 2 1 1 2 24 11 7 7 2 1 3 1 2 4 1 1 1 2 1 4 3 1 7 10 1 1 2 1 4 2 7 2 1 2 1 3 1 1 3 1 1 26 6 1 1 2 3 1 2 26 2 2 1 2 2 4 3 4 1 4 2 7 3 12 1 1 3 5 2 219 2 3 2 2 1 28 7 12 2 1 18 1 2 1 2 9 79 2 1 11 1 3 2 1 2 5 1 1 2 4 1 1 1 1 1 1 1 1 1 1 2 2 2 1 119 1 4 1 2 6 2 1 2 2 5 1 1 4 4 1 1 11 2 1 4 1 1 8 2 1 1 2
1 9 19 1 9 3 86 2 4 2 7 2 1 13 40 3 2 5 3 1 3 1 2 1 1 30 1 1 2 1 1 4 1 4 25 1 16 2 5 2 2 1 2 2 1 3 1 5 5 49 1 2 3 2 1 1 2 3 3 1 20 1 2 2 1 1 44 1 2 3 1 3 1 1 31 2 1 1 9 1 3 1 2 1 5 1 3 1 2 7 3 8 390 1 3 2 2 1 6 2 1 3 1 4 28 1 1 2 2 2 1 1 7 1 2 6 13 7 2 3 18 2 2 1 3 2 2 20 1 1 4 1 1 1 2 27 5 1 2 1 3 3 2 9 1 2 2 6 1 2 2 2 3 1 2 12 2 341 2 1 2 3 1 1 192 4 2 2 1 1 1 2 2 3 2 2 2 150 3 1 5 2 1 10 3 8 2 7 2 1 3 2 1 2 1 5 2 2 2 2
2 3 2 1 17 3 2 2 7 7 6 2 2 2 1 1 1 1 3 18 1 2 4 4 2 7 2 27 1 2 3 2 2 1 1 2 3 2 1 2 1 1 8 1 2 1 1 1 4 2 87 3 1 1 5 1 4 1 2 1 1 1 3 2 10 1 1 2 17 2 3 4 5 3 1 2 1 4 2 4 1 2 3 1 1 1 2 2 1 2 2 1 2 2 2 1 2 2 2 4 3 1 2 3 1 1 2 15 1 13 2 1 2 4 2 1 2 1 3 2 3 13 1 2 1 2 8 4 4 2 3 3 2 1 5 110 2 2 15 140 1 1 12 2 2 8 2 1 4 1 2 1 8 2 2 3 1 1 93 1 13 2 5 2 2 2 25 1 1 1 1 3 6 1 2 2 2 2 1 5 2 3 3 1 2 2 3 2 17 6 3 4 2 13 3 1 18 22 16 1
1 2 2 1 1 1 1 1 1 2 1 1 1 1 2 1 2 5 1 1 1 4 1 5 1 2 3 1 1 6 1 1 1 4 138 2 4 1 1 6 3 1 2 10 3 1 1 8 2 4 1 1 3 2 2 4 1 11 2 5 1 1 1 13 5 4 1 2 1 4 54 10 7 4 1 2 1 1 3 4 2 2 1 6 4 5 9 2 1 1 2 1 5 3 4 10 2 5 28 1 8 8 2 1 1 2 2 1 1 2 1 1 2 1 3 4 4 2 6 1 2 1 3 7 8 2 1 5 2 5 1 4 1 42 3 2 1 1 1 2 1 1 1 6 23 3 1 13 4 1 1 6 35 1 3 1 8 2 1 1 19 1 2 3 2 10 1 12 1 3 2 2 3 6 3 14 2 4 2 1 3 2 3 2 5 2 2 4 50 5 1 2 1 3 1 6 28 1 6 1
1 2 4 3 1 2 2 1 164 4 2 3 1 1 4 10 2 98 1 3 1 1 7 1 4 34 1 2 1 1 1 1 7 3 1 3 6 2 1 2 10 2 1 3 2 2 2 3 24 1 61 1 2 2 1 2 1 4 2 2 8 1 14 9 1 1 4 1 1 2 6 1 60 3 1 3 2 1 3 3 1 1 4 5 6 2 2 1 4 5 1 2 2 2 3 1 3 2 1 1 3 2 2 1 1 3 2 6 1 2 6 2 5 3 2 1 2 2 2 2 11 8 2 20 4 1 2 2 1 2 2 2 1 1 1 3 1 2 74 2 3 1 1 1 2 2 1 2 1 3 2 3 6 3 4 1 5 1 2 1 2 1 4 1 1 1 1 1 2 4 5 2 2 16 1 2 4 3 2 8 2 1 2 1 1 3 2 1 2 2 9 1 2 2 1 23 4 30 21 1
9 1 10 1 2 7 9 10 1 2 462 2 13 7 1 2 3 4 2 4 2 9 2 1 2 4 1 2 30 1 14 1 4 1 10 414 2 8 1 3 11 2 35 1 3 62 1 3 16 1 3 6 2 1 3 3 2 1 3 4 2 1 1 5 2 1 1 1 1 2 5 42 3 8 1 2 1 2 1 2 2 1 9 1 2 1 6 1 4 2 4 1 3 36 2 12 3 1 3 6 1 2 4 1 4 4 2 2 2 5 2 2 6 1 59 2 253 3 3 15 2 6 2 3 1 2 1 3 2 3 16 1 5 2 3 1 6 4 4 2 122 6 1 1 2 1 1 3 65 1 2 1 1 15 2 1 1 4 4 27 2 2 2 8 4 1 2 1 1 3 6 2 3 1 1 1 1 2 6 2 6 2 1 1 1 22 2 3 2 4 1 1 4 5 1 3 2 5 5 3
2 1 2 3 6 2 16 1 1 6 12 2 3 1 44 2 2 46 5 1 2 2 6 1 2 18 1 6 3 1 1 3 2 1 5 3 18 2 2 1 1 2 11 1 2 5 1 2 3 3 3 1 1 3 5 1 3 3 11 2 4 1 4 1 1 1 1 2 2 2 2 1 2 1 1 1 1 1 3 30 1 1 1 1 3 7 5 1 26 3 2 2 3 2 5 2 1 55 1 1 14 5 3 3 2 3 3 1 1 2 2 1 2 2 2 5 2 1 16 5 2 4 44 8 6 2 88 16 1 2 4 34 2 3 12 1 2 3 3 6 1 1 1 1 1 3 1 2 1 1 1 53 1 1 3 4 5 1 16 3 2 1 1 1 1 3 2 21 4 1 1 5 1 2 2 2 2 2 2 7 2 2 1 1 3 2 3 2 1 2 3 4 1 2 2 4 2 2 1 2
44 2 1 6 2 1 6 1 1 1 4 1 1 2 1 10 4 18 1 2 4 10 1 2 1 1 1 2 1 6 2 1 1 2 1 1 5 4 1 1 57 5 5 2 3 10 1 1 11 3 4 1 14 5 5 1 10 2 2 4 2 1 33 1 16 7 8 2 4 1 2 21 3 3 2 39 1 5 3 1 1 1 1 4 1 1 2 3 1 2 80 3 2 2 1 2 2 15 2 3 1 1 2 1 1 1 7 2 5 12 3 2 1 11 4 3 2 2 2 3 1 51 2 5 2 2 2 6 1 4 4 2 2 7 38 2 13 2 2 3 3 1 5 8 1 2 1 1 1 28 1 2 2 1 8 1 1 1 4 1 2 2 28 2 5 10 4 1 3 1 2 9 1 6 24 2 1 1 9 2 5 4 3 2 1 3 3 8 15 2 1 3 1 4 1 1 2 1 5 1
7 2 1 1 8 3 3 1 2 1 2 1 9 3 2 15 2 3 5 2 2 2 1 5 1 1 47 1 1 1 4 2 12 1 1 2 1 5 7 3 4 5 2 2 2 9 1 4 4 6 2 16 2 2 3 15 1 4 2 4 1 2 1 1 3 1 1 4 4 2 13 6 2 2 2 8 1 1 2 3 1 2 2 11 1 1 10 18 1 3 2 4 1 7 1 2 1 1 1 1 3 1 1 5 2 2 10 1 2 1 1 1 7 10 2 2 3 1 3 6 81 31 16 2 3 1 9 6 1 3 3 12 25 2 5 1 7 4 2 1 1 2 1 2 1 16 2 1 9 4 2 1 4 4 1 2 1 2 6 2 1 3 1 2 45 4 2 2 3 2 1 4 1 2 1 1 2 1 2 5 1 12 3 3 1 4 2 5 2 2 4 6 59 2 41 1 67 1 2 2
1 4 2 1 1 1 8 1 4 11 4 11 1 1 1 1 17 1 1 8 2 1 6 3 7 3 1 3 1 42 8 12 2 2 16 3 1 2 2 2 1 2 1 4 1 1 3 2 4 2 1 1 1 8 2 2 1 1 2 1 4 5 3 9 3 1 2 1 2 2 1 1 5 2 2 2 2 2 5 3 2 2 3 1 4 1 1 1 2 3 3 5 26 1 2 1 2 7 2 1 1 3 1 2 1 12 1 1 9 1 5 2 4 5 1 1 4 3 3 2 2 2 4 2 22 1 2 1 1 15 4 8 1 2 26 25 5 1 4 1 25 3 2 122 3 1 2 4 1 2 6 6 1 1 2 1 2 1 2 1 5 2 2 74 1 3 1 2 1 1 2 2 6 36 1 1 6 56 2 1 1 39 1 4 3 4 1 2 26 1 11 2 10 1 3 2 2 4 11 1
2 6 2 93 1 2 2 3 1 1 9 1 5 1 1 2 3 1 19 1 6 2 2 5 1 20 2 2 9 1 1 1 3 1 1 1 1 1 2 1 44 1 2 1 1 1 1 1 1 2 1 3 2 1 8 1 2 3 1 1 7 22 8 1 2 1 4 2 1 2 4 1 3 1 9 3 2 18 1 6 1 7 1 4 1 1 1 6 4 1 1 1 3 1 3 1 3 2 1 2 2 6 1 1 32 1 9 2 5 1 42 4 1 3 1 2 2 1 2 3 1 2 1 3 1 2 1 1 2 2 1 5 13 2 3 1 1 1 1 3 2 2 1 1 1 1 1 1 4 1 1 3 9 35 2 2 1 6 1 2 2 1 4 4 4 1 17 1 2 1 1 3 16 2 1 1 1 1 16 1 9 3 12 2 3 1 1 2 1 3 9 2 2 1 11 1 2 1 1 1
1 18 2 1 6 3 2 2 4 2 8 102 73 2 1 2 2 2 1 2 1 4 1 1 1 2 1 1 2 4 19 3 2 3 3 2 2 1 37 1 2 2 1 212 1 7 1 25 3 1 4 6 1 1 1 2 6 13 2 4 1 2 5 1 2 2 3 1 1 2 3 1 2 1 10 1 1 3 1 21 91 17 2 2 3 86 1 3 1 2 29 1 4 3 2 6 1 1 1 3 5 10 9 26 20 2 1 2 1 1 7 1 1 4 2 1 1 3 2 8 99 23 2 2 2 3 5 2 1 13 1 1 3 1 2 1 1 1 1 4 2 1 6 2 6 35 2 1 4 1 8 1 12 1 2 2 3 3 1 14 3 2 3 2 72 2 1 11 2 120 3 2 3 2 3 1 1 38 2 1 2 3 58 1 24 1 12 1 2 4 2 1 5 2 1 2 9 1 5 2
14 1 1 1 1 7 1 7 2 2 28 1 14 9 5 6 3 2 17 7 4 2 5 1 2 2 1 1 3 2 2 3 1 3 2 2 2 41 2 2 1 5 1 4 9 2 2 3 1 1 5 2 1 14 13 1 3 17 1 1 5 1 1 10 1 1 15 2 3 2 1 3 2 1 1 2 1 12 2 3 4 1 2 1 4 6 2 1 4 2 1 1 6 1 10 14 9 4 6 1 2 14 3 1 2 1 3 2 2 2 1 1 1 2 4 2 2 2 3 10 2 29 2 1 1 7 3 1 2 4 4 4 3 3 2 4 3 1 1 1 4 67 2 1 1 2 2 2 5 1 5 1 72 7 1 1 2 1 2 8 5 2 3 2 3 3 4 4 2 1 3 1 13 1 29 6 1 1 8 1 6 49 2 3 27 1 2 2 1 2 1 2 4 3 3 1 2 3 2 5
1 2 1 4 22 75 2 2 2 5 2 2 2 10 2 3 1 6 2 2 5 2 5 2 16 1 1 2 2 1 4 1 3 1 2 6 1 2 2 2 1 1 2 1 60 16 2 1 3 2 4 2 8 1 6 1 4 2 2 5 2 2 1 3 1 2 2 1 1 2 6 1 3 1 4 1 5 4 2 2 2 13 1 1 1 2 1 10 2 1 3 1 43 3 3 2 7 4 1 21 1 1 2 4 1 47 1 2 2 1 1 32 8 2 4 2 11 5 1 10 2 3 4 7 1 5 2 1 2 2 1 1 2 4 2 1 6 1 2 4 5 1 5 2 27 1 5 3 1 3 1 2 1 3 9 4 3 1 1 3 1 4 1 4 2 11 1 2 3 1 1 1 1 1 1 2 1 2 1 1 1 2 1 2 1 1 1 2 17 2 2 3 1 1 1 2 9 44 1 2
2 2 2 6 3 5 36 2 1 2 7 3 2 2 16 1 7 1 1 1 1 1 10 1 2 3 2 2 1 2 1 2 1 7 2 1 2 1 254 2 6 1 1 1 1 2 3 2 1 3 2 8 132 2 16 2 6 1 1 2 3 325 2 2 1 1 2 2 3 2 3 1 2 4 3 2 4 1 2 28 4 1 2 1 1 7 8 1 65 2 2 27 1 2 26 1 1 55 1 3 3 4 2 5 1 1 1 1 3 1 12 2 2 1 3 3 1 1 3 13 2 20 2 1 3 1 1 1 1 1 2 1 2 1 2 4 2 2 2 1 1 1 2 1 3 1 1 1 10 3 1 1 4 1 1 1 19 7 1 1 2 2 2 1 2 3 2 8 1 3 2 3 1 9 1 2 2 2 5 4 2 1 1 1 1 1 1 1 6 1 3 7 2 1 2 46 3 2 8 4
62 2 1 2 4 1 11 7 4 2 2 21 2 1 2 2 3 1 10 2 4 1 1 1 3 1 2 1 1 1 2 71 3 1 11 4 2 1 2 1 7 4 14 2 4 2 6 1 2 5 1 1 2 1 2 10 1 32 1 2 1 1 1 1 1 1 2 1 1 1 4 1 2 14 1 2 7 2 2 2 3 2 2 1 1 4 1 3 4 1 9 2 1 2 2 1 1 2 51 1 20 3 1 2 6 2 2 2 5 2 2 1 3 1 10 1 2 8 2 1 2 1 47 2 10 15 3 3 26 4 2 1 2 10 96 2 1 1 1 2 1 2 1 2 1 7 4 1 4 1 3 1 7 1 1 3 1 1 12 4 3 1 1 1 2 4 2 1 7 1 1 1 4 3 1 1 2 2 6 3 1 14 2 1 9 23 1 2 2 2 1 5 8 1 2 2 1 1 3 1
1 7 3 1 2 8 1 6 2 2 1 1 3 2 1 1 11 2 3 2 1 2 1 4 1 2 1 1 4 1 3 5 54 1 2 3 18 2 4 2 2 2 1 2 5 1 1 2 2 3 41 1 3 2 1 2 3 2 1 2 5 1 2 2 6 3 1 1 1 3 2 2 1 18 3 1 1 3 1 3 3 2 3 2 2 4 2 37 3 2 1 2 1 5 1 1 1 2 37 2 1 2 3 1 2 1 4 3 1 10 2 1 1 1 1 11 7 3 4 1 1 6 2 1 2 3 2 1 1 1 1 3 2 1 1 1 2 2 1 1 2 3 1 1 1 2 1 1 1 2 1 2 3 3 6 2 25 1 1 2 3 2 1 1 2 8 2 5 8 1 3 2 2 1 1 2 3 1 4 3 6 4 1 4 3 5 1 1 1 3 1 1 1 1 2 56 6 1 2 2
1 1 361 1 2 2 3 3 3 2 3 1 3 5 1 1 2 3 1 1 3 1 4 2 2 3 1 4 1 14 1 5 2 2 3 1 2 4 3 1 7 7 2 4 1 4 6 30 2 3 3 3 1 1 6 20 7 2 1 3 1 1 1 16 1 1 4 1 8 2 1 3 1 18 1 2 2 3 2 1 2 35 3 1 2 5 1 3 2 2 3 2 2 1 1 4 2 7 3 1 1 1 5 5 48 1 1 3 2 1 2 8 9 25 4 1 2 3 1 1 1 2 7 8 3 8 3 2 1 14 3 1 2 6 2 4 4 5 2 4 1 8 3 6 12 2 13 2 2 38 4 2 2 1 4 1 3 1 4 2 5 4 1 6 9 1 4 1 2 1 2 1 1 7 1 1 2 12 6 1 6 7 1 2 1 2 1 14 4 1 1 3 3 1 3 3 11 2 2 11
13 2 2 2 2 2 1 2 1 1 177 1 1 2 2 4 2 1 4 1 4 2 3 6 1 4 7 2 1 1 1 28 2 23 2 2 2 1 1 18 2 25 1 2 37 1 1 1 2 1 1 1 2 5 1 9 1 2 6 3 1 13 3 5 2 3 2 1 1 1 5 35 2 1 1 1 1 2 9 1 2 1 1 1 10 1 3 1 3 2 6 3 2 1 1 3 8 3 1 7 2 4 15 3 2 4 2 5 2 2 2 1 12 5 2 1 2 2 2 1 3 1 2 2 21 1 3 1 2 2 5 2 209 30 1 4 1 1 3 4 2 3 4 1 4 1 1 40 11 18 2 14 5 1 1 1 3 1 5 1 5 2 1 2 1 1 4 1 2 3 1 1 1 3 1 3 1 4 349 9 3 25 2 3 7 1 1 1 4 12 2 3 1 26 1 3 1 2 2 7
2 1 3 4 1 2 1 1 4 3 1 1 1 2 2 8 1 3 1 2 1 4 9 2 1 1 2 1 2 3 29 1 1 1 3 1 8 2 1 2 5 9 4 1 1 1 3 2 1 4 1 18 3 8 1 3 9 8 10 1 1 6 17 2 2 2 3 6 5 1 324 1 5 2 2 6 1 6 15 2 4 3 14 10 1 2 4 2 10 1 1 1 1 31 35 3 2 1 1 10 1 3 2 1 1 6 25 2 2 6 5 9 1 1 3 3 16 3 1 3 1 3 3 2 19 3 2 10 1 2 8 6 1 3 2 1 2 1 2 9 2 1 4 2 6 1 1 2 2 1 1 1 5 16 3 2 1 5 3 1 5 17 2 3 2 1 1 2 15 1 3 2 4 1 8 1 15 13 1 2 1 6 5 2 1 1 2 2 6 5 2 3 3 2 1 3 1 3 15 4
107 8 1 1 2 1 4 2 2 1 2 3 2 1 3 4 2 2 3 1 1 1 3 1 1 2 1 2 2 8 47 9 2 1 2 7 2 43 3 2 1 3 15 1 2 1 3 3 20 2 1 10 1 4 2 11 4 5 4 2 1 46 2 6 4 7 3 1 1 2 1 1 1 5 99 1 4 3 2 1 1 1 2 2 1 45 4 7 2 1 1 4 1 3 1 2 14 2 1 1 10 24 7 7 3 2 31 2 1 1 1 1 1 5 2 3 3 3 2 5 1 2 11 2 3 46 2 6 1 1 1 3 68 1 1 2 10 7 1 4 1 2 2 2 1 37 5 4 3 2 4 2 4 2 1 50 29 2 1 1 1 24 1 2 16 21 9 1 1 1 2 2 13 5 7 2 1 9 12 2 3 1 1 1 3 1 5 2 2 4 6 2 3 6 2 2 2 5 3 3
1 6 1 2 1 6 2 1 1 1 3 9 1 4 4 2 10 6 22 1 2 1 2 1 1 1 5 3 2 30 1 2 7 2 2 2 30 2 2 3 1 1 1 3 1 1 1 2 1 1 5 1 1 1 2 4 3 7 3 1 4 1 2 5 5 4 1 2 1 3 3 1 2 20 10 1 1 3 4 11 2 1 2 2 2 1 5 6 2 1 5 2 1 2 1 1 2 1 3 1 1 1 1 6 1 1 5 1 2 5 7 4 27 5 3 3 4 3 3 4 6 2 7 2 3 3 1 5 2 2 1 2 1 6 7 1 1 4 2 2 1 6 1 7 4 22 4 2 3 3 16 2 5 4 2 2 2 3 29 7 2 5 4 1 2 6 3 2 125 10 1 1 7 2 2 2 1 2 1 4 2 10 2 1 3 28 7 2 2 2 1 5 17 1 7 3 1 3 3 2
2 2 2 2 1 2 1 2 1 1 4 4 1 113 11 1 9 173 2 9 1 2 1 1 1 2 1 1 2 2 33 1 1 1 1 1 3 2 1 1 2 15 23 1 2 4 5 16 3 4 2 1 2 1 16 3 1 4 1 5 5 1 4 11 18 1 6 1 7 1 2 2 1 7 1 6 257 3 13 23 1 2 2 1 2 8 2 20 4 4 3 4 1 2 4 1 1 6 1 2 1 5 1 1 1 1 2 6 1 1 3 2 1 2 6 2 3 13 3 4 1 18 1 2 5 2 186 1 1 1 1 10 1 2 1 1 2 2 17 2 3 1 1 5 1 17 3 1 3 2 2 5 2 1 1 1 2 9 52 14 1 1 2 1 2 1 3 6 1 3 3 2 3 43 3 26 1 1 1 2 7 2 2 1 1 2 4 1 3 1 2 1 2 1 7 1 4 2 4 8
2 2 3 1 1 2 2 3 4 1 7 1 108 2 6 1 50 1 1 3 5 9 1 8 2 2 43 1 4 6 2 23 7 11 6 133 3 3 1 1 2 12 5 6 2 4 2 2 3 5 1 3 1 6 3 3 4 15 2 4 2 1 2 6 3 4 4 1 1 2 4 3 8 4 1 2 1 2 5 8 21 1 8 7 1 1 2 49 1 2 1 16 4 1 5 1 2 5 3 5 6 1 1 2 17 3 1 1 4 1 32 2 4 1 5 2 2 2 2 1 1 4 1 1 5 1 1 2 1 1 1 11 1 1 2 1 2 2 7 10 15 35 14 13 1 3 2 4 2 2 1 1 1 1 2 5 2 1 2 2 6 1 1 2 1 24 1 3 2 2 1 9 1 8 2 2 115 5 1 5 2 1 2 2 1 2 2 4 2 17 2 6 1 2 2 1 3 1 6 40
5 1 2 1 2 2 1 2 3 29 1 2 18 1 3 1 2 2 1 143 1 1 3 6 2 2 1 1 1 3 1 1 4 3 11 1 2 1 2 1 2 2 2 1 2 2 9 1 2 1 2 4 2 7 1 1 1 4 1 1 3 7 2 2 2 131 1 1 3 6 3 1 2 1 1 29 2 2 1 14 1 2 13 1 1 3 1 3 4 3 3 13 1 1 30 2 4 10 2 15 1 1 7 3 4 2 14 2 1 9 1 2 3 2 11 2 1 2 1 1 2 1 1 2 3 3 3 6 2 1 7 1 29 1 7 1 1 1 2 387 2 1 2 2 2 12 3 16 5 1 3 1 2 1 1 2 1 4 1 1 1 6 4 1 22 1 4 1 2 2 1 2 2 4 26 6 2 5 1 4 5 1 6 1 3 3 5 2 2 2 1 1 5 2 1 1 3 2 2 1
1 1 2 3 1 1 3 6 1 1 6 2 10 15 1 1 1 46 3 2 1 4 4 41 6 1 1 5 3 2 1 2 21 1 8 2 2 1 2 2 8 1 1 1 3 5 1 46 2 1 2 1 14 3 1 2 1 4 3 89 1 8 7 2 6 3 1 1 29 1 6 2 1 1 17 5 3 8 3 1 2 2 1 1 1 2 33 1 1 2 1 4 1 2 2 2 4 1 36 1 2 2 2 5 2 2 3 2 2 1 2 1 1 1 3 2 5 1 4 39 3 1 2 3 25 1 2 2 2 6 1 1 2 1 10 1 7 2 1 1 2 1 12 5 2 3 210 4 2 1 3 1 1 4 49 1 5 1 1 8 7 1 9 7 1 1 2 1 1 2 6 3 2 2 2 2 1 15 2 2 1 42 1 2 14 3 1 2 2 2 1 5 2 7 2 9 32 1 2 5
4 3 1 5 4 4 2 1 3 12 1 4 1 1 2 2 1 2 4 1 1 2 2 2 49 2 1 1 4 2 7 1 2 3 2 3 1 2 2 3 1 2 1 3 1 4 3 13 1 1 1 1 2 13 1 1 2 2 6 1 4 1 2 6 10 3 2 2 1 1 1 2 2 1 1 23 2 1 1 2 3 3 3 8 4 3 1 2 5 4 8 1 2 1 3 6 1 2 5 26 28 1 1 2 1 3 1 1 3 5 1 2 1 1 2 1 8 6 1 3 2 1 2 2 6 1 2 2 2 1 1 1 1 2 3 11 2 1 2 3 4 1 1 2 11 1 4 5 2 2 2 2 3 2 2 1 16 3 1 3 1 1 2 3 3 1 2 10 2 2 1 4 1 3 1 2 2 1 8 1 6 4 2 1 2 2 7 24 1 3 2 1 2 3 4 2 2 2 2 2
1 1 1 3 2 3 58 2 1 2 1 2 14 8 2 2 1 9 2 1 2 2 1 32 3 12 36 1 1 1 48 1 1 7 2 2 7 2 124 3 1 24 25 1 2 2 34 6 1 5 1 2 34 2 1 3 2 2 2 4 5 1 16 1 2 12 1 3 1 2 4 16 2 1 3 1 1 1 4 3 1 1 2 2 3 6 6 2 2 2 1 20 2 2 3 4 2 2 3 3 3 2 2 2 3 8 4 2 1 5 2 1 1 1 3 2 4 2 1 2 2 2 1 4 1 3 1 8 6 1 1 5 2 5 11 1 7 2 1 3 1 2 2 9 62 17 22 8 1 1 1 2 1 1 1 2 1 4 4 1 5 1 3 1 1 4 4 1 2 126 2 2 3 1 1 2 2 2 2 4 4 6 8 1 3 1 2 1 2 8 2 2 3 3 4 2 5 1 1 8
22 4 4 1 1 2 5 1 1 2 2 1 2 1 3 3 4 1 1 1 9 2 3 1 1 2 2 1 6 3 2 2 3 1 2 4 1 2 1 2 3 4 1 18 19 5 2 1 51 1 4 12 2 1 128 10 1 6 2 3 15 2 3 2 1 2 2 1 6 36 3 2 2 2 3 4 2 3 1 1 1 1 2 2 1 3 2 8 1 11 6 4 2 1 4 1 9 2 20 6 10 1 24 106 9 6 1 4 1 1 6 1 1 3 1 1 7 1 2 3 13 2 1 4 1 2 2 2 2 11 2 5 12 3 2 3 2 1 1 2 8 1 1 1 2 10 2 2 1 7 1 4 1 1 3 4 1 9 1 1 1 14 31 2 12 3 2 1 2 1 109 3 2 2 4 1 70 5 1 1 6 1 2 18 2 4 1 1 5 2 2 2 16 1 1 22 2 1 1 1
6 2 1 2 13 25 1 4 5 1 5 17 2 1 2 1 1 4 1 1 1 3 4 3 2 6 1 2 67 1 1 2 1 1 1 1 3 1 7 1 2 1 4 3 1 5 6 19 11 2 1 2 1 2 1 2 1 2 2 2 1 5 2 10 12 25 1 4 5 2 9 1 2 2 1 2 7 1 1 1 6 2 5 12 2 34 1 1 2 19 1 2 5 2 1 2 4 2 5 1 8 17 2 3 2 1 4 2 5 1 2 2 11 134 3 1 1 2 5 2 3 1 6 1 3 2 4 2 1 274 8 3 4 3 1 1 1 1 2 3 1 1 9 2 4 2 2 1 4 1 7 1 2 1 16 3 2 3 2 1 1 2 1 4 3 1 1 1 2 22 2 2 2 35 1 1 2 3 4 2 1 2 2 3 2 5 152 4 3 16 2 2 2 1 9 1 1 4 1 2
5 2 19 2 3 1 8 2 2 4 1 125 2 3 1 3 5 2 1 1 5 1 8 3 2 4 2 2 2 2 3 8 4 8 2 2 1 2 2 24 2 1 27 2 2 3 2 1 2 4 2 2 2 1 2 4 3 3 1 58 2 1 2 2 2 1 2 1 1 1 1 6 2 2 2 1 1 1 2 2 2 8 10 1 3 1 9 1 1 1 2 13 2 2 2 1 4 3 2 3 1 2 10 6 9 2 2 1 35 2 2 2 2 5 2 2 1 2 2 1 1 2 2 4 8 1 9 2 2 1 5 1 2 2 3 2 1 1 1 4 1 8 2 3 2 6 4 4 3 55 3 2 1 1 2 1 1 5 1 2 1 3 2 1 1 10 1 2 2 3 1 2 5 2 2 2 2 8 1 1 5 2 3 1 2 2 3 6 3 1 1 44 3 4 1 2 8 5 7 1
2 3 3 3 27 2 2 7 2 2 5 2 2 2 2 1 3 2 2 5 1 9 6 1 2 2 1 1 1 11 4 3 1 1 1 1 1 82 2 2 1 8 2 3 2 1 2 3 2 30 1 2 2 1 3 5 3 1 2 2 1 1 22 4 10 233 1 3 13 1 2 8 13 2 1 1 8 2 3 5 2 3 3 4 1 2 5 2 2 1 1 4 15 2 5 5 1 3 6 1 4 1 1 1 16 2 2 5 3 9 2 1 1 7 1 5 2 2 8 1 4 1 1 3 1 3 1 4 1 1 1 1 40 2 6 2 4 4 7 1 1 12 1 3 7 7 1 21 1 2 1 1 4 2 1 1 1 11 2 5 6 2 4 2 3 1 1 4 4 3 4 1 2 5 2 5 3 14 14 2 1 4 2 1 7 1 2 2 3 81 8 3 2 2 8 1 2 14 4 2
1 2 3 1 2 1 14 2 1 4 1 2 80 2 18 2 1 24 10 1 1 1 3 8 83 24 2 10 89 9 3 2 19 1 3 2 3 1 3 1 27 1 3 35 2 1 2 1 54 2 2 2 1 1 2 3 2 39 3 30 1 1 3 2 2 1 1 1 1 6 1 4 4 4 1 1 1 2 1 7 3 2 6 2 4 1 6 4 2 3 2 4 2 1 1 1 2 2 1 1 1 1 1 1 1 2 4 1 3 9 1 4 4 1 7 32 1 3 1 14 5 3 2 1 7 5 1 10 6 1 2 3 1 2 2 1 4 1 3 1 2 1 2 7 38 2 12 19 1 1 3 12 1 1 1 7 4 1 2 62 1 12 1 4 2 75 2 1 2 3 1 3 2 1 2 1 17 1 5 1 3 2 1 1 4 1 3 1 1 3 4 1 1 2 2 10 2 2 3 1
2 2 1 2 2 2 1 2 4 1 9 1 2 24 1 2 2 1 2 6 5 2 2 2 1 1 1 2 1 4 1 1 2 2 55 1 11 22 1 3 4 1 2 4 1 2 7 2 3 3 3 1 4 1 5 1 1 2 1 1 25 1 2 1 2 17 1 2 1 2 2 2 1 1 64 1 8 2 6 4 3 1 8 2 4 1 3 3 1 1 1 4 5 3 3 1 108 2 1 1 33 3 2 2 2 1 2 31 2 4 4 1 4 2 1 1 4 1 7 6 33 5 3 2 2 4 2 3 1 2 2 8 4 2 2 1 1 3 2 2 4 1 1 1 10 3 3 160 2 9 17 3 2 1 6 1 2 2 2 8 1 2 2 7 1 2 12 1 2 7 2 2 2 1 2 5 1 1 4 2 2 1 12 6 2 1 3 4 2 1 4 12 2 2 1 14 2 31 1 3
5 1 1 2 1 1 2 27 1 1 4 4 2 4 2 6 7 2 1 3 16 5 1 1 1 1 2 2 8 29 4 2 2 1 73 1 33 7 2 1 2 2 1 1 2 3 1 9 2 4 3 1 4 1 6 2 2 12 3 32 1 31 2 105 1 1 1 63 5 1 1 1 2 1 1 1 3 2 4 16 3 3 32 3 2 1 3 1 2 2 2 1 1 13 1 1 3 2 1 1 159 8 3 3 1 3 6 2 1 1 9 2 1 1 7 6 7 3 4 21 1 1 2 1 1 1 3 20 2 1 2 7 1 1 2 2 7 2 3 1 10 2 2 1 2 1 3 4 2 5 1 2 6 2 3 1 2 89 2 1 1 4 8 7 17 2 1 2 1 7 3 2 2 1 1 1 2 3 2 3 4 78 2 1 1 1 7 1 2 2 1 2 2 1 2 11 1 5 14 2
2 68 4 1 2 2 1 3 1 1 2 1 1 1 2 14 31 1 23 1 2 1 3 2 7 4 1 1 1 3 1 2 1 1 2 1 2 2 1 1 3 19 3 2 4 1 2 28 3 1 4 16 12 2 3 1 4 3 1 1 9 1 2 5 1 2 35 2 2 3 2 3 2 3 27 3 154 1 2 1 1 2 4 2 4 2 3 2 1 2 2 2 3 4 1 1 6 1 2 1 4 4 4 4 1 10 8 1 1 4 1 3 30 1 2 2 6 2 43 2 1 4 2 1 1 2 4 1 2 5 1 2 1 24 7 1 2 3 8 2 2 2 1 3 2 2 2 4 1 2 2 3 2 6 5 3 7 2 1 3 3 1 2 2 1 1 1 8 2 3 1 1 8 72 7 15 1 3 1 4 2 1 2 1 3 3 1 1 2 5 10 1 1 2 1 5 3 1 1 1
1 1 3 2 6 1 4 2 4 13 3 1 14 3 1 6 4 44 1 2 1 1 1 4 2 3 4 1 2 2 1 4 1 1 1 3 6 1 2 1 1 2 4 3 1 3 2 3 5 22 1 2 2 2 2 20 8 3 6 1 26 2 1 2 2 1 2 3 1 4 1 2 1 1 1 9 2 1 3 1 1 2 2 1 2 1 8 9 2 2 52 4 1 1 1 2 10 2 2 1 3 1 2 1 2 49 1 7 1 3 1 3 4 21 4 2 1 2 2 1 4 1 2 6 2 1 5 13 27 4 3 2 3 1 1 1 1 1 26 29 6 6 4 4 1 1 3 3 13 3 1 2 1 1 1 23 5 1 1 2 10 11 1 67 1 79 4 4 4 1 1 2 2 95 1 2 1 1 121 3 46 15 2 1 1 2 5 1 6 9 1 2 3 4 1 1 3 4 1 3
432 1 3 4 1 2 2 1 4 2 6 5 10 2 8 2 2 2 1 5 1 343 3 1 3 5 1 3 2 1 2 2 1 2 8 1 1 1 4 3 1 2 3 1 1 2 1 2 3 2 1 3 1 2 2 2 2 12 17 1 1 1 1 1 2 6 1 3 2 20 3 4 2 1 2 4 2 2 3 25 1 1 12 3 5 4 1 1 19 1 1 2 2 2 6 2 4 1 2 2 1 3 1 2 3 7 1 1 1 1 5 2 2 2 2 1 2 4 1 2 2 9 2 2 1 87 2 15 31 1 1 2 9 1 1 4 5 2 1 1 1 66 2 4 1 2 4 1 23 15 11 1 2 2 2 2 6 3 1 10 3 6 2 1 3 6 3 2 2 6 1 37 1 17 1 2 3 3 1 15 3 2 1 3 177 4 1 21 2 19 7 1 2 17 1 4 2 1 1 9
5 1 2 22 11 1 1 7 2 5 6 3 4 2 3 7 1 1 2 4 87 6 2 2 37 1 1 1 1 1 20 7 1 1 1 3 1 3 1 3 1 4 2 2 1 3 1 3 3 6 24 4 10 2 2 2 2 2 1 1 3 4 2 2 82 3 4 1 3 3 3 2 15 4 5 2 2 4 1 4 4 2 1 2 2 341 1 11 3 2 2 4 1 5 4 3 5 1 1 4 8 1 2 2 2 1 1 1 2 4 2 3 3 4 3 3 1 2 1 5 4 8 1 1 1 1 1 1 1 17 2 1 1 2 1 4 120 1 2 5 2 2 2 3 3 2 6 1 14 1 2 3 2 2 17 1 2 4 2 1 2 2 2 2 16 1 3 3 3 16 18 1 2 3 2 1 3 1 1 7 2 1 101 2 1 1 3 1 3 3 2 2 2 2 1 2 2 18 2 1
3 2 2 3 1 3 1 2 1 1 2 2 1 3 2 1 6 54 4 1 1 2 1 48 91 45 2 1 2 1 1 1 69 1 4 1 2 1 2 5 1 2 1 2 33 1 5 93 2 2 2 2 2 4 1 25 2 1 1 9 6 1 1 3 3 2 1 5 2 28 3 17 4 6 2 2 2 1 5 1 8 6 2 2 2 6 2 1 1 3 8 3 1 1 1 3 2 4 2 1 1 1 2 2 4 1 2 26 5 14 2 3 3 2 3 4 2 2 2 2 2 1 5 2 25 1 1 1 1 7 2 4 3 2 22 2 1 2 1 1 8 1 1 2 28 2 1 10 1 4 13 3 1 1 1 2 172 3 1 3 5 2 3 6 23 2 2 2 15 2 4 1 2 3 1 5 3 71 1 3 5 2 1 13 2 11 2 7 3 2 3 2 2 2 1 3 3 1 1 1
2 3 2 1 1 29 3 26 3 1 1 4 1 3 3 2 1 2 1 1 10 6 4 17 2 2 1 2 2 1 1 1 1 3 1 3 1 1 2 1 2 1 1 3 2 2 4 68 1 1 2 1 2 1 3 3 2 2 1 2 2 3 3 1 7 10 2 1 1 1 1 1 1 1 4 2 2 2 1 1 1 1 2 3 9 5 1 2 1 3 3 7 2 1 2 4 21 2 4 1 1 31 1 3 2 2 2 2 6 2 7 3 1 2 6 5 4 1 5 2 1 2 10 2 2 1 1 14 2 1 1 20 1 3 2 1 1 3 5 1 15 4 1 8 2 4 2 3 1 9 1 2 4 2 29 1 2 3 4 1 4 4 3 1 2 52 2 2 1 1 2 1 3 1 1 1 1 1 4 1 2 1 4 2 1 2 1 2 1 4 2 8 2 2 1 7 1 1 1 2
2 2 1 1 2 1 4 1 7 1 1 1 1 2 41 20 2 2 1 3 1 1 4 2 2 23 1 2 2 1 3 15 1 1 1 4 4 1 2 1 5 2 2 25 1 1 1 2 2 9 1 2 1 3 72 2 2 1 3 2 1 1 3 22 5 1 15 2 1 2 2 1 3 2 1 1 5 3 1 1 3 22 2 14 3 36 2 2 36 1 11 2 2 2 1 2 5 1 2 5 4 2 4 3 1 1 1 2 1 1 1 7 5 29 6 2 9 2 22 15 1 3 1 2 1 18 1 2 7 2 1 5 1 4 2 3 1 27 1 1 3 3 2 3 4 5 2 2 1 10 2 2 1 1 2 3 2 2 1 4 1 32 2 1 3 3 2 1 2 3 4 23 1 1 1 8 2 1 19 1 1 3 4 2 2 2 2 1 1 1 1 2 1 2 1 3 2 2 1 5
2 5 15 25 5 1 1 1 27 1 2 2 4 1 3 2 1 2 2 1 2 1 4 5 2 1 8 1 1 1 3 12 2 2 2 2 5 4 2 2 78 4 1 1 9 1 1 1 2 16 2 5 2 4 2 1 1 1 6 8 4 3 1 2 10 2 1 2 3 1 2 2 2 4 78 1 2 1 1 1 1 1 2 2 8 1 1 6 1 1 1 1 1 2 2 3 1 2 5 2 1 3 3 2 2 2 1 35 1 1 9 2 10 3 4 1 1 3 1 4 2 6 2 2 1 6 1 3 4 2 2 1 6 20 1 2 2 1 1 1 5 2 1 2 3 1 8 2 49 10 2 1 2 1 2 2 37 5 1 2 2 1 1 18 2 1 1 1 12 1 2 4 2 1 5 1 2 1 1 5 1 1 1 4 3 7 3 3 1 2 9 1 1 2 5 1 45 1 3 2
1 4 3 1 1 2 1 1 6 1 1 18 2 1 1 6 1 1 4 2 12 4 2 1 5 158 2 2 4 6 1 1 2 3 2 1 1 3 1 3 3 1 3 7 3 28 1 6 2 1 2 2 2 1 59 8 2 1 3 7 4 5 6 1 2 3 1 2 2 2 1 3 14 9 1 1 1 2 5 4 10 1 3 3 1 1 1 2 2 12 2 3 2 3 2 5 1 3 8 2 8 1 1 4 2 2 6 13 5 1 2 3 13 4 9 4 11 3 36 1 1 2 2 4 16 2 2 2 4 1 1 1 1 196 1 3 2 3 2 1 1 2 1 7 2 3 200 4 7 4 4 2 1 2 11 6 2 3 1 3 30 3 13 3 1 2 3 1 2 6 3 15 1 2 1 4 11 23 50 2 2 4 4 3 3 11 1 1 2 139 9 4 4 1 1 1 1 1 1 2
1 2 4 5 3 4 6 1 1 4 2 2 2 6 4 1 14 1 13 3 4 2 1 1 2 1 4 2 6 2 3 10 2 3 8 2 2 25 4 153 6 11 1 1 3 2 2 1 2 2 3 1 3 2 3 2 5 1 1 3 2 6 1 10 6 51 10 2 1 1 2 6 3 1 24 1 1 2 1 1 1 6 1 1 1 2 10 2 2 3 1 4 1 2 1 1 2 3 3 9 4 1 2 1 4 7 1 1 9 4 3 2 1 17 25 1 1 1 1 4 1 5 2 13 12 2 2 5 1 5 3 1 1 1 8 2 1 6 3 5 5 1 6 2 6 1 1 1 3 3 2 4 2 2 98 1 7 1 3 10 2 2 1 1 3 2 1 2 5 3 1 1 3 1 2 4 2 6 1 2 10 1 4 2 2 1 1 2 2 1 2 1 2 2 5 2 2 3 8 2
1 1 4 1 7 2 2 1 1 2 3 2 5 1 177 1 13 2 5 9 2 2 2 7 2 1 1 9 5 2 2 1 3 3 6 2 1 2 3 2 4 3 1 3 2 1 5 1 3 8 1 5 6 1 1 1 2 18 1 3 1 1 1 8 1 8 1 1 2 4 4 7 1 9 1 5 5 9 3 1 1 1 1 1 2 141 5 1 2 1 1 4 5 1 2 2 2 1 1 1 2 2 6 13 1 2 1 9 1 1 1 1 8 3 1 1 2 1 2 7 4 6 4 1 2 1 12 1 1 1 1 1 9 2 5 2 2 4 2 10 3 1 22 10 3 5 5 2 1 1 10 2 2 1 3 1 1 2 1 4 28 1 3 2 7 2 2 1 2 6 1 1 1 2 2 1 2 1 1 1 1 2 1 3 5 2 3 4 1 8 1 7 2 3 1 3 2 1 1 3
1 1 3 4 1 29 9 2 1 2 4 1 1 1 1 1 1 2 2 2 3 2 3 1 1 1 3 5 2 12 14 1 1 1 1 1 6 1 1 1 2 14 4 12 8 1 1 1 1 2 2 2 2 2 2 3 3 9 4 3 2 1 12 1 1 2 5 15 2 2 2 3 8 2 1 1 1 4 18 5 77 2 1 2 4 2 20 3 7 3 2 1 1 2 4 24 1 1 6 12 6 5 1 2 5 2 2 1 6 1 2 9 36 2 1 1 2 3 44 5 1 3 3 2 1 2 3 3 2 3 22 1 3 2 90 2 2 2 1 2 1 1 24 1 1 2 1 4 1 10 2 1 9 1 7 4 1 2 3 2 2 1 2 6 1 3 1 4 9 1 1 1 1 1 5 1 3 4 1 8 4 4 3 5 4 1 9 1 1 7 1 33 2 6 1 1 3 2 1 2
1 2 5 8 1 2 11 2 2 5 1 1 4 4 1 4 3 1 2 12 2 1 3 3 3 1 1 3 2 2 2 2 3 2 1 3 1 6 1 2 5 1 3 1 3 2 2 1 1 2 1 3 1 3 3 2 1 2 1 2 2 1 1 2 3 7 3 1 3 4 3 1 31 1 1 2 9 1 2 1 13 8 9 1 1 1 1 3 20 1 1 2 3 3 2 1 1 3 5 15 2 3 1 1 2 1 2 1 5 1 7 1 11 4 2 12 1 1 1 1 1 14 5 1 2 10 9 4 2 1 2 2 1 2 1 9 2 9 3 1 2 2 1 2 2 3 1 18 1 3 6 5 1 2 3 1 3 2 2 3 3 5 1 3 3 10 6 2 2 1 3 2 2 1 3 1 3 2 5 4 7 3 1 10 2 3 12 5 3 1 2 1 3 7 3 5 4 1 1 1
2 2 1 4 2 2 11 4 2 11 2 5 2 2 12 7 1 1 7 4 3 3 1 2 1 1 1 2 2 11 1 3 2 2 2 1 1 2 1 2 1 44 2 3 3 2 3 2 4 1 2 1 1 6 3 6 1 2 58 1 2 2 4 1 1 3 5 1 1 2 4 2 4 2 3 8 2 1 2 4 1 8 1 2 2 2 1 2 14 1 3 3 3 1 3 2 21 1 2 2 2 1 2 3 1 25 1 93 20 4 4 2 1 6 1 4 3 3 1 2 5 3 1 2 3 1 2 1 1 2 1 8 1 2 4 1 1 1 12 1 22 1 1 8 20 1 1 1 2 4 1 7 1 2 3 9 1 3 2 1 1 2 1 1 2 1 94 7 2 2 1 1 1 8 2 33 4 2 25 33 1 1 2 2 10 1 4 1 1 7 16 2 2 1 1 1 3 2 4 12
1 3 1 1 5 2 1 1 3 3 1 2 1 2 16 4 2 6 2 10 1 3 3 8 1 2 2 7 1 1 3 2 6 1 4 5 4 43 2 2 1 6 9 29 2 2 1 1 1 1 16 1 2 1 9 54 1 2 2 1 3 2 2 2 2 1 282 1 2 1 2 2 3 2 14 3 1 1 2 5 1 2 3 2 1 5 1 5 1 3 1 8 2 1 1 1 1 2 2 1 1 1 3 19 5 50 2 1 4 1 1 1 1 3 3 1 3 1 75 15 1 1 2 2 9 3 2 2 7 6 24 3 5 1 3 2 2 7 4 2 5 3 1 2 1 4 2 2 1 1 2 1 6 2 1 4 5 2 1 11 1 6 1 3 2 1 11 2 4 3 3 13 1 11 30 4 1 4 16 1 1 1 3 1 2 1 1 2 3 3 1 12 2 17 2 2 3 1 2 33
1 1 11 1 67 3 1 1 1 1 25 2 239 4 1 1 2 3 3 3 2 4 3 2 2 1 3 1 1 3 5 4 7 42 3 5 1 1 1 22 1 5 4 17 1 1 3 2 8 2 3 1 12 1 19 2 53 1 5 4 2 6 13 8 6 1 1 1 2 2 32 1 2 3 5 3 5 7 2 58 1 1 2 7 3 1 2 1 1 1 3 2 9 1 1 2 3 1 4 3 2 1 1 1 4 5 3 3 3 2 1 2 5 2 3 8 2 1 1 3 14 1 3 2 12 5 2 3 3 2 2 5 2 8 6 2 24 1 6 1 6 11 2 4 1 1 2 1 2 5 2 2 57 2 2 1 1 2 2 6 3 3 2 15 3 1 1 4 2 1 1 3 2 1 11 5 1 2 1 1 4 3 4 1 1 2 7 1 1 2 1 4 1 1 1 9 3 3 1 1
1 1 2 7 2 1 5 3 2 3 2 2 2 1 15 2 5 1 1 1 27 1 1 6 3 6 1 1 1 1 37 1 2 3 27 5 1 3 5 1 1 1 2 2 2 3 1 21 1 1 3 1 1 3 1 4 2 2 4 1 9 4 2 1 2 13 2 3 1 3 4 3 6 2 4 2 1 4 4 1 2 32 1 2 47 1 3 7 4 1 3 1 4 5 2 5 10 3 1 1 4 1 1 2 1 2 1 6 2 1 2 1 1 19 2 6 9 5 2 2 1 2 1 7 2 3 1 11 1 6 1 6 4 64 9 4 2 1 8 1 4 2 2 2 3 7 3 2 2 4 2 2 1 3 2 2 5 1 13 17 1 1 1 2 1 4 2 2 1 5 1 1 1 1 2 1 2 1 4 40 9 1 3 1 2 1 1 1 2 2 20 2 33 1 1 65 1 1 61 4
3 3 3 1 4 1 3 1 6 2 200 2 1 2 5 1 2 1 1 4 5 5 2 2 1 2 3 1 1 2 1 1 1 2 2 1 8 2 87 6 5 4 2 2 2 1 6 1 2 1 15 1 2 3 1 4 5 2 1 1 2 4 8 4 5 8 2 2 1 1 3 15 5 1 2 1 2 5 2 4 1 3 9 2 2 3 6 1 2 3 6 2 1 6 2 1 4 2 1 1 2 1 2 9 63 3 1 2 2 10 2 3 2 3 1 2 2 8 2 43 3 18 1 3 1 2 1 2 1 23 1 7 2 1 8 2 3 4 2 3 1 2 12 12 2 3 33 1 1 4 1 1 2 2 1 42 2 1 3 2 2 1 3 12 2 7 3 3 2 16 2 2 1 1 1 1 2 3 1 3 4 2 3 1 1 1 30 2 19 1 11 1 1 5 2 1 4 7 3 2
107 2 1 1 4 1 102 2 5 1 3 26 2 1 1 17 11 1 5 1 3 2 2 13 1 17 9 1 1 50 2 2 2 25 1 2 1 3 1 2 1 1 2 2 3 2 12 1 2 2 3 2 7 1 2 42 2 4 2 1 1 3 5 4 2 4 2 4 3 1 2 1 4 3 2 1 12 4 6 5 32 7 2 2 6 2 1 1 7 1 1 4 2 1 2 1 2 1 28 30 1 1 1 1 2 2 22 9 3 2 5 1 3 1 1 1 1 3 3 2 2 1 3 1 3 4 10 5 1 1 4 1 13 4 11 2 1 9 2 2 7 1 5 8 1 1 19 2 4 1 3 2 4 1 15 7 3 6 4 11 2 1 4 1 2 2 4 3 4 3 1 1 6 8 2 2 8 1 6 2 6 2 12 1 2 1 1 1 2 9 44 3 1 3 1 4 1 1 6 3
2 20 4 1 4 7 1 3 2 2 3 11 1 2 6 1 1 2 24 1 1 2 2 8 1 2 1 4 12 1 2 1 1 4 1 2 2 1 1 3 56 3 6 5 2 1 14 29 2 1 2 14 4 2 3 2 2 1 3 2 1 10 2 3 3 2 1 20 1 14 1 3 2 10 1 3 65 2 1 4 1 19 3 1 4 2 2 1 4 5 4 3 2 1 1 9 2 1 1 1 2 2 1 3 14 1 1 1 3 183 1 4 1 2 9 1 215 1 5 1 1 3 1 19 1 13 1 1 5 4 1 1 6 40 3 1 6 1 2 1 1 1 19 22 2 1 2 51 1 2 2 4 1 2 1 1 1 1 2 42 6 2 3 3 43 2 3 1 302 1 24 1 2 6 3 7 6 1 3 3 11 2 2 1 9 2 1 7 3 6 1 2 2 2 31 1 3 4 1 3
3 1 2 1 2 3 2 8 2 2 2 4 1 1 1 2 2 2 45 2 3 3 13 5 8 1 2 2 2 2 2 4 1 1 1 3 2 2 1 2 1 3 1 3 3 6 2 10 1 8 10 1 2 2 9 5 2 2 1 10 2 1 1 1 9 1 2 5 3 1 1 2 2 20 1 4 4 1 3 1 1 2 2 3 3 2 3 3 5 5 2 3 2 139 1 3 2 9 10 2 3 16 2 1 2 1 3 2 2 2 4 2 2 3 1 1 1 6 6 2 2 1 1 2 3 1 1 2 2 2 1 1 2 5 1 2 1 9 4 2 1 16 1 2 3 1 7 1 1 3 7 2 3 1 5 11 1 91 21 5 2 3 1 2 4 1 2 3 1 1 2 3 1 4 2 2 5 16 6 2 3 1 2 5 3 9 1 1 1 2 4 18 1 28 8 1 2 2 2 1
10 3 2 3 1 2 1 2 2 1 2 2 5 8 1 1 23 6 2 2 3 5 12 13 4 11 2 3 17 6 1 1 1 1 1 2 4 2 2 10 2 147 1 2 7 4 2 1 2 2 2 1 131 17 1 1 8 2 3 3 26 4 4 3 1 2 1 25 2 3 1 1 1 3 1 8 2 3 4 22 2 2 17 2 2 3 2 2 61 2 1 4 1 7 1 1 1 269 3 1 1 6 2 2 4 3 2 2 3 18 25 2 2 1 2 2 1 2 3 1 1 1 26 2 3 8 2 1 3 2 1 2 1 4 1 4 6 1 1 1 1 3 2 3 3 2 1 3 11 1 1 1 19 31 10 4 4 2 4 11 56 29 2 4 1 2 42 1 1 1 13 1 33 1 3 2 4 6 3 2 6 1 4 4 16 2 4 2 1 3 17 2 1 1 1 26 5 1 1 9
2 1 5 3 6 2 27 33 1 1 1 2 5 1 3 2 1 1 2 2 1 5 2 2 1 3 1 1 1 16 2 2 6 16 5 1 2 1 1 1 3 2 3 2 12 2 5 3 2 1 1 1 2 2 3 1 1 2 1 5 18 5 4 8 1 1 2 2 1 1 2 7 2 1 5 1 1 10 2 2 2 2 1 1 1 1 4 15 2 1 3 2 2 1 1 4 1 1 2 3 2 2 3 1 1 4 2 3 1 1 1 2 16 3 1 9 1 3 34 1 8 2 2 1 2 1 1 7 57 1 1 2 1 4 2 2 6 2 3 2 2 1 4 7 3 1 60 1 6 1 4 8 4 1 2 1 6 8 3 5 2 1 3 2 21 5 1 4 1 9 2 12 3 1 4 10 4 3 2 1 2 2 2 1 1 1 1 56 6 2 3 1 9 1 3 8 3 4 6 3
13 3 2 4 2 1 1 6 1 9 6 2 2 3 1 3 9 1 2 2 2 2 8 1 1 5 1 7 3 2 3 1 8 2 8 1 20 6 1 2 2 1 4 3 1 3 1 1 1 16 131 8 2 8 2 1 1 2 1 4 2 2 1 1 2 1 1 5 4 4 3 2 4 2 19 3 4 2 2 15 8 1 4 3 10 1 8 1 4 6 4 1 10 3 9 1 25 3 2 1 4 2 1 3 1 5 5 1 2 2 3 1 2 1 1 1 1 5 2 2 2 7 7 3 1 205 3 1 2 2 4 1 2 1 2 5 2 1 1 1 2 1 1 11 4 2 2 1 2 5 2 3 2 4 3 1 20 3 1 2 1 2 2 2 3 2 5 1 1 1 3 1 2 9 3 4 1 6 7 3 1 1 1 2 1 2 3 10 1 1 6 3 1 2 1 1 2 2 3 43
2 4 10 2 4 1 1 1 29 1 2 1 2 17 1 1 3 3 12 3 1 1 1 5 1 193 6 1 5 1 2 55 3 11 3 2 1 4 10 1 2 2 2 10 4 2 1 2 9 1 2 2 1 5 4 7 2 4 2 1 1 5 4 1 2 1 3 7 2 5 5 1 9 3 1 2 1 1 1 7 2 1 1 2 6 12 4 3 1 25 2 2 1 75 2 2 2 7 4 38 4 2 2 1 1 1 85 2 4 4 1 1 2 1 3 2 1 1 3 1 42 2 1 1 2 1 2 5 1 4 2 2 2 5 2 2 18 1 2 2 1 1 2 246 2 4 7 47 3 1 1 1 3 1 4 4 1 1 2 2 5 1 1 6 353 4 3 16 3 2 2 10 1 1 3 4 2 1 2 3 2 3 2 2 2 1 2 9 1 429 29 130 1 1 2 6 7 2 2 4
2 2 3 3 1 1 2 5 2 1 2 9 3 1 2 1 1 2 14 2 1 2 1 3 3 3 1 4 1 14 1 7 1 4 1 1 2 1 5 3 3 2 1 5 8 5 1 1 4 6 2 1 5 3 1 10 2 3 1 2 2 1 1 78 1 2 11 1 3 4 4 4 2 1 1 2 3 4 1 1 1 10 2 4 1 3 67 7 2 5 2 1 6 2 2 3 1 8 3 1 3 3 2 2 1 1 9 3 1 12 1 1 16 1 3 2 12 2 1 4 6 3 5 8 4 1 6 15 1 1 1 9 3 10 1 1 10 3 2 2 6 1 11 4 36 2 2 1 2 2 1 2 2 2 9 2 1 1 2 8 1 5 1 3 1 2 5 10 2 1 9 2 1 4 4 3 4 1 1 1 1 2 3 2 2 3 3 1 4 3 8 4 11 2 1 41 2 64 1 2
3 3 2 1 16 1 1 10 1 3 2 9 2 3 1 9 1 2 2 1 17 2 3 4 3 2 3 6 1 3 2 5 3 4 1 2 3 2 2 2 2 2 1 4 2 1 2 1 5 2 2 1 5 2 6 23 1 2 1 1 6 1 6 1 1 1 8 57 3 2 2 2 1 2 1 2 4 3 1 1 1 1 1 3 10 2 1 3 1 1 2 2 1 1 2 2 2 1 9 8 14 4 1 6 32 8 1 2 3 4 1 2 1 3 3 2 1 1 3 2 1 1 2 1 2 3 1 28 3 4 20 2 8 1 7 2 12 6 1 3 2 1 1 4 5 2 2 3 1 58 5 1 8 3 2 6 1 2 6 2 1 9 5 7 1 1 2 8 10 178 1 1 5 2 2 5 1 1 5 1 3 1 2 5 2 12 2 14 3 1 2 4 3 2 1 2 2 2 1 1
1 2 1 1 3 1 1 2 2 6 5 1 2 2 2 2 1 2 2 2 1 1 1 2 1 3 2 1 1 4 1 3 3 1 149 2 7 2 4 2 4 1 1 1 2 2 1 2 2 1 1 8 7 2 1 3 13 1 4 6 35 4 1 1 1 1 3 3 3 2 4 1 3 2 1 1 2 3 2 21 1 20 3 2 1 2 2 4 17 2 25 2 2 54 8 1 2 2 19 2 2 1 32 2 2 7 8 2 2 1 2 7 31 3 2 1 7 2 11 1 2 1 1 2 6 3 1 2 1 2 2 3 4 9 1 2 2 1 3 6 1 6 1 5 1 1 3 178 3 2 27 3 1 4 6 3 11 3 1 4 5 1 1 3 2 1 1 1 5 2 4 8 135 29 2 1 2 9 2 1 44 2 2 1 3 6 1 1 1 1 5 3 9 1 8 1 2 8 1 1
3 2 3 2 2 4 2 1 1 4 1 2 1 1 14 6 1 2 1 5 1 1 2 43 36 32 29 1 2 64 3 3 1 6 1 1 7 10 2 3 3 2 11 4 2 1 1 1 7 4 1 2 2 1 1 3 1 1 2 1 1 1 24 9 2 1 44 8 5 2 7 1 3 4 6 10 3 4 2 2 7 3 2 1 2 38 6 3 2 1 2 1 3 2 1 1 9 2 1 35 252 3 13 1 4 3 6 4 1 13 89 5 5 2 1 3 3 1 1 2 1 1 21 3 1 1 3 1 1 1 2 2 3 6 6 405 1 11 2 4 3 3 3 2 1 3 2 1 1 2 3 1 1 11 1 1 28 3 1 11 1 1 10 6 5 2 1 2 6 9 2 1 1 1 1 10 3 3 2 3 1 2 2 2 1 2 3 1 2 2 1 2 7 3 1 3 4 3 1 1
4 21 1 4 2 3 1 2 5 1 8 1 1 1 8 1 2 78 1 35 2 1 1 2 1 1 4 1 2 1 7 9 8 2 3 4 1 31 1 1 8 2 114 2 2 3 1 2 2 5 1 1 2 1 1 5 3 2 3 3 3 5 7 7 3 1 3 2 11 2 1 1 17 1 8 1 4 5 3 1 1 5 2 2 7 2 1 1 2 1 1 1 2 2 3 15 2 6 2 2 1 1 3 67 2 1 1 1 3 1 1 5 1 4 3 2 1 6 1 4 2 8 16 1 1 5 2 1 2 1 3 7 4 2 2 2 6 4 1 13 4 2 1 2 1 1 1 5 13 2 2 2 1 2 1 35 3 5 6 1 1 1 239 2 1 1 38 1 1 1 31 1 6 6 2 7 216 1 1 6 2 1 17 2 8 1 1 1 4 3 2 1 1 3 6 1 1 5 1 1
2 1 13 1 5 1 7 4 1 2 24 2 2 1 1 1 67 1 1 1 3 1 3 3 1 1 1 1 1 1 23 2 1 1 1 1 8 4 20 7 2 2 2 1 2 261 1 4 2 4 4 4 2 1 3 1 6 42 21 4 2 10 1 2 1 38 2 1 19 4 1 4 1 2 9 2 1 2 2 3 2 16 2 2 4 6 2 2 1 1 3 8 3 3 4 2 1 2 3 2 1 1 2 1 5 1 1 1 3 2 1 1 1 2 2 1 2 2 7 1 4 4 2 5 1 1 2 1 2 2 6 34 2 12 1 1 14 2 1 1 3 7 3 13 8 1 5 7 10 1 4 2 1 3 1 5 6 1 1 1 9 9 4 1 1 21 2 2 1 2 1 3 2 2 1 1 3 2 3 2 1 3 7 1 2 10 13 1 1 4 39 1 6 16 6 1 3 9 1 1
1 6 8 1 31 2 6 1 56 1 3 3 4 10 6 1 2 4 3 2 2 2 1 4 2 1 1 69 21 19 1 1 5 1 1 1 2 2 1 5 8 26 1 3 5 1 7 2 1 1 1 1 14 1 14 2 2 2 3 30 1 1 8 2 2 1 1 3 1 8 190 3 2 1 2 1 6 2 48 1 2 2 9 1 2 3 13 7 1 2 1 2 3 5 1 5 4 2 2 3 8 1 3 1 2 3 1 3 2 6 6 1 3 12 1 1 1 123 2 4 1 5 1 3 1 11 1 1 4 1 2 2 1 2 5 3 5 2 1 18 2 11 1 1 2 3 1 1 2 2 11 2 2 2 2 2 1 1 1 1 5 2 6 4 2 9 4 1 3 2 1 10 1 2 2 2 1 1 2 15 4 2 1 4 1 1 7 4 17 8 6 1 1 3 3 4 2 2 1 2
2 1 2 1 2 1 4 2 2 1 1 5 1 7 17 1 302 3 3 1 9 4 1 1 14 1 2 1 1 2 1 1 1 5 2 2 10 1 7 1 6 1 1 1 23 41 1 1 1 1 5 1 2 1 3 1 1 2 19 2 2 2 2 1 4 4 7 1 4 4 1 1 2 1 1 1 3 3 2 5 1 1 2 36 16 2 3 2 1 5 1 8 3 3 2 5 10 4 1 2 1 1 7 1 1 5 1 16 23 12 42 1 2 1 3 1 1 3 1 1 2 3 60 2 3 2 1 1 4 1 2 3 1 3 1 12 3 8 1 2 44 2 4 1 1 3 1 20 1 2 1 1 3 1 13 1 1 1 2 3 1 2 6 1 1 5 4 10 2 7 6 22 4 2 1 1 5 2 1 4 10 3 14 3 10 29 2 1 2 4 11 2 5 3 2 4 1 1 1 1
4 1 1 1 4 19 1 1 4 3 5 3 1 2 2 13 19 6 3 1 3 11 4 9 1 2 24 1 4 1 6 3 2 1 3 1 6 1 11 2 4 10 3 2 2 1 2 7 3 13 1 2 2 2 1 2 1 8 1 1 2 3 4 3 5 1 4 9 5 1 1 5 1 1 1 1 4 2 3 1 1 1 10 3 1 2 6 1 1 2 2 5 1 2 12 7 2 10 7 2 4 14 2 1 1 2 1 1 2 2 1 3 1 2 4 3 14 2 3 3 1 3 2 6 1 7 1 1 5 5 2 16 2 3 1 3 2 2 8 1 2 4 1 3 6 2 10 1 1 2 1 6 1 2 1 2 2 1 5 3 3 1 1 1 3 2 5 2 1 1 2 2 5 1 5 6 1 4 3 6 1 2 2 8 1 14 1 1 13 1 1 1 1 17 1 2 1 1 1 2
8 5 14 2 15 18 1 2 33 2 2 4 2 2 2 1 2 4 14 1 2 1 2 3 18 2 6 1 22 19 2 7 2 6 1 1 5 2 2 11 9 2 1 13 3 5 1 12 1 1 3 1 4 11 3 9 8 2 8 2 2 1 2 22 1 13 1 2 2 33 2 1 3 3 1 4 2 5 4 1 10 8 3 2 1 2 3 2 11 3 3 25 3 10 1 3 9 4 1 53 3 1 1 2 4 75 4 3 2 2 2 3 4 6 2 3 1 4 17 2 3 1 3 14 1 107 1 2 1 1 1 5 1 5 2 3 2 1 4 1 9 1 1 1 7 4 3 4 1 3 1 6 2 3 2 1 6 6 1 3 5 4 16 1 33 7 15 4 3 11 6 1 1 6 33 5 12 4 2 3 1 61 1 6 1 2 25 3 1 3 3 3 2 1 1 4 4 8 69 1
1 12 5 7 9 32 35 20 1 16 6 1 9 2 1 3 1 3 1 1 3 21 2 1 2 7 3 7 1 1 5 2 1 4 1 3 3 5 1 2 1 3 5 3 3 2 30 1 3 4 8 1 2 1 5 1 3 2 3 10 13 1 4 4 1 2 1 3 47 2 6 2 1 2 14 2 2 1 4 8 28 2 3 2 2 2 1 1 2 4 2 8 3 1 17 2 6 1 1 2 17 1 7 1 2 25 3 2 2 1 1 2 18 3 3 1 2 1 1 5 1 1 2 1 1 15 21 1 3 3 2 1 2 1 2 4 4 1 1 1 1 2 1 2 2 4 3 2 25 2 6 6 3 3 1 2 1 4 2 3 2 1 3 4 1 2 2 4 1 1 95 2 4 1 9 20 6 1 1 8 1 2 5 1 2 2 4 1 1 2 3 1 14 3 3 3 6 4 3 2
131 4 1 2 1 1 2 5 1 4 2 3 4 4 3 4 3 2 2 6 2 1 1 1 2 11 2 2 3 2 1 3 1 6 3 1 1 1 3 10 4 1 16 5 3 2 3 1 11 2 1 11 1 2 2 1 1 1 1 1 6 1 5 14 3 4 1 1 2 1 20 1 18 15 2 2 1 1 2 2 7 1 1 3 23 2 1 9 4 1 3 72 1 2 4 10 2 1 3 14 7 2 2 7 12 1 2 4 2 2 11 1 1 1 3 1 1 3 2 5 2 9 1 2 3 3 3 1 1 2 4 7 2 1 2 2 2 4 1 1 257 1 4 9 3 2 2 1 3 2 5 4 3 8 2 8 1 1 1 13 1 1 24 12 2 2 1 15 1 1 1 1 1 2 3 1 1 12 2 1 2 24 2 3 11 2 3 2 1 2 3 11 32 18 1 1 1 2 334 6
2 1 1 1 1 5 1 1 2 10 1 6 7 23 1 1 1 2 2 7 3 9 1 2 3 1 1 1 2 2 1 4 1 1 4 5 2 40 3 11 1 2 2 4 3 1 1 3 1 1 2 3 12 25 2 1 6 5 6 1 3 1 16 6 2 40 1 2 2 1 2 2 1 23 2 86 4 1 1 1 2 11 1 1 2 2 5 2 2 2 3 1 1 7 2 1 2 2 4 4 1 3 5 5 1 3 39 6 2 2 1 4 2 2 2 14 1 2 2 2 2 3 1 55 1 21 1 4 2 3 2 5 1 1 2 1 5 2 12 15 3 2 3 3 1 6 7 5 3 7 3 3 55 1 2 9 2 1 3 2 6 1 4 2 2 2 4 8 2 9 45 4 34 1 1 2 6 1 2 4 1 2 1 2 1 1 2 2 1 1 6 3 1 18 1 2 1 4 2 3
1 2 1 6 1 3 1 6 10 2 4 6 2 2 2 1 1 1 1 3 16 1 3 3 15 2 67 12 3 1 2 3 3 7 2 4 1 2 1 3 1 2 1 1 1 1 1 3 1 1 1 2 3 6 3 1 1 25 2 7 1 1 3 5 2 1 61 2 1 1 10 10 1 1 3 2 1 3 2 2 4 1 1 41 1 3 2 2 2 2 2 1 14 6 1 9 3 1 3 11 3 2 3 41 1 1 2 3 3 1 27 4 4 2 3 1 3 1 3 6 3 1 13 2 3 1 3 3 9 1 1 3 3 3 1 4 1 8 1 1 1 2 2 18 2 3 1 4 2 8 2 2 9 1 3 1 1 1 1 5 2 37 13 2 1 3 54 1 7 3 2 1 1 1 2 1 335 1 2 1 2 1 1 7 1 1 1 1 2 1 4 2 1 1 2 16 2 1 3 1
3 2 3 1 2 4 1 1 4 1 3 6 2 1 35 3 2 1 16 2 2 3 2 1 14 2 5 1 2 1 1 1 1 102 8 30 5 1 1 2 3 2 1 4 2 2 2 1 13 1 1 2 52 2 2 3 1 1 3 1 3 1 2 2 32 2 2 2 1 2 7 2 53 1 1 9 1 1 1 2 2 10 1 2 8 1 25 2 2 3 1 4 1 1 1 10 1 1 1 2 2 2 2 2 4 2 2 1 1 2 2 1 1 1 2 7 3 2 1 5 3 2 1 1 2 13 2 1 1 6 2 1 4 4 1 18 1 2 1 2 1 4 1 1 2 3 1 1 12 10 6 4 1 4 1 1 7 2 1 6 2 2 13 2 12 3 1 2 1 1 1 9 46 2 18 1 4 2 5 2 2 4 2 2 1 1 1 3 1 2 1 1 5 3 1 5 1 1 25 1
1 2 2 2 1 1 1 2 1 1 1 1 1 2 4 5 4 2 2 2 1 3 2 4 2 2 1 5 5 7 3 2 1 1 1 1 1 1 2 1 1 2 1 1 3 1 8 4 1 1 1 9 6 1 3 1 6 1 2 3 4 1 3 4 2 2 3 2 1 44 1 4 4 4 4 2 107 1 9 63 4 10 11 3 7 7 5 2 1 1 1 2 1 1 1 3 1 1 2 1 2 2 18 8 66 4 3 1 7 1 1 2 1 1 2 1 2 10 7 3 17 5 187 4 1 6 7 1 46 1 10 38 1 2 1 1 2 35 4 10 2 1 2 1 3 1 6 1 4 5 8 1 5 10 437 9 2 3 1 1 1 2 1 2 5 7 3 2 4 1 1 3 1 1 2 2 2 3 6 2 1 6 2 1 7 4 3 2 1 1 9 1 7 2 11 1 2 1 2 11
1 2 1 2 3 6 6 13 2 1 2 4 2 1 3 1 1 2 2 2 5 23 9 3 1 2 10 1 2 3 2 8 3 3 13 2 2 2 1 2 2 1 2 2 2 3 2 1 3 2 1 24 1 1 4 2 24 3 14 3 1 2 2 1 5 2 3 1 2 12 3 1 1 1 2 3 5 2 1 2 5 2 3 3 2 2 1 2 8 2 1 6 5 3 4 5 1 5 2 3 8 1 2 6 2 9 10 6 14 2 2 4 9 1 1 3 67 1 2 2 2 3 3 6 3 1 2 4 2 11 19 13 3 2 8 1 2 2 1 2 1 1 12 5 5 5 1 169 1 2 2 1 2 1 2 4 1 6 2 1 2 2 6 7 1 2 2 1 1 3 4 1 1 2 2 13 32 3 10 4 8 2 14 2 20 2 1 2 2 2 9 9 1 26 18 33 3 1 2 1
2 1 1 2 1 2 5 1 2 1 2 6 5 1 1 1 1 1 2 1 5 2 5 2 2 8 1 2 2 5 1 1 5 2 3 1 2 2 1 1 3 3 2 1 8 1 3 2 2 2 19 2 6 1 1 2 1 2 2 3 3 103 2 32 2 1 3 2 3 1 5 3 4 5 5 1 1 6 1 1 2 2 2 1 4 4 5 1 1 2 1 1 2 12 3 1 1 1 2 1 2 16 2 8 90 1 18 2 3 4 1 3 2 1 1 7 3 1 19 2 1 4 1 1 7 2 2 3 3 13 1 3 2 1 2 2 4 5 1 1 5 2 2 3 87 3 1 7 3 2 1 3 4 1 2 27 3 5 9 1 83 3 2 1 5 2 4 2 2 1 2 3 2 4 1 6 40 1 2 2 1 2 2 1 2 9 4 2 1 1 1 2 2 2 3 6 21 3 1 6
4 3 2 2 1 6 3 3 32 1 5 1 1 3 2 69 1 1 1 2 3 1 2 2 34 2 3 4 1 2 1 1 5 6 3 2 1 1 1 14 2 2 102 2 4 3 2 7 2 1 1 2 3 1 1 3 2 1 1 2 6 1 17 1 1 1 3 6 4 4 2 3 4 1 1 1 9 8 1 2 10 16 2 1 3 2 3 7 1 6 1 12 1 2 1 3 1 2 1 4 2 1 4 1 4 9 8 9 2 6 2 2 3 1 2 1 3 1 2 2 1 1 12 19 5 1 2 2 1 6 2 2 3 1 5 2 2 4 4 3 2 4 4 4 1 1 3 1 1 3 4 1 1 3 16 3 1 3 2 3 3 202 1 2 4 3 3 8 2 9 1 2 2 10 81 7 2 2 2 2 167 2 5 2 5 1 6 1 8 3 2 1 1 4 1 1 1 1 8 1
1 9 3 22 1 3 3 8 2 5 1 1 1 1 1 1 3 1 2 1 1 3 3 3 12 2 1 13 16 6 3 2 2 5 2 14 1 1 1 1 1 1 7 4 1 5 1 1 3 1 1 2 8 35 6 8 1 2 1 1 1 3 5 2 2 2 9 5 1 4 1 1 1 5 1 1 2 6 1 105 1 1 2 14 1 1 1 1 3 1 1 1 2 4 1 1 2 2 6 7 6 7 1 1 1 1 1 2 1 4 3 2 1 2 1 3 3 2 3 1 32 1 3 4 6 2 7 2 2 1 2 16 2 2 4 1 1 8 2 8 1 11 1 2 10 8 1 2 2 1 3 4 1 2 1 2 2 1 3 17 2 2 2 1 4 2 4 2 1 1 1 1 1 1 1 2 1 4 1 1 8 13 1 2 1 3 2 3 5 2 2 2 3 3 18 2 2 8 2 1
2 2 37 1 1 4 1 2 4 3 6 1 2 2 2 1 2 2 2 1 2 1 1 4 1 3 1 2 3 1 1 1 1 1 1 2 1 1 6 1 1 10 1 1 13 4 1 25 2 10 1 2 2 3 1 2 4 1 3 1 1 4 1 13 5 1 10 1 2 2 2 1 1 1 6 1 1 4 10 1 1 6 7 5 1 1 7 2 6 1 2 3 1 2 3 1 2 55 2 3 2 2 1 1 1 9 7 2 2 1 4 2 3 1 4 4 1 1 1 21 5 16 3 2 23 2 1 4 3 1 1 1 1 1 15 2 2 2 3 17 10 1 2 7 1 2 15 1 1 2 2 1 1 7 3 2 1 1 8 13 1 3 2 22 1 1 2 2 1 1 2 3 1 2 15 1 1 4 3 1 2 2 6 2 1 3 2 1 1 4 2 82 33 8 19 4 4 13 11 3
3 1 3 45 3 1 6 5 4 3 30 2 7 1 8 2 2 3 1 3 1 3 1 1 2 4 2 56 2 2 1 1 5 9 35 2 2 2 6 1 2 3 19 7 1 2 3 74 1 3 4 1 2 2 1 33 1 3 2 4 1 1 2 1 1 2 10 1 3 1 4 2 2 10 2 3 2 27 2 2 2 2 3 4 1 2 3 9 2 2 1 2 5 1 3 307 22 2 1 2 4 4 1 1 2 5 1 3 3 2 3 2 2 3 1 1 2 2 3 24 4 2 1 8 8 2 1 1 2 1 5 1 4 2 3 1 3 1 7 2 2 3 1 3 1 1 1 1 1 1 5 1 38 1 1 1 1 1 4 2 4 1 6 2 2 5 18 2 2 1 2 1 1 5 1 2 3 1 2 1 17 7 1 3 11 1 2 1 2 1 6 3 1 5 5 2 3 1 2 2
1 6 4 1 2 6 4 6 1 1 2 7 3 2 4 1 1 3 8 5 3 1 143 1 5 2 5 2 14 7 89 4 33 5 3 1 2 4 4 3 2 10 2 1 1 6 1 8 2 2 1 1 1 1 57 4 1 2 4 1 27 1 1 1 1 1 2 1 2 1 1 3 1 12 1 88 8 6 1 21 3 2 2 1 2 1 2 5 1 1 4 2 2 7 1 3 1 1 1 1 18 2 1 11 4 2 2 2 2 2 1 1 1 1 2 2 6 6 1 2 1 4 1 4 2 2 4 1 1 1 9 3 2 1 1 2 1 2 1 1 1 1 1 3 2 2 1 1 1 8 1 4 5 1 3 2 1 6 2 7 8 3 17 2 1 2 1 3 5 1 3 1 1 9 1 15 2 1 2 5 1 1 2 4 1 14 2 2 5 2 2 12 3 4 1 7 1 1 4 1
2 1 1 2 2 37 2 3 2 1 1 42 1 27 3 1 4 3 1 9 1 1 6 2 1 1 1 14 6 8 5 2 4 5 6 5 1 1 1 2 3 2 1 4 2 2 1 2 6 11 1 1 8 1 1 1 3 1 2 2 2 1 201 1 3 3 1 1 3 1 2 2 1 1 1 4 1 2 6 2 1 1 3 2 1 3 7 7 5 143 2 2 1 48 1 18 2 2 2 1 4 2 3 8 3 1 1 2 2 2 3 3 1 6 1 19 1 1 1 3 2 2 8 9 1 5 3 2 11 44 4 2 1 1 16 66 2 3 1 4 2 1 1 2 1 18 2 2 3 2 2 1 2 1 2 2 2 14 1 2 3 3 3 1 1 2 1 2 2 2 1 2 3 3 1 1 4 2 2 14 7 4 2 2 62 2 2 2 5 77 2 2 2 3 10 2 1 6 3 3
7 1 5 2 1 2 1 2 1 3 3 5 10 1 2 14 10 2 5 18 14 2 1 2 1 2 2 2 4 6 2 1 1 21 2 1 5 2 3 1 3 1 2 1 1 58 2 1 1 1 1 1 4 3 2 2 2 2 2 10 10 2 2 1 1 2 1 2 444 2 1 7 2 2 2 2 43 5 2 1 1 4 1 1 1 2 2 10 1 1 7 1 2 1 2 3 5 1 2 1 7 2 5 1 1 7 1 6 1 17 1 1 1 2 8 4 55 1 12 2 6 3 1 1 2 5 2 2 2 2 1 26 133 4 3 3 1 5 2 1 3 1 1 1 403 5 3 3 2 1 3 4 1 2 2 2 3 4 1 3 1 2 1 5 2 18 1 1 4 1 6 12 2 8 1 4 12 1 57 1 2 5 1 5 2 1 3 1 1 1 3 7 3 2 1 2 12 7 3 2
1 4 4 2 1 1 28 1 2 21 3 36 2 1 2 7 8 2 2 2 5 1 4 2 1 2 1 3 20 1 1 2 2 2 4 1 1 2 1 1 20 2 1 1 1 2 2 2 1 35 1 2 1 1 2 5 2 3 4 2 2 4 5 1 54 1 3 3 1 1 4 1 2 1 76 2 1 2 1 130 2 1 8 2 1 1 17 4 60 3 2 8 2 2 3 1 1 14 8 1 12 2 2 4 2 2 172 1 1 6 2 2 1 1 1 1 1 2 2 1 2 6 1 37 2 2 2 2 3 1 1 7 2 1 1 3 2 1 6 1 2 6 2 2 11 2 14 1 1 1 1 4 1 1 3 19 9 1 1 26 2 15 3 1 5 4 3 2 2 4 3 2 1 2 2 2 4 16 2 1 2 8 5 1 1 1 2 1 4 2 2 8 1 2 1 2 1 3 4 3
2 4 1 5 2 3 2 2 4 1 2 2 1 2 1 2 1 11 7 1 2 2 2 19 3 2 2 3 1 2 1 2 1 1 6 2 1 2 4 4 5 1 2 2 2 6 2 1 3 1 2 4 1 1 1 1 3 1 7 1 4 1 5 2 1 52 2 1 1 9 4 1 3 3 2 2 10 5 2 1 1 2 6 14 3 2 4 2 4 1 3 3 1 1 6 6 1 1 131 4 4 1 3 9 1 2 2 1 1 12 1 1 2 28 1 2 1 2 2 5 3 13 2 2 1 5 2 2 1 21 3 4 1 2 1 2 4 1 1 62 1 2 8 2 1 2 1 1 1 7 4 1 4 9 1 2 5 14 2 2 1 2 1 3 1 18 3 3 1 2 3 5 1 1 10 1 1 1 1 2 3 6 1 5 3 2 3 5 1 55 5 3 6 54 1 2 7 1 1 1
1 18 1 3 2 1 2 5 4 6 3 2 1 1 2 1 2 2 61 5 1 3 1 2 67 1 1 1 24 2 12 3 3 4 4 1 3 1 4 3 16 1 1 6 3 1 1 2 15 1 2 2 3 3 22 6 2 1 1 2 1 1 3 2 1 3 73 1 2 8 9 1 1 1 9 1 3 1 2 1 2 8 1 2 41 4 5 1 2 2 3 1 2 4 1 2 1 3 8 2 1 1 5 1 11 1 4 2 2 2 41 7 4 4 3 3 1 33 1 1 1 9 3 1 2 3 1 1 1 6 2 1 2 2 2 1 2 3 3 2 4 35 49 2 2 3 2 26 4 58 3 2 3 2 17 1 1 20 3 2 7 1 2 2 1 1 7 2 20 1 35 1 4 1 2 2 1 2 2 2 42 4 6 1 2 1 1 1 7 3 4 6 3 3 6 2 1 1 2 9
9 1 3 2 6 2 1 2 6 6 5 4 2 2 1 3 1 5 3 1 1 3 3 3 1 3 1 1 1 25 1 9 2 10 4 24 2 1 1 2 1 5 1 4 2 6 4 1 1 1 2 6 2 2 1 3 2 8 2 5 1 11 5 2 62 3 3 2 3 2 1 2 1 1 1 2 3 1 2 2 4 1 2 1 2 4 2 4 1 83 1 1 13 2 1 1 1 1 1 2 3 2 6 1 1 2 1 31 2 6 4 2 56 1 5 18 1 1 6 1 3 2 4 2 2 1 1 2 1 4 3 1 4 3 2 2 1 3 4 1 2 1 2 3 1 2 7 6 2 1 1 1 7 3 2 21 1 2 3 1 1 24 2 3 2 3 4 3 9 5 1 2 2 3 2 103 1 4 1 1 2 2 47 1 4 1 6 1 1 5 1 1 10 1 2 1 18 2 12 4
9 2 1 4 1 1 5 1 2 2 4 7 11 1 4 15 1 8 9 3 8 2 2 12 3 2 1 1 2 2 3 3 6 1 6 3 1 2 8 2 4 71 3 2 1 3 2 4 6 2 1 5 2 1 12 1 1 5 7 1 5 173 1 1 2 1 13 6 1 4 5 72 5 3 2 1 10 1 1 4 1 1 4 4 6 4 2 22 3 3 1 1 2 26 1 1 2 8 2 10 3 3 2 5 2 1 2 1 1 2 6 2 2 1 5 2 1 7 1 4 1 1 8 6 2 18 7 2 4 3 11 11 3 1 3 17 7 1 1 2 1 5 1 1 1 7 1 1 2 3 2 1 2 2 4 5 1 2 3 3 2 1 2 1 4 3 24 5 1 3 2 1 8 1 3 2 4 2 1 1 1 3 3 2 2 23 1 4 2 2 1 1 19 146 2 6 1 2 2 3
3 2 1 3 18 1 1 3 1 6 3 3 1 27 9 2 29 4 2 1 4 55 8 1 1 1 1 2 6 5 2 46 3 3 2 2 29 3 17 3 2 2 1 6 12 2 5 4 1 4 1 1 33 1 12 2 35 3 2 1 2 1 2 12 2 3 2 14 2 21 1 1 1 2 1 2 2 8 1 3 3 1 1 3 2 2 1 10 5 6 2 3 1 1 2 2 6 2 1 2 1 1 19 3 1 45 1 1 1 52 3 2 1 1 1 1 3 1 7 2 1 1 3 2 5 3 13 2 1 4 2 4 1 425 7 2 5 3 5 3 1 1 7 1 1 1 4 7 2 1 2 1 20 2 7 1 6 1 4 1 1 2 2 3 2 35 3 1 156 1 145 1 3 1 8 2 1 1 4 1 3 1 7 4 2 2 2 1 1 1 3 12 2 3 4 2 1 2 1 2
3 3 1 2 6 13 5 8 3 2 2 19 3 1 1 1 1 3 2 2 1 1 3 6 3 1 2 2 3 2 2 2 1 1 1 1 2 1 2 1 3 6 1 3 2 10 3 1 5 1 2 2 1 13 25 2 1 2 1 5 2 4 2 3 3 4 1 2 3 2 8 1 4 1 2 2 2 3 1 4 12 2 2 9 8 1 2 1 1 2 2 1 3 2 2 1 1 1 1 3 3 4 2 2 5 2 9 6 1 2 2 2 1 2 2 11 2 12 6 4 1 2 1 4 30 4 2 1 4 1 3 1 2 7 1 2 9 2 1 1 4 1 1 5 2 2 2 1 1 3 1 3 1 5 6 12 7 3 1 66 1 1 3 1 31 4 1 5 7 1 2 3 4 1 1 1 1 1 1 1 2 3 3 2 2 9 53 1 1 22 1 1 21 5 2 2 2 11 4 5
2 6 90 2 3 1 2 2 2 1 2 3 3 2 33 12 3 2 2 7 2 1 16 2 6 1 4 44 1 2 2 2 3 2 4 1 3 13 3 2 6 7 1 2 2 16 1 1 2 3 1 4 2 18 6 3 1 1 11 1 90 2 1 3 1 1 1 6 5 2 2 16 1 2 1 4 1 10 2 33 3 1 25 2 1 2 6 2 1 2 23 3 1 1 2 1 14 3 1 2 10 5 7 10 3 5 5 2 1 2 2 2 13 1 1 2 1 4 5 4 3 1 2 1 1 1 13 1 1 2 1 2 7 8 159 4 2 3 2 2 1 1 2 20 1 2 5 2 2 4 1 2 5 2 2 1 1 1 3 1 15 12 2 1 1 3 1 3 2 1 4 2 6 1 3 1 1 3 2 2 1 1 477 5 4 1 2 1 1 4 2 1 8 13 3 3 2 1 7 2
1 2 81 1 3 2 1 2 1 3 1 1 2 7 3 3 1 4 3 4 1 1 1 6 1 10 10 3 3 1 1 2 1 2 1 2 1 358 2 1 1 8 4 2 3 3 10 1 3 2 3 4 1 3 1 12 5 1 2 3 1 1 2 2 1 1 2 1 3 12 2 6 1 2 4 3 26 1 1 1 9 1 1 2 1 2 2 2 2 1 1 1 11 1 6 2 3 2 288 3 1 2 38 2 10 107 2 3 1 1 3 1 2 2 1 4 1 3 3 9 1 6 5 2 3 2 1 7 2 3 3 3 1 9 10 5 3 60 2 3 3 1 4 5 2 1 2 1 4 2 3 2 7 1 2 1 2 59 2 2 2 29 1 2 1 2 1 2 21 2 1 2 1 1 1 6 1 2 7 1 4 5 3 2 4 1 2 3 3 2 1 2 1 6 1 3 1 2 1 7
1 11 2 10 4 2 4 1 4 48 2 3 1 2 8 2 15 1 3 2 3 2 7 3 3 6 2 1 1 2 3 5 2 2 2 1 7 1 1 1 3 2 1 3 2 1 1 1 1 4 1 6 2 1 3 1 1 2 1 3 10 1 5 1 2 1 1 1 3 358 1 2 10 2 3 1 3 1 6 3 2 1 2 2 4 2 1 4 12 1 16 1 1 5 2 2 1 1 1 2 2 3 7 1 2 4 2 1 1 1 2 2 1 3 1 3 2 6 3 2 1 1 3 2 1 2 2 2 3 1 2 1 4 3 1 2 1 10 2 3 3 6 1 2 1 1 2 2 1 13 5 1 1 1 15 1 3 1 3 4 258 3 2 3 3 1 2 1 21 2 2 1 2 2 2 1 2 6 3 2 1 2 6 3 2 10 23 2 2 3 2 14 44 3 2 2 1 1 1 1
1 2 63 3 1 5 1 1 1 4 2 1 2 155 2 40 5 4 1 1 5 4 18 1 21 1 1 2 3 2 2 2 2 2 1 3 1 1 24 7 2 12 1 2 24 2 5 5 3 1 17 1 3 3 2 414 36 1 1 2 3 2 1 4 17 2 1 6 2 2 1 3 9 3 1 1 1 1 1 2 6 25 1 2 1 8 2 10 1 2 1 1 2 1 1 105 2 2 2 1 3 1 9 1 1 8 3 1 2 1 1 1 1 2 3 6 2 34 1 2 2 1 1 1 7 1 32 2 2 1 7 1 2 1 1 2 2 1 1 1 43 1 2 1 2 1 1 1 15 2 1 7 2 2 49 9 4 13 2 1 1 1 1 16 8 5 4 7 2 7 1 1 9 1 1 2 3 1 1 3 1 2 3 3 2 2 212 5 1 3 1 21 1 3 17 2 1 1 10 9
2 2 1 5 6 3 2 1 3 1 1 4 1 3 1 1 2 1 1 1 2 2 1 2 2 2 1 2 1 4 3 9 4 1 2 1 2 4 2 1 13 1 2 1 2 2 2 1 6 7 3 2 1 9 2 1 3 4 1 9 12 15 1 3 2 13 1 3 2 2 38 1 3 3 1 1 1 1 2 14 2 2 2 2 1 1 1 1 2 2 1 2 3 1 3 2 2 6 1 1 2 1 4 1 2 11 26 1 1 1 1 2 1 1 2 1 2 2 1 9 2 3 2 1 3 7 6 3 1 2 2 15 7 352 5 4 1 1 7 4 1 1 3 5 1 4 2 2 1 20 2 2 1 4 2 3 4 1 9 3 3 6 1 5 1 3 3 1 2 1 1 2 1 2 10 4 3 3 1 6 11 1 2 7 21 4 3 8 3 5 1 1 3 64 1 2 2 1 1 3
1 3 1 5 1 2 2 1 2 2 2 4 7 2 3 3 9 2 1 1 1 2 2 1 3 377 2 1 1 3 3 3 3 1 3 98 1 8 1 1 4 4 3 1 16 1 35 6 7 1 4 2 2 2 1 7 2 5 1 3 1 2 2 2 1 2 6 16 6 2 1 3 4 2 2 2 3 1 1 2 2 1 5 1 2 2 7 1 3 1 3 6 2 2 3 1 1 12 8 1 2 1 1 2 34 7 2 2 1 35 8 2 11 42 1 7 9 1 1 1 2 1 5 1 1 1 6 2 7 2 7 8 2 2 2 1 2 3 8 7 1 3 2 25 1 7 2 2 16 2 3 1 1 2 4 3 2 2 2 1 3 2 3 2 4 33 1 13 2 3 3 1 1 2 3 1 1 12 7 3 1 1 1 6 1 1 1 2 1 1 1 2 1 1 5 1 2 1 2 11
4 3 9 5 4 30 2 1 1 1 1 2 6 2 1 3 3 3 2 1 2 2 19 1 5 2 2 5 5 1 5 1 1 1 5 3 1 2 2 5 14 1 1 1 4 2 1 4 19 2 2 1 2 1 1 1 1 2 1 2 2 3 2 1 2 1 2 2 4 2 2 4 1 316 2 1 1 4 2 2 9 4 10 2 1 11 2 2 11 2 2 3 3 4 3 2 3 2 3 3 1 3 1 2 1 18 1 1 1 1 4 1 2 2 2 1 1 1 20 3 1 1 1 84 4 2 9 5 5 16 34 2 7 2 3 1 2 7 2 10 1 2 43 2 1 1 2 4 2 3 2 3 6 1 1 2 3 1 2 2 2 7 3 1 1 5 5 1 2 2 2 9 1 1 2 2 7 2 2 5 7 2 9 1 4 23 13 2 11 84 7 9 2 4 1 1 1 2 1 1
5 1 9 1 6 2 15 1 5 3 1 2 5 1 2 1 2 2 1 7 2 21 2 19 41 2 2 1 3 3 4 6 5 2 2 2 1 3 1 4 4 2 2 41 81 3 2 2 2 3 1 14 2 2 3 6 3 1 2 2 7 2 2 1 1 4 2 1 1 5 7 3 1 6 4 4 9 14 3 4 1 1 2 4 1 10 18 5 4 1 35 3 2 16 2 2 1 3 17 1 2 4 2 3 2 1 1 1 1 2 25 10 3 1 1 2 1 21 8 2 1 1 1 3 110 2 1 1 5 2 1 2 2 1 1 3 1 1 1 1 1 6 2 2 2 41 1 2 17 1 5 7 1 4 1 3 49 1 3 2 1 5 2 12 1 6 1 1 3 1 36 3 35 2 4 1 1 3 4 2 1 3 1 1 2 39 1 2 3 1 10 8 2 2 2 1 4 2 2 1
1 1 20 2 1 9 2 2 1 1 2 1 1 2 1 4 1 1 9 6 2 1 6 1 5 2 48 2 2 11 3 2 2 30 5 1 1 1 1 1 1 2 1 2 1 7 6 32 13 1 3 2 3 1 4 2 2 4 3 12 1 1 2 2 1 1 2 11 10 1 3 1 5 2 1 5 2 1 2 4 3 2 1 1 1 3 1 4 2 6 1 2 1 5 3 1 2 27 5 8 7 1 2 3 2 1 6 2 1 3 1 1 1 9 18 3 2 31 2 3 2 2 5 2 1 1 1 7 1 2 1 4 1 3 2 2 2 1 1 1 4 3 3 2 6 59 1 1 2 2 3 2 1 11 2 1 1 2 1 2 1 2 19 1 1 9 4 4 1 5 1 1 2 4 1 1 5 1 1 39 1 2 28 4 3 1 5 1 3 1 1 11 1 2 1 2 18 3 1 176
2 20 1 2 38 2 3 11 9 5 1 1 2 5 2 1 2 1 2 1 2 2 14 38 2 1 5 4 5 1 1 2 1 1 1 1 2 1 3 1 1 2 6 4 4 2 3 5 1 1 2 9 3 1 1 3 2 3 1 2 1 4 3 8 1 2 2 1 2 1 21 1 1 3 3 18 2 2 7 1 2 1 1 1 3 7 385 4 1 2 11 2 1 1 4 5 1 8 1 1 1 2 2 1 2 1 2 4 2 1 1 1 9 1 2 1 9 1 6 9 1 5 4 1 2 9 1 2 1 1 1 2 9 1 8 4 2 1 4 2 4 3 2 2 1 2 1 2 2 1 3 1 8 1 2 30 2 2 1 1 1 2 71 2 1 2 1 2 3 1 3 1 2 2 2 1 55 4 24 2 11 1 2 5 1 2 1 1 1 1 1 1 2 1 357 3 2 2 1 1
3 3 3 2 1 5 5 3 1 8 1 2 1 4 1 2 6 12 3 4 5 10 2 6 6 1 13 6 3 2 6 2 9 1 5 1 12 2 1 1 5 1 4 2 3 19 24 1 8 1 1 1 34 1 2 1 7 3 2 2 1 24 1 1 7 1 8 1 3 1 2 5 1 1 2 3 1 1 1 7 10 15 27 4 1 2 2 1 1 1 1 3 1 5 1 1 4 1 1 2 3 4 3 1 1 5 2 2 1 2 5 19 1 1 5 1 1 5 2 4 2 1 13 4 2 1 2 3 1 2 3 8 2 4 2 2 2 7 1 1 4 2 1 2 1 1 6 1 1 1 10 2 1 2 1 1 1 1 1 2 4 3 1 2 1 1 2 10 7 2 3 7 1 3 3 2 3 2 12 2 1 2 2 2 2 1 4 70 1 1 7 1 34 10 1 3 1 1 2 2
6 1 27 3 2 13 1 108 3 3 1 1 2 2 1 2 5 4 2 3 1 1 26 1 2 2 2 4 3 1 1 5 1 2 2 1 2 2 1 1 1 4 1 5 2 1 2 2 2 1 2 1 9 1 3 2 1 1 1 1 1 3 3 13 18 3 9 20 2 5 2 2 2 1 4 3 1 2 3 1 1 1 1 5 2 2 1 2 2 5 3 2 4 2 3 2 3 1 3 9 2 7 1 2 1 1 3 4 1 1 1 3 37 3 1 9 2 3 1 2 3 2 1 1 9 1 2 7 3 3 2 3 16 8 2 4 1 8 1 1 2 1 1 1 3 2 13 16 1 3 1 4 1 2 3 8 2 6 1 1 2 7 1 1 2 1 3 1 1 1 1 2 1 1 2 1 2 4 6 1 2 1 1 4 105 1 5 3 2 2 6 2 2 2 1 2 3 1 1 3
3 5 1 2 2 1 7 2 3 3 3 4 2 2 7 4 2 2 14 2 3 2 1 8 254 32 7 3 1 2 1 5 21 13 1 3 3 2 1 3 13 1 1 2 5 18 3 1 1 1 5 2 1 2 2 1 6 6 2 2 1 7 1 2 1 1 2 8 4 1 2 2 1 5 4 11 1 2 4 2 2 4 3 4 2 13 2 38 1 1 1 4 1 3 2 1 4 1 1 2 29 1 10 2 7 3 36 1 3 15 1 43 2 6 2 3 1 1 1 3 1 3 1 2 2 3 2 5 1 1 2 7 2 2 1 1 3 2 3 2 2 1 10 6 2 3 6 2 1 5 2 4 1 14 1 2 3 2 7 1 2 2 1 5 2 1 2 2 2 7 2 1 4 1 10 2 2 3 2 1 4 2 2 1 6 6 18 5 20 1 2 3 3 1 1 6 1 1 1 7
8 1 8 38 1 4 2 1 3 4 1 8 2 1 2 2 1 3 7 3 2 2 4 13 4 1 1 12 2 30 1 1 1 1 11 2 2 7 4 2 2 1 4 10 3 2 3 1 2 1 3 2 4 1 1 2 1 2 2 1 1 1 3 16 1 1 8 7 2 15 1 1 2 2 1 3 1 1 2 4 3 2 1 2 2 4 7 58 18 2 1 3 2 1 3 7 7 1 4 2 1 1 8 13 1 2 1 2 2 1 2 1 5 1 17 1 1 3 2 3 1 3 3 1 3 203 74 4 1 3 1 2 5 2 2 3 2 1 4 1 1 2 4 1 15 2 2 2 2 31 1 2 4 2 3 14 1 1 1 7 22 1 2 2 1 1 1 2 1 2 19 3 3 1 1 1 3 1 2 2 181 2 4 1 1 1 3 1 2 1 1 1 3 6 1 1 1 1 12 2
4 7 5 21 2 2 5 4 2 10 2 12 4 4 1 1 1 3 1 1 18 2 1 1 2 1 3 2 9 1 1 4 12 2 7 36 10 2 1 1 3 3 1 3 3 2 2 4 8 1 1 3 1 4 1 3 2 2 2 2 12 1 9 1 1 1 2 3 2 5 3 2 1 4 3 2 2 1 1 2 12 2 1 1 2 1 18 1 2 1 2 1 7 2 2 5 2 11 2 3 2 2 4 3 4 1 2 4 6 1 5 3 3 2 1 1 2 2 2 1 12 1 1 2 1 2 1 4 9 2 1 5 2 1 1 1 7 23 1 1 1 1 3 2 2 2 11 1 14 1 3 4 2 1 2 2 1 2 2 1 5 2 1 1 2 2 1 5 1 1 3 1 2 2 3 2 2 7 2 1 1 1 2 3 2 1 1 5 1 1 1 2 2 2 1 2 12 1 1 1
3 4 2 1 13 2 2 3 3 2 50 1 3 1 1 3 1 2 2 2 1 2 2 1 4 7 1 3 1 11 3 1 3 2 1 6 3 1 2 10 2 4 5 5 4 14 1 1 1 7 3 1 3 5 2 12 1 9 1 3 2 1 4 2 1 1 3 22 5 7 4 5 2 1 10 2 2 1 2 2 1 1 2 1 21 1 1 2 1 2 47 3 2 32 1 2 1 1 2 2 1 2 2 6 3 15 2 103 1 1 1 4 12 2 1 10 2 4 1 2 1 2 4 2 3 6 3 2 11 2 4 1 2 3 1 3 3 1 1 3 2 3 6 2 7 3 14 3 1 4 2 1 1 1 3 23 1 9 2 4 2 3 1 1 1 7 4 3 2 6 1 7 2 4 2 2 1 1 13 1 1 1 3 1 1 2 2 4 2 2 1 2 115 4 3 8 7 2 4 1
7 6 1 2 7 1 11 1 2 8 3 2 4 12 3 1 1 2 5 2 38 2 1 2 1 1 1 3 2 2 2 2 2 2 5 1 1 3 1 1 1 1 2 3 50 15 1 4 1 1 1 38 6 1 2 1 3 48 1 3 2 2 12 4 1 2 9 5 3 6 1 2 12 4 37 2 9 1 1 1 2 11 4 1 4 2 1 2 1 14 32 1 3 1 14 1 1 2 1 1 5 1 2 1 1 2 7 15 2 1 13 4 2 8 3 2 19 2 2 2 1 3 3 3 2 6 7 1 2 1 2 2 10 4 6 6 2 1 2 1 2 4 3 3 1 2 1 1 1 2 1 1 2 2 2 2 1 2 2 1 1 1 1 1 3 80 2 2 3 2 1 5 3 2 3 2 4 2 5 9 1 2 2 1 1 2 1 1 13 1 2 2 3 1 4 46 1 2 1 1
2 1 3 1 11 1 1 2 2 1 2 1 5 2 1 1 2 2 1 2 1 5 2 1 4 3 2 3 1 2 1 1 3 5 1 3 2 3 2 4 1 1 12 1 4 2 2 15 2 4 1 1 2 3 5 2 4 1 4 1 2 1 2 1 88 4 2 25 15 3 37 3 4 4 1 4 6 3 2 3 1 5 1 1 1 3 10 2 2 3 3 2 2 8 2 1 2 2 4 2 3 2 1 1 4 2 1 2 37 5 2 2 2 11 3 2 1 2 5 3 1 6 9 2 4 1 1 1 10 2 2 1 7 4 1 1 1 2 1 1 1 2 3 1 4 3 2 3 1 10 9 2 11 2 23 2 2 4 129 2 1 4 2 1 1 15 3 2 2 1 2 1 7 7 1 1 1 1 6 12 4 4 2 1 2 1 1 1 6 2 1 2 2 1 3 3 3 2 2 1
446 2 2 1 3 7 1 1 18 1 2 2 2 1 1 3 3 20 2 13 2 5 5 1 1 1 3 2 1 1 1 3 9 3 1 1 2 2 1 4 1 2 3 4 2 2 3 1 1 1 1 1 8 18 25 6 13 19 2 4 1 1 2 4 11 3 1 157 1 3 1 2 1 1 14 2 2 11 13 1 1 3 4 2 2 2 1 3 2 2 2 7 1 1 2 1 1 2 17 1 4 6 4 6 39 1 7 1 1 1 1 1 1 1 1 1 2 1 5 1 1 5 6 2 3 1 2 2 2 7 2 21 3 2 1 217 1 4 3 2 2 1 1 1 1 4 1 1 5 2 4 3 1 123 9 1 1 2 2 2 43 3 1 3 2 1 7 1 6 1 4 3 1 5 2 2 4 1 2 9 4 2 3 2 2 1 1 57 3 2 2 3 2 13 2 1 22 7 2 2
3 20 2 2 14 1 2 2 7 1 2 3 1 2 2 3 3 2 4 2 2 1 1 1 13 7 2 80 1 1 1 2 1 3 1 1 1 2 4 2 2 5 1 1 2 1 10 2 1 15 2 1 5 1 2 1 211 15 2 1 2 4 2 1 1 42 5 2 3 1 2 1 4 2 2 2 15 11 10 2 1 11 3 5 3 3 17 6 2 1 2 1 107 1 1 1 2 2 1 3 3 1 1 42 4 2 8 1 2 2 1 7 2 5 1 1 11 3 1 3 3 63 2 2 1 2 7 1 3 2 2 2 68 1 4 3 3 2 2 2 3 7 4 2 5 4 2 1 2 6 1 1 1 2 6 1 2 8 2 1 11 1 1 1 2 2 5 1 2 2 13 3 2 3 1 4 1 8 2 3 1 1 2 2 1 4 13 4 1 3 2 1 1 1 4 2 1 1 2 1
1 6 3 2 6 3 3 32 1 1 2 2 1 20 1 1 14 15 3 1 3 2 11 1 1 15 2 1 2 4 10 2 2 2 4 2 3 3 1 1 1 1 3 12 4 2 5 1 3 1 6 1 2 11 1 8 2 2 4 2 7 2 2 1 7 1 1 7 1 1 3 1 7 1 1 1 2 1 2 3 1 2 2 6 4 2 1 2 6 1 1 3 3 7 4 2 2 1 3 1 1 2 5 1 1 1 2 1 5 1 1 1 3 1 5 8 4 2 2 2 3 2 1 1 8 1 2 1 3 1 1 1 1 2 2 1 1 2 2 8 3 1 1 2 39 1 8 3 1 1 6 2 2 2 2 2 3 1 2 1 1 2 3 4 2 1 10 62 66 2 3 4 3 7 1 2 2 3 3 2 2 2 3 4 8 1 6 5 1 2 2 1 2 4 2 9 10 4 1 1
3 6 1 2 1 22 2 10 1 1 1 1 3 1 12 5 1 13 2 1 1 2 1 10 1 3 2 6 30 1 15 1 2 1 1 2 5 2 1 5 2 1 4 3 7 1 2 3 15 27 9 6 2 1 1 3 1 2 1 2 1 3 4 5 1 7 3 2 1 2 5 2 2 3 11 1 2 1 1 1 20 1 1 3 1 1 2 1 3 177 2 1 4 8 2 5 6 2 9 2 4 2 1 1 6 1 1 15 10 2 4 3 1 1 3 2 4 1 10 2 2 1 3 2 3 3 6 38 2 1 1 8 1 42 1 1 5 1 8 4 4 1 2 1 6 1 1 3 2 2 8 1 31 1 5 12 1 5 2 14 4 7 2 2 3 2 4 4 1 2 1 1 1 1 1 33 10 1 69 4 2 2 1 2 2 2 2 1 1 2 3 2 1 4 2 1 2 3 1 2
2 2 2 1 1 21 2 2 1 3 1 1 1 2 1 1 2 32 2 121 2 26 1 1 2 1 2 5 3 4 2 17 3 4 2 4 8 3 36 20 1 2 1 1 4 1 5 2 2 15 4 5 1 3 1 1 2 2 1 3 2 2 1 2 2 2 6 2 2 2 3 5 2 2 2 2 3 9 3 2 1 2 4 3 2 1 1 4 35 1 3 2 4 1 2 3 3 2 2 2 3 1 1 1 1 2 1 6 2 2 4 3 4 3 3 10 1 5 13 17 2 2 3 1 3 3 2 10 1 1 63 1 2 1 1 1 2 10 3 2 3 4 2 3 4 2 2 2 2 1 1 1 2 2 4 3 1 1 2 1 1 7 2 2 1 7 7 4 5 1 1 1 6 1 1 16 2 1 12 4 1 3 2 2 2 2 8 1 2 4 1 21 6 14 2 1 1 1 3 2
3 4 2 3 53 3 1 2 1 3 1 1 2 9 2 1 1 7 1 16 1 4 7 2 2 1 1 27 6 2 1 3 1 13 2 4 3 1 1 8 2 4 2 2 12 2 1 9 13 5 2 11 6 6 1 2 2 2 3 2 1 1 1 45 2 9 2 1 2 2 24 48 12 8 1 5 1 6 1 1 1 1 1 2 2 1 1 5 2 1 8 3 3 4 1 1 10 2 1 1 1 1 2 20 46 1 9 1 1 1 2 2 2 5 1 10 1 5 4 3 1 28 2 2 2 35 3 1 3 1 1 1 2 39 1 4 2 6 4 1 2 5 2 5 164 11 2 1 1 5 2 2 1 8 1 3 2 2 3 4 5 2 2 1 5 2 27 2 2 1 57 1 2 1 2 1 3 1 2 3 1 3 2 7 1 1 1 1 1 5 1 3 1 36 42 2 2 2 1 1
2 5 1 1 2 3 2 2 7 6 1 2 6 1 2 1 27 3 118 13 2 1 2 1 2 2 1 1 1 1 1 1 2 2 2 7 2 26 1 2 2 2 1 3 2 5 2 12 1 2 3 3 8 1 3 2 2 3 3 2 3 3 29 17 2 2 168 1 2 3 3 2 2 1 4 6 2 1 2 1 2 2 7 5 1 1 9 20 3 2 2 2 4 4 2 4 1 6 2 1 17 7 5 2 2 2 2 3 1 1 46 6 2 6 1 15 2 6 2 15 3 2 15 1 2 2 3 2 1 48 2 2 3 1 9 15 1 1 4 3 8 1 2 23 11 2 3 3 4 1 1 24 1 2 3 24 4 1 1 2 1 1 1 1 2 2 5 27 28 6 1 2 3 1 1 1 2 1 11 1 7 2 2 1 1 8 1 13 3 3 1 1 2 2 8 1 1 2 1 1
2 1 4 3 30 1 10 5 2 4 3 1 281 2 11 2 11 6 3 3 1 3 1 1 10 2 12 1 59 1 1 1 2 4 2 3 4 9 22 2 3 3 1 4 1 12 2 4 1 3 2 2 28 2 2 101 5 2 28 11 3 2 2 3 16 1 1 1 1 2 1 1 6 2 1 9 2 12 3 2 2 1 12 1 1 1 61 1 12 1 1 1 1 1 2 109 1 60 2 2 1 2 1 1 1 2 2 1 1 4 3 2 1 1 1 2 3 8 3 4 13 1 4 7 2 20 1 1 2 1 1 2 132 2 1 6 1 4 2 3 1 1 3 6 13 5 11 2 3 1 3 1 1 4 3 5 41 1 2 1 1 2 2 5 3 1 6 2 3 2 3 1 12 2 1 2 1 12 3 10 6 2 3 1 2 2 14 3 3 1 2 4 12 5 2 2 12 1 4 1
8 2 8 2 3 9 3 12 2 4 3 2 3 3 1 8 2 3 5 1 190 1 1 1 1 2 2 1 26 2 17 3 2 2 2 4 10 1 2 1 16 1 1 8 3 322 2 1 4 1 1 14 3 6 2 8 8 2 9 10 2 1 2 3 1 2 3 2 2 2 1 3 2 4 3 11 4 5 6 51 9 1 2 1 16 1 13 3 13 2 2 1 8 1 3 8 1 1 7 2 7 5 3 1 3 4 1 2 4 2 1 1 24 4 1 12 1 1 5 1 52 3 2 4 3 30 2 1 1 46 1 7 2 7 2 2 1 1 1 7 4 2 1 1 1 10 1 2 2 2 1 2 1 2 3 3 13 37 2 1 6 3 8 16 2 2 1 36 5 1 1 43 2 14 2 1 1 1 2 1 1 2 3 7 3 3 1 5 2 2 39 1 9 3 2 2 2 2 2 1
15 3 2 1 1 14 2 3 3 2 1 2 2 2 2 8 8 2 2 16 3 2 1 178 14 1 2 1 7 1 1 1 2 6 5 5 3 5 3 2 4 1 19 4 1 5 1 1 1 2 18 11 254 2 10 5 34 3 8 1 6 7 1 1 1 6 1 6 3 1 3 2 2 3 29 4 1 25 7 1 3 2 1 2 2 5 2 3 1 1 13 2 3 2 2 1 38 6 2 3 63 21 3 1 1 6 3 2 1 1 4 3 3 1 2 1 2 1 1 3 2 1 1 2 2 1 2 1 3 5 2 10 3 7 2 2 4 1 2 5 2 5 1 65 2 3 8 1 1 72 1 2 1 18 18 1 4 28 2 3 2 4 1 1 2 2 1 1 2 9 2 2 6 5 7 1 2 4 4 2 3 2 3 2 1 18 3 16 3 1 1 1 4 7 2 2 2 31 2 2
1 2 1 10 5 2 3 1 2 1 3 3 1 9 18 5 1 6 3 1 12 1 1 1 1 7 1 1 2 3 1 2 1 13 3 2 6 24 1 1 1 1 1 2 2 2 2 1 2 2 2 1 2 13 1 2 8 1 6 2 1 2 1 2 1 3 49 2 1 1 1 1 1 2 2 1 1 1 1 1 1 8 3 2 2 5 1 1 2 2 1 3 3 7 2 2 2 24 2 2 1 1 1 2 1 3 3 1 12 9 1 6 10 2 2 6 26 2 2 1 2 1 1 5 3 1 1 4 1 1 3 1 3 13 2 1 3 10 17 3 3 3 5 2 11 1 6 1 1 3 3 3 2 2 17 3 2 2 2 2 3 6 1 2 21 5 5 13 2 1 1 1 2 4 1 1 1 1 3 4 1 3 1 2 1 1 1 2 2 2 1 8 1 1 2 2 3 2 2 1
1 2 5 9 5 3 2 2 2 9 2 2 3 7 3 4 2 1 1 3 3 2 1 4 1 11 2 3 1 2 26 5 222 4 2 1 2 1 5 1 3 2 10 61 2 1 2 24 2 2 2 1 3 6 2 1 4 6 2 2 3 2 1 1 3 4 1 1 1 8 2 2 2 2 5 3 1 1 3 2 1 1 8 3 3 2 2 1 3 3 1 1 1 1 2 1 1 17 2 2 3 2 1 2 2 1 430 2 2 1 4 2 2 1 2 1 1 12 1 2 9 3 1 1 1 2 1 1 42 2 2 2 6 1 2 1 10 4 9 2 1 4 3 5 13 3 11 3 2 1 3 2 163 3 1 1 1 1 5 1 1 1 6 6 48 1 2 4 8 1 24 7 1 7 2 2 2 2 2 2 2 8 39 1 2 2 11 1 9 1 2 1 2 1 1 3 10 43 7 1
8 1 1 2 2 13 5 3 2 2 1 73 1 1 2 4 1 1 2 1 2 2 1 1 4 1 2 1 2 1 5 1 4 1 1 3 2 3 6 1 1 1 3 2 4 7 1 2 1 3 9 2 1 2 2 4 1 1 2 2 2 1 3 3 1 1 1 3 1 7 2 3 3 1 2 2 2 2 2 1 2 2 1 3 2 1 3 2 2 8 1 4 1 5 3 2 1 2 2 2 2 1 3 4 1 4 3 10 1 1 1 1 1 2 3 4 1 5 121 6 10 1 24 1 2 2 1 1 7 1 99 1 7 7 10 20 9 1 4 1 1 4 1 1 1 2 1 2 1 1 3 2 1 7 1 2 2 13 1 1 3 1 1 2 1 2 1 1 1 4 1 5 1 2 87 2 1 3 2 1 2 3 2 10 6 1 2 3 3 4 4 22 19 1 2 1 2 1 1 1
3 2 4 2 8 2 1 2 59 1 2 4 2 3 4 3 1 273 3 5 6 2 1 1 4 1 1 3 5 1 1 3 12 1 2 8 6 1 11 3 7 11 27 3 1 1 4 2 2 1 1 2 1 2 2 3 2 4 2 2 4 1 8 91 1 8 2 2 16 3 1 2 2 4 4 2 2 3 7 16 15 4 2 135 1 1 1 2 1 14 2 2 1 2 2 1 3 1 1 7 3 2 2 1 5 2 2 3 2 5 1 1 2 2 6 9 1 3 1 2 1 1 1 2 5 1 2 1 3 1 10 3 1 2 5 3 1 2 1 1 11 3 8 1 9 2 2 1 3 2 1 2 2 1 1 2 2 2 1 2 1 5 1 2 4 25 6 1 2 2 2 60 2 1 1 1 4 8 8 2 25 5 2 4 1 1 2 17 1 4 1 1 11 5 1 1 2 2 2 1
10 2 2 1 2 2 4 5 1 2 2 4 2 1 1 2 1 5 2 1 2 1 1 2 28 16 44 14 2 1 2 2 2 1 2 7 3 1 2 1 1 3 14 2 2 3 2 1 2 6 1 3 1 1 1 1 2 1 7 3 4 1 4 1 2 39 1 1 1 2 2 1 2 2 1 1 2 8 2 12 8 3 2 3 2 1 16 2 2 2 2 2 5 3 1 3 3 1 3 2 1 2 2 1 2 2 2 4 4 22 2 1 7 1 3 2 2 4 1 2 2 5 6 2 8 2 2 1 2 8 3 3 6 5 2 7 5 1 1 1 2 10 1 2 14 3 2 1 1 2 1 2 1 1 3 13 16 1 238 1 1 5 7 2 343 2 2 2 3 1 1 9 2 1 12 4 2 2 9 5 3 2 97 3 3 4 2 1 8 24 1 1 22 5 1 4 6 2 1 4
28 2 2 2 2 10 6 2 1 2 1 5 3 1 6 3 2 1 2 2 8 1 3 1 2 1 2 1 2 1 45 1 3 20 2 48 2 1 48 2 2 2 1 2 2 2 6 1 2 4 12 1 3 2 1 2 2 2 2 4 2 1 1 1 1 7 9 2 1 7 1 2 1 2 3 31 2 1 8 6 9 4 1 3 2 2 2 3 3 1 2 1 2 1 2 2 1 49 2 1 3 1 2 3 5 1 4 2 29 1 1 1 2 2 2 2 2 1 2 4 5 2 81 2 1 1 1 8 15 3 9 2 6 5 27 130 1 1 92 3 3 4 2 1 3 11 2 4 2 2 1 1 3 2 4 14 1 2 2 7 1 2 3 1 5 7 1 1 5 1 9 2 2 3 19 2 1 6 1 1 29 1 4 1 3 6 2 3 5 1 2 1 6 1 2 2 13 2 22 16
2 1 1 2 2 1 1 2 8 1 2 3 1 2 2 3 3 4 14 26 3 3 1 1 6 1 1 2 2 17 1 1 3 2 5 9 1 4 2 3 3 8 10 2 2 7 1 1 1 2 6 2 2 1 2 2 3 2 1 2 2 1 5 1 2 1 1 1 14 2 3 1 2 1 2 2 1 7 1 3 1 2 2 25 7 6 2 1 17 3 3 5 2 1 3 9 3 2 1 1 72 1 1 1 1 1 1 6 2 1 3 1 4 2 3 2 4 8 209 1 2 6 1 1 2 2 1 31 1 3 1 1 1 5 1 1 4 1 1 1 2 1 3 10 4 1 2 3 3 2 2 26 13 4 2 7 11 2 1 6 2 2 5 6 1 4 2 1 2 2 60 2 1 2 1 3 1 1 1 2 1 15 2 1 19 4 2 1 2 7 4 2 2 1 1 11 2 7 2 1
2 2 3 2 204 1 1 2 2 3 1 1 1 5 14 2 2 1 50 2 2 2 3 5 1 1 1 2 1 1 2 1 8 2 1 2 1 3 28 1 2 2 1 1 2 1 3 1 5 13 3 1 10 1 6 7 2 2 1 1 1 1 1 2 1 4 1 1 2 2 1 4 339 8 1 3 1 4 1 2 2 7 2 1 1 2 2 1 2 4 1 1 4 1 3 4 10 1 3 9 2 4 1 5 1 1 357 3 1 3 12 5 28 1 3 2 11 2 3 1 11 2 3 14 1 3 7 2 3 2 1 4 9 1 2 2 4 2 2 2 2 2 5 5 2 1 3 6 2 7 2 1 4 2 1 13 1 5 1 3 2 2 1 4 3 14 5 2 3 2 3 1 1 1 2 2 2 10 2 1 1 6 1 1 4 1 1 2 2 3 3 3 2 27 4 3 5 1 20 2
1 1 4 1 1 100 2 2 2 2 1 1 6 5 1 8 10 2 1 1 6 1 2 1 1 12 2 1 7 2 2 30 1 1 1 1 5 7 1 1 6 1 2 1 2 8 9 4 1 1 1 3 1 5 2 2 7 13 6 1 1 10 1 4 5 6 2 1 2 2 2 2 1 1 4 15 1 4 2 3 1 2 1 3 1 1 36 3 5 1 3 3 2 7 1 3 12 1 2 4 5 3 1 1 2 2 1 1 1 1 1 1 2 7 2 1 1 1 4 1 15 3 1 2 4 2 4 2 3 1 18 2 2 1 3 3 1 2 2 2 2 2 3 1 6 10 3 1 5 4 5 3 7 2 2 3 1 3 16 2 2 3 1 3 2 6 5 1 2 1 24 1 1 1 2 2 2 1 1 4 4 1 7 1 9 2 2 1 3 1 12 1 4 7 16 2 9 4 2 3
2 2 1 4 1 1 1 3 3 1 1 1 1 2 1 2 1 2 12 1 2 2 2 5 2 1 1 1 3 7 13 8 2 19 2 2 1 2 1 2 2 3 7 3 1 1 1 4 2 7 1 1 3 1 7 1 2 7 5 16 2 1 1 2 1 2 4 2 3 1 2 2 6 1 2 7 1 1 1 2 2 1 2 7 4 1 1 2 109 10 8 3 4 3 5 2 1 1 3 20 3 1 18 2 3 3 1 1 1 2 2 8 1 3 1 1 1 3 1 2 1 15 4 9 1 3 1 3 6 11 3 4 5 1 63 3 3 10 1 2 17 1 1 2 1 1 2 1 1 2 3 1 14 1 2 1 2 3 1 6 2 1 2 10 3 4 2 9 2 1 1 8 1 2 3 3 2 1 1 1 11 1 20 4 4 3 1 1 42 1 19 2 1 4 3 2 11 2 2 5
3 2 4 10 2 2 9 2 2 2 2 1 1 2 3 5 3 2 2 9 1 1 1 2 1 328 1 2 6 1 119 1 3 8 2 1 1 9 2 1 2 5 16 13 6 4 2 1 2 1 1 3 6 2 2 3 2 1 2 86 5 2 1 2 1 2 2 6 3 1 1 2 3 8 7 2 28 1 6 1 1 2 1 2 3 1 2 2 11 5 2 3 6 2 4 6 2 1 1 1 5 1 10 2 19 2 2 2 1 1 2 3 1 2 6 4 1 1 2 1 9 1 2 1 1 8 214 13 4 2 11 11 1 1 1 1 2 1 3 2 3 1 1 12 1 3 1 1 1 2 1 1 6 1 1 67 3 1 3 3 5 1 5 4 1 11 3 2 1 55 1 2 2 7 3 4 2 2 3 1 3 2 2 2 3 1 4 1 4 1 16 4 2 2 1 2 1 1 15 1
2 2 13 1 6 2 1 1 2 2 1 10 4 1 2 2 2 3 3 7 1 3 8 2 1 2 6 12 4 34 5 4 3 1 6 9 13 1 2 47 2 2 3 7 5 6 1 5 2 2 1 2 1 10 1 4 1 14 1 2 2 5 16 1 4 1 4 1 5 3 8 1 3 1 14 1 1 1 2 13 4 10 3 2 2 4 3 5 3 4 1 2 9 2 2 2 2 1 2 8 1 65 21 1 3 1 3 1 25 11 1 2 3 2 2 5 1 2 1 11 11 1 1 1 1 1 2 3 5 1 2 5 4 9 2 2 2 4 1 1 5 4 2 9 4 1 1 74 1 2 1 2 1 8 1 9 1 7 4 1 3 32 3 2 1 1 2 1 1 11 1 2 1 2 1 3 2 2 3 2 10 17 1 3 37 1 2 1 2 2 9 7 1 1 1 9 7 3 1 1
4 1 14 4 2 2 2 2 2 14 1 8 1 9 3 4 4 1 2 1 2 4 2 6 5 1 3 1 5 1 2 1 1 4 3 2 5 1 2 1 1 13 3 2 4 1 1 5 1 2 1 3 1 9 2 2 1 2 3 1 1 1 5 2 1 2 1 1 2 2 2 2 2 3 2 1 1 4 1 1 1 3 3 3 3 2 2 1 2 54 1 2 12 15 13 2 2 3 2 1 4 1 1 23 67 4 1 2 1 3 1 1 1 1 2 2 2 1 1 1 4 1 5 6 43 1 3 1 5 2 4 2 1 3 10 2 2 1 1 1 1 5 6 1 2 3 1 2 3 2 1 3 1 40 10 8 1 3 9 48 1 1 3 3 2 2 5 1 18 4 1 1 2 3 1 1 4 1 32 17 2 17 21 1 2 2 5 1 2 2 2 18 1 1 13 4 1 2 1 1
76 3 1 2 3 12 1 3 33 1 1 1 3 3 2 1 1 1 1 62 1 1 1 2 1 2 2 7 13 87 1 1 1 3 9 9 2 3 7 1 9 9 2 167 1 1 3 1 28 1 1 1 2 2 2 2 2 3 1 2 1 1 2 10 2 3 1 2 2 5 7 2 5 4 1 17 7 1 2 4 3 1 10 9 1 6 2 69 1 1 3 1 4 1 1 3 2 4 15 9 1 5 2 2 1 1 9 4 2 1 8 1 1 2 2 1 3 4 4 58 1 4 3 1 3 3 1 1 7 1 17 2 1 2 1 1 1 1 2 31 1 3 2 32 1 3 4 1 1 65 37 1 2 10 2 1 3 16 1 1 4 1 1 2 1 24 2 5 18 4 2 1 2 31 3 9 1 3 5 2 2 4 11 4 3 1 9 5 3 16 1 2 2 2 45 1 8 2 2 1
1 1 1 1 1 1 1 2 2 1 1 1 1 1 15 8 13 4 2 11 1 1 3 1 10 1 2 2 3 1 9 2 1 1 9 1 17 2 149 1 11 1 3 2 3 1 14 4 2 1 1 3 1 1 1 2 1 3 2 2 82 2 1 5 3 2 2 19 3 1 1 1 9 1 1 1 24 2 3 1 1 8 3 2 1 3 1 2 3 2 3 2 1 1 1 1 2 4 3 2 4 1 4 1 2 1 2 1 2 7 1 2 4 4 2 1 3 1 10 2 43 1 3 2 1 1 3 1 22 3 4 5 4 1 1 1 2 3 2 1 1 1 21 1 12 167 2 2 2 1 1 2 7 2 1 56 8 1 3 1 6 1 32 18 3 3 2 4 3 2 2 9 1 3 17 2 3 1 11 8 2 1 1 6 1 1 2 1 1 1 4 1 1 2 23 1 1 1 5 2
36 4 1 3 5 2 2 2 2 3 4 1 2 5 2 6 2 3 1 1 2 10 2 4 3 1 2 3 2 2 2 154 1 3 2 2 2 1 10 10 1 2 17 1 3 1 2 2 8 2 4 2 3 8 2 1 2 2 2 3 2 1 3 2 3 2 1 2 1 3 5 1 2 13 5 1 5 3 31 3 1 1 1 1 2 6 1 3 2 10 3 4 2 1 2 2 2 2 2 1 1 2 3 1 15 2 7 5 5 1 13 5 24 4 2 4 4 4 6 1 2 1 3 1 1 1 1 1 2 5 2 12 2 8 4 4 2 2 3 2 2 7 19 3 8 1 2 15 17 1 4 2 1 1 1 5 1 3 1 1 3 2 2 1 3 2 1 2 1 14 1 1 5 1 6 2 1 2 3 1 2 10 9 199 3 8 4 3 5 2 1 3 8 2 1 2 1 6 1 6
2 5 4 2 1 2 2 1 2 7 3 2 2 2 16 2 2 1 34 3 22 6 1 1 5 121 1 1 2 2 4 6 7 2 4 1 2 203 4 2 4 48 1 1 494 18 1 4 1 3 3 101 2 1 3 1 1 1 27 2 1 38 1 3 2 1 1 3 6 3 7 2 1 1 1 2 1 1 1 1 2 18 5 1 2 48 1 2 56 2 3 1 3 2 2 2 22 2 4 7 2 3 3 1 5 2 1 3 3 8 2 1 6 1 2 8 21 1 3 1 18 1 2 1 2 2 26 70 1 3 1 4 94 2 1 1 1 1 3 5 4 49 1 4 15 12 2 1 3 1 2 3 1 1 28 1 1 7 2 1 1 2 3 1 3 2 2 1 1 12 3 6 6 1 49 1 2 2 1 2 21 3 1 1 1 1 1 2 2 3 5 1 1 8 2 2 2 8 6 3
5 1 2 6 1 5 8 2 8 1 1 1 7 7 1 4 4 2 2 33 2 1 2 1 2 2 11 39 4 1 1 3 2 1 1 2 1 1 4 1 2 3 31 1 1 1 1 1 1 1 1 1 72 73 1 2 4 2 1 2 1 2 2 3 9 2 2 2 8 5 4 2 2 4 1 92 2 2 1 21 1 1 3 1 2 3 1 1 6 2 4 2 7 5 1 6 4 4 1 2 4 4 1 1 1 6 2 115 3 3 3 2 4 6 1 4 12 2 3 2 4 1 89 6 3 2 38 1 2 2 1 10 1 3 8 3 21 1 2 2 10 1 2 1 6 1 5 4 15 29 2 14 5 2 2 5 2 2 1 21 2 3 3 1 2 2 3 1 2 1 1 4 2 38 5 2 56 2 2 1 2 7 2 2 1 35 1 1 2 1 2 4 2 6 1 3 4 2 4 2
2 4 4 3 2 136 5 3 2 10 31 7 1 2 35 2 5 2 2 10 1 2 2 2 10 3 1 1 1 1 2 10 1 2 3 3 8 1 7 2 1 15 1 4 1 3 1 2 7 1 2 1 1 1 3 4 11 3 2 2 1 1 6 3 6 1 1 13 1 2 2 3 5 5 3 1 1 1 2 1 1 1 2 2 3 2 2 15 3 5 1 5 3 13 4 1 2 4 1 2 2 1 4 1 4 10 2 2 3 3 1 4 1 2 36 2 1 2 3 1 2 1 4 3 2 2 1 8 316 4 1 3 2 1 2 3 4 1 5 2 1 4 1 3 1 2 4 2 7 1 4 2 1 2 2 1 3 2 1 2 1 1 2 1 1 2 2 2 3 14 2 1 2 4 1 9 1 1 1 1 2 2 1 2 2 3 1 1 3 2 2 2 3 1 1 1 2 1 1 2
4 1 3 1 2 20 2 1 1 2 2 1 8 3 9 2 1 3 2 1 1 1 12 1 1 2 1 24 117 1 2 1 6 6 36 3 1 1 2 1 1 3 1 2 2 1 2 17 1 1 1 1 3 3 11 2 1 3 2 5 2 1 1 2 1 4 1 10 4 4 3 3 2 4 2 3 1 3 1 1 1 1 10 1 1 1 1 2 1 1 11 3 2 2 1 1 93 1 22 25 1 3 1 4 2 1 2 10 2 1 5 3 1 7 1 3 13 9 7 11 11 11 1 1 2 3 7 1 5 2 2 11 110 1 2 1 23 1 1 1 1 2 1 2 40 1 62 188 1 2 1 5 34 2 1 2 1 6 6 2 2 22 2 39 26 3 1 2 28 2 2 2 2 1 1 2 1 2 6 8 2 1 1 1 1 4 2 1 3 5 2 1 2 2 14 4 1 1 1 36
