200
235 451 355 362 168 376 147 438 202 245 246 289 341 455 378 466 288 299 318 313 137 245 455 219 350 225 370 326 389 293 227 372 166 164 247 350 441 395 200 408 470 387 140 461 147 415 425 153 389 406 288 183 481 299 453 397 221 130 427 313 494 489 252 157 381 270 349 389 229 129 235 441 255 116 414 197 116 253 256 223 486 375 281 493 326 379 396 471 283 155 367 336 195 317 285 179 351 356 481 182 120 317 340 278 327 141 132 389 488 342 345 178 215 168 287 226 441 166 162 233 143 304 246 225 471 325 455 278 419 193 224 500 496 462 459 486 427 300 192 470 400 355 152 379 354 469 223 481 140 301 464 429 469 356 245 143 320 345 384 128 351 337 265 136 490 363 151 462 438 209 219 361 434 473 301 264 257 466 313 105 190 222 165 139 264 174 256 321 304 398 118 201 452 303 403 130 344 247 137 407
4 2 2 5 4 6 1 4 4 6 2 6 3 2 1 2 2 2 2 4 6 6 5 3 2 1 2 2 3 2 3 4 1 1 6 2 4 2 1 3 6 3 6 3 5 3 3 5 6 2 6 6 4 2 2 4 2 5 4 1 2 3 1 2 4 5 1 6 6 4 2 4 2 2 2 6 5 3 5 2 5 1 5 1 2 1 5 5 1 6 2 5 4 1 6 3 1 2 2 2 2 6 1 3 2 3 1 3 2 1 3 1 4 4 3 3 6 5 4 1 5 5 1 6 2 3 2 5 2 6 5 4 6 1 5 5 4 3 1 4 2 2 6 4 4 1 2 2 1 6 2 1 2 6 1 1 6 3 4 3 2 6 2 5 3 6 1 6 1 2 5 1 6 2 6 4 6 6 5 3 2 3 4 6 1 1 3 4 3 5 1 5 3 2 3 6 4 4 1 3
2 2 3 2 2 2 3 1 1 1 1 2 12 1 1 5 1 2 2 3 1 1 3 3 2 2 7 1 1 326 1 1 1 3 1 2 1 2 3 1 2 2 1 3 10 1 1 4 2 1 9 1 7 1 4 3 1 1 2 2 2 4 3 2 3 5 3 11 1 2 5 2 23 2 8 2 5 2 1 3 2 2 1 2 2 1 3 3 34 2 3 1 2 1 1 1 1 1 2 3 4 2 1 5 4 40 2 3 1 2 2 1 1 1 1 1 3 1 1 2 2 2 2 2 3 15 50 1 2 1 2 9 2 19 1 1 6 2 1 1 9 9 2 1 1 1 11 2 262 1 1 7 2 3 1 3 1 2 3 3 2 1 12 9 1 1 6 4 3 5 7 14 3 5 2 2 1 2 10 10 2 1 4 1 1 43 4 1 1 7 4 1 16 3 1 2 2 9 1 2
1 1 1 2 3 3 1 1 2 1 23 1 1 2 8 9 18 1 1 2 10 2 1 1 1 3 2 3 2 2 16 2 13 3 1 1 1 44 2 2 2 1 6 1 2 3 10 2 3 8 7 2 1 2 2 1 1 1 1 1 2 2 4 2 1 3 4 1 3 7 2 1 11 5 1 2 1 1 2 2 2 1 5 2 3 1 1 1 4 1 9 4 12 1 1 1 1 1 2 3 6 1 16 4 18 9 4 1 17 6 4 2 3 10 7 2 3 24 13 1 3 1 11 2 1 4 1 5 2 2 3 2 2 6 4 1 6 3 2 1 1 4 1 2 1 3 1 8 3 1 1 42 4 29 2 36 4 1 8 1 4 88 2 1 2 1 38 3 10 2 1 3 3 2 1 1 2 1 3 2 1 2 6 1 13 2 1 1 2 1 5 1 2 2 2 4 2 1 3 2
1 5 3 2 1 1 2 7 5 2 13 9 2 13 1 2 2 3 3 31 1 1 1 4 2 2 1 1 1 4 1 4 15 3 3 1 5 15 2 4 8 2 5 2 1 4 1 1 1 1 9 6 2 8 2 1 32 3 8 4 1 24 2 2 3 1 4 3 3 1 1 47 2 1 1 3 5 2 2 14 17 2 4 27 1 1 2 7 2 1 2 1 4 4 4 4 1 3 4 3 4 1 5 2 1 3 3 4 117 2 6 1 3 3 2 1 1 2 2 2 22 1 10 2 1 2 3 1 1 2 24 2 3 1 4 2 5 8 2 2 3 4 2 3 1 2 1 1 2 2 2 5 2 2 3 9 1 2 2 7 2 14 6 1 1 23 2 3 1 1 1 1 3 2 1 6 1 2 1 1 11 24 1 4 1 70 1 2 1 1 1 1 4 1 1 4 2 1 1 1
1 3 2 3 1 2 1 2 1 1 3 1 1 3 8 5 2 3 9 2 2 2 4 61 2 1 1 1 2 1 2 3 1 3 18 2 1 20 3 1 2 2 1 3 2 1 14 2 1 73 2 23 3 6 4 1 2 3 2 3 21 5 2 4 1 11 1 7 1 5 16 7 2 1 2 17 2 42 3 1 1 1 17 1 1 4 3 1 2 6 6 208 2 5 1 2 1 2 3 17 2 24 3 1 3 5 2 1 2 1 6 2 1 3 1 7 2 4 8 2 9 3 2 1 2 15 3 3 1 1 3 6 6 5 24 10 3 3 2 3 30 2 1 4 16 1 1 1 1 2 194 2 11 2 2 1 1 2 1 1 3 1 2 2 2 6 1 2 2 3 20 5 1 2 1 5 1 1 1 3 1 9 8 6 2 8 1 2 5 1 2 1 5 1 8 3 2 1 2 2
2 9 2 3 2 2 2 3 4 1 1 2 2 5 1 3 2 2 1 2 2 1 3 1 3 2 2 6 27 75 1 1 2 1 3 2 3 2 1 1 5 3 1 1 1 1 1 2 5 2 2 1 1 2 8 1 1 1 4 2 1 3 2 1 2 8 2 2 3 1 1 1 19 2 2 1 2 7 8 19 2 5 1 1 4 2 1 1 3 91 1 30 7 2 14 1 2 2 2 1 26 1 7 7 1 1 1 2 4 1 7 1 6 3 1 5 1 1 3 11 1 5 1 2 2 1 2 5 5 1 2 1 2 13 1 4 1 1 2 11 3 1 3 1 1 2 1 1 5 2 2 6 1 29 3 1 3 31 2 1 5 2 2 2 1 1 1 1 3 1 2 3 1 2 4 2 2 2 1 4 10 1 1 10 6 15 6 4 1 2 3 1 1 7 3 3 1 1 1 7
1 4 2 1 1 1 3 232 2 3 1 1 2 1 4 33 3 1 1 2 3 3 35 10 4 1 4 1 2 1 1 2 2 1 1 26 2 3 2 6 1 3 3 2 1 12 2 1 2 1 2 21 16 22 5 2 1 1 1 1 3 2 1 2 2 4 1 4 1 1 4 2 13 2 1 5 1 10 2 4 3 2 1 1 9 2 1 1 15 1 1 3 3 2 1 1 2 1 1 4 15 2 3 2 2 1 3 3 111 1 3 1 1 1 3 4 3 2 9 2 1 4 2 3 2 1 2 1 2 2 2 2 3 2 4 3 2 5 1 1 3 2 1 19 3 3 17 2 1 7 2 4 5 1 2 1 1 13 5 3 2 2 6 2 2 2 1 3 2 8 2 5 1 1 2 1 2 1 1 1 1 3 14 2 13 6 1 2 5 2 1 7 2 2 1 51 92 1 1 2
2 2 2 3 1 27 3 1 5 1 2 2 1 2 2 1 8 1 3 1 3 1 2 11 1 1 33 1 6 25 3 2 7 1 1 3 1 10 6 3 1 1 5 1 1 1 4 1 51 1 1 1 1 5 1 1 1 6 6 1 1 2 6 3 1 2 2 2 1 1 4 3 1 17 1 41 11 2 24 1 17 1 3 2 50 1 1 7 2 2 1 9 44 2 1 11 2 3 2 4 2 1 3 2 1 1 2 2 6 1 4 2 1 1 1 4 6 1 6 13 2 1 3 1 7 10 1 6 4 1 1 1 9 14 2 2 2 1 8 4 1 2 2 2 2 3 2 2 1 20 1 2 2 2 1 3 3 5 1 2 1 1 2 1 23 4 1 5 1 8 2 3 3 4 7 1 1 3 1 2 4 8 36 12 1 5 1 1 1 1 1 1 11 27 4 3 1 2 1 1
4 1 2 1 27 2 4 2 1 3 6 1 1 11 2 1 4 1 2 2 2 2 1 2 19 3 4 2 2 1 2 359 6 2 1 1 2 1 1 4 4 4 1 1 24 4 8 3 1 11 1 1 4 1 1 3 2 1 2 1 1 2 2 1 1 1 1 1 1 1 12 2 2 14 1 1 1 85 1 1 2 1 3 1 13 3 8 5 4 1 1 8 1 1 2 2 4 2 2 18 7 67 1 9 2 17 6 2 1 2 2 6 2 1 1 2 4 1 1 19 2 14 1 2 2 1 14 1 1 63 2 2 5 2 2 189 2 1 82 136 1 9 5 3 1 5 13 2 4 1 2 57 3 3 48 2 4 10 2 1 1 2 1 4 4 4 32 1 1 17 4 1 4 2 1 6 4 3 2 1 2 1 3 2 9 4 3 72 3 6 3 3 2 2 2 1 8 2 3 1
2 2 18 2 2 2 1 2 1 2 1 1 2 1 1 2 2 6 13 1 1 15 1 5 3 3 2 1 1 2 2 1 3 2 2 105 1 1 3 3 2 2 1 2 1 1 1 12 1 1 1 1 2 5 1 1 20 15 2 2 1 2 3 7 2 7 2 1 1 3 2 2 1 1 5 1 1 2 46 2 1 1 1 11 2 2 6 4 1 5 1 8 2 2 10 1 6 1 2 10 7 1 1 3 1 1 16 2 1 1 6 13 8 2 10 2 5 1 1 1 4 7 2 4 7 1 3 1 2 2 15 2 5 7 2 5 1 7 1 6 1 1 10 1 30 1 1 80 3 1 1 8 4 2 2 4 2 3 2 1 27 1 2 2 3 1 7 1 1 6 1 3 1 1 2 1 34 5 2 136 5 4 3 3 5 43 3 1 2 1 1 3 9 1 135 4 2 6 2 1
1 3 2 5 1 1 1 1 1 3 5 4 1 1 1 5 1 6 1 2 5 1 2 2 1 2 2 2 1 4 1 2 2 2 5 3 1 6 3 2 3 8 1 1 1 17 1 3 2 2 3 1 2 3 2 1 6 2 1 2 17 1 2 1 1 18 2 1 6 6 2 5 3 4 3 5 3 1 2 4 1 2 13 2 1 2 1 1 1 3 1 2 2 1 3 7 7 2 44 1 2 9 7 2 1 2 1 3 1 101 1 2 1 6 2 2 2 7 1 3 1 1 3 1 6 1 5 2 1 8 1 1 8 1 2 2 1 11 2 2 1 1 2 16 1 1 4 1 1 1 20 4 2 5 1 2 1 22 10 4 3 2 1 1 1 2 3 1 1 1 103 26 2 2 4 6 1 2 2 2 6 6 60 1 2 1 4 1 1 20 1 2 1 8 1 3 2 2 1 3
4 1 1 1 2 3 4 1 2 1 1 3 2 26 1 2 1 3 1 1 1 5 2 1 6 3 1 2 4 2 1 56 1 5 31 3 1 9 11 1 2 12 3 1 1 2 1 2 27 1 3 1 2 2 2 1 39 1 1 4 1 2 3 1 6 1 2 23 1 3 2 6 1 3 1 9 2 1 2 3 2 2 1 1 2 2 7 88 6 1 4 1 4 2 2 1 3 5 2 2 3 3 2 1 2 2 1 2 1 1 1 3 1 1 2 2 1 3 2 5 1 1 3 2 1 3 3 5 2 52 3 4 2 2 2 1 4 1 1 5 1 2 2 2 1 2 2 1 1 4 1 1 2 1 2 6 12 2 1 1 5 1 2 7 2 2 3 2 13 2 3 5 1 5 2 2 1 2 2 2 5 1 2 3 1 2 1 1 4 1 6 4 3 3 20 162 1 1 2 2
4 6 1 1 5 1 2 1 1 5 3 1 5 6 2 2 2 47 4 1 1 3 16 2 43 2 1 2 3 3 3 5 2 1 14 1 1 1 19 2 2 1 20 12 4 1 1 1 3 16 1 1 1 2 1 13 1 1 4 1 2 5 3 8 2 2 1 1 3 4 7 2 3 2 1 2 3 1 1 3 1 1 2 2 1 61 1 2 2 2 1 2 1 2 18 4 13 2 1 3 4 1 19 1 3 1 6 31 1 1 3 1 1 3 1 1 4 1 2 1 1 1 2 9 1 1 5 1 1 7 21 36 2 1 36 1 2 2 1 5 1 2 1 1 2 4 3 8 3 2 3 2 1 1 2 11 1 1 2 2 11 1 2 1 3 30 1 3 1 1 5 1 75 1 4 5 7 1 1 2 66 2 3 4 1 14 7 1 1 4 3 6 1 2 2 2 2 2 21 2
1 2 1 2 2 1 1 4 32 1 1 2 23 2 6 1 1 7 1 2 2 8 1 88 5 2 5 2 2 3 2 37 2 2 2 1 3 2 1 3 1 1 3 1 1 2 2 2 6 3 13 3 4 2 2 2 2 12 5 2 4 5 2 1 24 1 29 7 1 2 2 1 10 2 2 1 1 3 1 4 20 4 2 3 29 2 3 1 1 3 1 5 16 10 2 1 2 5 1 11 1 2 1 1 3 2 1 1 2 1 2 6 2 9 3 2 3 2 210 2 3 1 1 2 1 2 1 1 4 8 1 6 1 3 1 1 1 72 3 1 2 4 1 1 2 7 1 1 1 2 4 1 1 1 23 1 2 2 22 15 2 2 1 5 3 1 7 1 16 8 25 8 4 1 1 1 3 1 1 2 1 8 2 2 3 1 2 1 13 6 2 7 11 4 5 1 1 2 1 1
2 1 2 2 14 1 4 2 3 1 1 1 1 2 4 2 5 2 1 1 2 2 22 5 14 3 3 30 2 1 2 31 1 3 6 3 3 1 2 3 1 1 2 1 9 2 1 1 1 6 34 2 5 10 9 25 13 68 61 6 2 2 1 3 4 2 2 1 1 18 1 2 2 11 1 1 1 4 1 1 3 2 2 2 1 2 1 4 9 5 1 1 13 3 2 1 1 90 1 5 1 3 1 158 3 1 10 3 1 5 5 4 1 2 1 1 1 1 2 4 1 2 2 2 24 2 1 3 54 1 1 7 2 55 3 1 2 1 2 1 56 1 2 2 1 29 9 1 2 10 1 1 1 1 5 5 2 5 3 4 10 7 25 7 1 1 2 6 3 1 2 4 6 2 2 115 1 5 1 3 4 1 1 1 6 2 5 1 1 7 2 1 5 5 3 2 14 2 3 5
1 1 2 4 3 1 1 2 1 2 2 1 2 2 4 2 18 2 3 2 2 11 1 4 6 3 2 20 3 1 4 12 1 1 5 25 19 12 3 1 1 1 1 1 3 2 1 1 2 34 1 7 2 3 69 1 13 6 1 1 3 6 3 3 4 4 3 1 4 2 6 1 3 3 1 3 3 1 2 52 1 3 1 6 4 1 3 1 53 51 1 1 3 4 14 2 1 1 1 2 3 2 27 10 1 3 13 7 1 7 2 5 1 2 4 1 1 4 1 1 4 1 1 1 1 2 4 9 1 1 5 1 2 29 6 1 1 2 1 2 2 1 1 1 4 5 1 2 6 1 17 2 1 3 32 1 1 7 2 7 2 4 1 1 1 4 4 14 1 2 1 2 2 5 2 2 24 1 6 5 2 1 7 3 10 1 2 1 1 1 2 2 1 4 2 2 4 2 7 1
1 5 3 1 2 4 7 2 17 68 1 5 1 4 1 1 2 4 5 1 3 2 12 1 4 3 2 1 10 170 1 1 1 3 6 1 2 2 1 2 5 10 11 5 2 88 4 2 3 1 9 1 1 4 1 2 3 1 1 1 3 1 1 1 1 5 2 29 11 11 1 1 1 1 2 2 2 2 3 2 2 3 2 20 2 1 2 9 3 1 1 116 1 2 1 1 65 3 5 7 2 2 10 6 6 7 3 1 2 2 1 1 1 2 2 16 4 5 2 144 2 9 1 2 21 1 5 6 3 2 2 1 5 2 2 1 1 3 1 20 5 2 3 1 7 1 1 8 1 19 3 8 4 1 2 2 1 1 9 6 1 2 2 3 2 2 1 2 2 5 7 4 7 1 3 1 2 2 10 1 1 2 2 1 22 2 2 2 1 1 1 19 13 1 5 2 2 7 8 4
2 1 1 1 4 2 1 2 2 2 4 1 223 4 2 5 2 1 175 1 4 1 2 1 5 2 7 2 2 1 3 13 4 1 2 27 6 4 4 1 6 1 1 2 1 1 2 1 8 1 1 1 30 1 8 1 8 8 1 9 15 4 1 1 9 11 2 2 1 1 1 4 4 2 1 2 2 9 16 2 11 2 1 1 3 21 1 58 3 2 29 1 10 2 2 2 4 1 2 2 4 1 4 3 2 3 1 123 1 3 2 1 47 1 1 1 2 2 2 4 1 1 1 2 1 9 2 3 3 1 8 1 3 2 3 14 6 2 3 5 2 1 1 8 5 10 3 21 2 2 2 1 1 2 1 1 2 1 4 1 2 1 4 1 1 2 2 7 3 2 9 1 1 1 7 1 1 2 5 1 9 1 12 1 4 4 2 2 1 6 2 2 2 2 6 2 1 3 1 6
4 99 1 5 14 2 2 2 1 1 2 3 3 5 3 4 3 3 2 8 16 6 8 25 7 2 2 3 16 1 2 2 3 6 1 4 1 1 6 2 2 20 5 8 3 2 264 2 1 1 3 2 6 3 1 2 2 3 2 2 8 1 8 1 2 1 6 5 1 1 1 1 10 1 2 1 1 3 18 2 39 2 1 3 13 2 2 4 1 2 4 5 5 23 3 1 2 2 2 2 1 1 6 3 7 8 2 4 2 1 3 3 6 3 1 4 2 4 1 5 6 1 2 1 2 1 11 5 1 3 2 2 2 1 2 10 53 1 1 6 1 2 29 1 2 2 3 2 1 87 10 2 3 2 1 1 214 3 1 2 3 2 1 2 3 2 2 7 36 2 2 8 3 6 2 2 4 1 2 1 3 13 11 2 1 1 21 2 17 7 5 2 4 3 3 4 13 2 1 6
5 1 2 2 3 1 2 4 3 1 2 8 3 1 1 1 13 1 7 5 3 228 2 1 1 5 40 4 3 3 1 1 1 2 2 10 5 1 2 1 1 3 6 4 1 2 1 1 2 11 1 4 1 2 7 2 3 45 1 2 2 1 2 1 1 1 1 13 2 1 5 17 18 4 1 1 20 9 1 3 12 2 4 13 2 2 28 2 3 1 1 2 1 24 1 4 2 14 1 2 3 1 1 2 1 2 1 22 2 2 1 2 1 3 1 2 1 10 1 1 2 1 3 3 4 2 79 1 1 1 21 2 24 2 2 2 1 2 1 3 3 1 1 1 3 1 10 3 3 10 6 1 2 29 5 1 6 2 2 3 2 2 3 11 5 1 2 2 22 14 1 2 11 2 1 1 8 1 26 2 3 5 3 1 1 1 2 5 1 2 2 1 3 12 14 1 2 2 1 4
3 1 2 15 3 1 2 5 1 33 14 1 1 1 3 2 12 5 4 3 3 1 1 2 1 9 2 2 1 2 1 6 1 1 1 1 1 1 1 6 3 36 3 1 7 1 1 1 5 2 6 8 1 3 3 1 1 5 1 1 2 1 4 3 1 2 2 7 2 8 3 1 6 18 2 1 1 1 2 1 17 15 8 2 2 9 2 2 1 1 4 1 2 3 3 1 11 1 1 4 80 3 1 3 5 5 1 2 2 1 2 5 8 2 2 2 1 1 2 1 1 2 3 4 3 2 2 1 2 4 6 3 3 4 1 2 2 6 3 6 1 2 2 1 1 1 1 5 28 2 2 2 4 6 6 4 3 1 1 2 1 3 2 3 1 9 3 4 1 1 3 1 1 3 1 2 1 2 2 2 18 1 2 3 2 1 10 1 3 6 1 2 3 2 2 3 1 1 2 1
2 9 2 2 2 1 2 6 1 55 1 1 1 3 2 1 1 1 5 29 25 2 3 2 30 2 2 8 1 2 6 1 2 1 2 3 13 1 4 2 1 10 3 3 1 5 1 9 2 1 1 2 2 18 4 1 3 1 3 3 3 1 1 2 2 2 5 1 1 427 2 1 2 7 3 3 3 1 2 1 3 4 1 4 3 15 3 1 24 2 2 2 1 6 21 3 2 3 166 14 1 13 28 2 2 3 11 2 1 1 1 92 1 181 2 3 1 1 3 2 9 3 192 3 1 1 13 2 4 3 1 5 71 9 1 1 2 1 3 2 2 3 6 2 2 2 7 1 1 1 1 2 7 6 4 1 1 2 2 2 7 2 1 2 4 3 2 2 4 1 2 4 164 1 2 1 2 12 11 5 2 2 41 2 1 3 2 24 1 1 2 3 1 1 6 1 2 2 1 3
1 1 2 3 1 2 3 2 11 2 2 2 2 1 1 1 1 30 3 1 1 5 1 1 2 1 10 1 3 1 3 3 2 2 11 2 2 1 1 2 2 2 1 2 1 4 25 2 2 2 1 2 3 2 2 2 8 13 8 21 1 3 1 2 1 38 6 1 8 3 1 3 5 1 1 19 2 1 6 4 2 10 1 4 1 8 1 2 1 4 2 41 2 1 6 2 11 1 4 5 2 1 5 6 2 1 1 1 3 30 2 1 3 4 1 2 14 3 5 6 1 2 1 5 2 1 2 5 2 1 4 3 11 3 2 1 2 1 7 2 1 1 1 3 1 2 7 1 2 2 1 2 1 2 1 5 3 4 4 1 1 2 2 1 5 1 1 4 7 4 1 1 2 1 3 2 372 1 1 9 1 3 2 16 1 2 2 1 10 2 2 2 1 2 4 5 1 2 1 2
2 8 3 8 2 4 1 1 1 1 1 1 9 3 2 35 3 1 1 1 1 4 7 3 1 1 2 3 20 2 1 3 3 1 4 1 1 2 1 3 3 2 8 1 42 4 20 2 10 15 4 1 4 2 1 3 2 12 4 1 3 6 4 3 3 13 1 1 2 1 6 87 2 10 1 4 2 7 2 2 1 6 11 5 15 1 1 1 2 4 1 2 1 1 4 5 1 2 1 91 1 1 3 2 1 3 1 1 2 3 2 1 10 8 4 3 236 2 9 4 2 3 2 3 1 1 2 6 1 1 3 2 1 2 2 3 3 1 25 2 2 4 1 1 3 20 1 9 3 17 6 2 102 2 4 2 5 8 1 1 6 2 1 2 3 1 6 2 1 1 3 8 1 1 3 6 2 28 1 1 6 1 1 2 1 1 2 17 2 2 1 1 2 2 2 2 12 9 1 1
2 1 1 5 2 2 2 2 2 4 1 3 1 1 3 3 4 3 2 4 3 6 3 1 1 1 2 12 1 1 3 2 1 1 1 1 4 7 8 1 2 2 2 2 7 15 2 4 1 2 2 3 7 4 1 1 1 1 2 2 4 6 3 3 1 1 9 1 1 3 96 1 1 1 10 6 2 2 2 1 1 5 13 1 2 6 1 3 1 2 3 2 2 22 2 2 1 1 2 2 3 6 3 1 2 2 2 1 4 248 1 1 2 1 1 2 17 1 1 2 1 6 2 3 1 2 1 1 1 2 2 1 3 3 2 4 1 1 17 2 2 2 1 1 3 3 2 2 3 1 3 2 1 3 6 19 101 25 1 3 3 2 1 3 1 4 1 3 1 5 1 10 2 3 1 2 1 1 3 15 5 5 1 9 4 4 1 9 1 1 1 19 11 1 1 1 2 3 3 1
58 6 1 1 1 1 6 4 2 1 2 2 1 2 405 28 1 2 1 4 1 2 3 1 2 2 4 1 6 2 1 2 1 2 1 1 2 2 2 1 3 1 4 2 1 2 1 2 1 2 2 1 3 1 1 2 1 11 1 2 1 3 5 2 1 1 2 2 3 2 54 1 16 4 4 10 3 3 7 54 2 1 2 3 12 1 2 1 2 5 1 1 1 5 1 11 5 6 2 2 2 1 15 6 3 7 2 1 1 1 1 2 2 253 3 1 4 2 1 3 1 2 28 1 7 4 2 10 1 2 52 2 6 4 1 7 3 1 3 4 1 3 2 2 5 1 3 1 5 3 1 2 1 1 1 2 346 2 7 8 5 1 8 2 1 2 1 2 1 46 1 4 2 2 1 2 9 1 1 1 2 160 6 1 2 4 3 5 1 2 1 1 2 27 1 2 6 2 5 2
1 10 59 5 1 6 2 13 2 1 6 2 2 3 2 2 1 65 12 1 2 3 6 2 2 2 1 1 4 47 2 2 2 6 3 64 6 1 6 17 4 1 1 1 1 5 3 2 2 2 5 4 1 3 1 4 1 2 8 1 2 11 1 2 3 3 1 1 2 1 2 5 3 3 2 1 1 4 1 1 3 2 1 1 1 8 1 1 2 2 2 2 2 6 1 1 1 3 4 1 1 1 3 4 1 9 1 5 5 2 1 2 5 9 1 2 2 1 2 2 7 3 2 2 1 3 2 1 1 3 1 2 13 5 1 1 4 1 1 3 2 1 5 1 1 3 1 1 1 1 1 2 1 1 3 3 15 1 7 1 1 1 2 2 5 5 2 1 293 3 2 16 1 1 1 2 2 19 5 1 2 3 3 1 1 1 2 4 1 2 1 5 2 403 14 19 4 2 2 127
9 1 12 4 5 1 2 11 1 1 2 4 2 1 4 1 16 1 2 3 2 1 165 2 55 4 3 1 2 7 1 3 1 1 1 22 7 19 2 1 2 18 1 4 3 1 1 30 2 2 1 3 10 4 10 2 8 4 7 1 5 4 3 2 15 2 2 9 3 26 2 3 5 4 7 2 4 1 1 338 1 2 1 1 1 3 3 3 3 2 2 4 1 2 1 3 2 2 4 5 46 3 5 3 2 3 4 2 1 9 2 1 11 6 13 5 8 1 5 3 1 2 1 25 2 2 11 1 4 3 2 289 4 3 2 2 2 2 1 1 1 26 1 1 3 27 1 2 1 5 2 4 10 3 2 1 4 3 2 3 7 2 1 3 1 2 2 1 2 17 3 9 1 3 6 1 2 4 2 2 6 3 1 3 2 4 2 6 2 1 2 2 85 1 3 4 8 1 1 3
1 2 2 2 1 2 2 1 1 1 3 2 23 1 2 39 2 2 1 2 2 1 5 1 2 1 8 26 1 3 4 247 14 5 1 3 4 13 13 2 2 8 3 3 4 1 3 7 2 2 6 3 1 2 2 4 8 1 1 2 1 1 2 5 1 1 2 2 2 1 7 1 2 1 1 9 4 2 1 6 1 2 7 1 5 51 9 8 34 1 3 1 10 11 1 1 3 2 2 1 1 1 1 1 5 2 1 4 2 1 1 1 2 1 1 1 1 120 1 78 4 1 9 1 1 1 3 1 3 2 2 7 1 1 1 2 1 1 1 7 1 1 361 6 3 2 4 1 4 2 12 4 1 2 2 3 2 2 4 1 2 3 2 16 5 2 8 3 1 1 2 4 3 1 1 1 8 9 12 2 2 5 2 6 2 3 4 1 3 1 2 7 85 5 1 1 7 1 2 1
3 2 6 2 1 6 3 1 11 2 5 59 2 2 1 5 2 3 3 7 29 2 156 1 1 2 20 1 9 1 3 5 3 1 12 1 3 1 3 1 7 12 1 1 1 5 1 3 140 2 3 2 5 2 3 4 6 2 1 3 1 6 2 7 1 4 1 1 2 2 8 3 16 2 1 2 1 1 2 1 10 6 2 10 5 1 3 4 1 2 2 1 1 5 2 1 3 7 1 1 3 1 3 1 5 5 4 5 3 4 1 1 1 1 5 1 5 1 3 2 2 1 5 1 2 1 2 6 19 2 1 2 1 2 1 3 17 1 2 19 1 2 3 5 2 1 3 1 2 1 123 4 2 2 24 4 2 1 1 3 3 7 2 1 1 1 1 90 1 2 4 5 3 1 2 1 2 8 1 2 1 1 8 2 3 3 1 2 2 2 1 2 3 2 1 6 2 2 18 4
8 1 1 7 1 1 21 1 11 1 10 1 9 1 2 7 2 2 40 4 2 3 1 1 3 5 2 4 6 3 2 1 1 26 1 2 3 1 3 3 1 2 2 1 5 5 2 2 4 1 1 1 2 1 4 2 2 3 1 32 18 2 1 3 2 5 1 2 7 5 2 1 1 4 5 5 9 2 87 4 1 1 13 2 2 177 28 2 3 4 4 7 2 1 1 1 2 5 1 1 1 2 2 4 3 1 8 7 1 2 1 1 4 3 1 1 1 2 4 2 1 2 1 2 3 2 3 1 1 3 2 2 2 1 1 2 377 25 2 9 13 3 1 2 10 6 2 4 1 2 1 3 1 1 10 1 2 2 4 1 3 3 5 9 1 11 3 12 2 1 2 3 1 2 3 5 10 2 1 3 1 2 2 4 1 5 2 2 1 1 3 2 12 3 3 2 2 1 14 1
2 3 1 10 16 1 2 1 2 5 9 2 1 1 1 1 2 1 65 3 24 2 2 1 6 2 8 1 2 1 2 2 2 1 1 1 1 2 1 6 5 6 1 12 9 2 1 50 2 2 6 173 3 35 1 1 10 16 3 7 3 1 1 11 2 2 1 4 1 1 2 1 15 7 9 13 2 1 1 1 6 2 1 5 22 3 57 1 6 31 1 4 14 1 11 1 2 3 3 5 6 1 2 3 1 4 1 2 2 2 3 1 2 19 3 4 10 5 2 28 2 10 5 24 3 24 6 2 1 3 1 2 2 1 2 10 73 1 4 4 7 3 1 8 2 13 1 5 1 1 1 2 2 3 2 3 1 4 2 5 1 2 1 1 6 2 2 1 2 2 1 11 1 47 1 1 2 2 2 29 14 3 6 4 2 1 2 11 2 15 2 4 2 8 1 3 2 1 12 5
8 2 2 2 3 1 1 2 3 2 4 16 2 6 1 2 40 4 2 1 4 2 2 2 3 2 3 1 4 1 7 1 1 2 1 2 1 4 1 2 3 1 1 48 2 1 1 2 3 2 3 2 2 5 18 2 3 2 2 5 28 3 2 3 2 3 2 1 1 1 4 5 1 3 1 3 2 2 4 5 2 8 3 1 5 2 2 2 1 4 1 13 2 2 1 7 2 2 17 1 1 1 27 1 3 2 2 3 17 6 19 2 4 9 13 1 6 7 3 1 2 5 2 1 1 1 11 2 4 9 3 2 2 1 2 43 2 2 1 4 1 2 12 5 2 2 2 1 5 5 3 2 2 1 2 3 2 1 1 1 1 1 1 13 4 1 2 1 6 5 1 5 2 23 2 3 2 4 2 1 3 19 4 1 2 1 1 4 1 2 2 1 5 1 2 3 2 2 6 2
2 2 8 2 3 1 2 2 1 11 1 5 1 2 1 3 2 4 1 20 4 1 2 4 3 1 1 1 13 1 1 2 13 3 1 19 1 23 1 1 2 1 1 1 2 6 1 4 2 1 2 32 3 4 1 6 3 1 33 4 2 1 4 8 4 2 1 1 3 1 1 57 12 2 2 3 1 2 1 1 13 4 1 1 1 5 3 1 1 7 2 2 3 3 2 2 1 2 1 2 2 7 2 12 9 6 1 1 3 2 1 1 21 2 1 2 1 324 1 2 1 2 1 7 3 7 6 2 2 11 2 2 1 1 1 30 1 2 5 1 4 13 10 1 3 1 3 2 46 3 2 2 1 2 1 1 1 8 1 3 3 1 1 3 4 1 3 2 1 3 2 1 2 4 4 9 3 3 1 5 3 1 2 2 4 5 2 2 2 1 2 1 1 1 23 2 4 1 4 1
1 2 1 3 2 1 1 7 7 2 1 1 27 11 4 1 18 1 2 18 1 3 75 1 4 1 2 12 11 1 2 1 2 2 18 1 1 73 4 41 2 3 3 27 6 3 2 11 4 1 2 1 32 3 11 4 1 3 6 1 2 1 10 2 2 4 1 2 2 19 6 5 3 1 3 2 3 1 4 3 1 2 4 8 1 2 3 2 2 1 1 1 1 2 1 9 6 1 1 1 1 1 1 9 2 2 3 1 1 2 2 2 1 2 4 1 2 3 2 4 4 1 2 1 1 2 1 2 1 1 10 1 1 3 3 1 1 1 9 1 1 1 1 1 1 2 1 2 2 2 1 1 6 2 5 1 7 2 1 2 2 2 34 1 1 2 1 1 1 2 6 1 1 2 1 1 2 2 3 4 1 5 1 4 1 2 4 3 1 2 3 3 1 9 3 5 1 8 2 2
1 3 1 6 4 5 3 1 4 2 1 2 1 1 1 1 1 14 2 2 1 9 1 10 1 2 1 3 1 4 29 5 2 2 10 2 1 1 2 2 1 7 1 7 4 2 3 1 2 2 2 3 4 1 2 1 2 2 2 4 11 1 2 2 1 2 2 8 5 3 1 1 1 3 1 2 1 1 1 1 2 2 1 3 90 2 2 1 1 4 8 2 2 3 1 1 2 2 3 5 2 2 2 2 12 5 2 7 22 1 2 3 2 1 2 1 1 16 1 4 26 1 1 2 2 1 1 3 2 5 1 2 1 1 2 1 1 2 2 2 1 12 1 3 11 1 7 16 3 8 1 24 1 1 1 1 2 1 1 1 1 1 11 1 2 2 2 1 4 6 10 1 2 4 4 5 1 3 2 1 1 1 2 8 1 1 15 4 5 2 1 1 1 2 1 5 1 3 1 2
1 2 2 2 1 6 4 1 1 13 1 5 1 2 10 2 21 9 15 1 4 2 1 2 1 2 1 23 4 6 2 1 1 1 4 9 5 1 1 1 2 4 4 1 12 1 2 1 2 2 2 1 1 2 1 3 1 2 2 1 2 2 4 2 8 12 2 1 1 2 1 2 1 41 1 2 1 1 1 2 1 1 2 1 4 2 1 6 1 1 1 2 4 2 1 14 3 1 1 6 1 5 3 1 7 2 1 1 2 7 1 2 1 2 4 36 3 9 1 4 1 3 2 5 3 1 1 1 47 2 1 6 1 8 1 1 1 4 9 1 2 1 16 5 2 8 3 6 4 2 2 2 2 1 1 8 1 13 2 8 1 3 1 2 2 1 7 1 2 1 3 3 2 1 5 3 5 3 3 20 47 1 2 1 2 2 1 1 1 1 6 51 1 2 2 1 6 1 3 2
1 1 29 1 1 6 5 121 19 2 2 1 5 8 2 2 2 1 2 2 2 2 4 14 1 2 6 1 1 1 1 3 2 2 3 2 2 4 2 2 2 1 1 5 2 6 2 15 1 1 4 6 3 1 1 78 1 1 2 2 1 2 2 14 3 2 1 2 4 1 4 2 39 3 2 1 1 1 1 31 4 2 2 20 2 2 4 3 23 12 1 2 11 1 3 1 1 1 1 2 11 5 2 12 55 20 5 1 1 3 2 4 1 1 2 2 2 1 2 1 3 3 8 2 1 1 1 2 1 1 2 1 1 3 1 2 2 3 21 59 1 1 2 4 4 2 2 2 2 7 3 1 1 5 4 1 2 2 1 1 2 1 1 2 3 2 4 7 1 2 1 2 2 1 1 1 27 11 5 1 2 4 1 2 1 1 1 2 1 1 1 2 1 1 1 6 3 1 7 1
1 3 2 1 7 2 1 2 2 2 6 2 1 1 2 6 9 15 1 2 11 1 1 3 1 3 1 2 2 1 2 3 2 2 5 1 3 2 1 1 2 1 1 3 12 5 1 4 1 1 1 15 9 11 3 1 2 1 2 11 16 1 2 6 14 1 6 4 2 13 2 6 1 2 7 2 1 3 1 1 2 1 1 3 1 1 1 15 2 3 3 1 2 1 3 2 1 2 2 9 2 2 1 1 2 1 2 32 4 2 1 1 3 1 3 2 6 1 2 2 2 2 2 1 2 12 2 11 1 2 3 1 2 1 6 1 2 1 1 2 1 1 1 1 19 2 6 1 1 1 7 196 30 1 3 1 9 8 334 1 1 5 1 12 1 1 1 1 2 3 1 1 2 3 19 1 3 1 3 2 3 1 4 64 2 14 1 2 2 1 2 1 1 4 2 2 5 10 2 2
3 7 3 1 1 8 4 1 2 3 4 280 1 1 4 2 2 2 5 1 12 1 1 3 5 5 138 3 4 1 2 2 1 13 3 10 2 5 4 6 2 3 1 3 3 2 3 1 2 1 1 3 1 3 1 2 3 2 1 1 2 4 2 2 1 7 4 1 1 1 4 1 2 4 6 1 2 4 9 3 2 1 182 1 1 1 3 1 2 1 4 1 2 4 3 3 15 1 10 1 3 8 8 1 2 1 2 2 12 12 1 3 1 1 3 1 1 3 1 2 1 2 1 1 11 2 2 23 2 3 14 2 2 3 2 1 18 1 3 5 2 1 2 1 1 4 1 2 3 4 5 1 2 40 3 2 2 6 1 15 2 4 1 3 2 3 2 1 1 4 2 2 2 5 3 4 2 2 6 7 3 1 2 2 2 1 2 2 2 48 1 1 3 12 1 2 16 6 1 2
4 6 3 1 1 1 4 2 2 8 8 62 2 2 1 2 6 1 1 1 2 1 1 1 10 2 2 3 2 2 1 2 1 3 2 1 3 3 2 1 5 2 3 3 1 1 10 1 4 10 2 9 2 2 14 3 13 1 1 1 2 9 2 2 2 2 1 1 1 9 2 9 1 2 1 10 3 1 6 1 1 2 9 3 376 6 7 2 1 1 3 2 2 2 3 3 1 1 1 2 1 3 2 11 3 1 12 1 2 3 2 6 1 1 1 3 7 1 1 1 3 1 3 3 31 14 2 47 9 2 2 1 1 1 3 5 4 2 3 16 1 2 7 1 49 2 1 2 1 2 2 4 36 2 2 3 1 2 2 3 50 3 1 1 5 2 6 1 1 1 2 1 5 1 1 16 17 18 2 2 2 3 8 1 3 6 1 1 4 2 2 2 1 1 1 2 7 73 2 28
2 3 2 4 2 1 1 3 2 4 2 4 1 11 1 2 1 2 5 5 2 3 1 2 4 2 1 2 2 17 59 1 3 2 1 7 4 2 20 1 1 2 2 1 1 2 1 2 3 2 2 1 8 2 16 3 6 2 2 2 2 1 2 5 3 9 2 2 1 2 5 1 6 1 2 2 1 3 26 2 2 2 2 2 54 1 2 2 2 3 2 5 15 2 2 1 2 2 8 5 4 1 4 1 1 41 1 1 1 2 1 18 1 1 2 7 2 5 1 9 6 2 6 1 1 2 12 5 14 1 2 7 3 6 2 6 2 1 2 2 1 1 3 2 2 1 7 1 1 3 1 3 2 4 2 7 3 45 2 3 1 3 2 2 1 1 12 14 8 3 3 9 2 2 1 16 2 3 1 1 1 6 6 2 2 2 4 209 1 1 1 13 5 5 68 2 1 2 1 2
2 2 1 1 1 3 3 1 22 1 16 2 1 2 1 1 9 1 1 1 1 2 1 1 1 9 69 2 1 1 7 1 7 2 4 2 1 3 1 2 1 1 5 8 2 1 2 1 2 5 5 2 1 1 3 1 4 3 3 60 2 1 3 2 11 6 1 5 1 1 1 2 5 2 33 4 12 1 6 2 2 3 1 5 2 3 1 25 1 3 2 5 1 2 1 1 3 2 1 3 2 3 2 3 5 1 3 1 4 1 6 4 12 8 1 1 9 40 3 1 1 2 1 4 2 1 2 2 2 1 2 1 4 3 2 2 2 1 1 5 2 1 2 11 5 5 5 1 1 2 1 1 2 4 1 6 1 2 2 4 2 1 2 1 2 2 9 3 3 1 5 6 3 3 7 1 4 1 96 1 1 1 2 110 4 78 44 3 3 1 1 1 3 1 2 3 1 1 18 4
28 2 2 3 2 2 3 4 2 2 2 1 2 2 2 1 2 2 174 8 1 11 1 1 6 1 2 3 1 1 3 53 26 1 2 2 1 2 1 1 2 1 2 2 2 31 11 2 1 4 4 2 2 2 2 1 2 2 1 2 4 1 2 2 1 10 2 1 1 2 1 4 1 3 1 2 1 7 5 1 3 2 1 1 2 3 1 1 1 1 1 2 1 4 1 2 2 4 4 1 1 1 21 1 2 7 6 1 2 12 5 3 1 7 1 1 2 1 3 6 2 3 3 4 1 1 3 5 3 9 1 9 4 8 4 2 3 2 1 1 1 15 1 7 2 1 2 3 1 1 1 1 1 2 2 2 1 2 7 37 2 1 2 1 2 2 1 1 6 1 1 12 1 3 55 121 1 3 3 3 23 2 5 15 2 5 1 4 24 4 4 1 5 3 2 12 2 2 2 1
3 2 1 3 6 2 4 1 4 2 3 1 2 16 1 2 2 4 32 4 2 1 2 2 1 1 1 8 5 1 45 1 1 1 6 18 1 9 3 1 1 5 2 1 2 1 18 2 5 3 1 2 2 7 2 173 2 1 2 3 2 3 2 5 2 5 7 4 1 1 1 8 1 1 2 2 1 5 3 2 3 2 1 2 1 1 370 1 1 1 3 3 2 3 1 1 7 6 4 1 6 2 2 4 7 8 1 3 2 2 93 3 1 17 4 1 34 1 2 1 3 1 34 37 3 1 3 2 3 1 1 2 12 2 43 2 1 4 2 2 2 3 1 23 17 4 1 4 9 1 1 2 2 2 1 18 4 2 4 4 3 2 1 10 6 1 3 5 2 3 4 2 7 3 3 1 2 1 1 1 1 2 3 2 7 1 1 2 1 1 3 2 1 8 2 9 2 1 2 1
10 3 1 1 10 1 2 6 2 1 1 2 2 2 6 2 4 1 4 3 2 3 72 1 3 1 2 7 2 2 3 2 3 1 2 7 2 1 2 4 6 2 2 4 3 3 2 1 2 2 3 3 1 1 5 2 1 1 1 2 5 2 18 2 1 1 2 2 1 2 1 1 1 2 19 1 1 8 3 1 3 4 1 23 2 1 1 4 6 4 5 2 3 2 2 1 12 1 1 2 2 1 7 1 2 5 1 1 2 21 1 2 1 1 5 4 1 1 1 1 2 469 2 8 25 2 2 5 1 1 6 91 1 24 7 1 11 2 3 3 5 1 2 1 3 1 3 3 1 1 2 1 6 3 59 1 29 12 6 2 2 1 2 1 3 8 3 1 1 1 3 1 1 2 2 9 1 11 2 2 2 1 35 1 13 2 1 3 2 2 1 1 3 1 2 6 3 2 20 1
1 11 7 12 3 2 4 5 2 6 1 3 2 2 1 1 1 1 3 1 4 1 1 1 1 5 9 1 4 3 1 10 1 3 5 15 109 2 11 2 2 3 1 4 4 1 2 2 8 1 3 1 3 1 2 2 1 1 5 9 2 4 1 2 2 2 3 5 1 2 1 17 6 2 2 6 5 4 2 2 1 1 3 2 2 13 3 127 3 2 1 4 4 1 2 1 2 1 2 1 1 2 3 15 2 7 3 1 5 1 1 16 5 11 2 4 2 2 3 12 1 2 2 1 2 1 2 2 1 1 3 1 1 2 1 1 1 1 1 4 1 1 5 1 2 1 2 2 1 2 1 1 2 1 1 34 2 14 1 5 1 2 6 2 15 1 4 6 3 1 2 1 3 6 3 4 3 1 3 3 2 10 3 1 2 1 2 1 2 1 1 3 2 4 14 1 2 3 3 2
14 1 2 1 2 1 1 3 1 2 1 1 1 2 1 1 3 8 1 60 2 2 2 16 2 5 11 32 1 4 2 1 2 1 4 1 3 1 7 2 2 1 23 6 1 3 41 2 2 1 3 3 17 1 4 2 33 1 2 1 1 2 4 2 1 2 2 4 3 5 1 5 81 2 3 11 1 1 4 5 1 1 2 2 1 1 2 5 1 2 3 3 1 1 4 2 2 3 2 5 4 1 3 70 2 1 2 1 2 153 2 1 2 3 10 4 17 3 1 6 2 1 1 4 3 5 2 1 2 7 12 2 35 2 5 2 1 5 1 7 1 2 1 1 1 2 5 1 1 2 2 4 1 15 1 1 1 3 1 1 2 2 3 1 1 2 7 1 2 1 2 1 1 2 1 2 1 1 1 1 1 2 1 3 1 1 2 2 3 3 6 2 1 1 3 10 2 1 8 8
1 8 1 3 13 1 4 3 1 4 4 22 1 1 3 2 5 5 2 8 3 1 1 3 2 3 1 1 1 2 2 4 6 1 1 1 3 2 10 3 2 11 4 21 12 7 2 1 2 3 1 2 1 7 2 1 1 1 8 5 2 21 1 2 1 6 1 2 1 1 1 1 4 2 1 2 1 11 12 2 6 1 2 2 1 2 4 2 2 15 1 2 7 1 1 2 3 1 1 1 1 4 2 1 9 1 2 1 6 2 5 1 1 7 4 1 2 2 2 15 4 1 1 1 1 2 4 2 2 1 3 3 1 1 3 1 3 1 2 2 3 6 2 2 1 2 14 1 2 1 18 9 1 2 2 2 1 6 13 1 4 2 1 2 4 2 3 6 2 2 1 1 1 1 2 7 1 8 4 1 2 2 38 30 1 1 2 2 1 2 213 2 1 4 2 4 11 1 2 4
19 2 2 2 12 4 6 1 2 1 3 2 1 2 2 1 3 2 1 1 1 3 5 3 1 2 2 1 1 1 3 9 2 2 2 9 1 2 51 4 5 1 1 6 104 2 204 2 12 2 13 2 1 1 5 2 1 1 2 236 1 1 2 5 1 1 5 2 1 7 1 1 1 5 3 1 1 1 1 2 2 1 6 2 1 1 3 1 1 2 63 2 1 18 2 1 3 3 1 1 2 2 1 4 1 1 14 1 2 1 2 8 1 20 4 1 1 5 12 6 2 19 1 3 2 5 1 2 2 4 4 1 1 2 1 1 4 4 1 5 1 2 2 3 5 7 1 3 5 1 3 15 2 31 1 1 2 5 3 9 3 5 1 1 1 2 1 2 25 2 1 2 1 3 1 2 2 7 32 2 2 5 4 2 2 11 1 5 2 1 3 16 3 3 18 2 6 7 1 8
1 1 2 8 5 2 20 1 6 4 1 1 1 2 1 4 5 2 1 50 2 2 1 1 2 3 26 2 4 2 2 2 2 1 8 1 1 1 2 2 4 1 1 8 1 30 3 1 2 6 12 2 2 11 4 2 2 2 4 1 1 1 2 1 4 3 2 5 1 1 2 3 1 2 4 9 1 2 3 2 8 2 1 19 3 1 34 2 2 2 2 1 1 3 5 1 1 3 2 2 2 3 5 1 2 10 4 6 6 1 1 4 33 60 2 1 13 5 2 2 1 6 1 1 21 3 9 23 3 2 34 2 1 2 1 1 1 1 3 5 2 1 3 1 1 2 2 1 1 1 1 1 19 5 1 2 1 16 3 2 4 1 1 3 7 10 1 1 2 1 2 2 1 1 10 1 3 1 1 5 2 2 5 1 2 1 8 18 3 5 1 1 1 1 1 2 4 3 3 27
3 7 1 5 4 7 1 42 11 3 6 3 25 5 2 2 5 3 8 1 1 5 1 10 2 4 1 1 2 3 8 3 2 8 1 2 45 6 2 2 1 2 1 1 16 4 1 4 4 2 2 1 6 2 2 1 4 1 64 2 1 2 3 31 2 4 3 2 2 1 1 2 3 2 1 1 2 2 6 1 2 4 2 1 2 1 1 1 4 1 3 2 1 3 2 1 1 1 2 2 4 15 1 2 3 1 2 1 22 2 5 6 1 1 6 5 20 9 8 2 2 2 2 1 93 4 2 43 1 14 4 2 1 3 30 2 10 6 2 1 1 2 2 2 3 3 5 6 4 2 19 2 1 2 4 2 3 4 1 1 5 1 2 2 3 4 1 3 1 3 2 1 1 1 20 2 2 2 1 2 1 1 2 1 1 2 1 2 2 2 2 3 5 3 3 2 2 4 1 1
2 60 1 1 334 14 1 10 1 1 3 6 2 1 4 6 1 1 6 3 1 2 2 2 1 2 1 2 3 15 2 13 1 3 14 4 41 2 1 5 1 4 4 4 7 4 1 1 4 11 2 2 6 2 1 1 1 1 1 1 1 1 1 1 1 15 3 1 2 6 1 8 1 2 1 3 2 1 1 13 8 1 1 1 1 1 2 14 1 3 2 5 2 1 2 1 1 2 1 1 3 2 5 2 7 5 1 3 1 3 1 1 1 1 2 2 5 1 1 1 1 1 2 2 2 1 1 2 1 31 7 3 2 1 68 2 37 2 1 8 1 4 1 8 1 1 3 6 1 2 1 3 2 2 3 4 1 4 3 1 1 1 5 5 1 2 3 6 5 2 2 29 1 2 1 2 2 1 4 1 1 1 3 1 183 4 2 1 1 2 16 2 2 3 1 2 200 17 2 134
4 1 1 1 2 2 64 1 3 3 2 2 3 2 3 8 11 1 1 1 22 1 3 1 181 2 3 7 1 13 3 1 2 2 1 4 3 1 7 2 1 1 7 2 4 1 1 2 1 5 2 3 15 23 2 4 4 2 2 1 2 1 7 13 2 6 1 1 1 4 13 5 4 1 1 2 34 3 1 1 1 1 1 13 2 1 1 1 6 1 2 290 2 1 1 1 6 2 1 4 2 5 1 2 4 3 2 1 2 9 2 1 1 2 3 24 8 4 2 8 2 2 3 1 4 29 1 1 1 1 7 2 1 1 1 3 2 170 2 3 50 12 1 3 6 37 6 5 2 1 4 4 22 9 1 5 3 2 17 3 1 3 1 1 2 1 2 1 1 3 3 6 6 1 3 6 13 2 4 1 4 3 2 1 75 10 2 12 3 2 1 6 1 80 1 1 2 3 2 1
1 2 1 1 2 3 7 16 2 2 3 21 3 6 2 16 1 27 2 1 2 11 4 1 1 1 1 2 2 2 1 3 1 17 2 1 5 1 2 4 2 4 1 2 4 1 2 1 1 1 1 24 1 1 2 7 20 2 5 4 1 1 1 1 6 5 1 2 7 1 3 15 1 1 1 1 3 2 2 1 2 1 2 3 3 1 2 3 2 1 2 2 2 2 2 2 4 1 1 13 2 8 6 1 1 52 2 3 13 1 2 2 1 2 13 1 1 73 2 1 1 4 1 10 2 1 3 1 2 42 3 1 2 1 4 1 1 10 2 3 12 1 1 2 2 5 38 2 1 1 2 2 1 2 16 6 1 1 1 7 24 2 1 2 2 1 1 1 2 12 2 1 1 6 1 1 1 29 3 1 2 2 1 3 1 1 1 3 1 1 1 2 1 3 2 58 8 1 2 1
3 2 1 2 2 1 2 14 8 6 2 2 5 2 2 3 4 1 3 2 1 3 14 1 2 8 4 1 3 1 2 2 7 3 1 15 17 51 1 2 2 2 1 3 1 3 2 6 2 1 1 4 35 1 4 1 80 6 1 1 3 25 2 2 6 1 6 10 5 1 2 1 5 3 1 2 3 31 1 2 1 3 2 3 6 1 8 4 2 1 3 1 4 6 6 1 2 3 16 4 1 3 1 4 2 2 2 6 1 7 2 1 1 2 1 2 2 1 2 1 2 1 2 2 8 3 3 1 1 7 2 2 6 2 2 2 2 6 8 1 3 2 11 1 5 2 20 3 1 2 4 4 2 1 2 2 5 2 4 2 1 1 7 4 2 2 9 4 2 1 1 2 10 3 3 2 1 3 1 1 1 2 1 2 1 1 2 3 3 1 4 1 1 1 11 15 22 5 1 2
9 3 1 2 1 1 4 2 12 11 3 7 13 1 1 2 2 2 4 9 11 7 2 7 1 3 3 2 1 70 2 2 2 3 2 1 1 1 44 1 2 4 8 1 1 5 11 24 2 4 420 1 1 1 3 2 1 1 41 4 1 2 2 1 2 1 2 1 2 3 2 2 2 3 2 5 2 5 6 1 22 1 1 1 2 3 3 3 2 1 1 3 2 1 2 4 5 4 11 1 4 1 1 2 2 1 3 1 5 1 7 4 1 1 3 1 2 1 1 5 2 3 2 2 2 1 2 1 1 1 1 9 3 4 5 27 2 1 1 2 1 2 3 1 2 1 1 1 8 1 5 5 1 2 1 301 1 1 5 1 3 2 5 6 1 2 1 198 1 7 1 1 2 4 7 9 101 1 5 6 39 5 4 43 1 2 1 2 2 3 1 2 3 1 2 8 2 2 1 2
3 1 7 3 2 2 5 3 1 1 6 3 1 1 3 3 1 3 11 5 4 5 4 2 2 2 3 2 2 5 26 1 4 8 74 3 4 2 1 8 1 2 3 2 8 1 3 5 2 1 2 3 1 1 40 2 262 1 1 3 2 2 1 4 2 4 5 3 2 3 1 3 3 3 9 1 4 1 2 2 3 2 2 1 1 26 1 1 1 1 1 23 3 2 2 4 22 2 4 2 1 2 1 2 2 1 1 3 1 41 1 1 2 2 1 2 4 2 2 3 1 3 7 4 1 1 3 1 8 3 1 21 3 1 1 67 1 2 2 1 1 1 1 4 1 1 2 1 1 1 1 1 5 4 2 1 6 4 1 18 8 3 3 2 3 4 3 1 3 13 14 2 86 2 1 3 3 1 1 8 2 3 5 2 1 1 4 1 1 1 4 1 2 3 8 2 3 1 2 2
7 67 4 3 9 2 2 5 18 1 2 7 1 1 51 8 3 1 14 2 3 1 1 2 3 1 1 4 1 1 8 4 2 3 8 1 1 1 1 5 2 4 2 6 2 2 2 2 2 1 1 1 1 2 1 1 2 2 1 2 5 2 2 3 2 3 1 11 6 5 5 1 14 1 1 1 4 3 2 5 1 6 2 1 2 3 4 2 2 1 2 1 1 3 1 1 2 23 1 1 3 3 1 1 1 1 4 2 1 2 1 19 15 3 2 4 2 1 1 1 10 1 17 1 3 361 4 2 1 2 1 2 1 6 2 4 1 2 30 2 3 2 2 2 1 11 4 7 3 11 1 12 4 2 1 10 2 1 4 3 5 1 2 3 10 1 2 4 1 1 2 1 5 14 1 11 10 1 3 8 2 2 5 3 2 6 1 2 1 1 2 14 4 2 3 4 1 2 2 3
1 3 1 2 4 204 11 2 2 1 1 25 3 3 5 4 1 1 1 2 3 2 12 20 2 2 6 1 1 1 2 10 1 13 2 94 5 1 2 2 3 2 6 3 2 8 5 2 2 1 1 2 8 12 3 1 4 1 5 1 1 7 6 9 10 3 2 7 4 1 14 13 12 1 4 2 1 1 7 11 2 1 1 4 1 3 4 2 12 1 6 17 1 13 3 1 1 8 7 2 1 2 3 4 2 2 7 2 15 27 2 2 1 2 1 1 3 2 5 3 1 4 2 3 3 1 7 5 1 2 2 3 2 1 3 1 2 2 2 2 2 1 1 3 15 4 1 7 2 2 41 104 3 1 4 3 2 2 3 1 1 1 46 1 1 25 2 2 1 2 7 10 2 1 1 2 1 6 2 2 4 1 5 2 1 3 1 2 2 1 2 2 1 1 2 6 1 10 3 1
1 2 31 1 2 7 3 1 1 1 1 1 2 34 1 4 1 4 2 1 1 1 9 1 2 1 2 5 1 1 7 2 2 3 27 2 3 1 1 3 2 3 1 2 1 3 1 2 48 2 3 2 4 11 16 1 2 2 2 4 2 3 3 1 3 1 1 9 1 1 5 1 1 1 2 2 4 1 1 1 15 12 1 1 15 7 6 6 12 3 1 8 2 10 4 2 6 3 1 2 1 1 5 1 1 3 1 1 1 1 1 4 1 3 5 9 5 2 2 2 1 4 19 3 2 2 1 3 27 1 27 3 5 2 1 3 2 1 2 27 2 2 1 2 8 1 3 1 2 1 3 10 2 1 3 1 1 2 1 3 1 1 2 1 3 3 1 1 18 4 37 5 5 2 7 1 1 2 2 20 3 1 1 2 1 2 2 4 2 3 1 3 2 1 1 1 18 8 2 1
6 1 4 35 2 1 1 1 1 1 3 14 2 2 1 1 1 50 4 161 3 2 4 2 1 1 3 30 2 6 1 6 25 2 3 9 2 2 2 1 2 1 23 1 1 2 1 3 3 1 4 3 2 19 2 10 6 5 1 3 2 2 1 2 2 2 4 2 10 3 2 6 2 2 2 1 1 31 4 4 40 3 1 3 1 2 13 3 7 1 1 2 2 1 4 2 1 1 1 2 5 1 2 7 2 5 7 7 1 1 7 1 1 1 1 3 2 7 1 4 5 1 1 4 1 5 1 2 3 2 81 3 1 1 4 8 3 1 3 1 2 5 3 2 2 1 1 4 1 2 1 6 2 1 1 2 2 4 2 11 25 44 4 3 4 5 3 2 1 2 1 2 144 2 1 2 1 1 4 2 2 2 1 1 7 4 1 4 2 2 2 2 3 3 5 2 2 2 1 3
34 1 1 4 1 2 1 2 1 12 8 2 1 1 9 3 4 1 2 2 3 4 1 4 1 6 4 5 15 14 2 170 3 1 3 1 1 2 2 2 1 3 1 13 2 5 1 182 2 2 1 1 1 1 2 3 1 1 4 1 3 1 1 1 1 1 1 5 4 1 1 3 6 52 1 7 1 2 2 1 18 1 1 2 1 1 2 1 1 8 1 16 2 1 1 1 2 1 21 2 1 2 2 1 1 2 2 2 5 3 3 2 1 134 13 7 2 1 1 3 2 5 1 1 22 13 2 1 3 1 1 2 3 6 2 1 4 1 1 3 1 1 2 2 1 2 1 2 15 1 10 1 1 2 5 5 4 5 1 8 1 10 6 2 1 2 11 1 6 2 3 9 42 3 2 3 1 6 2 11 1 1 1 1 1 2 7 2 1 1 12 6 1 1 1 3 1 4 1 1
11 2 1 2 4 2 41 1 5 3 2 1 1 1 5 2 2 12 3 10 2 1 1 4 1 1 1 2 1 8 1 3 4 1 1 1 1 4 2 2 5 2 1 1 1 2 1 1 1 7 2 5 1 2 16 1 36 2 1 9 5 2 2 1 5 1 2 12 2 2 3 4 1 5 1 2 2 1 2 1 3 1 1 2 4 2 1 2 2 2 2 3 2 3 2 16 2 1 1 1 4 8 4 3 1 2 2 1 63 6 1 1 4 2 2 15 7 2 16 1 61 14 2 1 27 9 2 3 15 16 2 2 3 1 1 1 1 3 1 2 2 15 3 1 1 6 3 1 2 5 2 1 2 6 1 84 1 1 4 1 20 4 1 4 3 68 2 2 1 14 2 1 49 1 2 3 4 1 4 20 2 1 1 4 1 1 1 1 2 4 3 1 22 4 13 8 3 1 2 1
6 3 1 2 2 35 1 1 4 3 2 3 2 17 2 11 2 1 1 1 6 1 21 2 2 7 2 7 2 2 16 13 2 4 1 3 6 4 3 5 4 2 1 4 9 29 1 4 1 1 2 1 1 1 1 2 7 1 1 3 1 4 74 3 20 14 8 2 1 1 6 1 2 3 1 9 1 2 2 1 1 1 1 2 3 2 2 2 2 1 1 2 2 1 1 1 10 3 1 1 2 7 1 7 1 1 1 13 7 1 2 1 1 4 2 1 3 1 1 1 4 1 1 1 1 2 1 2 1 1 2 1 2 2 1 1 1 8 1 2 3 2 1 4 15 1 4 1 4 2 1 57 1 2 2 6 1 2 5 3 269 1 2 4 2 1 9 1 1 1 2 3 1 1 22 1 4 2 3 2 1 4 2 2 2 2 1 2 2 4 3 9 1 4 2 2 4 2 3 3
1 12 1 3 11 2 7 1 5 3 6 1 2 1 1 2 4 4 1 5 1 2 2 5 2 1 5 1 1 5 1 8 2 1 2 4 2 2 10 2 2 3 4 2 21 1 7 3 1 20 19 1 1 4 24 1 11 1 3 20 1 31 2 1 1 6 1 14 1 1 2 2 2 2 3 2 8 42 1 1 2 1 2 3 2 7 1 4 4 3 1 1 2 2 2 1 3 1 9 3 2 1 1 1 6 1 6 21 1 10 5 2 1 2 2 316 4 2 2 2 1 12 25 2 2 1 2 3 4 1 4 2 2 12 3 2 2 2 7 1 1 4 2 2 1 1 2 2 8 1 2 2 67 2 1 2 2 2 5 1 1 2 1 2 80 1 3 3 2 4 2 1 5 2 5 4 2 1 1 8 3 12 2 1 2 3 1 3 1 3 1 7 5 5 2 1 3 3 2 2
3 3 2 3 5 2 3 3 3 31 37 5 2 1 2 5 2 1 1 1 1 2 1 1 3 2 1 2 347 2 4 1 4 24 1 5 2 2 20 1 2 2 1 3 150 2 1 1 3 2 1 1 2 3 14 1 1 1 3 2 22 4 2 31 1 12 2 3 1 12 1 3 1 2 3 1 1 2 1 5 8 1 3 2 2 1 2 2 1 1 9 8 2 31 6 1 3 21 135 4 1 2 61 1 2 2 12 2 1 3 9 2 8 1 1 4 1 1 1 77 6 3 1 2 4 6 5 5 1 2 1 5 2 7 3 7 2 2 1 1 3 1 2 2 14 1 2 2 8 5 1 3 1 11 3 2 48 1 1 4 7 2 5 6 3 1 10 3 1 2 6 5 6 9 2 2 3 2 1 2 5 1 1 10 1 4 2 26 20 1 5 2 3 2 7 4 8 2 30 1
3 1 2 2 2 6 2 6 2 2 2 13 4 3 1 20 41 1 1 1 2 28 1 1 1 3 1 5 2 1 2 2 2 1 1 1 1 2 3 2 2 1 7 2 3 2 1 3 10 13 1 2 2 2 2 4 1 2 2 3 1 2 2 23 2 3 2 1 2 1 1 1 3 1 2 1 1 2 1 1 1 3 1 7 2 3 5 2 32 49 1 1 4 4 1 3 1 1 3 1 1 1 2 249 3 1 1 2 1 2 3 1 2 4 1 3 1 5 2 5 1 3 1 2 1 4 2 2 1 1 4 1 2 4 1 5 2 1 3 1 43 3 4 2 4 3 2 2 3 2 1 4 3 2 1 2 2 2 2 3 1 2 2 1 8 3 2 8 5 1 37 2 3 2 1 1 2 6 3 1 4 4 12 2 1 4 13 12 2 1 16 10 1 20 2 5 42 1 3 2
1 1 4 2 43 6 2 1 3 2 13 4 10 2 3 2 12 1 2 1 5 1 19 2 1 1 1 1 1 3 4 3 3 1 4 4 2 6 1 194 1 10 3 2 54 3 33 1 1 1 2 6 1 1 1 1 40 6 3 4 7 3 1 1 4 1 9 2 1 2 1 2 4 88 17 3 11 8 2 1 7 1 1 8 2 1 1 1 3 1 2 5 4 2 2 1 2 1 4 6 2 1 1 1 1 2 1 27 5 2 2 2 4 10 6 3 2 22 1 1 3 2 3 4 2 4 3 3 3 1 4 1 1 3 1 2 1 3 3 1 1 2 16 1 6 2 5 1 2 13 2 2 3 2 5 1 2 2 2 105 2 3 2 3 1 3 9 3 2 2 3 6 1 6 3 5 1 11 2 1 1 17 3 1 4 2 2 8 1 2 3 3 1 1 2 1 2 2 6 1
2 2 3 4 2 2 2 5 1 6 3 1 1 3 1 1 4 24 3 1 10 3 5 1 9 1 1 1 281 2 2 1 1 3 1 4 1 2 3 1 3 2 1 1 22 2 1 1 1 12 3 9 1 3 1 10 2 7 6 1 2 1 4 1 2 2 3 4 1 2 1 1 2 2 86 1 1 4 1 3 1 23 4 1 57 17 1 31 1 3 4 1 9 1 4 2 3 2 1 3 2 1 2 2 2 2 1 1 30 2 2 2 1 1 2 2 2 9 4 1 1 2 1 4 1 3 32 1 2 3 7 2 2 4 1 1 50 1 7 4 1 3 1 1 2 8 2 1 1 1 1 1 2 2 2 1 59 2 2 1 1 1 8 8 2 2 3 1 60 6 20 1 1 6 164 2 1 1 4 1 3 5 2 3 5 2 4 3 1 1 1 1 1 12 2 9 1 3 3 4
2 1 2 3 1 5 1 1 1 5 3 1 28 1 3 2 3 5 1 1 1 3 5 16 27 2 4 1 1 1 1 1 1 1 8 2 4 4 2 1 1 2 2 1 2 3 1 38 2 2 2 1 2 1 23 1 4 2 8 3 1 10 1 2 1 1 19 2 4 1 3 79 2 2 2 2 1 2 26 14 3 5 2 9 25 1 7 1 5 3 2 2 1 1 1 1 1 3 2 1 1 1 1 1 1 4 2 13 1 1 1 2 3 2 4 6 3 2 2 1 1 1 1 9 1 2 1 1 4 4 2 2 1 1 134 72 2 3 3 1 2 5 1 3 1 1 337 1 6 1 1 2 4 1 1 1 7 2 3 1 2 197 12 1 2 2 4 1 14 4 1 2 2 3 4 1 12 6 4 2 3 6 1 3 4 21 1 20 1 3 1 8 2 1 2 1 2 8 2 4
1 6 3 1 3 1 6 2 1 2 7 3 1 6 1 1 9 39 4 2 1 1 3 2 2 2 1 2 10 14 1 4 3 1 1 3 2 2 1 4 2 1 1 5 1 1 2 57 2 2 2 2 2 9 1 3 1 1 1 1 2 2 1 4 1 3 2 1 1 6 2 2 3 1 9 3 2 1 14 1 1 4 2 1 5 1 1 1 1 2 2 1 4 9 2 3 2 2 1 1 1 2 3 1 5 2 2 2 3 2 2 2 3 2 4 50 1 9 1 1 1 3 11 2 2 1 1 1 1 1 4 3 3 1 1 1 1 3 1 2 5 21 1 15 1 4 9 6 2 1 13 1 5 1 23 1 4 2 3 1 3 1 9 1 1 20 7 1 5 46 8 1 2 1 1 5 1 2 8 7 7 2 2 19 7 5 1 11 23 150 1 1 1 1 11 42 4 1 2 1
1 1 2 1 2 47 2 7 10 16 1 2 2 2 1 1 4 1 3 1 5 2 1 4 2 2 1 5 3 11 2 1 1 3 1 1 2 1 1 1 7 2 2 25 10 4 5 2 12 5 1 1 3 4 2 1 2 1 1 4 2 7 4 2 3 2 3 2 1 12 40 12 3 1 1 2 1 2 4 1 1 1 1 1 1 23 1 2 1 1 17 2 7 1 5 1 6 2 5 13 3 3 3 19 1 2 23 1 8 4 15 1 1 4 5 2 17 1 1 3 2 3 10 1 2 2 2 3 2 29 1 1 45 2 1 14 2 2 1 21 2 1 53 4 17 10 2 1 6 1 1 2 1 3 1 3 1 3 2 1 3 2 3 9 1 1 8 6 96 5 3 211 2 1 1 1 4 1 2 2 4 2 3 2 1 2 1 3 1 10 2 33 2 248 4 2 1 5 1 1
52 2 1 1 9 6 2 49 10 2 5 1 7 1 35 2 1 4 5 2 2 1 4 1 2 1 1 1 5 2 7 1 1 1 1 2 3 1 2 1 2 2 9 2 2 1 6 12 1 2 1 1 1 1 1 1 7 1 1 25 1 1 1 1 3 1 2 1 15 1 2 12 5 6 3 4 2 1 3 2 5 2 6 7 10 1 1 4 1 1 6 3 19 2 5 1 2 1 6 2 6 5 1 11 1 1 1 4 3 4 1 2 14 2 2 1 1 2 2 6 1 1 11 2 5 5 3 5 1 3 1 2 1 2 6 7 4 2 5 2 2 5 17 6 2 3 2 1 3 7 1 2 5 1 8 14 2 7 2 1 5 3 2 6 2 2 3 3 2 3 2 1 2 11 4 1 2 2 1 37 1 11 2 2 2 1 1 2 1 4 2 1 13 3 1 1 1 2 29 1
2 2 2 13 2 2 2 3 1 2 11 2 4 2 5 2 7 1 9 2 6 1 2 8 1 3 2 1 1 8 1 1 2 4 1 6 1 1 6 2 2 1 4 1 4 1 2 1 4 3 1 1 1 16 17 2 2 2 26 3 23 8 5 2 1 1 3 1 4 1 3 5 2 2 2 1 2 2 1 4 1 2 1 1 2 1 1 2 2 2 1 2 1 2 2 2 2 5 2 1 3 1 1 2 1 2 4 1 2 17 1 3 6 1 3 1 2 1 1 2 3 5 2 1 1 3 2 1 1 2 1 1 3 3 2 1 8 2 10 1 5 23 1 2 22 2 2 1 2 342 1 1 2 2 2 2 5 42 10 1 1 1 3 6 2 18 1 31 2 2 1 1 2 5 6 4 1 2 3 9 1 1 1 1 4 37 1 1 1 2 1 4 4 4 5 1 1 2 1 4
1 1 3 21 2 1 2 1 1 1 1 1 5 2 1 1 14 1 14 132 8 2 1 1 11 3 3 2 2 3 2 3 136 3 2 2 3 241 7 3 2 1 5 1 7 3 1 1 1 2 5 2 4 33 1 1 1 17 2 2 4 5 1 2 2 1 2 2 2 7 1 16 1 3 2 4 2 3 1 6 1 1 3 2 1 1 33 3 10 1 1 4 7 2 1 2 1 1 20 2 8 3 4 1 2 2 2 4 2 1 1 29 5 10 3 2 2 2 1 1 3 2 5 2 2 35 4 2 7 1 2 1 2 7 3 7 1 1 1 4 3 3 5 2 1 2 34 5 1 2 1 1 4 1 2 1 1 4 5 2 15 2 1 4 2 3 14 11 1 86 102 1 7 3 1 1 2 1 3 2 29 319 2 7 305 3 2 2 424 6 2 1 2 1 2 1 2 2 1 2
4 6 1 2 1 2 102 2 2 1 2 8 3 1 4 2 2 7 3 299 1 3 3 3 1 2 3 3 9 2 3 1 1 2 5 2 8 1 3 2 1 1 60 4 21 2 2 1 1 12 3 3 7 1 2 1 11 5 4 14 3 4 3 1 15 3 45 13 2 1 2 1 5 1 1 2 2 1 5 7 4 1 1 121 1 3 1 13 4 4 2 3 14 3 2 1 2 1 2 2 1 1 1 3 2 5 23 1 1 1 17 1 1 1 3 7 1 1 3 1 23 1 3 1 5 1 1 1 1 1 5 63 1 11 1 1 2 1 6 1 1 2 2 21 2 1 2 1 4 20 2 3 2 3 3 1 1 2 1 1 1 4 4 3 2 1 3 1 2 2 3 6 4 1 1 1 2 1 1 1 1 3 4 3 1 1 1 1 1 1 18 28 2 1 1 1 1 2 6 2
1 1 3 2 1 5 3 1 2 1 11 3 2 2 2 1 3 12 3 6 12 8 1 1 2 2 3 2 2 3 6 1 1 9 1 2 2 1 2 3 4 1 2 2 1 4 1 1 2 15 2 20 1 1 1 29 44 3 2 3 1 1 2 5 1 1 3 10 4 3 2 2 1 1 2 1 1 1 4 71 2 1 139 2 26 4 3 11 12 4 2 3 9 9 1 8 3 1 3 1 1 1 2 2 56 1 1 3 2 1 1 13 1 2 19 2 3 3 4 1 15 2 1 5 5 2 1 1 2 10 5 2 2 2 2 6 1 2 4 2 3 1 1 1 3 8 2 2 1 2 7 5 1 1 14 5 1 6 5 1 3 2 2 2 3 3 2 2 3 6 151 1 2 2 1 4 1 1 1 1 2 6 27 4 2 1 1 10 51 2 41 2 1 3 3 6 1 2 4 1
1 1 5 46 1 2 18 2 6 3 2 2 37 2 2 4 2 1 11 227 4 1 3 3 4 1 1 1 1 4 2 1 2 3 2 2 2 1 9 7 2 5 2 1 2 6 1 2 1 2 19 4 7 3 1 1 2 3 1 2 3 3 2 1 193 4 2 1 1 8 4 2 1 1 3 26 2 65 2 7 5 4 1 3 1 2 3 3 32 2 2 2 9 1 2 1 14 1 20 2 1 2 3 1 7 15 1 5 3 1 1 3 6 1 1 2 22 2 4 1 1 2 3 4 1 3 2 2 4 1 1 1 1 2 1 5 1 4 2 4 1 1 4 3 1 2 1 2 1 4 2 3 7 98 2 5 1 2 2 2 10 1 7 1 1 1 21 1 1 1 2 6 1 2 29 1 2 13 2 4 5 1 1 6 1 2 6 1 2 3 1 2 1 1 1 6 1 2 1 2
9 1 2 3 16 2 2 2 2 2 1 1 1 2 1 17 12 1 9 2 2 5 1 11 11 2 1 3 8 2 1 1 9 1 36 1 2 7 2 1 1 1 1 2 2 1 1 2 6 3 6 2 4 3 1 2 1 1 26 3 2 13 1 2 3 1 2 1 87 2 2 4 1 3 6 1 1 3 13 1 15 1 2 11 1 1 2 1 1 1 5 1 7 2 2 1 2 6 38 1 2 1 3 5 3 26 7 138 13 5 1 28 2 20 6 5 4 7 2 3 4 3 2 3 1 5 2 1 7 1 4 15 1 2 10 2 1 1 47 2 2 2 2 2 100 1 2 11 15 1 3 3 1 2 1 1 15 5 1 36 98 1 1 1 2 1 7 4 4 4 2 3 2 3 3 1 46 2 1 1 6 1 12 18 11 2 19 70 1 1 1 2 3 2 1 61 12 1 1 4
1 2 1 1 2 3 2 6 330 2 1 9 1 2 1 2 2 4 3 1 3 5 2 4 40 16 1 4 2 1 3 392 7 1 5 35 2 1 3 1 2 2 4 1 1 1 1 4 2 9 4 1 5 2 3 1 1 10 1 1 2 2 7 31 1 2 2 1 5 2 1 1 6 4 4 5 2 1 1 2 3 1 2 13 8 2 2 3 2 1 3 9 9 2 1 2 3 2 2 5 1 1 3 2 7 13 1 1 3 1 48 2 1 5 5 1 44 4 4 2 1 2 13 2 2 1 2 1 4 1 1 56 6 1 2 88 1 2 3 1 1 1 1 1 2 4 5 3 1 2 2 4 171 1 8 2 3 1 1 2 4 3 2 4 3 1 1 3 3 3 2 1 3 7 8 11 2 2 3 2 2 1 1 2 3 7 4 1 5 35 1 3 84 1 2 1 1 9 2 5
10 1 3 3 8 4 1 3 1 4 47 1 2 2 462 2 1 2 1 1 3 7 2 1 1 1 59 19 2 146 2 1 2 1 2 3 3 7 1 3 7 1 1 1 3 11 6 11 4 12 8 1 3 16 3 3 3 2 5 1 5 13 2 1 2 2 6 1 16 2 1 3 9 1 2 2 1 1 5 2 2 14 2 3 1 2 4 2 2 1 1 4 5 1 1 58 3 20 1 1 6 1 1 2 3 2 8 2 154 2 3 1 1 2 4 4 2 2 1 2 3 2 2 6 2 3 1 3 5 5 2 8 2 7 1 2 6 1 3 3 2 2 1 134 1 1 2 2 4 16 4 1 2 11 2 4 1 2 1 380 1 61 1 1 1 2 2 52 3 1 1 3 6 2 53 2 2 18 2 6 1 2 19 4 1 1 2 2 1 1 27 1 3 4 2 2 2 4 13 41
1 6 16 2 5 1 4 2 1 1 3 58 2 23 4 3 1 2 2 8 1 3 2 1 1 2 1 1 1 4 11 1 1 57 1 1 1 1 3 1 2 1 9 2 1 5 1 3 1 1 1 1 1 1 1 2 3 2 1 3 1 2 2 23 21 3 1 1 1 1 4 1 6 2 3 8 1 2 4 3 2 18 1 3 6 2 3 2 1 1 7 2 1 7 2 68 1 2 10 1 1 15 1 11 2 2 1 18 1 11 6 2 1 1 2 7 4 2 1 1 2 1 1 1 1 1 7 5 2 1 2 1 4 10 3 1 2 3 1 1 7 1 1 1 1 2 9 4 1 5 1 4 2 3 15 3 1 1 4 2 4 1 3 19 2 1 4 68 6 2 1 2 2 2 3 2 6 2 3 29 1 1 4 34 6 1 2 2 13 14 1 5 10 4 3 1 4 2 1 1
4 3 1 1 2 5 2 1 1 13 2 1 1 1 2 1 1 1 1 39 1 1 2 2 4 3 2 2 1 1 7 1 3 2 2 6 23 1 1 1 4 7 1 5 5 1 2 5 367 3 1 3 3 1 1 3 1 2 1 8 2 2 22 2 16 10 2 1 1 24 5 1 2 6 6 1 1 3 1 3 3 1 1 1 2 1 1 5 1 2 1 3 3 12 1 1 3 5 1 7 9 3 1 11 3 1 2 5 2 1 2 2 1 2 3 2 4 4 2 1 2 4 22 3 2 52 1 2 7 1 1 6 3 2 2 2 6 2 7 2 1 18 2 1 2 3 1 3 20 2 1 2 240 1 2 8 28 2 2 2 4 2 4 2 1 7 1 1 1 1 8 1 2 1 6 3 2 8 1 18 1 1 10 9 5 1 4 1 1 1 3 1 3 2 2 4 2 2 3 1
1 2 5 3 1 8 4 2 2 2 48 3 1 1 2 2 1 1 6 7 4 1 4 3 3 4 1 3 1 16 1 21 3 1 36 1 4 2 3 2 3 1 13 2 1 8 5 2 7 8 4 4 3 3 3 3 10 2 2 3 1 1 2 3 3 4 9 2 2 3 2 7 4 1 4 4 1 3 1 2 2 2 12 3 2 6 5 59 32 3 4 11 1 60 2 4 2 2 3 9 1 5 3 2 3 5 1 3 1 2 2 94 14 2 3 6 1 2 2 3 2 4 2 2 2 1 1 3 1 3 13 2 17 1 93 3 1 2 2 2 6 2 3 1 1 1 4 2 18 4 2 11 2 3 1 4 3 4 6 1 10 19 3 3 5 11 1 2 2 43 1 10 1 1 191 40 34 10 3 2 2 7 7 5 2 8 1 2 1 1 167 2 1 1 2 1 8 1 3 4
1 5 3 19 1 26 2 5 4 2 5 2 1 4 2 3 2 3 1 1 1 1 3 2 1 2 4 2 3 1 1 1 3 3 1 1 2 1 2 1 1 2 2 12 3 2 1 1 3 18 1 3 6 2 2 4 2 2 2 1 3 1 2 3 2 4 2 12 2 5 2 2 1 8 1 1 2 5 3 52 2 1 1 2 2 2 2 2 1 33 2 5 3 7 1 2 2 3 2 3 10 3 1 3 1 5 3 1 8 2 8 14 2 1 7 2 7 2 1 1 1 2 1 3 1 3 15 46 2 61 3 2 1 1 4 2 1 3 6 3 2 2 1 13 1 1 2 1 2 2 4 6 5 1 3 2 13 2 3 2 7 3 17 1 2 3 1 1 2 1 1 24 1 1 3 1 2 1 1 9 7 2 2 2 1 2 3 2 6 1 3 3 1 2 1 5 2 84 2 7
1 7 2 2 1 6 11 3 4 1 1 1 1 1 2 2 2 2 2 1 4 2 1 1 4 11 4 1 1 3 2 14 1 1 2 1 4 1 1 1 1 3 2 3 1 1 2 3 5 3 1 2 4 2 1 30 3 15 1 1 2 1 5 1 2 2 4 1 1 5 45 1 4 2 2 38 37 2 1 5 8 2 1 7 1 37 10 3 2 1 3 2 1 1 5 2 31 1 1 1 3 28 4 3 4 1 1 1 2 2 3 3 1 1 3 20 2 24 1 2 7 1 1 2 11 2 1 2 6 1 3 1 2 1 2 2 1 1 1 3 1 4 2 1 10 1 30 7 2 1 1 6 2 1 285 4 2 1 2 2 2 1 1 3 1 1 1 2 1 3 1 288 12 3 1 1 1 2 2 1 1 1 1 7 1 2 5 37 6 5 23 16 5 9 3 6 1 24 3 4
25 3 1 1 5 1 17 3 2 22 7 3 2 1 10 2 1 3 2 3 2 2 3 3 2 1 3 3 1 2 1 1 3 4 4 2 11 4 3 2 3 2 1 1 1 3 1 3 3 6 4 2 5 4 4 2 2 2 9 3 1 50 1 22 3 1 5 3 3 4 2 1 1 4 3 4 2 6 1 8 6 3 1 1 4 4 13 2 2 3 2 3 6 1 5 2 4 1 3 5 1 1 2 2 2 2 7 4 3 14 6 5 2 1 1 1 1 1 2 2 3 3 2 2 3 2 1 3 1 1 1 8 7 27 4 1 11 2 1 1 1 1 9 15 1 2 5 2 3 1 5 2 3 4 6 11 2 2 1 5 2 11 4 2 2 3 10 35 3 2 1 1 3 3 1 2 2 2 1 2 1 1 2 24 5 1 2 4 7 1 1 2 2 24 3 4 7 14 2 3
3 1 2 3 14 3 4 16 1 2 1 3 2 3 2 2 6 2 2 61 2 4 1 6 2 1 2 2 8 1 5 1 170 2 1 2 5 1 8 2 1 2 3 1 2 3 4 2 1 1 1 7 1 5 2 1 1 1 1 1 2 2 1 1 3 2 4 4 11 14 3 2 2 1 12 1 1 1 2 2 26 3 258 1 1 13 4 1 1 1 3 1 1 2 2 2 15 3 26 2 1 1 2 1 3 2 3 1 1 1 1 3 2 1 1 3 1 3 1 1 2 3 2 2 6 4 3 9 3 2 1 38 8 1 1 2 2 3 1 3 2 1 2 4 5 1 4 1 1 16 1 13 1 3 1 14 2 2 10 16 2 2 3 1 2 20 2 16 1 1 1 3 1 4 16 3 1 2 2 23 10 4 1 1 2 5 3 1 2 2 1 2 1 1 4 2 3 1 29 39
1 1 124 1 4 3 5 1 3 2 1 3 1 2 8 3 4 1 3 46 1 2 10 8 2 6 2 2 2 1 39 1 1 6 1 3 7 2 7 4 8 1 1 1 4 2 1 5 2 3 2 2 2 1 5 4 3 4 2 1 4 2 12 1 2 2 2 1 1 1 2 2 1 3 1 2 1 1 2 12 1 2 1 1 67 2 3 3 2 1 2 4 1 1 12 1 3 2 2 3 1 1 1 2 5 3 4 1 1 1 3 1 2 2 2 1 1 1 4 2 1 1 1 3 1 5 5 2 1 2 11 2 2 1 1 2 1 3 1 24 2 2 3 126 38 3 3 1 5 17 3 1 4 8 5 2 3 2 1 13 2 1 2 2 29 1 2 8 3 1 4 2 6 3 2 4 2 1 5 1 1 3 1 1 1 1 3 58 2 72 2 2 1 1 3 2 2 1 1 2
5 2 3 6 2 1 1 2 1 2 1 1 1 30 2 7 2 2 11 3 1 1 4 3 2 1 2 17 1 6 1 2 1 4 1 2 1 2 2 3 112 2 3 3 3 1 3 2 2 1 2 10 1 3 1 1 1 2 2 2 7 1 2 4 19 6 1 9 2 4 2 18 2 10 1 3 1 4 2 1 1 7 1 1 17 1 2 20 2 1 1 2 4 5 1 3 1 1 3 5 2 2 1 26 7 1 2 1 1 4 10 5 8 4 1 1 2 118 4 1 6 3 1 2 1 4 2 1 2 1 7 4 3 5 16 1 1 1 7 1 1 9 1 7 2 1 5 1 2 14 2 35 10 2 3 2 1 2 2 2 8 1 2 2 1 2 1 13 1 10 1 1 13 7 2 2 60 2 4 2 5 3 3 2 2 2 3 4 1 2 1 2 1 4 2 4 1 1 2 3
3 1 1 4 1 7 1 12 2 1 2 3 1 1 1 1 1 24 1 1 4 1 3 2 1 5 6 9 2 1 3 2 6 1 1 1 1 3 3 1 2 3 2 3 4 2 4 8 1 7 2 2 2 6 3 1 1 3 2 1 2 2 4 1 2 3 2 1 1 9 1 4 7 33 1 2 1 2 1 5 2 120 2 11 1 1 3 3 1 1 1 2 1 2 2 1 1 1 1 1 2 2 2 2 3 1 2 2 1 5 1 1 8 4 9 2 1 1 3 10 3 18 5 6 3 1 1 3 14 2 1 86 1 1 3 8 6 1 22 2 2 1 3 1 1 2 3 6 2 7 14 2 11 1 1 3 6 1 1 1 67 3 1 1 3 1 49 3 1 2 23 1 5 11 2 3 3 2 115 5 3 1 2 10 9 2 3 6 2 2 4 1 2 3 2 2 8 5 10 1
9 4 2 11 3 2 1 1 1 2 2 1 3 12 5 2 4 1 5 2 2 4 1 2 4 15 1 14 111 2 2 3 9 1 2 11 2 2 5 2 3 12 8 1 4 5 3 2 1 1 4 3 3 3 1 1 2 3 1 3 1 1 7 2 1 1 2 2 2 1 7 2 1 3 1 2 3 1 4 2 1 2 1 193 2 1 2 4 1 9 3 1 2 5 2 1 2 1 1 2 6 2 2 1 9 1 1 2 10 3 9 1 9 1 1 2 2 2 1 1 2 49 3 1 17 2 5 1 1 1 2 1 1 2 3 1 20 57 2 1 1 1 1 5 6 2 1 6 4 4 4 5 1 3 1 1 2 1 3 1 2 2 1 1 2 1 4 1 1 2 33 10 2 4 1 4 5 1 1 125 1 5 1 2 3 2 2 1 3 1 2 6 6 1 1 5 1 4 4 2
4 18 2 2 2 2 10 3 32 3 2 3 1 2 3 1 5 5 1 1 8 1 2 1 10 1 13 4 8 1 91 10 8 2 1 2 1 2 3 1 1 1 4 2 8 8 48 1 5 1 1 6 2 1 6 37 2 3 1 29 1 2 1 1 1 1 2 25 4 3 2 1 1 4 1 2 1 4 1 2 2 1 1 3 1 29 2 1 5 1 1 1 7 1 8 1 2 2 19 3 1 1 13 1 2 1 15 6 8 5 2 1 1 3 1 2 1 1 1 2 4 1 1 3 1 4 3 1 1 1 2 2 3 2 2 2 1 262 1 3 1 3 3 6 2 2 16 1 3 4 2 7 4 2 4 1 12 1 3 1 4 4 6 3 1 1 1 4 2 2 3 7 2 2 1 5 165 1 1 2 37 2 1 1 1 4 1 1 40 2 18 3 7 1 1 1 10 1 2 2
2 2 4 3 4 2 8 2 1 19 2 1 2 3 18 2 5 2 25 2 2 2 2 2 2 5 2 3 3 19 7 2 5 4 4 2 7 24 1 6 3 1 1 4 2 5 7 1 4 2 1 3 2 5 8 1 6 3 2 3 1 16 2 2 2 1 50 3 2 2 2 8 15 1 2 1 8 1 5 1 3 7 4 1 5 1 1 2 87 3 11 2 2 1 2 2 1 1 5 2 1 2 4 1 2 1 3 1 6 3 1 2 2 1 69 1 2 2 1 3 8 5 1 7 3 1 1 3 8 2 2 2 13 1 2 1 2 1 4 3 3 10 3 9 1 7 1 2 1 1 2 11 1 7 3 4 1 1 1 2 2 1 4 1 1 2 1 4 3 4 2 1 5 7 1 8 2 3 2 3 3 2 1 2 2 1 1 1 2 1 2 2 154 2 4 1 1 6 25 1
2 1 1 5 4 1 2 2 3 18 1 1 3 1 6 1 3 3 1 1 1 3 3 3 2 5 2 27 1 11 1 14 28 7 2 1 4 2 5 18 4 1 1 2 2 3 1 2 1 2 6 2 1 4 1 1 3 7 1 4 5 5 1 4 2 2 1 2 1 4 39 1 1 2 2 3 1 5 2 2 4 1 6 3 12 1 2 4 2 9 6 1 1 1 6 1 2 2 25 15 3 1 1 5 1 18 2 14 1 1 4 2 3 4 2 7 2 42 1 2 2 1 1 1 2 2 2 1 4 4 4 3 3 1 55 2 1 9 1 1 4 2 2 18 1 4 8 1 1 31 1 2 2 1 10 13 2 1 1 1 3 2 2 5 1 2 1 2 1 2 2 4 4 4 1 1 1 37 4 6 7 3 6 1 1 1 1 2 1 1 1 1 1 4 5 2 1 2 2 3
2 2 1 1 7 9 1 18 2 4 1 2 11 3 3 10 23 146 1 1 1 80 1 4 27 1 1 2 3 1 32 1 4 1 2 2 3 3 2 1 1 3 5 4 2 1 2 7 1 2 1 2 18 2 10 1 79 4 3 2 2 2 1 1 2 12 9 1 3 2 2 1 2 5 1 2 1 1 2 17 1 6 1 2 4 3 2 1 3 1 3 3 2 2 5 1 5 6 3 5 2 3 3 2 1 4 5 2 3 1 4 2 4 12 3 3 1 5 1 1 2 1 1 17 4 1 1 2 10 3 1 1 2 2 4 3 2 3 1 2 1 2 5 3 16 3 1 17 58 1 1 2 1 3 1 114 1 1 15 1 2 9 4 2 4 6 1 3 18 27 1 23 1 1 4 2 2 1 2 2 12 2 1 4 2 1 1 14 1 11 5 2 2 3 7 4 1 1 14 2
22 5 10 4 2 2 1 2 1 1 3 1 2 2 1 3 4 3 2 3 3 7 1 1 2 1 1 6 7 1 1 7 1 195 1 2 2 1 1 1 3 2 2 1 2 3 4 10 24 5 2 1 2 3 5 2 8 1 2 2 2 5 1 27 4 1 2 8 2 12 1 4 5 1 6 1 1 2 1 2 3 1 1 1 1 1 2 1 6 9 1 1 2 6 1 3 2 3 5 2 2 1 16 7 30 2 1 1 1 1 35 4 1 2 2 1 5 2 2 2 8 1 1 2 4 1 37 2 11 3 4 1 1 1 1 34 2 36 2 5 11 1 1 4 2 2 2 3 2 5 3 2 1 21 2 16 1 1 1 1 2 10 6 2 15 1 6 4 1 7 1 3 4 6 2 2 1 2 2 3 141 4 5 1 10 1 3 1 1 3 1 1 20 1 2 2 2 1 2 1
1 2 9 60 10 7 5 2 2 1 17 5 1 3 4 3 16 1 2 2 2 3 1 4 1 2 5 1 2 1 2 4 2 3 2 3 19 94 2 2 13 4 2 3 2 2 1 1 4 1 2 8 1 7 1 1 2 2 2 4 4 1 1 8 1 7 5 6 2 161 2 4 3 11 1 5 19 5 1 2 2 8 4 1 7 1 2 5 2 19 3 1 1 1 2 1 3 2 4 2 1 2 23 2 1 4 1 3 3 1 4 2 1 33 1 2 3 1 4 1 2 2 3 1 2 75 2 4 1 2 1 1 9 2 1 1 1 4 2 7 1 1 8 2 2 5 14 2 2 15 20 2 2 5 11 2 14 1 2 16 3 2 1 2 1 2 1 1 2 2 1 6 2 1 4 1 3 1 1 45 2 2 1 1 1 8 2 3 1 3 1 2 3 2 5 1 2 1 2 3
2 2 1 2 2 20 5 1 10 3 9 3 2 1 1 2 2 2 1 4 1 7 1 7 1 8 1 1 1 1 5 4 3 2 1 2 4 2 1 4 2 4 2 16 2 2 1 5 2 3 3 1 2 7 3 1 2 2 11 14 2 3 4 36 1 1 2 1 7 1 2 8 2 1 1 3 1 2 1 1 98 6 1 2 1 7 2 2 1 2 12 12 23 2 1 1 2 9 2 17 1 4 1 2 2 1 1 1 1 2 8 4 17 11 1 2 3 5 5 2 1 1 3 9 8 5 1 1 1 2 2 3 2 1 2 1 6 3 1 2 2 10 1 1 2 9 1 3 2 1 2 2 1 7 2 6 2 2 2 2 8 6 1 9 3 2 2 3 1 4 2 9 3 18 10 2 17 1 3 1 1 2 1 1 2 3 2 10 348 1 1 1 1 2 23 4 2 3 1 1
17 1 1 337 1 1 11 2 2 3 1 2 2 3 2 2 1 8 10 3 6 3 7 2 2 2 3 2 1 1 2 1 4 2 1 1 2 12 17 2 1 4 1 1 1 1 1 2 1 12 60 2 1 2 1 14 32 6 4 2 8 2 1 1 1 2 2 3 4 3 3 2 5 1 1 2 2 4 1 2 4 2 1 1 8 6 4 14 7 1 21 3 1 3 2 1 2 3 1 1 1 2 5 1 6 11 3 1 29 6 1 2 2 2 3 5 2 2 1 2 1 2 13 2 2 2 2 4 1 14 2 2 2 2 1 1 2 7 1 1 3 14 1 1 1 2 2 2 3 2 6 1 1 2 1 6 2 4 1 2 3 2 32 1 3 2 1 1 1 5 1 3 2 3 1 1 2 1 14 1 4 1 1 7 2 2 2 1 5 1 1 6 1 1 1 2 3 10 8 24
2 4 6 5 1 4 1 3 2 2 6 36 4 1 1 3 1 1 4 1 12 1 1 3 3 2 1 1 1 1 1 4 3 2 8 3 8 3 2 3 1 14 4 1 2 1 1 6 1 3 2 3 3 1 1 2 9 1 6 1 3 25 4 13 2 2 4 2 9 1 2 11 2 2 1 7 2 23 2 1 10 4 13 1 1 17 1 4 1 131 4 3 7 4 6 5 2 2 1 3 1 17 17 7 10 3 2 2 23 3 3 2 2 3 5 7 14 35 2 1 3 2 4 7 1 5 2 2 1 1 3 1 22 4 5 12 1 19 3 12 9 1 1 1 3 4 4 3 1 1 1 1 3 22 3 1 2 1 1 1 2 2 1 4 1 61 2 1 2 62 3 3 3 3 2 7 1 2 6 21 2 9 1 8 2 51 2 2 4 2 3 1 1 2 2 9 1 3 10 1
1 1 2 3 2 1 5 4 2 1 1 1 2 53 3 1 1 1 1 1 3 2 1 1 1 21 1 2 2 1 1 3 1 1 4 1 1 1 4 2 3 176 3 4 2 2 1 1 1 4 4 2 2 3 2 1 9 2 2 1 9 4 2 4 2 1 3 2 1 2 1 3 10 1 5 10 2 3 2 2 2 4 2 2 14 1 5 1 2 1 1 5 3 4 2 36 1 4 2 2 3 1 2 24 108 2 9 2 4 6 3 2 3 1 2 1 1 1 9 2 2 11 2 1 3 15 2 1 1 2 2 1 2 1 8 2 1 4 3 1 12 2 1 1 6 1 1 1 2 2 4 2 1 8 1 1 2 21 2 2 1 2 1 4 2 23 2 1 1 2 1 6 9 4 2 3 1 2 1 2 3 10 1 2 10 3 2 16 1 1 3 7 1 1 1 3 4 8 1 1
3 1 16 1 1 13 1 3 1 3 2 4 1 2 2 10 2 4 2 2 1 2 4 9 46 2 7 2 9 1 1 1 14 1 46 1 1 6 1 19 1 3 7 1 2 2 2 1 2 2 3 1 1 1 2 2 4 1 2 1 45 3 43 5 53 383 5 2 1 3 1 3 2 2 1 8 1 1 2 8 2 2 2 1 1 2 3 2 2 13 2 1 2 152 2 2 1 7 2 2 8 5 2 7 45 1 12 1 2 1 1 15 3 1 1 3 1 3 2 5 2 5 1 1 11 1 2 1 1 1 3 2 1 2 10 4 4 13 2 4 2 1 4 2 10 411 7 4 2 1 1 2 7 2 2 1 19 2 3 1 1 1 2 1 27 1 2 4 1 1 48 1 1 2 2 32 1 2 3 8 1 2 8 3 2 4 1 3 2 1 3 230 2 1 1 13 1 1 2 7
1 1 1 1 3 1 3 3 22 4 2 5 1 1 2 2 5 2 4 1 1 2 4 2 5 1 19 2 1 1 2 8 4 3 1 6 1 2 22 1 3 20 2 1 23 77 4 1 1 1 2 1 1 5 7 1 1 20 2 1 1 2 11 1 2 2 1 2 2 1 1 2 3 3 3 1 1 9 8 1 3 23 2 3 5 2 3 2 6 1 4 1 3 1 4 11 2 1 2 2 1 2 73 2 1 2 21 5 1 2 30 17 5 4 2 1 2 1 3 1 3 2 1 1 1 1 1 32 1 1 3 1 4 19 2 2 3 69 3 1 1 1 3 6 2 2 2 20 2 1 1 2 4 40 30 2 38 1 1 3 2 4 2 1 6 139 2 1 1 3 2 3 4 1 6 2 1 1 3 2 2 1 1 3 1 1 1 2 2 5 2 2 4 1 4 14 1 1 1 2
6 1 2 2 2 2 3 13 11 3 1 3 1 16 7 31 1 1 6 2 1 1 1 1 1 5 30 148 2 2 1 30 1 3 4 6 1 3 3 12 1 2 2 12 4 5 2 31 2 9 1 4 3 3 3 5 4 1 1 6 2 1 2 2 12 1 1 8 2 4 3 1 2 1 1 10 16 6 1 7 6 1 35 3 2 3 2 2 1 2 2 5 2 5 4 2 6 4 2 2 4 1 2 1 2 4 1 7 2 1 1 2 3 1 1 1 1 1 3 4 1 5 2 1 1 2 1 3 1 3 1 2 1 8 1 2 1 2 2 3 2 1 1 3 16 1 1 1 1 3 1 1 2 1 1 3 1 2 2 14 4 1 11 4 2 6 1 1 2 1 3 1 4 10 11 2 43 1 1 4 12 8 12 2 3 10 2 1 1 1 2 1 2 43 4 4 1 1 2 3
1 2 1 6 6 1 1 3 1 2 1 1 2 2 13 1 2 2 1 1 1 2 3 1 2 4 2 1 2 3 1 6 1 13 1 4 1 8 5 2 3 2 1 1 8 3 1 2 2 74 2 1 2 1 2 6 2 2 3 4 26 2 1 2 2 5 3 5 2 1 1 1 1 1 1 4 5 1 38 3 1 19 2 1 2 4 3 4 1 2 19 2 5 5 30 6 2 77 3 1 3 1 1 7 2 1 2 2 5 17 1 4 3 1 13 2 2 1 1 20 3 2 4 1 8 2 7 14 2 2 1 3 1 7 3 1 1 1 2 1 2 2 12 1 20 1 4 2 7 1 2 4 1 3 8 4 1 2 2 1 2 2 2 3 2 165 2 1 1 29 10 1 4 1 24 6 3 1 15 1 2 2 3 4 1 2 1 2 2 1 2 2 34 3 1 5 2 2 2 6
2 4 1 1 2 1 4 12 4 2 1 1 3 3 1 1 1 3 2 2 1 1 3 3 3 2 2 1 12 1 2 1 10 4 2 4 1 2 9 2 13 1 2 3 6 3 2 2 3 1 1 6 10 1 2 1 3 6 2 2 1 1 12 4 4 1 2 2 11 2 3 1 2 1 10 3 2 1 1 1 1 70 1 9 3 1 6 2 2 3 3 2 2 2 2 3 2 5 3 3 2 1 3 34 1 2 2 1 1 3 5 1 1 41 1 1 3 7 17 4 1 1 6 4 4 2 18 2 2 2 64 4 1 3 4 3 3 43 2 2 2 1 49 2 2 4 14 6 1 99 2 3 2 1 190 2 1 5 2 2 1 1 4 22 2 3 42 4 2 2 4 2 2 1 1 5 2 17 4 1 3 5 2 2 2 1 7 2 4 1 1 1 1 7 2 2 7 1 3 1
1 4 1 3 2 4 1 1 2 2 2 1 2 3 1 1 3 1 1 11 1 1 1 3 2 3 3 1 2 4 5 2 2 2 4 31 4 4 2 2 6 5 8 10 2 2 6 1 1 3 26 1 1 1 1 1 1 2 1 3 2 3 17 1 1 2 1 3 3 97 2 1 2 5 62 4 1 2 16 4 6 3 4 1 81 1 2 2 1 1 2 3 1 4 2 2 2 4 2 2 18 1 5 5 3 2 6 1 8 2 1 1 1 2 1 1 1 2 2 4 5 2 3 1 5 1 4 1 2 2 5 3 2 2 11 1 3 3 3 4 7 1 14 1 12 3 1 4 3 1 8 3 9 2 1 1 3 2 1 1 2 1 1 1 2 1 4 1 1 2 5 1 1 1 5 3 63 2 4 96 1 2 1 2 3 3 4 3 2 8 9 3 2 3 1 10 2 6 1 2
2 6 6 2 1 1 7 6 5 1 1 2 10 1 2 27 1 1 1 4 2 2 194 3 2 1 2 3 1 4 3 1 2 4 1 2 1 4 1 1 2 19 3 1 4 5 2 2 1 13 14 2 2 2 7 6 2 2 1 2 33 4 2 2 1 7 5 2 2 1 4 2 1 8 2 2 3 4 2 2 7 10 1 1 1 38 1 1 10 2 1 1 4 1 4 2 13 1 2 2 3 4 3 5 16 1 4 5 1 4 3 11 2 1 5 2 1 20 1 2 4 5 3 2 19 2 5 3 6 20 2 1 1 10 1 1 2 3 1 2 2 3 4 1 3 4 5 3 1 2 1 1 3 1 5 6 1 2 4 4 1 2 2 10 1 1 1 4 9 28 5 5 6 2 6 2 2 2 7 1 3 1 4 20 3 2 1 1 3 2 3 13 5 1 2 1 15 1 2 1
3 1 2 2 6 2 1 294 1 42 2 4 9 7 3 3 2 3 3 3 1 2 2 2 1 3 3 1 233 2 4 1 1 6 2 2 1 2 1 7 1 11 13 3 8 2 2 2 1 1 7 1 2 4 11 1 11 1 3 2 3 2 7 9 2 1 11 5 17 29 1 1 2 4 1 83 1 2 1 8 2 1 18 4 1 2 1 1 1 6 1 1 2 3 2 14 1 3 2 2 4 1 2 1 4 1 7 6 3 3 9 6 11 1 1 1 1 2 4 3 1 5 3 1 2 2 2 1 7 1 1 4 1 1 2 1 1 1 2 4 3 2 33 5 1 3 41 1 48 2 1 3 1 4 6 1 5 2 1 2 11 4 5 41 2 1 1 8 2 4 1 28 2 1 12 6 5 1 2 1 10 1 3 2 190 1 1 15 2 24 1 3 1 2 8 7 1 1 4 5
1 1 12 1 6 1 2 2 1 1 20 3 3 1 8 2 2 3 1 2 2 12 2 1 1 2 1 12 2 2 1 3 2 1 1 1 1 2 3 2 2 7 16 1 10 2 2 3 1 1 4 73 1 1 143 2 2 2 1 7 2 145 6 2 1 1 3 30 1 2 6 1 2 3 1 2 2 4 2 2 2 3 2 2 2 2 6 1 6 4 5 2 1 2 2 42 2 2 2 6 2 2 4 3 1 1 3 1 9 1 3 4 14 2 1 1 1 1 1 15 2 1 17 4 1 1 1 10 34 2 2 1 1 1 1 3 11 3 1 1 1 1 2 3 4 1 6 6 3 2 2 2 1 2 25 50 1 2 3 1 1 2 1 1 3 2 92 11 9 7 1 6 6 1 1 1 5 2 1 8 1 3 1 2 3 2 1 2 2 2 8 2 13 4 2 17 1 9 1 2
125 7 1 4 2 3 38 4 5 1 1 2 6 1 1 1 2 4 3 1 3 203 2 4 1 13 10 2 2 1 1 2 3 1 1 2 3 3 1 2 3 4 2 2 1 3 1 6 4 1 2 1 3 2 1 2 2 3 1 2 2 12 2 2 15 1 2 2 2 1 3 1 1 2 2 2 2 1 6 43 3 37 4 1 1 2 21 2 1 2 7 2 1 2 2 86 5 2 1 11 2 1 86 3 1 2 16 86 3 1 2 11 2 3 1 2 1 2 2 11 3 4 1 4 6 5 2 2 8 11 1 4 2 5 2 3 10 1 11 5 14 2 4 2 165 1 1 6 1 4 2 1 1 2 1 2 1 103 2 4 4 1 2 1 1 1 1 3 5 1 1 5 1 1 1 1 2 2 1 1 2 2 1 5 3 1 1 2 3 4 11 1 2 4 1 1 1 1 2 2
2 1 5 8 2 2 3 2 3 2 1 2 2 10 1 1 9 2 3 2 4 11 3 1 1 3 1 4 1 7 4 1 5 4 1 1 5 2 1 1 2 7 1 2 3 2 5 1 1 1 1 1 1 1 8 4 3 2 2 2 1 40 2 1 1 1 2 2 2 4 6 2 2 1 2 2 1 1 1 1 7 6 1 2 1 1 1 1 2 1 10 3 2 1 4 2 2 2 2 179 1 1 2 2 1 1 1 2 9 2 1 2 25 124 3 2 2 1 1 1 1 1 1 1 1 1 1 114 2 1 327 1 1 1 5 1 1 1 2 1 4 1 2 2 1 2 3 2 2 1 2 3 3 18 1 5 4 6 3 3 4 2 3 3 1 2 2 2 1 1 7 1 29 2 2 1 2 3 4 35 1 5 34 1 2 1 2 1 1 4 4 2 5 2 1 1 4 2 1 2
2 2 3 3 3 62 5 1 2 3 2 1 1 3 1 2 2 1 3 1 2 3 1 1 3 3 2 1 1 3 1 1 2 1 3 4 1 2 1 4 4 2 2 7 40 4 66 2 2 5 2 38 1 5 1 2 1 1 2 1 1 3 2 2 2 2 5 1 2 1 5 1 4 2 2 1 1 1 1 13 3 3 2 21 11 3 1 1 1 4 1 2 2 2 2 4 25 1 4 2 1 1 2 3 7 1 11 2 2 3 2 1 3 5 1 4 2 2 2 4 5 5 4 2 13 2 4 2 27 2 1 1 5 2 87 1 3 1 2 3 33 5 2 6 4 27 17 1 1 3 2 2 1 1 1 4 1 2 1 1 1 1 3 1 1 2 1 2 2 2 1 1 2 2 2 2 1 3 11 3 2 3 2 3 7 1 4 1 7 2 3 1 2 1 3 2 17 2 2 2
2 1 1 5 1 1 2 1 1 2 2 2 1 1 1 4 1 2 42 1 2 5 3 3 2 1 9 7 1 1 2 1 1 4 1 1 1 9 1 2 2 19 1 1 45 2 2 5 4 2 3 89 4 2 1 4 2 30 1 4 1 1 1 3 1 1 11 1 1 2 28 10 7 1 8 2 22 2 9 3 44 2 10 7 2 1 2 2 2 1 1 2 3 10 1 4 2 4 2 2 1 2 1 171 15 68 1 2 1 1 1 2 1 2 2 1 38 2 43 1 2 8 2 3 3 8 3 2 4 6 1 1 1 2 15 14 4 1 4 1 6 1 2 3 3 2 7 11 14 4 7 5 2 1 2 3 1 6 2 1 1 6 1 3 44 8 1 4 25 3 3 5 2 1 1 1 1 2 1 2 1 3 2 2 2 1 1 119 1 1 2 2 3 2 11 1 2 2 1 1
1 1 4 1 2 35 32 4 9 15 1 2 4 1 1 1 4 2 3 11 90 1 6 3 2 1 5 2 6 5 4 4 1 5 1 18 16 1 1 2 6 1 2 3 5 5 2 10 2 1 118 3 3 3 2 30 1 2 3 4 1 2 2 4 30 6 10 2 2 2 1 1 1 1 5 1 3 2 1 2 5 16 6 1 4 3 1 1 15 2 8 3 1 1 3 1 3 1 20 2 2 13 2 1 1 2 2 5 3 8 1 3 1 2 2 2 1 2 2 7 2 1 1 1 14 5 1 3 1 1 2 6 5 4 2 2 6 1 1 2 16 3 2 31 1 3 5 2 2 9 3 2 11 2 3 2 3 1 3 12 2 12 8 2 3 5 3 1 4 1 1 1 5 29 1 2 29 3 2 1 2 1 2 3 24 3 5 5 1 1 1 17 16 1 3 2 2 3 1 5
2 1 5 1 3 4 99 3 2 1 1 4 1 1 1 1 2 3 7 1 6 2 1 4 90 2 1 1 2 2 13 3 2 3 2 4 1 3 1 13 8 2 1 2 1 2 2 1 1 7 3 12 2 12 6 2 8 5 1 1 1 1 1 1 2 1 7 59 2 2 2 2 2 1 9 2 2 2 2 73 2 1 3 3 2 3 1 12 2 1 9 17 3 1 1 2 2 3 2 3 2 3 3 21 3 2 2 2 4 3 1 1 2 10 2 2 2 2 1 8 28 1 16 1 2 1 2 2 9 2 1 1 1 11 1 2 2 1 2 2 2 4 1 1 1 2 2 1 2 17 4 1 2 2 3 4 3 4 2 14 2 2 4 8 77 8 1 6 1 1 2 2 2 9 1 1 2 3 21 1 2 4 8 2 10 2 2 3 21 13 1 12 2 1 1 2 1 1 4 2
2 1 2 2 1 3 4 1 1 44 2 2 1 2 2 1 11 1 1 2 17 2 2 7 1 3 20 28 10 2 2 1 4 14 1 1 9 2 9 1 2 1 1 15 1 1 2 1 1 18 1 1 8 4 1 2 1 3 2 2 4 6 2 2 2 1 51 8 3 4 2 1 6 1 2 3 2 6 6 2 14 2 1 1 2 1 1 10 1 3 7 2 2 7 1 7 1 1 1 10 4 6 1 1 1 2 1 1 24 46 2 2 2 1 2 20 5 2 1 2 1 4 5 1 1 1 4 2 1 2 1 1 3 4 1 1 8 8 1 50 1 1 2 2 2 2 2 2 7 1 3 6 3 3 24 2 1 2 21 3 1 1 1 1 2 2 4 1 23 29 2 1 2 1 2 3 6 1 1 1 10 7 2 13 2 2 1 3 2 2 1 2 13 1 1 3 4 43 2 2
3 2 4 3 4 2 2 2 2 2 1 6 1 3 2 6 1 2 2 44 1 5 1 2 2 2 1 8 1 4 1 1 3 1 4 3 2 38 23 99 2 27 2 5 16 2 1 1 1 4 3 2 7 3 1 2 2 2 3 2 2 2 3 1 3 4 1 2 2 4 2 2 3 25 4 12 1 1 1 3 1 2 26 5 1 3 3 2 1 1 2 6 1 1 3 2 1 1 2 14 13 43 4 2 1 5 3 4 2 2 5 8 2 2 2 3 1 1 15 2 1 2 1 5 5 4 2 1 1 1 4 2 7 6 29 2 2 3 1 23 2 90 4 4 2 3 164 1 1 2 3 1 3 22 4 1 2 3 2 4 2 1 1 1 1 1 2 12 2 12 7 2 3 1 2 2 6 3 1 7 84 1 3 1 1 3 3 1 8 1 1 12 12 2 1 1 1 4 7 26
1 2 2 1 5 1 2 1 2 20 4 1 2 28 1 5 3 2 2 2 7 2 1 2 2 2 1 1 2 22 1 13 1 2 8 8 1 1 2 5 72 1 1 9 1 2 2 1 1 2 1 2 14 1 37 2 5 8 8 1 2 3 3 2 2 18 1 2 1 8 2 2 6 2 15 1 1 2 2 1 1 4 1 3 1 1 4 2 1 2 2 2 27 1 3 19 7 1 1 1 1 1 2 13 2 1 2 2 2 1 2 2 2 6 3 2 1 4 4 5 2 2 2 2 1 3 1 1 1 4 9 1 2 8 1 2 2 61 5 5 1 2 1 143 1 5 11 4 3 3 5 2 4 8 1 2 1 1 32 2 1 5 2 2 1 1 2 142 3 4 2 9 2 1 2 9 2 2 2 1 5 1 4 1 3 11 1 2 6 1 2 2 1 1 1 5 3 2 1 9
3 2 1 5 1 1 5 3 11 1 1 10 1 1 1 5 1 3 3 2 3 1 5 17 2 12 2 1 2 2 2 2 45 5 1 7 2 1 1 1 46 6 1 4 2 2 2 2 2 3 8 2 4 1 1 1 18 2 5 1 1 12 3 3 2 2 1 3 2 23 1 2 9 1 3 3 1 3 1 1 5 24 6 1 2 1 4 7 2 3 3 1 2 2 5 1 16 2 2 1 3 2 2 2 1 3 2 2 4 4 1 1 6 2 1 6 1 1 3 6 1 2 1 1 1 3 5 2 2 1 3 40 1 2 5 4 4 1 9 2 3 1 1 4 1 4 1 3 5 7 1 1 1 4 2 1 1 2 1 34 1 1 9 1 1 4 3 1 15 16 1 1 1 2 1 21 10 32 4 2 2 1 8 1 14 2 1 1 2 1 9 9 2 1 1 1 1 25 5 1
2 3 7 1 1 5 18 2 8 26 1 1 1 7 2 2 2 2 2 1 2 1 2 2 4 1 1 2 2 10 2 62 1 2 15 1 2 26 2 4 1 1 2 14 1 2 2 44 3 1 1 2 3 1 3 2 3 5 5 2 36 8 1 1 1 3 4 10 2 9 1 3 6 1 2 3 7 1 14 2 1 10 1 1 2 1 12 1 1 1 8 2 1 1 15 2 2 5 1 2 1 4 1 2 3 1 2 1 1 45 66 4 1 8 3 3 1 2 3 3 1 2 2 5 1 2 3 1 8 9 1 2 1 7 2 3 2 1 3 2 5 1 1 1 2 2 2 1 3 14 2 8 10 1 8 2 3 3 6 1 2 1 1 1 1 2 1 3 3 25 1 3 3 1 2 3 3 1 1 2 1 1 1 21 3 1 10 2 70 3 3 3 2 2 1 1 3 2 4 2
3 2 8 1 1 2 2 1 2 1 83 1 1 12 3 1 9 1 1 2 1 2 4 1 2 6 10 2 1 1 1 2 1 4 5 1 14 1 1 1 1 2 1 1 2 1 2 3 6 2 1 1 1 1 13 3 2 1 1 2 2 2 4 2 3 4 3 1 1 2 5 9 4 4 1 3 4 1 4 2 2 1 6 3 35 1 3 1 3 10 2 5 1 3 1 1 1 21 19 2 3 5 1 2 1 2 2 1 2 2 1 3 2 2 1 2 4 3 1 5 1 11 1 2 6 2 1 2 47 1 3 3 1 2 3 1 9 3 15 2 1 4 1 1 24 1 1 2 5 2 6 1 1 4 13 4 1 37 1 5 22 3 4 2 3 1 3 1 2 8 3 2 2 1 9 1 4 1 4 2 7 1 1 19 3 3 2 1 3 3 20 2 1 1 2 2 2 4 1 1
1 1 1 1 1 82 10 1 5 5 3 1 1 1 1 5 1 2 1 2 1 5 25 2 4 3 62 4 5 1 1 3 3 3 3 7 1 1 2 1 2 2 1 1 3 3 5 4 4 4 4 7 3 2 1 14 5 2 2 2 1 2 8 5 1 1 2 2 3 4 1 1 2 1 1 3 1 5 1 2 5 1 2 25 1 2 3 2 2 1 46 1 1 347 36 2 3 2 7 2 2 3 1 2 2 1 3 2 2 81 4 3 2 1 2 3 1 1 2 2 5 2 8 1 3 7 2 15 1 2 4 21 19 1 3 3 4 3 1 1 4 1 3 191 3 80 29 1 1 16 45 4 2 2 1 3 2 2 1 51 1 1 1 1 1 1 13 31 1 5 29 3 11 2 1 2 1 2 2 1 1 2 3 1 2 2 1 3 15 2 5 2 2 15 116 4 1 2 22 1
1 2 2 25 2 2 1 2 3 1 1 4 2 4 2 1 3 2 21 2 2 1 2 28 2 2 1 1 5 2 1 1 1 51 13 2 1 1 1 1 1 4 6 2 1 2 14 1 1 17 4 1 2 22 1 10 2 1 2 1 3 1 1 4 20 2 1 4 2 1 2 12 2 1 4 2 2 1 2 41 1 4 1 1 1 1 49 3 2 2 1 4 1 2 9 1 3 11 2 2 7 2 4 4 4 5 2 2 4 5 2 12 2 16 2 1 1 3 4 3 2 2 7 23 4 5 1 4 2 1 3 2 2 2 1 4 3 4 4 3 1 2 1 1 2 7 2 4 5 10 4 1 1 2 3 2 1 1 3 3 1 2 1 3 1 3 1 2 10 1 2 1 3 1 44 2 1 1 18 15 1 2 6 3 3 3 8 1 3 1 1 2 2 4 41 2 23 7 4 3
3 11 1 3 2 10 4 9 1 2 6 1 7 1 2 1 14 2 1 2 1 1 4 1 4 2 8 1 5 16 37 493 2 3 3 4 3 6 1 3 28 2 73 2 2 5 2 2 1 3 2 1 6 2 1 2 188 1 14 1 1 6 3 10 2 6 1 2 1 1 6 1 1 10 251 62 26 8 2 2 1 1 7 4 18 2 3 4 4 3 7 1 2 1 1 1 2 2 11 1 1 2 3 5 1 6 1 4 1 1 1 2 3 1 13 8 2 2 1 8 2 1 1 2 1 9 1 1 2 7 4 2 8 6 18 46 2 4 1 2 1 13 2 14 1 4 8 2 1 1 3 2 1 19 2 41 5 2 2 3 2 2 2 68 3 2 2 2 26 11 2 2 1 1 1 2 1 3 1 1 1 2 6 2 12 1 2 1 7 20 11 5 2 1 2 2 1 2 22 5
8 1 36 2 1 2 2 1 2 1 3 1 2 1 3 2 13 1 6 25 14 4 6 1 10 2 2 4 1 3 3 1 1 13 23 1 3 1 2 2 1 2 37 11 1 2 15 1 7 3 2 7 8 1 1 88 2 1 2 2 1 17 1 1 2 7 9 2 23 2 1 6 3 2 2 1 2 3 17 1 2 4 2 1 2 12 1 1 16 3 2 3 9 1 6 2 1 3 10 3 5 1 3 1 1 1 1 1 1 36 5 12 1 2 3 1 2 1 7 1 4 1 2 7 2 3 2 2 1 2 1 3 1 1 3 3 2 2 1 2 1 2 2 2 1 2 3 5 1 7 1 3 3 7 1 1 13 1 1 3 2 4 1 2 4 2 5 2 4 2 1 6 1 1 1 2 1 5 2 7 1 1 3 1 3 4 2 3 5 3 1 2 1 2 3 5 2 1 4 4
3 5 32 1 2 1 3 1 1 3 6 10 1 2 2 3 5 1 2 1 2 2 2 6 3 2 7 3 1 2 1 8 2 6 293 1 4 2 1 1 5 2 1 2 2 25 3 1 1 1 2 70 1 1 1 1 3 4 2 11 4 2 4 1 23 1 2 1 1 21 28 4 5 1 19 2 1 1 2 2 2 1 1 2 2 54 2 2 9 7 1 3 2 1 2 6 1 1 2 1 5 1 4 2 1 8 1 3 1 2 1 2 6 1 3 1 12 2 4 2 4 1 1 2 18 1 326 2 2 2 3 2 4 1 2 2 15 10 4 1 2 11 2 3 3 4 3 4 1 2 4 3 2 2 9 1 1 1 2 1 9 1 1 8 1 44 1 2 4 4 1 17 2 2 5 26 7 7 36 1 3 2 3 1 3 1 3 1 27 5 3 3 4 89 2 19 2 3 16 1
2 1 3 23 2 33 1 9 1 2 2 2 1 1 2 4 7 1 5 2 1 1 2 1 3 2 1 1 1 1 1 3 2 4 2 1 3 10 2 9 3 4 34 2 2 5 2 4 262 9 1 4 2 1 4 1 2 6 4 3 1 18 2 1 2 2 2 1 2 2 3 3 1 3 2 4 1 1 1 1 1 2 3 1 1 3 1 2 7 2 6 3 1 2 1 2 2 3 1 7 3 2 2 2 10 21 2 3 6 1 2 7 1 2 3 3 3 6 1 2 11 1 9 8 1 3 8 3 18 1 8 7 2 1 3 4 1 2 1 1 1 5 1 7 1 3 36 3 2 2 6 2 1 10 1 2 2 2 2 2 1 1 1 2 2 1 4 12 1 1 3 1 1 4 1 12 1 2 1 3 4 1 2 7 5 1 23 4 6 1 2 4 3 3 1 2 16 2 3 1
2 18 1 2 1 52 3 1 1 1 1 2 1 1 4 2 2 2 2 1 1 2 1 1 1 15 4 1 9 1 1 2 24 5 1 3 1 2 2 12 1 2 2 11 3 3 1 13 87 2 8 3 3 3 4 1 1 1 3 6 1 2 3 1 3 2 2 3 3 2 2 4 14 2 1 6 1 1 4 1 2 1 6 2 1 1 1 2 1 3 2 3 1 1 4 2 2 1 6 1 1 1 7 8 1 1 2 5 40 6 2 1 3 2 3 1 1 2 1 2 1 4 1 2 15 2 2 3 1 2 2 6 13 1 1 3 1 1 5 10 2 2 4 4 1 2 2 2 1 1 7 2 1 3 1 3 3 2 8 1 4 2 2 1 9 4 4 9 1 1 3 7 2 1 6 2 1 2 5 3 2 6 6 6 3 1 1 1 2 1 2 10 1 1 1 1 2 2 8 1
1 2 1 8 2 2 3 2 2 8 11 1 5 2 2 2 2 22 7 2 6 6 75 100 4 1 1 1 16 10 34 4 8 10 2 3 1 2 6 3 1 3 2 3 1 36 6 2 2 1 2 1 1 1 6 1 1 1 2 1 1 1 2 3 4 1 2 1 2 1 1 4 15 14 1 6 1 3 1 2 4 1 1 1 2 2 21 1 2 15 4 1 2 9 5 3 2 85 5 1 3 4 2 9 1 1 1 3 4 2 13 3 56 44 4 5 4 3 1 3 32 6 1 2 2 7 2 2 1 2 1 5 2 9 2 2 2 4 3 3 1 1 2 3 1 1 3 2 1 1 3 1 1 1 11 1 5 3 1 2 1 7 1 3 2 9 6 1 3 2 2 1 2 2 1 7 2 1 3 11 1 3 1 1 3 1 3 4 4 2 1 4 1 216 2 10 1 4 1 2
3 2 1 2 4 14 2 1 3 1 7 2 2 3 2 6 2 1 3 1 16 1 1 4 5 3 2 4 2 1 3 2 3 2 5 2 2 5 3 145 5 3 1 2 2 2 1 1 2 1 45 1 1 2 1 1 1 1 1 3 2 1 1 2 1 2 3 7 1 2 1 1 1 1 2 1 27 3 2 1 3 2 2 3 1 4 1 3 2 2 4 2 3 8 1 2 10 1 9 1 2 2 10 2 4 1 3 2 9 2 1 2 1 3 3 5 3 1 13 10 2 2 1 4 1 1 1 2 1 10 1 1 1 1 1 1 2 1 3 3 3 2 6 2 5 5 1 3 2 2 2 4 1 1 1 2 2 6 14 11 2 2 1 11 6 8 2 1 3 2 3 4 1 1 3 1 5 1 1 1 3 1 1 5 6 4 2 2 3 6 7 5 1 2 3 15 2 2 1 1
6 3 3 1 4 59 1 1 8 124 5 3 11 1 2 2 1 2 3 2 6 2 1 1 25 3 4 4 2 14 4 4 1 15 71 7 1 1 1 10 1 10 17 9 2 1 2 2 2 2 4 1 4 1 5 2 1 5 2 1 1 2 1 6 1 1 1 2 3 252 2 8 5 1 1 2 4 2 1 1 1 3 2 2 5 4 1 2 1 8 3 1 2 1 1 6 4 2 3 2 1 35 4 24 3 3 1 1 4 5 2 3 5 1 5 9 4 2 1 1 3 3 15 1 33 1 1 3 273 2 6 2 4 2 4 1 1 3 2 1 1 2 1 4 2 1 2 1 5 3 1 12 2 1 5 2 1 3 4 1 2 4 1 2 2 1 1 21 2 2 1 3 5 6 1 14 3 1 2 5 3 1 1 2 1 2 3 2 1 1 1 1 3 3 1 1 4 1 9 3
1 1 1 2 5 1 2 2 3 12 4 4 2 1 5 11 3 2 4 4 2 1 15 11 1 1 3 3 2 3 1 1 4 2 4 2 2 6 3 1 2 1 3 2 2 1 1 1 5 2 1 4 3 2 1 3 4 3 2 32 2 1 2 20 7 2 3 1 7 6 1 1 90 2 1 1 2 32 7 2 2 10 1 24 2 2 2 1 5 1 1 1 2 1 2 1 1 2 2 8 1 2 2 3 4 3 6 5 2 9 3 6 3 1 6 1 2 1 3 1 2 1 1 2 2 1 5 35 1 1 3 1 1 1 6 1 3 4 2 2 1 1 3 1 5 2 1 3 2 2 2 3 6 1 2 4 2 1 3 1 2 2 3 40 3 105 3 1 1 1 1 2 2 2 1 4 4 26 3 1 8 6 30 3 2 2 57 2 1 13 1 5 1 18 6 1 1 4 8 2
1 1 4 2 2 18 2 34 2 2 2 1 1 3 3 2 2 2 1 2 1 1 2 1 1 4 2 1 1 18 2 2 1 2 3 28 2 5 2 3 1 2 4 27 4 1 1 2 2 5 1 2 2 1 2 4 2 53 3 4 8 2 1 7 18 5 4 68 3 4 1 2 1 2 3 2 5 2 2 3 3 2 2 2 23 4 9 4 2 23 3 7 5 64 3 4 2 5 4 4 4 1 1 35 2 2 2 2 1 2 1 5 3 3 1 2 3 11 1 6 1 1 2 4 1 1 3 3 2 7 3 3 2 3 1 5 2 1 3 3 2 2 1 2 21 7 1 5 2 3 2 2 1 1 3 156 2 13 1 2 21 53 3 5 1 1 225 2 4 7 2 1 1 3 21 2 2 1 20 2 2 2 2 1 2 2 4 3 5 3 1 3 6 2 2 1 1 2 2 1
1 2 2 1 2 2 7 3 7 2 2 3 138 1 8 5 12 3 1 3 8 5 9 26 265 18 7 20 5 1 1 1 1 1 1 2 1 2 33 1 2 1 2 2 4 27 2 1 3 1 7 2 2 2 5 24 1 2 2 3 2 1 1 4 21 2 3 1 1 2 1 9 1 2 1 1 1 2 1 5 2 3 5 8 3 13 2 3 2 2 4 35 5 1 3 1 1 5 2 1 2 6 2 110 8 1 1 2 1 3 2 10 1 1 21 2 2 1 2 3 1 2 1 1 1 3 1 1 1 2 47 3 4 2 1 6 2 10 3 2 1 2 1 1 2 2 4 3 1 6 1 2 4 12 2 9 7 2 4 1 3 3 1 1 1 2 5 2 10 1 14 3 1 4 2 3 15 1 1 3 2 4 1 6 1 2 2 12 2 1 2 1 2 2 9 123 4 1 2 3
3 1 2 2 2 2 1 20 2 2 1 1 3 1 3 15 4 3 2 2 2 1 1 2 3 2 31 2 4 3 3 1 204 1 14 1 4 1 3 4 2 2 1 2 38 2 26 2 2 3 2 3 4 36 8 1 1 2 3 2 1 1 3 2 1 3 1 1 2 4 2 20 2 2 1 1 1 2 6 1 4 1 1 1 2 1 1 2 1 1 2 1 1 2 4 19 1 4 2 1 3 63 32 1 2 2 1 5 3 2 1 7 1 17 2 3 2 15 3 1 4 12 1 1 2 2 3 2 2 1 2 3 6 1 2 6 1 4 2 1 2 2 69 3 2 7 7 3 3 1 2 4 2 3 17 3 2 1 3 2 6 2 26 1 1 3 3 3 3 5 1 1 3 18 3 6 1 1 4 6 1 2 1 2 2 6 2 6 1 1 10 1 15 2 2 3 1 2 2 5
8 1 6 2 1 6 7 3 6 1 2 2 1 4 1 1 3 3 3 1 20 3 1 12 1 19 24 3 1 3 7 2 1 6 1 2 1 6 6 2 19 2 6 2 2 2 2 2 1 9 1 4 21 2 3 5 2 1 4 5 3 1 2 2 2 2 1 16 1 27 1 1 4 1 1 3 1 51 1 14 1 1 2 5 20 1 2 2 1 5 2 3 1 1 4 21 15 1 4 3 1 1 1 6 1 3 1 6 2 1 7 12 2 4 2 1 1 1 3 3 1 2 14 2 3 1 17 3 1 7 3 1 4 3 1 3 32 4 1 3 3 1 2 2 3 1 2 3 2 2 1 1 1 2 2 6 2 5 2 3 1 46 2 11 18 2 2 2 7 1 15 1 2 2 2 2 1 6 1 1 1 25 3 1 3 1 2 4 7 1 87 5 1 9 1 2 1 2 1 6
5 13 1 3 11 1 1 2 8 2 5 1 2 1 1 1 1 2 1 3 3 1 141 2 2 1 2 1 18 3 3 2 2 2 1 8 3 2 1 3 58 4 3 3 1 2 2 81 4 1 2 4 2 2 1 3 1 1 2 4 1 2 1 3 2 1 1 1 2 2 23 19 1 3 3 4 5 1 2 16 44 24 1 1 1 5 2 1 8 3 1 1 7 2 2 3 2 22 16 3 2 2 5 6 12 22 1 6 4 42 1 52 2 4 1 2 1 2 7 1 2 3 2 1 3 3 12 18 44 1 1 2 3 1 3 3 1 3 1 2 4 1 1 7 3 3 3 1 1 2 13 47 2 14 4 4 4 1 1 2 1 5 2 6 1 2 1 4 3 4 18 16 2 4 3 3 7 1 4 2 11 2 1 5 1 2 199 1 3 1 1 2 1 64 1 1 1 2 1 2
2 2 5 2 2 2 4 76 3 2 2 2 1 1 2 2 2 1 3 4 3 3 4 2 7 1 13 5 1 2 3 2 3 3 1 1 1 1 2 6 4 10 1 4 1 2 3 3 6 2 1 124 1 2 211 3 93 2 1 5 2 2 3 6 45 2 2 1 1 4 5 4 24 1 1 3 3 7 7 1 1 1 2 11 1 1 2 27 1 1 1 2 11 4 6 3 3 2 2 2 1 2 1 2 1 1 1 2 28 1 1 4 1 1 6 1 1 2 1 1 1 1 11 7 18 5 2 1 1 2 3 2 2 11 2 12 2 4 1 1 3 23 4 4 3 13 2 1 1 1 7 2 2 2 1 17 9 3 1 5 1 2 10 2 1 1 1 1 51 2 2 121 3 7 9 1 5 1 5 7 2 1 10 2 1 3 2 2 2 2 2 1 1 6 1 1 1 15 2 7
32 7 2 2 12 1 11 6 316 1 3 1 3 24 1 2 12 3 1 3 2 2 2 2 4 9 1 2 3 1 2 2 3 10 2 3 2 2 3 2 1 1 1 5 1 151 1 1 1 1 2 1 1 2 2 1 2 21 1 2 1 2 1 3 2 18 3 1 9 1 1 2 30 4 2 1 1 1 2 2 1 2 10 2 1 1 2 1 3 1 2 1 2 1 2 4 1 4 3 1 3 3 2 1 1 21 1 1 17 18 1 2 2 1 4 1 2 1 7 2 4 7 2 2 2 1 2 1 1 1 5 1 3 2 4 2 7 3 12 2 2 7 4 33 2 5 4 4 3 13 2 1 11 4 1 2 34 1 6 2 2 2 1 2 2 3 1 3 3 4 7 4 1 1 1 1 3 2 1 1 9 3 6 10 1 3 1 2 1 8 1 18 3 3 1 2 1 4 11 5
2 4 3 2 1 14 2 12 27 6 6 1 100 4 8 5 2 2 1 2 2 7 1 2 1 1 4 1 2 1 3 3 2 1 1 2 9 1 1 14 3 5 10 2 1 26 5 5 3 2 3 80 1 1 2 1 5 1 1 2 1 1 2 2 1 2 1 3 1 7 2 1 2 7 3 8 1 5 6 1 4 4 6 2 1 1 17 3 1 1 3 4 2 2 3 1 2 1 5 1 1 9 16 1 2 1 5 3 2 2 22 2 1 2 3 5 2 9 117 2 2 5 2 1 2 2 3 2 34 7 1 11 2 1 2 1 6 8 1 2 3 7 1 7 1 3 1 1 1 1 2 2 3 2 5 15 2 1 1 21 1 2 2 1 3 1 2 14 2 3 2 1 4 1 1 2 3 5 1 38 5 1 1 1 2 1 2 2 1 4 5 4 2 1 7 9 1 4 1 1
2 140 3 1 34 3 2 2 4 2 3 3 1 1 2 2 1 1 2 2 2 4 1 2 11 4 5 7 3 3 1 6 1 1 5 1 2 21 1 2 8 42 2 2 7 1 2 2 4 2 3 5 1 2 2 5 1 3 5 68 2 9 3 1 5 7 2 34 1 3 2 2 2 2 13 1 8 10 2 25 7 3 1 2 2 1 1 1 1 4 3 1 1 2 1 2 6 16 1 4 1 2 3 2 4 4 11 1 5 2 2 1 2 3 2 2 1 1 1 2 6 4 28 5 8 1 2 7 4 2 1 4 40 1 2 3 1 5 3 22 2 11 9 5 1 1 6 2 5 7 3 5 2 1 3 1 2 1 1 1 5 4 4 2 12 7 1 1 4 2 2 2 2 1 14 1 1 2 2 2 2 2 3 3 3 8 12 2 1 1 6 2 2 4 1 1 2 1 1 1
3 4 2 4 1 2 4 1 2 13 1 2 8 6 1 4 2 1 2 2 1 1 1 18 12 2 3 4 4 2 2 2 1 6 3 1 2 1 2 2 2 1 3 2 2 2 2 1 1 2 2 1 2 3 2 4 2 1 1 5 10 15 4 1 5 2 2 8 4 3 2 1 2 1 2 3 28 1 1 2 5 2 5 2 2 2 1 3 1 3 5 3 2 1 2 5 2 12 1 2 1 2 3 32 5 3 2 2 2 2 1 14 2 2 4 2 1 1 5 1 5 11 6 3 2 1 3 1 1 1 49 1 1 1 2 1 2 2 2 3 2 1 5 3 1 300 3 4 1 15 2 5 28 2 1 4 1 1 1 17 3 2 3 2 2 42 2 2 14 2 1 2 2 3 1 1 1 3 1 24 2 3 2 1 1 1 1 2 2 5 1 2 13 3 1 1 1 3 1 6
1 1 1 21 1 5 3 21 2 3 4 2 1 1 16 3 4 2 6 2 1 5 12 1 1 2 4 4 2 1 1 2 1 4 1 2 88 385 4 9 3 31 16 3 9 3 1 1 39 2 12 1 1 2 2 1 1 4 1 3 5 1 2 3 2 6 1 1 5 12 5 405 2 2 3 7 2 8 2 1 2 1 6 2 1 5 1 2 2 2 5 1 1 2 4 2 5 5 1 2 1 2 10 7 2 1 21 8 1 11 2 1 1 2 17 2 3 2 1 2 2 2 2 1 1 1 2 11 3 3 7 1 3 1 2 1 1 1 1 2 53 1 1 1 2 4 2 1 1 2 2 1 1 3 2 35 1 1 1 2 1 5 25 1 4 1 27 3 18 1 1 1 2 16 1 3 1 2 3 1 4 1 7 1 4 1 2 3 12 2 6 2 1 3 5 2 3 1 5 2
2 1 4 20 1 1 1 2 2 4 2 1 13 16 5 1 2 3 86 2 1 3 5 7 3 1 7 1 2 2 7 1 5 2 37 1 1 1 65 1 2 1 2 2 2 1 7 48 1 1 1 2 1 2 1 1 5 2 1 2 4 1 2 1 1 6 2 1 4 8 1 3 2 1 5 3 2 1 2 1 2 1 4 1 46 1 2 1 9 2 2 1 1 2 1 2 16 1 4 2 2 4 63 9 2 9 3 1 2 1 13 3 2 1 81 5 3 2 2 1 1 1 2 1 3 14 2 22 2 1 3 1 3 1 2 7 3 68 1 2 2 1 3 4 2 2 19 17 3 3 1 1 2 3 4 1 3 3 4 2 2 6 18 1 5 20 5 6 2 5 1 3 12 1 1 1 1 2 3 2 7 7 14 1 1 1 2 2 35 1 2 1 5 1 1 19 2 4 2 3
1 3 1 2 1 2 1 6 4 1 3 2 17 2 6 2 2 1 2 2 1 2 1 2 2 3 5 1 1 2 6 3 1 19 3 1 5 2 1 29 2 7 2 1 5 6 1 13 36 3 2 2 13 8 1 2 6 5 1 1 2 2 2 1 1 8 18 37 9 8 1 3 1 12 4 1 3 2 1 1 6 4 8 1 2 2 3 2 1 10 1 4 5 1 7 5 2 10 3 1 2 9 4 8 2 3 4 1 1 27 4 1 2 2 1 3 2 1 1 7 3 1 4 2 16 7 1 2 1 1 2 11 3 1 5 3 3 5 5 8 2 1 29 1 2 2 1 19 1 2 2 2 1 1 1 2 2 4 6 1 1 5 2 12 2 2 1 1 11 9 4 2 1 2 2 1 1 1 3 4 1 2 2 2 2 1 1 19 1 2 3 2 2 1 1 1 6 1 11 1
6 2 9 3 2 4 2 1 54 1 1 15 3 3 3 3 4 1 29 2 2 4 1 5 1 1 2 6 75 6 1 2 1 2 5 1 2 1 2 37 2 1 2 102 3 2 2 2 2 2 2 1 3 4 18 2 1 5 2 1 1 1 3 4 2 2 19 3 4 1 5 3 32 2 3 2 11 9 2 1 1 2 2 6 14 2 1 137 2 2 2 1 14 1 4 1 2 2 1 2 8 1 5 15 5 1 3 1 2 4 8 3 3 2 1 1 7 1 1 2 2 2 6 2 9 2 2 1 11 2 5 1 6 2 6 2 6 2 4 3 8 1 2 1 1 1 2 10 11 2 16 1 1 10 1 1 2 1 2 2 1 7 5 2 3 5 77 2 5 1 8 2 2 7 8 9 1 2 1 2 1 2 1 1 2 1 1 12 1 1 1 7 14 1 1 2 1 5 127 2
1 1 1 1 20 4 2 3 5 1 11 35 1 1 1 3 1 1 5 2 5 1 14 1 2 5 2 1 2 1 3 1 6 1 1 2 2 1 2 3 3 2 3 2 2 1 1 1 1 2 3 1 3 2 2 1 4 3 1 6 2 2 1 3 153 2 1 1 2 2 1 1 20 2 2 1 1 1 16 2 43 4 2 1 2 2 5 1 2 2 1 6 6 5 2 1 1 2 1 1 2 3 5 2 9 4 2 2 3 11 1 1 2 1 1 2 1 3 2 3 3 5 1 2 1 15 3 1 2 6 1 1 1 3 1 1 2 2 1 1 1 2 3 2 5 2 5 6 2 5 1 1 3 2 3 1 2 16 1 3 1 2 3 5 1 38 2 2 3 2 1 1 11 2 6 1 3 1 23 1 1 2 13 4 2 2 1 1 5 3 1 9 10 2 1 2 1 2 1 1
2 7 1 1 2 2 19 2 1 2 4 7 31 4 4 1 25 2 4 7 6 5 3 1 6 4 4 3 6 1 3 9 7 20 1 1 2 2 3 1 1 5 1 1 2 4 4 3 6 1 1 2 1 2 4 1 1 7 2 2 10 2 1 2 3 5 5 2 1 128 1 1 2 8 2 17 109 3 4 2 2 1 3 1 6 1 5 3 1 3 1 2 2 3 3 2 2 2 11 2 5 4 52 48 1 8 4 1 1 3 2 55 2 1 2 5 2 1 3 1 2 21 15 2 4 3 1 1 1 1 1 3 3 2 3 4 3 4 1 3 1 9 6 23 1 17 2 2 1 2 32 1 28 1 1 30 1 8 4 1 1 44 2 12 2 1 1 9 1 1 28 1 6 30 2 2 4 5 1 4 9 2 4 2 6 1 1 1 4 1 3 2 4 3 5 1 1 1 1 2
1 1 2 1 3 1 2 1 3 4 3 1 1 2 4 2 1 122 1 11 5 1 33 2 2 1 1 2 12 1 3 3 1 2 5 4 3 2 2 32 2 4 1 1 4 1 3 3 1 1 3 5 449 1 1 5 7 1 2 3 2 9 12 2 2 2 34 4 2 1 2 3 34 1 5 2 1 2 17 1 1 1 2 1 1 1 2 2 53 1 1 4 1 2 6 1 1 1 2 5 23 1 4 1 50 2 1 3 1 5 2 1 2 2 1 2 2 4 15 2 1 6 16 2 1 1 1 2 1 9 1 1 2 1 4 2 25 2 1 2 2 2 1 14 2 62 11 3 2 2 1 1 7 2 14 2 1 1 3 1 1 1 5 1 1 2 3 1 1 10 7 1 1 2 4 3 1 3 4 1 2 1 16 2 1 2 1 8 2 17 4 1 7 2 151 2 2 1 2 1
2 2 2 1 1 5 2 2 2 1 3 4 2 1 1 6 3 3 18 3 1 10 1 112 4 7 2 2 1 6 2 10 1 1 2 3 2 2 19 4 1 4 2 5 5 68 2 2 1 7 1 2 1 10 2 106 3 3 2 2 1 1 27 3 5 9 14 12 3 4 1 1 1 1 2 4 2 4 5 10 1 2 1 11 1 27 12 2 7 2 11 1 2 1 3 1 2 11 1 1 2 1 2 2 1 1 5 11 1 1 5 4 1 1 14 1 1 13 2 2 1 11 6 1 7 2 5 2 1 2 2 2 1 1 1 2 2 1 9 46 1 2 30 2 1 5 1 21 1 1 63 1 3 2 1 5 2 2 2 3 3 1 2 31 4 1 6 1 2 1 6 1 6 9 6 2 2 2 2 3 3 1 1 1 1 10 5 3 1 4 1 2 2 3 4 4 3 1 1 1
2 4 1 2 2 1 7 1 19 25 1 8 1 12 1 12 1 2 4 2 6 3 3 1 1 4 2 2 2 1 1 2 2 4 1 32 1 1 4 10 2 1 2 2 1 13 6 1 11 2 1 1 1 6 3 4 4 1 1 5 2 1 2 2 3 1 16 4 6 2 9 1 17 2 5 2 1 6 2 2 2 8 3 3 1 1 3 25 1 15 7 3 2 4 1 1 1 1 4 2 10 1 2 1 3 25 8 3 3 2 2 1 2 4 4 11 6 28 2 1 6 6 10 3 1 6 3 1 1 3 2 5 70 3 5 3 2 3 2 1 5 1 1 29 2 2 5 1 1 1 2 2 3 4 7 2 4 3 2 2 2 2 2 1 4 1 2 2 9 2 5 2 1 1 1 3 1 2 2 149 1 1 3 3 2 2 2 2 1 3 3 1 1 7 1 1 1 16 1 1
1 4 3 3 1 1 5 45 4 14 2 1 2 6 10 6 17 1 6 4 4 24 1 2 1 1 9 1 1 1 2 1 1 2 1 3 2 1 10 2 1 3 1 2 2 62 5 2 3 1 4 1 2 12 5 2 1 1 3 5 4 2 11 1 1 4 2 2 4 3 6 1 9 1 4 2 6 6 2 15 2 2 7 2 2 2 1 6 5 7 1 80 2 2 2 2 11 2 1 1 1 4 2 3 1 1 3 1 3 2 7 3 11 1 8 2 3 2 1 2 4 7 2 1 1 3 1 7 1 20 10 3 1 3 4 3 6 2 1 3 10 2 12 15 3 1 1 2 1 3 1 2 1 4 70 1 2 1 1 9 1 1 4 2 1 1 13 8 6 5 44 1 2 1 2 7 5 3 1 16 3 2 3 14 1 1 3 1 3 2 1 1 2 65 1 8 5 6 2 4
2 1 1 1 1 1 1 1 16 2 2 2 4 7 3 2 2 3 1 3 2 14 9 1 1 2 3 1 2 2 4 2 1 2 2 3 2 2 1 1 1 4 3 1 7 3 2 2 1 3 12 2 4 1 5 16 2 2 3 3 2 5 1 2 1 12 4 2 1 4 1 7 2 3 1 2 5 1 3 4 13 13 1 5 15 1 3 2 6 14 9 7 128 1 4 1 10 4 56 5 1 1 6 10 3 7 1 2 5 1 5 3 2 4 2 1 42 3 3 2 3 1 2 1 1 1 6 1 4 3 6 10 1 1 2 2 5 9 7 5 1 8 2 4 1 1 1 3 2 4 1 11 2 2 2 1 18 1 2 2 36 1 2 3 1 9 1 3 8 1 9 1 2 2 2 2 1 2 1 9 1 2 6 1 1 1 4 1 2 5 2 1 12 1 2 235 1 4 2 2
218 2 2 1 2 1 1 3 19 1 2 1 1 1 1 2 3 1 1 114 2 4 4 1 4 1 2 2 3 2 1 25 6 1 1 3 1 1 17 15 1 2 2 4 1 3 1 3 2 4 2 19 1 2 3 6 6 2 7 1 52 2 2 1 4 27 2 2 1 2 1 3 2 1 12 19 4 1 1 2 2 5 1 13 3 31 1 4 1 2 234 8 2 2 2 1 2 23 9 1 2 4 1 1 3 1 7 3 6 1 2 1 1 4 1 2 2 3 4 7 5 1 1 1 3 2 1 1 21 15 1 3 1 1 2 2 52 1 5 3 5 2 2 7 7 2 4 1 1 2 1 2 2 2 7 2 7 2 5 2 1 2 1 2 3 1 20 1 1 3 1 8 2 3 2 2 3 9 1 1 5 1 1 1 3 3 25 1 1 97 2 5 2 1 1 1 1 9 9 18
3 1 1 2 3 2 1 2 19 1 65 2 3 8 2 4 1 1 3 5 1 1 1 1 1 6 2 5 165 1 2 1 3 1 4 1 3 6 2 5 5 5 3 1 3 2 7 3 2 2 3 18 14 1 1 2 2 1 6 214 1 5 1 1 1 2 1 1 7 1 1 7 4 1 2 3 1 19 16 22 1 1 6 2 9 1 1 2 1 2 3 1 1 1 1 1 2 1 10 2 11 1 30 2 28 20 13 1 5 2 3 1 1 6 31 1 11 4 4 1 1 1 2 1 4 3 1 1 8 2 2 1 1 6 24 21 2 1 4 8 1 2 1 1 5 4 4 3 2 2 4 3 3 13 11 1 60 3 3 1 1 2 19 2 2 1 7 1 2 3 7 3 1 3 1 5 16 42 4 1 3 2 1 1 2 1 6 2 4 1 4 2 1 1 3 2 1 4 1 9
50 4 1 1 7 1 1 1 2 1 4 1 1 2 1 2 31 12 1 2 3 1 1 5 1 1 1 1 3 1 8 2 2 1 27 8 1 1 7 8 2 1 8 1 3 1 10 2 5 1 1 11 1 12 4 1 1 1 1 3 2 1 1 2 2 1 18 3 1 1 6 5 59 3 2 1 2 33 4 1 1 2 2 133 1 11 1 86 2 1 100 2 1 5 2 5 4 2 2 4 6 3 2 2 4 1 7 2 3 2 1 2 1 2 1 2 4 1 3 1 4 1 64 3 1 9 2 1 2 5 1 2 2 2 2 2 5 7 6 24 1 3 4 1 52 3 9 1 1 2 2 4 1 1 2 1 2 1 2 2 9 3 7 7 4 5 4 2 2 1 1 1 320 14 2 1 4 3 2 1 2 4 1 2 2 4 2 1 1 1 2 1 2 2 3 5 2 1 5 2
1 2 3 1 2 2 2 2 2 2 3 4 3 1 1 1 6 2 1 5 3 4 1 3 3 1 3 2 423 1 2 2 2 4 1 2 7 1 1 2 11 4 4 2 1 2 2 1 14 6 3 2 1 2 1 3 3 2 1 76 25 2 1 1 2 2 1 1 1 2 1 3 12 2 1 12 2 2 49 1 2 4 1 3 3 2 3 7 6 44 2 1 1 134 2 6 1 1 1 1 1 1 2 1 1 1 1 3 1 60 6 5 5 1 1 2 1 1 3 51 4 1 1 6 2 6 2 7 1 2 2 12 13 71 1 1 1 9 26 3 2 6 1 1 7 1 1 2 3 4 5 3 1 2 3 1 88 7 2 4 1 2 3 1 1 2 7 9 3 54 2 2 9 1 2 14 2 3 2 1 6 2 1 1 1 9 4 7 3 2 3 1 2 2 4 6 1 2 2 1
1 2 1 1 2 1 2 2 1 1 2 4 5 3 3 3 28 39 1 1 3 7 2 2 10 2 3 2 2 2 1 1 13 5 1 3 1 1 2 1 1 3 3 5 5 4 2 2 12 1 1 1 2 2 2 2 2 43 3 2 2 1 2 5 6 1 8 1 2 2 3 1 3 3 2 2 6 2 3 4 4 3 2 1 3 6 3 2 3 1 1 2 3 7 9 1 1 3 4 2 1 2 2 1 1 2 45 2 7 4 2 4 1 2 2 7 2 18 10 1 5 40 2 2 13 3 1 1 1 1 2 14 5 1 1 2 5 1 9 2 26 2 3 1 4 4 4 3 2 1 2 1 1 8 1 1 2 8 2 1 108 5 2 1 1 7 3 1 3 1 1 2 13 2 4 1 4 1 3 12 2 1 11 2 6 1 5 3 1 15 3 5 2 7 2 27 1 17 178 6
2 2 4 2 2 2 1 31 3 2 4 1 2 1 3 1 4 4 1 13 1 6 1 1 2 11 1 4 7 8 2 2 1 1 2 8 4 2 6 2 7 6 1 4 4 1 20 3 26 3 4 1 7 4 3 4 1 2 1 2 2 2 2 2 1 2 2 8 2 3 14 2 1 2 2 1 2 1 1 1 7 1 3 1 1 1 1 2 20 2 4 1 1 1 5 1 1 1 6 3 1 1 2 2 4 11 10 2 1 1 2 2 2 6 1 2 2 1 9 1 4 1 42 1 1 4 2 1 1 2 2 1 1 16 4 1 4 2 1 2 2 3 1 1 6 1 1 1 2 7 1 4 3 11 1 4 1 3 2 1 1 2 7 1 2 2 2 2 3 2 246 1 3 2 2 1 1 21 85 30 1 1 3 1 7 1 1 1 2 2 3 2 3 1 23 8 2 3 1 6
8 1 27 2 2 1 1 9 45 4 1 5 1 2 8 2 12 1 3 2 11 3 3 1 2 1 4 1 3 2 1 1 5 6 2 2 8 1 2 1 1 1 4 1 1 2 4 3 1 2 1 1 2 3 1 1 4 1 2 1 3 1 1 2 1 2 1 1 2 1 3 3 1 2 1 6 10 3 1 4 2 2 1 4 2 38 8 9 2 2 1 3 15 1 2 9 2 2 1 1 1 4 1 2 4 7 12 5 11 3 1 2 45 1 1 2 2 25 1 2 8 5 2 1 4 9 2 2 2 5 2 2 3 1 3 2 2 6 21 1 6 1 2 1 1 2 65 2 1 1 4 2 1 6 4 5 2 6 1 2 1 1 31 50 20 3 2 2 1 2 1 1 2 1 1 2 1 1 3 1 1 89 10 2 2 1 2 1 5 14 8 2 18 28 2 2 4 4 1 1
3 2 2 2 2 2 7 1 9 2 7 1 2 3 1 2 2 14 2 1 8 2 1 2 8 20 1 1 2 1 2 4 1 1 1 2 1 1 2 2 1 2 1 4 1 4 3 2 21 1 2 1 1 2 1 2 3 11 1 2 2 1 1 2 4 1 2 2 3 9 5 1 1 1 45 2 3 3 4 2 1 1 8 2 2 7 2 11 3 1 3 2 3 3 1 2 1 2 2 8 3 8 2 2 1 2 2 1 3 1 3 3 2 25 10 15 4 3 5 4 1 2 3 1 2 1 3 2 1 7 2 1 1 7 2 1 1 4 2 7 1 2 1 3 2 1 1 1 1 1 1 1 3 1 2 1 4 4 1 2 8 2 2 1 1 5 2 1 2 1 1 6 2 19 1 3 2 1 18 2 1 11 1 2 1 3 2 2 1 2 15 1 2 3 1 4 376 1 10 1
90 19 1 1 1 16 1 2 1 4 6 9 1 3 1 1 3 1 3 5 1 1 2 7 2 1 4 1 2 2 1 2 1 5 2 2 2 1 2 2 1 1 3 1 5 3 3 1 1 1 14 3 2 2 4 10 6 1 1 2 5 6 12 2 42 3 4 1 1 3 2 1 15 1 6 2 1 3 1 10 21 1 2 1 6 5 1 1 2 1 1 1 1 2 7 8 3 2 3 4 1 1 2 1 1 4 1 2 1 2 1 1 2 7 2 2 2 3 8 2 2 2 2 3 1 3 3 8 1 1 4 15 7 1 3 98 1 2 2 2 1 1 7 1 1 2 3 1 3 1 2 2 1 2 2 13 2 1 16 1 2 1 2 5 2 2 2 5 16 2 1 5 2 267 1 1 1 12 3 1 1 1 15 1 2 2 2 1 1 15 2 2 1 3 1 2 13 2 1 1
5 1 1 3 3 1 4 1 5 2 12 2 4 1 2 38 1 2 1 3 3 1 1 1 3 1 21 45 2 2 2 6 1 2 2 1 1 1 1 1 1 8 3 2 2 3 4 4 2 1 7 5 6 3 4 14 4 3 2 10 1 1 1 6 2 4 1 4 71 2 27 1 1 2 2 8 1 4 1 1 2 2 48 1 1 1 1 1 6 1 1 7 2 1 1 2 2 3 1 4 4 4 2 12 2 1 27 6 2 1 9 1 1 2 14 16 2 3 4 3 2 1 3 2 2 5 5 1 1 3 2 1 3 1 6 10 1 1 32 3 33 6 3 25 3 5 4 2 1 2 1 2 21 1 15 1 1 6 1 3 1 2 2 1 7 2 1 7 3 1 1 1 2 2 1 2 44 1 1 1 241 2 3 3 2 7 2 3 4 1 7 4 4 2 11 2 1 1 3 8
2 2 1 1 2 5 4 2 1 2 1 1 1 1 4 16 186 3 5 2 1 2 23 3 2 2 3 4 1 5 8 37 1 1 2 1 2 35 5 22 2 1 1 7 3 9 3 2 2 2 1 1 1 5 2 5 1 2 2 2 6 2 1 1 2 6 1 4 10 5 2 39 4 2 7 2 2 2 1 3 2 1 2 1 2 30 2 1 1 1 2 4 1 3 1 1 4 1 3 1 6 2 2 2 2 2 2 2 3 18 1 1 1 2 1 5 1 2 4 1 3 1 1 2 1 2 3 88 4 8 2 2 3 2 1 2 1 5 2 1 4 2 9 15 2 3 2 2 1 1 3 3 2 17 11 2 9 3 1 3 4 5 3 2 1 1 3 1 3 1 9 2 32 1 1 1 1 3 2 1 4 1 2 1 1 1 2 2 4 1 7 3 1 64 35 1 4 1 1 7
2 1 2 2 5 3 9 3 7 2 95 2 1 1 2 2 1 1 11 2 1 9 2 1 2 11 2 6 6 1 1 2 2 10 2 8 2 3 1 4 2 2 1 3 2 2 1 16 4 38 3 3 1 1 6 2 5 6 1 1 4 2 2 6 42 2 1 3 1 1 1 1 1 5 1 20 2 1 11 2 3 3 1 12 1 1 39 1 3 4 2 2 1 1 1 1 8 1 2 5 9 4 1 1 4 3 31 1 2 2 1 2 103 3 5 36 3 1 1 2 2 3 1 2 3 2 1 2 2 1 1 2 2 2 1 3 1 2 9 2 2 4 4 1 5 3 4 2 2 1 1 1 3 3 3 2 1 4 1 3 1 1 8 1 2 3 1 1 5 5 4 1 6 17 2 6 1 32 1 2 3 2 1 1 10 4 2 2 10 2 2 1 4 1 5 2 14 2 2 5
2 3 4 6 4 3 1 1 1 15 2 1 1 2 3 1 12 2 3 2 1 3 3 5 2 3 1 6 3 1 3 2 3 2 1 9 1 1 7 1 10 2 2 2 2 1 3 1 15 3 1 1 2 7 5 1 3 3 351 1 3 3 1 20 1 2 1 1 1 24 10 3 1 1 4 2 2 2 1 2 2 2 1 1 1 2 1 2 1 5 1 4 3 10 1 1 2 6 10 3 1 2 1 58 1 7 2 2 1 1 2 4 5 2 1 3 7 4 2 8 1 1 2 13 5 2 2 1 4 6 2 1 4 1 2 1 3 5 2 2 8 3 3 1 1 9 2 2 3 2 1 1 2 1 7 3 1 2 116 2 1 2 6 1 4 4 2 3 2 3 1 2 9 1 4 4 4 1 2 3 1 3 17 1 5 2 2 95 1 16 3 8 3 15 3 7 1 58 2 1
3 1 1 2 1 6 15 1 6 49 2 7 6 1 2 8 8 7 3 4 1 1 2 13 1 5 8 3 20 3 2 5 2 1 2 2 4 3 1 1 3 1 1 3 4 8 1 1 2 1 1 1 1 1 1 1 9 2 2 2 1 3 1 53 2 2 22 33 2 2 2 2 2 4 12 2 47 136 2 2 1 1 5 2 5 2 25 2 77 2 1 5 34 13 2 1 12 12 2 1 2 2 15 1 24 1 1 38 6 52 7 1 4 1 14 1 5 1 2 2 2 1 2 3 1 1 2 4 2 4 1 3 1 2 2 42 3 1 2 5 32 1 1 1 25 1 2 4 3 1 22 2 2 3 149 3 4 2 1 1 3 2 4 1 1 4 5 1 3 2 1 5 1 2 1 1 6 2 2 1 1 3 1 3 1 1 1 3 2 2 2 1 1 4 3 2 1 2 2 1
1 2 5 2 5 1 2 6 2 1 1 1 2 3 2 26 1 1 1 3 27 1 1 6 16 1 3 58 1 2 68 2 2 2 6 2 2 1 1 1 2 4 17 11 3 2 4 1 2 4 3 2 1 1 1 1 3 1 2 69 3 1 1 87 5 4 8 2 2 2 1 1 5 2 2 1 17 1 2 2 1 1 1 3 2 3 1 2 2 2 2 1 3 1 3 1 6 1 5 1 3 2 2 2 2 2 2 2 3 1 8 3 2 3 1 6 14 8 2 28 1 1 3 5 2 1 2 13 34 40 5 1 3 2 1 4 2 1 2 1 1 2 3 5 2 27 7 1 1 5 1 2 1 2 7 2 1 2 1 2 1 4 2 2 4 2 1 1 2 3 11 32 3 1 2 1 1 1 2 1 1 4 3 1 2 1 3 1 2 2 6 2 4 2 3 1 17 1 1 1
1 3 6 5 1 3 1 1 1 3 2 3 8 9 13 2 15 1 2 1 2 1 4 1 1 1 4 1 14 2 2 1 5 2 1 4 1 2 6 2 56 1 1 5 1 2 2 1 1 3 6 2 2 2 1 1 17 2 16 5 3 1 1 6 4 3 2 1 2 1 7 6 2 1 2 1 7 4 1 1 1 2 2 2 4 2 1 2 2 2 2 2 2 1 1 1 3 1 17 3 3 3 2 3 1 3 6 1 12 1 5 2 4 1 1 2 3 2 6 1 2 4 7 15 2 3 2 4 2 4 2 15 1 22 1 1 1 2 1 3 3 2 2 3 2 9 3 5 2 17 3 2 1 1 77 2 3 1 3 2 1 2 26 2 3 2 2 29 1 1 2 1 1 2 1 3 1 1 4 1 1 2 4 1 5 2 2 3 1 1 1 2 9 2 17 3 6 1 9 2
2 44 2 6 2 1 1 11 3 3 2 1 24 23 2 219 62 12 1 1 1 1 4 3 375 2 2 12 2 1 2 14 1 3 2 1 6 1 2 2 21 1 2 2 1 2 16 1 65 2 2 3 1 3 2 2 1 278 4 4 2 1 2 3 2 7 1 3 16 4 11 2 1 2 2 2 1 2 2 2 6 5 2 2 1 1 5 2 2 2 7 6 5 1 18 2 2 4 1 2 1 1 2 5 1 2 7 1 1 1 1 2 10 3 1 1 48 1 2 19 2 1 1 2 2 6 2 6 2 4 1 4 3 3 1 9 2 2 1 1 1 1 1 2 19 2 4 1 12 2 3 1 1 2 48 26 1 1 3 5 1 4 1 8 1 2 19 2 2 5 5 20 3 1 1 1 2 73 19 3 2 2 2 5 7 1 6 5 2 2 1 2 1 1 2 2 2 6 1 3
4 6 3 2 2 2 13 6 1 9 2 1 3 5 4 4 1 2 1 3 1 1 1 1 9 3 1 1 5 1 6 9 1 1 1 1 2 2 9 6 5 22 2 2 1 1 2 2 2 1 1 1 2 4 1 1 49 2 2 2 4 2 5 2 3 1 3 2 2 7 11 1 4 6 5 1 1 2 4 5 15 1 1 3 2 1 1 1 8 5 2 2 8 18 13 2 6 4 7 4 1 1 123 2 5 16 1 1 1 1 1 2 2 19 16 3 2 2 2 1 2 5 4 1 72 1 1 6 2 22 2 2 1 1 1 3 1 2 1 6 3 4 1 2 2 1 3 1 1 11 1 1 1 3 10 4 1 2 2 14 1 4 24 2 2 7 1 1 5 91 3 12 2 2 1 3 1 2 5 3 2 2 6 4 2 2 8 6 1 2 1 1 1 1 2 4 1 2 10 2
3 2 1 1 2 2 1 1 1 1 1 1 2 2 39 3 14 14 3 1 1 355 1 1 1 26 1 2 2 5 1 1 12 1 2 1 1 8 2 4 9 1 2 1 1 1 3 1 1 4 2 3 1 2 1 6 5 2 2 1 8 3 8 1 1 2 3 86 4 2 2 35 2 4 1 2 17 50 4 2 1 1 1 1 2 174 1 2 1 1 38 2 2 2 1 2 1 41 8 1 1 1 1 1 11 2 2 2 8 3 18 2 7 3 1 1 2 4 2 1 2 2 5 6 12 4 1 3 2 1 5 2 4 7 2 1 1 2 1 2 1 6 13 5 1 1 1 3 2 5 2 5 3 2 2 14 4 2 1 1 1 9 3 2 5 3 3 2 2 1 1 44 4 1 2 2 1 1 2 4 3 1 2 2 2 2 8 3 3 2 2 2 5 3 2 2 3 2 1 329
10 1 1 1 1 148 1 1 7 1 1 1 1 1 1 2 3 2 2 5 1 1 1 6 1 2 2 1 5 1 1 2 20 2 6 16 1 2 3 8 88 2 1 1 2 2 7 1 1 1 5 2 2 21 3 8 2 5 3 1 16 3 1 1 1 1 1 2 1 17 1 1 2 2 1 6 3 3 4 2 3 12 1 17 6 2 2 3 2 2 29 1 1 1 494 9 3 2 2 1 1 123 2 2 2 1 7 2 2 3 6 2 1 1 4 1 2 2 1 4 2 2 9 27 1 1 3 5 1 2 2 2 20 7 2 5 2 2 20 2 1 1 23 1 28 4 3 4 3 2 1 1 2 5 2 2 1 1 3 2 1 3 1 1 2 1 1 6 1 1 4 2 4 5 1 4 6 1 2 2 14 86 10 1 1 1 9 3 17 2 1 7 2 2 10 5 1 1 1 1
4 3 6 2 8 1 7 4 14 27 5 1 2 1 1 1 2 2 3 1 12 2 1 2 2 5 1 6 2 22 4 1 1 10 4 4 1 1 1 2 2 1 4 1 4 1 2 37 1 1 2 1 2 1 1 10 1 2 3 4 1 1 2 1 2 3 3 2 1 5 2 3 1 2 2 2 2 485 1 2 1 5 1 1 6 1 1 2 1 4 1 8 3 2 1 1 2 1 1 14 3 6 3 2 2 5 1 3 2 1 1 6 3 2 3 29 14 2 1 3 2 88 1 1 1 2 2 4 22 4 2 6 2 1 1 2 1 2 4 1 2 2 1 2 2 3 2 1 2 13 3 237 2 1 8 3 1 1 2 1 2 1 4 1 4 1 3 1 5 3 1 8 1 6 1 1 2 3 7 3 1 4 3 1 1 1 2 65 4 2 1 1 1 2 3 60 5 3 1 1
1 9 1 1 1 2 2 12 1 3 12 5 6 5 9 1 1 5 5 2 1 4 2 1 2 1 2 39 29 10 2 9 6 1 2 1 1 2 1 1 1 1 1 1 2 2 1 1 1 1 1 1 9 5 2 2 2 1 3 1 2 3 3 1 4 9 1 2 1 1 6 2 1 2 2 1 2 4 4 1 1 5 1 1 11 3 2 1 2 33 1 3 1 1 4 4 3 1 3 53 4 1 1 5 11 2 1 2 1 2 2 1 74 7 4 2 1 2 1 5 2 1 1 1 3 8 2 2 1 26 4 1 7 3 2 3 1 1 7 5 2 1 1 3 2 14 3 1 1 2 1 1 1 2 4 2 2 2 1 5 1 4 12 1 3 2 2 1 2 1 2 22 8 9 3 1 3 2 1 1 1 2 1 4 1 3 18 1 3 4 2 2 3 2 1 3 5 2 1 1
2 3 1 1 1 1 1 3 1 2 5 1 21 1 1 1 6 4 1 1 1 2 53 2 1 2 1 2 12 1 6 2 2 3 8 4 1 7 26 1 3 2 3 10 6 1 2 4 8 3 5 1 1 2 2 1 1 9 17 5 1 46 4 47 1 1 2 2 17 2 4 38 4 2 1 3 3 2 55 1 5 4 1 1 3 2 2 5 2 1 6 9 3 1 21 2 15 2 7 3 1 2 1 16 1 2 1 1 1 4 2 2 2 2 56 48 2 10 3 2 1 4 2 2 1 3 1 26 11 11 2 4 3 1 2 7 12 2 2 1 2 8 1 1 89 10 1 2 1 2 4 1 1 1 1 15 2 4 1 2 1 4 2 2 7 1 1 2 4 2 8 1 36 2 13 1 1 2 3 3 1 3 4 2 1 1 2 2 2 1 2 1 2 2 3 63 2 1 1 1
48 5 1 1 3 3 2 11 4 1 1 2 2 2 2 4 3 1 1 1 1 6 2 3 1 2 1 64 5 7 2 2 1 4 1 3 1 2 4 1 14 3 11 27 1 2 1 7 1 3 1 1 6 1 1 2 2 5 3 1 2 2 1 9 2 1 1 2 1 26 13 2 2 1 2 1 1 3 4 1 2 9 2 2 1 5 1 6 1 5 3 8 1 2 2 29 5 2 3 5 1 3 2 196 2 19 4 5 3 2 2 2 2 1 5 59 9 1 1 1 4 2 2 1 3 2 1 3 6 2 3 1 3 5 1 4 1 6 2 6 1 1 1 20 4 22 1 33 1 2 2 1 1 49 2 1 14 5 1 14 1 2 2 1 7 3 18 3 1 3 5 10 5 3 1 1 1 4 3 3 1 2 3 25 2 2 41 2 2 1 2 3 2 1 25 1 13 2 1 1
5 4 1 3 2 1 1 1 2 2 9 2 4 1 1 12 11 2 1 13 2 2 5 2 1 2 1 1 1 2 2 5 1 6 2 2 2 3 1 1 2 1 2 2 4 1 2 4 2 4 3 1 4 3 1 1 2 1 9 1 2 1 3 1 3 3 1 1 3 1 1 1 17 13 1 1 2 1 1 22 1 5 38 1 13 2 3 3 6 4 11 1 3 7 2 1 1 6 1 1 2 1 18 4 4 1 1 4 2 2 3 2 1 1 1 2 1 1 1 2 10 8 1 2 11 2 1 3 17 1 2 3 1 60 1 3 2 1 1 4 2 29 2 10 3 1 1 2 1 2 1 6 2 4 1 1 1 1 1 3 1 2 1 1 2 1 2 4 5 1 1 2 1 1 7 10 1 6 3 8 2 30 1 2 1 2 1 2 13 3 5 1 1 9 1 5 2 1 32 5
1 1 2 13 2 1 2 2 1 2 1 1 6 1 11 1 2 2 2 32 1 3 3 3 1 6 4 6 3 2 1 1 2 1 3 1 1 2 2 2 1 6 1 4 1 4 1 2 2 1 1 1 2 17 3 2 25 3 10 2 2 58 2 1 4 2 2 1 2 3 1 5 1 2 1 2 2 3 1 16 1 1 1 2 26 13 49 1 2 1 2 1 1 2 3 22 3 1 1 1 2 2 6 1 1 2 1 6 2 2 3 1 1 2 2 1 12 3 1 2 1 1 1 8 3 1 1 3 2 3 2 5 4 6 2 2 1 1 1 2 1 5 5 14 2 2 5 1 10 1 2 2 1 2 4 2 2 1 5 2 2 2 3 2 2 1 4 2 1 1 30 1 3 1 7 1 4 2 13 2 9 3 1 2 6 2 2 32 55 6 1 5 2 2 5 5 9 1 7 2
1 2 12 4 11 4 2 2 2 1 1 2 1 5 1 5 7 2 2 20 2 6 8 2 1 2 1 1 1 7 2 2 1 1 3 2 2 1 1 1 1 1 4 1 2 11 2 1 3 2 1 4 2 12 3 2 2 1 1 1 2 1 3 2 1 2 1 13 8 1 1 1 1 10 1 3 4 1 1 4 2 3 1 1 2 183 1 2 1 1 2 2 21 1 1 3 2 1 4 1 2 3 7 1 4 4 2 1 5 1 2 3 2 1 2 2 8 2 1 4 3 11 2 4 3 3 1 59 2 1 1 4 1 4 2 3 3 2 1 1 1 17 2 3 1 2 1 2 5 1 1 2 1 2 2 5 1 2 2 7 5 2 1 3 1 1 1 1 1 1 4 1 1 1 1 1 4 13 36 10 6 7 1 1 2 3 1 2 1 2 6 6 3 2 3 1 2 52 1 2
1 1 2 20 10 2 1 2 2 8 1 2 1 7 1 8 98 1 1 3 1 8 1 1 1 1 1 13 2 3 14 2 1 2 30 1 1 2 1 1 1 3 8 3 1 10 1 1 1 2 2 1 1 1 2 1 1 1 3 2 2 2 2 2 1 1 1 2 3 3 3 21 1 8 2 1 1 2 90 29 3 1 1 1 3 8 1 2 3 4 2 1 1 3 1 2 1 3 1 3 1 1 7 10 3 3 3 2 1 1 1 1 2 5 8 3 4 1 3 12 4 1 10 3 9 1 2 2 4 1 1 14 16 3 3 1 3 1 3 1 1 2 8 4 1 2 3 1 8 2 4 1 16 1 3 1 1 1 1 9 4 1 2 7 2 2 1 1 5 2 1 2 1 2 4 1 1 1 2 1 2 2 3 5 2 3 6 2 1 2 1 4 4 2 2 3 6 1 1 3
1 1 1 3 19 1 2 6 7 1 1 1 5 2 1 1 1 31 8 4 10 3 1 1 2 1 6 1 39 2 4 1 1 16 2 1 1 4 6 2 2 3 2 1 2 18 36 2 1 1 5 2 3 1 15 2 3 1 1 2 1 1 3 2 1 2 1 4 1 10 1 1 1 3 1 9 64 3 4 1 4 1 9 1 1 2 2 2 1 2 3 6 2 6 191 2 3 1 7 57 5 2 3 1 4 1 3 3 1 2 1 43 4 2 7 1 2 2 25 3 28 2 1 2 1 1 27 76 2 3 2 2 3 2 4 4 1 1 1 5 3 2 2 1 3 1 2 3 3 2 1 2 2 2 2 3 1 2 1 1 1 2 16 5 2 3 1 148 1 20 2 1 14 1 3 2 6 3 1 1 1 2 3 3 2 1 2 24 2 1 1 1 1 2 1 1 1 4 12 11
4 3 1 1 1 1 1 2 2 2 2 2 6 2 4 2 37 1 4 10 9 11 3 2 3 2 8 2 1 2 2 1 3 465 1 1 4 103 1 5 3 3 1 12 1 1 6 1 1 11 1 60 2 1 6 1 1 16 1 3 2 3 2 5 2 1 6 2 2 1 29 23 5 2 7 1 2 3 6 1 2 1 1 1 1 9 1 18 17 1 1 2 6 27 4 6 2 16 3 3 1 1 2 1 6 5 1 1 10 2 1 1 1 4 2 3 1 1 2 3 2 1 1 1 3 2 1 1 2 1 2 1 3 2 1 6 1 1 3 4 21 1 12 6 2 3 30 4 1 1 4 1 5 1 7 1 20 2 4 4 4 2 1 2 3 3 3 2 2 2 1 8 1 1 2 5 1 1 1 25 1 10 2 16 1 2 8 2 2 1 2 6 10 1 3 1 2 1 2 2
1 9 108 2 1 55 11 317 4 2 2 5 75 3 1 2 1 11 2 4 1 1 6 9 1 4 1 1 1 1 5 1 1 3 3 3 1 5 8 1 3 27 17 2 2 1 2 2 1 1 1 16 1 31 2 4 2 10 2 2 2 2 16 13 2 61 2 5 1 2 1 1 1 4 6 1 28 2 1 3 3 2 19 1 4 2 25 4 2 2 1 1 2 1 2 2 1 1 1 2 10 1 4 14 3 1 2 1 2 5 1 7 1 7 1 5 1 1 4 7 2 3 16 1 20 3 3 17 2 2 1 1 2 3 1 2 5 2 15 4 10 9 2 2 2 2 2 1 62 2 2 8 2 10 2 5 10 2 2 3 1 5 1 46 3 1 3 1 1 4 1 5 1 1 3 1 2 2 2 2 89 3 1 30 1 2 5 1 2 6 3 13 1 2 1 3 1 2 1 13
2 1 37 1 2 6 11 5 6 2 1 2 27 1 3 2 4 1 2 2 1 1 135 5 2 2 4 6 2 3 5 2 4 4 2 1 62 1 2 4 3 2 5 1 1 2 1 4 2 1 1 1 1 6 4 2 2 11 8 2 1 3 7 2 2 3 2 1 2 1 1 1 2 27 2 9 2 349 37 8 3 10 7 24 2 3 2 4 2 6 2 18 1 1 1 9 2 31 2 6 1 3 5 41 2 2 3 6 1 1 2 3 1 1 1 2 17 3 1 1 2 3 12 2 14 1 1 1 2 127 1 7 1 1 2 1 2 9 3 2 1 2 1 1 1 4 1 3 20 1 1 13 1 2 8 24 2 8 3 1 1 11 1 2 1 5 3 1 1 2 2 1 2 2 4 2 9 2 1 3 6 6 3 2 1 2 14 4 2 1 2 1 2 1 1 1 1 7 1 1
9 1 1 3 3 1 51 32 58 1 2 5 2 1 3 1 2 2 3 3 1 2 4 3 2 7 2 24 6 3 3 2 22 5 1 2 5 2 3 5 2 2 2 2 2 2 1 1 15 1 4 2 3 3 3 2 2 4 3 1 2 1 2 1 7 2 9 8 1 2 1 3 2 2 14 2 4 2 11 1 1 1 1 2 2 1 2 1 3 4 2 2 32 1 19 2 2 1 2 4 6 2 3 2 2 1 1 2 3 2 1 35 4 1 1 1 3 3 41 184 6 1 1 2 4 1 15 6 2 12 1 15 1 2 2 4 2 2 4 3 1 5 2 1 2 5 3 7 4 1 1 14 79 1 5 2 2 1 1 2 1 2 2 1 1 2 1 6 12 1 11 2 18 1 3 2 2 1 1 2 4 4 5 2 2 2 4 5 1 2 1 28 2 1 24 1 2 2 16 1
4 2 8 7 2 2 3 2 1 4 4 3 1 2 1 2 2 1 2 20 1 1 2 12 1 2 2 2 1 18 6 2 9 2 2 1 1 5 1 6 8 2 1 167 1 2 5 2 144 1 3 1 9 5 2 2 2 4 24 2 1 1 3 7 2 57 1 1 2 14 2 3 1 2 2 10 4 2 1 20 1 1 3 2 1 2 21 63 1 1 3 1 2 1 2 3 4 2 2 2 2 2 4 5 15 1 2 4 3 3 1 2 1 3 1 1 2 11 10 2 1 2 1 1 3 2 2 8 2 3 1 1 3 2 3 1 2 4 1 3 2 41 1 1 4 1 1 4 1 6 1 1 1 5 2 1 2 1 45 3 1 1 1 2 1 1 2 2 3 1 3 2 1 5 2 2 4 1 1 2 4 9 1 3 2 1 1 2 2 1 1 37 2 2 1 1 1 1 4 2
2 2 3 6 3 1 1 3 2 1 1 48 1 2 3 3 5 8 3 2 2 3 61 2 1 1 2 18 50 1 3 2 2 1 4 3 3 4 8 49 14 4 2 1 2 1 3 1 2 9 6 3 4 1 1 1 1 8 2 1 40 2 1 5 5 1 1 1 2 5 6 27 1 6 7 1 2 3 4 1 129 2 1 1 4 1 1 2 6 2 2 2 3 2 1 2 1 9 1 3 1 2 4 6 3 1 1 7 2 2 9 2 1 2 4 5 1 7 5 1 6 2 1 2 2 1 2 1 2 15 1 10 1 1 2 1 1 7 2 10 3 2 1 6 2 2 2 9 2 30 7 1 7 1 1 2 3 36 3 1 2 2 1 2 14 1 2 1 1 2 2 1 1 1 2 4 1 1 6 4 9 1 1 2 1 1 14 4 4 2 4 1 1 1 4 2 1 3 2 7
2 24 2 1 1 1 1 2 2 1 2 1 9 2 4 1 1 2 2 3 3 2 2 1 4 2 11 3 2 8 4 3 18 2 7 4 12 1 1 1 1 2 2 21 5 2 15 2 4 88 1 2 1 5 1 1 3 3 1 1 4 2 1 1 9 1 1 3 3 1 1 4 2 2 1 1 3 2 2 2 2 8 2 4 1 3 2 122 1 1 2 2 1 2 5 2 3 1 41 3 2 4 1 1 2 170 2 2 1 3 6 8 1 1 1 9 3 4 3 13 2 3 2 6 21 4 4 3 8 2 1 2 1 1 5 2 2 1 2 1 3 8 1 11 12 5 1 2 2 1 1 7 2 1 2 2 9 1 2 2 1 4 3 40 1 1 2 2 1 13 5 1 1 42 1 1 1 1 1 7 2 1 1 2 4 1 5 1 5 1 20 1 5 5 1 3 1 8 8 2
1 1 3 3 2 7 2 7 5 2 2 6 4 2 6 3 1 7 2 2 2 237 1 6 2 1 9 4 2 1 2 1 143 2 2 5 1 2 2 4 6 6 1 11 1 17 2 2 2 1 3 1 1 2 29 2 5 2 2 1 3 2 11 5 1 6 7 18 5 1 5 2 4 2 2 2 1 2 1 1 3 34 1 2 6 4 1 2 2 7 1 4 68 11 6 1 1 1 1 3 1 2 11 2 2 3 7 4 2 2 5 1 13 4 1 3 3 1 2 3 8 1 1 2 2 1 2 4 1 5 4 3 1 2 2 20 22 3 2 1 6 2 2 1 3 1 3 2 2 3 6 1 1 22 4 15 3 6 2 1 1 1 2 1 1 2 2 2 1 2 1 2 1 2 2 11 2 2 2 2 1 19 1 1 2 1 5 1 3 2 2 1 14 1 1 2 1 3 10 2
2 1 1 3 2 2 30 5 1 1 2 2 1 7 1 1 1 13 2 2 39 6 1 1 1 3 1 2 2 3 1 4 4 4 1 4 2 2 2 1 13 4 1 2 1 10 1 1 5 3 1 1 3 18 4 1 24 2 3 3 17 1 3 1 14 2 2 1 3 1 1 2 2 1 1 6 2 1 2 1 1 2 2 1 1 2 1 1 12 3 3 189 1 21 3 2 3 5 2 2 2 2 4 3 102 2 6 7 2 1 4 1 1 1 1 1 1 4 1 2 2 9 2 4 12 1 1 231 5 3 1 3 2 6 2 2 3 2 1 1 2 3 2 1 3 2 2 1 2 2 3 6 5 2 2 2 3 2 6 3 2 1 1 2 2 2 3 3 1 2 4 3 6 2 2 6 1 2 2 2 7 2 2 1 2 2 2 2 4 2 1 2 3 1 1 3 3 2 1 3
6 19 22 1 2 2 2 3 1 3 1 2 2 7 1 1 3 54 13 8 22 1 2 1 1 2 1 2 2 2 9 6 5 1 4 2 2 23 1 2 2 1 84 2 1 4 1 2 1 2 3 1 2 3 3 1 1 8 1 1 8 1 2 1 3 2 4 4 1 1 1 1 3 2 2 2 1 3 2 1 2 3 1 2 1 3 8 2 3 1 1 3 1 2 1 1 1 9 1 24 1 2 4 2 64 1 1 8 1 1 119 4 2 1 1 8 1 2 161 53 1 10 4 1 1 3 2 3 3 2 1 1 1 27 1 3 3 25 2 2 3 2 2 1 2 1 5 1 1 5 7 1 3 1 4 1 7 2 15 22 2 5 1 2 3 2 8 14 8 2 2 12 2 1 4 2 3 1 2 1 6 1 2 1 2 4 3 3 4 2 2 1 2 3 2 1 4 1 10 8
4 2 15 1 2 1 1 1 2 1 1 2 2 2 1 3 3 31 1 3 1 6 4 2 3 1 2 7 9 1 1 1 2 3 2 1 1 4 1 1 1 1 2 2 21 2 18 3 1 1 5 2 3 1 4 2 3 1 2 1 1 2 5 1 4 3 7 11 1 2 1 3 2 1 3 2 3 1 1 2 4 1 5 1 1 1 2 3 1 37 2 1 12 3 3 2 208 1 1 2 1 2 2 1 2 3 2 4 41 4 2 1 3 26 408 13 1 1 18 1 1 1 1 2 1 1 6 2 4 1 3 3 2 3 1 7 1 1 1 2 1 3 1 1 1 8 3 1 1 14 44 1 2 4 2 1 23 1 1 1 6 2 4 21 4 1 1 4 130 2 2 2 2 11 2 1 1 3 2 4 2 1 1 1 6 3 3 2 3 1 4 1 6 5 4 2 4 2 15 1
2 2 4 1 7 3 7 3 2 4 217 81 2 3 2 1 2 10 4 3 2 5 2 4 1 2 2 4 1 3 2 1 1 3 1 1 24 2 8 9 1 1 1 7 1 2 2 1 3 1 2 2 3 2 2 7 1 12 1 1 1 2 6 1 5 4 4 1 1 2 2 15 2 2 6 14 3 2 5 1 1 2 2 15 2 2 1 1 2 1 4 1 14 4 1 8 3 3 3 2 3 2 1 5 3 64 3 51 1 13 1 2 5 1 4 11 9 1 1 16 1 81 9 3 29 2 4 2 1 2 1 16 3 1 51 3 7 1 9 1 2 23 1 76 2 3 1 1 1 5 2 2 1 2 3 5 17 1 3 4 1 39 2 16 12 2 2 2 4 2 2 1 2 7 1 2 4 7 1 1 2 1 2 2 2 2 4 1 1 3 3 4 1 1 1 8 2 2 20 1
1 42 1 24 1 2 1 2 5 3 1 16 7 4 2 1 3 3 3 1 1 1 7 3 1 2 2 11 2 2 1 5 2 4 3 15 3 2 2 1 1 11 1 3 1 1 5 1 1 5 1 2 1 5 12 3 5 4 6 23 1 2 1 1 3 2 4 1 4 1 5 1 1 3 4 1 2 3 1 2 2 1 22 3 3 4 1 1 4 2 1 1 2 2 1 2 1 1 1 1 1 7 3 1 2 1 4 1 11 8 4 6 2 2 1 5 4 2 1 3 1 3 1 2 2 5 1 12 5 2 1 2 1 2 1 281 3 3 1 2 4 28 45 1 2 1 1 1 4 2 3 2 2 1 2 2 5 8 13 2 1 2 2 5 1 1 2 5 1 4 2 4 6 2 1 1 2 1 2 1 5 1 5 4 5 9 1 1 2 2 25 2 3 2 4 2 5 1 1 1
1 3 1 3 2 1 9 7 2 12 2 2 2 2 1 8 1 2 2 8 5 1 3 2 1 1 2 2 14 3 2 88 2 1 1 9 1 2 3 2 2 1 4 2 2 2 2 4 2 6 1 3 3 9 3 2 2 2 2 1 1 1 3 21 1 1 1 27 1 6 5 2 4 28 1 2 2 2 1 2 1 2 2 1 3 1 3 2 1 1 1 3 3 2 1 2 4 8 2 4 3 1 3 1 2 1 1 2 1 1 38 24 2 1 2 1 15 4 4 1 5 31 5 2 1 4 1 1 1 7 1 2 2 1 2 5 2 1 1 1 8 1 2 1 3 2 1 2 1 2 13 3 18 12 2 2 2 3 2 2 4 2 3 1 2 2 2 9 6 3 16 2 3 2 2 1 1 7 1 2 2 38 2 2 30 6 3 2 2 1 5 12 18 2 7 2 1 30 8 3
2 64 6 19 3 1 1 1 1 3 2 2 67 2 2 1 2 1 41 1 31 2 5 1 1 2 9 1 11 2 5 2 6 1 20 7 2 3 1 2 5 1 2 3 5 1 2 3 2 3 4 33 8 4 1 19 1 1 3 12 8 2 2 1 2 3 2 3 1 7 1 1 1 5 3 8 2 7 3 2 26 7 10 101 1 2 2 6 7 5 2 1 2 4 1 2 2 4 2 7 2 2 1 1 6 1 1 2 2 16 2 1 1 1 2 1 2 20 4 3 46 3 8 1 2 4 2 1 5 9 1 2 5 4 7 4 2 2 3 9 1 3 471 2 2 13 1 10 1 9 16 3 1 16 1 2 1 2 2 1 9 1 1 3 4 2 9 1 2 16 1 2 38 7 3 1 19 2 2 2 2 18 1 3 3 4 1 12 2 6 1 2 4 1 2 2 2 1 1 2
1 2 2 1 2 36 4 2 1 3 1 1 31 3 1 2 1 1 2 2 4 1 6 3 8 2 1 14 1 1 2 35 9 2 1 5 1 4 1 2 272 1 3 2 15 1 8 3 27 3 1 13 2 1 1 2 62 2 1 1 1 2 1 1 2 2 3 1 3 2 3 2 1 4 1 1 1 5 1 1 2 4 18 2 2 2 2 1 6 1 32 1 1 1 4 1 2 3 2 8 1 4 3 2 2 2 23 9 5 3 2 5 1 1 14 1 7 3 9 3 10 13 2 5 2 1 56 1 2 1 2 2 1 1 4 1 1 1 2 1 47 1 4 34 3 1 2 3 7 43 5 3 6 4 4 1 3 5 3 8 2 42 2 2 1 13 1 3 1 1 3 2 1 3 3 1 7 2 3 2 4 1 26 5 2 1 5 4 2 54 4 7 2 2 2 1 3 2 1 2
