200
153 227 445 262 115 376 246 332 430 407 395 433 184 464 331 376 452 123 427 355 138 183 216 285 382 125 279 205 249 187 324 253 374 444 349 238 126 199 393 137 314 259 239 278 166 478 255 311 412 358 277 484 407 158 344 129 163 334 332 206 225 340 399 176 151 267 186 173 391 131 334 233 104 103 374 284 360 298 249 294 161 402 388 219 291 406 473 165 440 265 431 333 184 458 395 450 248 304 146 201 206 321 426 259 474 426 227 198 230 232 244 355 280 357 419 476 142 206 242 414 299 161 119 442 475 255 277 447 310 384 107 468 420 384 127 306 155 228 122 341 321 147 439 353 339 315 286 350 253 223 186 428 232 433 299 445 288 325 179 166 388 382 377 394 180 112 117 475 216 485 322 290 155 464 224 432 408 494 382 332 315 114 370 434 108 430 146 417 456 230 283 457 225 149 370 375 376 183 440 210
4 3 5 2 2 5 3 5 3 4 5 6 2 2 3 5 4 2 2 1 1 2 1 1 3 6 4 5 3 2 4 3 2 6 1 6 3 2 2 6 5 6 3 4 6 6 5 1 2 4 5 6 1 1 3 1 4 4 3 3 6 2 3 1 5 6 1 5 6 4 6 2 2 5 2 1 4 5 6 6 2 6 3 4 1 6 2 6 3 4 5 3 3 6 5 3 3 3 4 5 1 3 5 2 3 6 3 1 2 4 5 3 1 6 1 5 4 1 1 6 5 3 6 3 2 6 4 3 4 5 5 2 2 4 6 1 6 5 5 3 1 3 5 2 5 2 1 1 4 2 2 1 4 3 3 3 3 6 6 2 5 4 3 2 5 1 5 1 1 1 1 5 1 3 2 5 2 3 5 5 3 5 5 4 3 4 5 5 6 3 1 2 3 6 3 6 6 2 5 2
2 3 2 4 1 1 5 2 2 2 1 1 10 2 1 19 1 3 1 2 1 1 5 2 2 1 4 1 3 11 1 1 1 15 2 3 2 3 1 6 1 10 1 1 5 3 1 4 7 1 1 3 1 2 1 1 3 4 1 1 8 1 1 1 1 51 1 1 12 1 1 1 1 28 8 2 1 23 11 8 2 2 1 2 1 3 1 1 2 1 3 2 1 1 1 3 1 2 3 2 12 2 1 1 1 2 2 5 1 1 3 1 1 6 1 3 4 1 3 2 1 2 3 12 1 1 1 1 3 1 5 20 2 107 1 1 3 2 9 4 2 7 2 1 2 6 16 6 6 9 1 1 3 4 3 4 1 76 2 2 1 89 2 3 5 2 3 3 3 8 2 21 1 1 18 3 3 2 5 2 1 1 2 2 2 1 3 2 1 2 2 4 11 7 1 1 4 72 4 1
1 2 1 7 1 1 4 2 3 8 2 6 2 2 12 2 1 8 1 1 1 1 1 1 1 1 4 2 1 2 1 4 2 3 5 3 1 3 1 1 1 1 4 4 2 1 1 5 1 1 16 4 7 14 1 1 1 1 1 1 6 3 2 5 1 1 2 2 2 4 3 10 1 2 1 3 2 2 2 3 2 3 1 5 1 1 1 1 1 3 2 3 2 1 2 2 2 1 3 5 2 4 2 2 5 2 3 1 2 3 3 1 4 1 10 1 5 6 2 1 14 1 4 2 1 1 1 2 1 1 4 2 2 1 1 1 1 5 5 61 2 3 5 6 1 6 2 1 92 1 2 8 6 2 2 1 10 2 2 2 49 7 2 5 1 2 9 2 10 1 3 1 1 1 1 1 3 5 1 1 1 6 2 3 7 4 4 2 1 3 1 2 1 21 1 1 2 1 7 4
7 4 1 2 1 3 1 2 1 1 4 18 27 3 2 6 1 5 2 1 7 2 1 4 2 1 2 2 3 2 2 5 4 1 3 2 2 5 3 1 1 7 2 5 3 1 138 4 5 32 2 1 7 3 1 18 6 1 1 1 2 1 3 2 1 1 1 3 5 2 1 25 3 7 2 1 8 3 1 3 3 4 2 5 7 1 1 2 7 1 7 3 3 1 1 6 1 3 21 6 3 10 1 241 1 1 1 3 2 4 5 4 1 2 5 1 6 1 1 15 1 7 85 10 1 5 2 4 1 2 2 12 2 2 2 14 30 4 2 16 2 2 1 3 1 6 2 13 2 1 1 2 35 2 1 1 3 1 2 13 2 1 7 7 1 25 11 1 11 1 2 2 1 1 4 2 1 1 1 4 1 7 1 3 2 1 1 41 1 1 2 1 37 36 10 5 2 26 5 1
2 8 3 8 14 2 3 2 3 3 3 1 5 8 3 1 3 1 1 5 1 1 3 1 2 2 1 1 2 2 1 2 2 3 1 1 7 5 2 1 1 1 1 6 5 14 1 2 1 9 1 1 1 3 3 3 1 4 2 1 16 4 2 23 1 106 40 4 3 1 29 4 2 2 1 1 5 1 1 2 2 10 2 2 2 12 4 1 8 1 1 2 2 1 2 10 1 2 2 6 4 47 2 1 2 2 4 14 2 3 11 1 2 1 2 1 2 3 2 1 2 3 2 2 12 42 2 1 2 47 1 2 1 62 6 9 1 6 19 6 2 1 5 5 1 6 2 5 3 5 2 2 2 3 3 3 66 1 3 1 1 5 2 3 4 1 9 5 3 2 4 1 1 1 1 3 5 3 1 7 3 5 6 8 2 1 1 5 1 2 6 1 2 1 1 2 2 6 3 13
1 1 1 2 4 1 1 2 2 4 1 4 2 2 1 1 11 1 1 1 2 4 2 7 34 2 1 1 1 1 3 1 2 2 1 4 3 8 3 3 4 2 1 38 3 4 7 8 1 16 1 3 6 27 11 2 4 4 2 1 2 1 2 1 2 2 4 1 1 3 3 1 2 1 6 6 6 1 3 2 14 2 3 3 5 1 4 1 1 2 12 1 1 1 2 10 3 2 1 1 7 3 1 1 6 3 1 2 1 2 2 4 4 3 2 1 1 4 2 2 1 4 3 5 3 1 1 6 3 2 1 2 14 2 7 3 2 1 3 2 2 1 3 4 7 3 2 35 1 1 3 2 2 2 1 1 7 1 2 25 2 2 1 3 1 4 1 2 3 1 1 2 1 4 2 2 3 1 2 1 1 6 1 1 4 2 1 78 1 5 79 2 1 5 2 1 1 3 1 1
31 3 3 2 2 2 1 1 2 1 2 2 1 13 1 2 3 8 2 2 1 6 2 8 2 1 4 13 1 2 1 1 2 5 7 203 2 3 2 3 1 4 2 1 1 2 4 1 3 1 1 2 2 2 1 4 1 4 1 5 2 5 3 1 8 7 2 2 2 1 1 2 98 1 2 1 2 7 5 6 1 6 9 2 1 3 1 1 1 1 3 1 5 5 1 2 1 4 1 1 6 1 2 1 2 2 4 23 1 2 1 1 13 2 5 1 3 1 2 1 1 1 1 1 2 3 1 2 1 2 1 1 1 3 1 13 1 1 2 1 3 2 1 3 1 1 1 1 1 3 1 4 1 1 1 2 2 1 1 2 3 1 1 11 4 1 4 4 1 30 2 2 1 2 4 1 8 3 3 12 2 2 1 1 1 1 3 7 1 16 20 3 1 4 2 4 4 5 33 1
3 2 2 2 11 1 1 4 2 4 1 1 1 1 2 2 1 2 4 6 6 2 7 2 2 2 3 1 36 3 2 2 4 132 1 2 3 6 1 2 1 3 1 10 2 3 2 4 2 2 3 2 1 1 16 1 1 2 3 3 2 2 1 2 4 2 3 1 1 3 1 13 2 4 3 1 2 1 2 4 2 8 1 2 3 10 1 3 1 2 2 1 1 2 6 2 4 1 7 1 1 1 2 1 1 19 3 1 1 10 4 2 2 2 4 1 2 3 9 3 5 1 1 1 2 12 1 3 1 2 2 9 2 3 19 8 1 1 5 4 3 1 2 1 7 4 1 2 4 1 2 2 3 1 1 1 4 1 4 1 5 2 1 19 2 1 2 2 1 2 47 3 9 2 1 9 2 1 1 1 2 3 7 2 1 6 2 4 1 2 2 1 3 7 2 3 7 1 2 3
2 4 1 3 48 4 1 2 3 11 4 1 5 1 2 23 5 1 2 1 1 4 13 3 3 2 29 1 4 1 4 2 1 1 74 1 1 3 2 3 3 1 1 10 6 1 1 1 20 2 2 1 1 1 3 1 1 1 1 2 9 2 1 1 3 1 5 1 2 5 68 2 11 5 18 2 6 1 3 1 1 1 2 1 3 1 17 8 1 2 1 8 2 2 1 2 2 2 2 2 2 53 1 2 16 1 19 5 32 1 2 3 2 1 1 2 3 1 1 3 138 2 2 1 1 2 1 1 1 1 1 2 2 1 2 2 1 2 6 1 1 2 1 1 3 3 2 1 2 1 10 1 144 3 2 1 4 8 1 1 1 1 2 1 6 3 4 2 2 1 2 18 1 2 1 6 2 1 1 14 4 2 2 1 2 2 2 1 1 4 3 5 6 3 29 2 1 1 4 3
4 1 4 3 10 1 1 16 1 1 1 2 2 6 1 27 1 1 1 1 2 2 5 1 3 2 2 1 2 2 6 2 2 1 2 1 10 2 2 1 3 2 1 2 2 1 1 10 2 1 12 9 2 1 2 2 1 3 1 1 1 38 2 1 2 2 1 3 1 2 42 8 1 1 2 6 3 1 5 2 1 1 1 2 3 9 1 3 2 2 5 3 1 1 1 1 41 6 4 2 1 2 1 10 2 2 1 2 2 22 2 1 42 1 1 1 2 3 4 3 1 2 5 21 2 1 1 3 2 6 6 1 3 3 3 2 6 5 2 6 1 2 97 14 2 1 3 2 3 1 43 2 1 4 1 7 7 6 1 11 1 8 3 6 2 1 16 1 11 2 4 1 23 2 1 1 2 1 1 2 4 3 1 7 1 1 5 2 1 2 4 59 1 1 1 7 4 4 6 1
1 2 1 1 3 3 1 1 1 2 1 1 1 8 2 2 2 1 21 9 4 5 11 1 1 5 2 2 2 1 3 74 3 2 1 1 4 2 2 2 3 2 9 5 2 1 10 3 1 4 6 1 1 11 9 2 3 2 1 2 1 3 1 6 3 22 1 1 2 2 1 3 4 5 1 1 11 1 3 2 5 1 4 4 2 2 1 5 4 1 8 22 2 1 2 3 2 1 2 3 8 3 3 4 1 1 1 2 4 1 1 2 2 1 4 1 1 4 1 1 3 4 21 6 26 2 1 1 1 2 2 1 34 1 4 2 3 1 18 5 2 8 248 2 1 4 1 4 1 1 3 2 3 35 1 1 4 3 2 6 1 5 1 1 7 1 4 3 4 1 4 12 2 2 1 3 8 9 1 2 1 6 2 4 2 2 2 1 7 1 2 2 4 3 2 4 4 1 1 2
2 4 4 1 10 1 1 1 2 1 2 1 15 117 5 2 3 3 3 34 1 16 5 2 3 1 1 1 1 1 1 1 11 2 1 1 4 5 2 6 3 1 5 6 1 2 2 29 1 6 1 1 3 1 3 6 1 1 1 1 1 1 1 1 10 4 12 3 3 1 1 6 2 1 34 1 1 1 4 22 4 4 6 14 1 2 3 4 1 2 1 10 5 1 5 1 3 3 1 11 3 2 6 1 2 1 5 2 1 4 1 2 4 2 3 2 1 2 1 10 2 2 68 3 1 1 1 5 3 2 6 1 27 3 2 4 1 3 1 2 2 10 2 2 1 1 7 1 2 1 4 4 2 4 2 3 1 1 2 1 4 2 2 4 2 1 1 1 35 2 2 2 3 70 2 1 3 2 5 15 2 2 7 3 7 109 2 4 33 6 3 3 3 2 2 4 13 1 2 1
12 1 4 4 1 5 5 1 2 2 2 3 1 2 2 1 1 1 2 2 2 1 7 6 6 2 1 2 1 1 6 1 2 3 12 2 2 21 2 11 1 7 1 10 3 2 4 2 1 2 3 2 1 1 5 1 2 1 2 1 12 1 2 3 9 1 2 1 1 1 2 3 1 4 1 4 11 1 1 1 3 2 5 2 18 3 26 2 1 2 4 4 1 2 2 2 6 7 3 1 1 1 1 1 7 8 1 11 2 5 3 3 1 15 10 2 2 1 7 1 5 1 8 1 1 8 4 1 1 11 1 6 6 15 2 6 10 5 1 18 1 1 4 2 1 1 1 1 4 1 5 1 1 2 2 1 2 7 1 1 6 1 10 4 2 1 3 1 9 2 13 1 3 4 2 1 1 2 2 4 3 1 10 2 3 2 3 1 10 1 14 2 4 2 1 2 1 2 1 2
1 1 2 4 2 4 2 8 17 2 1 7 4 4 1 2 2 3 1 51 1 4 2 5 2 2 12 1 1 2 1 1 1 3 3 3 2 2 1 5 1 21 9 3 13 1 1 1 1 2 1 12 1 1 2 16 4 3 3 5 1 2 2 2 4 2 1 2 2 3 1 2 2 1 1 2 1 1 3 5 6 4 1 30 3 9 2 4 3 2 8 8 2 8 4 1 1 1 2 3 1 2 1 5 1 1 1 3 6 2 2 2 2 9 5 1 5 9 2 3 2 2 2 1 3 2 2 2 1 2 2 2 3 2 1 1 1 1 3 2 1 2 14 63 2 1 2 2 1 3 2 2 1 3 2 4 3 2 3 1 5 3 1 1 1 2 2 4 30 8 2 4 3 14 1 4 1 2 5 2 14 1 2 13 2 3 4 1 2 18 2 2 2 4 13 5 1 2 2 1
2 4 3 3 2 1 1 1 5 1 2 2 7 2 1 1 1 2 1 3 1 13 2 103 1 2 2 2 1 3 2 3 6 1 1 1 3 12 5 8 2 16 1 1 1 37 2 2 2 2 2 1 1 6 1 2 5 3 2 18 1 1 3 5 1 31 1 1 17 10 14 10 1 2 5 21 16 1 2 5 1 23 1 1 1 3 1 3 1 3 3 9 1 2 8 2 2 2 3 2 5 2 1 1 5 2 2 4 9 1 1 7 4 3 4 2 1 3 2 1 3 4 1 1 4 1 2 2 1 2 10 19 2 5 1 2 33 10 4 2 2 5 13 1 2 3 4 1 6 2 17 1 3 2 2 1 24 3 2 3 23 1 2 1 49 2 3 7 1 1 2 1 2 1 2 1 1 1 1 1 1 44 5 2 1 3 2 1 2 3 3 1 5 9 1 2 3 2 2 2
3 1 3 1 1 1 2 3 2 3 3 2 1 2 1 18 14 2 2 4 4 2 1 1 1 6 8 5 2 1 3 1 1 2 2 2 2 3 5 4 4 8 2 28 2 2 1 2 5 6 14 1 1 1 3 4 4 1 2 1 2 3 2 1 5 1 1 2 2 2 1 1 7 2 2 11 1 2 1 2 17 398 2 2 2 4 1 1 1 2 1 1 1 18 5 1 8 1 6 2 2 3 1 4 1 1 2 33 2 1 1 1 21 1 2 3 2 4 1 1 1 2 5 4 4 1 1 1 2 2 9 11 1 2 3 2 24 1 4 2 19 5 1 2 1 1 1 1 6 1 2 2 4 2 2 3 7 2 111 2 10 3 2 1 11 1 21 4 1 1 4 3 5 1 15 9 4 3 2 2 2 2 3 1 5 1 2 2 1 2 3 2 2 9 1 2 3 3 1 4
2 1 2 1 3 2 1 8 19 2 2 2 2 2 1 1 4 4 1 2 7 1 6 1 3 1 15 2 2 1 2 2 11 1 1 3 3 1 1 1 4 2 1 2 4 4 1 13 1 3 1 1 1 3 2 1 2 6 1 2 4 2 1 8 2 2 7 1 1 1 3 16 5 1 2 2 1 2 1 1 6 5 11 1 4 2 1 4 3 1 1 1 1 2 203 3 1 6 2 1 7 2 1 1 1 2 8 2 1 2 3 6 5 2 8 6 1 2 2 2 3 4 6 7 4 4 1 1 1 4 5 1 2 2 4 2 2 1 1 3 2 28 2 1 29 4 2 1 1 20 3 1 1 2 9 1 7 2 2 2 2 4 3 1 1 1 3 2 8 1 5 6 1 2 1 1 4 1 3 5 1 1 1 3 1 2 1 4 12 12 2 8 1 3 1 350 10 3 3 57
3 1 1 63 2 4 11 1 1 1 2 1 2 1 130 1 2 13 1 2 5 3 5 1 4 6 2 1 2 2 2 1 26 4 1 2 1 2 2 1 1 2 2 4 1 4 2 361 1 3 11 30 1 1 2 1 2 1 2 2 2 6 2 1 1 1 1 4 4 2 2 3 1 4 2 13 2 4 1 8 1 2 1 17 2 1 2 3 1 1 5 2 4 1 37 4 10 31 1 1 4 3 1 2 10 18 1 1 19 1 1 3 2 31 2 1 1 8 1 2 1 1 2 1 6 1 1 2 1 1 1 3 11 1 1 1 22 2 2 1 2 2 13 3 4 9 16 2 148 58 2 4 1 13 1 1 14 4 3 19 2 6 8 2 1 1 12 1 1 3 9 1 1 1 1 4 10 2 1 48 68 2 1 7 2 2 2 2 2 1 1 2 2 7 2 5 1 3 1 4
2 2 2 2 1 3 1 1 1 1 1 2 1 1 1 3 2 1 1 6 4 1 6 3 8 1 3 2 2 2 1 47 2 1 1 15 2 1 3 4 2 1 4 1 1 1 3 2 1 2 3 3 1 1 5 65 3 3 3 4 6 1 5 7 19 18 3 3 3 1 2 2 3 11 2 2 1 1 1 3 7 16 6 1 43 3 6 39 1 2 2 1 2 1 1 2 4 1 4 2 1 1 1 2 2 2 2 11 2 1 1 1 11 1 1 2 7 1 11 3 23 1 2 1 1 3 6 3 1 1 2 2 15 2 1 40 1 3 1 1 1 13 1 1 2 1 2 9 1 2 2 40 2 3 2 5 9 2 10 3 1 1 2 2 1 1 3 11 5 97 3 2 2 1 5 4 2 3 3 1 3 1 1 32 2 2 1 2 1 2 1 67 1 2 2 133 1 2 2 1
1 1 2 18 2 1 1 1 1 258 4 44 1 7 1 2 12 2 3 1 2 9 1 1 1 2 3 1 7 2 1 3 1 11 1 18 2 2 3 24 2 2 5 1 1 1 1 2 1 4 3 25 2 1 13 18 2 1 1 1 2 2 2 1 1 3 9 4 1 2 21 3 2 6 1 2 1 9 3 10 1 10 1 3 1 1 13 4 1 1 7 3 3 11 5 2 1 1 5 32 13 1 3 1 1 2 4 2 1 1 1 2 1 3 2 4 3 75 2 2 2 1 3 1 1 2 1 10 1 5 1 2 2 1 1 1 1 82 11 2 3 1 2 3 2 150 4 28 6 7 1 2 2 1 4 2 2 2 196 2 3 6 1 2 5 2 3 4 7 2 4 1 4 9 1 2 2 2 7 1 2 15 1 1 2 1 1 1 1 3 1 2 1 2 5 1 2 1 5 5
1 1 2 1 1 2 1 1 1 1 5 4 1 1 5 1 4 2 26 2 11 1 13 2 1 2 6 42 1 10 2 4 6 7 2 5 1 11 1 6 1 1 2 5 1 63 3 1 2 5 3 1 2 5 1 3 1 2 3 2 4 3 2 2 2 1 15 2 1 2 2 1 5 2 2 3 1 1 2 1 148 4 6 1 2 2 1 3 13 2 3 4 6 2 2 4 2 2 1 3 1 9 3 1 4 15 1 2 3 3 4 4 2 3 1 1 2 8 6 1 1 1 2 1 4 3 2 3 1 87 1 4 9 7 2 1 2 2 1 4 12 1 2 1 2 2 10 1 2 6 1 5 1 2 5 2 2 11 1 3 1 9 10 3 4 2 1 2 9 9 3 3 47 1 1 4 3 8 29 2 2 3 1 2 2 1 1 26 1 1 2 1 2 1 1 1 6 2 1 2
2 8 2 1 2 14 2 212 4 1 1 2 2 1 2 1 6 2 2 1 2 1 3 1 1 2 4 1 1 1 1 1 2 1 1 157 2 4 3 4 4 1 2 1 2 2 3 2 2 1 3 4 1 1 1 1 26 1 104 9 7 2 2 24 1 2 1 4 19 2 2 3 2 2 2 1 6 6 1 8 1 2 2 2 1 2 3 4 4 1 2 7 11 4 1 3 6 1 4 2 1 5 1 1 5 2 4 2 7 2 4 2 1 1 1 15 2 4 2 2 1 1 41 2 1 4 1 1 2 3 5 2 1 2 2 1 2 7 10 17 1 22 2 1 1 1 5 6 1 4 3 14 2 2 2 6 1 1 1 1 1 21 39 1 2 17 8 6 3 1 6 1 4 1 1 8 1 63 3 2 3 1 9 2 11 5 1 4 1 3 2 2 1 2 13 2 6 3 39 1
19 1 2 47 2 1 1 1 6 2 1 1 1 2 2 3 1 2 2 1 2 2 1 9 1 1 12 2 1 1 6 1 3 1 4 2 2 1 1 3 1 1 4 1 2 4 1 2 1 72 1 1 1 1 4 2 1 1 13 2 2 3 10 2 1 3 6 3 3 1 2 16 25 4 1 4 1 5 3 116 2 2 1 2 5 1 1 1 3 1 2 1 1 4 4 2 4 1 2 2 1 1 2 1 2 3 1 1 1 2 1 3 1 2 4 1 21 3 4 2 1 1 1 1 3 1 2 1 1 4 1 1 1 4 2 25 1 22 2 2 4 2 2 1 2 2 2 1 1 1 15 3 2 1 3 2 9 4 4 1 4 3 1 5 5 3 1 4 1 6 1 5 24 1 4 1 2 2 2 2 3 2 28 4 3 3 7 2 52 2 3 2 3 1 1 1 2 11 2 1
2 2 1 1 2 1 2 28 1 1 1 1 9 11 6 1 1 9 3 2 4 3 3 1 2 2 5 3 1 1 1 40 1 5 2 1 2 1 5 3 1 3 3 19 1 3 12 2 2 1 1 4 2 2 1 2 4 2 2 2 2 2 2 8 1 2 1 2 2 1 1 2 2 2 4 2 3 1 2 1 3 2 1 1 5 2 1 4 10 1 5 2 4 2 2 1 1 2 6 2 2 3 1 2 1 1 1 1 2 3 5 3 1 2 3 9 7 62 2 2 1 4 3 2 1 5 1 5 1 1 1 4 2 3 3 6 8 2 2 1 4 3 2 3 3 2 1 1 1 3 3 7 2 1 2 9 4 9 2 73 1 1 2 1 4 1 6 2 2 4 2 1 2 1 1 5 6 2 28 2 1 1 10 1 4 4 18 8 8 1 2 33 2 2 1 2 13 1 4 1
1 1 4 1 1 13 2 2 3 2 1 4 1 3 16 2 15 2 2 3 2 5 1 2 2 1 3 1 1 2 2 7 8 4 1 1 2 1 8 5 1 2 1 1 17 7 2 1 5 3 2 1 4 1 1 1 1 1 117 10 6 1 2 11 1 4 2 11 2 2 2 3 24 4 4 5 1 1 103 1 3 2 7 9 1 23 1 3 92 7 1 2 3 3 5 3 24 2 12 2 1 2 2 2 2 1 74 2 1 2 2 2 1 2 3 1 9 1 2 2 1 5 1 4 2 1 2 3 8 4 3 1 10 1 9 1 2 1 1 1 1 2 2 2 16 1 1 1 3 3 1 12 1 1 6 9 14 2 3 1 1 4 1 1 24 2 3 11 5 2 6 2 2 2 2 1 6 1 4 1 1 3 2 1 2 2 1 1 3 23 6 1 3 2 2 1 1 1 1 11
9 1 1 2 5 2 68 1 1 10 1 1 2 1 18 5 2 3 1 1 1 1 2 1 5 2 1 4 1 2 2 1 1 2 1 5 18 1 2 3 3 1 1 1 1 29 16 10 2 2 27 1 2 1 1 4 5 2 4 1 5 4 5 1 30 3 1 2 2 6 2 1 9 5 1 1 2 2 5 2 1 1 3 3 2 4 1 3 1 3 5 1 1 1 1 4 4 3 10 3 2 1 1 2 2 1 7 1 1 2 2 11 2 3 11 2 3 2 2 2 1 1 1 5 5 1 3 2 2 2 1 1 26 2 5 2 2 2 2 1 19 1 2 7 2 2 9 4 45 2 2 2 4 2 1 2 3 2 2 2 1 2 1 4 2 1 2 2 2 1 1 1 2 6 2 13 1 2 9 1 7 5 4 137 3 2 4 2 3 1 1 2 1 1 88 3 2 3 2 2
1 1 3 3 8 24 2 1 1 1 2 6 3 1 5 10 5 4 26 1 1 1 1 1 1 2 4 1 1 3 2 1 209 4 4 4 1 2 4 4 1 2 3 4 3 127 1 3 1 2 9 26 2 2 4 2 3 40 2 1 2 2 3 2 4 3 2 1 1 1 5 10 2 1 2 3 1 1 2 2 2 9 2 2 1 5 1 1 3 1 16 18 1 2 4 1 3 1 4 2 3 3 6 2 2 72 2 1 4 5 1 7 1 5 2 2 2 2 9 1 3 5 1 2 5 1 3 2 3 1 1 7 7 11 3 1 3 1 1 3 1 2 2 3 7 1 2 1 1 2 4 1 1 1 2 1 1 2 10 1 2 1 1 2 1 18 1 2 2 1 2 1 2 2 1 1 1 1 1 1 3 2 5 1 2 15 3 1 4 3 1 2 7 3 1 18 15 3 23 26
2 3 11 2 7 6 1 27 1 3 2 9 1 1 2 1 4 4 1 1 1 1 9 1 73 1 1 29 126 4 3 3 1 7 2 4 2 1 4 4 1 3 4 4 6 6 1 1 1 1 2 2 1 6 4 4 2 2 1 1 1 1 1 1 2 4 3 1 7 1 6 2 1 1 3 1 44 2 1 1 3 3 1 2 2 3 2 3 3 1 5 1 1 3 5 1 1 1 1 8 13 3 2 2 2 2 1 1 1 4 42 2 1 2 2 3 2 1 1 4 7 2 2 5 95 1 1 1 2 2 2 37 1 3 12 6 9 13 1 5 2 215 2 2 2 13 1 1 1 3 6 1 1 1 1 1 36 3 3 1 14 2 1 1 4 1 8 1 1 4 1 2 4 2 1 1 8 6 3 9 1 1 1 2 2 1 51 2 6 17 1 3 17 1 2 32 1 25 1 6
1 2 33 1 2 5 4 1 3 4 1 19 2 1 17 1 2 10 2 1 1 1 2 1 2 1 2 2 1 2 2 6 2 18 1 9 2 2 4 2 3 3 4 2 3 9 3 1 3 2 1 6 1 1 3 2 1 5 1 1 2 5 2 3 1 1 2 3 35 3 1 3 5 5 1 10 1 44 1 1 1 1 1 1 1 1 3 1 3 1 54 1 1 2 4 3 6 3 6 1 1 9 3 2 4 2 4 1 2 3 4 1 2 1 3 6 2 3 1 1 1 36 2 1 1 1 3 2 2 2 2 1 1 27 2 4 3 1 2 1 5 3 1 2 2 32 1 14 5 2 1 3 1 2 1 2 1 8 2 7 5 1 55 2 2 5 1 1 2 1 1 2 1 3 2 1 2 4 1 1 2 2 2 5 1 1 5 1 5 2 4 3 1 2 5 1 3 2 3 2
2 2 3 2 1 2 7 1 2 5 4 21 3 5 3 1 1 2 14 67 1 2 1 3 1 2 2 1 2 3 9 1 1 1 2 3 2 1 1 1 1 1 19 1 1 3 2 2 3 1 4 1 6 5 2 1 3 1 1 1 1 3 2 2 1 1 1 2 23 1 3 1 2 1 1 1 1 2 4 4 6 2 1 1 3 1 2 3 15 1 10 6 3 2 1 3 1 1 6 1 5 2 7 2 8 2 1 4 1 2 3 3 3 2 1 1 48 2 6 2 7 1 2 1 1 2 10 2 12 3 2 2 2 1 1 1 2 2 33 2 2 1 101 1 1 4 1 1 1 5 34 2 2 1 8 8 11 1 4 1 23 1 3 1 2 1 1 4 1 3 3 4 7 1 2 1 1 1 2 1 1 16 3 1 3 2 2 1 1 5 21 2 1 24 2 93 2 1 1 1
1 1 2 3 2 5 4 1 11 2 1 7 2 5 3 18 2 14 1 1 15 24 1 1 2 3 1 2 3 1 1 3 40 10 1 6 2 1 16 2 1 2 2 1 5 1 4 5 46 1 2 2 2 1 7 6 2 2 1 2 33 5 68 2 1 1 1 18 1 1 2 1 2 1 1 1 6 1 2 2 22 3 8 1 4 1 13 1 1 13 3 1 16 178 1 180 1 1 4 1 10 3 2 1 4 1 89 1 1 1 2 2 5 1 5 2 2 2 6 2 1 4 1 3 88 2 1 1 2 1 1 2 7 2 1 1 10 1 1 1 10 3 4 5 5 3 1 1 8 64 1 2 1 2 4 3 1 2 3 10 1 42 2 5 35 12 2 3 2 1 1 2 1 93 5 2 2 1 1 1 232 1 1 1 1 5 8 3 4 4 2 2 2 1 1 2 170 35 1 7
4 13 1 5 3 1 8 1 6 4 3 2 2 1 1 7 2 1 9 1 1 2 4 2 3 1 2 1 1 2 1 1 1 4 6 2 1 5 2 4 1 1 2 2 1 10 57 2 1 11 2 2 2 3 21 4 1 2 1 2 1 15 37 2 1 19 3 2 1 1 1 5 1 4 2 2 1 2 2 2 3 2 2 1 4 1 4 3 3 1 2 5 125 1 1 1 1 2 2 1 2 1 1 14 3 1 2 5 1 1 2 3 1 3 24 1 4 2 2 3 1 1 1 1 3 5 7 2 1 1 4 8 23 9 2 2 4 1 1 1 1 1 1 2 2 1 1 6 1 2 2 10 11 2 2 2 1 1 6 4 23 8 5 9 1 4 4 1 7 2 7 1 3 3 1 2 12 2 2 9 2 1 5 3 21 8 45 3 3 1 1 14 3 1 5 2 4 15 3 4
3 1 2 1 1 1 1 3 1 3 1 6 3 2 1 1 3 11 2 1 1 1 2 3 1 4 10 3 3 1 1 1 5 2 3 14 1 11 1 6 3 5 3 3 1 1 6 3 4 1 2 2 3 22 6 3 18 1 6 1 1 1 45 1 2 91 29 3 2 4 1 2 4 1 2 1 1 1 1 129 1 3 1 2 6 3 9 3 2 1 2 12 2 6 1 2 3 7 4 1 1 2 18 1 2 2 3 2 3 2 2 3 4 1 49 1 1 2 1 3 4 4 2 2 1 15 1 3 20 1 4 2 7 5 1 2 1 1 2 1 1 1 3 4 2 3 1 2 2 2 2 1 2 3 5 2 2 1 2 1 4 2 1 1 1 3 2 1 5 1 5 6 8 1 3 4 2 3 4 9 2 2 1 2 2 1 120 3 4 2 6 1 1 1 3 2 1 2 1 1
3 1 2 1 3 3 3 7 88 13 3 2 1 2 1 2 16 4 4 2 1 4 1 2 1 3 9 2 17 1 1 1 2 10 1 1 10 1 11 2 2 1 1 2 2 1 1 1 3 2 3 1 2 2 1 13 2 3 2 1 5 2 1 1 4 1 5 16 7 7 2 6 2 3 1 2 4 2 2 1 2 1 2 3 3 8 1 2 5 9 42 15 1 2 2 1 8 1 4 1 4 11 1 1 1 3 2 1 3 3 2 15 3 3 2 1 2 3 4 1 4 5 5 27 1 2 1 1 2 7 3 1 1 2 3 6 1 3 2 5 2 1 2 2 1 3 1 1 3 2 6 2 4 2 9 1 5 4 1 3 26 2 25 2 2 1 2 1 1 3 4 1 1 1 1 7 3 2 2 15 1 2 1 1 2 2 2 10 2 2 2 47 16 1 1 3 2 10 3 8
11 4 6 13 2 1 1 1 10 6 4 2 57 1 4 2 1 41 8 1 1 3 145 1 3 1 2 21 4 1 1 8 1 1 3 2 1 1 56 2 1 5 16 19 2 2 1 1 4 7 17 1 1 1 1 5 1 1 8 1 6 3 1 2 3 2 1 1 1 7 1 6 2 2 4 8 2 1 1 2 2 2 3 2 11 2 1 1 2 2 2 1 3 1 2 1 1 7 1 2 3 1 2 1 2 2 1 1 1 6 1 36 2 4 2 3 3 2 10 2 1 1 2 7 2 2 5 1 2 7 2 15 2 1 1 3 1 2 1 1 4 8 20 1 2 2 3 4 5 1 2 1 2 3 1 1 2 4 1 2 1 1 2 2 1 2 2 3 2 1 1 2 1 1 2 1 2 4 1 2 127 2 2 4 88 1 2 1 2 1 3 46 4 1 1 3 2 1 1 83
4 2 3 1 1 1 2 2 2 23 1 1 2 1 6 1 1 2 2 2 3 1 1 4 1 1 37 6 1 1 3 3 1 3 36 36 4 6 1 5 1 2 1 2 1 1 2 1 1 2 3 1 1 3 2 1 1 42 8 12 2 1 1 1 1 7 1 1 7 6 105 3 5 1 4 1 1 2 2 2 22 19 1 86 4 2 2 1 9 2 3 2 1 2 1 12 1 4 4 170 2 1 9 1 2 1 2 1 4 27 1 3 2 3 1 13 1 2 1 1 1 3 1 3 2 1 3 1 2 1 3 3 2 3 21 3 1 40 2 2 7 1 2 2 1 3 1 2 14 2 1 1 1 4 7 2 2 3 1 1 3 2 3 3 7 5 7 1 5 97 5 1 6 6 2 15 7 1 39 2 1 1 5 1 6 1 2 9 2 1 2 2 4 23 2 3 13 8 4 3
3 1 3 1 1 8 10 16 2 2 3 3 1 2 2 1 3 1 6 2 1 1 1 7 3 1 1 14 1 3 2 16 1 10 1 6 3 2 2 4 2 6 2 1 2 5 4 2 12 3 1 3 1 16 1 5 2 2 1 2 3 2 3 10 1 1 4 6 1 9 1 4 3 4 1 3 1 10 1 104 6 1 4 2 6 2 7 3 2 2 10 3 2 2 4 1 1 4 2 2 1 2 1 3 4 3 1 2 27 3 1 26 4 1 1 2 6 1 4 1 1 1 1 2 2 9 2 5 2 18 9 2 4 4 1 88 5 3 2 3 60 1 3 4 3 1 1 1 2 1 9 2 2 14 9 12 3 4 2 1 2 1 7 2 2 1 2 1 4 3 2 1 2 5 1 6 64 3 1 1 1 2 4 2 2 1 1 1 6 1 2 2 2 2 2 1 1 4 2 3
1 1 2 1 1 1 65 82 2 1 2 2 6 2 2 1 4 1 11 1 1 3 1 3 1 5 4 1 3 11 1 1 1 4 13 21 2 3 2 1 1 38 1 2 3 386 4 2 5 1 8 2 3 3 1 2 2 1 8 4 2 2 1 2 1 1 2 2 2 1 46 1 26 1 2 2 5 2 2 3 1 4 3 1 1 3 1 2 2 4 2 1 1 2 1 30 4 2 3 2 1 2 4 12 3 1 3 1 45 2 7 1 1 5 1 10 2 1 1 5 2 2 44 4 1 2 1 3 1 20 4 1 36 1 2 5 1 1 1 24 1 1 2 1 5 2 5 1 6 2 2 2 1 3 2 1 15 1 1 2 62 1 1 3 2 1 1 4 3 1 1 1 5 7 4 5 1 1 3 2 1 1 2 3 7 2 21 1 1 146 1 2 2 2 2 1 2 3 3 7
342 14 3 1 1 1 1 5 2 24 12 1 1 2 1 2 1 7 6 2 1 15 9 1 4 1 1 3 1 3 5 4 3 1 1 4 2 2 5 2 1 1 18 1 2 2 1 3 2 8 1 1 1 7 2 2 3 12 4 1 3 1 1 3 2 1 4 2 1 5 10 2 1 2 4 7 3 1 2 1 3 25 1 3 1 21 2 2 1 1 2 3 151 1 1 3 9 1 2 1 3 25 24 3 8 26 3 1 4 2 2 1 2 4 6 1 1 1 4 2 2 2 3 8 1 10 1 9 3 1 19 3 1 2 5 11 5 1 1 1 1 1 12 1 2 2 2 3 3 1 1 3 8 3 1 6 1 2 2 5 5 5 2 1 1 1 1 72 1 1 11 2 1 1 3 1 1 2 5 1 2 1 3 1 2 2 2 2 2 1 2 2 1 2 57 1 1 2 3 14
2 6 1 2 17 1 2 6 1 3 8 1 1 1 1 6 3 1 5 2 8 1 2 8 2 3 2 1 1 1 2 2 6 25 3 2 1 15 1 4 3 1 3 1 3 1 2 1 2 1 1 1 1 2 2 2 5 2 1 3 1 1 3 12 1 5 15 14 14 1 16 5 5 2 3 1 1 2 5 1 2 1 2 2 6 1 27 2 2 1 1 1 7 10 1 2 1 4 1 3 5 5 3 21 2 2 3 1 7 4 5 5 4 1 2 1 1 6 1 3 3 1 2 4 16 1 1 3 3 2 5 9 17 2 51 3 1 10 1 2 2 6 4 4 1 1 1 2 2 4 1 3 1 4 1 1 2 7 2 1 13 1 10 1 3 3 1 1 1 37 22 5 3 1 1 2 1 10 13 3 2 6 3 2 1 2 1 13 2 1 3 2 2 1 1 154 2 1 1 1
2 1 2 1 1 17 2 3 2 3 2 1 1 1 4 1 1 2 78 4 2 5 1 2 3 1 1 9 6 1 3 1 2 1 4 1 1 2 2 2 2 1 2 2 4 2 1 3 3 2 3 143 1 1 13 6 13 5 2 2 8 2 2 2 2 1 2 2 1 52 1 1 2 2 5 1 1 1 1 1 2 1 2 2 1 3 2 2 4 17 46 9 2 1 1 2 1 2 8 2 3 1 1 3 1 3 2 1 3 9 1 1 6 2 1 4 2 2 1 1 2 1 1 41 16 6 3 18 4 7 1 1 26 10 6 1 1 7 2 1 4 3 14 7 3 1 1 1 4 15 2 5 1 4 2 2 1 1 2 4 2 6 1 1 5 5 1 3 4 148 1 1 2 1 36 2 4 4 1 3 2 18 2 3 1 2 2 2 4 1 1 1 1 2 1 1 2 5 3 2
15 5 4 12 6 2 1 29 4 1 2 9 159 1 3 2 3 1 3 1 1 1 4 2 8 3 2 26 2 2 8 4 1 2 2 1 2 1 1 1 2 1 3 3 2 2 3 1 8 1 5 9 2 1 1 3 2 2 3 3 1 4 1 17 1 3 20 2 2 3 2 5 4 2 7 1 1 2 6 3 1 6 1 1 1 4 13 2 1 1 1 5 1 2 1 2 422 4 4 1 1 1 1 3 1 1 1 2 1 3 1 7 3 4 1 1 1 3 1 3 5 1 3 1 10 1 3 2 2 2 3 3 2 2 4 2 63 1 2 11 14 1 1 13 2 2 2 1 3 1 1 1 2 3 8 3 1 3 2 2 2 4 3 1 2 1 55 1 1 4 12 1 2 2 1 3 2 3 2 1 2 2 4 7 11 35 1 3 11 257 2 2 2 9 3 2 2 1 2 46
1 28 2 2 4 1 1 1 1 1 2 11 3 317 1 1 1 1 1 4 5 3 3 2 2 1 2 3 1 1 6 2 13 1 1 2 4 2 2 1 1 1 4 2 4 1 2 2 3 2 1 4 2 3 1 4 4 1 1 2 15 1 2 4 1 2 1 4 2 1 2 2 2 2 1 2 2 2 2 2 7 1 2 2 33 2 2 9 7 6 2 1 7 1 3 1 1 3 39 5 2 2 1 1 2 15 18 3 1 1 2 15 2 10 1 1 1 1 3 3 5 2 1 21 2 1 2 7 1 2 3 1 15 3 2 5 19 2 2 1 1 1 3 2 1 3 3 2 1 3 8 2 6 2 2 2 1 2 1 13 6 2 1 1 4 1 2 2 6 2 21 1 11 1 2 5 2 1 16 2 2 1 4 19 1 3 4 1 79 1 1 1 1 1 2 5 3 2 1 1
1 2 1 1 153 3 3 10 3 4 3 1 7 1 1 1 1 2 12 2 141 2 4 1 1 2 5 3 2 2 1 1 1 1 5 24 1 2 2 1 1 2 2 3 2 30 1 1 1 2 2 2 4 2 27 1 5 1 1 3 5 1 9 8 2 2 1 6 1 5 2 2 2 3 9 2 3 15 2 20 1 1 4 2 8 2 6 2 1 2 6 11 1 1 2 3 3 3 2 2 30 1 11 7 1 1 20 1 6 2 3 1 2 2 7 1 67 41 2 2 1 1 2 1 18 4 3 2 2 3 1 10 2 3 6 26 2 9 1 3 15 4 3 1 2 2 3 5 6 5 2 2 3 1 1 1 22 6 1 1 4 2 4 2 4 3 1 2 1 3 4 3 3 3 3 2 2 2 6 7 12 2 2 2 5 1 2 3 2 17 4 7 1 1 1 2 1 4 1 1
3 1 10 1 11 2 1 5 4 2 1 6 3 2 3 2 1 2 6 2 11 19 2 1 2 9 1 1 9 3 5 3 3 10 1 1 3 5 2 5 1 1 1 2 1 17 3 9 4 1 2 1 202 48 3 1 1 2 4 9 2 2 1 2 1 2 1 2 4 1 1 8 1 4 1 1 4 3 3 1 2 2 1 2 16 1 1 2 2 2 2 1 1 2 1 5 9 1 8 1 6 1 3 7 2 2 1 15 16 1 1 1 27 1 2 3 4 14 2 6 1 9 2 1 1 5 2 4 1 1 5 2 4 4 2 1 5 2 18 1 1 2 2 2 12 3 2 124 2 2 6 2 7 3 3 2 2 3 1 6 56 1 22 2 6 1 6 3 2 39 16 2 3 3 6 1 1 1 1 1 1 1 2 3 1 13 1 2 4 1 1 1 2 7 2 1 13 1 1 1
1 1 1 3 3 2 1 2 1 6 6 9 1 1 14 3 2 1 3 1 16 3 5 2 2 2 4 2 4 1 1 2 3 2 2 2 3 1 1 9 7 34 2 6 1 2 4 1 2 1 1 4 2 32 1 13 2 1 2 2 5 2 1 2 5 1 2 1 2 5 3 1 2 1 1 8 2 2 4 1 6 4 3 2 4 2 1 2 2 2 1 6 2 1 2 2 2 6 1 18 2 3 2 2 2 3 2 1 1 2 1 2 3 1 1 2 6 1 3 3 1 6 2 1 1 1 3 1 2 2 2 4 2 14 3 2 3 2 1 2 1 13 4 1 1 2 4 7 1 1 1 2 4 1 2 2 2 11 2 3 2 15 1 2 6 1 1 2 2 4 6 32 2 498 3 3 3 1 4 1 1 1 6 2 3 1 2 3 2 1 1 27 2 1 2 2 1 1 2 1
1 1 7 21 4 5 1 1 3 3 1 3 1 1 173 4 1 2 2 7 1 5 2 1 2 1 2 2 2 2 1 1 2 2 7 6 1 2 1 3 4 2 24 8 3 2 5 1 57 2 20 4 1 1 2 16 3 3 2 1 1 1 2 2 8 2 1 2 35 8 3 3 1 3 1 1 1 7 7 7 1 8 3 1 4 1 1 3 1 2 1 2 2 1 5 1 30 2 50 3 3 4 3 1 13 4 2 1 1 2 1 3 1 2 3 1 2 1 2 1 1 2 2 1 2 3 30 1 1 1 2 1 1 18 7 4 2 44 1 2 3 2 2 2 5 10 6 9 3 1 9 3 2 8 1 6 8 1 167 1 3 17 11 3 16 16 2 2 1 1 2 1 25 1 4 8 2 1 2 5 12 1 3 2 6 1 4 4 1 2 13 1 1 2 1 3 12 1 3 1
2 1 3 1 3 2 2 1 2 1 8 2 1 2 6 33 1 2 1 20 2 11 2 1 49 1 2 1 1 2 1 1 116 6 2 3 1 6 4 2 5 3 3 2 1 22 2 2 10 1 2 1 1 11 25 5 2 2 1 3 1 3 1 3 3 1 3 1 1 1 7 2 2 22 2 1 1 11 103 1 3 1 1 1 1 4 2 1 1 1 1 2 3 6 2 1 2 5 3 1 7 2 5 1 5 1 3 1 2 2 2 3 5 9 8 4 9 2 3 4 2 4 4 4 1 3 3 3 2 23 1 1 2 2 8 8 201 2 1 3 3 1 3 1 34 1 1 6 4 4 5 2 2 60 6 1 2 4 2 1 1 4 65 1 1 1 2 5 1 20 120 4 3 7 2 2 1 1 76 33 1 49 1 1 3 1 1 2 1 16 1 1 5 2 1 1 9 1 1 76
2 16 2 7 2 3 3 2 1 3 6 2 3 2 2 12 2 1 4 1 1 2 1 1 4 1 5 1 2 3 3 2 3 2 6 1 9 2 2 4 2 2 2 3 1 3 3 8 5 1 2 4 1 1 2 1 1 6 2 1 1 2 10 1 1 1 4 5 3 2 3 1 1 22 1 2 2 9 1 2 13 11 2 2 2 22 2 8 1 1 15 4 2 4 1 1 3 2 1 2 36 2 15 2 1 17 1 2 1 6 18 2 2 2 1 14 2 3 1 3 2 44 1 2 2 3 3 1 3 1 1 1 1 1 1 1 1 5 1 40 499 2 3 24 3 6 2 11 3 2 1 2 4 34 15 1 1 1 1 1 1 1 8 1 45 1 1 4 8 5 5 3 38 2 2 4 2 88 11 2 2 1 14 1 5 1 4 12 1 2 1 1 4 3 3 5 2 2 1 1
1 2 4 1 2 3 2 1 1 2 2 18 5 1 1 2 1 1 1 1 1 3 2 3 2 1 2 1 144 1 1 1 3 4 1 2 1 2 1 2 3 7 1 1 1 2 2 1 4 13 3 3 24 1 3 1 3 3 1 4 2 3 7 2 2 2 2 9 2 4 1 2 1 6 2 16 4 1 2 1 3 1 4 2 3 2 1 5 2 2 1 1 2 1 2 1 3 5 1 4 1 1 2 1 5 1 2 3 1 2 1 1 2 12 4 4 1 3 2 13 4 6 68 1 1 1 1 1 3 8 1 1 2 10 2 2 1 1 3 3 1 3 2 1 3 2 5 1 1 2 6 1 7 5 29 1 2 2 2 5 2 4 30 3 13 1 2 6 1 2 3 6 2 1 1 6 1 4 3 2 1 1 3 19 3 9 1 4 5 3 4 4 1 2 5 2 2 3 1 16
1 3 4 2 11 8 1 2 2 1 1 16 2 3 1 3 1 2 2 1 1 1 3 9 2 3 2 7 2 1 3 1 1 1 1 4 2 3 4 5 1 11 3 1 2 1 26 1 2 1 3 1 1 1 2 14 1 1 3 2 4 1 2 1 6 1 2 1 3 5 2 7 1 1 8 2 1 5 1 3 90 2 2 2 2 2 5 3 2 1 2 1 5 2 2 9 11 1 1 12 3 1 167 5 1 1 3 173 1 1 2 4 1 3 1 1 3 2 1 18 2 1 2 2 1 5 1 7 3 1 2 40 3 1 4 3 6 2 6 1 3 5 1 20 2 1 11 92 1 6 2 2 2 3 2 1 1 1 2 3 1 13 2 5 2 2 4 2 1 2 2 1 2 3 1 2 2 2 4 1 4 4 1 12 1 3 1 2 6 2 2 1 4 2 14 1 1 2 4 2
2 7 21 1 2 8 25 3 22 1 25 2 2 1 3 2 3 4 2 4 1 55 3 4 8 4 2 3 15 2 31 21 1 6 1 11 3 8 5 16 1 5 3 1 17 2 2 14 2 107 2 5 4 1 4 6 4 1 1 1 2 1 17 3 5 4 8 2 1 1 2 1 1 2 1 10 4 1 2 1 1 5 1 2 1 2 1 1 1 3 2 10 2 3 6 3 3 1 1 55 1 3 1 6 39 5 11 4 5 2 1 1 1 5 3 2 3 3 1 6 1 1 1 8 2 9 3 4 2 10 1 3 279 2 2 1 2 8 1 6 3 3 1 66 1 3 4 3 2 28 2 2 1 1 2 2 1 4 1 1 2 1 1 2 1 3 1 3 2 2 2 4 1 22 1 3 1 3 3 4 3 1 1 1 2 2 2 2 1 1 3 6 93 2 2 8 1 2 1 1
3 1 1 106 203 12 2 1 1 12 1 1 1 1 3 1 1 2 17 1 3 3 2 4 13 30 5 14 5 235 2 38 4 1 2 1 1 3 1 1 2 2 2 12 7 7 2 3 1 1 3 274 6 2 1 1 3 2 2 3 2 5 3 2 2 5 22 4 5 2 4 1 1 5 3 1 25 1 1 1 2 1 3 1 3 3 2 14 3 5 1 1 2 1 5 2 1 1 3 7 2 3 1 5 2 1 1 8 1 2 8 13 2 1 2 5 3 4 5 1 2 3 2 2 436 1 4 4 1 11 3 1 2 6 4 5 2 5 5 1 2 1 1 1 1 2 2 6 1 2 1 3 1 1 2 2 2 1 14 4 1 1 1 2 5 3 3 52 7 1 1 1 3 4 88 5 1 2 7 13 10 1 1 1 1 3 4 2 2 1 1 1 2 3 1 1 2 5 8 2
6 1 6 3 1 1 33 3 9 2 3 2 3 1 48 9 10 3 3 1 1 2 2 2 2 1 4 2 2 1 3 1 2 5 5 1 4 2 1 3 1 2 2 2 14 2 13 9 11 4 13 5 1 1 32 3 1 11 2 1 13 1 5 6 4 3 2 15 2 2 10 5 3 17 1 5 1 2 1 1 1 1 1 4 2 5 1 4 1 3 3 2 2 16 2 1 2 3 9 2 1 1 1 1 14 1 1 3 104 19 5 2 4 1 7 1 1 2 4 1 5 5 1 2 9 22 2 2 1 3 1 104 2 1 2 1 5 5 4 3 1 2 2 1 2 2 4 3 4 2 1 2 2 1 2 2 3 2 7 2 15 2 29 3 2 1 7 2 1 3 1 5 2 63 1 44 2 2 1 3 8 19 2 2 2 2 8 2 3 1 17 2 2 2 3 2 2 1 53 2
2 3 3 3 1 2 1 6 2 1 1 1 3 1 1 1 2 1 1 2 110 2 1 2 1 2 2 2 1 2 113 7 3 2 1 2 7 2 8 1 1 13 1 2 3 206 1 1 1 72 2 88 2 17 5 1 1 2 40 5 2 9 5 1 1 4 3 2 5 9 4 2 3 7 2 2 2 1 3 13 383 1 1 2 3 3 1 2 1 2 5 8 48 3 1 3 2 10 3 1 2 1 1 2 2 4 3 2 2 14 1 1 3 1 1 16 1 2 4 1 1 3 93 1 2 3 1 1 5 2 1 2 2 3 2 8 1 7 1 2 24 4 4 6 2 2 2 49 2 5 2 1 2 4 5 22 2 3 7 2 1 1 2 1 7 2 3 1 3 3 2 3 4 1 1 3 4 20 9 141 5 4 2 1 10 1 2 3 3 1 2 1 1 1 1 9 2 6 2 13
3 4 3 2 5 1 1 19 4 2 1 2 2 1 5 2 3 1 2 2 21 19 1 6 4 9 2 18 10 2 1 1 2 6 6 1 2 2 1 2 24 1 3 10 1 2 2 1 2 1 2 1 12 1 1 1 12 2 6 3 9 2 1 1 6 3 1 2 2 7 1 1 1 1 5 12 4 3 3 2 32 1 1 14 2 2 2 3 10 13 3 1 4 2 1 1 29 13 1 5 7 28 1 2 1 1 2 3 1 3 2 2 1 2 3 3 1 2 2 2 6 108 6 1 2 12 1 2 2 56 1 1 12 4 1 3 1 3 1 1 3 1 1 1 1 1 2 1 3 3 1 2 8 1 39 1 1 2 1 2 6 40 2 3 2 1 1 7 2 1 2 1 1 3 10 5 1 8 1 12 2 1 10 3 1 1 1 3 1 1 2 1 2 1 1 2 3 1 2 1
1 2 1 1 1 2 2 2 2 4 1 7 2 2 2 6 1 12 7 1 3 3 2 1 1 2 1 1 2 2 13 1 7 3 84 9 1 45 7 1 3 6 1 2 2 1 18 2 1 8 2 1 35 2 2 2 1 2 8 1 3 20 1 2 4 6 2 12 2 1 3 13 20 1 1 1 5 3 3 2 4 3 2 2 2 1 5 2 2 24 1 23 2 5 2 2 1 2 2 1 1 10 2 43 5 4 4 4 1 4 4 1 5 2 3 2 3 1 2 1 2 4 7 1 1 2 1 5 1 3 1 3 4 1 2 1 26 3 2 1 3 1 2 3 2 4 2 1 5 6 1 1 39 3 1 2 10 7 3 8 3 1 1 2 1 49 1 2 6 28 4 1 1 2 2 6 1 3 2 1 7 3 18 5 2 1 1 8 26 3 3 2 13 3 5 5 1 1 3 1
2 2 3 5 4 6 1 1 2 7 1 6 3 1 1 1 2 1 2 1 10 1 7 1 3 3 2 39 3 3 11 3 1 2 1 2 1 2 2 10 1 1 1 3 2 4 31 1 2 1 3 21 8 8 12 16 2 5 22 4 33 8 2 3 3 1 2 2 2 2 1 25 2 9 4 1 2 1 2 1 1 2 2 6 3 5 1 72 3 12 1 1 1 13 3 2 2 1 2 2 9 1 3 3 14 1 2 38 2 2 3 4 3 1 8 4 1 1 1 6 2 2 1 3 2 1 1 2 3 1 2 8 1 4 1 1 1 2 8 3 1 1 1 1 2 4 17 10 1 11 4 1 1 3 2 2 1 1 34 1 1 3 29 1 3 11 2 1 1 2 2 29 3 2 8 2 2 1 1 21 14 2 1 7 2 3 2 15 3 1 2 4 1 1 2 3 42 5 3 1
2 2 27 2 3 2 1 1 2 2 2 3 2 1 2 1 1 1 1 2 2 6 2 2 8 26 32 2 4 2 1 1 1 27 2 1 2 1 5 1 2 16 2 10 2 1 1 2 1 7 1 3 3 1 2 2 1 2 1 2 1 2 2 86 1 2 1 1 11 9 1 7 1 3 1 1 12 20 7 2 1 1 2 2 2 1 5 3 6 4 2 4 1 2 4 2 1 32 2 2 5 5 2 1 1 5 4 1 3 3 1 11 14 2 2 1 2 6 1 61 1 1 1 297 3 4 6 13 3 1 1 1 3 4 8 2 3 1 2 3 5 1 8 7 3 4 6 2 1 2 1 1 4 3 2 2 4 1 1 1 1 1 1 1 1 1 5 2 1 1 15 1 2 1 1 2 5 3 1 2 2 1 2 6 2 1 1 2 1 4 1 1 1 1 1 1 1 15 1 1
113 3 1 2 4 5 1 2 1 2 4 8 2 7 13 2 6 1 1 1 1 1 1 1 5 2 13 10 60 2 2 4 1 3 2 101 2 35 2 1 2 3 1 1 2 2 31 2 2 12 1 7 2 4 2 2 2 3 3 2 4 6 1 1 1 1 3 2 2 1 1 1 5 1 1 1 1 9 1 2 1 1 13 9 2 2 2 1 1 7 2 3 1 3 4 4 2 1 2 3 1 2 2 9 1 1 5 43 4 4 1 5 1 11 1 4 7 43 1 2 1 2 8 1 4 1 2 2 1 1 1 1 4 2 1 2 15 30 14 1 12 5 2 1 1 1 4 9 3 1 8 13 1 1 1 3 5 1 3 11 22 2 4 10 5 1 1 1 1 6 31 1 3 18 2 1 1 3 1 4 11 2 2 2 8 1 7 1 28 2 1 3 4 1 1 1 2 2 3 3
7 6 1 56 3 2 1 9 2 1 1 1 2 1 2 1 1 10 5 2 2 2 1 18 3 2 16 1 7 4 1 2 3 9 1 1 2 1 2 3 5 8 2 2 1 1 5 8 2 2 2 1 2 2 2 14 6 1 2 1 13 2 1 3 2 3 7 1 2 7 2 1 1 2 1 2 4 1 1 1 2 2 2 5 6 1 1 4 10 2 1 5 3 3 2 2 7 2 1 7 1 7 1 1 2 6 7 2 2 1 91 2 1 4 2 1 1 2 3 3 1 1 1 5 5 1 2 12 4 5 2 3 2 2 1 5 2 2 6 1 2 5 21 2 1 15 1 2 8 5 113 2 2 1 1 1 2 8 2 3 65 2 8 1 69 2 2 2 5 3 1 1 49 10 2 1 1 1 1 2 1 1 4 17 1 2 1 3 1 1 1 1 1 1 3 2 1 2 53 3
2 1 2 3 6 1 2 1 3 2 2 4 1 1 1 2 18 1 4 1 1 1 1 4 3 2 6 2 1 2 1 9 4 1 185 1 1 1 10 2 8 1 2 2 56 12 1 6 3 1 10 12 7 2 2 3 22 1 11 1 3 1 1 3 1 4 6 2 13 2 2 2 2 2 6 1 146 2 2 1 1 1 2 2 1 1 1 5 2 1 2 1 1 4 10 3 7 96 2 15 1 2 2 2 2 2 5 1 5 4 1 1 2 2 13 1 2 1 4 22 2 1 2 13 5 6 3 2 3 8 18 1 2 1 1 2 1 1 5 3 1 8 7 4 2 1 3 1 47 2 2 2 4 1 2 3 38 1 1 7 1 10 3 2 1 2 20 2 7 1 2 3 2 1 3 1 6 10 2 1 14 1 15 4 20 17 7 9 3 1 2 1 3 2 3 16 2 6 1 1
24 1 2 2 11 15 12 2 8 8 1 1 1 1 4 1 4 2 1 1 2 3 2 2 7 17 143 2 2 1 6 3 2 5 6 9 1 15 2 1 2 16 4 1 2 1 1 1 2 2 10 2 1 1 5 2 1 2 1 7 1 1 1 1 2 2 4 2 1 6 28 14 2 17 25 1 10 1 2 2 2 7 3 1 2 4 2 2 5 1 2 5 3 1 2 3 1 5 23 3 2 1 1 1 428 31 2 2 1 4 2 2 15 7 16 1 1 3 2 5 14 2 27 2 1 1 2 2 8 1 2 63 4 2 2 1 1 2 2 5 12 1 9 3 1 1 1 13 1 2 1 13 1 1 10 3 7 3 5 3 3 2 3 1 2 1 4 10 2 4 1 3 1 2 1 15 1 5 2 2 10 2 1 1 2 1 15 5 5 4 47 10 1 3 1 9 4 1 2 1
4 58 6 3 2 2 2 1 2 1 9 1 1 2 1 1 1 4 1 2 2 4 1 1 1 3 3 1 2 2 6 13 1 1 1 4 2 5 3 2 5 2 4 4 1 35 3 1 2 1 1 29 6 1 2 7 2 1 1 1 9 28 2 1 49 2 4 2 1 8 15 2 1 2 2 5 1 1 2 2 1 2 1 2 2 6 1 2 5 2 59 1 5 2 23 7 1 2 5 2 2 12 1 1 1 11 2 5 1 2 6 2 1 10 3 3 7 2 1 2 3 3 3 1 2 2 1 3 2 2 1 1 2 1 6 1 1 2 9 9 1 280 3 2 1 1 1 1 1 3 1 1 12 1 1 3 5 3 1 2 1 1 2 2 3 1 1 2 1 3 1 3 6 2 31 4 2 2 2 10 1 2 2 4 5 2 11 1 84 1 1 4 14 2 7 3 3 2 1 4
1 1 2 2 2 2 5 1 1 1 3 1 1 1 4 1 3 7 2 1 2 2 4 1 3 6 1 3 1 6 2 18 4 2 2 1 3 3 4 1 2 5 6 1 2 17 5 4 4 2 6 9 1 3 2 2 2 1 1 1 2 2 5 18 1 2 3 3 2 4 13 1 1 2 2 1 1 1 16 1 5 1 7 1 5 1 2 1 2 1 1 2 5 1 25 1 4 3 2 2 10 6 1 13 59 1 22 1 1 1 3 2 1 1 2 2 2 3 2 1 1 1 1 1 8 3 2 53 1 2 1 2 1 3 1 1 1 5 1 7 10 4 6 2 1 2 3 2 2 1 3 2 1 1 1 2 1 5 2 2 1 1 5 3 3 1 2 2 1 1 10 2 2 1 1 2 4 7 19 4 2 3 3 7 1 2 1 23 1 1 2 5 3 2 3 2 1 2 2 1
1 3 2 2 9 2 3 1 2 2 2 1 3 9 2 1 5 11 13 2 1 4 3 4 6 2 2 1 1 1 2 1 2 376 12 1 19 1 3 3 1 2 3 2 2 1 2 3 2 2 2 2 6 3 3 3 1 4 1 5 2 4 1 8 5 1 1 1 3 4 10 20 1 9 45 2 34 1 1 4 15 1 1 2 2 5 1 1 1 1 1 1 35 1 1 1 2 1 1 1 5 2 12 1 2 1 1 3 2 2 2 9 1 9 13 2 4 2 4 1 5 21 2 1 1 8 2 6 32 2 3 2 10 5 2 1 1 4 3 2 1 2 3 3 2 16 3 5 9 1 1 2 9 45 21 1 3 3 2 2 5 44 1 1 1 1 2 2 3 5 2 2 3 1 3 1 2 61 6 1 2 1 1 3 1 5 3 2 2 2 1 1 2 1 2 3 1 6 1 40
1 1 2 2 2 37 4 3 14 3 1 2 1 1 7 4 24 2 1 1 4 2 1 1 2 1 5 3 1 2 1 2 1 1 2 1 8 2 1 4 207 2 1 1 1 1 2 6 15 2 5 1 3 6 6 3 2 2 29 2 1 1 1 2 2 1 6 3 2 2 27 1 2 1 54 2 6 1 7 2 2 1 2 8 1 1 3 1 1 2 10 3 2 2 6 2 8 2 1 106 14 1 1 4 1 6 1 6 1 2 3 4 1 26 8 1 1 1 1 9 3 2 1 7 4 1 1 3 1 1 1 3 1 2 1 1 2 2 4 2 2 2 1 6 7 1 34 1 4 1 4 2 1 2 1 2 16 2 2 2 6 9 2 2 2 4 95 2 2 1 2 1 3 2 1 2 1 17 5 3 7 3 1 5 1 1 1 9 2 3 2 2 2 3 4 3 2 2 2 51
2 10 19 2 2 2 1 2 2 2 2 1 9 2 1 313 1 26 1 3 1 44 13 1 1 3 1 2 2 1 10 1 2 10 1 1 370 4 2 2 1 2 1 3 3 1 8 3 2 1 2 1 2 1 1 2 1 18 11 1 6 10 17 1 4 1 2 1 1 2 2 10 2 1 2 25 1 1 4 3 1 14 2 1 3 2 3 21 1 1 5 1 3 2 21 2 1 5 1 3 1 2 2 6 2 1 1 4 1 6 1 1 2 2 1 2 1 2 2 2 2 1 1 1 3 4 1 1 2 2 1 1 3 3 1 1 2 1 1 1 1 1 1 4 4 17 4 2 1 9 1 1 2 3 3 4 2 2 4 8 3 6 3 249 2 3 3 3 1 8 1 2 9 1 3 3 4 17 2 3 1 28 1 1 52 1 3 1 1 1 2 3 6 18 3 1 5 3 24 1
1 1 1 1 1 2 1 1 1 5 1 2 2 9 2 1 1 1 2 2 1 6 1 1 2 44 3 4 3 1 1 2 15 1 2 7 2 1 6 1 20 1 5 7 3 2 15 2 2 7 1 2 4 16 1 1 1 2 4 3 1 1 1 2 7 3 1 1 1 1 5 1 1 3 2 1 5 2 1 3 2 3 13 2 2 8 1 1 2 2 1 4 3 1 7 1 1 4 11 6 1 4 1 1 3 2 2 1 5 2 2 2 1 2 4 3 6 2 1 6 7 1 1 1 32 1 1 1 2 1 1 1 5 1 1 2 9 2 2 1 19 1 4 1 2 1 3 3 2 1 1 1 13 3 1 2 2 3 6 55 3 7 3 3 1 5 4 2 1 1 2 1 1 93 1 3 1 3 2 1 1 1 1 2 14 1 14 1 1 2 1 3 3 2 1 1 4 5 3 1
3 16 1 66 2 1 1 2 1 9 2 7 2 2 2 1 2 2 1 11 2 1 3 2 2 1 2 2 2 1 1 2 4 6 1 2 2 4 2 1 2 2 1 2 1 3 2 2 1 2 1 2 5 5 4 2 1 2 2 4 2 2 1 30 8 4 2 5 1 2 1 29 2 4 1 1 2 1 2 1 3 1 2 2 1 5 1 2 2 2 1 1 10 2 6 8 2 1 2 4 1 2 2 1 130 12 2 1 3 2 1 6 2 1 3 212 1 2 3 5 3 2 5 3 2 5 2 1 2 1 2 106 30 2 1 6 1 1 2 1 1 3 4 10 1 51 2 20 89 2 5 1 2 1 1 2 9 1 4 1 34 1 2 4 1 2 3 3 1 3 1 1 4 2 10 2 2 2 2 2 1 2 1 2 7 1 1 1 3 1 1 4 1 2 1 4 3 3 1 1
2 2 4 3 20 3 2 5 8 4 2 2 17 2 2 17 1 1 2 3 2 3 2 1 10 1 1 2 2 1 1 4 3 1 1 3 3 1 2 1 6 206 18 1 3 2 1 2 1 3 2 1 1 4 4 2 1 2 11 9 1 1 8 11 2 1 1 2 2 4 8 2 5 2 45 2 1 1 2 2 2 6 4 4 2 2 1 4 2 2 1 2 3 2 1 34 3 2 11 2 1 2 2 1 6 2 3 2 2 2 2 2 1 1 4 7 2 3 3 5 4 4 2 18 1 4 4 20 2 1 2 1 5 1 8 1 1 2 2 2 1 1 1 2 2 2 4 1 12 2 3 33 5 4 1 1 31 22 1 2 2 2 14 2 15 2 3 1 6 2 8 1 3 7 2 2 2 2 3 2 1 1 2 2 3 2 6 2 1 1 5 2 3 2 5 1 5 23 1 1
13 16 1 2 1 16 2 1 1 2 4 2 3 2 1 3 1 2 3 3 2 4 1 2 3 2 1 128 1 3 3 3 2 6 1 3 2 4 3 1 10 2 2 1 2 2 1 1 1 6 2 2 68 4 2 18 2 3 3 2 5 1 3 3 2 1 20 1 1 1 7 1 1 2 5 28 2 1 2 3 3 3 2 3 2 11 3 4 1 2 21 3 1 4 1 5 6 1 3 30 2 2 3 1 2 3 1 59 2 2 7 4 1 2 14 2 3 2 2 2 24 2 2 5 4 1 85 1 3 3 2 1 17 2 1 5 20 3 2 4 1 7 20 2 2 8 4 6 8 2 2 34 4 3 3 2 1 1 1 2 2 3 1 7 1 1 5 10 2 6 1 1 3 1 2 3 10 2 4 9 1 2 8 1 1 3 2 3 8 4 1 13 1 3 1 9 1 8 5 1
1 1 6 2 4 3 10 4 1 2 68 1 7 4 1 1 62 2 1 3 8 1 4 2 1 29 5 3 3 1 1 1 1 5 1 2 1 2 1 2 4 3 2 1 2 1 1 3 1 13 2 2 1 3 3 38 6 2 1 5 4 10 1 3 2 1 7 9 3 3 12 104 5 1 6 4 1 3 6 8 1 2 4 5 1 1 3 1 16 10 2 1 1 5 3 1 37 2 6 6 2 2 14 1 1 3 5 1 2 21 1 1 4 3 1 30 3 2 4 1 1 1 1 1 1 2 1 2 2 2 1 8 2 3 2 1 1 2 2 5 2 1 28 2 2 2 2 1 1 3 1 3 1 2 1 6 7 4 14 1 1 1 2 23 1 22 3 2 1 1 1 1 2 2 11 1 1 10 3 1 7 4 1 3 1 1 3 32 1 2 3 1 1 1 2 2 66 1 11 1
2 1 65 3 3 2 5 3 2 2 2 4 1 1 2 2 2 8 4 1 1 2 5 2 1 4 1 4 1 1 3 2 2 2 5 1 2 3 2 3 5 2 3 3 1 3 2 4 18 7 1 3 1 5 6 1 1 5 2 1 4 2 2 2 4 16 2 2 4 2 2 11 1 31 4 1 2 1 6 1 2 1 1 1 1 2 3 1 1 4 3 2 2 1 4 3 75 15 5 5 2 1 13 4 3 15 3 1 2 1 3 10 1 2 1 2 43 9 4 1 2 76 4 1 2 3 4 2 2 1 5 18 4 1 1 2 4 9 2 6 2 12 2 5 2 1 19 2 43 3 74 2 10 22 5 2 2 1 5 4 3 131 1 1 14 1 1 3 1 1 2 1 1 1 2 3 7 7 1 3 1 15 1 1 1 8 3 6 1 46 13 8 1 1 3 3 1 1 3 3
1 15 2 3 4 2 2 2 1 2 2 6 1 14 1 1 1 5 6 7 1 2 1 2 1 397 2 1 3 2 2 21 1 2 2 6 9 1 3 3 2 22 1 17 1 1 19 1 2 1 5 19 1 5 1 4 1 2 1 2 8 1 1 2 1 1 1 2 1 3 2 3 6 16 1 1 2 1 10 1 15 1 2 2 2 5 6 6 5 2 1 5 2 1 1 1 17 4 4 16 3 3 6 8 12 2 1 1 4 6 1 5 1 2 1 2 2 2 56 4 2 2 1 2 1 14 1 1 2 5 4 3 5 2 3 2 2 1 3 74 2 4 9 2 2 2 1 2 12 2 3 4 8 1 294 3 3 5 16 2 13 1 1 3 2 1 1 42 2 1 4 1 4 2 7 3 1 2 15 6 5 35 4 1 4 2 6 2 1 1 2 6 2 1 3 1 9 1 1 5
1 2 1 3 1 4 2 4 8 1 11 4 1 2 4 2 15 5 2 3 3 1 2 1 2 1 1 1 9 2 1 1 2 3 1 12 2 1 3 1 5 1 2 2 1 1 38 2 1 5 1 1 23 2 1 4 4 2 2 1 2 1 2 1 1 2 1 18 2 1 10 6 1 3 1 1 5 4 5 2 2 2 15 4 5 17 4 1 1 2 2 1 4 1 2 3 1 3 5 2 2 3 1 2 12 1 2 2 2 3 19 2 18 3 11 2 35 2 3 4 7 1 35 1 2 1 5 1 2 8 1 3 1 2 5 1 1 2 1 1 1 5 2 1 22 2 6 2 4 1 1 1 2 1 3 299 2 4 2 9 5 5 1 1 2 2 1 235 2 1 4 13 2 2 2 4 3 3 5 2 1 2 6 62 2 2 1 6 1 1 4 1 4 27 1 1 1 4 1 1
2 1 1 2 2 20 2 1 3 1 3 8 3 1 2 1 2 2 1 2 45 1 4 5 1 26 5 26 2 1 2 1 6 1 2 2 3 2 1 6 27 1 1 3 1 2 1 1 2 2 3 2 54 2 2 3 16 44 1 3 2 3 3 2 4 1 2 13 1 1 4 2 2 11 1 3 2 3 12 2 1 2 1 11 2 1 1 2 1 2 2 16 5 1 2 3 1 1 18 3 17 1 1 1 8 2 2 3 15 2 2 1 1 9 54 5 2 1 1 3 2 1 6 1 23 2 2 1 1 2 23 5 1 2 1 2 1 1 2 3 7 6 4 1 2 1 1 1 1 2 1 3 3 2 2 3 5 3 1 2 2 2 9 8 4 5 1 2 4 2 2 2 1 3 67 4 2 4 1 1 7 2 3 3 1 2 1 1 2 3 1 2 9 3 3 3 1 6 1 1
8 2 2 1 8 2 26 3 2 6 2 1 1 35 1 1 7 1 2 3 3 2 8 2 2 17 2 1 5 2 2 18 3 11 1 2 1 4 1 1 8 2 3 4 3 1 2 1 7 10 1 3 3 1 1 2 2 16 3 7 39 1 1 3 1 3 2 3 1 2 1 84 3 3 2 11 2 2 2 1 1 1 2 1 2 1 2 4 1 2 14 1 2 1 1 1 5 2 5 1 1 1 8 1 1 2 1 10 3 1 1 7 8 3 5 2 1 2 2 3 2 12 1 8 1 5 3 2 1 1 2 3 2 3 1 12 2 2 1 3 3 11 1 2 1 3 1 2 1 2 31 1 2 1 5 423 2 2 8 1 1 16 2 8 2 1 2 13 3 1 10 1 1 3 1 1 2 2 1 10 1 5 7 2 2 1 1 10 1 1 36 42 5 1 2 2 8 2 2 1
1 3 1 1 74 6 6 4 3 1 1 2 1 1 2 1 5 5 3 2 1 1 2 1 2 6 1 2 3 1 2 1 4 3 1 8 26 2 3 3 3 1 1 1 1 3 1 3 9 1 1 2 33 5 3 19 7 3 3 3 11 2 4 6 2 1 3 1 2 3 2 1 4 3 1 3 6 1 2 3 2 2 1 1 2 2 1 3 1 1 1 1 2 2 2 1 2 5 1 4 1 1 1 3 3 1 2 3 7 1 1 3 2 11 5 2 4 1 1 2 1 1 2 1 1 37 2 2 42 3 17 2 1 1 1 1 1 7 3 41 1 1 2 4 1 5 4 2 2 4 2 3 1 1 1 1 1 7 10 3 1 3 1 2 1 11 2 2 1 7 1 2 3 109 3 67 1 1 3 2 1 3 3 2 3 183 19 1 1 6 10 24 2 3 1 6 1 3 1 2
3 3 4 1 1 1 3 4 1 1 7 1 1 1 2 2 1 5 3 1 2 2 24 3 2 3 2 2 1 2 201 3 1 2 8 2 16 6 9 1 2 1 3 2 4 2 2 2 1 3 8 1 2 5 1 6 4 6 8 1 1 3 1 1 1 10 1 76 1 2 32 1 1 3 2 3 2 2 5 1 2 39 3 2 2 468 1 2 1 2 2 1 2 2 2 1 1 2 1 4 2 2 1 1 1 1 4 2 3 8 12 2 3 6 12 2 2 2 5 1 3 5 9 1 10 2 8 1 2 4 3 2 2 2 9 51 1 2 1 1 1 1 4 3 3 7 2 3 1 3 2 2 9 4 1 1 1 11 2 2 1 2 2 4 1 2 4 2 1 4 1 2 2 1 1 2 3 3 16 2 15 3 1 2 2 1 1 1 2 1 1 2 2 40 1 7 5 4 2 3
1 1 14 1 3 31 2 1 2 1 1 53 1 2 2 2 4 1 3 2 2 1 2 2 172 7 4 2 2 3 3 1 3 1 3 2 1 2 1 2 4 31 65 2 3 2 1 1 1 5 4 1 1 8 26 2 1 2 1 2 3 5 2 1 54 1 24 1 7 1 1 7 2 1 1 16 2 2 2 1 1 2 12 37 26 2 2 2 2 1 3 1 34 1 3 4 10 1 2 1 2 1 3 11 2 2 2 2 2 1 5 2 3 1 7 2 1 2 2 1 2 3 1 10 1 2 1 2 4 2 1 1 1 2 1 1 2 2 28 4 3 1 1 3 2 2 2 2 4 1 12 21 1 2 1 2 2 2 2 1 16 1 2 1 1 2 7 1 23 1 3 2 23 5 7 1 9 1 3 28 1 2 1 2 2 2 1 5 1 2 5 3 3 1 1 2 31 3 1 4
2 3 1 11 2 2 1 1 1 5 2 5 2 1 1 5 3 3 1 2 2 2 2 4 1 1 4 1 4 5 2 1 1 2 234 10 1 1 1 1 2 2 2 7 3 1 329 48 1 3 2 2 1 5 2 1 2 1 2 1 1 1 2 1 2 1 3 3 1 22 1 6 1 3 7 1 2 3 1 4 3 2 2 6 2 2 3 1 1 4 1 5 2 5 2 2 3 8 1 1 18 3 2 2 1 11 1 10 6 30 28 7 1 3 1 1 2 2 2 2 2 2 4 1 6 6 2 2 7 1 1 9 1 2 2 1 1 2 1 6 10 1 1 3 1 5 1 2 2 4 21 2 1 8 2 2 1 2 1 2 36 1 3 2 2 2 2 1 1 16 3 17 2 3 20 1 1 2 1 2 5 2 2 1 2 1 1 2 3 3 2 5 2 2 9 1 3 2 3 3
4 2 1 1 3 3 3 10 57 2 3 14 17 3 3 92 2 19 2 1 2 3 2 1 2 2 2 1 1 2 4 1 4 2 1 2 2 2 3 2 1 8 122 1 1 12 4 2 1 1 2 1 1 3 7 2 24 1 1 21 13 1 6 3 10 2 1 10 2 1 2 46 7 7 5 15 4 1 2 1 8 1 1 5 2 16 6 3 1 2 11 3 2 1 2 37 7 1 3 1 8 2 1 10 1 6 3 12 7 5 12 2 9 1 37 2 2 1 2 2 2 14 4 1 2 7 1 1 3 4 2 2 2 10 5 4 1 4 1 4 36 2 32 3 1 1 1 1 11 5 1 2 17 1 1 2 1 3 2 2 3 1 3 26 2 7 3 63 2 76 7 10 14 5 2 1 2 1 3 2 1 2 2 1 1 3 2 4 3 11 1 3 1 2 3 1 3 3 22 4
8 1 1 3 19 5 3 10 3 1 2 1 1 1 2 9 1 2 3 21 7 2 2 1 2 2 3 2 3 2 1 6 2 1 5 4 5 42 1 6 1 1 2 3 12 2 18 3 2 1 8 2 7 2 2 1 1 30 1 1 8 2 2 2 7 1 1 2 2 3 1 1 1 1 3 19 1 1 1 1 2 2 35 2 38 1 8 1 1 6 2 6 1 1 35 3 4 2 1 1 1 2 4 12 2 3 1 1 10 2 2 4 17 2 2 3 16 1 3 4 2 2 14 3 4 1 1 3 1 2 4 2 11 39 3 1 2 1 2 4 3 5 5 4 8 6 1 1 4 4 3 1 48 1 25 5 5 5 2 2 2 1 1 1 1 1 2 11 6 2 2 1 2 46 1 3 4 19 1 2 1 2 11 2 3 1 1 3 4 3 1 6 4 41 2 2 1 3 1 1
9 40 6 1 2 1 3 7 2 3 5 2 2 10 1 4 1 1 3 1 1 91 2 2 1 2 1 1 1 3 1 2 3 2 2 1 1 2 1 1 1 1 46 2 4 2 114 172 2 4 3 1 1 6 3 2 2 2 2 6 1 4 4 3 2 1 2 2 7 8 1 12 1 1 3 92 3 3 23 2 3 1 2 3 1 5 1 2 1 2 2 11 1 2 2 1 17 4 1 1 1 1 5 1 16 1 2 2 1 1 3 1 5 2 8 1 2 3 2 1 1 9 1 4 3 4 7 2 1 2 1 2 3 2 4 4 2 1 2 2 21 2 2 1 49 3 1 3 5 3 6 1 2 1 2 2 7 16 1 1 3 3 1 1 4 2 3 1 1 2 4 5 1 2 1 12 2 4 8 1 1 2 2 2 3 6 1 2 14 14 2 3 19 4 2 1 2 1 1 5
2 4 3 1 1 2 1 3 2 7 1 5 8 1 2 7 4 3 2 1 7 7 1 1 2 2 2 3 3 3 2 6 2 1 1 5 3 3 1 2 3 5 5 3 1 3 1 1 2 3 2 1 1 2 2 2 3 1 3 8 5 1 2 1 1 3 1 25 3 8 6 3 3 14 7 1 2 4 2 1 3 2 8 2 7 2 11 3 1 5 2 1 2 1 7 2 2 1 3 1 16 1 11 1 1 12 1 3 3 1 1 1 2 1 1 6 6 2 1 2 15 1 1 5 1 13 1 6 2 3 3 17 1 2 2 2 1 2 1 1 2 2 1 3 28 2 1 2 7 12 2 11 2 3 3 1 1 3 1 1 2 3 3 1 2 11 1 1 7 2 2 2 1 2 2 2 65 2 2 3 2 1 8 73 2 5 4 1 1 1 2 43 1 3 1 1 2 3 1 2
2 1 1 16 6 30 2 1 1 1 1 1 5 1 3 2 1 56 2 2 1 2 1 5 16 241 1 3 9 2 2 1 1 1 1 1 2 21 2 2 3 5 34 4 3 6 1 1 2 1 1 1 1 2 15 6 2 2 2 1 6 1 3 1 2 2 2 1 2 1 2 165 12 1 1 4 4 1 2 1 1 2 2 11 2 2 17 2 2 2 1 5 1 1 4 1 8 3 3 1 1 3 2 7 2 8 2 2 1 4 5 3 1 2 9 3 2 3 8 3 2 1 1 6 26 2 1 1 2 1 1 4 1 247 1 12 1 3 1 3 12 8 1 1 2 6 2 4 1 2 2 3 4 32 1 1 4 14 8 1 5 5 1 2 2 8 2 2 1 2 1 2 3 2 2 13 1 2 2 3 16 2 5 3 1 12 49 2 3 2 1 1 1 1 1 3 1 39 1 1
1 14 2 2 5 2 2 2 1 3 1 2 1 1 2 3 7 5 1 2 2 27 2 7 1 3 1 1 3 6 3 1 3 3 3 2 12 10 5 2 2 1 12 4 2 2 1 2 1 1 7 7 1 3 3 4 1 1 1 1 1 8 9 1 1 3 1 1 1 2 2 11 2 16 2 1 2 1 3 1 1 4 1 1 6 2 8 1 4 2 11 4 2 3 1 1 1 1 1 2 11 41 29 1 2 3 9 5 1 4 1 3 3 1 5 1 2 2 1 2 4 2 1 2 1 2 8 2 2 1 28 1 6 1 2 1 1 4 4 2 1 2 10 4 1 2 1 2 1 10 3 77 3 1 1 10 2 1 5 1 2 10 5 1 60 20 1 2 2 3 4 1 1 3 2 1 2 2 2 3 79 30 1 3 2 1 23 4 8 3 1 2 7 2 3 18 5 1 1 2
2 5 1 2 2 2 1 7 2 2 2 1 16 3 2 1 1 1 1 7 1 2 2 2 5 2 4 2 3 1 1 2 2 1 1 3 2 11 1 28 1 2 7 29 1 2 1 2 1 1 5 2 4 1 1 2 9 1 6 3 3 3 7 1 3 1 3 2 1 2 2 1 1 4 1 17 8 3 11 2 56 26 1 1 1 1 1 1 7 1 3 9 2 2 1 3 3 2 1 2 1 1 2 5 2 2 3 2 4 2 2 1 1 3 2 13 3 1 1 4 1 3 2 2 1 2 5 1 5 1 15 2 1 17 1 6 3 15 4 1 2 3 4 1 1 3 6 2 4 1 2 29 17 1 1 3 2 3 1 2 29 1 3 2 2 5 1 3 2 5 1 1 3 24 3 3 3 11 2 1 1 1 1 5 2 5 4 35 3 2 2 1 9 2 3 2 61 1 46 1
2 15 2 1 2 1 6 201 3 1 1 1 3 4 1 1 3 15 2 34 4 1 1 1 1 3 8 2 2 2 1 11 12 3 2 56 1 2 2 1 1 1 5 2 2 1 17 2 25 2 3 3 1 1 1 2 10 1 2 2 2 1 4 9 8 1 7 3 4 1 5 1 2 2 9 2 2 4 2 6 10 11 3 2 4 10 6 2 6 2 1 1 14 7 1 2 316 24 2 1 189 11 1 14 1 5 5 1 14 1 4 35 1 4 1 2 1 11 3 2 5 1 2 1 5 2 14 4 3 1 1 3 1 2 2 2 1 1 24 3 2 1 34 3 10 15 2 8 3 11 1 2 1 2 1 4 1 3 5 4 3 3 5 1 3 8 5 1 2 1 4 1 1 2 1 2 3 1 17 2 2 2 1 3 2 26 10 5 2 2 4 2 2 23 4 1 3 2 2 1
4 1 1 57 5 1 3 6 5 3 1 3 2 1 3 5 2 2 1 1 1 6 2 3 4 60 1 1 3 2 1 2 1 1 9 1 8 2 2 4 5 4 2 2 5 3 2 79 5 4 1 1 2 1 1 1 2 1 2 2 2 1 3 2 2 1 2 7 1 4 1 7 114 1 3 320 2 1 3 8 3 3 1 2 3 2 2 1 1 8 1 5 12 1 41 2 2 1 1 35 2 1 1 3 1 1 1 3 3 1 2 1 2 1 12 3 1 4 15 1 1 2 1 1 2 2 5 1 17 5 1 5 1 7 2 41 2 4 1 2 29 1 1 5 3 4 17 1 2 2 6 1 2 2 3 2 1 1 1 2 2 37 1 2 3 1 2 1 3 2 5 15 5 1 2 1 1 1 1 1 1 8 5 3 11 2 4 1 2 3 2 11 2 8 1 32 3 1 5 3
11 1 5 1 5 3 1 2 7 16 2 1 59 1 2 7 4 2 1 4 3 8 9 2 1 1 6 3 2 1 2 3 3 1 1 2 1 1 5 2 2 2 1 1 4 6 1 2 4 14 2 2 1 1 4 2 2 3 6 5 1 2 3 2 3 4 2 1 3 1 1 2 1 2 2 1 1 3 5 4 10 1 1 2 4 2 1 1 2 2 1 2 4 4 2 2 5 15 6 1 1 1 1 1 15 1 4 14 2 6 1 1 1 1 1 2 1 2 5 2 1 1 3 3 2 1 2 2 2 1 1 2 33 1 1 2 1 1 110 4 2 99 5 1 2 1 1 23 1 4 2 1 1 1 5 1 1 1 2 2 1 276 1 1 6 2 7 4 4 13 12 3 1 2 1 3 60 1 2 5 2 2 1 1 2 15 1 1 1 1 1 1 2 2 3 5 2 3 8 4
1 1 1 1 3 2 3 3 10 2 1 2 1 4 1 2 1 1 20 2 1 1 1 5 2 3 1 3 1 1 1 7 1 2 1 1 8 25 1 1 4 359 2 1 8 1 2 2 2 2 1 1 2 45 2 8 6 1 2 102 1 1 1 1 3 1 11 21 8 6 1 2 1 4 5 2 6 1 2 13 4 2 2 1 4 2 1 5 4 5 2 3 2 2 1 2 11 2 5 5 1 3 3 2 1 2 43 2 5 2 5 2 1 3 1 2 1 2 1 7 4 5 3 4 1 26 3 1 2 12 4 1 2 1 2 1 4 2 1 2 4 2 90 13 7 1 1 4 6 2 1 2 2 1 1 3 15 1 2 1 95 7 1 4 1 1 159 2 1 1 2 1 33 1 4 2 2 1 6 1 1 2 3 1 1 1 1 1 1 1 21 2 7 5 5 1 2 52 2 4
1 2 5 2 2 3 4 1 5 3 6 1 1 4 3 2 4 1 16 3 3 1 3 1 1 4 14 2 17 4 4 2 1 1 3 5 1 13 3 2 1 2 2 2 1 1 3 2 1 1 2 1 1 2 1 4 4 1 1 15 1 1 6 11 2 1 1 4 43 3 3 3 8 3 19 1 2 4 3 1 1 1 3 8 2 1 8 5 1 12 2 2 11 21 3 7 3 1 4 1 1 1 5 1 4 2 1 9 53 3 8 10 13 4 28 2 2 3 5 3 3 15 1 1 2 7 4 7 2 45 9 11 2 5 1 6 1 1 2 2 1 2 1 1 2 1 1 2 2 65 1 2 3 2 3 1 3 6 4 11 8 5 1 2 3 2 2 4 1 1 1 8 3 1 15 2 2 2 1 3 3 1 3 2 3 30 29 13 6 2 2 3 1 2 2 1 1 1 1 2
4 22 3 1 2 10 2 1 5 2 1 2 2 6 3 2 2 2 1 4 1 1 2 1 2 1 4 299 1 3 3 24 20 1 5 2 2 3 2 2 2 2 4 1 30 2 2 17 2 6 14 1 16 4 8 2 7 1 1 11 17 21 3 26 2 2 4 1 2 1 2 1 1 2 2 2 2 2 3 13 1 1 3 2 1 1 1 1 9 1 2 2 1 8 1 2 3 3 1 1 5 2 1 3 1 1 1 1 6 1 1 3 3 11 3 1 1 6 3 2 2 2 7 1 2 3 3 2 5 1 1 2 2 33 4 1 18 1 2 2 5 1 2 1 5 2 1 14 1 1 1 1 1 7 5 1 3 1 1 1 4 39 27 1 1 5 1 20 2 2 1 3 3 2 3 1 5 34 8 1 28 4 2 1 1 46 1 2 9 7 4 5 3 1 2 2 3 2 1 10
6 1 2 1 3 23 2 1 1 2 1 100 4 2 1 13 1 2 10 2 4 5 13 21 6 3 10 3 2 12 1 1 14 8 1 1 10 3 1 1 15 3 1 309 2 1 1 1 1 2 2 65 2 2 8 1 2 1 2 1 5 1 24 2 1 1 21 2 3 2 38 419 1 3 1 2 1 1 1 1 5 3 1 2 20 2 2 2 2 4 1 1 1 1 2 1 2 1 5 2 2 9 2 1 2 3 1 4 1 3 2 3 1 1 6 2 1 4 1 1 12 3 2 43 2 2 10 1 1 3 18 1 2 1 2 13 1 1 3 6 22 1 16 1 1 4 2 3 1 4 2 9 8 1 2 2 1 3 9 8 1 2 1 4 11 21 3 5 6 1 6 1 1 1 2 1 1 2 2 1 111 50 1 1 3 1 3 2 5 7 11 2 11 2 1 2 2 3 2 1
1 2 68 6 26 2 1 2 1 1 10 1 3 1 16 7 14 3 3 1 2 2 1 19 2 1 1 2 2 1 1 1 3 14 6 21 20 13 53 1 1 2 2 6 3 4 1 1 1 6 1 2 3 1 3 2 3 2 4 4 4 1 3 2 1 5 8 2 3 1 2 11 6 1 2 2 1 1 2 21 4 8 8 1 2 2 2 2 1 2 1 1 1 3 2 4 2 2 1 2 2 1 2 2 14 1 3 2 2 2 2 3 2 2 33 26 3 3 3 1 6 2 1 1 2 5 1 5 1 1 3 5 2 7 29 2 2 9 1 1 5 2 6 1 1 2 43 402 4 27 1 3 2 10 2 3 4 2 2 1 3 21 8 4 1 14 1 1 3 3 4 2 2 7 6 2 3 3 1 2 8 15 3 1 2 2 2 2 1 3 14 2 2 4 2 1 2 7 1 10
2 1 1 1 1 1 6 1 2 11 2 42 5 2 7 3 2 2 1 1 2 2 6 1 2 2 1 2 6 68 31 3 2 12 1 2 1 2 24 1 2 1 10 2 5 1 7 2 3 4 1 2 2 9 1 1 13 5 4 60 3 4 17 1 1 2 13 2 13 13 5 1 1 2 4 5 1 2 2 14 1 1 20 1 1 2 1 2 5 5 1 2 1 2 11 1 1 3 23 23 9 5 3 2 1 3 1 21 3 2 2 1 3 4 18 1 7 300 2 1 17 1 5 2 5 3 1 1 1 3 1 4 1 2 3 3 2 1 1 3 4 2 2 7 3 2 2 7 1 2 1 4 3 2 1 3 2 1 1 1 2 3 1 89 3 3 2 2 1 4 15 17 1 6 5 8 5 2 2 8 3 2 3 2 2 12 1 1 2 2 2 2 4 24 32 2 4 39 29 2
2 1 6 3 2 4 2 3 3 1 1 2 3 1 16 2 1 2 1 1 5 4 2 1 2 4 2 2 1 12 1 1 6 14 1 1 1 6 20 21 1 13 1 4 3 11 1 6 2 2 124 2 4 3 1 3 2 5 3 1 1 4 2 1 1 2 7 7 6 7 6 4 6 1 3 15 1 1 3 4 6 74 1 3 17 5 1 2 49 9 1 8 1 5 9 42 1 2 1 1 1 2 4 3 1 3 16 1 1 12 4 2 2 1 2 3 1 2 1 2 1 202 28 2 1 3 2 2 4 22 29 9 1 3 28 1 34 1 3 2 1 4 1 8 1 2 27 1 1 11 5 2 1 10 1 1 2 2 2 1 2 1 8 4 65 4 10 4 4 2 17 1 1 1 2 1 3 4 4 4 9 1 7 1 14 3 2 2 1 2 3 35 1 5 2 2 1 1 7 2
1 4 1 8 1 2 1 3 4 2 51 4 3 2 2 4 2 2 1 1 2 1 2 3 2 27 1 2 199 14 5 2 14 4 12 1 3 23 56 9 1 2 2 1 2 9 2 1 3 42 1 1 4 1 2 2 2 1 2 13 1 3 2 24 7 2 1 2 2 3 4 15 1 1 1 1 4 5 3 1 1 1 2 1 7 1 2 1 3 7 2 6 3 10 2 1 6 1 2 1 1 1 1 3 1 2 1 33 2 2 2 7 12 2 7 1 5 2 2 4 1 1 1 1 1 60 1 1 2 4 2 1 1 4 1 1 2 3 9 1 1 2 5 2 10 6 1 1 4 3 1 1 1 5 1 1 5 2 1 6 19 2 5 5 1 2 3 1 13 1 10 1 2 2 3 4 3 8 1 5 100 2 1 1 67 8 2 1 78 2 1 1 27 4 19 1 6 7 2 8
1 2 1 2 133 1 1 2 1 3 4 4 7 2 4 9 3 3 5 3 3 8 4 1 2 5 1 2 1 1 9 1 2 1 2 15 1 4 11 7 1 5 2 1 2 2 6 2 3 3 1 1 2 40 1 2 2 2 5 3 1 2 2 3 10 1 4 2 47 1 7 6 1 2 9 1 4 14 1 1 1 1 1 2 2 4 4 2 2 9 1 3 4 15 1 1 2 1 1 14 2 23 2 3 1 1 2 19 2 1 2 2 5 10 7 2 19 1 1 1 7 1 9 1 1 1 1 1 6 7 1 1 2 1 2 2 3 3 3 2 2 1 4 6 1 23 2 6 4 6 4 1 2 4 5 6 2 1 2 2 1 1 2 4 1 2 1 4 1 2 91 19 2 3 1 2 1 2 2 7 1 1 2 1 2 2 2 2 1 2 1 2 6 22 121 7 1 5 2 2
2 15 17 28 3 2 28 6 2 2 1 8 9 2 2 1 3 21 2 42 10 1 2 8 7 4 2 3 53 2 1 1 6 7 4 3 82 1 20 99 2 3 1 2 4 30 3 4 2 5 6 1 1 3 7 7 2 1 5 27 3 2 6 1 2 2 6 2 2 3 3 4 8 1 1 3 2 3 6 1 1 3 1 3 4 14 24 3 2 3 1 1 3 1 1 4 2 1 1 12 8 1 1 6 5 2 4 4 2 1 2 15 2 2 1 3 1 7 2 1 4 35 1 2 2 2 2 2 1 2 1 88 1 4 2 4 1 2 1 1 5 3 3 5 2 2 6 21 1 5 1 5 2 9 4 2 1 2 6 2 2 2 1 4 2 1 5 2 2 1 3 2 1 3 3 5 1 1 1 3 2 2 2 3 5 5 2 9 1 2 2 3 1 1 2 1 5 2 2 1
1 12 3 1 1 2 9 5 3 2 1 2 2 1 1 2 1 2 42 2 2 2 1 5 2 2 8 4 3 2 2 3 5 2 6 4 3 8 1 15 1 4 3 2 1 1 1 1 2 1 1 1 15 1 3 30 13 3 1 4 1 1 8 4 1 2 1 2 3 5 3 3 1 3 1 1 2 1 2 34 1 1 3 4 1 1 1 2 2 1 43 2 2 2 1 14 2 6 2 3 3 2 3 1 2 1 15 1 2 1 1 1 2 1 1 1 13 2 1 1 1 2 1 1 1 1 1 56 2 4 3 27 8 1 2 2 1 1 3 1 4 2 11 1 11 3 14 1 1 1 1 1 4 5 3 8 15 1 4 4 2 11 1 1 1 2 5 3 1 1 1 8 34 2 1 3 1 17 1 8 17 9 2 5 11 2 2 2 2 3 4 1 2 2 3 28 1 2 4 3
2 11 3 1 12 3 32 2 1 57 2 4 3 1 1 1 13 2 1 1 1 1 2 2 1 2 1 2 2 1 6 24 2 1 1 2 5 1 1 2 1 1 5 60 1 4 1 1 2 4 3 2 2 1 2 2 2 2 7 3 2 2 1 29 35 7 3 1 6 8 2 1 2 1 6 1 2 5 4 4 6 1 2 2 2 1 1 1 26 63 7 15 1 3 4 4 5 2 4 3 4 2 3 2 2 8 1 4 2 89 4 2 1 1 4 3 1 2 2 3 3 1 2 1 3 48 6 1 7 1 7 11 1 1 2 3 3 4 1 1 9 1 3 21 3 1 1 3 4 10 2 5 1 6 5 1 1 6 1 1 8 4 2 3 1 1 2 1 77 10 13 36 1 1 8 2 2 1 1 21 7 6 1 6 2 3 2 2 1 8 32 10 2 1 2 1 5 1 3 3
2 1 13 12 6 1 1 2 2 3 1 1 4 7 1 8 16 2 2 3 3 2 4 3 1 4 46 2 3 2 1 1 7 2 1 1 2 2 2 1 1 2 1 2 1 1 6 7 3 2 3 3 1 1 2 2 2 1 2 1 1 3 1 1 1 2 2 1 7 2 1 2 3 3 1 1 3 1 2 2 8 1 2 15 1 1 2 1 1 9 3 2 1 5 1 12 1 2 31 1 5 2 7 2 7 6 1 2 2 1 2 1 1 4 12 1 1 1 2 1 27 11 1 8 3 1 2 1 1 1 1 2 1 7 1 4 7 1 1 5 1 7 1 2 38 7 1 13 3 10 1 1 40 2 3 1 3 1 11 2 11 1 1 3 1 1 3 3 1 4 4 1 15 7 4 1 5 1 2 3 1 3 10 2 6 83 1 1 1 5 2 1 2 6 1 1 1 3 8 1
2 3 3 3 4 3 1 1 1 1 1 9 2 2 11 1 8 1 9 1 2 4 1 2 1 3 2 1 1 29 2 2 1 4 1 2 1 5 1 3 2 5 1 5 12 1 3 2 16 2 11 1 3 2 1 5 1 74 2 6 2 2 2 6 1 77 12 1 8 1 5 3 1 1 7 1 3 1 6 1 1 3 1 4 2 2 2 3 2 1 1 2 8 1 2 2 1 10 3 21 1 1 1 1 2 4 4 4 2 1 1 37 2 2 4 1 1 3 3 2 6 2 2 2 2 3 24 1 1 1 1 1 9 70 1 1 2 3 6 31 3 53 1 4 1 2 4 1 2 1 2 1 61 1 2 9 2 11 2 2 4 45 3 1 1 1 2 1 2 2 6 1 1 1 2 1 12 2 5 4 2 5 1 2 5 1 2 1 6 1 1 5 2 2 5 19 3 2 1 2
5 7 1 20 3 10 1 1 13 8 60 1 1 3 2 18 13 2 1 1 1 1 1 6 6 1 1 2 3 58 1 2 1 3 2 4 24 1 1 7 4 4 1 2 1 2 2 1 1 1 2 22 5 6 52 1 2 16 77 1 1 5 1 68 8 6 1 2 2 1 1 1 2 6 2 3 51 3 1 4 2 2 34 2 5 5 1 2 3 1 1 1 5 5 1 35 2 1 10 1 2 1 3 7 12 4 5 4 3 1 2 1 2 2 2 1 2 1 4 1 1 5 2 1 1 1 2 2 1 1 2 9 1 1 1 3 1 1 1 1 15 5 2 4 2 1 2 2 2 1 15 3 1 1 1 1 1 1 28 31 1 1 2 1 1 1 1 1 8 3 2 7 27 5 2 3 2 2 3 8 6 3 1 13 1 2 1 2 1 1 12 3 19 10 5 3 1 2 6 1
2 1 2 320 2 1 34 6 4 1 1 2 91 1 1 5 6 1 16 2 1 2 2 2 9 1 3 14 1 2 5 4 2 5 4 3 1 4 1 1 4 1 2 1 1 3 8 12 2 2 1 1 2 2 1 1 7 1 3 1 1 1 2 5 1 5 48 2 4 43 1 6 8 2 3 2 2 3 1 4 2 1 4 1 3 2 2 2 12 1 5 1 2 2 3 1 1 8 1 2 3 1 1 1 1 1 1 1 2 4 8 3 3 1 1 4 1 1 5 3 2 2 2 6 4 1 2 2 1 2 3 2 2 4 2 2 1 1 1 1 2 140 3 3 1 7 1 1 3 3 1 2 1 2 2 1 1 2 73 2 5 2 2 1 3 1 4 24 2 1 18 9 21 8 18 3 3 3 1 12 4 7 1 1 2 5 2 1 2 1 2 4 23 4 3 8 2 16 10 1
2 1 1 2 16 11 1 30 3 1 1 6 8 6 1 3 1 1 3 1 16 12 2 2 1 2 2 2 3 12 4 1 10 2 1 10 1 1 4 1 5 413 3 3 7 14 4 1 1 2 1 2 3 6 5 1 13 1 2 1 4 4 2 1 2 12 1 1 2 2 2 6 1 12 1 1 8 1 10 3 6 3 40 2 43 1 3 9 1 1 5 5 14 1 3 2 10 3 2 2 2 2 2 3 1 45 3 1 3 1 7 5 2 3 2 3 2 3 6 1 3 70 2 19 1 4 13 3 1 3 1 2 54 1 2 19 1 2 15 10 1 1 3 2 3 3 2 1 85 1 1 3 1 1 2 2 4 3 3 6 10 2 6 6 2 1 4 7 3 2 6 1 10 3 4 1 4 10 7 3 2 2 2 1 8 2 1 2 1 1 4 1 9 3 3 7 2 3 1 2
3 2 3 2 2 1 2 1 14 1 2 7 4 33 1 4 1 1 1 2 1 1 2 1 3 1 2 4 1 2 2 19 1 5 3 3 1 1 13 11 10 2 1 4 2 2 1 7 1 1 1 1 2 3 3 5 9 1 4 1 2 2 1 1 3 2 1 4 9 2 1 4 4 2 2 2 3 1 2 6 4 2 2 1 4 9 2 3 2 1 2 2 7 1 2 6 1 1 1 1 1 2 1 8 1 4 1 2 3 1 3 2 2 2 1 1 2 3 8 1 1 6 2 1 2 2 1 1 23 2 71 1 6 2 3 2 4 3 4 2 6 1 1 6 1 2 1 1 2 2 6 1 4 4 2 1 3 8 4 1 2 1 3 1 5 1 3 19 2 1 3 4 2 3 2 31 1 2 36 2 1 2 5 1 1 2 1 2 1 7 7 3 18 4 4 1 13 70 2 15
2 3 1 2 27 8 1 1 1 2 5 5 124 2 1 1 1 2 1 5 23 5 1 1 2 2 1 1 1 1 1 1 7 3 1 2 3 1 2 1 4 2 4 1 1 5 3 5 3 1 5 3 4 17 3 1 3 1 3 4 1 3 3 1 68 7 16 9 6 4 4 4 1 10 2 1 1 2 1 2 9 1 1 2 2 98 7 2 1 1 1 2 1 1 1 8 1 1 2 4 1 5 1 2 1 2 1 1 1 3 1 2 1 3 6 3 2 8 1 1 1 4 2 2 1 2 3 1 4 3 260 18 65 2 1 1 3 4 25 5 6 2 20 1 2 3 8 1 5 1 1 6 2 16 3 3 8 2 2 3 1 1 1 2 3 3 1 2 5 5 1 2 4 2 3 1 3 24 2 3 2 1 2 2 14 1 1 2 1 5 2 1 2 3 8 1 2 5 4 2
1 2 14 2 5 1 2 2 1 3 5 2 2 2 1 1 1 1 1 7 1 1 1 2 2 42 2 2 10 1 2 13 2 3 5 1 6 7 1 6 1 1 1 1 2 9 1 4 16 1 2 2 3 8 7 9 1 2 9 2 9 3 2 4 1 1 2 1 2 1 1 2 12 3 2 2 10 2 1 2 2 1 2 1 1 1 2 1 2 2 1 2 2 2 1 2 1 1 50 4 3 1 3 8 1 2 1 1 1 2 3 2 2 1 2 1 2 17 2 1 1 7 30 31 1 5 2 2 1 1 1 2 1 1 4 4 1 2 20 3 2 3 6 1 1 1 2 2 3 4 3 11 1 1 5 2 18 2 2 2 2 1 1 2 1 1 2 2 1 1 2 3 3 3 1 4 6 3 1 1 1 1 2 2 2 1 1 2 1 1 2 12 2 2 7 5 4 2 2 2
3 1 1 34 2 1 2 2 2 1 1 1 1 1 1 8 8 1 1 1 10 1 1 1 2 2 230 10 1 2 2 3 4 4 4 2 3 1 4 2 3 1 1 1 1 2 6 2 1 2 9 2 3 1 3 3 5 1 1 1 28 1 3 1 1 2 2 8 1 3 2 1 4 1 3 1 2 1 1 2 2 1 2 4 2 2 44 1 3 3 1 3 3 1 85 2 1 1 6 2 15 14 2 3 2 2 1 6 3 3 1 1 2 1 19 3 10 5 8 4 2 2 7 4 1 6 2 1 1 7 3 6 1 1 3 2 3 2 1 1 2 16 24 2 1 2 1 11 4 1 1 1 1 2 2 1 1 3 2 3 2 1 2 1 3 2 1 1 2 15 2 2 2 1 35 2 2 3 2 9 6 2 2 2 1 2 6 4 4 2 1 1 6 4 6 4 1 2 1 3
2 2 3 1 3 2 1 2 2 2 8 10 1 1 2 1 3 4 3 1 1 1 1 1 1 2 3 1 2 1 1 1 1 2 1 3 3 1 1 3 1 1 2 5 3 7 2 95 5 1 2 5 10 3 1 4 1 3 8 3 2 2 3 1 3 1 2 1 1 2 1 2 1 17 1 3 3 4 1 3 2 31 1 1 2 2 3 2 1 2 43 3 1 1 3 5 1 3 1 1 175 3 2 2 1 2 3 3 1 54 1 1 1 6 3 3 2 1 2 2 2 2 1 2 1 4 8 1 3 2 4 2 6 1 8 2 2 1 21 3 5 64 45 2 1 1 8 2 2 3 1 1 2 2 5 3 4 2 2 1 1 2 2 5 1 1 2 1 5 30 5 3 1 1 28 1 1 1 1 3 1 1 1 2 1 3 2 4 1 9 2 1 5 1 2 1 1 4 2 3
2 1 3 1 1 1 1 3 9 8 2 8 5 3 1 3 1 1 2 2 1 2 10 2 2 1 4 7 1 1 2 1 2 8 1 1 1 2 2 1 2 2 1 3 5 2 1 1 1 6 1 5 36 2 1 1 6 2 2 6 5 1 1 2 1 2 5 5 370 1 5 1 1 4 1 2 2 2 2 3 1 3 1 2 11 2 1 1 53 7 2 1 4 1 3 7 39 2 2 3 2 12 2 1 7 2 1 2 19 7 2 1 2 4 3 1 3 42 1 2 5 8 134 1 2 1 9 5 2 2 32 2 1 2 2 13 2 1 1 1 7 4 1 9 15 1 3 6 2 8 1 1 4 2 2 1 4 5 1 4 2 2 3 2 1 1 1 7 10 2 1 12 1 12 3 23 3 2 3 7 2 6 2 1 3 3 1 6 2 7 1 2 15 6 10 2 16 1 2 3
2 11 6 4 1 2 3 1 1 4 1 1 1 1 2 4 1 1 3 1 3 1 2 1 2 1 1 2 3 7 1 48 1 2 8 13 1 1 3 3 2 2 1 1 1 2 2 2 1 1 2 1 8 4 3 2 2 2 8 2 2 36 2 2 2 22 2 5 2 1 1 1 3 6 2 2 23 4 2 2 4 2 13 1 3 3 3 3 3 3 1 13 3 3 2 2 8 1 6 3 2 3 5 1 3 2 1 17 1 2 1 17 1 4 1 2 1 2 2 1 4 1 1 2 16 2 1 1 1 2 1 2 1 1 1 2 1 1 5 7 1 16 1 2 187 1 2 9 2 1 2 1 3 2 1 3 31 2 2 3 1 13 105 1 1 4 2 6 1 2 2 1 5 2 2 1 1 2 6 4 1 8 1 10 3 3 8 21 2 3 2 10 6 22 1 2 4 1 1 2
14 1 8 7 2 1 3 2 2 1 4 1 5 1 4 1 2 1 3 2 1 13 1 2 2 8 4 1 1 4 1 1 5 3 2 3 15 1 13 6 1 3 2 2 1 1 2 2 2 10 3 8 6 1 5 1 1 1 3 11 2 1 3 1 2 1 2 2 1 2 7 2 1 4 3 1 5 1 5 1 8 1 2 6 6 5 8 26 1 1 1 11 1 1 1 2 1 1 454 3 1 3 1 4 5 1 1 2 5 1 28 1 2 1 12 4 3 1 19 3 1 5 5 3 7 1 3 2 6 1 1 2 5 1 1 1 15 5 1 205 7 2 1 2 4 1 2 2 2 1 3 4 2 2 1 4 3 19 12 8 2 3 1 1 3 1 1 1 3 17 8 2 8 1 1 12 1 1 97 3 4 1 2 12 1 2 2 1 1 1 1 10 1 4 1 4 1 2 3 1
1 1 1 9 1 1 2 4 3 2 5 2 1 21 2 5 3 1 2 1 1 3 1 3 192 2 2 2 3 1 2 2 17 4 1 3 1 1 2 6 6 1 4 2 13 3 2 2 4 2 1 1 1 4 2 11 4 21 3 1 2 1 1 5 4 2 1 2 13 6 1 5 1 7 7 1 34 2 2 8 4 2 1 5 2 2 5 4 1 1 5 2 13 1 1 5 1 2 6 1 2 2 1 2 6 3 13 7 1 2 1 1 7 14 2 2 2 6 1 3 1 3 1 2 18 1 6 1 1 3 1 4 1 50 1 16 1 2 15 1 9 1 2 2 2 4 19 4 2 1 26 7 2 4 3 3 3 2 1 38 23 1 2 2 3 5 9 23 5 2 1 1 4 29 4 1 4 1 5 1 1 1 2 13 11 41 3 2 6 2 2 2 6 2 2 3 2 5 2 1
1 6 7 2 3 2 1 2 2 1 2 2 2 2 1 1 2 2 15 2 2 1 1 4 4 1 2 3 3 1 3 3 2 12 4 8 1 2 6 244 2 1 1 32 2 2 1 1 1 3 2 5 5 1 3 5 5 2 1 5 3 1 2 2 1 1 1 1 1 12 1 13 1 9 2 1 5 338 1 10 2 1 1 1 3 6 2 1 3 1 2 1 4 2 2 2 21 2 5 40 2 4 3 12 3 1 46 1 1 1 2 15 1 1 1 71 2 1 2 3 2 4 1 2 3 2 3 2 7 1 4 1 12 2 11 2 2 3 4 3 10 1 1 39 1 8 2 4 2 1 2 15 2 34 4 16 3 1 2 1 2 3 2 2 2 17 5 1 1 4 1 28 10 6 2 6 1 5 2 1 2 78 1 60 2 1 2 3 2 1 1 4 2 3 1 27 1 1 2 2
2 3 1 1 1 62 3 15 4 2 1 2 2 3 3 1 3 1 1 2 19 3 132 1 1 2 1 5 1 1 2 2 4 1 14 3 1 25 5 1 2 4 1 1 2 1 5 2 3 3 5 1 3 9 5 21 4 1 2 3 2 2 3 1 1 1 9 1 1 3 1 2 2 34 1 3 1 6 2 1 2 2 1 2 1 2 1 3 2 4 4 6 1 4 1 1 1 1 1 2 1 2 1 4 1 1 2 2 4 4 4 1 6 2 2 3 2 4 1 1 1 3 8 13 1 5 1 2 2 1 3 4 3 2 1 1 1 1 5 1 5 3 1 10 16 1 4 2 2 2 3 1 2 1 1 3 4 1 2 3 1 1 1 1 1 1 12 2 2 10 2 3 2 12 1 2 2 2 1 1 5 3 1 7 8 8 4 8 2 3 3 3 2 2 4 10 2 1 1 1
8 1 13 2 4 1 1 2 13 1 1 3 1 4 3 50 1 2 18 4 1 2 3 3 4 5 2 8 1 7 3 61 1 1 2 12 2 6 1 3 2 2 5 2 5 4 1 15 2 1 1 6 1 4 3 1 2 7 2 1 7 1 1 4 1 2 2 1 122 3 1 5 36 2 2 3 3 2 5 2 5 1 2 3 2 2 16 1 6 2 22 23 2 2 5 3 6 1 4 2 24 2 1 2 1 14 8 4 16 2 1 2 3 36 2 1 2 1 2 13 2 3 2 1 17 2 23 1 4 1 15 4 1 7 1 1 2 2 1 1 1 9 2 1 63 6 1 2 2 3 2 2 3 1 1 1 1 14 2 14 15 1 3 4 1 7 1 2 1 2 1 1 1 1 2 7 1 2 2 2 2 44 4 2 2 3 2 2 20 3 1 3 4 3 1 1 5 1 47 4
2 2 1 1 2 1 2 5 4 3 1 2 1 1 10 2 1 2 2 2 1 1 1 12 7 3 1 1 3 2 4 2 2 1 40 2 2 1 2 1 2 2 1 1 1 31 1 2 6 2 2 1 2 1 3 14 1 10 3 3 1 1 2 1 1 1 2 1 1 2 1 1 1 1 1 1 2 4 1 6 4 5 1 3 2 15 11 3 4 1 6 1 3 7 4 2 1 4 2 2 2 1 2 1 61 4 1 3 3 1 4 2 1 48 1 3 2 4 3 5 9 1 1 2 2 7 2 11 4 2 26 2 1 1 3 28 1 2 2 3 28 2 4 2 1 4 12 7 1 1 4 2 4 3 2 4 3 2 5 8 1 18 1 4 7 2 263 3 1 2 4 1 3 1 1 2 15 2 3 2 2 1 2 1 1 2 1 2 3 3 1 2 1 1 3 4 4 1 2 1
21 8 4 8 2 2 1 2 1 1 3 1 2 3 1 2 15 2 4 47 1 4 1 2 2 4 5 1 1 1 4 2 1 1 13 2 1 1 40 1 1 1 4 1 1 11 1 5 1 1 4 3 53 1 2 10 18 1 2 2 1 8 2 1 1 1 13 6 3 63 1 11 2 9 2 2 1 1 2 1 1 5 1 9 1 2 4 1 1 11 2 2 1 8 2 3 1 2 1 2 28 1 1 2 1 2 1 1 1 2 3 2 1 10 2 2 2 1 4 1 2 1 2 1 1 1 4 2 7 1 1 4 3 1 1 3 2 1 1 1 2 14 2 2 58 6 2 1 2 1 1 2 3 2 4 1 20 8 2 4 2 4 2 2 2 2 231 2 1 1 2 7 3 12 57 2 19 5 4 4 1 1 1 2 1 1 2 1 1 2 1 1 3 4 2 3 1 359 2 4
369 1 2 16 1 2 5 3 1 2 2 5 3 2 1 1 1 1 2 2 4 1 5 2 1 3 1 1 31 6 2 3 2 1 2 2 5 1 2 1 1 1 3 2 1 2 1 2 22 1 1 1 3 2 1 1 2 2 3 3 1 5 2 6 2 1 4 1 1 3 2 5 1 19 5 3 4 4 3 1 7 6 2 1 12 4 11 5 14 1 2 1 4 12 2 5 1 2 3 1 19 2 2 2 1 1 1 2 1 9 1 1 1 1 7 6 1 2 1 2 1 19 6 2 2 1 2 395 2 12 2 182 2 1 1 4 28 2 2 1 1 1 2 1 3 3 1 1 2 1 2 6 2 1 2 2 3 1 1 4 3 5 10 1 1 3 6 13 1 2 4 2 3 2 1 2 1 4 2 1 1 1 4 17 2 17 2 3 1 4 1 1 26 2 1 1 2 2 2 9
1 8 8 1 3 2 1 1 10 1 3 3 10 1 1 37 2 2 3 47 1 9 4 3 1 1 1 1 1 2 1 4 3 3 2 2 12 3 11 4 1 2 2 1 127 1 7 3 2 1 2 1 1 1 3 1 1 2 3 2 4 2 3 4 15 4 1 2 2 3 2 1 7 2 3 53 1 1 1 1 2 1 1 2 3 4 3 7 9 2 1 1 3 2 3 11 1 2 2 3 65 1 1 1 19 4 1 1 1 1 1 2 7 2 13 1 2 4 3 1 1 1 2 8 10 2 1 3 96 1 2 1 4 4 2 3 2 12 10 2 7 8 1 15 2 3 1 2 4 22 1 4 4 4 4 2 7 1 1 1 3 2 6 1 1 2 2 9 3 3 15 1 3 3 3 6 11 2 8 28 7 11 5 1 2 18 2 19 2 1 2 2 2 2 2 3 4 1 8 15
1 2 7 1 1 1 5 2 2 1 5 7 1 4 1 2 4 4 2 10 1 1 2 31 1 4 2 7 4 2 1 1 2 9 3 2 7 4 3 1 1 2 2 1 3 1 1 2 2 2 1 1 30 2 9 5 7 6 2 1 1 6 1 3 2 1 1 9 2 2 10 104 2 71 4 2 7 7 3 1 2 3 1 3 2 4 1 1 1 1 2 1 3 2 1 1 1 3 1 3 5 2 1 1 2 4 5 1 2 4 2 1 3 2 2 1 2 1 3 1 1 1 3 1 1 1 3 12 4 3 32 4 12 1 3 4 2 4 1 3 2 7 1 1 1 8 3 3 2 1 1 2 3 3 1 1 33 1 2 2 1 1 25 4 1 2 2 1 7 1 3 4 4 1 2 1 4 1 4 1 2 2 1 1 2 1 3 3 2 7 7 1 10 2 5 1 2 3 2 2
2 1 4 2 1 8 1 4 3 2 2 2 1 2 8 13 1 2 3 1 1 2 2 2 2 1 2 1 28 1 1 11 1 2 1 2 5 5 1 2 2 18 3 1 11 6 3 2 25 4 1 4 1 1 1 31 2 1 1 2 2 1 13 4 1 32 3 1 3 3 2 10 1 4 1 6 6 2 1 1 2 2 1 2 1 2 3 4 6 14 1 6 3 4 2 1 4 2 1 1 4 11 5 3 1 2 4 1 6 2 2 2 2 2 3 8 1 5 4 3 3 1 1 2 5 4 8 8 3 1 1 1 2 4 4 1 8 2 4 1 1 2 1 1 2 1 2 5 3 3 1 1 3 2 4 54 2 4 15 74 2 13 1 2 1 1 2 1 1 1 2 3 6 1 31 451 1 1 2 6 1 3 11 3 2 4 1 1 2 1 16 32 1 55 3 7 5 1 2 2
1 2 5 1 7 1 4 1 9 1 2 4 3 1 3 9 1 1 2 9 3 2 39 2 1 5 1 2 1 3 21 3 4 1 2 1 4 5 1 6 4 4 5 6 1 2 3 8 6 4 2 1 11 4 2 9 3 1 2 2 1 1 1 11 3 1 2 3 1 2 1 1 37 3 19 2 1 1 1 5 22 1 4 2 1 3 1 1 6 17 1 1 1 4 1 1 8 4 8 7 2 1 2 4 14 2 2 2 3 4 1 2 1 2 39 5 1 1 1 3 1 1 1 1 2 2 3 1 1 2 1 2 3 2 1 6 1 25 2 6 1 3 2 1 1 3 5 89 18 9 4 2 1 1 7 1 3 2 2 1 1 1 4 4 132 1 9 6 1 3 1 2 2 5 2 25 1 2 1 1 1 1 6 17 15 1 2 2 2 1 28 1 1 2 1 1 1 1 1 3
1 1 7 9 1 2 1 2 23 3 2 3 1 2 1 2 2 3 2 5 5 2 3 2 3 8 1 2 2 11 3 8 1 2 1 1 7 1 1 1 2 3 1 1 1 8 1 1 3 5 1 3 2 1 1 42 8 1 1 6 1 9 1 2 1 2 3 6 2 96 1 1 50 2 15 6 1 3 2 1 3 1 2 7 25 2 1 77 2 2 7 1 1 2 11 1 7 7 5 5 103 2 3 2 2 12 3 2 1 1 6 2 3 3 8 1 2 11 1 5 1 7 2 4 10 1 1 1 63 2 3 8 1 2 4 1 6 1 1 5 13 1 2 1 1 2 4 2 5 1 3 1 11 1 6 1 1 1 2 1 2 1 3 9 2 3 1 2 14 2 6 3 2 2 2 3 1 2 2 3 2 2 14 2 1 3 1 1 61 1 1 21 2 2 2 1 6 1 1 1
5 1 45 91 5 1 1 3 2 1 2 20 1 5 2 4 1 3 2 3 2 2 3 2 2 2 62 1 1 2 3 1 1 2 7 4 1 8 4 1 5 1 1 2 1 77 2 3 2 5 1 2 1 2 1 1 5 2 3 1 3 4 2 2 6 11 1 1 2 5 3 1 2 2 2 485 1 1 2 26 1 2 2 6 21 2 2 1 1 2 1 3 2 5 2 5 1 4 2 1 12 1 1 1 2 1 1 2 3 3 1 3 1 1 4 3 4 1 3 1 4 5 6 5 2 2 2 3 1 9 1 1 2 2 3 2 1 3 5 257 7 1 2 16 3 2 1 1 1 5 1 1 1 9 4 5 1 1 3 1 2 1 2 1 2 2 2 2 1 2 2 6 2 2 32 1 1 6 116 3 2 1 80 3 1 5 6 1 1 2 2 13 1 2 3 5 7 3 11 1
3 1 4 1 3 11 1 6 4 6 1 1 1 1 3 14 5 1 2 3 1 2 2 3 1 1 79 12 1 1 5 2 1 4 10 3 1 1 5 7 72 2 1 2 1 334 2 2 4 1 2 1 2 2 4 4 1 16 2 3 9 9 1 1 3 1 2 3 2 10 14 3 1 2 4 3 3 2 8 1 1 11 3 1 2 1 2 3 1 2 2 1 1 2 3 4 1 1 1 4 3 1 1 2 2 478 4 3 4 1 7 1 12 2 9 6 2 2 1 1 18 1 3 60 3 3 1 1 2 22 2 3 1 1 4 6 1 1 2 162 2 3 1 11 2 1 1 1 148 2 1 146 2 2 17 1 2 4 5 4 1 2 6 112 2 1 1 1 7 2 1 1 2 1 3 21 1 1 2 1 1 4 1 9 1 16 1 1 6 1 1 2 1 1 1 1 9 12 3 2
1 2 1 1 3 2 2 1 1 5 6 1 1 1 2 19 1 2 1 1 19 2 11 3 9 22 1 10 13 12 10 11 14 2 20 6 1 2 1 2 2 1 2 2 1 4 2 21 3 9 3 2 2 5 1 3 2 1 5 3 1 2 2 2 1 2 1 5 3 2 1 26 1 3 2 1 6 1 3 2 1 4 33 1 1 2 2 5 3 2 2 8 5 1 2 4 1 2 1 2 3 2 6 3 4 7 2 2 8 1 3 1 3 1 4 2 1 11 4 5 2 1 3 8 7 1 2 1 2 12 1 4 1 6 4 2 1 1 3 1 3 15 4 1 3 1 3 2 1 1 1 2 4 1 6 1 2 16 11 2 3 1 2 1 1 2 4 1 1 1 1 2 1 2 4 1 16 6 3 1 3 2 2 4 3 1 3 3 1 6 1 4 5 3 9 2 6 7 2 1
4 5 3 3 1 189 1 1 2 3 3 1 1 1 3 10 1 2 7 6 2 8 2 1 10 6 1 1 40 4 2 1 10 2 2 2 4 1 1 1 2 1 2 3 1 17 1 3 1 1 3 3 1 1 1 2 2 1 2 5 2 5 14 2 11 3 2 3 1 2 44 2 2 50 1 2 76 1 3 3 1 1 4 1 2 1 1 3 2 1 22 3 30 2 1 11 6 2 1 1 2 1 1 1 4 1 1 12 3 2 16 3 4 3 1 1 3 2 1 3 15 1 1 2 3 4 9 1 12 3 1 1 2 1 11 8 1 2 2 31 2 6 1 1 1 1 1 2 2 1 3 1 2 1 2 13 3 8 7 2 1 1 14 2 9 2 1 4 1 1 1 1 2 1 1 36 3 19 2 1 2 4 1 2 68 3 1 2 2 2 1 2 1 2 1 2 3 4 1 1
6 1 1 2 23 2 2 26 31 6 1 1 1 4 1 2 2 2 1 1 129 1 1 1 1 3 2 2 1 2 5 2 3 2 2 3 1 1 1 3 5 5 3 1 1 1 2 2 1 1 2 23 1 3 1 7 2 1 4 2 1 1 2 2 3 5 1 2 2 2 1 2 3 1 1 1 3 2 6 3 2 12 3 2 1 251 4 183 1 2 2 1 2 8 6 5 2 3 1 3 1 2 5 4 12 4 4 2 3 3 3 1 2 1 3 2 3 2 14 2 4 2 3 1 4 2 31 2 4 1 1 5 2 50 1 8 1 2 1 9 2 1 1 1 1 1 2 1 5 4 2 1 1 4 1 5 1 6 1 1 13 3 3 11 2 3 1 4 2 1 4 1 1 3 6 2 1 1 2 7 1 11 1 2 2 2 46 1 2 1 2 9 2 2 2 2 2 2 9 1
2 1 1 1 2 3 2 1 1 2 2 3 1 2 2 2 1 3 12 1 1 1 1 1 4 4 2 1 2 4 1 1 1 1 1 152 19 2 3 3 3 1 6 8 1 2 4 4 1 1 1 5 2 1 19 2 2 1 2 4 3 1 2 1 2 2 3 1 4 133 3 1 4 2 2 4 1 1 3 16 5 3 1 3 1 2 1 1 1 2 1 8 3 3 1 1 2 1 2 5 15 2 3 1 1 1 83 1 4 4 1 2 2 1 3 5 7 1 68 6 3 1 2 7 1 9 8 3 3 1 5 2 1 2 1 2 2 1 6 1 3 2 7 10 2 1 3 2 2 4 1 2 2 2 2 5 9 1 1 1 1 1 2 3 2 8 2 2 1 1 7 1 2 2 4 21 2 1 1 1 1 1 7 1 4 1 1 4 3 1 3 2 24 1 3 1 2 3 2 1
39 1 2 1 5 2 6 4 7 1 5 2 2 2 7 1 3 2 21 2 2 6 1 24 2 13 2 1 3 2 1 2 4 2 3 2 4 1 2 1 1 7 2 7 49 7 1 13 2 191 56 1 2 2 86 5 2 20 1 1 2 6 2 3 1 13 4 3 3 2 2 2 1 2 3 1 2 1 1 2 2 2 1 7 3 4 2 6 5 2 1 2 2 8 3 9 3 1 2 3 3 2 1 2 25 1 2 1 1 2 1 2 1 1 2 1 2 4 15 6 2 1 3 1 6 1 4 1 2 2 2 1 57 1 2 6 1 1 2 11 3 8 2 1 1 2 12 4 2 1 2 2 3 3 1 2 5 13 2 3 1 2 5 2 3 1 2 1 22 16 3 46 13 2 1 1 2 3 2 5 1 1 1 5 4 4 1 2 3 5 2 2 7 2 1 4 1 2 1 2
1 2 50 2 5 1 4 6 1 2 3 11 1 1 1 11 1 2 33 4 2 1 2 3 1 1 1 6 2 1 3 2 2 1 3 8 2 2 2 20 1 4 2 2 2 4 2 1 4 1 2 2 1 7 9 1 1 2 2 1 2 2 2 2 4 10 1 1 1 18 19 1 4 3 2 21 2 2 3 4 1 1 2 4 4 3 2 4 8 3 41 1 128 2 3 20 7 2 6 1 1 2 1 2 5 4 2 1 1 1 3 1 2 5 3 2 3 3 1 2 2 1 23 4 5 18 2 2 1 2 2 18 3 25 8 2 3 3 4 1 105 136 1 2 19 4 1 4 2 2 1 1 7 2 1 1 2 2 5 1 14 69 4 1 2 1 1 5 4 2 3 2 2 2 3 3 1 1 6 8 2 6 8 2 1 2 7 6 2 2 2 3 15 2 1 1 10 17 11 8
2 10 2 2 2 1 1 1 2 11 1 7 1 1 1 2 31 2 1 5 19 6 2 2 2 3 4 1 1 25 2 1 3 2 1 3 2 3 1 2 2 2 2 5 1 16 1 5 1 1 1 4 5 4 18 1 2 197 5 2 2 3 2 4 2 4 1 1 2 1 2 2 327 2 6 29 1 1 2 1 3 4 7 3 2 3 1 2 1 9 3 1 2 1 1 2 1 2 1 3 1 1 20 3 10 4 17 2 10 4 4 2 3 2 7 1 3 8 7 3 3 2 2 3 10 2 2 1 52 84 1 5 2 1 1 2 1 162 2 1 1 2 2 14 2 3 2 1 1 1 4 1 1 2 2 7 13 78 1 1 4 2 3 1 1 1 5 1 1 1 1 2 1 7 1 1 6 4 2 1 1 2 16 1 30 3 2 2 1 1 2 3 2 2 1 1 5 7 4 11
4 1 2 1 7 1 2 2 9 2 1 2 4 8 44 1 7 11 1 68 1 3 2 45 3 2 22 1 1 1 5 101 1 3 1 5 2 1 2 1 1 15 1 15 1 2 4 1 2 1 1 8 1 3 74 3 2 1 1 62 1 1 2 1 2 2 1 1 1 3 1 2 7 3 4 1 3 2 4 2 8 2 3 1 9 2 1 8 9 2 2 1 1 29 19 6 1 1 2 23 2 5 1 2 2 4 18 2 2 1 11 14 1 4 5 6 2 1 37 1 10 2 1 3 1 6 4 4 5 2 21 3 2 1 1 2 1 2 1 20 5 2 28 3 6 2 3 3 2 1 1 1 1 1 5 1 2 2 10 2 1 2 12 3 2 2 3 14 2 4 1 1 2 1 2 2 166 3 6 2 2 3 3 2 2 4 5 1 1 11 3 6 11 9 1 2 2 2 3 14
2 24 2 2 2 1 4 1 3 3 1 2 1 1 3 1 18 2 1 1 1 1 1 1 1 3 19 1 2 2 1 2 2 1 5 5 4 6 10 1 2 1 4 6 2 6 7 3 25 100 1 1 3 9 1 1 6 13 1 1 1 7 9 17 2 2 2 1 3 1 11 3 3 82 3 2 2 2 1 1 2 1 3 3 1 1 2 2 2 1 1 1 3 1 2 1 24 2 6 15 1 2 2 3 1 3 2 12 57 2 3 2 2 3 1 1 2 2 1 11 2 3 1 13 4 4 4 2 2 1 2 1 2 3 1 3 2 5 1 3 1 4 1 1 2 1 1 4 2 2 1 11 10 4 3 1 1 3 1 1 1 31 8 5 1 11 3 48 2 3 1 4 2 2 2 15 4 2 1 1 1 1 1 1 13 17 2 3 2 3 2 1 2 2 3 1 2 1 1 1
2 1 3 7 28 2 10 4 57 2 7 8 5 1 3 2 2 150 1 2 1 9 1 18 1 3 4 2 2 4 1 3 3 3 1 8 2 1 5 2 4 2 1 1 2 1 5 1 1 1 1 1 4 3 76 1 1 6 1 2 1 10 3 9 2 1 4 1 13 1 1 1 1 8 1 8 8 2 6 2 1 1 1 1 32 20 1 3 19 1 2 2 2 2 10 1 1 2 7 1 1 2 10 33 4 2 7 6 2 1 2 6 13 2 1 1 1 2 3 1 2 1 38 18 1 2 2 1 13 2 6 3 3 4 2 3 9 1 4 2 2 1 1 3 1 3 58 5 2 1 6 4 13 1 3 9 5 2 2 2 5 5 2 1 1 2 2 2 2 21 2 7 5 1 15 1 3 2 2 1 22 6 5 2 2 1 14 3 2 7 9 4 4 8 2 11 2 2 15 5
14 1 42 1 2 1 3 1 2 3 1 6 1 14 4 3 1 2 1 7 3 2 4 3 2 2 2 14 3 3 2 4 3 37 7 2 1 3 14 17 8 1 1 1 1 2 2 3 3 8 2 121 2 4 1 1 2 3 247 7 2 105 18 2 1 7 2 2 2 1 3 1 15 1 2 2 2 2 1 1 15 6 2 2 1 2 1 2 2 7 1 1 2 2 4 1 7 3 1 3 5 2 1 1 2 10 1 12 6 2 4 1 2 1 3 2 13 3 66 4 1 1 12 2 3 1 2 2 3 1 1 1 1 1 12 34 1 3 257 2 24 56 4 2 1 3 2 4 1 1 2 15 3 4 1 1 1 2 2 1 1 6 1 3 2 2 17 3 8 2 1 5 1 169 4 1 5 5 1 1 2 4 1 11 8 3 1 3 1 3 1 4 3 3 1 1 1 9 1 1
1 4 5 1 7 2 1 2 3 1 1 1 41 5 2 101 4 6 3 5 1 6 1 1 4 1 21 3 11 2 2 2 2 38 3 2 2 1 1 1 1 2 1 3 16 2 4 2 1 1 1 2 1 1 1 1 2 1 7 1 1 2 2 1 2 1 4 2 1 1 5 2 1 4 1 2 3 2 2 2 3 2 2 3 2 1 4 2 1 1 1 3 2 1 7 1 2 7 2 9 1 3 3 1 94 2 1 3 1 4 2 1 3 3 1 10 3 2 5 1 3 1 2 1 1 6 3 2 3 1 2 2 1 2 5 3 2 1 2 2 2 1 4 2 9 4 3 11 2 1 3 3 1 8 2 4 2 2 1 3 9 1 1 11 2 1 5 7 3 2 61 12 1 1 1 11 2 3 1 12 3 2 2 2 12 2 10 1 27 6 2 1 3 5 2 2 2 1 4 3
1 4 83 2 2 2 2 10 9 1 2 10 4 21 1 4 1 2 4 2 2 2 11 3 2 1 2 2 40 1 8 1 65 4 1 2 1 1 2 1 2 1 1 1 1 9 5 7 4 3 5 1 4 2 2 2 1 1 5 1 1 3 2 1 1 2 2 3 5 7 1 1 3 1 1 3 3 2 4 7 6 2 1 5 55 3 4 1 1 2 3 1 1 7 1 3 2 4 2 2 9 2 13 1 3 2 1 1 1 15 2 1 3 2 2 1 28 1 4 1 7 1 5 3 2 1 1 2 4 1 2 1 4 2 1 4 1 3 5 1 8 2 4 8 2 1 1 1 2 4 3 3 12 2 6 1 2 79 3 1 1 2 1 4 1 1 1 2 1 14 1 7 1 2 1 24 3 2 1 3 2 3 9 3 2 4 2 2 1 3 1 3 6 2 9 2 2 4 3 5
1 2 1 4 4 2 4 1 4 1 1 52 2 22 5 8 3 2 29 3 1 2 2 1 1 1 1 2 3 13 1 8 2 1 2 1 2 5 2 4 2 1 2 15 3 5 1 4 1 4 1 7 1 3 2 1 1 1 2 4 2 20 1 1 1 1 2 9 5 8 3 5 5 1 3 7 10 2 3 2 1 10 1 2 2 1 1 3 2 1 1 2 2 5 3 1 1 4 3 1 5 1 15 1 2 2 1 2 1 1 3 59 1 3 1 1 4 2 2 1 1 4 2 3 2 1 5 18 2 1 3 1 135 1 1 2 42 4 2 1 2 2 3 1 9 2 2 2 2 2 2 4 223 6 2 1 3 2 3 1 4 2 1 158 1 1 2 3 2 8 1 1 1 1 5 1 2 1 1 16 2 1 2 1 1 1 1 1 2 18 1 4 3 2 4 29 2 2 1 1
20 1 1 1 16 2 7 13 1 1 1 4 2 8 2 1 2 3 2 3 15 1 2 13 9 1 1 1 2 2 1 2 2 1 2 1 13 2 2 1 2 4 22 2 1 1 2 2 2 8 3 1 2 4 23 1 3 2 1 1 4 5 3 4 2 3 2 3 2 10 2 3 1 1 1 5 2 1 1 80 28 1 1 1 1 19 11 3 7 3 7 1 2 1 3 1 4 3 3 2 1 2 2 3 1 4 2 2 3 2 97 2 3 13 4 2 1 16 1 164 2 6 2 2 1 2 3 1 3 1 1 4 33 4 2 19 1 3 5 1 2 1 3 10 4 2 1 2 3 44 2 4 1 3 1 2 2 15 1 2 11 3 1 2 1 2 1 2 1 1 4 1 2 2 1 3 2 2 3 1 2 10 2 2 3 2 1 2 21 1 1 2 1 2 3 2 2 2 3 5
4 17 31 1 4 1 3 7 16 1 2 1 2 2 1 1 12 3 3 1 3 3 3 3 7 4 2 2 1 2 2 1 1 2 2 1 1 1 15 2 3 1 9 1 2 1 2 2 1 7 7 1 1 1 1 1 11 2 10 7 2 6 3 35 60 4 2 4 1 4 2 1 14 2 3 2 3 5 5 3 2 3 22 1 10 2 1 2 1 4 1 5 2 8 2 8 21 2 2 2 5 2 14 1 3 1 1 7 5 1 2 38 4 7 2 2 3 1 1 1 2 4 5 7 2 2 3 1 1 2 1 1 8 1 4 1 3 3 2 2 10 11 2 2 1 1 1 1 2 6 2 3 3 1 3 1 1 3 2 3 2 2 1 2 9 1 5 4 1 2 2 2 3 1 3 4 6 2 3 3 2 2 2 2 1 4 1 4 71 4 7 1 3 1 1 24 5 4 3 2
5 1 5 3 7 1 1 2 8 6 4 1 2 5 1 7 5 3 2 2 2 1 5 4 1 34 1 4 4 3 2 4 1 2 2 2 2 3 5 2 4 4 4 2 6 1 2 3 4 3 2 1 43 2 2 2 1 30 2 5 1 1 3 5 5 2 1 2 2 9 1 3 1 2 1 3 12 2 3 1 2 1 2 1 1 17 1 1 3 8 2 1 2 5 1 3 50 1 1 3 20 4 5 25 1 1 3 2 2 2 8 1 2 6 1 1 1 1 2 1 1 2 1 2 13 1 1 4 5 2 2 1 2 10 1 3 2 2 2 3 1 1 1 1 2 1 1 3 3 1 2 4 2 36 4 2 33 2 17 6 1 1 1 2 3 2 7 1 1 5 8 1 1 2 1 3 18 19 2 2 3 2 2 2 1 2 1 9 1 1 1 15 2 5 1 1 2 2 2 1
5 2 2 1 3 8 1 2 3 1 2 1 2 1 2 55 1 1 2 5 1 1 4 1 4 1 2 1 2 3 2 5 2 2 3 2 2 6 11 1 1 2 3 1 1 1 6 2 2 14 38 11 2 1 5 1 3 2 2 7 2 2 2 1 1 1 2 2 4 2 27 2 9 2 2 3 2 2 1 7 2 11 2 2 2 2 2 1 1 3 3 1 2 1 1 30 1 2 7 1 6 41 2 15 2 20 2 1 1 1 6 3 1 5 9 26 10 2 1 2 4 2 1 1 9 9 1 1 1 14 19 1 18 22 1 1 1 1 2 2 1 1 3 3 7 2 30 8 6 1 1 3 11 398 13 2 2 3 1 2 3 4 1 2 4 7 25 2 1 3 1 1 2 3 2 1 4 1 7 1 16 2 2 2 1 1 1 1 3 2 1 3 2 14 11 1 1 6 3 23
7 1 7 2 1 1 19 1 1 6 1 2 1 30 2 2 2 58 1 2 5 3 29 2 1 1 2 1 7 1 1 1 16 5 1 2 1 4 43 6 1 1 4 2 1 21 1 1 1 16 4 2 1 1 7 6 4 56 1 1 8 5 13 2 1 2 9 2 2 1 8 4 4 1 3 2 2 1 1 1 1 2 3 6 2 2 2 1 3 1 2 1 2 6 1 2 2 8 1 1 1 2 2 1 8 1 1 4 1 1 2 1 5 3 3 2 1 1 2 2 9 3 2 2 3 2 2 1 3 2 2 4 4 1 1 1 2 1 2 2 74 1 2 1 1 3 1 2 1 2 1 8 3 1 1 1 1 3 3 1 4 49 1 1 15 2 2 1 2 1 3 129 1 1 1 8 2 2 51 1 3 1 1 2 1 7 11 248 8 2 1 6 1 21 15 1 1 2 10 3
3 1 2 1 7 1 1 1 2 1 2 2 24 2 3 1 2 2 1 1 1 1 1 25 10 3 1 7 3 2 1 3 9 7 3 2 2 6 2 3 3 6 4 2 4 1 2 1 1 53 1 1 2 2 7 1 7 1 6 1 2 3 2 3 1 5 1 2 15 10 3 3 4 5 2 2 2 10 109 2 4 3 1 6 2 1 2 1 4 65 2 2 2 5 4 1 5 5 1 14 3 2 1 2 1 2 1 2 44 2 5 2 23 3 4 4 1 1 2 5 2 1 1 2 2 1 1 2 5 3 4 4 2 1 2 59 1 2 1 2 1 3 2 1 2 1 1 5 4 2 2 15 2 2 1 2 3 19 2 1 11 2 3 1 2 1 3 14 4 3 3 4 1 1 3 2 2 11 4 3 1 3 3 5 3 2 4 1 1 1 4 8 4 5 2 15 1 3 1 9
1 1 3 2 1 1 3 1 5 1 1 1 1 2 9 1 2 1 2 2 1 3 1 1 23 1 2 35 32 2 3 1 5 72 2 2 4 2 2 2 13 4 4 1 1 2 3 5 40 1 79 3 4 1 3 5 1 9 5 4 3 1 2 1 2 2 1 2 2 28 1 2 1 2 1 4 4 5 1 1 4 1 1 1 2 1 3 461 1 10 2 1 5 2 8 2 1 1 5 2 1 2 1 2 4 2 1 3 2 10 1 45 1 1 2 1 1 1 1 5 1 1 1 4 2 4 1 2 7 4 1 15 2 1 2 2 2 1 2 2 7 2 1 6 3 2 2 12 1 1 1 1 2 11 3 1 1 1 1 1 2 1 2 1 6 2 1 11 2 2 1 5 2 5 2 2 40 2 1 291 2 1 6 1 2 3 4 3 6 18 2 1 1 7 1 8 1 17 5 3
3 1 3 11 1 2 2 3 3 2 5 1 2 1 32 2 3 1 1 14 7 2 1 2 1 3 1 3 11 14 1 2 2 3 1 2 1 5 2 2 3 14 2 2 4 1 141 1 2 6 2 1 53 4 2 8 1 4 2 2 1 115 2 2 2 5 1 1 1 1 6 6 2 2 1 1 1 1 3 10 1 1 4 2 16 2 1 2 9 1 2 5 2 1 5 1 3 4 15 1 2 2 2 1 3 1 1 13 1 1 1 1 2 1 1 86 3 2 1 206 3 2 1 1 1 1 2 1 5 4 1 38 5 2 1 1 1 4 1 13 3 5 1 2 13 1 1 40 12 2 3 2 7 2 10 6 3 3 1 4 4 3 5 2 2 3 1 3 26 4 5 1 6 12 2 3 3 1 1 5 2 1 4 2 3 9 2 115 6 12 1 1 1 1 9 4 1 2 1 9
1 7 1 1 4 1 2 1 3 2 1 9 1 12 3 7 212 1 1 2 2 1 1 3 1 1 3 2 2 1 3 3 1 1 15 2 2 10 5 5 4 3 3 4 2 3 4 5 4 1 2 80 2 2 4 4 1 2 1 1 1 1 2 1 2 1 73 2 3 1 2 8 4 1 2 8 1 5 8 1 20 3 1 85 1 2 1 2 5 1 9 1 2 10 2 1 1 8 17 2 1 1 1 6 1 39 2 3 2 3 2 2 2 1 2 2 1 1 1 1 3 1 4 1 76 1 3 2 7 2 2 2 1 5 3 1 1 2 2 1 1 2 1 1 29 1 8 2 76 3 3 2 3 13 70 7 1 2 2 2 2 2 1 3 1 2 1 1 2 6 2 3 4 1 2 1 1 4 3 2 5 1 3 15 1 17 9 1 1 1 1 1 1 5 25 2 5 3 2 9
1 1 6 59 3 1 2 1 7 2 1 3 2 8 2 1 4 1 1 3 4 1 3 25 1 12 3 2 4 2 2 2 1 2 27 2 2 9 2 2 3 1 3 1 5 72 3 2 116 5 5 3 225 7 2 2 1 2 1 2 4 1 1 9 3 1 2 1 6 1 1 1 1 3 3 1 6 2 3 2 24 3 1 3 2 2 1 40 2 1 2 2 2 1 3 37 2 7 4 1 3 1 4 10 1 1 2 2 373 10 3 2 6 1 1 14 2 11 77 1 3 3 3 73 1 2 3 4 4 24 5 1 1 1 1 203 8 2 2 4 1 2 4 2 8 1 1 6 2 1 2 2 3 2 1 1 2 1 2 1 2 1 2 6 1 9 1 46 4 2 2 15 1 1 1 11 2 1 1 1 3 2 2 1 35 1 1 2 4 1 18 14 1 2 6 1 1 2 1 9
9 3 1 1 8 3 1 2 1 32 1 27 6 3 1 4 7 1 11 6 1 5 40 10 4 8 2 1 2 1 3 3 1 2 5 1 4 57 2 1 25 4 2 1 14 3 1 1 2 2 1 10 5 22 2 1 1 7 5 1 7 4 3 2 3 24 1 1 4 1 1 2 6 13 1 1 1 1 2 1 90 20 4 3 4 5 4 1 4 1 1 4 1 1 1 2 3 2 2 2 2 5 1 1 2 1 3 1 2 3 4 2 1 3 2 4 2 15 3 3 3 1 1 2 1 2 1 1 2 2 1 1 1 2 3 2 2 2 1 3 1 14 2 3 3 1 2 1 9 2 1 9 2 1 5 2 2 10 1 9 3 3 2 2 11 4 11 1 1 39 2 12 3 1 2 1 2 2 1 12 24 7 50 5 1 2 2 1 3 2 4 4 1 2 1 3 5 19 1 108
2 1 1 5 2 1 2 2 2 1 4 14 5 3 5 4 2 1 1 2 19 40 11 46 1 9 2 1 7 8 1 134 1 1 2 30 1 4 1 1 1 2 1 2 4 25 11 3 1 2 7 178 17 2 1 4 3 1 3 3 5 2 24 1 6 5 1 284 6 1 1 1 2 1 1 6 3 2 2 3 6 1 1 2 5 2 2 2 2 2 2 1 8 4 4 1 1 3 2 4 2 3 2 3 2 1 1 2 3 2 1 2 2 2 7 17 2 5 3 3 5 2 3 2 49 2 2 5 1 3 2 23 1 2 2 2 3 1 4 1 2 40 1 1 4 7 2 2 2 3 1 2 2 1 1 1 1 3 2 9 7 2 1 2 8 1 1 1 1 1 1 1 71 3 4 2 1 1 2 1 1 1 1 1 2 2 2 1 5 2 6 1 2 6 4 18 14 1 3 1
6 1 2 5 1 9 1 2 2 2 1 2 1 1 3 1 2 1 1 32 1 2 1 2 2 12 2 27 3 2 2 1 5 1 2 2 2 20 1 1 1 1 2 1 2 1 3 1 12 2 4 1 73 7 4 2 1 25 2 2 1 1 1 2 1 4 2 1 2 2 1 2 1 2 1 5 8 6 3 1 2 3 1 1 20 6 6 2 62 1 13 1 20 1 3 1 2 1 1 4 181 1 1 1 2 2 2 2 3 2 2 2 1 2 4 4 1 1 3 2 2 2 8 3 4 7 1 1 2 3 2 1 2 1 2 2 2 2 3 1 3 4 2 1 2 9 1 1 1 3 15 3 4 1 1 5 2 5 3 4 2 2 1 3 1 1 3 1 1 2 1 11 3 6 2 1 1 3 1 2 5 1 1 2 2 1 1 11 1 29 2 1 2 2 1 3 5 3 2 1
10 1 4 12 1 6 10 1 4 3 17 1 3 3 2 3 2 1 5 2 1 1 2 1 2 3 3 1 4 1 7 2 2 7 7 2 1 2 2 3 1 1 4 2 1 2 2 2 1 1 1 2 2 2 2 1 1 4 2 3 3 4 4 13 1 3 3 4 5 3 3 1 14 1 5 8 2 2 1 1 1 2 1 2 1 25 9 2 13 2 2 1 2 5 4 2 19 2 1 3 2 1 7 7 10 19 5 1 34 1 3 1 1 2 1 3 2 2 4 3 12 1 2 24 1 3 2 3 2 1 1 3 5 1 1 2 2 1 2 1 2 11 1 3 3 3 1 111 1 95 7 2 7 1 41 1 10 1 31 2 2 47 1 1 2 1 2 11 6 10 2 1 1 2 5 2 4 3 4 3 2 4 4 3 2 3 3 1 3 4 2 2 1 12 3 4 1 1 1 5
4 2 2 1 3 1 1 2 11 8 4 1 2 18 2 38 1 1 5 3 3 25 1 12 1 11 2 1 3 1 3 2 2 9 1 2 2 12 1 7 3 2 2 2 1 1 1 1 4 2 1 1 2 1 15 5 1 4 2 1 1 1 1 30 1 5 6 9 2 6 2 4 2 3 4 28 2 18 1 2 2 2 2 2 3 1 1 4 2 2 1 2 1 2 1 6 9 1 6 1 1 1 2 3 2 1 22 2 1 4 8 13 1 1 1 8 10 39 3 2 13 1 2 3 2 2 24 2 2 1 2 2 1 1 2 1 2 1 7 11 2 36 1 1 6 3 2 1 1 2 1 13 2 5 2 3 1 1 1 1 4 5 3 2 1 1 1 2 2 7 3 1 2 1 6 1 3 4 28 3 7 5 4 1 4 2 3 1 26 1 2 2 1 1 14 5 2 2 1 2
4 3 2 1 90 1 5 2 1 2 2 1 15 3 2 3 1 9 2 5 2 2 1 3 18 1 1 3 1 2 2 3 5 2 1 2 6 4 18 1 3 2 9 1 9 1 3 2 10 2 31 1 1 2 124 19 2 1 3 3 2 2 2 1 1 7 2 3 1 2 2 2 1 2 1 11 1 1 1 11 1 2 4 1 2 3 2 2 3 5 2 4 2 6 8 1 2 14 2 1 36 2 7 1 4 2 1 1 1 1 1 2 1 19 2 2 5 1 2 5 4 1 4 2 3 3 1 2 1 2 3 4 120 5 1 3 2 1 1 4 1 54 1 1 2 2 2 1 2 1 4 1 12 1 2 17 1 3 2 2 2 1 1 1 6 3 3 4 2 3 1 1 2 11 3 3 1 3 1 2 6 7 18 6 1 2 2 1 1 2 9 2 33 1 13 4 8 2 1 2
7 5 1 1 3 20 3 2 1 2 1 2 35 1 4 2 12 3 3 1 8 2 1 2 2 9 1 2 1 3 2 2 2 4 38 20 2 3 3 1 2 2 1 1 5 2 1 2 7 6 2 1 1 1 2 1 85 2 5 1 8 1 21 20 241 1 3 2 9 1 4 1 1 3 3 1 28 1 5 8 4 5 2 11 3 3 1 5 2 2 4 3 3 37 1 3 1 1 7 12 4 6 7 2 1 9 1 2 1 9 1 4 1 2 4 2 2 2 3 1 1 6 3 5 7 2 1 1 1 2 2 2 1 1 27 3 8 1 1 5 1 4 1 1 3 3 1 2 5 1 4 1 3 6 6 3 1 2 5 2 6 1 3 2 3 1 2 3 2 1 8 109 2 1 13 4 3 2 2 10 1 4 8 3 5 1 15 3 3 2 5 2 1 1 14 2 3 2 1 15
20 1 2 1 3 1 3 1 19 2 1 5 1 1 3 6 19 2 12 1 1 1 3 4 1 7 19 4 11 2 1 1 2 1 1 16 2 5 1 2 8 2 4 1 1 5 1 1 1 7 5 1 18 1 12 3 1 2 1 1 5 1 13 2 1 1 1 1 15 1 9 2 1 2 72 2 3 1 1 6 2 3 26 1 1 3 3 2 1 3 3 1 1 1 1 1 1 2 2 1 15 2 1 1 3 4 1 1 1 1 1 1 1 1 5 1 1 4 2 2 56 2 1 8 16 7 3 3 2 3 2 2 18 1 16 2 2 2 2 1 2 90 4 2 5 6 3 2 1 2 1 1 6 3 5 5 1 2 1 1 1 15 3 2 1 1 3 1 3 6 5 56 1 5 2 4 1 2 12 1 2 2 1 3 1 10 1 2 2 3 2 1 1 1 1 2 6 4 8 3
5 2 3 8 3 2 3 1 2 2 2 2 2 6 1 7 5 2 5 2 5 2 4 1 4 2 3 4 3 13 2 4 1 13 11 3 1 3 1 2 2 8 3 1 1 2 2 2 1 10 2 7 1 2 9 3 2 5 1 4 21 2 1 2 49 1 13 2 1 3 10 2 2 2 12 2 6 2 3 1 1 6 2 2 1 2 2 1 9 6 2 6 4 2 2 27 2 5 1 3 2 3 1 2 2 1 3 2 1 2 2 1 50 1 2 4 3 1 1 1 1 21 3 1 2 14 1 11 1 8 2 9 17 3 2 2 4 2 2 3 4 3 2 2 1 1 1 2 2 2 43 1 3 11 4 17 4 2 4 2 81 2 1 1 2 10 4 2 1 2 1 2 9 3 1 2 2 1 2 1 1 1 5 1 2 11 10 2 2 2 1 1 1 4 1 4 1 2 6 3
2 2 1 1 2 2 2 2 1 2 6 2 2 43 1 1 2 56 375 1 5 5 7 2 1 1 2 1 3 4 3 1 21 1 2 1 3 1 1 6 3 7 1 1 1 7 1 2 1 3 1 14 1 21 2 2 5 4 3 2 4 2 3 1 1 2 1 1 3 1 4 77 3 1 3 1 4 2 8 1 4 1 1 1 1 1 3 1 51 4 3 5 1 33 1 1 2 1 2 1 1 1 2 5 9 8 2 5 5 2 9 2 2 2 1 2 1 2 1 9 2 2 1 5 3 10 1 1 3 2 1 3 1 13 2 3 1 2 1 3 1 2 8 4 10 2 1 3 2 5 11 1 1 1 2 4 1 3 1 1 3 3 1 5 1 1 2 21 2 2 3 1 7 2 3 6 7 2 1 3 94 1 1 1 2 1 2 6 2 2 2 1 4 2 6 3 2 2 3 2
2 1 1 5 6 1 3 5 2 3 1 1 2 1 2 10 120 2 1 1 13 5 2 2 1 1 3 4 3 1 2 1 2 1 1 2 1 1 1 2 1 1 2 2 12 4 3 3 2 5 1 1 1 3 3 1 1 1 1 2 7 10 2 3 1 2 2 100 1 10 4 40 2 1 2 3 1 1 3 1 1 1 1 1 1 6 3 4 4 1 3 3 2 1 20 22 2 1 2 1 1 6 2 139 20 1 1 3 9 3 1 2 2 3 2 1 1 2 6 2 2 12 3 5 34 3 1 1 2 1 2 1 2 2 15 2 26 2 1 6 3 1 29 2 2 2 1 1 1 1 12 3 2 2 2 3 1 7 6 1 9 1 5 10 2 1 6 3 3 1 1 1 1 4 1 2 3 2 1 1 1 2 1 7 2 1 3 4 1 1 1 3 6 1 1 2 1 2 2 81
22 4 1 4 1 1 1 14 3 2 6 2 2 21 5 15 11 4 1 1 2 2 1 4 7 3 2 1 2 1 1 3 5 1 14 1 1 2 271 2 1 2 4 1 1 1 1 9 3 1 2 4 2 2 3 2 3 2 3 1 1 1 2 3 1 3 2 1 3 1 2 2 85 1 1 1 1 3 3 1 2 1 2 2 8 2 3 1 3 3 6 2 3 5 3 1 26 1 2 2 1 2 1 1 3 1 2 1 1 3 1 1 1 1 7 1 3 3 24 1 1 1 5 2 1 2 2 2 3 1 2 4 2 4 1 3 3 3 4 1 1 1 3 2 2 4 4 1 2 2 1 2 2 1 3 1 1 1 1 3 4 173 75 2 4 1 2 1 1 1 5 3 4 1 1 4 2 9 2 2 4 2 11 2 4 1 9 2 3 1 7 7 2 3 1 2 3 1 2 4
41 3 2 1 5 3 5 1 2 8 1 1 1 4 15 1 2 1 3 10 3 1 83 1 3 8 2 5 2 3 13 1 5 4 8 4 3 2 5 1 6 2 3 3 11 5 3 3 2 1 1 11 1 1 34 3 1 1 1 1 1 5 1 26 2 1 1 2 1 1 2 2 1 1 3 2 2 3 1 1 1 3 6 1 7 24 1 3 4 8 2 3 1 77 1 3 2 15 1 3 1 2 1 2 1 1 1 4 8 3 2 3 1 2 3 15 5 2 2 4 2 1 30 5 1 4 6 1 3 1 1 1 4 8 1 4 2 2 2 1 3 4 1 1 2 6 1 3 1 6 1 6 2 4 3 8 7 3 1 5 3 1 55 3 3 2 1 3 1 2 6 1 1 2 4 3 2 1 1 2 4 1 18 1 1 1 6 3 5 6 1 3 4 1 8 1 2 18 4 1
10 28 3 4 2 1 1 1 1 1 2 2 4 1 1 1 46 2 6 206 9 1 2 4 1 1 2 1 1 3 1 2 5 9 3 1 1 1 1 1 5 1 21 2 3 14 2 2 2 36 1 81 4 7 17 3 2 2 2 4 2 3 3 1 3 1 2 2 1 2 1 17 4 4 8 1 6 1 14 2 2 1 7 34 1 1 2 1 2 2 3 2 1 1 2 1 1 2 1 3 3 3 5 1 1 6 2 2 3 2 1 9 4 4 1 21 2 1 1 3 1 2 2 2 1 1 1 2 1 2 1 2 4 2 4 24 1 1 3 2 4 1 1 1 2 3 2 3 1 4 1 3 2 1 6 1 1 3 2 3 1 9 29 1 8 2 1 3 2 19 2 2 1 1 3 1 1 10 6 1 3 1 1 2 3 1 1 1 2 2 2 2 2 1 1 1 1 8 2 19
1 1 1 1 2 11 3 3 2 75 120 1 7 6 3 1 64 1 10 2 298 2 1 1 3 2 1 2 1 1 1 1 4 2 2 3 2 24 1 1 1 7 1 299 1 2 2 4 4 15 1 1 3 3 2 1 1 1 7 1 7 1 23 6 1 2 67 2 3 15 7 1 16 1 4 2 25 4 5 1 5 2 2 2 2 1 3 1 2 6 2 1 1 13 1 24 2 3 2 14 1 2 14 171 10 1 5 1 1 1 1 2 4 2 2 1 8 2 16 2 2 2 4 2 2 4 6 3 1 2 3 2 3 1 2 2 2 2 2 7 2 7 2 3 1 1 1 31 4 1 2 3 1 1 1 10 2 1 1 1 2 6 3 2 4 2 3 1 1 2 1 1 2 2 3 4 1 5 3 1 2 2 2 16 1 1 1 2 2 2 5 1 6 6 5 3 2 2 2 1
9 1 8 2 137 1 1 1 1 7 5 91 6 1 1 1 2 3 14 2 3 1 3 1 1 2 3 1 7 2 1 3 4 3 9 2 3 19 1 19 10 3 2 2 3 2 1 3 2 2 4 3 2 1 2 4 2 1 4 6 329 5 2 2 2 5 4 2 1 1 5 1 1 1 2 1 4 1 21 4 2 2 1 9 14 2 1 1 2 3 1 2 2 2 8 2 1 3 3 2 6 2 3 1 8 6 1 1 1 2 2 1 3 2 10 4 5 3 1 2 1 4 1 1 2 2 1 48 1 7 2 1 2 2 1 1 4 1 2 1 4 1 9 12 2 2 6 2 2 1 2 1 4 3 2 2 2 1 2 1 4 1 1 5 1 9 1 13 2 2 3 1 1 1 2 1 12 1 1 4 7 7 2 1 3 2 5 1 1 4 3 1 1 1 4 1 2 1 2 8
2 1 7 4 20 1 1 2 6 3 1 4 2 4 1 1 3 1 4 1 4 13 2 1 2 16 7 2 1 2 2 1 4 4 8 2 1 11 18 8 5 2 2 44 4 1 2 3 13 1 8 1 2 2 429 1 1 3 2 1 7 1 1 1 2 16 6 12 2 1 4 2 1 3 2 3 3 1 3 1 2 6 3 2 20 2 1 2 1 3 2 2 1 9 2 1 1 2 1 29 58 1 1 2 3 2 2 4 3 1 15 1 1 2 4 1 2 4 3 32 2 1 3 2 24 2 1 1 1 1 5 9 2 1 2 2 8 93 1 6 1 43 1 4 5 2 2 3 11 3 1 1 2 1 2 1 4 2 1 2 2 10 2 1 1 2 2 2 5 1 6 3 5 1 1 1 2 24 2 2 4 3 3 2 2 1 9 6 3 18 2 8 15 1 2 2 2 2 2 1
1 3 5 1 1 1 1 25 1 7 5 3 4 1 1 3 2 1 2 18 8 138 1 1 2 10 2 1 1 1 2 1 2 4 3 2 4 3 57 2 3 1 3 2 11 1 2 1 1 3 1 2 1 2 1 3 2 13 2 2 5 2 9 1 1 28 4 1 2 2 2 2 2 1 4 1 4 1 10 43 3 1 1 1 1 2 2 3 6 1 1 1 6 3 6 2 2 1 7 5 3 1 23 1 54 2 1 1 5 2 2 1 3 1 3 2 4 1 2 2 1 2 2 2 1 1 1 4 3 1 2 4 2 1 1 6 2 2 9 19 3 4 1 1 5 1 4 1 2 5 3 1 1 16 1 3 2 6 2 2 1 2 10 5 23 2 1 7 2 6 1 4 1 2 1 1 2 2 1 1 2 3 6 2 3 3 1 2 10 1 1 1 1 1 2 2 5 3 1 5
1 2 2 1 2 2 1 2 1 2 2 2 1 5 2 2 4 1 1 1 1 2 3 1 4 15 2 2 1 1 1 1 1 2 3 3 1 1 31 2 11 5 2 1 2 1 1 36 2 1 7 299 2 2 1 1 7 1 2 9 2 2 2 1 6 1 1 2 6 3 5 9 3 2 1 22 4 1 8 2 2 1 5 4 2 2 2 2 2 9 8 4 4 1 3 4 1 6 2 4 8 2 3 2 2 3 3 9 2 1 2 1 2 2 2 52 6 3 1 2 1 1 1 2 1 2 43 1 2 2 4 1 1 6 4 6 4 3 1 1 1 2 5 4 2 1 1 11 1 2 3 3 1 1 10 1 2 3 8 1 2 1 3 2 279 10 3 1 6 7 8 3 2 1 2 17 2 152 2 4 3 2 3 10 1 5 5 1 3 6 3 10 17 7 10 3 1 1 2 2
2 3 1 2 1 2 2 12 1 1 3 11 1 2 8 1 2 1 3 2 2 2 8 3 1 2 8 1 1 2 10 14 8 2 2 3 1 1 2 1 2 4 16 7 2 4 3 1 1 2 3 1 2 9 2 1 1 1 2 2 1 2 2 45 6 2 2 3 2 1 2 2 1 13 4 3 2 7 2 2 5 2 1 11 2 5 2 3 7 1 1 2 2 1 2 2 48 2 2 1 3 4 2 8 2 2 3 33 2 1 12 4 2 1 1 2 1 2 2 1 4 2 3 1 2 3 2 1 1 2 4 19 3 5 16 1 3 1 1 1 63 1 2 2 1 2 1 157 1 1 10 2 4 3 3 4 4 2 1 4 1 1 2 1 2 1 1 1 2 1 4 26 4 3 2 2 18 21 4 1 1 2 8 62 1 1 2 1 2 2 4 3 2 2 2 10 2 1 2 6
9 4 1 1 1 1 1 1 4 3 1 1 3 240 2 2 1 1 2 5 4 2 1 3 10 1 2 1 1 2 24 1 2 1 4 2 1 12 2 1 1 1 11 4 1 20 2 1 12 1 2 1 9 10 1 3 2 1 9 7 3 2 1 2 2 1 37 2 1 2 1 46 1 1 2 7 1 1 3 4 1 2 2 3 1 1 2 3 6 1 1 2 1 2 1 1 6 1 52 1 2 1 12 3 1 14 2 4 20 98 1 8 196 12 97 5 8 1 2 1 1 2 1 4 1 3 19 57 1 6 2 18 2 4 2 1 5 2 1 1 2 3 1 3 1 2 1 1 5 1 9 6 2 2 2 2 11 2 2 1 2 2 2 2 1 4 13 4 38 5 1 4 2 10 1 2 2 34 5 1 2 2 5 363 6 1 1 1 1 1 4 40 1 1 13 2 3 40 1 2
1 1 1 3 13 1 2 1 8 4 2 3 1 4 10 15 2 12 24 1 5 1 1 3 1 1 3 1 10 1 2 2 2 1 3 86 1 5 3 1 3 1 22 1 2 4 1 4 3 3 3 6 4 1 1 1 2 3 1 2 2 1 1 1 1 1 1 1 2 4 2 5 1 4 2 1 11 1 11 1 2 2 1 3 7 1 2 3 2 2 4 1 8 7 5 4 1 4 1 2 2 2 6 1 2 1 3 1 1 1 3 18 13 6 2 3 3 1 2 7 3 2 1 5 4 2 3 1 1 2 3 2 6 2 1 2 20 8 1 1 1 6 23 342 1 18 1 1 2 1 4 1 1 1 5 1 2 8 114 1 34 1 2 1 11 3 3 1 1 3 1 4 18 2 2 1 47 2 5 1 1 3 1 4 3 1 7 2 4 1 2 10 27 1 1 2 2 1 2 2
12 1 5 3 4 26 1 31 1 3 5 4 17 2 2 3 1 1 3 4 3 7 2 2 2 2 40 1 1 1 2 2 10 2 5 2 1 1 2 9 31 2 1 1 1 1 1 4 2 3 4 2 1 2 5 1 5 3 6 1 1 3 284 20 6 1 1 4 1 2 3 2 1 3 2 2 4 3 4 1 20 2 1 1 2 9 6 2 1 2 1 1 1 2 3 1 8 2 14 1 2 3 4 1 1 1 3 1 2 1 2 2 1 152 1 3 6 3 2 3 2 2 3 2 2 4 3 2 3 5 3 1 3 75 9 2 1 1 1 2 2 8 1 1 2 1 1 1 5 1 13 2 1 2 2 1 1 2 2 3 1 3 2 2 3 1 1 3 33 1 2 1 1 1 1 1 2 17 1 1 1 1 1 6 2 4 2 6 1 3 10 1 4 1 10 4 8 3 2 1
3 4 1 1 2 2 10 1 3 1 2 2 1 2 2 2 2 1 4 1 1 3 3 3 3 3 1 1 7 6 1 2 2 3 8 2 4 1 3 2 1 4 78 2 1 10 1 2 6 1 3 3 41 6 3 1 3 1 3 2 1 2 3 1 2 1 24 3 1 4 3 2 3 1 2 7 1 2 6 1 3 1 4 3 2 5 2 3 1 3 1 2 8 2 2 2 2 16 1 10 15 2 7 1 1 2 6 5 1 115 2 2 1 12 1 42 1 1 2 2 2 1 2 2 2 2 1 3 1 2 1 2 4 2 1 1 2 2 1 1 2 3 7 8 2 2 1 1 5 1 1 5 1 4 2 1 3 1 2 1 3 2 1 1 2 3 1 2 7 2 3 1 2 1 1 19 2 3 1 3 12 4 2 1 1 1 1 2 1 29 5 4 3 2 2 2 1 3 1 1
1 2 1 3 1 12 11 2 7 3 2 4 2 10 3 5 1 1 1 1 1 2 2 1 1 2 3 1 3 1 8 28 4 2 2 2 2 14 1 1 3 2 3 1 1 1 1 1 1 1 17 28 1 3 2 1 2 2 1 1 2 16 1 1 5 1 1 4 2 2 2 1 11 2 1 176 2 8 13 6 9 3 1 2 27 1 1 1 1 3 2 5 1 3 2 2 16 2 1 4 6 1 1 3 3 4 2 3 16 3 1 6 6 1 1 2 1 2 7 7 5 2 1 1 2 4 1 8 3 1 1 1 4 1 2 8 1 1 1 3 3 36 34 10 1 54 3 1 8 8 2 3 69 6 2 2 1 39 3 6 1 2 1 1 2 2 1 3 4 3 4 2 2 1 1 2 1 1 1 6 13 1 1 1 2 17 26 3 1 2 1 2 1 1 1 2 3 4 5 4
5 5 2 1 9 1 2 2 1 2 2 28 2 1 7 3 7 20 13 1 1 1 1 67 1 7 2 6 4 2 1 3 1 2 12 11 4 40 2 4 14 5 4 19 3 1 1 55 4 1 1 1 2 1 1 1 2 7 10 3 2 2 2 1 3 1 2 38 1 4 1 2 2 2 74 1 1 2 1 1 4 2 1 4 1 1 2 2 1 2 2 6 1 10 1 1 1 1 3 1 1 5 2 1 3 2 5 5 2 3 14 3 2 1 1 2 5 1 3 4 2 2 4 1 1 1 2 2 2 1 1 2 4 1 2 16 4 1 1 1 6 2 1 5 2 1 2 1 27 2 1 3 3 6 2 2 1 2 1 3 2 3 1 1 2 4 1 38 1 4 5 1 2 14 9 104 1 3 2 51 7 4 2 1 12 2 1 5 6 5 15 2 1 5 4 1 2 8 1 2
1 2 6 2 2 2 3 2 2 2 3 1 1 2 3 1 1 6 1 2 3 1 8 3 1 1 1 1 2 14 13 13 2 12 4 4 1 2 2 5 1 1 3 5 2 2 1 1 3 2 2 3 10 4 4 6 282 93 3 1 3 1 1 1 4 1 1 3 1 1 2 5 56 1 1 1 1 4 2 38 2 2 1 4 1 2 1 3 1 2 1 35 4 1 1 1 1 2 1 2 2 2 2 1 2 2 5 7 5 3 1 3 14 1 1 1 9 1 8 2 2 1 1 86 1 2 1 3 1 6 1 4 1 4 1 1 2 2 3 1 1 5 2 2 1 1 1 2 2 5 7 1 3 3 1 2 4 1 3 2 2 2 6 3 2 1 5 2 1 7 4 8 11 1 1 1 1 5 4 1 10 2 4 1 2 25 2 1 2 1 1 1 2 3 2 6 1 2 3 1
33 1 1 6 4 4 3 2 3 6 2 1 2 2 1 4 4 1 2 6 2 2 1 42 2 3 2 12 3 3 28 60 12 3 2 2 2 2 2 2 2 2 1 2 2 3 1 3 1 1 2 1 2 1 1 3 9 14 2 4 3 2 3 2 2 1 1 1 6 1 4 1 1 4 3 5 38 1 4 1 3 3 3 1 7 6 7 6 2 1 1 9 1 1 1 1 1 4 4 1 8 1 3 2 10 1 1 7 3 2 15 2 2 2 6 1 2 3 10 28 2 93 1 1 10 1 2 1 2 4 1 2 5 4 7 9 1 2 2 1 6 1 2 2 3 4 2 1 24 1 1 2 3 1 1 8 1 10 5 6 1 2 5 1 2 1 1 1 1 1 1 1 3 1 2 4 1 2 3 1 2 2 2 2 1 2 8 3 1 1 37 1 5 10 7 2 7 10 4 2
2 1 2 4 1 1 1 1 1 5 2 3 2 1 2 27 1 4 4 2 12 8 2 2 1 1 1 1 1 1 10 1 3 3 8 13 1 2 2 2 1 3 17 2 1 1 7 1 3 8 1 3 1 5 2 3 12 3 7 2 3 2 3 1 6 16 2 1 2 3 3 2 2 2 2 2 2 1 4 1 2 2 1 1 3 1 15 3 4 12 2 3 3 3 3 3 3 3 6 2 1 48 1 55 1 1 6 3 24 2 1 3 2 1 13 3 2 1 2 2 3 3 42 9 1 22 1 7 1 1 1 5 2 3 2 1 9 1 1 54 1 1 16 3 1 2 1 3 2 12 1 51 5 3 1 2 10 2 1 7 2 4 2 1 1 1 1 1 2 1 9 2 1 3 1 1 3 1 6 7 3 1 1 1 3 1 7 2 1 10 1 4 1 3 1 2 2 4 1 1
13 1 11 5 3 1 41 1 1 2 2 3 3 1 2 1 1 1 2 56 8 3 2 116 10 1 3 3 1 1 1 3 2 30 3 3 7 2 1 6 3 1 1 1 1 3 11 2 3 1 7 6 1 27 46 2 4 5 2 1 28 1 3 2 1 1 2 5 11 2 6 3 7 2 2 2 30 1 5 2 1 1 4 5 1 2 4 2 2 1 4 10 1 5 1 1 1 1 1 2 3 4 2 1 4 2 3 3 6 13 3 2 1 1 1 1 3 2 1 1 1 1 1 5 1 1 1 2 3 1 1 8 1 2 6 5 1 1 2 6 132 2 1 3 1 2 8 2 2 4 6 1 4 13 1 3 1 3 2 2 2 28 2 1 16 1 30 10 2 2 1 3 3 1 5 5 18 3 2 1 6 4 1 9 3 3 3 1 2 2 5 2 2 2 2 4 1 3 3 8
2 10 1 5 1 4 1 1 43 4 2 3 2 3 2 2 1 1 12 1 14 5 25 4 1 7 3 1 3 3 1 5 2 1 1 2 3 2 2 25 1 6 1 6 4 4 2 2 1 1 4 2 1 4 7 3 4 1 1 2 2 1 2 3 5 2 20 4 5 6 2 1 2 5 3 5 8 2 3 1 1 2 3 1 2 1 1 2 3 2 1 5 1 1 10 4 3 5 1 2 1 2 2 2 1 1 1 2 9 2 2 7 2 3 3 9 6 1 1 2 2 3 16 4 6 34 3 1 1 3 1 7 4 3 3 25 2 2 1 11 8 2 2 1 2 3 6 1 1 1 2 5 2 1 51 6 3 1 2 2 4 1 1 20 1 1 3 1 1 12 3 3 2 1 4 1 2 1 1 5 2 1 5 58 1 2 1 1 2 2 4 2 42 1 1 3 9 35 2 1
1 1 5 2 1 1 4 27 3 2 2 2 2 2 2 3 4 25 1 5 3 1 5 1 1 15 9 2 2 1 1 2 1 7 1 1 10 2 9 2 2 2 7 1 1 2 5 1 3 2 11 1 4 2 2 4 16 2 2 1 1 24 10 4 1 2 35 13 6 3 1 2 8 1 2 1 2 1 3 3 2 2 1 3 2 2 1 1 1 1 2 2 7 5 1 2 3 8 1 4 4 2 5 3 4 1 2 4 5 7 2 1 1 2 3 2 1 2 2 1 1 2 12 4 1 4 1 1 2 1 2 4 7 7 3 1 2 2 1 8 1 1 18 6 2 2 2 1 2 147 3 1 2 1 2 2 2 2 12 2 1 8 4 1 6 2 1 1 3 5 4 1 2 3 1 2 2 1 3 1 9 2 1 4 3 1 13 4 2 1 18 1 4 2 2 10 1 1 2 1
2 2 8 1 1 3 1 1 1 6 2 1 1 1 1 6 3 3 2 2 2 1 2 2 2 2 1 1 1 4 1 3 1 1 26 1 1 1 1 5 1 4 1 1 1 2 2 2 125 2 2 3 2 1 22 1 2 3 1 1 6 2 3 2 2 2 2 1 2 1 4 74 1 1 4 1 2 3 11 4 1 9 2 2 2 3 3 1 10 3 1 4 1 1 2 2 5 1 2 1 2 13 2 2 2 1 2 1 10 1 1 1 1 3 4 2 7 2 2 13 2 186 1 20 8 4 2 1 1 4 3 4 4 2 12 7 2 1 2 3 4 2 2 7 1 2 19 1 2 1 8 1 156 1 3 66 1 1 3 5 10 2 3 1 2 1 1 2 5 3 2 3 1 2 4 3 5 2 1 1 10 1 2 7 4 6 2 2 2 1 1 1 1 22 2 2 1 2 7 19
5 1 2 4 1 1 6 1 10 1 2 1 2 3 3 7 4 1 2 1 3 2 2 1 7 6 1 47 217 1 2 92 3 11 3 1 2 1 1 1 2 5 1 2 2 1 1 1 1 2 1 9 2 2 1 1 1 2 2 69 1 3 29 3 2 1 4 1 2 1 3 2 17 1 1 2 1 6 2 3 1 2 2 2 11 3 2 9 6 1 3 1 4 1 2 1 2 8 3 1 2 1 1 2 1 1 4 2 1 2 10 3 2 4 1 5 10 9 3 4 2 2 2 2 5 2 1 33 2 7 4 1 5 1 1 3 1 6 5 2 1 2 1 1 1 2 6 19 1 2 272 7 4 2 7 4 3 1 1 2 1 1 1 3 140 2 1 25 1 1 1 1 7 2 1 1 2 4 2 1 1 2 1 1 5 3 2 7 2 4 1 1 1 2 2 5 4 2 1 1
1 14 10 10 2 19 2 1 1 1 1 1 17 4 2 4 1 9 1 1 2 1 2 3 1 17 3 9 1 5 3 1 2 3 2 68 2 10 1 1 1 1 4 4 1 260 5 2 1 1 1 3 3 3 1 3 1 4 1 9 1 6 2 1 2 7 1 22 4 4 1 2 15 1 1 3 69 1 1 3 2 2 1 2 3 5 4 1 2 1 2 1 1 2 1 30 1 1 1 4 2 1 12 3 6 24 2 2 3 1 2 6 1 30 3 1 131 1 2 1 1 3 1 3 2 3 14 3 2 5 2 1 2 19 6 2 1 2 3 3 14 2 135 1 1 60 3 1 1 42 3 2 16 1 1 3 2 69 5 2 1 4 2 102 2 1 2 2 3 1 3 7 7 1 2 1 2 1 4 3 1 19 1 1 9 1 1 8 3 2 1 1 2 1 1 1 2 1 2 2
4 1 1 2 1 4 2 7 6 1 1 12 2 1 1 1 1 8 1 3 2 1 47 24 1 3 8 2 2 4 2 9 4 2 3 11 5 1 1 4 2 1 2 1 4 6 1 13 1 1 2 1 1 2 4 18 3 1 2 2 1 1 10 1 1 1 5 4 4 4 1 1 1 2 252 2 2 4 4 1 2 1 1 8 1 1 10 2 1 2 2 5 3 2 1 5 1 1 1 3 2 3 2 2 5 2 6 6 1 4 1 1 1 3 2 3 9 1 2 1 1 6 3 17 1 168 2 2 1 9 27 2 2 2 10 5 1 3 3 5 2 2 3 1 4 7 1 2 4 1 5 3 10 23 2 1 1 1 1 7 1 4 6 1 2 9 1 2 2 3 2 271 1 2 2 2 2 1 1 5 1 2 1 1 2 6 1 6 1 2 1 2 8 1 15 1 4 1 1 1
3 4 2 2 1 46 2 2 2 3 3 1 1 2 1 7 2 1 1 1 2 1 4 2 2 4 3 25 14 25 1 2 2 3 3 1 2 1 7 2 3 2 3 2 2 1 2 15 10 1 3 3 3 2 2 3 2 16 1 3 2 1 1 1 1 2 4 7 2 2 1 1 1 1 2 2 1 13 5 6 2 1 1 2 4 2 3 2 1 1 1 1 7 6 17 4 8 2 5 1 2 1 2 1 2 2 58 1 1 4 1 1 6 6 3 3 18 5 12 6 1 2 2 1 2 1 3 38 2 1 1 2 2 1 2 3 3 2 2 1 2 1 1 4 1 4 3 7 7 2 2 2 1 1 1 2 2 4 4 3 8 7 2 4 61 1 2 21 8 1 5 2 71 2 1 17 1 9 1 4 2 3 8 5 2 3 1 2 2 1 1 1 1 1 2 1 3 1 2 2
3 2 12 5 1 2 1 2 1 1 2 1 3 2 1 4 4 3 1 8 9 40 1 1 2 19 1 2 1 1 2 253 9 4 4 1 8 1 2 22 5 3 6 4 4 2 5 3 1 1 1 2 5 1 14 2 2 7 6 2 3 1 2 2 2 1 13 191 5 2 2 2 2 16 4 19 4 83 2 4 5 5 2 8 6 2 2 1 4 3 1 25 7 1 2 3 9 2 10 2 1 2 1 5 4 2 2 2 1 2 3 5 4 8 3 2 60 3 1 1 1 2 5 1 3 6 41 1 1 2 2 6 33 1 2 1 1 61 1 261 1 1 7 6 4 1 2 1 1 3 1 9 1 1 1 1 1 1 1 2 2 2 3 2 2 25 2 3 3 4 2 3 64 2 1 3 1 4 3 6 14 1 1 1 1 3 2 1 19 5 2 23 1 4 2 1 3 1 3 2
1 2 1 1 1 1 3 3 3 41 1 2 3 8 42 2 1 2 1 3 3 2 4 1 2 9 4 2 14 2 2 2 2 2 2 1 2 2 1 3 2 4 7 3 5 2 3 3 2 3 1 4 4 86 1 20 2 4 1 2 4 3 1 4 2 2 2 1 1 3 1 1 3 1 2 5 1 2 7 2 1 2 2 1 2 1 2 2 6 4 2 7 2 16 2 2 5 1 3 2 2 1 3 6 7 1 2 2 1 1 2 1 1 2 2 1 3 2 5 1 2 2 2 2 3 12 2 2 2 1 2 2 1 13 2 9 4 1 6 2 3 2 13 1 5 2 5 1 1 2 1 1 2 15 1 9 3 141 4 3 1 2 2 1 1 24 1 1 3 1 3 2 1 1 2 1 1 2 1 1 13 1 2 22 27 3 1 2 6 2 2 2 3 3 6 4 2 2 2 2
1 6 6 2 8 1 2 3 10 2 2 2 8 2 2 1 1 2 72 1 13 1 2 4 3 21 1 1 1 5 1 1 2 2 2 3 4 5 2 2 1 1 2 2 4 2 1 2 3 1 1 3 1 2 9 8 13 2 2 1 1 4 9 3 1 5 16 1 1 1 1 3 2 4 61 2 2 1 1 1 1 1 2 3 5 1 7 2 1 3 9 5 1 2 1 1 1 2 4 3 5 2 2 1 1 1 1 8 1 8 4 1 87 1 1 4 1 3 4 1 2 4 3 1 1 2 2 1 10 2 1 1 1 8 1 4 1 31 1 1 4 1 2 3 2 4 3 1 1 8 26 65 2 1 5 1 4 5 1 1 2 1 4 1 1 8 1 3 2 2 4 1 8 2 1 4 1 4 5 3 1 1 1 5 1 3 6 68 4 9 2 6 1 3 1 2 1 1 6 4
4 2 5 6 3 2 3 3 2 2 12 262 2 2 21 5 2 3 1 4 1 2 5 3 1 2 1 5 63 2 3 3 1 20 5 6 2 2 2 3 1 1 2 4 1 2 15 2 1 3 23 7 2 12 1 1 3 2 11 1 1 18 2 4 39 1 2 2 1 1 2 7 1 2 3 3 3 1 2 2 2 7 29 1 2 1 47 2 5 4 1 2 2 2 2 1 3 12 2 1 1 2 373 2 3 2 10 1 2 7 1 2 3 1 3 1 3 4 3 1 5 2 3 4 3 2 1 1 1 1 7 10 2 2 1 1 1 2 3 16 3 2 8 2 1 2 2 1 7 1 5 2 1 3 6 1 3 3 22 1 7 12 1 2 1 3 2 12 67 6 2 1 11 1 13 2 26 1 1 3 2 2 2 3 1 3 4 2 1 6 1 3 2 2 1 2 1 2 2 2
2 2 4 173 3 1 1 1 2 10 88 2 4 2 2 2 1 2 1 1 4 13 1 23 2 7 1 2 11 3 1 4 9 1 1 1 9 1 2 1 1 11 3 13 5 8 2 4 3 4 3 2 1 4 32 34 2 1 6 5 3 7 6 3 2 2 2 2 2 4 36 3 2 2 2 1 2 1 1 2 2 2 2 6 3 1 1 4 1 4 1 2 3 2 1 2 5 5 3 1 4 1 1 7 1 2 3 10 32 1 3 3 3 2 1 1 7 2 2 7 4 1 2 21 11 35 2 1 6 6 2 1 2 2 2 1 1 1 4 6 2 2 3 3 1 2 3 3 3 8 2 1 1 4 1 9 51 3 8 31 1 4 1 2 6 6 3 41 1 5 1 2 2 1 1 1 1 13 1 3 4 1 2 1 4 3 27 3 1 1 1 3 8 7 2 4 1 2 1 1
5 12 1 3 2 1 2 1 1 2 162 2 2 1 2 2 1 1 1 4 2 6 1 2 1 2 6 1 1 1 4 12 1 3 2 1 15 1 1 1 3 4 72 3 1 1 3 2 2 1 25 4 1 1 1 3 3 4 2 1 2 1 1 2 2 4 1 3 1 61 2 3 2 6 1 3 3 1 1 2 1 2 2 1 2 2 1 7 5 2 1 1 2 6 3 2 6 2 47 1 2 1 39 2 9 8 9 1 2 2 11 2 1 1 2 2 2 1 5 7 1 1 2 10 1 7 2 2 2 2 44 4 1 1 1 1 7 2 3 2 2 2 5 8 49 6 1 1 6 1 1 8 2 2 5 2 2 5 1 1 5 1 1 2 7 89 1 2 4 1 2 1 1 9 1 1 2 3 9 7 2 1 2 1 10 7 2 9 1 15 1 1 1 5 5 4 2 2 2 4
2 1 1 26 5 5 1 1 10 4 3 25 131 4 2 1 4 72 1 1 9 1 2 1 1 2 1 2 2 2 2 1 1 44 4 3 1 12 3 1 2 9 6 2 1 2 2 1 2 2 5 2 1 1 2 2 3 1 3 1 1 1 3 1 6 1 1 2 11 11 2 75 1 2 2 1 2 37 2 4 1 13 2 1 3 2 2 3 3 2 2 2 1 1 1 5 1 2 2 1 2 1 1 1 2 6 1 6 1 1 2 2 25 2 1 4 6 1 16 14 1 1 2 3 2 1 2 2 3 3 3 4 1 1 3 15 2 1 2 6 2 89 1 3 3 1 18 2 8 1 2 2 4 3 60 1 9 1 184 5 3 1 3 2 2 1 1 2 1 1 3 8 4 5 2 3 1 28 2 5 1 3 1 3 3 2 2 3 1 2 8 2 4 1 1 3 1 3 1 2
1 2 2 2 1 1 2 3 3 5 3 5 27 1 7 2 7 2 1 1 4 1 3 1 1 1 14 2 1 2 3 1 1 1 13 1 8 1 1 2 2 8 18 1 2 9 1 2 1 11 1 1 1 3 30 1 3 4 2 1 8 30 1 3 4 1 1 2 1 2 5 1 4 4 1 1 1 43 1 4 20 3 2 2 1 17 2 3 1 3 1 5 13 2 1 2 3 1 3 4 2 1 4 2 1 113 2 1 8 9 1 56 25 1 1 2 1 6 1 8 3 2 1 2 4 2 8 1 3 1 1 2 2 11 1 7 2 3 11 14 2 3 1 20 2 1 2 2 2 2 2 2 4 2 4 4 160 3 88 1 3 1 1 22 5 2 1 2 1 4 2 1 2 3 3 2 2 1 1 7 1 5 1 1 31 5 2 1 1 1 3 2 10 2 2 1 1 4 27 3
1 1 2 2 6 3 2 3 2 1 12 1 2 1 2 1 2 1 5 5 2 2 1 2 1 1 1 5 1 2 1 2 1 4 4 2 7 6 1 8 1 20 1 2 1 2 6 2 2 2 3 2 1 3 3 1 2 1 2 2 1 2 2 2 4 2 1 10 6 4 7 2 23 16 4 1 23 1 1 7 1 1 2 3 89 2 3 1 9 1 2 4 1 1 4 1 1 1 3 2 1 1 2 2 6 8 2 4 1 1 1 1 2 1 2 6 1 3 2 5 1 1 1 2 4 4 1 22 2 5 2 43 2 5 1 5 2 4 2 2 6 3 3 2 5 19 1 1 1 1 5 1 1 21 4 2 4 2 2 2 1 6 4 2 1 1 19 2 1 2 1 1 1 5 1 2 2 1 2 34 4 2 2 4 2 4 11 1 48 1 1 2 4 4 3 2 1 1 4 1
