200
124 438 315 244 488 489 489 449 442 161 406 432 350 388 374 417 160 235 406 265 494 139 430 313 208 262 427 328 476 467 115 411 317 263 136 446 435 272 144 435 251 484 494 328 136 360 375 302 359 106 257 113 445 150 429 228 186 108 498 214 417 138 339 187 101 192 497 215 407 452 399 131 182 167 215 241 136 131 346 388 461 108 385 172 279 327 258 253 128 103 340 102 429 449 352 199 131 206 223 278 353 360 319 143 202 479 209 129 446 437 203 149 190 317 455 338 378 383 115 499 196 287 237 283 241 428 196 282 304 177 434 416 119 185 479 250 321 394 190 397 179 365 329 308 225 310 284 346 183 232 475 238 135 157 426 268 419 409 486 206 462 345 380 491 121 275 410 472 242 452 201 242 260 452 344 189 137 444 497 208 211 364 177 113 442 119 500 123 166 146 248 241 157 117 209 100 136 451 429 492
3 1 3 5 5 5 5 1 1 1 5 6 2 2 6 3 5 4 1 2 6 1 3 1 4 5 2 4 2 6 4 2 1 4 1 6 4 3 3 6 6 5 3 4 4 3 2 3 3 2 4 3 6 5 1 6 1 3 1 1 6 1 6 5 4 1 3 4 3 5 6 6 3 2 3 4 2 1 2 3 4 2 5 2 2 1 1 4 2 5 3 2 3 6 5 1 4 6 5 1 4 5 3 6 5 3 5 1 3 5 4 4 3 3 3 6 6 2 5 6 6 4 6 5 3 3 1 6 1 4 4 3 5 4 6 1 3 5 2 3 4 4 1 2 1 2 6 4 3 5 2 2 1 3 5 3 3 6 5 5 2 3 5 5 1 3 3 3 6 5 6 1 5 3 3 3 2 6 4 2 6 6 4 6 4 3 4 4 5 2 2 6 3 3 1 3 2 1 3 4
3 2 4 2 2 2 2 3 1 2 3 1 2 28 1 9 2 2 4 4 3 1 1 11 1 2 1 1 4 3 1 3 16 43 3 1 6 26 2 14 32 2 4 2 3 1 3 2 2 14 1 2 1 1 4 1 7 2 4 2 6 2 1 2 1 2 1 1 1 2 1 1 3 2 1 45 3 12 1 3 6 1 1 4 3 2 1 2 2 1 50 2 1 3 5 10 6 2 12 3 5 3 8 2 2 2 1 2 4 1 1 4 24 6 1 11 2 1 1 2 1 4 2 11 1 1 1 3 2 2 2 7 16 6 2 9 2 9 1 2 2 6 78 13 1 1 1 2 21 9 1 2 4 2 1 1 1 4 33 5 1 2 1 1 8 1 2 3 1 2 1 3 1 5 4 1 3 383 8 2 16 191 1 1 1 216 6 4 1 31 1 2 4 5 2 4 3 2 2 1
1 1 1 1 4 7 2 5 2 6 1 1 1 1 2 4 1 29 1 2 15 3 2 1 2 3 1 1 2 1 4 8 2 4 1 1 2 2 3 47 2 1 4 76 56 4 1 9 9 1 11 7 1 3 5 4 1 2 1 2 4 2 2 4 1 2 1 22 4 2 2 1 48 17 1 4 2 2 5 1 1 28 3 2 1 14 6 2 12 1 1 1 3 3 2 1 3 1 1 4 2 1 1 1 1 1 1 2 1 2 1 9 2 4 1 1 2 6 1 2 17 2 2 1 14 11 1 1 7 7 1 2 7 1 15 5 5 8 3 2 3 285 2 8 2 1 7 2 1 5 1 1 4 3 1 2 1 1 1 85 6 2 2 1 2 10 2 6 3 2 1 31 1 11 6 4 7 2 1 1 8 2 1 2 1 2 3 3 1 12 4 3 1 1 2 1 3 5 5 1
12 2 1 4 1 1 5 2 1 4 7 11 46 3 2 1 2 3 3 2 1 1 1 2 1 1 2 2 2 18 7 25 2 1 12 1 3 1 28 1 2 1 2 1 3 5 5 3 2 2 2 1 1 1 3 23 2 2 2 13 2 10 3 10 2 3 1 2 3 8 3 1 3 2 1 1 7 3 2 12 1 4 1 11 4 1 4 1 1 3 4 1 4 2 2 2 2 1 2 5 14 2 1 1 10 3 3 2 2 1 46 2 1 1 14 1 1 4 2 1 5 3 1 3 1 2 2 3 4 12 3 5 4 11 4 1 114 3 1 2 2 5 2 62 3 2 2 9 1 4 1 1 1 1 2 2 1 2 3 1 1 4 5 1 1 1 4 1 3 3 2 1 5 113 2 2 1 13 4 1 1 6 1 1 251 1 2 5 1 7 2 19 2 1 2 2 10 10 1 3
2 12 2 2 2 7 4 1 3 2 2 8 7 3 1 1 1 1 2 4 4 1 4 2 2 5 3 1 7 4 5 1 3 4 3 1 10 1 2 17 8 1 1 3 8 2 2 3 1 2 3 2 2 1 1 3 4 1 1 2 1 2 1 4 22 2 1 6 24 3 3 3 2 4 2 2 2 1 5 2 1 3 4 2 2 3 5 1 1 1 1 5 2 26 2 2 4 5 1 3 1 2 10 1 3 1 1 5 2 3 6 1 5 2 1 2 2 8 10 2 2 2 1 7 1 1 1 1 2 3 2 20 33 2 5 2 3 2 1 1 2 2 3 11 1 1 2 23 9 2 1 2 6 1 2 2 2 5 1 9 3 5 2 1 3 2 1 5 1 16 1 2 2 12 2 3 3 297 3 4 1 4 1 2 1 3 2 2 4 3 1 1 3 14 1 1 2 6 1 2
2 2 1 2 1 3 2 1 1 1 1 2 1 2 3 8 2 1 21 1 31 18 389 100 3 1 3 2 4 2 5 2 1 4 3 5 14 8 4 1 1 2 2 25 3 2 2 1 1 1 8 4 3 1 2 2 7 1 2 30 1 1 5 1 2 1 3 1 1 36 9 28 3 5 2 1 4 113 4 9 2 1 4 1 3 2 24 1 6 1 2 2 2 1 3 2 1 3 2 1 3 2 2 2 8 1 7 1 1 3 26 7 2 2 2 1 1 1 1 3 1 1 1 2 1 2 2 1 1 1 1 1 2 5 11 1 4 1 2 2 2 1 1 2 1 9 6 26 1 2 33 4 2 2 1 4 1 1 4 1 2 3 7 2 5 2 2 4 1 68 1 2 1 4 1 3 1 1 6 1 2 1 2 2 1 2 5 2 3 1 4 8 2 3 1 2 2 2 1 2
2 2 3 2 1 1 38 1 1 1 7 5 2 2 3 3 1 7 2 1 2 2 4 1 5 4 1 1 2 7 382 4 16 3 1 3 2 2 3 4 13 2 52 1 1 2 4 1 11 2 3 2 1 2 17 2 2 1 3 2 2 3 6 2 15 2 3 2 6 3 2 1 2 2 2 1 6 2 2 1 2 7 17 5 1 2 1 71 7 2 2 1 1 8 7 1 9 2 5 2 3 9 4 1 1 2 2 1 2 10 1 1 6 2 1 1 1 5 1 1 1 2 2 2 4 2 3 12 1 2 3 2 1 50 1 2 1 1 1 1 2 5 1 1 1 3 2 2 14 2 10 11 7 3 3 10 2 1 3 1 11 3 1 1 1 1 2 35 2 2 2 1 1 2 41 2 2 2 4 2 4 2 3 11 1 1 3 1 2 2 1 4 1 2 1 1 283 8 14 2
2 46 1 8 3 2 3 3 13 1 1 2 1 4 1 1 5 5 2 208 8 3 5 1 16 2 2 2 1 1 134 57 1 2 1 5 3 1 8 27 2 2 8 1 1 1 1 1 1 4 2 1 3 9 1 1 2 2 1 1 2 11 2 2 21 5 1 2 21 1 5 1 1 2 1 1 4 1 1 3 1 1 2 1 2 3 7 2 1 1 4 2 3 2 93 2 1 1 1 1 1 1 1 1 1 1 1 2 1 2 2 1 1 1 6 1 1 1 1 2 2 1 2 1 2 2 1 5 5 2 2 3 2 2 1 1 2 28 2 7 2 2 1 3 4 1 2 5 1 4 1 6 1 1 19 7 2 3 2 8 2 1 1 1 6 4 3 3 3 1 2 4 2 2 1 2 2 4 10 2 1 1 7 1 1 35 10 1 1 1 1 4 8 1 2 1 3 4 3 2
2 1 1 5 2 1 1 1 9 2 1 1 8 1 1 1 1 2 2 16 1 2 3 2 2 2 2 5 3 3 6 1 57 1 7 3 2 1 1 1 1 3 5 2 1 3 3 1 4 1 30 3 5 2 27 3 1 4 1 1 1 1 10 2 2 22 4 1 14 1 5 1 9 4 1 3 3 10 2 29 1 2 3 1 2 1 2 1 2 15 7 1 26 2 1 47 10 3 8 4 2 6 4 2 1 1 5 2 1 2 1 30 4 2 1 2 6 3 18 1 12 1 3 53 2 3 1 2 17 4 2 2 2 15 2 2 9 7 1 2 1 1 6 2 2 1 3 4 1 1 1 2 9 2 1 1 1 6 4 2 8 2 1 9 1 2 1 10 2 7 1 7 6 4 4 2 3 1 1 7 1 2 3 10 2 1 4 2 2 13 2 2 1 2 2 5 4 2 2 1
1 1 3 3 1 3 26 4 12 7 2 1 4 1 1 2 1 13 1 8 1 1 3 55 1 2 1 1 1 3 2 1 3 3 1 1 3 1 3 2 2 1 1 9 30 26 26 2 2 16 1 2 1 1 1 1 4 1 5 3 8 2 1 23 3 1 18 2 2 2 2 6 1 2 3 33 4 2 9 2 4 1 4 28 6 1 2 1 2 2 3 2 5 1 1 3 1 2 3 3 2 4 2 1 7 2 1 1 1 6 2 1 1 2 1 6 1 7 7 8 1 2 1 1 1 1 3 1 7 6 1 1 1 2 1 1 4 2 1 2 1 4 5 3 1 1 4 3 2 42 1 1 2 2 1 4 88 6 6 2 10 2 2 3 2 2 2 1 2 1 1 1 1 6 1 1 1 3 1 3 2 2 1 1 1 2 2 9 1 2 1 2 2 1 2 3 1 1 3 1
5 1 1 2 2 1 4 1 20 1 1 7 2 1 2 1 3 2 16 17 2 5 7 2 5 1 2 3 3 2 1 1 6 2 1 1 1 4 2 2 1 1 2 2 2 2 4 26 2 8 2 2 2 3 1 7 1 2 1 2 1 2 1 5 1 6 3 1 3 1 1 1 6 1 1 1 1 2 39 2 4 5 2 11 8 176 6 1 5 5 1 3 2 1 3 2 1 2 3 8 1 11 2 2 3 1 7 2 2 2 8 1 1 2 3 1 1 1 4 35 1 2 1 20 1 14 2 1 9 3 2 2 2 1 2 7 2 10 1 2 2 1 1 1 2 3 2 3 4 2 1 1 2 2 1 118 1 6 1 1 1 2 10 2 1 6 5 2 1 1 117 1 2 7 3 3 2 13 1 2 7 4 1 10 5 1 1 2 22 1 4 1 29 2 1 6 5 3 2 18
2 15 1 1 2 2 2 2 2 1 2 1 1 1 1 7 1 1 2 1 9 7 11 49 1 1 39 2 1 1 3 1 1 1 1 15 2 3 2 1 5 2 1 2 1 3 3 1 2 1 141 1 2 2 7 477 1 2 2 4 1 2 3 2 2 2 51 35 3 2 1 2 1 1 2 1 2 4 11 2 14 4 2 2 2 10 3 1 1 14 4 1 6 1 2 1 1 1 1 3 1 1 2 2 2 82 2 53 1 1 3 2 2 4 5 27 1 1 2 10 1 3 2 3 5 1 1 2 83 1 2 3 2 2 4 2 3 1 4 2 3 33 3 4 1 1 2 52 4 7 1 1 45 2 1 2 10 2 8 1 1 3 2 2 3 2 2 3 2 1 2 2 3 1 4 2 1 1 2 3 24 2 2 8 1 1 4 4 2 3 4 2 2 2 41 1 1 2 1 1
2 1 2 32 35 26 1 1 4 4 14 1 1 4 20 2 2 1 2 1 1 1 1 1 2 3 4 5 1 3 1 13 2 5 2 1 3 2 2 3 1 2 2 2 2 3 2 2 4 15 3 1 3 1 2 1 1 2 7 14 1 1 219 9 4 2 2 1 170 2 1 3 2 1 1 2 1 1 1 2 7 1 4 1 2 3 2 3 11 1 2 3 1 1 43 1 1 3 1 1 1 1 1 2 2 18 14 19 3 35 2 8 3 16 14 1 5 1 2 1 5 1 1 2 11 2 1 2 3 5 1 1 8 2 1 5 5 3 4 3 2 1 1 1 1 1 3 2 2 1 1 88 2 1 3 2 4 1 1 4 7 1 1 2 3 4 1 1 1 5 5 1 9 13 1 2 1 3 2 4 3 2 5 2 1 11 4 1 2 2 6 1 2 19 11 2 1 3 2 4
2 2 3 3 1 2 1 2 1 2 1 142 1 3 2 6 2 3 185 3 2 3 24 1 4 1 3 4 1 1 3 2 3 2 1 2 1 2 2 1 2 18 2 51 9 302 1 1 1 2 11 1 1 1 2 1 3 3 128 2 2 2 4 1 1 2 2 1 1 1 4 1 1 1 1 2 2 3 3 2 2 3 1 1 1 10 1 1 2 1 1 9 2 16 11 1 2 2 2 4 2 1 1 3 20 2 2 1 5 3 1 1 1 5 4 5 2 1 3 2 1 2 1 2 9 5 3 266 3 2 2 1 4 3 2 2 3 1 3 1 2 2 1 2 2 2 1 76 1 2 2 1 1 1 3 10 1 1 1 2 4 3 4 3 43 1 1 3 3 419 3 2 1 17 2 15 3 1 1 5 4 1 3 3 2 2 2 1 1 4 1 3 3 2 11 2 4 1 2 1
9 2 2 1 5 1 1 3 2 91 1 1 1 1 42 1 1 1 1 2 2 2 22 4 3 4 3 1 2 2 1 1 1 1 34 13 2 2 2 1 15 9 1 3 1 2 3 2 8 1 4 1 4 1 1 3 1 1 3 4 4 1 2 1 2 1 2 1 1 1 4 1 2 5 13 22 1 1 3 8 2 1 6 1 1 2 1 3 21 1 3 3 7 13 4 4 1 2 1 1 1 5 6 2 3 1 1 4 2 2 3 1 6 1 2 2 7 2 17 5 73 4 2 1 2 2 25 6 1 2 7 2 2 2 1 2 5 2 4 1 2 4 2 3 1 1 1 55 3 1 4 3 1 11 1 2 2 2 1 242 4 7 3 2 3 2 2 2 14 2 4 2 5 5 20 5 2 4 3 27 4 2 4 1 4 6 3 1 30 1 2 1 2 1 1 1 10 2 2 3
2 2 1 3 1 15 3 2 5 2 5 4 1 1 3 1 1 11 1 1 1 1 1 2 1 2 2 4 5 28 2 1 4 2 3 1 2 4 1 1 1 1 2 1 4 2 1 2 2 2 5 1 1 66 7 4 2 28 1 7 7 4 2 13 2 3 2 1 1 16 9 1 1 32 3 2 1 3 2 10 2 3 2 4 1 1 4 16 3 2 1 1 3 2 1 2 1 2 3 2 1 3 1 2 2 1 1 3 1 4 2 1 13 7 2 2 1 19 4 2 1 1 2 1 1 3 8 10 1 3 2 2 1 2 1 1 2 20 2 2 1 7 1 3 2 2 2 2 1 2 1 1 1 3 3 5 2 3 225 2 2 4 1 1 1 1 1 1 1 1 2 5 13 12 6 1 1 2 7 13 40 5 2 1 30 1 67 1 3 1 2 2 1 2 12 3 4 354 1 2
3 1 3 3 1 4 2 2 1 38 3 1 1 3 4 1 24 1 1 4 1 1 2 1 1 2 5 3 2 2 2 3 8 2 3 55 2 4 1 1 13 2 2 2 2 1 4 1 1 2 17 8 1 1 2 2 1 3 12 4 11 2 22 3 2 15 3 5 3 3 30 1 2 2 1 1 10 23 2 1 1 2 1 2 2 49 5 5 1 2 9 5 3 8 1 3 3 1 1 42 2 1 1 1 2 14 1 1 2 30 4 2 1 5 9 3 2 6 7 6 3 3 3 2 1 1 2 1 12 2 1 1 1 6 3 3 2 2 1 4 3 1 1 2 1 79 4 3 1 3 1 2 5 1 66 3 2 1 2 1 2 5 2 7 1 2 2 6 1 30 2 4 4 1 2 1 1 2 1 1 2 5 1 2 1 17 2 2 2 2 1 7 2 29 1 2 1 1 6 1
1 1 1 3 2 4 12 18 2 1 2 1 2 1 4 3 1 1 1 1 3 1 10 1 1 3 1 2 2 4 2 1 1 6 2 3 3 1 1 1 1 2 1 1 11 1 2 1 1 1 3 1 5 1 2 6 2 1 1 4 3 35 1 1 3 2 1 3 5 2 1 3 9 4 6 1 10 3 2 3 1 1 2 1 2 3 1 7 1 1 8 1 2 4 3 20 32 2 1 11 19 2 2 4 4 1 4 2 2 2 4 7 2 2 2 4 2 7 5 2 2 4 2 3 2 4 1 4 2 4 3 6 5 2 12 3 1 3 5 2 3 3 2 1 2 2 3 1 2 1 2 2 1 2 2 3 2 2 1 1 1 11 2 1 2 1 1 3 2 8 1 3 1 4 5 6 2 1 4 7 2 3 2 2 2 3 3 3 2 1 58 4 1 2 3 3 4 9 2 3
10 3 2 1 2 1 2 2 1 1 1 2 1 9 11 1 1 4 1 3 1 18 2 3 1 2 4 1 1 15 4 7 6 1 2 1 5 3 3 23 1 90 18 1 4 1 2 1 3 46 2 1 4 9 1 2 1 2 1 6 2 1 6 2 2 2 1 2 2 2 2 2 3 3 5 1 52 5 1 1 3 2 1 3 2 2 1 1 1 1 2 1 1 1 4 221 1 3 20 1 1 3 2 2 1 9 22 237 1 2 2 1 2 1 3 3 2 9 1 1 3 7 2 1 2 1 1 3 2 1 8 3 1 2 10 19 1 4 7 1 3 1 3 2 5 5 1 1 8 4 1 4 2 2 2 2 10 1 2 3 2 10 2 2 1 2 9 2 3 2 2 2 1 1 1 1 1 2 1 1 1 152 4 1 1 4 2 1 4 2 6 1 1 5 1 2 1 2 2 1
2 6 1 4 3 1 1 2 2 13 1 31 2 1 2 1 3 1 20 12 4 1 3 1 1 4 2 2 1 1 2 1 25 140 8 19 2 2 1 14 11 2 1 1 2 2 3 2 34 4 10 1 3 1 2 3 1 1 2 1 7 5 2 8 3 1 1 2 1 17 6 4 1 3 2 44 3 2 2 5 1 123 1 1 1 4 7 1 1 2 5 1 1 2 1 2 4 1 1 65 3 4 4 4 42 1 3 1 5 1 3 2 4 2 2 1 1 2 3 1 2 3 1 1 1 16 2 2 2 3 1 2 8 2 1 5 1 3 5 1 11 2 2 2 3 2 1 3 4 27 2 7 54 3 7 4 2 2 3 2 4 1 20 1 4 5 3 1 1 2 5 1 2 2 2 1 7 1 1 2 3 5 4 2 7 1 2 1 23 4 5 1 14 2 49 3 3 1 1 50
2 1 2 1 1 1 2 2 2 3 321 2 8 1 20 1 1 5 3 3 1 7 2 3 3 9 2 3 49 5 1 5 7 7 2 1 1 9 2 9 8 2 1 3 6 3 17 1 3 2 2 1 3 1 37 2 203 1 2 2 8 1 2 3 8 6 1 1 5 6 1 2 1 1 1 1 1 2 2 2 3 6 2 1 6 7 2 3 2 1 1 4 7 2 7 1 11 1 3 13 1 2 1 5 3 1 1 4 20 1 2 4 5 1 3 3 2 4 1 2 1 3 2 3 2 1 1 2 5 20 1 3 25 6 1 7 1 1 2 2 3 2 1 2 4 1 3 7 2 1 4 2 1 21 139 2 3 11 2 1 2 4 1 5 1 1 9 10 4 2 2 1 3 3 15 1 1 2 2 8 1 3 2 2 2 6 1 31 1 3 3 3 2 3 5 2 3 5 1 2
2 2 1 1 1 2 5 2 2 1 3 11 2 4 2 2 22 1 2 1 2 2 11 2 3 11 2 1 1 2 1 1 1 6 18 2 1 2 3 6 2 18 1 7 1 3 2 1 1 18 1 1 2 2 2 2 2 5 1 1 1 4 1 3 2 14 23 1 1 2 1 1 1 10 3 1 2 3 2 1 13 1 3 6 1 6 2 2 4 6 2 5 2 2 4 1 3 1 20 5 1 1 2 1 1 13 2 6 1 1 1 1 2 11 2 2 2 3 2 32 9 26 6 29 10 2 3 1 9 2 1 1 2 11 2 2 1 1 3 6 1 4 3 1 2 1 4 114 7 1 1 3 1 2 3 1 3 3 2 1 2 2 2 2 1 18 4 1 75 3 1 6 1 3 1 1 5 5 3 1 3 2 1 2 4 1 1 4 1 3 1 1 8 2 1 1 1 1 2 1
3 1 2 1 15 88 4 4 3 1 3 1 7 3 2 5 1 1 2 1 3 2 1 11 1 2 3 1 2 6 5 1 1 4 2 3 3 6 1 3 23 3 1 1 1 19 3 2 2 5 2 2 61 3 1 6 1 2 2 10 2 2 4 1 3 3 2 9 5 2 16 1 9 4 1 1 16 1 1 10 2 7 2 2 1 1 1 7 1 1 9 4 3 2 1 24 2 2 4 3 1 3 3 1 2 1 7 1 15 1 6 1 2 1 2 1 1 4 1 3 24 4 1 19 2 2 11 3 5 21 1 1 1 26 6 1 3 1 2 5 1 3 67 2 1 1 2 2 1 1 1 3 1 1 2 2 2 2 3 1 3 4 2 4 5 2 11 2 35 2 1 4 13 1 2 1 1 5 4 5 1 6 1 1 1 21 2 1 1 4 5 1 5 1 3 13 1 2 1 2
1 1 2 2 7 2 24 1 1 2 1 1 1 2 24 1 2 3 1 1 3 1 4 1 7 1 3 1 1 1 2 2 1 3 1 2 5 6 1 5 1 2 1 42 2 1 1 5 4 10 1 1 1 3 2 1 3 2 4 1 12 1 6 4 1 3 3 2 18 1 1 1 8 3 1 2 2 2 2 1 37 1 1 2 2 1 2 3 1 3 66 1 2 1 1 5 3 1 3 2 1 2 3 3 17 1 1 1 1 3 15 4 1 1 3 5 2 4 3 2 1 1 1 9 1 1 2 1 2 1 9 12 3 3 3 1 24 2 2 3 9 3 2 1 1 5 1 3 2 2 2 4 3 2 7 3 1 11 2 1 3 1 2 1 3 2 59 1 6 1 1 1 17 10 2 10 2 3 50 3 76 18 3 23 4 1 12 2 3 4 3 6 1 1 1 11 1 1 1 3
12 2 1 1 1 10 1 1 14 15 4 4 1 1 1 1 1 1 1 3 43 3 1 10 1 2 1 2 2 1 3 1 1 1 4 1 7 2 1 1 14 3 39 2 81 2 3 5 1 1 22 1 2 7 2 14 2 2 2 1 1 2 14 6 3 1 66 1 2 1 1 36 2 1 1 2 181 3 2 3 5 1 1 2 3 2 1 5 1 14 4 2 2 1 2 79 1 2 2 2 1 1 1 1 1 7 2 1 30 95 2 6 2 2 2 7 2 5 2 35 1 2 2 5 47 2 1 2 5 1 2 17 10 3 3 2 3 9 3 1 3 1 1 3 2 3 3 4 5 2 1 2 1 3 7 12 2 1 3 6 2 1 1 3 7 1 2 45 1 1 2 6 1 1 1 7 4 2 2 2 1 1 2 1 1 1 23 1 1 2 1 2 3 1 2 27 1 1 1 10
2 1 3 1 1 2 4 2 8 6 2 1 4 3 2 34 1 2 2 2 2 1 3 2 1 3 1 3 1 4 2 1 33 25 5 1 4 14 2 1 2 3 1 1 1 8 13 14 2 2 2 2 5 5 2 2 3 2 1 4 1 54 1 3 5 24 8 1 1 2 1 2 2 1 1 19 4 2 2 1 4 43 15 2 1 4 13 1 1 1 2 2 1 1 5 1 2 8 3 18 4 14 1 3 1 2 20 1 4 1 1 1 8 1 2 12 2 2 1 6 1 2 1 1 2 6 1 2 2 15 2 2 1 2 18 1 1 3 1 2 1 1 1 2 7 2 3 1 2 5 1 2 3 2 2 2 2 6 1 8 5 1 2 2 1 1 2 2 10 1 29 10 2 3 3 4 2 3 2 1 2 2 1 1 2 4 1 1 62 3 1 24 2 4 2 7 1 9 1 3
1 1 3 1 8 1 1 9 2 1 30 1 3 1 1 2 4 6 1 1 7 1 5 1 63 3 42 2 17 4 2 11 2 2 1 1 4 2 15 3 4 1 5 3 1 2 1 2 5 2 1 2 2 2 3 4 13 1 10 4 1 1 3 2 4 1 19 2 41 1 2 19 2 2 1 1 1 1 1 1 1 18 2 128 3 2 1 21 1 2 4 5 1 2 1 1 1 2 1 27 1 1 2 1 1 5 2 2 4 2 2 2 1 1 17 6 2 2 1 2 4 12 2 3 1 1 5 2 10 3 2 7 3 2 7 1 1 24 5 2 2 2 1 3 1 18 1 2 3 2 2 2 1 2 1 1 1 1 4 2 1 2 2 1 1 1 8 2 27 2 4 5 1 1 2 1 1 1 1 1 1 1 1 3 4 1 2 2 5 1 3 5 4 1 3 7 3 1 3 1
2 15 1 1 2 1 1 5 2 39 4 6 4 1 4 1 1 1 144 1 1 1 1 3 3 2 1 1 3 2 5 1 2 1 2 3 3 1 37 3 1 1 1 1 2 2 3 2 1 2 2 45 22 2 1 2 75 3 2 1 2 1 2 5 1 2 1 1 2 7 3 2 1 2 3 3 3 1 1 3 1 2 1 2 2 4 2 2 4 2 136 3 4 165 3 2 1 1 6 3 8 1 1 2 1 2 3 1 77 2 3 5 2 19 27 1 1 5 1 1 9 2 1 2 2 1 9 1 2 1 1 1 4 2 1 1 2 1 4 1 1 8 1 2 2 2 1 63 3 4 62 1 1 4 1 1 13 1 2 13 16 3 9 2 6 3 3 19 2 7 1 8 11 2 1 1 8 4 23 1 14 2 46 2 3 4 1 9 2 2 2 2 1 1 14 2 1 4 2 4
4 7 2 2 2 1 2 2 6 2 5 4 1 2 1 1 11 1 9 73 3 4 6 6 1 1 4 8 6 1 17 3 1 1 6 3 3 3 1 2 1 3 3 1 1 1 1 2 3 2 1 1 2 2 2 2 7 15 1 1 1 10 3 4 1 2 1 8 4 3 9 5 15 20 2 2 3 1 2 5 2 8 3 2 3 1 1 4 3 5 9 1 8 2 2 71 87 2 6 1 1 2 2 5 1 1 1 5 1 2 11 4 1 5 66 29 1 2 1 1 3 1 2 2 1 8 7 1 2 5 1 1 2 2 2 1 1 1 3 4 3 1 8 16 2 1 3 2 2 2 3 1 5 2 2 7 9 2 11 1 2 4 9 4 2 7 4 1 1 1 1 1 6 3 9 4 3 6 2 1 4 8 8 1 9 3 38 3 1 2 5 7 2 2 3 4 2 1 5 1
9 29 3 2 1 1 1 1 1 2 18 4 3 3 1 2 1 3 1 1 4 2 3 1 1 2 6 2 3 2 1 1 3 1 1 1 2 2 1 1 4 2 1 6 12 46 3 2 2 3 1 5 1 6 1 11 1 1 1 2 2 3 2 2 3 1 1 2 9 1 1 28 1 2 3 2 1 1 5 1 5 3 3 6 5 1 1 2 1 2 1 2 2 9 23 1 2 2 1 1 4 4 6 1 3 13 2 3 1 1 1 6 6 2 5 1 1 8 2 2 1 17 1 1 2 1 1 6 1 3 1 1 2 2 23 3 2 2 254 2 2 3 5 5 2 1 2 1 2 5 2 1 1 1 5 3 22 1 2 4 1 1 5 3 256 20 1 2 2 2 3 3 2 4 2 2 1 1 11 2 1 3 1 3 16 2 1 1 2 1 2 1 1 2 2 2 2 1 6 2
3 12 5 269 1 4 1 1 2 2 1 1 20 3 3 1 3 4 1 4 12 16 1 3 2 2 7 5 2 1 3 1 26 2 2 3 2 9 1 2 4 2 4 1 1 1 3 7 1 2 2 4 1 1 4 1 1 11 2 2 8 37 1 2 2 3 3 2 1 2 30 4 4 3 1 2 74 1 2 1 1 5 6 4 1 3 6 2 5 1 1 1 4 131 1 16 1 7 4 1 1 2 2 7 1 7 3 1 7 4 1 2 2 2 3 3 2 9 2 3 1 2 2 9 1 4 1 4 4 4 1 1 2 7 3 2 3 5 1 1 1 2 3 3 5 1 1 2 1 2 4 4 4 4 1 1 2 1 5 2 2 1 2 1 2 2 2 2 5 1 1 2 5 2 9 2 1 2 8 28 1 2 8 2 6 2 3 25 3 2 2 1 6 2 2 2 3 1 5 1
1 1 2 2 1 2 3 8 3 2 1 1 3 2 3 2 2 4 1 2 17 17 4 1 4 7 4 3 7 29 21 10 2 1 3 2 8 2 2 30 24 2 4 1 2 6 5 4 1 1 1 2 6 121 4 2 13 18 1 5 1 3 1 4 2 6 1 3 2 7 1 1 1 2 21 1 6 16 1 2 2 1 2 1 1 1 4 2 13 3 9 4 2 1 1 5 1 1 2 2 12 1 2 2 6 7 2 3 1 77 2 3 4 2 1 13 2 104 1 1 14 3 4 160 1 1 3 1 5 40 2 1 1 1 1 2 3 1 3 15 4 3 4 4 4 1 1 2 6 1 2 1 1 31 2 2 1 1 1 5 1 1 11 2 2 2 14 24 2 1 1 4 1 2 1 1 6 1 6 2 4 5 3 13 1 10 4 3 5 43 8 1 2 1 4 1 2 2 1 2
2 2 9 4 1 2 1 3 7 2 5 1 34 2 3 2 5 2 4 2 50 1 2 1 1 6 2 5 4 2 3 8 2 1 2 6 2 10 2 3 1 8 2 2 2 1 2 5 2 33 2 2 1 3 2 2 2 1 1 2 3 3 6 2 2 1 3 2 1 2 1 1 2 2 2 1 1 6 1 3 2 8 2 1 2 3 5 8 4 2 3 1 5 2 4 3 21 1 1 2 2 2 1 17 1 22 1 1 3 2 11 7 2 2 2 2 1 1 1 3 3 1 1 2 1 2 3 1 1 2 1 8 2 1 4 2 1 1 22 33 17 6 2 1 1 1 2 25 3 3 5 1 2 27 19 1 1 1 1 8 4 13 1 4 2 1 1 1 1 2 4 3 2 3 2 3 1 2 9 2 2 10 3 1 1 8 5 1 1 3 2 3 2 2 2 1 2 1 2 11
1 5 2 4 2 1 1 8 1 3 89 1 1 47 3 4 3 1 2 17 2 2 2 1 1 2 1 1 1 5 3 1 1 1 1 19 2 7 8 1 1 1 2 4 1 3 1 1 2 3 3 5 4 2 5 1 21 2 3 2 4 2 2 4 3 9 3 31 1 2 1 1 1 1 2 2 70 2 2 1 2 97 10 1 2 2 2 3 37 39 1 60 2 67 1 18 2 1 2 82 1 2 4 3 1 2 1 1 1 8 10 1 2 1 3 37 5 1 1 1 1 3 3 2 1 11 1 2 18 2 2 1 2 4 2 11 1 2 2 2 4 8 25 2 2 2 2 1 176 4 1 2 2 5 2 4 2 5 2 3 2 1 5 40 2 2 4 2 23 2 1 2 68 3 1 2 2 2 28 5 2 4 3 6 20 2 3 84 4 1 1 2 4 1 5 1 1 1 8 14
1 6 4 3 1 22 1 3 3 1 1 224 1 2 10 1 5 3 4 2 8 10 2 2 13 1 6 3 1 7 9 1 2 1 140 2 3 2 1 42 2 2 3 3 2 4 10 5 1 4 14 2 1 1 5 1 1 12 1 2 43 13 1 3 1 1 1 1 2 3 1 2 40 6 2 2 21 1 2 7 5 2 2 1 1 79 3 1 2 3 3 3 2 1 1 1 2 2 1 1 4 1 4 10 1 2 2 1 2 2 1 1 1 1 2 1 5 5 3 1 9 9 1 2 5 1 1 4 1 2 3 2 2 1 70 3 2 13 1 3 3 4 5 1 1 2 1 1 3 35 1 1 2 1 2 1 2 2 107 8 5 5 2 3 2 26 3 1 2 1 1 6 3 2 3 7 1 9 1 17 2 2 2 2 1 3 3 1 2 2 3 1 4 10 2 1 1 13 2 3
2 1 1 1 3 2 1 1 3 5 2 2 1 2 2 1 2 1 1 2 1 5 7 1 3 2 2 5 1 3 1 1 2 1 3 3 1 1 27 4 1 4 1 4 2 8 2 3 1 1 7 1 4 4 3 1 1 4 4 1 1 1 367 5 2 1 1 3 2 5 2 1 9 1 1 1 2 5 13 4 1 3 2 17 7 1 11 1 1 4 1 19 2 1 3 1 1 224 2 2 1 3 3 1 1 1 6 1 2 6 3 3 1 1 1 3 2 7 2 2 2 1 1 5 2 1 1 1 10 2 1 8 1 1 1 1 3 3 2 3 2 6 1 3 16 2 2 1 1 18 21 1 5 2 42 2 1 5 2 1 1 1 6 2 1 1 5 3 32 1 1 3 1 1 25 8 4 13 15 2 6 3 4 1 1 1 5 2 3 6 1 3 2 2 5 1 1 2 2 2
2 5 1 2 2 3 1 1 3 1 16 1 53 1 3 1 3 1 2 2 23 1 2 4 1 1 2 1 7 3 3 2 1 1 1 2 2 1 1 1 2 4 8 2 1 2 1 6 1 4 4 1 1 3 12 1 2 1 1 5 2 1 1 13 3 7 2 1 12 1 75 1 4 2 2 1 2 3 5 1 14 17 1 8 1 1 2 4 2 2 11 1 4 1 1 3 1 5 1 2 19 2 4 2 3 2 1 2 1 7 3 2 2 1 4 2 3 45 2 2 1 15 5 1 1 1 3 1 2 4 1 32 1 3 1 3 2 1 3 4 2 3 4 5 1 2 1 4 1 4 1 1 1 2 2 1 13 1 1 1 1 5 1 49 1 1 9 2 9 1 1 2 2 1 2 6 1 22 2 1 1 4 2 2 15 3 2 5 5 2 2 3 10 2 1 2 5 16 1 5
3 2 2 2 1 1 2 1 1 2 3 2 2 2 3 3 7 1 2 2 5 6 1 2 3 6 8 2 62 2 2 7 2 3 6 3 1 2 21 2 14 1 2 1 8 1 2 6 3 6 46 8 2 3 1 9 2 3 6 89 2 1 1 5 2 7 7 3 1 2 1 1 5 1 2 3 1 1 3 12 2 20 12 1 5 3 4 2 20 5 4 1 17 3 1 4 4 1 1 1 1 1 2 1 2 1 338 1 1 2 5 1 7 2 2 5 1 11 1 3 3 2 2 3 4 3 8 1 2 1 7 2 3 2 1 1 1 16 1 2 1 5 3 2 8 3 1 2 3 1 1 2 22 2 3 6 2 6 2 2 1 2 5 2 2 8 4 5 1 4 1 1 2 2 2 2 2 2 2 1 1 3 2 3 27 3 4 2 1 4 1 5 3 3 3 6 3 6 1 3
2 1 8 2 7 1 1 1 2 14 12 1 4 4 3 2 3 2 1 2 1 5 5 4 1 1 1 2 6 1 2 5 22 3 2 5 1 1 3 2 2 6 1 24 1 1 4 1 1 4 26 4 2 3 15 3 1 2 10 6 2 15 2 2 3 11 3 1 6 2 7 5 10 1 1 11 36 2 5 1 11 2 2 2 7 1 1 1 2 2 2 4 1 2 2 1 1 2 2 1 1 7 1 1 2 3 1 4 1 5 1 1 4 4 1 3 1 18 1 48 1 2 1 1 1 4 2 1 3 2 6 3 3 1 1 10 2 2 5 13 1 1 29 2 1 3 6 3 8 154 2 2 4 6 1 3 4 7 3 5 1 5 1 9 1 1 1 1 1 1 6 2 9 3 8 2 1 1 15 7 20 2 1 2 1 2 1 11 3 3 1 1 2 3 6 10 6 1 2 1
2 1 1 12 3 1 1 5 2 1 1 42 7 1 8 1 1 2 2 11 81 2 5 1 2 1 1 1 1 1 2 2 5 6 1 5 2 1 2 2 1 1 1 2 1 5 5 5 5 6 3 2 1 4 52 2 2 3 13 1 36 2 2 2 19 2 2 1 61 2 9 1 2 3 1 1 2 2 2 4 7 1 4 1 5 2 2 1 2 1 9 2 5 2 7 3 2 1 1 102 2 1 3 2 2 1 1 1 1 1 2 2 1 2 1 1 1 2 2 1 6 3 2 4 1 2 3 8 1 4 3 3 2 9 9 2 1 2 1 1 2 7 2 2 17 2 2 21 2 2 3 1 1 2 4 1 2 2 8 1 2 2 3 1 1 1 2 2 3 3 2 23 1 1 13 1 3 2 2 3 1 1 6 4 1 2 1 3 1 2 2 1 3 1 4 3 1 3 2 2
2 2 7 2 1 1 2 2 2 1 3 2 2 1 3 1 6 1 1 5 3 18 2 1 3 4 2 5 1 3 3 2 1 2 2 4 3 2 2 5 2 1 4 2 2 1 8 8 1 7 2 1 2 4 3 2 6 15 20 1 10 3 1 2 1 2 2 1 21 3 2 5 29 1 14 5 3 1 1 303 5 19 10 2 1 3 3 6 2 1 1 6 2 6 2 2 8 21 1 2 1 2 1 2 2 2 11 3 2 1 28 2 1 2 2 1 1 1 2 1 1 2 1 2 16 2 1 3 5 2 2 3 2 11 2 1 7 2 10 1 5 1 3 16 2 1 1 2 2 4 4 14 1 4 1 1 3 2 3 1 2 1 8 1 1 2 1 4 2 3 4 2 16 4 4 3 2 3 1 4 5 3 1 1 2 2 2 2 1 2 3 1 1 1 1 1 3 1 2 3
4 2 4 1 1 9 2 1 1 2 16 3 7 1 1 3 1 2 1 2 2 3 275 25 1 3 4 10 10 2 4 3 2 1 53 2 2 2 104 2 2 3 11 6 5 10 9 79 1 1 7 1 2 2 1 5 2 2 2 2 1 3 1 7 64 1 12 2 1 1 6 1 5 6 1 4 2 2 2 3 1 2 4 5 2 6 2 1 3 7 2 1 1 4 1 7 2 8 2 6 2 1 4 1 1 4 3 4 3 3 1 1 3 3 3 1 4 2 2 1 2 9 13 8 3 11 20 19 1 1 12 1 9 2 1 2 3 2 1 22 3 1 1 1 4 5 1 1 1 1 10 3 6 3 2 6 2 1 1 6 3 1 1 1 2 2 3 2 1 3 55 2 3 4 2 2 2 1 2 2 3 10 1 1 1 2 1 2 3 2 3 3 1 1 2 5 2 4 2 1
1 1 3 2 8 3 5 1 4 121 4 9 1 1 2 2 2 13 1 10 3 1 2 1 6 12 1 4 3 2 10 1 1 1 2 1 1 2 6 2 1 10 5 9 1 7 5 1 208 162 1 1 3 4 3 1 2 1 1 1 3 1 3 36 1 1 5 2 2 2 2 1 3 2 4 3 3 1 4 11 1 9 19 1 1 7 2 21 2 2 2 18 2 1 1 4 1 1 2 3 2 1 2 1 1 6 2 2 1 4 1 4 2 2 1 5 3 4 2 2 1 2 1 2 2 3 2 1 4 2 14 5 1 1 5 1 3 1 4 2 1 1 2 1 2 2 8 1 2 9 6 1 1 22 2 5 5 1 1 12 1 51 2 2 2 6 1 3 1 1 10 6 2 3 7 3 1 6 2 2 1 2 6 1 5 2 2 1 2 1 6 1 10 2 1 2 2 4 1 6
2 7 1 1 1 2 5 1 3 3 6 30 2 5 1 8 2 1 2 1 2 8 2 2 1 2 3 4 1 2 1 2 1 1 1 5 8 1 1 2 2 2 5 1 2 6 3 71 2 1 23 9 10 1 3 1 1 2 5 2 2 1 10 1 4 1 14 1 3 2 1 2 3 20 5 12 3 1 1 4 10 1 2 3 1 2 3 2 6 1 1 6 3 4 4 1 11 2 1 3 1 1 5 2 1 15 1 6 1 11 1 9 1 108 1 3 4 7 1 7 5 1 1 3 7 4 2 6 3 1 16 1 3 5 1 2 2 8 2 21 1 1 1 13 1 2 3 15 15 6 23 2 2 13 4 1 2 3 2 5 1 1 7 4 3 2 1 3 1 1 2 1 3 1 2 5 4 7 1 9 1 8 48 2 1 2 1 2 1 1 3 2 2 2 4 4 10 1 1 2
14 6 2 1 2 3 1 166 2 2 1 6 2 2 2 4 1 2 1 1 2 66 1 5 1 2 17 460 2 9 1 1 4 1 3 1 1 1 6 1 2 2 1 2 4 5 2 5 1 2 6 1 2 15 2 2 27 2 1 2 6 3 1 2 3 1 2 2 1 1 1 3 1 3 4 4 3 1 24 1 9 27 13 3 1 1 10 2 1 3 2 1 10 2 3 1 212 2 1 1 3 15 4 3 7 1 1 2 4 2 1 1 1 1 2 2 37 1 2 1 2 1 2 2 2 3 2 1 1 1 1 2 8 3 3 6 4 2 3 1 1 3 3 2 5 2 9 1 1 1 1 1 1 12 1 2 1 1 7 7 1 2 8 1 3 1 26 1 2 1 2 2 3 12 7 14 2 4 2 2 3 23 134 8 1 1 2 2 3 2 2 1 1 4 1 1 1 1 3 1
4 4 1 1 1 6 4 2 6 6 3 1 2 1 11 2 1 6 1 1 2 1 1 9 1 1 5 1 1 2 3 1 3 2 1 2 2 3 1 3 1 58 1 2 2 1 9 3 1 12 2 2 3 3 2 2 1 1 2 37 4 66 6 6 2 7 63 1 1 2 2 1 2 2 1 10 1 15 20 19 52 2 8 1 1 13 2 3 1 17 4 2 25 2 2 8 1 1 1 2 2 1 2 2 1 3 1 1 1 24 3 2 21 18 2 2 2 1 1 1 6 15 1 3 13 4 2 3 88 3 38 4 1 7 4 3 3 6 1 57 2 2 18 41 1 3 1 1 5 1 1 1 2 5 3 6 1 1 3 2 2 1 2 13 1 2 1 5 1 4 3 2 2 12 1 10 1 1 2 1 12 7 1 3 1 1 3 4 22 26 1 2 4 3 5 2 1 5 5 2
1 4 7 1 1 2 3 3 1 34 102 2 4 1 1 3 1 1 3 3 2 2 2 3 1 2 1 10 4 1 1 3 7 8 1 1 3 1 2 3 1 1 3 4 1 1 2 2 5 1 2 3 3 2 1 2 9 1 2 3 6 2 5 1 3 1 1 3 2 2 6 1 1 2 7 4 4 1 1 3 2 1 7 2 1 163 4 2 4 2 10 8 2 1 3 4 1 2 1 4 6 1 3 2 13 1 41 2 3 1 3 2 2 2 8 1 3 2 21 2 2 2 1 7 26 1 1 2 1 11 13 1 1 7 6 3 1 1 16 1 4 1 2 8 36 6 4 24 27 7 1 3 1 2 1 1 6 5 2 1 2 22 5 2 1 2 4 2 1 12 2 1 5 1 124 41 2 2 9 1 1 1 2 3 1 4 16 1 1 2 1 4 2 4 4 2 4 3 5 2
2 1 1 2 5 2 2 2 5 12 3 3 1 3 2 1 2 1 14 7 75 1 1 1 9 3 2 3 14 3 2 2 1 4 1 3 1 4 5 3 26 4 3 1 1 2 1 3 3 6 1 6 3 1 29 1 2 4 1 1 1 1 1 2 2 1 1 3 5 2 1 1 3 2 43 1 1 85 7 6 1 3 1 1 2 6 2 3 21 2 1 1 1 5 15 2 9 5 4 1 2 2 5 17 2 2 2 10 2 1 2 1 2 1 5 1 2 3 6 1 2 4 2 11 4 2 2 3 1 1 2 112 2 5 5 2 1 2 2 1 3 3 2 1 2 1 1 69 1 1 18 3 2 3 185 20 1 5 5 2 8 1 2 3 2 5 7 2 5 1 1 12 1 1 2 4 48 55 1 1 2 2 2 1 6 1 2 24 9 4 3 18 1 3 5 3 14 1 2 2
5 15 5 2 2 6 5 2 2 1 4 12 14 2 3 18 3 1 1 1 2 15 2 2 1 1 5 1 7 2 2 2 2 6 1 2 1 3 2 3 2 2 1 2 3 2 2 7 6 2 2 1 1 1 1 2 2 1 1 2 11 1 11 14 1 3 3 3 1 5 3 16 2 1 1 2 15 1 1 1 2 3 1 1 4 1 1 5 1 3 50 2 2 2 73 5 10 2 1 1 3 1 112 7 9 1 1 2 6 1 2 2 15 2 7 3 1 3 1 2 1 2 1 1 1 2 1 3 1 2 1 1 1 1 2 26 2 61 1 2 8 2 2 2 2 13 3 1 1 2 4 1 2 1 4 1 1 1 1 1 1 1 1 2 2 1 4 5 15 2 1 1 3 2 2 3 1 3 2 4 2 2 3 3 9 1 1 5 2 1 1 4 1 2 4 4 20 2 3 1
1 1 5 2 48 1 1 1 1 2 4 2 15 10 4 3 2 1 112 1 1 10 3 11 2 5 1 2 10 1 17 4 1 6 2 2 1 3 2 1 2 5 1 5 1 2 2 4 4 2 3 6 2 4 4 2 2 4 1 1 4 2 2 6 2 1 9 29 15 1 2 1 2 1 3 3 1 15 2 2 1 88 8 4 23 2 2 2 3 1 1 1 9 6 6 2 3 2 2 1 3 1 96 1 3 2 6 1 3 2 2 1 1 2 3 3 1 6 1 16 2 2 1 17 13 1 2 10 3 1 3 1 2 3 2 11 1 4 1 4 45 1 3 2 2 4 7 2 2 23 1 2 1 1 2 1 1 1 2 1 2 1 1 3 1 1 1 26 1 15 1 2 11 4 5 2 1 2 1 2 2 10 10 8 2 1 2 2 149 2 1 2 1 1 15 7 57 1 1 4
2 1 2 1 1 1 2 7 48 5 27 4 1 4 1 12 1 5 2 4 22 2 2 3 4 2 6 1 2 1 2 4 4 14 2 1 4 2 2 2 2 1 1 1 2 7 4 46 1 5 2 1 2 1 2 8 1 1 1 2 1 3 22 20 18 14 16 1 1 12 1 1 1 2 46 1 51 2 2 1 2 1 7 6 6 1 1 4 2 8 3 2 2 5 2 41 1 2 3 1 5 27 2 2 11 186 2 10 1 1 13 1 1 2 68 23 2 3 3 4 9 1 2 2 5 1 3 17 1 4 2 2 1 2 28 4 3 3 1 2 1 1 38 2 2 2 2 2 3 2 9 1 1 1 1 1 3 3 1 2 2 1 2 2 1 17 11 1 6 4 2 2 1 1 2 4 2 1 1 1 1 1 1 2 14 1 51 1 1 2 2 1 2 1 1 2 1 3 1 1
1 27 2 1 1 1 3 13 2 9 1 3 7 2 2 3 1 25 3 2 2 2 1 13 2 2 3 10 1 100 4 2 2 5 3 2 2 4 4 1 4 1 5 1 2 1 2 1 7 1 3 1 2 1 146 2 19 3 1 6 8 1 1 2 3 3 6 2 1 1 1 4 2 1 11 3 7 1 2 1 7 61 7 1 3 1 2 3 1 1 392 2 4 33 5 6 4 81 2 3 6 5 1 2 2 14 6 2 1 4 5 1 104 1 2 1 1 3 1 1 2 3 2 1 4 1 2 41 1 1 6 1 2 2 1 1 4 2 18 4 5 1 1 3 2 1 20 1 6 17 1 2 13 2 21 2 3 1 6 1 19 1 2 7 2 2 8 3 2 1 1 2 1 1 2 3 4 2 1 5 2 1 1 2 2 3 2 2 31 294 7 4 3 2 2 2 2 10 9 5
1 5 5 1 3 5 70 3 5 1 2 4 3 2 5 3 2 2 1 142 3 3 9 2 6 1 2 6 4 1 2 1 10 1 1 1 1 12 1 1 2 13 2 1 7 2 3 2 5 3 1 1 1 1 12 3 3 55 13 10 1 2 4 2 1 1 2 5 34 1 1 1 2 1 2 160 1 49 2 2 1 1 3 18 2 44 3 2 2 7 2 1 1 2 1 1 1 3 1 4 6 3 6 1 1 1 2 1 1 2 2 1 2 5 1 10 1 15 1 2 46 1 71 2 8 1 3 2 1 1 56 1 3 1 5 1 1 1 3 1 2 1 3 1 2 1 7 1 2 4 5 33 7 12 2 1 6 1 1 4 34 5 3 1 5 3 1 2 5 1 4 2 1 2 2 26 2 1 2 3 1 4 10 3 5 9 1 1 1 1 1 12 6 6 2 2 1 1 1 5
1 1 4 3 2 1 3 1 7 2 2 6 1 3 3 2 1 1 2 1 3 1 7 1 1 3 3 2 5 1 2 2 1 3 88 5 2 3 3 1 8 2 4 2 1 3 6 23 2 1 2 4 2 5 1 3 1 1 3 7 2 3 3 1 41 3 1 7 2 1 1 7 2 2 6 2 4 1 6 1 2 1 3 3 2 2 2 7 94 1 1 1 1 2 2 1 5 2 2 1 3 2 1 3 1 1 15 1 1 1 4 2 6 3 2 3 2 6 2 1 2 1 2 6 2 2 5 1 3 2 1 1 1 3 46 9 33 2 6 1 4 2 2 3 1 1 1 144 2 2 2 2 7 2 1 1 6 5 3 2 1 2 2 3 2 29 1 18 2 2 1 1 2 2 1 2 3 3 1 65 1 7 1 2 3 1 3 2 3 5 6 1 4 5 4 1 2 2 7 2
3 1 1 8 1 1 2 1 8 1 3 1 1 2 1 1 3 7 6 1 1 28 2 2 16 1 1 2 2 3 3 2 1 26 11 5 1 2 3 1 2 1 1 1 7 1 1 1 2 5 2 1 3 16 1 4 2 3 2 2 10 2 1 1 1 2 4 1 16 19 2 212 1 1 2 1 1 1 2 5 2 2 4 1 1 1 17 1 1 1 6 4 22 1 2 20 9 2 2 3 48 1 6 1 2 1 2 2 1 1 2 3 1 196 2 3 53 4 29 2 3 6 1 1 3 2 1 1 1 1 2 1 2 4 2 2 2 21 8 3 3 2 44 1 3 3 2 1 2 3 4 9 3 6 2 1 2 1 1 3 2 1 16 3 12 15 2 1 1 3 2 3 14 1 27 41 8 2 1 1 2 1 2 2 2 2 2 3 4 1 2 22 16 1 1 2 5 5 12 1
1 2 2 1 3 1 1 1 1 1 2 2 1 5 12 1 31 7 2 1 1 1 1 35 1 2 36 3 3 1 1 1 2 1 5 3 7 4 2 3 4 2 3 6 3 1 1 2 1 2 5 2 146 1 3 1 1 1 1 2 6 1 3 4 2 2 3 5 1 12 14 4 3 2 2 20 2 2 3 1 1 1 1 3 201 5 3 2 3 12 2 1 1 1 6 10 41 2 1 6 21 5 1 3 2 2 1 4 2 2 3 4 5 1 1 1 2 3 1 4 1 1 1 2 2 1 25 2 1 1 5 1 2 4 2 2 5 3 57 2 4 1 60 6 99 2 2 2 20 1 2 8 6 1 7 8 1 1 1 5 1 3 2 1 1 3 12 3 1 3 58 2 2 5 7 2 3 2 1 2 3 12 2 1 46 1 1 2 1 5 12 1 27 2 2 1 1 1 2 25
1 1 2 16 2 1 3 2 1 3 2 7 3 1 1 4 28 1 3 4 62 1 1 1 1 1 2 1 34 9 13 7 7 1 4 3 3 1 6 1 1 2 10 2 1 1 1 1 17 1 1 16 1 5 2 1 1 2 13 1 1 4 7 2 2 2 2 3 3 3 1 12 1 3 1 3 2 2 1 2 31 1 3 84 12 4 1 1 1 1 5 14 2 1 1 2 2 8 1 1 11 5 1 1 1 1 3 1 1 1 1 3 6 2 25 3 2 2 1 1 2 3 2 3 22 1 2 2 1 1 3 6 2 1 7 2 6 1 8 5 1 2 2 1 16 2 2 3 179 2 4 2 10 1 9 2 10 96 32 1 2 2 4 2 4 2 1 3 2 2 319 1 6 1 4 5 4 3 3 10 2 1 6 1 1 1 1 4 7 1 1 1 1 2 1 8 3 1 2 12
1 4 2 1 1 2 1 2 1 2 2 2 7 1 4 1 3 2 1 3 1 1 1 6 2 2 4 3 1 1 1 1 2 2 27 4 3 5 1 5 2 1 2 1 1 1 2 2 79 1 1 2 1 13 2 3 12 1 1 5 2 6 1 4 3 3 1 5 1 1 7 2 4 2 2 1 7 1 3 3 2 3 2 2 2 1 1 1 6 5 2 1 2 1 1 4 3 2 1 1 1 2 2 4 2 3 4 3 2 1 2 1 1 2 3 33 22 4 1 7 1 2 2 14 2 3 2 13 1 1 2 10 4 2 1 2 3 4 7 4 4 3 2 1 4 3 2 3 2 1 1 2 1 2 20 1 1 4 2 2 1 2 6 2 4 1 2 9 6 4 10 12 1 5 1 40 4 6 2 1 1 2 3 2 2 3 2 1 3 18 4 2 1 5 5 25 1 27 2 7
3 3 1 2 2 2 11 3 2 4 1 3 6 5 2 3 1 1 2 1 2 1 10 1 30 4 2 7 2 7 5 5 3 2 7 2 1 2 2 4 4 1 2 3 13 7 3 2 2 1 2 1 2 2 3 3 3 2 5 1 4 1 2 2 2 1 1 1 6 30 3 1 2 15 5 5 1 1 1 4 6 2 1 1 9 1 3 4 10 2 2 2 2 2 2 1 6 345 4 2 27 1 2 2 66 1 49 3 1 1 1 2 3 1 331 3 1 2 2 2 2 2 4 4 2 1 1 1 1 3 2 8 4 2 2 1 61 1 6 1 2 8 3 4 2 1 1 1 2 1 4 9 2 1 1 3 2 2 14 2 12 62 6 1 2 1 2 1 20 1 30 3 21 2 30 2 1 17 19 11 1 43 2 2 1 1 1 2 2 11 3 4 1 1 1 4 8 1 2 2
1 1 2 1 5 3 1 1 1 1 25 1 1 1 60 2 1 4 1 4 2 2 16 1 10 4 4 1 1 7 1 2 2 3 1 1 1 1 9 2 2 2 2 1 2 1 1 2 1 2 1 10 4 5 6 2 2 1 3 1 1 4 1 1 5 1 1 1 6 2 3 24 1 12 2 1 2 2 2 2 3 7 2 4 2 1 2 1 3 2 1 1 5 2 2 1 6 3 2 2 2 3 1 3 2 2 2 5 2 2 3 1 1 2 2 31 3 5 6 2 1 1 36 1 6 1 21 2 75 2 4 2 1 248 1 3 1 2 2 6 1 2 1 3 6 3 2 47 2 3 1 9 2 5 10 1 4 4 6 29 1 1 2 1 1 2 4 1 1 4 1 35 2 8 1 1 2 1 2 14 3 3 2 3 1 5 1 2 1 3 4 2 5 1 1 1 1 9 14 7
4 42 2 2 1 4 1 2 13 4 2 2 6 4 1 1 1 1 23 1 9 3 1 4 17 3 5 1 3 1 2 7 3 2 4 1 7 2 8 27 9 1 1 1 2 3 1 1 19 1 5 3 2 2 3 2 2 2 5 45 17 2 1 2 9 1 2 1 2 2 2 4 15 3 1 2 8 2 4 1 4 1 1 1 1 3 1 2 7 1 2 2 1 4 39 1 1 1 2 3 2 1 2 1 2 4 3 2 4 1 1 2 2 11 12 5 2 5 3 41 10 1 2 1 5 3 12 1 3 2 2 2 1 1 1 1 9 1 1 1 3 3 2 21 1 1 2 12 1 1 4 9 2 1 1 1 2 3 2 1 1 2 3 1 12 3 7 7 3 6 2 1 1 4 2 1 23 1 8 3 6 6 3 1 3 1 7 1 9 2 1 3 2 4 1 30 1 1 6 2
2 2 2 1 1 16 9 2 2 2 2 1 2 4 1 2 1 1 2 2 1 1 4 1 2 2 2 2 6 1 2 2 8 2 2 1 16 2 1 1 3 1 1 3 1 5 3 13 3 11 2 1 2 2 1 3 5 1 3 1 59 2 2 2 3 4 5 2 1 1 3 1 3 4 1 1 1 4 2 2 1 1 4 3 8 1 2 2 26 3 2 73 1 1 1 3 1 1 3 2 1 18 1 1 2 1 1 2 2 1 7 3 1 2 1 1 2 1 3 1 38 2 5 7 4 2 2 1 1 1 6 1 1 2 3 1 2 2 1 2 2 1 7 3 1 4 1 2 4 3 3 1 2 1 1 5 2 13 2 7 8 1 6 1 3 2 2 1 1 1 2 2 1 2 1 4 1 19 2 1 1 2 16 4 1 1 2 1 2 4 4 1 2 7 18 1 1 3 2 8
1 1 2 2 2 1 3 3 3 3 1 1 2 2 3 12 2 3 1 2 1 1 2 1 9 24 1 3 7 4 2 1 2 34 5 2 1 3 2 3 142 4 5 1 1 5 1 3 2 1 2 3 2 2 2 29 7 63 1 6 1 1 4 1 4 1 1 82 10 4 2 2 1 1 3 5 5 1 1 1 3 26 4 2 6 2 2 1 1 1 1 1 5 2 3 2 5 4 2 1 8 7 72 5 2 1 1 2 1 3 1 2 3 1 21 8 2 8 2 7 1 1 11 3 1 3 2 5 1 1 1 3 1 4 1 3 1 3 1 1 3 2 24 1 4 1 3 4 2 4 8 106 2 1 2 2 3 7 2 1 1 2 2 1 51 4 1 4 1 2 2 2 1 2 3 3 9 2 35 1 4 1 1 1 6 1 1 24 1 3 3 2 3 5 1 2 4 2 2 2
2 3 1 1 8 5 6 1 2 3 11 27 1 33 5 1 3 2 359 4 1 5 18 1 1 2 2 2 12 1 2 2 2 4 2 2 2 4 1 3 3 2 1 2 2 5 6 7 1 3 1 8 2 4 2 1 2 1 1 1 2 1 14 2 7 1 51 30 1 1 1 1 3 2 2 2 1 2 2 2 2 2 4 2 2 1 3 17 11 1 2 1 1 10 3 6 2 1 4 2 1 2 3 2 6 1 66 1 4 1 2 2 2 3 5 1 2 2 4 1 3 3 2 2 1 1 1 2 5 4 1 10 2 1 10 1 1 6 3 1 1 2 3 94 6 2 2 1 1 1 1 2 2 2 2 40 3 2 4 1 1 1 1 4 3 2 1 2 3 3 2 5 6 2 1 1 10 15 7 2 2 6 5 3 1 2 2 1 3 1 3 1 3 1 1 2 2 2 2 1
2 1 1 2 1 1 2 1 2 6 2 2 3 12 4 1 2 1 3 1 1 1 8 2 1 1 6 4 5 4 11 1 2 1 10 1 1 13 1 3 1 1 1 1 1 4 2 2 1 1 4 2 1 2 2 7 2 1 1 2 4 1 2 2 3 163 14 1 1 5 48 2 2 1 5 2 2 1 3 1 17 1 2 1 2 2 1 4 1 3 4 31 1 1 1 3 1 3 5 2 6 13 2 10 3 2 2 2 5 3 1 2 6 11 1 2 2 3 1 2 19 4 1 1 2 1 1 1 2 2 1 1 49 1 32 2 7 2 2 1 1 1 1 2 2 1 1 2 1 3 1 2 1 1 62 1 1 7 1 1 1 1 2 3 1 2 1 2 4 1 2 5 1 2 1 10 2 1 1 3 8 1 1 2 8 309 1 1 5 1 1 3 1 1 1 2 1 3 5 1
2 1 3 1 1 135 1 34 3 4 1 1 12 6 1 2 1 4 3 5 3 2 4 1 1 10 3 2 2 1 2 2 3 1 5 2 2 1 6 1 15 9 1 3 1 1 17 11 2 2 1 1 1 13 2 3 1 3 37 6 2 1 1 4 2 2 4 2 1 7 17 1 1 2 38 14 1 3 1 15 2 2 3 1 7 2 212 1 1 2 2 6 11 1 5 2 2 6 2 2 12 1 5 2 9 2 1 6 4 2 2 1 5 1 3 13 1 3 6 98 12 2 2 1 1 2 17 1 1 2 1 2 2 1 4 2 37 2 3 11 3 5 1 1 2 1 2 3 2 1 1 20 3 3 2 1 2 1 2 3 2 2 1 1 4 9 3 1 1 1 7 5 2 3 1 2 2 3 3 1 3 8 2 1 3 3 2 1 1 1 11 9 2 1 20 2 4 3 1 2
17 2 1 3 2 4 1 3 7 3 2 2 2 8 1 14 2 2 2 4 14 122 2 41 1 7 15 29 9 2 6 2 2 2 8 1 2 3 4 18 3 1 461 2 1 7 4 1 5 1 2 1 5 2 1 1 9 1 1 4 2 26 1 2 1 2 1 2 5 6 1 2 2 1 1 47 2 5 1 4 3 1 1 4 5 3 2 3 4 1 2 2 2 3 3 1 1 1 2 1 2 7 1 5 6 3 4 1 1 2 6 3 2 1 3 8 11 1 1 1 2 1 3 2 10 6 1 1 24 1 1 1 79 5 5 33 4 3 56 1 1 3 1 1 1 2 2 3 1 3 5 15 1 1 3 4 2 3 1 2 1 2 5 2 2 1 1 8 2 3 5 2 1 1 2 2 3 1 3 4 3 2 8 3 5 1 1 1 2 2 10 3 1 1 9 3 4 2 1 1
1 6 5 4 2 1 8 2 2 4 1 1 1 1 2 2 2 94 3 6 1 2 36 49 3 6 1 1 1 1 1 5 17 1 10 8 2 4 1 2 1 1 1 4 2 1 5 4 1 1 3 1 1 3 6 4 2 7 1 3 3 1 3 1 4 3 2 2 6 8 2 2 2 1 2 2 3 2 1 6 1 6 1 2 5 9 8 4 2 2 2 2 1 1 5 3 7 1 1 2 25 4 1 1 1 1 1 1 1 13 1 2 2 3 12 1 2 2 2 4 1 7 4 10 12 1 1 1 6 2 5 7 5 2 1 1 1 1 1 1 3 3 2 2 2 114 1 1 1 1 4 1 2 2 1 2 19 4 3 2 1 7 23 2 2 1 4 3 3 1 1 2 3 14 1 1 4 1 38 5 1 2 1 2 4 2 6 2 2 1 3 2 1 1 3 4 2 9 2 14
2 2 2 2 3 1 1 1 3 71 1 3 2 17 2 2 1 1 1 6 1 8 2 2 1 1 2 5 1 1 2 1 2 2 1 1 6 3 2 14 8 1 1 6 1 4 1 3 39 15 2 4 1 6 8 1 10 1 1 2 1 1 5 1 3 2 3 1 22 1 1 1 1 4 2 1 2 6 1 4 1 1 1 3 2 4 2 183 2 4 3 4 1 1 2 2 1 14 1 1 2 17 1 4 1 2 3 6 2 1 1 2 4 2 3 2 58 3 1 2 2 2 1 2 2 3 3 1 2 1 1 3 1 1 4 1 1 1 2 2 3 3 2 1 3 2 4 3 6 1 1 1 1 2 3 2 2 2 2 1 1 1 2 2 3 1 4 1 1 3 1 1 1 38 1 1 1 5 2 1 2 1 3 2 306 4 1 1 4 2 2 1 3 2 1 27 3 1 2 45
9 1 12 3 1 3 4 2 4 29 14 6 1 1 2 3 1 1 5 1 4 2 1 2 1 2 1 5 2 3 2 3 1 1 5 1 1 29 1 1 1 252 1 5 2 18 4 1 1 1 6 1 1 2 1 1 1 1 10 4 4 4 7 1 1 2 1 25 1 12 3 308 1 44 1 7 29 5 3 2 1 2 2 1 1 2 17 1 2 2 2 2 3 2 6 3 1 2 2 2 3 5 1 3 2 2 10 2 2 2 2 3 1 1 1 3 1 1 23 2 1 5 1 3 14 4 5 1 1 1 2 5 5 8 2 6 1 18 50 2 3 1 2 7 1 2 2 8 3 1 1 1 2 2 2 1 2 2 3 3 1 3 7 5 3 4 8 2 4 2 4 2 61 1 7 1 21 150 1 10 1 1 4 2 18 1 3 3 1 2 4 2 1 2 3 2 2 2 5 4
2 7 2 2 3 11 5 2 1 1 8 3 3 1 16 1 2 2 2 2 1 1 2 2 1 3 3 24 2 2 11 14 3 6 1 5 3 2 1 1 103 2 16 1 1 1 31 9 242 15 1 2 2 2 3 1 1 1 2 1 3 2 2 4 1 2 1 2 2 1 1 1 29 11 5 1 4 1 63 1 1 7 1 1 1 7 1 3 9 1 3 24 2 2 2 34 2 10 2 2 2 2 8 1 2 2 2 2 1 5 1 21 1 8 14 2 2 3 1 1 1 1 1 3 42 3 1 1 3 1 3 2 1 2 1 1 1 15 1 1 2 3 6 1 1 1 5 2 3 1 3 16 2 8 2 1 1 1 17 1 2 1 1 3 2 3 1 5 2 3 2 1 3 5 29 3 1 13 1 2 9 2 1 3 1 1 4 3 1 1 2 2 2 1 3 3 1 1 27 2
2 3 4 5 2 5 17 4 3 1 2 3 2 4 1 2 1 5 3 2 1 2 1 5 6 3 12 2 2 1 1 34 2 2 1 2 2 1 3 16 2 1 6 1 1 6 3 4 1 1 6 1 8 14 1 2 1 2 1 2 3 26 1 2 5 3 1 1 2 1 25 4 1 5 1 2 4 1 2 14 3 1 6 2 1 2 1 18 1 5 2 2 1 1 2 2 4 2 2 1 2 1 14 9 1 2 12 17 1 1 1 2 2 2 1 4 4 3 21 1 1 1 2 2 4 2 3 1 1 3 3 3 3 3 3 267 2 1 1 1 34 1 1 3 1 1 1 9 1 4 1 1 1 3 1 2 1 2 1 2 2 6 2 8 4 3 1 2 6 1 4 2 3 1 3 2 5 1 40 3 6 1 4 1 1 1 3 1 1 2 2 2 2 1 3 3 11 1 1 4
2 1 1 3 13 3 1 1 10 3 4 20 1 9 4 1 2 2 23 1 1 2 2 2 1 4 2 3 6 2 244 2 1 1 3 2 4 1 2 2 3 1 1 2 1 3 2 1 1 10 1 4 1 3 1 296 1 5 6 1 1 1 16 8 27 2 2 2 1 5 4 5 6 4 6 1 1 2 1 2 2 4 1 2 5 3 2 1 10 3 1 1 4 1 4 1 9 9 1 4 2 3 3 5 2 12 1 96 1 4 2 1 9 2 2 3 8 1 3 1 17 5 1 73 10 1 7 2 1 6 4 1 5 1 1 9 1 2 2 2 1 3 1 1 1 8 9 2 2 2 1 2 1 1 1 15 2 2 2 5 21 2 3 26 3 8 1 2 1 11 26 5 1 1 1 2 17 7 2 1 2 1 4 2 1 2 4 2 1 2 23 1 4 1 2 4 3 2 1 2
172 45 2 1 2 39 2 2 2 1 2 5 1 4 4 3 12 3 3 1 1 1 1 2 17 9 16 1 1 1 2 1 3 2 4 9 1 1 2 1 2 1 7 1 1 1 5 1 1 1 7 3 2 2 9 1 2 3 1 1 1 4 2 8 2 2 2 7 1 361 1 1 1 13 3 2 11 1 2 2 1 1 4 2 2 5 36 10 1 3 1 1 5 1 4 1 1 3 18 1 3 2 1 3 2 2 1 1 9 4 3 2 4 3 1 1 16 2 6 4 1 2 2 1 1 4 3 3 8 3 102 5 31 3 1 2 2 1 9 1 1 1 6 2 1 2 1 1 13 4 3 1 1 1 2 4 2 1 2 2 1 2 2 1 1 3 1 5 1 2 1 1 1 1 3 1 2 4 4 2 5 3 1 1 2 1 1 1 1 1 7 1 1 1 4 2 1 5 4 1
9 5 4 11 2 3 2 4 1 12 2 12 2 1 2 58 1 5 2 2 2 15 1 2 1 2 2 1 1 4 2 4 1 1 1 2 2 1 1 8 1 60 3 3 5 1 4 1 8 3 2 6 1 1 5 8 2 2 1 2 5 3 1 2 1 1 1 17 5 2 3 1 4 11 3 2 1 3 1 2 1 4 1 2 1 2 4 4 1 3 1 3 2 4 26 2 2 1 2 3 214 24 6 27 1 3 1 1 3 15 2 4 1 2 2 4 13 1 2 2 1 1 1 4 5 2 1 1 5 2 4 2 10 1 1 16 6 1 4 1 2 1 5 2 4 1 1 1 11 2 2 5 5 2 3 4 2 2 4 2 2 1 2 1 1 1 2 1 2 2 19 3 1 3 3 2 10 1 1 1 2 21 1 10 2 3 2 1 17 4 3 1 8 2 2 2 1 1 1 5
9 2 4 2 1 2 3 2 2 1 3 1 6 3 12 1 2 6 26 2 6 2 1 2 3 1 4 2 1 218 1 3 5 2 6 7 24 3 2 1 3 2 5 3 2 4 2 2 3 6 1 15 1 7 4 6 1 7 2 2 3 1 6 1 1 2 7 2 3 4 3 3 1 2 2 1 1 1 2 1 3 4 2 3 3 15 2 21 2 2 2 24 2 3 1 1 1 3 2 13 1 4 2 1 1 2 2 12 4 3 1 1 1 4 2 4 3 1 2 1 1 6 2 1 4 1 1 4 1 2 5 4 1 2 33 5 8 8 2 4 1 43 6 1 3 1 1 2 2 2 3 3 1 1 3 1 3 1 2 1 8 7 5 1 6 1 1 6 68 1 13 3 3 3 4 1 12 16 1 6 3 9 1 2 3 12 1 2 8 1 1 1 3 14 1 1 2 1 1 5
4 3 2 2 6 1 1 1 7 3 1 1 1 1 1 1 1 12 3 5 2 3 4 3 2 2 1 1 2 25 5 2 1 3 2 1 2 1 1 13 9 5 2 1 61 6 1 2 2 1 2 1 1 1 1 2 2 19 2 6 7 7 6 238 3 1 46 2 4 1 2 2 2 11 2 1 2 36 21 118 2 1 2 10 3 4 2 5 1 1 1 1 14 4 1 2 3 1 3 3 4 4 2 13 2 2 3 2 6 2 16 7 14 1 4 15 2 3 2 1 1 5 34 1 2 1 2 1 3 2 4 2 1 1 1 1 1 1 12 6 1 1 38 1 2 2 1 1 4 2 1 3 1 6 4 1 11 1 4 1 19 1 1 1 1 1 2 5 1 1 3 2 2 3 19 1 1 2 1 1 2 1 2 5 6 4 10 1 3 2 10 4 104 1 1 12 88 2 18 1
434 44 1 1 2 1 1 3 1 2 2 1 3 3 2 3 1 2 1 3 32 3 2 2 5 1 1 3 4 2 2 7 4 4 16 3 3 2 3 2 1 1 1 1 2 2 4 5 2 5 7 2 1 1 1 16 1 2 2 1 13 1 3 1 2 1 3 5 2 1 2 43 3 13 3 1 2 1 2 2 1 4 1 1 2 2 12 3 2 1 2 1 55 1 2 2 3 3 1 6 1 1 1 1 1 4 3 15 2 1 1 3 2 3 4 1 1 3 3 1 11 6 3 2 1 1 2 4 1 1 2 9 2 10 1 1 3 2 28 2 1 1 3 1 1 337 4 19 2 1 7 2 3 1 3 27 8 2 3 2 1 1 4 3 1 13 2 2 55 2 3 2 56 7 2 1 4 3 2 2 2 2 2 1 1 76 1 5 2 4 2 4 1 4 3 82 1 4 7 8
1 1 1 2 3 2 5 3 2 2 6 2 1 2 2 15 1 4 2 1 2 1 5 2 9 6 2 2 2 1 1 1 2 3 1 2 3 1 8 1 3 3 1 6 1 7 1 1 1 6 2 1 2 1 2 1 1 2 1 2 4 3 2 6 4 23 1 1 3 7 1 4 1 1 1 5 1 1 8 2 1 2 1 3 2 1 2 4 1 2 2 7 3 2 5 3 7 1 2 1 2 5 2 5 2 6 5 1 4 1 1 1 3 2 1 2 1 1 1 3 2 4 7 3 1 13 2 1 1 2 1 11 3 2 4 3 2 3 3 1 4 2 1 4 2 4 4 3 11 2 2 5 3 3 7 2 2 2 2 1 1 1 2 1 1 4 2 1 2 4 2 8 4 1 12 2 3 1 1 2 2 1 5 1 19 2 1 2 2 2 2 1 3 1 1 5 3 2 1 10
1 2 1 1 3 3 1 1 1 4 5 1 11 3 1 1 1 5 1 1 1 4 179 1 2 1 3 4 2 21 2 9 20 1 15 1 2 2 1 14 1 26 2 5 1 17 4 1 2 5 24 17 1 1 4 11 1 3 2 10 3 7 1 1 3 1 3 4 4 1 72 1 33 3 2 4 2 1 1 11 2 1 2 5 2 2 5 2 2 1 3 80 11 2 1 1 2 1 1 1 3 1 3 2 4 4 14 1 2 2 1 1 1 1 2 2 3 7 2 9 1 3 1 1 1 2 1 5 27 2 1 2 2 1 13 3 4 2 11 9 2 1 5 1 40 3 2 10 2 3 2 3 3 5 11 5 1 1 2 5 1 1 11 1 2 7 3 8 2 3 1 2 8 1 2 1 1 2 9 3 2 4 1 2 5 3 3 2 5 2 1 4 1 1 2 7 1 2 1 2
3 1 3 1 1 1 1 2 3 1 6 2 13 3 5 1 2 1 1 35 43 2 1 2 2 1 3 1 1 2 4 2 1 4 2 1 3 3 1 1 6 17 4 3 31 2 157 2 1 1 3 1 7 14 2 1 2 2 2 1 4 4 1 10 5 2 4 1 6 1 1 9 3 1 2 3 9 1 1 1 7 2 2 2 1 1 3 1 2 6 1 2 7 5 1 3 10 3 4 1 126 3 3 2 2 3 2 1 1 1 4 4 1 1 1 1 3 4 5 2 1 1 1 1 1 1 1 2 3 2 2 2 1 17 2 1 3 2 6 1 1 2 4 4 2 1 2 2 3 1 2 2 3 7 2 2 5 1 42 2 1 2 2 2 3 1 6 12 2 3 1 2 10 5 1 3 1 3 2 6 1 2 17 3 2 2 5 3 4 1 55 2 1 37 5 3 9 1 2 4
8 5 2 2 3 2 4 2 1 1 1 1 1 2 4 1 69 2 3 1 1 3 1 1 1 2 2 3 1 2 2 1 9 2 1 1 2 1 2 5 1 1 1 32 3 7 1 2 1 1 3 7 3 3 4 4 2 1 2 7 1 2 4 1 3 4 2 8 1 2 1 2 2 1 1 2 2 4 1 3 3 3 1 1 1 2 3 1 9 7 2 2 2 1 2 2 14 3 123 1 11 1 3 1 1 1 21 3 2 1 1 1 1 3 2 4 2 1 4 2 1 2 1 3 1 65 3 1 7 2 6 17 1 1 1 2 69 1 3 12 2 2 2 1 2 1 2 2 4 2 2 2 2 2 1 1 1 1 1 2 6 2 14 3 9 2 1 2 10 4 2 5 5 2 1 2 2 12 2 1 2 2 1 3 1 1 32 27 2 1 2 1 1 2 2 2 1 2 3 7
2 2 3 1 15 1 1 2 1 2 2 2 47 1 2 1 1 2 2 47 1 1 6 2 1 2 3 2 5 1 2 3 2 4 2 1 1 2 1 2 3 1 2 7 4 1 1 1 3 3 1 1 2 2 1 4 2 1 7 1 1 17 28 4 2 2 1 2 1 1 1 10 5 1 2 3 1 2 83 1 1 1 1 4 11 1 2 2 2 4 1 3 3 3 9 1 3 2 3 7 3 2 1 1 3 1 4 2 37 2 1 3 3 3 2 3 1 1 1 1 2 1 39 3 1 3 1 4 1 2 2 1 3 14 1 1 4 6 1 167 113 2 19 1 1 2 4 2 4 6 8 2 1 7 3 2 12 3 1 2 1 5 5 6 1 6 1 1 4 15 1 3 2 5 1 3 4 21 5 1 1 1 6 1 1 1 1 1 4 9 3 1 2 2 8 2 3 5 1 2
1 2 60 1 2 1 1 1 1 1 19 5 2 88 2 2 1 1 1 2 1 3 1 2 2 1 3 3 1 17 3 5 24 1 3 16 2 1 3 2 2 2 2 1 2 3 5 6 2 1 2 1 2 2 2 1 11 1 1 3 1 6 5 1 2 1 1 2 9 8 1 1 2 1 1 1 2 3 8 2 2 2 8 1 3 2 1 1 4 43 3 2 6 3 2 2 11 1 2 4 1 2 1 4 3 2 2 1 2 18 3 2 16 1 15 1 1 2 1 4 1 2 2 2 13 1 5 2 2 14 6 24 2 1 3 2 4 2 4 34 1 1 1 2 2 1 3 7 1 2 18 2 2 4 2 3 2 8 1 3 10 10 3 1 1 1 2 4 23 42 3 3 1 1 49 1 1 2 1 36 5 2 15 10 3 1 1 2 3 1 15 9 2 1 1 2 2 1 1 1
2 5 6 2 8 2 1 1 3 21 28 11 1 1 2 1 3 2 3 1 1 1 2 4 1 2 2 41 2 1 5 2 4 3 4 3 3 5 8 1 1 3 2 2 4 1 1 25 3 3 21 4 7 1 1 3 1 1 1 2 1 1 1 1 3 1 1 2 2 1 2 4 1 1 3 1 20 1 1 2 2 13 1 5 1 9 2 1 16 4 1 3 1 2 13 7 7 3 1 4 1 35 1 2 51 2 3 2 4 6 3 2 5 1 3 2 1 2 1 1 1 1 1 1 35 1 6 1 2 9 2 2 1 11 3 2 2 45 2 4 24 3 1 3 3 5 2 1 54 2 3 1 2 2 1 3 4 4 1 1 1 4 2 2 1 1 1 2 1 4 1 3 1 1 12 3 2 1 1 9 2 4 6 4 2 5 2 1 2 2 1 1 1 2 1 3 4 2 2 6
1 1 1 18 1 3 2 40 1 3 128 2 1 5 27 11 7 8 2 1 107 10 1 2 1 2 4 16 1 1 2 2 2 18 14 5 1 2 3 2 1 5 1 6 3 2 2 1 1 2 1 1 1 10 2 1 2 1 2 4 4 2 5 1 8 4 13 1 2 30 1 147 2 1 35 6 1 4 4 5 1 11 2 2 1 30 1 12 1 1 1 21 1 2 22 4 1 70 2 2 2 1 5 2 25 1 1 5 1 1 5 4 4 2 1 19 1 2 6 1 8 3 2 3 2 2 2 4 2 8 1 1 15 1 1 4 2 1 1 2 1 1 2 2 1 2 1 2 1 13 1 2 2 8 11 6 1 3 1 2 1 14 90 1 1 1 1 1 2 2 6 7 48 2 7 2 1 3 1 1 6 22 4 2 4 1 2 1 6 3 1 2 1 2 58 1 1 5 5 1
2 1 29 1 2 3 1 1 1 2 7 8 3 1 1 36 3 1 7 1 2 1 1 1 1 6 6 1 2 1 1 1 2 4 2 3 2 3 2 1 6 1 1 1 1 2 6 1 2 2 2 1 1 1 13 1 6 9 1 5 1 7 2 2 5 4 2 1 1 3 1 1 4 2 2 2 4 29 5 6 3 3 4 3 1 1 1 1 1 40 1 2 6 3 4 26 1 1 2 3 5 3 3 1 2 1 3 3 2 6 2 3 1 2 1 1 3 12 39 4 1 2 1 4 3 2 6 1 2 3 1 3 1 5 1 4 3 2 1 1 6 2 2 1 1 1 6 9 3 38 1 2 9 23 1 1 1 8 16 1 1 2 16 1 5 1 2 20 1 2 3 1 1 1 12 1 4 133 1 15 2 3 2 3 19 1 1 2 1 2 2 4 35 1 9 4 1 62 3 10
2 3 2 1 7 1 3 17 1 1 2 1 24 2 2 2 2 1 41 1 3 1 3 3 4 1 7 2 3 2 2 1 17 5 37 3 84 2 2 2 1 5 2 4 3 3 1 5 14 2 1 5 2 1 4 2 3 1 1 1 14 2 3 1 1 2 2 2 26 5 2 1 1 2 1 1 3 1 1 1 1 12 1 1 1 43 5 1 3 5 1 1 2 23 2 10 2 3 2 2 1 45 2 207 1 1 2 3 3 6 1 1 6 2 3 5 2 1 7 1 1 1 1 1 35 1 8 1 2 62 3 2 20 2 4 1 2 11 2 1 5 1 3 1 2 2 3 3 1 2 6 8 2 2 2 8 5 1 1 2 19 11 1 2 13 2 1 2 3 9 2 2 2 1 1 10 3 2 2 1 2 1 1 3 2 2 1 3 5 2 2 1 39 2 17 3 3 2 2 1
1 4 2 2 1 2 1 1 1 2 1 1 4 7 1 1 1 1 2 1 1 2 20 5 1 1 2 1 2 4 13 2 40 15 3 2 5 1 1 1 3 1 9 5 2 1 5 99 2 1 2 17 6 1 3 2 1 3 34 1 3 2 1 3 6 1 2 1 1 34 1 1 2 3 3 2 3 4 1 1 1 1 43 3 1 6 1 3 2 3 2 3 6 1 1 2 2 3 2 5 1 2 2 2 12 1 2 4 1 4 2 1 1 2 3 2 2 1 2 1 14 2 2 59 2 1 4 2 2 2 1 1 2 11 3 2 3 1 1 2 10 2 10 1 10 6 2 1 1 1 4 4 1 2 1 1 1 3 5 8 19 2 2 35 1 2 3 5 6 3 2 43 1 1 1 5 8 1 2 2 4 1 1 2 1 1 19 1 5 5 1 4 2 1 2 4 1 9 1 13
4 2 15 2 5 5 1 1 2 3 2 1 1 2 1 5 66 2 3 1 6 4 6 1 1 2 1 1 10 10 25 1 1 82 6 3 1 9 6 2 8 2 14 10 1 1 2 2 2 2 2 2 2 3 56 1 1 9 2 1 3 2 2 1 19 2 4 2 46 1 2 9 3 3 2 2 1 11 1 1 1 2 1 1 1 2 23 13 1 12 3 1 1 1 1 3 20 20 2 2 2 2 6 2 4 4 43 2 13 1 2 1 1 3 1 5 1 2 1 7 1 1 1 1 76 4 5 4 1 6 1 1 7 2 1 3 2 4 1 2 2 7 1 5 1 2 1 2 3 3 2 7 2 1 5 2 3 3 1 2 8 30 1 61 1 1 1 3 1 2 3 7 5 1 2 1 2 1 1 1 2 1 1 1 3 4 40 2 2 1 1 1 1 14 3 1 5 2 1 2
2 8 1 2 7 1 2 1 2 2 8 1 2 8 3 2 3 6 1 12 1 1 19 1 1 100 5 1 5 2 1 1 2 1 2 4 2 1 3 12 53 5 1 5 8 1 2 13 1 2 4 1 13 1 3 2 1 28 2 5 1 1 1 1 3 1 9 2 1 22 2 2 4 6 1 1 1 37 2 1 1 6 4 9 1 2 2 1 2 9 10 2 2 1 2 1 3 1 4 14 1 1 3 3 2 1 1 3 2 2 12 2 1 4 6 2 3 7 1 1 2 1 2 3 3 3 10 2 6 2 3 2 2 2 1 1 2 20 1 2 3 3 1 2 1 1 2 2 1 2 2 2 9 1 1 1 2 2 5 81 1 3 2 7 2 1 4 7 5 1 2 3 1 3 3 3 2 1 3 1 1 1 3 2 1 2 75 2 1 1 2 1 1 9 2 1 2 1 3 3
1 2 5 1 4 19 2 1 1 5 1 24 2 2 4 9 1 11 6 1 2 3 2 1 4 5 1 2 2 1 4 1 1 1 2 2 2 3 2 7 53 5 1 11 1 1 2 16 2 4 2 1 3 1 2 1 2 2 49 1 1 1 25 1 2 6 2 1 1 6 2 2 1 2 2 1 8 3 1 9 81 1 3 8 5 3 15 2 4 2 3 1 21 2 2 2 2 1 1 2 2 1 3 2 75 2 4 3 4 7 11 1 13 2 3 5 4 2 1 1 11 11 2 4 4 2 2 1 5 1 2 1 4 2 17 6 7 1 2 5 3 1 1 5 3 11 9 3 2 1 4 3 1 2 1 1 2 1 1 1 14 2 2 29 3 1 8 2 7 2 18 14 1 2 2 2 1 17 2 2 2 1 1 1 1 7 1 2 3 11 1 1 2 1 2 2 2 2 3 4
1 2 1 1 1 1 1 6 1 21 115 1 3 2 4 2 1 2 3 4 28 3 1 4 1 2 2 4 9 1 1 1 2 6 1 1 4 9 1 1 1 1 3 1 2 3 1 5 1 3 1 2 1 2 1 2 4 1 1 1 6 3 5 21 1 7 2 4 1 5 1 3 7 2 2 8 4 2 2 7 1 1 4 2 1 2 20 23 9 2 1 4 2 3 1 1 2 4 1 1 1 4 4 2 3 4 6 1 2 1 13 7 43 4 1 22 5 1 2 4 1 1 4 1 1 140 2 2 1 29 9 1 3 3 32 2 8 1 2 1 124 2 1 6 5 9 3 1 20 2 2 1 1 1 1 1 1 1 6 5 1 4 1 17 1 131 1 5 1 2 4 2 11 1 1 2 3 1 4 2 4 1 6 3 5 5 1 1 12 1 3 10 2 6 1 3 5 1 3 1
2 1 2 3 9 1 2 5 4 1 3 4 2 3 3 1 7 5 29 3 10 4 2 2 2 1 4 1 25 2 12 1 2 2 4 2 1 4 18 6 6 76 3 2 3 3 2 9 23 1 2 5 1 2 1 2 5 382 51 2 1 4 2 1 1 2 2 27 11 2 48 1 1 46 2 6 4 1 1 7 1 1 1 1 3 1 1 7 1 2 1 1 1 1 1 3 6 2 2 23 4 4 2 2 7 5 5 3 2 1 1 1 2 4 1 38 1 1 2 1 2 1 2 1 4 3 4 1 2 4 1 2 7 2 1 27 9 2 1 1 2 1 3 9 1 5 1 1 13 3 24 2 10 1 2 2 73 1 5 12 2 206 2 15 1 2 5 2 2 2 9 3 72 1 4 8 1 2 2 3 2 4 8 3 20 2 2 11 4 4 8 2 3 2 1 3 1 1 3 4
4 1 2 3 3 1 2 2 4 2 8 1 6 1 5 1 3 9 2 9 1 6 1 1 1 1 1 2 1 7 2 4 1 2 2 2 3 2 5 14 4 1 2 2 3 3 1 2 2 2 8 1 1 1 1 1 3 8 3 1 8 1 1 1 4 1 4 2 1 6 3 3 8 2 2 23 3 1 1 1 5 1 4 3 2 2 1 1 1 1 2 5 1 5 1 5 12 3 6 15 11 1 2 1 3 1 2 3 1 1 1 4 3 2 1 1 2 1 33 1 1 2 1 3 1 1 3 8 1 1 1 2 2 2 2 10 2 1 4 6 2 2 3 10 2 1 1 4 18 1 5 7 17 6 1 34 1 1 2 25 2 9 1 1 9 10 1 2 2 1 2 6 10 2 2 2 1 2 4 8 1 5 1 4 2 3 20 3 2 1 2 2 34 1 2 5 6 10 7 1
1 116 4 2 1 14 4 1 4 2 5 20 2 1 2 2 3 1 3 2 2 2 8 5 2 1 2 2 2 1 1 14 1 1 1 1 2 2 2 2 6 12 1 5 1 1 1 1 1 1 2 3 1 18 3 1 4 3 1 1 3 7 1 23 8 1 1 2 2 1 20 2 2 3 36 4 1 2 5 10 2 2 3 1 2 1 1 3 5 158 2 1 10 5 2 1 1 4 4 2 1 10 5 49 3 1 1 2 6 3 4 27 1 1 2 2 11 4 6 1 1 1 3 2 2 2 1 2 3 2 1 4 3 1 2 2 60 2 2 2 4 4 29 2 3 2 3 2 1 7 10 3 1 1 5 1 1 1 1 5 4 1 1 2 1 7 2 4 1 4 1 5 6 2 3 1 1 4 1 2 6 1 8 1 25 24 1 2 2 3 2 16 1 1 2 1 1 1 2 1
1 2 1 3 1 8 2 4 1 2 2 2 1 3 2 16 5 1 1 2 3 1 10 1 1 1 1 1 1 1 2 1 2 3 2 6 1 1 6 4 2 4 2 1 2 3 2 2 2 1 1 5 2 2 3 4 1 1 1 3 1 3 1 1 1 3 1 6 3 2 6 1 2 2 33 2 5 10 1 1 52 1 2 61 1 1 2 1 27 4 1 3 1 2 1 3 2 1 1 6 19 5 1 1 2 1 6 2 5 19 2 7 10 5 1 2 2 1 3 1 1 2 2 1 1 7 6 1 1 2 1 1 1 2 8 1 132 4 2 15 1 1 6 1 1 7 31 3 1 2 3 3 4 1 1 2 2 2 1 1 1 1 3 1 3 9 3 1 1 1 3 2 10 2 2 2 2 5 2 3 1 1 1 2 1 1 2 1 3 6 4 1 7 1 1 2 1 2 2 2
2 1 5 1 7 3 1 2 3 2 10 1 1 2 1 4 1 3 2 1 15 7 6 2 1 4 6 2 1 9 1 2 5 9 2 5 1 1 11 1 19 2 11 1 2 2 74 2 1 1 28 10 1 2 34 22 1 1 4 69 2 1 1 2 1 3 8 3 1 1 10 2 3 5 2 2 1 11 15 2 9 2 2 4 3 8 1 2 3 3 12 2 1 4 2 1 1 1 1 1 1 2 10 2 2 3 2 3 1 2 1 1 1 3 4 1 8 3 5 1 12 17 362 7 2 7 3 2 1 1 2 1 14 1 9 4 2 3 4 1 2 28 1 1 3 1 6 1 18 2 1 2 2 26 4 10 2 2 1 3 1 3 1 2 1 1 4 2 2 1 3 1 1 6 9 8 1 2 3 1 1 1 1 2 4 8 1 3 3 5 3 7 1 1 4 2 8 1 1 2
1 38 1 4 2 5 1 1 3 2 2 4 1 1 1 5 2 1 1 2 46 2 3 1 1 2 1 4 3 18 1 1 2 8 4 2 10 2 2 1 1 2 2 1 1 3 1 5 1 1 5 2 2 2 1 3 1 3 2 3 2 1 4 1 1 10 1 1 3 2 3 4 5 1 1 1 5 1 1 7 2 2 4 1 1 1 2 1 1 1 6 37 1 2 2 5 1 12 2 2 1 2 14 3 2 1 6 1 2 3 6 2 2 1 1 1 3 1 2 1 1 2 2 2 2 2 1 26 13 1 1 5 7 6 1 1 13 1 9 2 1 1 2 1 54 4 23 1 1 3 1 1 2 1 1 6 1 3 5 8 2 2 3 4 3 2 1 9 1 4 4 5 1 1 1 2 2 2 1 4 1 17 21 80 1 2 1 4 2 2 1 2 2 1 1 1 1 5 1 2
3 1 1 6 2 7 1 3 1 4 1 3 4 1 3 4 2 3 2 255 1 1 3 1 91 4 1 1 3 2 1 2 2 15 2 2 1 3 1 1 1 2 7 1 1 1 7 3 5 2 3 8 1 1 1 2 2 2 1 3 1 2 5 1 1 1 3 1 5 5 38 10 2 86 2 2 2 1 5 1 1 10 1 1 1 6 3 2 1 1 1 1 3 2 1 1 1 2 1 1 5 18 5 9 2 3 3 3 19 3 4 3 2 2 1 1 1 26 2 1 4 1 1 2 20 3 3 10 1 3 1 12 23 1 16 3 2 1 104 10 1 4 11 1 23 2 1 1 2 3 17 2 1 1 1 2 1 5 2 2 1 6 1 4 1 2 51 2 2 1 2 5 2 2 2 1 1 4 1 1 2 28 3 6 4 11 22 4 4 2 1 2 2 16 1 1 4 2 2 5
3 2 4 13 3 2 1 1 8 1 1 2 4 5 46 5 30 3 1 6 34 4 2 1 2 1 8 2 5 1 1 3 2 1 2 3 2 2 2 1 5 4 7 2 2 6 2 2 13 8 1 1 2 1 4 3 3 1 1 2 1 2 1 1 19 3 1 1 5 15 2 95 1 1 2 2 3 4 2 2 2 45 4 22 7 2 1 3 13 1 1 11 2 1 1 5 1 19 10 3 4 1 1 1 22 2 374 3 1 2 1 5 1 29 5 1 2 28 67 2 17 2 1 2 3 6 5 7 24 1 4 1 2 4 3 1 7 1 3 1 2 2 2 1 1 12 2 1 2 1 2 9 1 3 7 1 2 2 19 4 2 8 19 2 2 1 2 14 1 7 1 2 59 2 4 5 18 1 1 6 5 2 2 3 2 2 1 6 1 3 2 31 6 2 1 1 10 3 2 1
1 8 11 1 1 1 1 1 2 1 3 1 11 2 1 1 19 1 1 1 5 1 1 4 1 1 2 1 1 1 1 4 2 1 2 2 12 1 1 8 5 3 9 2 1 2 1 3 1 12 2 1 2 1 3 2 3 7 2 2 6 4 2 1 2 1 1 6 1 2 9 19 18 1 1 1 2 4 1 1 1 1 7 2 2 2 2 2 2 2 3 4 1 2 72 3 4 1 2 1 2 7 2 7 2 2 2 3 4 1 1 12 65 1 6 9 11 2 5 5 2 1 1 1 3 2 1 1 2 3 2 2 4 2 2 1 2 1 2 1 1 1 2 1 7 3 1 1 1 2 2 7 12 5 1 2 1 1 8 1 8 1 1 6 2 2 2 41 8 2 3 16 1 3 2 2 11 1 3 28 2 1 4 2 3 1 20 2 2 1 3 6 2 2 2 16 2 1 2 3
2 1 3 4 1 2 1 3 1 4 1 2 1 3 4 2 1 1 10 2 3 2 56 1 1 1 2 1 1 2 1 7 2 10 1 1 1 3 2 3 65 1 29 4 2 20 2 4 27 2 1 1 1 3 39 1 2 1 1 1 3 5 1 21 1 1 2 2 11 4 13 1 4 1 2 2 41 1 1 3 1 1 12 6 1 1 1 4 2 4 1 1 1 3 1 1 1 3 6 2 2 2 2 1 3 2 1 2 1 2 1 11 2 69 1 33 2 6 9 1 6 2 1 3 2 1 1 6 1 8 1 1 5 1 1 3 1 1 7 1 2 5 3 18 4 1 3 2 2 11 1 9 12 7 2 3 5 2 2 1 4 1 1 1 4 3 2 6 2 2 2 1 3 2 3 2 1 11 1 2 6 3 4 4 2 2 3 2 41 7 1 1 4 1 3 2 20 1 2 1
11 1 2 3 2 1 1 4 2 1 2 16 3 3 2 1 9 6 12 2 2 2 1 1 5 3 1 4 2 2 1 3 11 1 4 1 4 7 7 4 2 1 2 25 2 8 1 2 1 2 1 1 4 1 1 7 72 1 22 1 3 3 21 1 2 5 2 2 6 1 2 1 2 4 1 9 2 6 2 4 1 3 2 1 1 1 1 2 14 8 4 2 4 2 1 4 81 2 1 1 1 1 2 1 1 4 2 1 26 1 2 1 4 2 1 1 1 2 2 1 2 1 9 1 7 1 15 4 13 2 2 3 4 12 6 1 1 1 1 1 6 4 2 5 9 1 12 3 1 11 2 11 6 1 1 32 1 2 2 1 1 5 1 16 8 3 1 8 3 1 2 4 2 10 118 5 5 5 3 1 1 1 33 52 3 2 2 4 9 1 8 3 1 1 2 1 6 1 2 6
3 1 5 4 2 3 2 31 2 2 3 3 27 2 1 1 3 2 2 2 1 3 1 1 2 1 8 2 20 2 1 2 4 1 2 1 1 1 3 2 1 1 2 5 2 1 1 15 19 3 19 1 1 2 12 3 142 10 2 2 1 1 1 2 1 9 1 1 1 1 1 1 2 2 2 1 1 1 2 4 2 1 1 2 1 2 2 1 19 161 1 6 4 2 1 7 2 2 2 6 2 2 1 1 3 2 1 111 8 1 5 1 8 1 1 1 1 27 3 7 3 7 1 1 1 1 1 10 3 1 1 2 1 4 6 3 5 1 2 2 1 2 32 2 3 2 8 2 5 4 1 1 3 1 6 11 3 156 3 2 2 6 1 3 2 1 2 11 1 3 2 2 2 77 3 1 2 3 2 5 2 2 11 18 1 1 1 12 11 7 1 1 2 4 2 1 2 2 2 32
2 2 1 19 1 1 489 1 5 1 5 14 3 400 1 4 3 7 7 3 1 2 1 1 2 4 2 1 2 2 2 1 1 1 3 15 2 3 2 1 2 1 1 2 2 25 63 9 1 2 18 1 11 2 1 2 19 2 4 1 1 1 7 3 2 1 11 2 4 3 3 6 1 1 1 3 4 1 4 2 2 4 7 2 1 1 1 7 1 2 2 1 2 2 6 2 1 5 2 2 1 4 1 5 3 6 5 2 2 1 1 1 1 3 2 1 1 9 17 1 1 18 4 1 1 2 1 3 2 2 2 2 1 3 1 1 1 2 8 3 1 8 2 5 1 13 1 3 2 2 1 2 1 3 1 2 1 1 1 3 1 6 4 16 6 1 1 1 1 3 3 1 2 1 4 4 3 1 2 1 1 2 1 1 3 1 1 1 5 1 3 3 1 6 1 1 1 2 1 1
1 3 1 2 5 23 1 2 4 2 1 6 4 7 1 5 5 2 3 1 3 40 1 3 4 2 3 2 1 1 1 123 1 16 1 13 7 3 2 2 2 1 2 84 11 12 5 2 2 3 1 1 2 2 5 2 2 2 1 1 1 4 1 3 4 16 2 5 5 9 1 2 1 1 1 1 245 2 3 1 3 8 2 3 1 4 1 7 4 2 1 28 1 2 112 1 2 1 7 1 33 2 1 8 1 3 6 17 17 7 12 1 2 4 2 2 1 3 15 1 1 4 1 7 14 1 11 1 10 1 1 3 1 1 2 4 63 23 3 2 2 1 4 11 1 1 2 11 2 7 11 3 1 2 11 1 3 8 2 2 47 12 1 2 1 1 7 2 1 14 7 2 4 2 1 1 6 2 4 17 12 1 2 2 2 16 2 3 17 2 1 28 1 1 21 1 5 6 33 8
1 6 1 2 1 1 3 2 5 5 1 3 2 1 3 1 2 1 1 1 1 7 1 1 3 3 2 1 2 3 2 1 1 1 1 1 7 2 3 37 3 1 1 10 3 12 2 2 4 1 1 2 4 1 2 7 5 1 2 2 2 14 1 3 1 1 1 2 1 2 2 2 4 3 1 6 1 2 1 1 2 2 3 1 2 1 6 3 1 2 1 2 1 136 6 2 2 2 1 4 1 3 1 1 2 1 1 14 2 2 5 2 32 1 39 2 2 6 1 4 3 4 3 1 1 35 2 3 55 9 3 5 1 5 2 3 1 2 2 2 2 1 1 1 2 1 24 7 2 10 4 2 1 3 1 1 9 4 4 1 20 6 3 1 7 1 2 5 1 2 1 12 1 2 2 18 3 3 4 2 1 2 11 1 4 2 1 1 5 2 3 1 1 6 26 1 1 276 1 1
13 2 2 2 1 9 1 13 9 3 5 3 1 4 1 27 18 1 5 4 1 1 2 45 2 2 25 5 8 2 5 9 2 2 6 2 3 2 38 1 2 10 3 1 2 3 2 1 52 1 1 1 4 2 2 2 2 2 1 1 2 5 1 1 2 1 2 1 24 2 1 1 2 2 2 1 4 1 2 1 4 2 1 4 3 1 5 1 2 1 31 6 2 4 1 1 5 2 4 1 3 2 1 2 1 2 1 2 2 1 1 2 4 2 58 1 5 1 2 5 9 1 2 7 3 8 1 1 1 2 1 2 2 1 1 2 1 1 1 2 2 7 3 1 1 1 1 1 9 9 2 2 4 2 2 1 6 1 1 1 4 3 1 2 1 33 2 18 1 2 2 3 2 3 5 1 1 2 1 5 1 4 11 2 1 1 24 9 4 2 1 2 1 2 4 4 4 41 1 2
3 2 1 4 2 4 2 27 1 3 12 2 6 3 19 4 24 1 2 2 5 12 1 4 7 6 1 27 1 4 1 1 1 2 4 2 2 4 1 2 1 1 1 30 2 3 1 2 2 1 3 4 1 1 1 2 1 2 5 1 1 11 1 1 2 1 1 1 3 4 5 8 1 1 4 4 2 73 2 3 27 2 1 3 8 2 1 4 1 50 11 5 6 2 19 4 3 6 2 11 1 8 1 4 1 14 1 11 2 2 2 1 1 2 2 3 1 3 4 3 2 1 2 3 3 11 1 1 1 1 14 29 1 6 1 2 1 5 1 13 1 27 2 1 26 4 1 5 3 2 2 3 2 8 3 3 87 1 1 5 3 2 3 1 5 2 1 28 1 2 1 33 3 4 2 4 2 2 6 21 1 1 1 2 3 2 2 1 21 2 1 3 1 2 1 5 2 1 24 1
2 5 1 1 1 9 3 2 1 2 1 14 2 2 2 1 1 10 1 3 2 1 1 2 7 2 2 9 1 9 11 3 3 2 1 3 2 25 1 5 9 1 6 2 3 1 3 6 1 2 2 3 5 1 3 2 3 4 2 3 4 5 37 8 5 1 84 1 2 2 5 4 1 2 2 7 3 2 25 1 4 3 2 1 1 1 2 1 2 10 2 1 1 2 1 1 1 2 1 1 13 2 2 1 2 1 2 2 37 1 1 4 50 2 1 5 1 1 2 3 1 1 2 1 3 2 2 6 3 1 3 1 3 1 2 1 2 1 25 2 2 1 3 2 3 5 2 18 5 2 1 6 2 12 14 8 1 2 1 1 1 3 1 2 1 2 1 3 3 6 4 2 4 2 1 1 5 1 2 1 1 1 5 3 1 8 2 1 5 1 2 6 3 1 1 3 2 1 5 1
8 1 2 2 2 1 2 3 1 3 2 22 1 1 1 2 1 1 2 1 1 2 21 1 1 2 1 2 2 2 2 2 1 1 9 2 1 1 2 1 1 3 3 2 2 1 1 1 2 2 5 1 2 1 4 2 2 1 2 1 3 1 8 1 1 2 1 1 1 1 3 4 1 1 6 2 1 1 4 2 1 2 1 1 2 1 2 21 1 2 10 1 3 3 2 1 1 1 6 1 1 1 2 2 1 3 2 1 1 1 31 6 3 18 4 1 65 5 1 1 5 4 2 1 3 3 5 2 4 8 1 2 3 7 2 3 3 4 3 2 2 1 1 10 1 25 94 8 1 2 2 2 3 2 2 2 1 1 1 2 2 10 2 2 38 2 13 1 2 2 5 5 2 1 6 2 1 2 2 24 1 1 1 2 2 3 3 55 1 6 3 7 22 3 12 5 1 3 6 1
8 9 1 2 3 5 1 12 2 1 2 2 1 2 31 1 1 1 1 3 4 5 4 3 7 1 1 3 1 6 3 13 2 5 3 2 2 2 2 4 2 1 5 2 2 1 2 1 2 2 10 1 9 1 3 2 1 3 5 1 3 17 1 1 2 2 2 1 10 2 7 1 2 4 1 7 1 2 11 2 1 2 1 1 4 3 1 6 1 4 1 2 1 1 5 1 1 2 2 8 1 4 1 2 1 1 2 2 1 6 2 1 5 1 1 3 2 4 2 30 1 4 2 3 1 22 4 3 2 2 4 1 1 1 3 23 20 2 4 16 1 7 1 3 4 2 1 2 1 2 3 9 2 2 1 1 4 3 7 1 2 3 1 2 3 3 2 1 121 2 1 1 1 1 1 2 1 1 22 2 5 4 4 2 1 7 8 2 44 2 1 3 3 1 2 2 1 2 1 4
2 7 1 1 1 1 1 2 3 7 7 1 4 1 1 1 2 2 1 2 2 4 3 110 2 2 1 1 2 1 19 5 2 1 12 2 4 6 1 1 2 5 11 4 3 5 1 3 1 1 6 2 2 2 6 29 2 1 7 2 13 3 3 38 1 13 37 1 1 3 1 5 4 3 1 6 3 1 10 5 6 1 2 4 3 2 2 8 8 12 1 3 1 2 44 1 11 2 13 1 1 1 44 1 3 1 2 15 1 20 8 1 1 3 3 1 9 2 1 3 1 34 10 1 1 2 20 2 1 2 1 1 5 2 3 2 2 1 2 1 3 2 2 3 2 4 10 5 1 1 1 1 15 1 1 9 1 17 2 3 4 5 1 2 3 5 13 2 4 1 1 26 1 2 2 2 4 6 4 2 2 1 1 2 12 5 1 1 2 4 1 2 1 1 4 24 4 1 2 3
2 2 1 1 2 2 1 3 1 1 2 1 1 3 3 2 1 1 4 2 4 1 3 1 2 1 4 1 2 1 1 3 2 2 2 9 1 1 1 4 2 1 4 2 2 3 1 1 1 2 4 3 2 2 2 1 1 2 1 1 13 1 2 4 2 20 3 1 4 2 1 1 2 1 1 1 2 5 1 1 7 2 1 2 6 1 1 1 1 1 2 2 3 8 1 7 3 8 2 4 5 2 1 1 2 1 1 3 2 2 14 3 79 2 14 1 2 2 1 1 2 2 2 2 6 8 1 3 3 2 2 1 421 1 2 7 35 3 1 9 1 2 3 2 1 2 2 2 5 2 2 1 18 6 2 10 187 1 1 2 2 2 1 1 2 8 16 5 3 1 3 3 2 5 3 2 18 10 3 1 4 1 1 2 3 1 2 1 2 2 1 8 5 1 1 1 2 4 1 3
3 2 4 6 1 1 3 4 7 11 2 1 29 92 1 1 1 1 2 2 3 1 21 2 2 4 2 24 1 2 1 5 2 1 26 1 2 2 2 185 11 36 1 3 7 2 3 3 1 7 7 2 4 3 1 2 1 1 3 2 3 2 1 5 2 2 1 3 5 3 3 2 6 1 1 2 1 2 6 3 1 1 4 24 3 3 2 12 2 34 2 4 8 4 1 1 2 2 7 1 3 4 6 2 1 2 1 6 1 3 10 1 1 2 4 2 5 1 1 7 5 2 3 2 2 1 1 1 1 3 3 2 2 1 3 4 1 3 3 5 1 5 3 6 2 3 2 7 1 1 12 1 14 1 4 2 2 4 5 1 1 1 2 10 2 1 3 5 21 1 1 2 10 3 4 2 6 1 2 2 5 9 1 2 1 3 2 1 3 3 2 5 39 1 3 1 14 3 4 4
2 3 3 2 169 2 1 2 9 2 112 7 9 6 3 1 2 6 16 1 1 2 8 6 1 15 1 1 1 1 1 1 1 5 1 2 10 4 1 2 1 7 4 2 2 118 13 1 2 2 4 11 1 2 2 2 4 2 2 2 1 1 3 1 8 2 1 2 1 37 1 12 5 2 1 2 1 10 16 2 1 239 3 1 3 11 1 2 4 10 1 2 8 1 4 1 5 3 16 37 11 2 1 1 2 14 6 4 2 13 1 1 3 1 2 9 1 3 2 1 2 1 12 2 8 1 1 5 2 6 2 2 2 10 1 7 2 1 1 3 1 2 9 20 3 11 1 5 2 4 1 1 3 2 6 1 1 2 2 1 3 4 1 2 2 2 4 4 2 2 1 3 3 8 1 2 2 39 13 5 2 4 1 2 2 9 28 2 2 11 6 2 1 38 1 1 24 1 43 3
38 2 2 21 1 1 3 4 1 1 1 1 1 1 3 2 1 1 10 1 2 42 9 1 3 6 18 3 3 1 5 13 3 2 32 3 1 1 1 2 2 2 6 3 1 2 24 6 21 8 1 2 61 2 1 1 1 1 1 2 17 69 5 2 1 5 4 2 2 12 2 3 7 1 1 2 6 1 2 2 15 1 1 2 9 3 3 20 3 15 1 2 2 1 8 3 11 2 10 3 4 2 1 1 1 1 1 6 3 2 1 2 14 1 2 15 1 1 4 1 7 2 17 2 3 1 3 3 2 2 3 2 5 36 5 2 6 2 4 1 2 3 1 1 2 13 7 2 2 2 2 2 14 4 4 5 1 67 1 6 5 1 2 1 3 1 2 1 1 2 1 1 4 14 2 2 2 1 2 1 3 1 3 57 2 2 2 1 75 1 1 1 3 2 5 2 2 2 1 30
1 10 2 1 2 15 1 4 2 2 4 1 2 3 3 1 3 1 5 1 2 17 14 1 7 4 2 1 1 1 1 1 3 1 2 12 2 2 3 2 2 1 15 5 1 1 2 2 3 3 5 3 1 5 1 8 2 2 1 3 3 1 13 2 2 6 1 2 3 3 1 1 1 8 16 3 1 2 28 11 26 9 1 7 1 1 1 10 1 4 16 12 15 2 1 12 1 1 4 1 1 2 1 2 1 1 2 1 1 2 16 3 2 4 37 5 1 7 41 1 319 2 1 1 35 3 2 2 2 1 2 10 1 67 1 7 2 3 1 1 1 4 4 3 1 3 1 1 3 4 4 2 3 5 9 1 5 2 2 1 1 4 2 1 2 45 1 1 2 21 1 6 1 17 1 2 1 6 2 2 10 1 2 2 1 1 1 3 2 2 2 2 2 1 6 1 1 2 3 1
3 2 2 1 4 2 16 2 4 1 3 3 4 13 1 1 351 12 4 3 3 2 3 6 2 17 12 2 7 3 1 1 2 3 75 1 8 1 1 1 8 3 15 3 4 2 1 3 3 2 1 1 1 5 1 2 5 1 5 118 6 3 4 2 2 12 1 26 2 2 2 1 2 3 1 2 3 1 1 3 2 2 3 3 1 7 2 2 1 2 2 4 3 5 1 2 5 2 2 35 61 1 1 1 1 2 1 12 3 3 148 4 1 1 2 2 14 9 2 1 1 1 1 1 1 1 2 1 1 2 1 4 1 1 6 14 2 1 1 1 2 24 10 2 2 2 12 1 1 1 1 4 1 2 1 1 3 1 1 5 2 3 1 3 1 1 2 1 2 4 1 3 6 1 1 35 1 3 1 1 2 1 48 5 18 26 3 2 2 4 2 4 8 2 2 1 17 1 5 2
1 2 1 2 2 2 3 3 9 4 1 81 1 7 1 11 1 1 2 2 4 1 2 2 1 1 1 5 2 2 2 2 5 1 3 118 1 1 2 1 5 1 1 3 1 1 3 2 51 8 2 2 3 45 4 5 2 4 1 2 2 2 6 12 1 1 1 1 1 1 1 2 5 2 1 6 5 2 2 2 2 3 1 1 1 3 3 22 57 1 2 1 2 3 2 1 2 2 2 3 27 1 2 1 2 2 1 1 3 2 3 2 1 1 1 1 5 4 2 4 2 1 1 1 2 2 3 1 2 1 1 6 2 1 21 1 1 3 1 1 1 5 2 3 2 4 1 8 2 2 1 4 3 8 3 3 4 2 1 1 5 2 1 4 4 1 2 1 1 1 19 1 7 1 1 2 1 2 1 1 1 2 2 4 2 3 2 2 2 2 1 4 2 3 13 1 4 3 5 2
2 32 2 5 2 2 2 4 2 1 8 1 1 19 2 1 2 4 1 2 227 1 2 1 2 1 3 10 2 2 93 2 2 5 4 1 1 1 2 5 13 2 1 3 30 6 6 1 8 7 2 7 8 1 2 8 2 4 1 4 1 1 1 1 2 1 12 1 11 1 1 1 2 1 2 22 1 8 1 2 1 4 2 2 2 1 2 3 1 7 1 1 2 2 2 1 3 1 2 8 1 5 9 172 1 8 3 3 34 1 1 15 1 1 13 2 1 3 7 1 3 1 4 4 9 1 1 7 4 1 3 2 2 2 9 2 1 1 3 2 7 1 3 4 2 2 3 6 3 2 9 1 149 2 9 11 2 3 18 7 1 1 2 2 5 2 16 2 12 20 1 5 6 32 1 1 2 2 4 4 2 1 1 2 1 6 1 8 2 3 4 1 2 1 5 6 1 2 5 18
2 3 4 2 2 96 2 9 1 1 5 4 5 2 2 2 2 5 2 14 1 2 2 1 1 2 14 1 2 1 1 1 7 2 2 2 5 3 2 2 2 1 1 1 8 26 3 7 8 12 4 1 1 16 4 1 2 10 2 2 2 1 1 2 2 34 1 1 2 2 1 1 2 1 1 3 1 2 2 5 1 1 2 2 1 2 1 2 6 6 2 1 2 2 5 3 1 2 1 4 14 1 1 1 1 2 1 1 1 1 5 5 1 1 2 20 2 2 2 2 2 2 2 3 1 1 21 2 7 1 4 1 2 1 1 4 1 1 1 3 67 1 7 2 1 2 2 3 1 3 1 10 1 1 1 6 5 6 1 1 2 2 57 5 1 1 2 2 1 1 3 1 2 4 1 2 2 2 2 1 1 8 1 1 3 2 3 2 2 3 3 11 1 6 1 1 1 3 1 5
7 6 1 1 1 3 1 3 2 2 4 1 3 3 1 2 4 3 2 1 2 2 2 2 2 1 2 4 4 2 1 1 8 2 1 1 3 5 1 1 1 2 3 5 1 5 2 1 2 8 1 3 1 3 4 10 2 11 1 18 1 1 2 3 2 1 6 2 1 1 1 1 2 1 1 2 2 1 1 2 1 3 1 1 11 2 2 1 1 2 2 3 9 2 2 1 2 15 11 1 1 1 70 2 1 2 1 6 1 1 11 4 2 12 2 329 1 1 5 4 1 5 5 16 2 6 11 1 1 1 6 1 1 2 5 47 1 3 3 1 27 1 3 1 2 3 4 3 3 2 7 2 1 6 2 4 2 6 3 3 143 1 7 80 1 1 38 4 3 8 2 20 2 15 70 1 1 4 1 1 13 1 2 4 8 1 2 4 2 3 8 4 4 2 1 3 23 6 3 2
3 5 2 1 1 1 1 2 2 1 2 4 2 2 3 1 17 1 4 1 2 2 1 3 2 2 2 2 1 2 6 2 1 2 18 2 24 2 1 1 2 1 1 7 1 6 3 1 1 1 1 4 3 1 1 1 4 2 1 2 8 2 4 2 4 2 2 2 1 19 1 16 1 1 1 2 44 1 1 3 2 1 3 1 2 9 1 17 1 30 2 2 7 4 19 2 5 3 5 2 1 2 16 1 2 54 2 2 1 2 1 1 1 5 7 2 2 61 1 3 12 6 1 4 2 3 2 1 1 7 1 1 2 2 8 10 92 5 2 1 3 2 8 6 2 1 3 1 4 1 1 2 7 18 2 1 2 1 4 2 6 1 1 6 3 1 1 1 1 27 3 3 1 3 2 3 7 1 5 5 1 2 4 2 1 17 26 4 1 8 1 162 2 2 2 1 1 1 2 15
1 1 4 23 1 5 2 3 1 2 3 2 1 2 2 1 4 1 2 9 2 1 1 1 1 2 2 1 1 3 1 1 2 1 1 2 2 1 3 24 2 1 2 1 1 1 11 1 2 1 3 5 1 2 32 4 3 3 1 2 11 8 2 29 1 3 1 1 15 2 2 5 3 7 2 3 29 1 1 3 5 1 6 8 1 8 1 12 1 47 7 9 1 1 2 3 1 3 1 39 1 3 5 2 1 2 37 1 2 3 3 1 3 3 9 2 1 4 2 1 4 37 2 1 2 2 1 2 9 1 1 1 2 11 3 1 5 1 25 2 313 1 2 1 1 3 1 2 2 3 1 3 1 3 1 2 1 2 2 17 1 1 1 1 3 5 2 12 3 1 7 1 8 2 1 2 6 11 2 3 2 6 2 1 1 2 29 2 2 5 4 7 2 3 1 1 6 20 4 3
2 1 2 2 2 3 7 2 3 1 1 1 3 5 2 12 2 16 1 1 2 1 1 2 11 3 5 1 3 2 1 1 7 5 1 1 2 2 5 1 2 1 1 2 1 4 3 6 7 1 5 16 2 5 5 1 1 2 3 7 3 2 2 4 3 6 1 4 2 1 3 2 1 10 7 1 2 4 4 5 12 3 4 4 1 7 2 3 2 3 4 8 1 1 2 1 191 1 1 4 2 1 1 2 1 1 2 1 2 1 2 3 15 1 5 2 9 2 2 8 3 2 2 6 1 2 1 2 7 11 3 4 13 1 47 1 2 2 1 4 1 1 1 1 17 2 3 4 2 10 3 3 1 1 1 5 2 3 1 3 4 10 3 1 1 236 1 2 2 1 1 3 1 1 5 1 8 1 2 3 2 1 3 1 1 1 2 1 2 1 1 3 3 2 1 2 1 1 1 2
2 1 3 2 2 2 2 3 1 2 7 3 1 1 1 3 1 1 2 148 2 14 1 1 1 7 18 2 1 2 2 2 2 2 14 4 1 7 1 2 1 2 1 2 5 10 2 3 8 38 1 3 12 2 4 1 1 5 2 3 1 2 4 3 1 154 2 1 6 2 10 1 1 1 2 2 2 3 2 1 4 3 1 1 2 7 1 3 5 1 1 2 1 1 2 2 1 4 2 3 1 1 4 5 2 1 4 1 1 9 1 65 2 4 7 1 1 5 2 1 13 1 2 2 2 4 14 2 2 1 1 1 2 11 6 2 1 2 3 8 2 1 5 1 1 2 1 5 6 10 4 7 1 2 45 1 7 2 1 2 1 2 22 2 1 2 2 3 2 1 18 1 2 9 1 1 1 2 1 6 4 2 7 1 1 1 2 24 2 3 13 9 1 1 2 5 1 1 4 20
1 2 3 2 2 3 1 1 2 1 2 1 2 13 2 5 5 1 3 5 2 12 1 1 3 4 6 2 12 1 3 8 3 2 1 2 66 1 1 2 3 59 7 3 5 184 1 1 1 1 2 1 1 2 2 1 40 6 2 1 3 2 2 21 1 2 77 1 1 3 1 2 2 1 7 7 2 1 2 16 1 2 1 6 2 6 9 1 13 1 6 2 2 2 9 5 6 1 14 7 1 2 1 1 2 2 9 1 4 1 2 1 1 1 2 7 7 18 1 2 32 9 2 6 9 1 2 3 1 7 3 2 4 1 1 1 1 103 4 1 3 5 4 1 2 2 1 1 3 13 3 2 7 12 1 1 2 6 2 2 6 2 5 3 5 2 1 1 6 2 3 1 1 1 19 1 2 1 2 2 4 2 6 1 7 7 3 1 13 2 8 5 1 7 1 11 2 1 1 2
3 2 3 2 3 3 2 2 2 1 1 2 7 1 1 1 1 1 4 1 1 50 35 1 2 9 2 2 1 2 2 8 1 1 5 2 6 1 19 1 1 2 2 81 11 2 9 3 1 3 38 1 3 1 1 2 21 1 4 2 1 3 3 8 9 5 2 2 1 21 8 4 1 4 2 15 2 3 1 5 2 11 1 1 3 1 1 4 2 1 7 1 1 1 1 2 4 16 2 2 2 9 2 2 1 3 1 1 2 2 3 2 2 4 2 2 1 2 9 4 8 2 1 4 3 1 3 4 3 7 3 1 3 3 20 1 2 2 1 2 2 2 3 1 2 2 1 6 2 6 175 2 6 2 59 1 1 2 4 2 9 3 3 2 1 2 3 9 2 1 7 2 2 2 2 2 1 2 4 2 1 2 2 1 2 2 2 1 4 1 1 1 1 3 14 1 6 1 2 1
8 3 9 1 3 1 8 2 3 2 2 4 4 1 2 1 4 14 39 1 2 5 1 52 2 1 1 3 3 9 22 4 4 2 2 2 4 2 1 3 4 2 1 1 1 2 2 1 2 1 1 4 2 1 4 1 1 1 3 1 2 19 1 8 2 14 1 3 169 1 1 2 1 67 1 1 38 1 9 12 4 3 1 1 3 6 1 1 2 4 11 59 17 4 4 4 4 1 3 7 2 2 1 1 3 2 3 2 3 4 1 14 2 2 1 1 9 1 2 5 2 1 4 8 3 6 7 7 5 2 1 6 7 2 2 7 1 1 2 2 1 2 7 1 5 1 7 1 2 4 1 1 3 1 4 2 4 1 1 3 1 7 4 2 4 2 1 1 26 12 6 1 2 3 2 2 10 12 2 22 1 1 1 1 7 1 3 3 2 3 4 2 1 2 1 116 4 3 11 48
2 2 2 1 1 1 6 2 2 7 1 2 1 13 1 2 2 1 10 11 2 1 25 4 1 1 1 1 6 2 2 4 2 60 2 8 8 3 2 3 3 2 1 2 21 8 2 5 59 65 15 1 14 7 1 1 1 2 1 12 40 5 7 3 2 40 7 1 2 3 3 2 2 1 8 7 6 1 35 1 2 1 3 1 5 2 98 2 1 2 2 1 17 13 3 1 6 6 1 2 1 2 24 11 2 254 1 1 1 9 3 1 2 1 63 6 5 28 3 3 2 22 1 3 1 3 2 1 19 1 2 2 4 5 4 3 2 3 3 2 3 2 1 4 1 1 3 2 2 2 2 1 1 8 1 4 17 3 2 7 4 24 38 4 1 1 6 10 1 9 2 3 1 1 1 1 4 2 2 1 3 3 4 2 5 4 3 1 22 2 3 3 77 1 2 1 2 2 2 2
1 11 222 3 1 1 2 2 4 3 1 6 2 1 1 1 6 5 7 2 2 3 1 4 2 1 2 5 2 2 1 3 2 1 6 1 2 1 2 1 1 1 367 2 3 1 4 1 1 26 1 1 3 2 6 2 1 1 2 4 2 2 1 5 8 1 2 4 2 1 1 1 3 1 2 1 2 4 1 1 1 1 2 11 12 2 1 2 1 13 3 1 2 2 12 3 1 19 19 4 15 3 1 2 54 3 8 1 1 2 2 1 8 3 1 9 1 2 4 7 7 2 7 6 1 1 12 3 2 5 4 2 1 2 7 1 1 1 2 2 1 1 2 2 1 1 4 2 2 55 2 1 2 1 2 14 7 5 3 1 1 1 2 2 7 2 7 1 1 97 12 5 2 6 2 2 3 62 3 1 1 9 4 2 1 1 1 2 1 4 1 1 1 3 2 2 5 1 8 4
2 2 1 1 1 4 2 8 2 3 1 1 2 19 2 2 5 2 23 1 3 6 3 1 4 2 2 3 3 2 15 1 1 2 2 13 1 1 1 1 2 2 2 3 1 3 1 5 23 2 1 4 2 8 1 2 1 2 3 41 1 1 1 2 4 3 2 1 3 1 2 1 2 5 2 2 7 4 2 2 2 11 115 1 2 1 3 3 4 4 4 2 1 2 5 2 2 3 2 1 2 3 1 6 1 3 52 1 2 10 4 3 4 3 71 1 2 2 1 34 4 2 2 7 1 16 2 6 2 2 2 1 3 1 4 20 4 4 2 9 1 70 2 3 1 2 2 1 1 3 1 4 2 1 3 1 2 2 75 2 13 1 2 6 1 4 1 2 3 2 9 2 3 4 2 2 3 2 2 3 12 2 2 1 1 1 5 3 2 1 1 6 2 3 2 7 1 2 2 77
1 6 1 19 2 1 4 1 1 2 2 2 4 2 9 2 3 1 2 4 1 2 1 1 1 1 1 1 3 2 2 1 2 1 1 19 1 1 19 3 1 2 7 1 2 5 1 10 12 1 4 1 1 1 1 3 8 4 2 13 1 1 3 4 3 1 15 1 1 1 20 2 2 2 5 3 1 43 2 1 2 8 5 3 1 1 3 2 2 5 3 4 1 3 2 1 1 16 3 1 1 79 2 2 2 2 3 8 1 4 3 4 1 2 2 1 1 16 2 1 2 1 2 5 2 25 5 1 1 1 2 1 1 23 2 1 6 1 1 1 12 9 1 3 14 2 6 2 2 36 4 2 1 3 2 4 13 2 3 1 6 3 4 1 5 5 47 5 4 2 11 1 5 2 2 185 5 17 1 3 4 1 3 5 8 2 45 54 1 2 1 21 2 2 2 5 5 200 2 4
2 3 1 1 1 1 1 1 5 2 1 4 5 2 3 3 4 5 29 3 20 3 2 1 4 1 6 1 1 1 1 8 13 1 2 1 4 1 1 3 6 1 4 72 2 1 5 4 2 120 2 1 2 2 9 5 2 3 4 2 2 2 5 1 1 2 1 1 3 2 2 2 3 10 5 3 1 2 12 3 1 1 2 6 1 2 1 3 1 13 1 5 21 1 1 2 1 1 2 3 1 1 1 2 5 1 1 1 7 2 2 2 35 2 8 4 1 1 2 15 1 5 2 1 5 2 5 1 1 2 4 2 10 2 1 1 1 3 2 2 9 6 4 1 2 2 7 1 3 1 4 4 1 34 3 2 1 2 2 6 1 1 3 2 1 1 4 5 11 2 1 2 10 1 1 2 31 2 3 2 4 4 19 2 2 1 8 1 1 3 4 2 1 4 2 1 1 8 3 3
4 1 1 1 24 194 2 1 2 4 12 9 1 10 1 2 1 1 1 2 1 5 1 4 2 2 1 2 11 4 2 1 4 47 3 10 47 2 1 1 2 2 4 2 1 3 1 1 2 1 1 1 1 1 7 3 2 1 4 7 2 2 1 3 2 2 6 1 1 2 2 1 3 1 2 3 3 1 17 2 2 1 2 9 1 1 8 3 9 1 21 3 5 44 46 4 2 2 1 1 2 3 4 1 1 1 3 1 2 2 1 147 2 2 1 24 1 1 1 2 5 14 1 1 1 3 3 2 2 2 1 12 5 2 17 3 1 1 1 3 1 10 2 2 1 22 6 3 3 1 2 60 3 1 3 30 2 4 1 15 1 2 1 1 2 1 1 4 1 1 1 3 1 8 10 3 1 3 1 2 6 4 4 14 6 3 2 1 1 1 6 115 3 4 1 2 1 1 33 1
1 2 6 17 2 4 1 1 8 5 3 1 2 3 3 3 1 7 9 5 1 11 7 9 1 5 1 1 2 3 2 2 1 1 2 1 2 1 8 3 4 12 3 1 7 1 1 436 2 3 3 1 6 2 2 2 3 3 1 4 2 5 1 1 7 2 1 4 17 3 2 15 1 3 2 1 2 2 7 4 1 1 1 1 1 1 9 186 18 2 3 3 3 2 1 1 20 1 3 4 1 1 2 3 1 2 1 10 1 1 2 3 3 16 1 4 1 1 8 2 2 1 3 2 3 14 1 2 2 5 2 1 1 1 2 2 2 1 2 1 2 3 2 1 1 1 3 6 2 2 3 1 1 2 2 2 7 1 2 9 1 2 1 3 2 4 3 2 4 2 1 3 8 7 3 28 3 2 1 4 1 2 2 3 2 1 2 5 3 1 2 3 3 1 2 3 1 2 1 11
1 2 1 1 4 12 7 2 1 1 462 1 1 2 2 2 8 2 4 9 1 2 2 1 1 10 1 3 2 1 33 4 8 2 1 3 8 6 1 1 1 1 1 1 1 1 2 22 2 31 4 6 1 5 1 1 1 3 6 5 2 2 2 1 1 1 1 9 1 1 2 6 3 8 3 2 2 2 2 1 1 1 2 3 15 3 1 5 1 2 2 4 1 3 1 1 2 1 93 1 2 2 1 1 2 1 1 1 1 6 3 8 2 5 1 3 2 1 2 1 3 2 2 2 5 3 2 1 4 1 2 4 1 9 1 9 6 4 1 2 2 2 2 1 2 1 1 6 2 1 1 3 17 6 1 2 8 1 1 2 1 1 1 2 7 2 2 1 2 1 3 1 3 4 4 2 3 1 3 2 2 2 1 1 23 10 6 3 2 1 1 1 2 2 1 2 1 2 1 2
11 2 4 2 2 2 1 1 2 4 7 1 1 14 1 1 4 2 2 3 3 2 2 1 15 4 3 2 2 3 2 1 2 2 3 3 1 3 1 5 3 10 3 2 3 1 1 2 24 1 1 26 2 1 2 5 6 3 11 72 1 3 3 3 5 3 1 9 1 10 4 2 1 1 3 48 1 66 2 2 1 4 14 1 1 1 1 1 12 3 1 1 2 1 5 2 5 3 1 16 1 3 1 2 3 3 2 3 1 2 1 2 2 30 4 3 6 8 1 1 2 1 3 2 8 1 1 10 3 12 2 2 1 2 1 2 2 2 1 3 1 4 5 5 1 1 8 2 1 1 2 1 30 4 1 2 2 1 2 12 4 4 6 3 3 10 4 2 41 13 13 4 5 3 2 2 1 1 4 2 5 7 1 4 5 1 1 5 27 1 1 3 38 1 2 27 3 1 4 10
2 49 1 118 14 35 6 3 2 1 2 3 3 2 4 3 1 4 11 5 7 2 40 1 1 1 8 10 1 2 4 8 1 2 2 3 1 1 2 1 2 2 2 4 11 4 3 15 2 2 2 2 1 7 1 2 2 1 1 1 17 1 2 3 2 2 3 2 3 15 2 2 1 2 1 1 6 1 2 3 3 2 1 4 4 2 10 1 1 2 3 10 3 2 1 1 1 44 2 5 1 310 2 1 1 42 1 4 29 2 1 12 6 1 2 6 1 2 3 2 1 1 17 15 1 3 1 43 1 1 3 5 1 2 9 3 3 4 23 1 2 5 2 4 5 1 1 2 1 1 2 4 9 2 2 1 1 3 2 3 2 64 3 8 2 3 1 4 1 1 1 1 2 5 18 2 1 2 1 1 2 2 7 7 9 10 1 3 2 1 1 2 1 2 2 2 2 6 2 3
1 5 2 1 2 1 3 2 5 2 1 13 7 1 3 2 1 10 2 1 1 1 4 43 4 2 1 3 1 3 1 2 20 1 2 2 1 6 19 1 1 1 5 32 1 1 1 1 2 1 2 3 1 1 6 3 25 7 2 8 1 1 3 1 5 5 2 7 2 6 1 4 22 1 2 1 2 6 5 18 3 1 1 1 2 24 2 3 4 1 2 6 3 1 1 1 132 2 25 3 10 2 1 4 2 1 3 4 1 2 3 1 7 1 2 72 1 12 2 2 1 1 2 1 2 8 4 2 1 3 2 2 2 2 1 1 30 1 1 1 9 1 7 2 2 1 3 4 3 2 1 1 8 2 1 2 2 1 11 3 4 10 5 10 3 3 1 3 12 1 2 13 2 2 4 2 1 2 1 29 82 7 12 1 2 1 2 1 1 9 2 2 162 2 2 1 2 2 2 6
1 18 3 1 16 2 3 1 2 4 8 1 31 4 1 1 77 3 2 1 1 2 2 1 1 1 3 3 2 1 72 1 8 1 5 6 1 1 1 2 1 2 13 1 2 8 1 5 9 1 1 1 1 3 1 2 2 2 1 4 3 2 2 1 2 1 6 1 2 2 1 1 2 17 2 268 3 2 19 2 6 1 1 2 3 1 4 5 1 182 3 2 1 14 1 2 2 2 4 3 2 4 2 1 15 8 13 2 14 2 1 8 1 1 3 2 2 5 1 2 2 1 1 1 7 17 2 4 2 29 3 8 3 2 1 92 1 2 3 4 1 2 2 2 2 1 4 1 1 1 2 1 12 5 2 1 1 3 4 2 4 1 2 1 2 5 4 2 13 1 6 2 28 1 1 2 2 1 4 3 1 5 1 10 3 4 2 2 1 2 4 2 3 3 1 1 3 2 1 3
3 436 4 2 4 4 1 7 1 1 1 1 17 2 2 8 30 3 3 28 2 1 1 1 3 4 2 6 2 7 2 1 4 7 2 1 3 1 1 1 2 7 1 2 1 2 28 2 1 5 7 4 1 3 56 1 2 1 5 9 3 1 1 1 2 3 4 2 1 194 3 46 6 1 2 8 73 2 4 24 2 1 1 2 1 36 1 2 3 1 2 5 1 5 4 6 35 2 2 24 5 2 2 1 17 2 1 2 6 4 1 1 13 1 7 2 2 3 33 16 3 26 1 3 2 6 4 5 9 14 5 3 1 3 5 2 191 3 1 5 3 1 2 2 8 7 2 3 2 6 1 2 2 5 16 7 2 1 24 4 1 6 2 2 3 3 8 1 4 2 1 2 5 2 4 2 1 2 1 1 4 1 7 1 1 1 10 10 2 2 4 9 32 2 1 5 1 3 2 1
4 4 1 2 21 2 2 1 4 23 4 2 2 3 2 1 3 2 1 2 2 1 5 2 2 1 1 4 4 17 3 1 4 2 3 1 7 2 3 4 1 2 4 1 11 3 5 2 1 2 4 1 3 1 3 14 11 9 1 2 1 1 3 7 1 7 4 1 2 2 2 1 2 4 1 1 6 1 1 2 3 1 1 2 5 1 6 3 9 6 1 1 1 2 62 1 8 3 1 1 2 8 5 2 21 4 2 11 3 4 5 2 1 2 8 10 2 5 13 5 2 2 1 3 7 1 1 3 4 1 2 4 1 1 3 2 5 1 3 31 2 13 2 3 2 1 2 1 1 2 2 4 2 2 9 1 2 1 29 3 1 2 3 4 2 2 1 3 9 2 3 2 1 11 2 1 2 6 71 2 5 2 1 2 1 2 1 2 6 1 2 24 3 3 3 1 2 5 1 3
1 3 2 13 5 3 1 1 2 65 1 2 17 4 4 3 2 2 31 2 1 3 1 16 2 5 1 3 18 1 1 3 10 11 2 2 6 2 3 2 1 10 5 1 1 2 1 5 2 3 3 1 2 1 2 3 3 4 2 2 1 1 1 2 3 12 3 7 1 1 8 5 4 2 2 7 1 2 2 3 3 1 3 2 2 3 1 2 4 1 1 3 2 12 3 2 2 1 1 7 2 2 2 1 16 12 2 1 40 1 22 2 1 1 2 1 1 2 1 27 2 52 1 1 21 2 1 2 2 2 1 2 1 2 1 2 3 1 2 1 1 1 2 2 3 1 1 3 2 19 2 1 6 4 4 10 7 1 2 2 2 1 1 14 1 9 2 2 2 3 2 2 19 1 5 11 2 13 2 4 4 15 1 12 2 6 11 2 2 1 8 1 2 2 8 2 1 2 4 4
1 3 4 21 1 2 5 1 1 2 5 3 1 14 1 2 2 9 2 1 3 2 2 139 1 2 2 1 7 3 3 4 2 14 3 1 6 3 1 1 1 13 1 1 3 2 1 1 2 2 13 2 2 1 3 14 13 4 1 5 4 2 2 8 2 1 5 3 44 3 1 1 2 1 2 1 2 2 3 1 1 2 75 1 1 6 3 1 4 2 2 2 11 1 4 2 76 1 3 2 4 2 1 1 2 2 6 3 3 1 2 8 9 2 2 2 3 3 5 8 1 1 2 3 2 2 1 1 6 20 5 2 1 37 1 2 1 8 1 2 1 46 1 2 2 2 12 10 2 7 1 54 11 1 11 2 1 62 4 2 3 2 11 1 3 2 3 1 1 4 1 1 2 2 1 1 3 2 1 5 1 2 1 2 3 10 1 1 3 2 1 1 5 1 9 1 2 6 1 2
4 14 2 1 3 1 5 2 1 3 1 1 3 1 2 1 1 2 2 3 2 2 5 4 6 1 1 4 3 1 1 2 4 1 2 2 5 1 1 5 1 1 2 2 2 6 9 1 1 2 2 1 1 2 2 1 3 1 2 1 1 2 3 2 1 1 1 2 2 1 3 2 2 8 2 5 1 1 2 2 10 7 1 1 3 2 1 2 1 3 3 12 19 8 7 1 9 19 1 2 1 2 2 11 2 1 1 1 2 2 9 3 2 2 2 2 1 1 33 31 196 1 24 2 8 2 1 2 1 6 1 3 1 2 1 14 2 1 1 1 31 3 2 2 8 3 1 1 1 2 2 2 1 2 3 4 8 3 1 1 3 5 2 1 3 2 1 3 1 44 2 1 1 2 3 3 1 1 1 1 2 32 1 2 2 1 11 1 225 2 6 6 4 2 7 4 1 4 2 1
4 2 1 1 2 1 5 3 1 9 15 2 3 4 46 2 2 3 2 4 1 17 1 2 3 1 1 3 1 2 2 3 1 1 2 3 1 9 5 3 1 67 2 4 3 4 1 2 1 1 1 16 4 4 1 1 4 1 7 2 7 1 2 2 2 1 1 2 11 1 2 1 8 3 3 2 1 1 1 1 167 1 1 1 1 2 1 2 6 1 4 2 1 1 9 2 2 1 1 1 9 3 7 11 7 1 2 41 1 6 1 1 3 3 27 18 2 1 1 2 32 49 1 1 10 17 1 2 5 1 1 16 1 1 2 8 4 4 3 3 2 1 5 7 4 2 58 1 1 3 1 1 9 1 7 1 3 2 2 2 2 2 1 1 4 29 11 1 24 5 1 1 2 2 2 3 2 1 75 1 2 11 1 258 8 11 2 1 6 1 1 1 47 2 2 1 39 4 1 3
2 2 7 5 3 2 1 7 2 1 2 1 2 24 6 1 2 3 5 5 1 3 1 1 8 1 1 3 2 1 2 2 7 1 4 1 2 2 2 8 2 1 2 2 1 2 1 3 25 7 1 1 3 4 4 4 1 2 14 2 4 8 7 12 2 1 1 4 3 68 238 2 1 19 6 5 1 7 2 4 3 2 1 2 1 6 1 2 2 5 2 1 166 1 2 2 6 5 10 1 1 9 5 2 3 7 290 1 2 1 1 41 2 2 1 1 1 1 3 3 1 4 5 2 9 4 1 1 1 2 9 1 3 41 1 39 15 10 2 3 1 2 3 2 4 1 1 1 7 5 52 2 3 8 2 11 3 1 3 1 3 3 5 4 2 2 13 2 22 1 2 15 2 1 4 13 2 3 1 4 2 2 2 1 2 1 2 1 3 14 1 1 3 1 7 17 8 25 2 2
1 2 3 2 61 1 2 5 1 28 2 1 5 2 1 4 1 7 1 6 2 3 1 1 4 1 6 6 9 1 2 1 2 2 29 7 2 4 4 16 2 42 1 3 3 1 10 2 9 2 3 1 2 3 5 1 9 2 5 1 1 1 1 5 6 63 2 2 4 2 33 1 1 4 1 6 2 1 4 2 1 6 1 3 7 2 4 1 1 3 110 1 2 1 3 1 1 1 253 4 1 2 4 3 1 2 1 14 1 1 2 2 2 2 1 9 1 2 2 4 25 7 2 4 3 2 2 1 2 1 1 1 3 2 4 3 3 1 2 2 2 1 2 3 1 1 1 6 103 1 10 1 1 1 11 6 5 3 1 1 2 4 3 1 1 4 3 2 4 4 6 1 2 40 1 4 1 4 1 5 1 1 51 2 1 14 2 47 2 1 1 4 2 2 2 2 1 2 3 2
1 1 12 1 6 2 1 2 1 3 2 56 1 5 2 2 1 3 1 12 1 1 14 5 4 1 2 1 1 1 6 3 5 3 5 7 2 2 6 2 1 1 2 1 1 1 1 4 1 1 1 2 26 27 2 2 1 2 4 1 2 2 1 2 1 4 1 2 2 9 6 2 2 1 3 2 5 2 1 7 3 17 9 37 4 6 1 5 10 1 10 3 2 1 2 3 1 2 5 1 11 3 2 4 1 4 1 3 4 13 3 1 1 1 1 4 4 3 2 1 1 2 4 1 1 1 4 4 2 2 4 1 1 33 3 8 2 3 26 3 6 9 8 2 2 2 1 165 4 6 1 1 1 4 3 1 1 44 4 1 3 2 1 1 3 2 3 2 23 2 3 4 2 2 1 1 1 2 2 1 4 1 2 1 1 2 14 3 2 2 1 3 15 8 10 13 1 2 2 1
5 2 2 1 2 3 11 4 2 10 12 3 1 3 1 4 3 2 26 1 2 66 2 1 2 1 1 1 22 7 1 1 2 19 1 7 1 2 5 3 1 12 1 1 1 1 3 2 3 1 2 3 7 1 1 1 1 1 1 1 1 4 1 20 1 2 6 4 1 3 2 2 2 1 1 3 2 1 3 4 1 8 2 1 2 2 104 7 2 13 1 2 1 1 32 1 2 2 3 2 3 3 1 2 5 18 2 1 1 2 15 2 2 5 1 2 3 2 1 3 2 1 1 10 1 1 2 1 30 1 1 2 2 5 1 3 2 3 3 2 1 2 1 2 2 3 1 4 2 1 2 2 2 4 2 3 8 17 1 2 3 1 1 3 2 1 3 2 1 1 1 4 1 1 2 5 1 4 8 5 3 3 4 5 2 3 5 3 4 2 2 5 6 1 2 2 1 6 4 5
1 16 1 1 5 2 1 1 9 1 1 21 106 21 11 3 6 8 1 1 6 2 7 2 1 1 2 2 2 2 2 1 1 3 1 2 3 2 6 2 1 6 1 2 1 1 1 1 19 1 2 2 52 10 3 20 6 1 1 16 1 14 1 20 1 3 1 1 2 2 3 1 1 3 2 2 4 1 1 2 4 15 2 9 10 3 6 1 1 1 1 3 2 1 3 1 2 2 2 2 2 51 1 2 4 4 2 2 5 1 1 3 3 2 2 1 1 1 2 1 4 1 1 1 16 1 3 4 4 9 3 94 1 1 9 21 1 2 1 1 1 2 11 4 1 2 2 7 4 1 1 12 2 3 1 1 3 1 2 1 32 3 2 1 1 2 2 2 2 2 5 1 2 3 11 1 1 4 5 1 3 5 7 1 5 3 8 1 1 16 1 18 2 4 2 2 3 4 5 1
2 1 7 1 1 2 1 2 3 1 5 3 2 1 4 2 2 1 1 10 2 2 10 2 2 1 1 1 1 1 2 7 1 3 2 3 1 6 1 2 2 3 1 3 2 3 1 3 4 42 2 2 5 8 3 2 1 1 2 3 1 4 1 3 2 1 8 1 1 3 1 2 15 1 2 2 5 19 1 3 2 1 3 5 2 1 16 1 3 4 2 7 2 5 2 14 6 17 9 1 1 2 1 2 2 1 280 2 4 1 2 2 4 2 4 1 2 5 2 1 1 21 2 1 1 2 1 3 1 2 3 2 1 1 1 1 2 1 4 4 2 2 1 7 8 1 2 1 6 16 3 2 4 4 1 1 1 3 1 3 1 2 1 7 2 2 2 5 7 20 4 1 2 1 3 2 1 3 2 1 4 4 1 2 41 1 4 4 3 1 1 1 1 2 2 2 1 1 2 1
3 4 4 1 25 5 4 2 1 1 2 1 1 1 1 2 5 4 2 1 1 2 2 5 1 8 3 1 7 220 2 2 2 1 3 2 1 5 3 12 2 5 1 2 2 2 20 2 7 2 6 1 1 1 1 12 1 1 7 2 6 368 3 10 2 2 2 3 3 83 1 2 1 1 2 4 2 5 1 25 1 1 1 2 1 2 8 6 4 1 1 5 4 2 2 1 12 1 5 3 1 2 1 5 4 2 1 3 1 1 1 2 3 3 2 1 1 8 2 1 2 3 2 2 1 18 3 2 15 2 3 1 50 11 4 1 1 2 4 1 2 12 2 2 12 5 2 3 2 5 2 4 1 6 1 5 3 7 167 5 5 1 2 2 2 3 1 1 62 2 3 2 1 1 1 2 3 3 3 2 2 5 4 1 16 1 2 7 4 13 11 1 2 4 2 1 40 1 2 1
2 1 3 22 4 3 1 4 1 1 8 14 2 1 8 1 3 2 1 2 1 2 1 23 3 2 1 1 1 4 2 6 2 5 1 3 1 2 3 1 2 3 1 2 1 3 1 1 7 1 15 1 8 1 2 2 1 1 2 8 44 9 5 2 1 3 1 38 2 1 3 8 1 1 2 1 2 2 5 3 3 5 1 16 3 2 2 3 2 5 2 2 7 1 6 1 1 1 2 3 2 1 1 3 14 4 1 1 2 2 2 2 2 1 130 3 24 2 1 1 1 1 2 1 8 1 31 2 4 3 2 2 1 1 2 1 1 1 2 1 5 1 1 23 12 2 1 3 4 1 1 2 3 4 6 2 2 2 2 2 3 1 1 5 1 2 2 3 4 5 1 4 5 1 2 3 3 1 3 3 1 5 1 16 3 10 3 1 2 6 9 2 2 2 2 3 2 4 3 1
6 3 2 1 2 1 2 1 12 4 14 2 3 2 1 2 23 9 2 2 1 1 4 68 5 1 2 5 1 4 1 10 9 3 1 1 8 3 3 1 5 1 1 1 5 3 3 1 1 45 1 2 2 2 4 2 2 1 3 3 2 14 2 1 1 1 1 1 5 2 1 2 1 3 1 1 2 2 1 2 2 2 3 138 8 7 2 2 2 1 21 3 1 17 1 3 3 4 1 2 1 4 1 1 2 4 2 2 2 3 8 2 3 1 5 4 5 2 2 170 2 9 2 5 2 1 1 2 13 3 336 1 1 1 1 1 2 3 2 1 3 1 4 5 5 2 7 6 2 1 1 2 2 2 1 2 1 42 15 2 8 2 3 2 5 1 2 1 2 2 2 2 5 2 2 2 3 1 1 10 3 2 12 1 1 5 2 2 3 2 2 7 2 1 1 13 3 2 7 1
1 2 2 1 3 5 1 3 3 2 1 7 1 3 2 2 9 2 3 2 2 4 3 4 4 9 1 7 1 3 1 2 2 1 2 1 2 99 2 1 1 2 1 2 2 1 7 6 8 1 1 4 1 2 10 2 1 1 4 12 3 2 1 3 3 1 9 4 2 8 2 5 1 2 1 4 2 1 1 22 202 1 2 6 69 2 1 3 17 1 11 2 1 2 27 3 1 2 1 1 21 2 1 1 1 1 1 1 2 1 3 4 7 2 4 33 26 2 5 6 4 2 8 1 5 2 1 8 6 2 1 8 2 1 2 3 1 1 2 2 1 2 1 3 1 1 1 1 1 2 2 5 3 7 1 2 3 12 1 3 2 3 24 58 1 2 1 1 4 7 2 8 1 1 4 2 5 1 5 1 3 3 2 3 6 1 69 2 2 1 2 1 8 3 10 2 6 3 1 2
1 1 137 1 2 1 9 1 1 7 2 1 44 1 2 2 3 12 14 1 1 9 13 1 1 1 2 1 4 4 5 2 1 1 1 9 7 1 1 2 5 1 3 3 24 1 55 1 1 2 2 4 2 2 2 1 1 1 2 3 2 6 2 2 1 10 2 15 2 1 3 9 12 1 1 1 5 1 2 2 3 1 245 2 2 2 2 1 3 12 4 1 25 2 1 2 1 1 6 2 2 1 4 2 1 4 11 1 15 1 15 1 9 3 1 2 3 1 1 5 1 2 5 2 22 1 1 1 2 1 7 2 2 9 2 1 1 2 2 4 1 2 5 1 3 5 1 3 3 8 1 2 2 2 5 2 20 15 3 1 3 8 2 2 1 1 2 2 1 2 2 385 2 7 1 1 1 11 1 13 2 1 1 2 5 2 7 4 22 3 2 14 3 3 2 1 1 1 1 1
3 2 1 13 6 5 1 3 2 2 1 1 1 1 7 4 2 10 2 2 2 1 1 130 4 2 4 3 2 2 3 18 1 1 4 2 6 10 4 1 1 15 3 4 2 1 1 2 4 1 3 7 2 1 3 2 5 2 2 1 3 1 3 3 2 1 2 8 14 3 2 1 1 1 2 1 1 15 146 1 3 2 3 1 2 2 2 3 2 1 3 6 2 5 2 2 1 6 1 3 2 30 2 1 2 1 6 20 3 7 3 1 2 1 33 3 1 1 2 3 2 1 1 3 2 7 2 4 1 1 6 24 17 2 5 2 1 6 2 1 48 1 3 1 19 13 2 1 1 1 4 5 10 5 1 10 4 157 1 6 2 3 1 19 1 1 1 3 5 9 2 10 14 3 7 10 1 3 2 1 6 5 3 2 2 1 1 1 6 2 2 1 10 2 1 1 3 20 12 5
6 1 1 2 1 1 2 3 2 3 2 2 100 1 2 7 6 5 3 44 1 16 84 3 3 7 2 2 2 1 3 2 7 1 1 3 2 11 5 1 3 2 1 2 5 3 7 2 2 4 263 1 3 1 1 1 1 3 1 1 4 4 2 3 1 1 2 2 3 2 2 5 1 15 4 5 4 2 5 7 2 1 1 7 4 9 1 1 22 6 5 3 1 25 2 2 2 13 1 9 2 3 1 2 7 17 2 31 2 1 2 17 5 1 1 9 1 1 1 1 1 5 3 1 2 9 3 6 3 1 9 4 26 5 2 5 2 2 2 39 19 1 2 3 4 3 1 2 10 3 10 5 3 8 2 3 2 3 4 2 1 2 4 1 1 2 1 2 3 2 7 1 1 1 2 6 4 1 4 3 1 2 1 2 1 2 2 4 6 2 6 1 2 4 2 2 3 2 1 4
2 1 2 8 4 33 1 2 1 2 1 3 6 2 4 2 2 1 2 1 2 1 6 25 1 2 26 6 2 2 2 1 1 5 6 1 6 53 6 1 1 1 4 1 21 5 5 1 9 1 2 3 5 4 2 2 6 1 3 3 6 2 3 52 1 1 1 56 1 5 1 2 4 4 1 1 7 2 1 2 1 1 5 5 3 1 1 5 3 1 3 1 1 13 2 23 2 1 1 3 2 5 2 1 2 2 2 3 3 5 1 3 7 1 1 1 13 2 1 2 1 2 2 6 2 1 6 2 1 1 3 2 1 1 2 1 3 5 3 1 1 1 1 2 1 1 3 1 1 6 55 8 1 11 7 5 1 2 9 1 5 6 39 2 1 7 2 2 3 3 1 1 5 2 2 4 2 3 3 1 5 5 2 1 189 5 1 1 1 1 2 3 6 1 11 1 1 2 7 1
6 3 22 4 4 22 2 1 6 3 3 1 21 1 1 3 1 1 2 4 5 1 2 1 1 4 2 2 2 1 1 1 2 4 1 1 2 4 8 2 1 24 2 2 1 4 63 2 2 2 3 8 1 2 1 2 1 1 3 4 8 3 3 2 1 3 1 1 3 1 1 2 3 29 1 2 2 1 3 2 11 4 1 2 8 2 3 3 7 7 4 2 2 2 4 4 4 4 2 8 1 2 1 2 5 1 3 2 7 1 2 6 1 1 21 1 3 2 2 1 80 1 32 3 1 5 41 2 2 2 5 3 1 2 1 1 4 4 3 1 9 4 1 2 5 3 1 8 7 1 1 1 1 2 13 8 1 2 1 1 2 1 2 4 4 21 1 1 1 4 2 3 2 2 3 21 20 2 3 1 6 2 2 4 2 5 3 1 1 1 2 4 1 1 2 2 8 2 1 7
2 30 2 1 5 2 5 1 11 1 1 2 11 42 1 2 1 1 7 5 3 2 3 18 9 3 3 3 2 1 23 3 1 7 3 6 1 1 1 1 1 2 1 1 4 104 2 4 1 15 2 1 2 3 7 2 2 2 10 2 3 2 4 2 1 3 2 7 2 2 1 26 1 2 2 8 2 1 18 1 1 2 2 3 2 1 7 5 8 39 1 2 1 1 5 1 4 5 7 64 5 1 16 1 6 4 1 4 1 2 3 1 7 5 2 73 1 5 3 1 2 6 1 4 2 1 1 2 2 1 2 66 18 1 3 2 5 2 2 2 3 2 1 2 2 2 1 1 2 2 1 2 1 2 2 1 11 1 1 1 4 1 1 1 1 1 4 1 3 1 6 1 7 6 2 11 1 189 1 1 2 2 1 4 2 1 2 14 4 4 2 2 1 2 3 8 1 3 4 2
12 12 2 36 2 2 2 2 7 1 5 2 2 1 1 5 1 2 2 2 1 2 1 15 3 1 5 1 5 3 5 40 1 3 1 2 1 5 1 1 3 1 3 1 1 2 2 1 1 1 3 1 2 3 1 1 1 2 1 2 1 1 2 5 2 2 1 1 1 3 2 1 10 4 10 2 3 3 1 1 6 1 2 3 3 2 3 5 1 8 10 12 1 5 2 4 2 3 8 2 1 40 4 2 1 2 2 4 2 11 10 4 1 3 5 5 2 2 3 4 3 2 1 1 3 6 1 4 1 52 1 3 1 1 1 2 7 1 1 7 1 8 2 5 1 1 4 8 1 1 1 1 15 4 29 15 55 1 1 13 1 1 1 7 5 1 1 10 1 1 2 11 1 11 2 1 1 44 1 4 1 2 109 2 2 6 2 1 2 2 2 1 4 1 3 3 16 3 1 1
4 8 2 12 2 2 2 11 1 1 1 2 1 5 2 2 2 2 2 1 1 7 2 13 1 3 1 5 8 18 1 1 45 1 3 3 2 8 3 4 1 22 1 2 1 2 2 1 1 3 2 1 1 2 1 6 13 52 29 1 2 3 11 1 1 2 1 2 5 2 2 2 2 7 1 4 1 3 2 5 2 2 1 1 132 1 1 2 2 2 71 4 2 2 1 2 1 3 1 9 2 25 31 2 1 4 6 2 1 4 1 2 2 3 1 2 1 2 4 1 1 1 1 1 2 1 6 1 2 5 1 7 2 1 2 5 4 1 3 1 1 1 4 10 1 1 2 9 1 20 5 46 2 10 4 3 1 4 5 14 15 4 3 2 2 12 1 3 1 2 1 3 1 1 1 6 2 21 2 2 1 1 1 1 2 4 23 1 1 4 7 2 2 2 1 2 1 2 2 2
16 1 1 1 87 14 8 2 60 9 2 15 2 8 17 13 2 4 3 1 1 4 3 12 2 3 2 1 1 1 4 1 4 8 3 1 2 2 1 1 2 1 1 1 75 1 1 3 3 1 73 1 2 1 2 5 2 4 3 3 5 2 2 19 1 3 3 2 2 1 2 1 10 1 3 3 1 1 3 5 1 2 14 5 2 2 2 33 1 2 1 2 5 1 1 1 2 1 2 2 3 2 3 2 1 1 3 2 8 1 2 1 3 3 2 1 4 3 1 1 4 1 2 3 1 4 2 9 1 3 1 2 26 1 2 1 1 18 25 1 2 8 1 4 1 2 3 2 25 1 1 1 6 3 2 3 1 3 1 1 2 1 3 2 3 6 2 2 2 2 1 3 4 5 3 2 2 1 3 1 1 1 1 1 2 34 2 1 2 1 2 2 9 4 7 1 1 1 1 1
6 1 1 5 7 3 2 1 3 7 2 1 3 26 10 3 1 3 1 1 14 2 2 2 7 1 3 2 6 59 142 8 1 16 2 37 2 1 1 1 3 5 7 2 4 1 1 2 8 5 1 2 1 264 1 1 3 3 2 2 1 1 3 2 4 1 19 5 2 2 18 4 2 30 1 1 2 2 26 22 2 9 13 1 2 2 3 4 2 1 3 2 1 2 1 4 2 1 1 1 1 2 2 1 2 2 1 1 7 2 1 4 15 1 5 2 3 2 3 7 5 9 6 2 2 1 1 1 20 8 19 1 9 3 1 11 3 26 1 8 2 1 2 2 5 9 2 1 2 1 1 2 23 3 4 5 2 2 1 2 1 1 1 17 5 1 8 2 8 3 1 1 1 4 1 2 2 1 14 2 8 2 4 1 1 9 2 1 1 1 1 7 1 1 1 473 1 12 1 1
7 7 3 2 1 65 2 5 1 2 1 2 1 3 1 4 3 2 9 2 15 1 2 2 1 1 2 2 3 2 2 1 2 1 3 7 18 1 2 1 2 1 1 3 1 1 1 7 1 2 7 2 4 2 5 2 1 6 1 3 4 4 2 1 1 1 2 4 5 3 3 1 1 1 1 2 1 1 1 1 14 3 2 4 2 1 4 3 40 1 3 1 4 2 1 2 4 2 6 1 9 2 1 1 4 5 2 1 16 4 2 1 1 1 2 1 1 3 3 1 1 2 1 1 1 3 1 1 1 1 1 2 1 16 12 1 2 2 2 1 1 6 3 1 2 1 1 4 2 18 16 13 3 3 8 17 1 1 3 2 1 3 3 1 1 4 1 1 2 1 3 3 3 2 1 2 8 1 1 3 1 3 4 3 11 4 2 1 1 3 3 2 1 3 1 2 1 4 171 3
1 1 4 1 4 2 2 5 2 1 2 2 1 2 5 1 4 11 7 1 2 2 2 1 3 2 2 2 2 2 2 1 1 85 3 3 2 2 15 10 1 2 1 2 1 9 3 4 1 4 3 10 2 1 2 3 8 1 3 7 1 1 1 13 2 5 1 2 1 139 4 5 1 1 3 1 8 4 2 1 9 2 2 2 1 1 2 2 2 2 8 4 1 1 8 2 2 95 1 6 3 2 2 11 2 1 7 2 2 2 2 3 1 2 1 1 1 2 1 5 2 3 4 3 2 20 1 1 8 2 1 2 2 1 2 1 8 4 1 1 92 3 1 2 3 1 1 2 1 2 14 4 5 1 80 5 8 1 3 1 3 4 10 11 1 8 2 2 1 2 6 1 2 3 8 1 1 2 3 2 1 2 6 1 2 2 1 1 1 11 3 2 2 42 1 2 4 2 1 4
1 1 1 1 2 3 1 2 1 2 1 1 2 5 1 1 1 5 1 86 140 1 3 1 2 32 5 338 4 4 1 10 1 3 2 2 2 1 4 2 21 1 2 2 64 1 4 2 2 2 26 119 2 2 1 2 3 3 4 5 1 1 12 2 1 1 2 3 2 1 4 1 1 1 2 1 3 13 1 2 3 3 2 12 2 1 6 4 1 4 3 1 58 1 3 2 2 2 1 1 47 3 1 20 3 3 23 2 1 28 3 3 2 2 4 52 3 3 1 10 5 2 2 2 2 2 2 1 1 4 1 2 1 2 2 1 4 2 2 2 1 2 1 2 3 32 1 2 1 2 1 2 2 3 13 1 33 7 1 11 2 3 21 2 1 2 3 18 3 6 8 1 1 17 2 2 2 6 2 2 1 1 2 1 1 2 1 3 1 1 1 1 2 3 1 7 6 2 1 24
2 1 1 7 1 2 2 2 2 1 1 19 3 9 34 2 5 3 2 1 2 5 1 2 1 2 3 2 1 1 1 2 2 7 2 11 5 4 1 1 6 2 6 2 1 2 3 1 2 2 1 3 3 1 3 2 1 1 1 4 1 1 6 44 2 3 1 24 2 4 1 30 31 6 1 21 2 1 3 16 1 3 5 35 5 1 2 2 3 1 1 2 1 1 31 5 2 1 2 2 3 26 4 3 2 2 127 2 237 10 1 7 1 2 1 3 2 2 2 8 3 2 5 2 15 2 2 2 2 4 1 2 12 1 1 2 6 1 1 18 2 1 1 1 1 1 3 1 1 3 54 5 1 10 1 11 2 1 9 2 2 7 2 6 1 2 2 2 2 3 3 1 77 1 9 3 2 2 1 1 2 3 1 11 2 1 6 2 1 2 3 1 6 2 1 15 1 4 2 5
1 1 3 1 7 2 2 5 40 1 2 24 1 1 3 2 1 5 2 19 1 1 2 2 3 1 2 2 1 1 2 5 1 2 2 1 2 1 2 2 2 2 4 2 5 1 2 2 73 2 34 1 1 2 3 2 1 29 6 1 6 2 4 2 3 2 7 2 2 2 2 1 2 2 8 4 2 2 3 2 6 1 3 4 2 2 10 1 2 1 2 2 7 5 2 20 1 3 2 42 1 1 1 1 2 2 6 4 3 45 1 2 1 11 3 10 8 6 2 123 1 1 7 1 5 43 8 2 1 3 2 1 2 4 1 3 1 1 7 3 3 1 3 2 3 1 1 2 1 3 1 4 5 3 1 1 2 2 1 3 1 4 1 3 4 1 7 3 2 1 1 2 16 1 1 2 17 2 2 1 2 86 2 2 2 13 8 3 12 15 2 1 2 2 9 1 2 1 1 2
2 3 3 1 10 2 1 2 4 2 3 13 1 12 1 2 1 16 2 2 23 1 1 2 1 1 1 1 2 3 1 1 11 1 1 2 2 2 3 1 18 1 3 1 3 1 4 8 1 2 2 1 1 1 2 1 1 286 11 2 2 2 2 6 1 2 1 4 2 1 1 4 4 1 6 2 5 1 207 1 7 15 7 1 10 1 1 4 2 1 1 3 4 3 1 1 1 1 1 1 1 1 1 4 1 4 1 2 6 4 2 1 1 9 1 2 2 3 2 2 2 1 4 1 1 1 4 9 1 2 2 4 1 2 1 2 2 4 1 3 2 2 2 3 1 9 2 4 3 1 3 52 2 7 13 1 3 3 2 3 1 5 3 1 2 2 2 13 1 2 1 13 25 1 7 57 2 1 4 16 2 4 1 18 1 1 3 2 2 47 2 1 1 1 1 5 1 2 3 2
5 1 2 5 4 14 16 5 9 3 2 2 39 2 8 2 1 24 1 1 2 2 2 3 1 1 2 1 5 2 6 3 3 2 2 14 2 3 3 6 2 4 1 1 2 2 2 1 1 16 5 23 2 1 2 1 1 1 1 4 180 1 2 2 13 2 3 2 2 3 4 1 1 1 1 2 1 3 1 1 3 1 3 1 2 3 1 7 13 2 1 1 3 2 3 5 24 1 2 82 18 5 2 8 1 3 1 1 1 1 7 2 1 1 13 1 7 2 1 1 2 4 1 2 6 2 3 2 2 11 4 2 2 3 9 4 163 11 1 1 1 2 1 3 11 4 2 11 6 40 1 1 2 1 1 73 3 2 2 6 2 2 1 1 1 1 1 1 1 2 6 156 1 3 1 6 4 5 2 4 2 2 2 1 3 2 3 1 3 2 5 2 2 2 65 3 1 1 1 1
7 2 2 4 19 1 3 2 2 1 3 3 1 1 5 1 2 1 1 11 1 2 9 6 1 6 1 2 55 3 3 1 1 2 1 1 2 2 8 2 1 2 1 7 1 2 2 2 18 10 14 2 2 1 1 1 1 1 2 3 8 3 2 2 2 36 1 2 3 3 1 1 2 5 1 4 2 4 3 2 1 4 1 3 1 1 1 2 1 3 2 10 2 3 5 1 2 3 1 2 6 2 2 5 3 3 2 29 1 1 6 4 1 1 2 2 2 7 8 32 1 1 1 8 3 9 1 2 2 5 2 1 6 5 1 5 1 7 2 2 16 3 2 2 1 1 2 3 1 6 9 37 32 2 27 1 1 17 2 1 1 1 2 3 1 1 39 2 1 4 3 94 7 3 4 1 1 7 392 13 2 2 2 1 1 6 1 9 1 1 3 3 43 1 2 1 2 3 6 2
1 1 1 1 1 4 5 1 2 2 2 1 3 2 2 1 1 1 30 4 1 1 1 2 2 3 10 4 29 3 1 20 4 7 1 1 5 1 1 1 1 1 2 5 1 1 2 1 16 1 3 1 8 1 4 2 1 1 1 2 2 1 8 6 19 1 3 20 1 1 6 3 4 4 4 3 1 2 2 3 1 36 2 1 2 1 2 1 4 1 2 1 1 17 1 1 1 1 4 2 1 1 2 1 9 1 1 9 8 3 7 2 2 2 3 4 1 4 21 1 2 2 1 1 25 1 1 23 2 6 2 1 4 2 28 2 2 3 27 19 2 1 21 3 2 2 1 1 1 2 1 17 2 1 5 5 1 7 1 1 3 1 2 2 7 4 2 6 1 4 15 1 2 31 1 1 1 2 1 4 1 2 6 4 2 1 3 1 6 3 3 1 1 2 3 1 13 1 1 1
1 1 1 1 2 2 5 8 3 2 2 10 2 1 1 2 4 23 2 1 2 2 1 1 10 2 1 2 8 168 2 3 3 9 1 101 2 2 10 1 6 1 4 1 1 1 2 2 2 1 2 3 3 2 1 1 25 1 1 1 1 5 12 9 4 1 2 1 1 2 1 9 1 14 2 1 3 6 1 1 26 1 13 18 1 9 5 24 21 1 1 3 3 6 2 2 1 1 2 6 1 2 1 3 1 2 5 2 3 27 13 1 3 1 1 2 1 1 2 4 1 14 2 1 1 4 2 7 1 2 1 1 1 1 6 2 2 8 1 2 1 1 1 3 2 3 4 2 2 2 1 1 5 1 1 2 1 2 1 1 3 2 3 4 5 3 1 2 3 2 1 8 2 3 3 1 1 3 1 1 2 2 14 1 1 2 1 1 2 15 1 2 1 2 2 4 3 1 3 4
4 2 2 4 7 7 2 3 6 2 2 10 2 11 2 6 1 4 5 3 2 3 2 2 3 2 1 4 1 2 6 1 3 2 2 2 1 1 2 3 1 2 1 2 1 1 1 1 3 1 2 6 2 3 1 2 5 2 10 2 2 2 22 17 1 4 4 1 1 35 3 3 1 3 7 2 2 3 4 1 4 2 9 2 2 1 2 3 1 1 1 12 10 1 2 1 2 6 5 2 4 1 1 1 2 11 2 1 4 2 2 6 2 1 1 1 3 2 1 23 3 3 2 2 2 2 1 1 10 3 1 7 7 2 2 2 2 1 31 2 3 1 6 2 1 6 2 1 1 1 4 7 3 2 4 3 1 3 1 3 4 1 7 3 2 2 27 1 4 2 3 1 2 4 3 1 1 3 3 1 2 1 1 1 1 1 3 6 95 3 1 1 11 25 2 1 4 1 1 4
1 3 2 6 2 2 4 2 1 7 2 2 1 2 3 1 1 2 3 5 3 6 3 1 2 4 5 2 1 2 6 12 4 2 5 1 10 1 5 3 1 2 3 2 1 1 5 1 2 3 6 1 1 16 1 2 1 4 2 1 2 2 2 2 1 3 39 1 1 1 3 2 1 8 12 1 2 1 13 1 3 2 1 33 3 6 21 1 65 1 3 1 1 2 4 1 4 1 2 1 3 7 2 1 3 3 1 1 3 1 1 1 19 1 2 1 2 1 1 2 3 10 4 2 6 2 2 1 1 2 2 2 1 1 1 10 6 1 10 2 5 2 1 1 1 1 3 1 1 8 2 3 2 2 2 1 1 1 1 2 1 3 9 2 4 1 2 1 1 2 1 3 2 2 1 2 6 5 3 3 2 41 130 12 2 2 1 34 2 17 4 1 21 1 1 1 2 3 1 1
7 16 2 4 2 4 2 1 1 4 6 2 1 1 2 2 1 17 1 2 1 3 1 1 7 1 3 1 2 1 2 1 4 2 3 15 1 12 5 4 2 1 12 2 8 2 2 2 1 2 3 3 1 4 2 2 5 2 6 2 2 1 2 10 2 2 1 4 20 4 20 43 5 1 2 1 1 3 2 1 1 1 2 4 2 5 96 2 4 27 4 1 1 3 3 2 5 1 1 2 2 2 2 2 2 2 1 1 14 2 1 56 2 3 3 3 2 1 2 1 2 1 1 7 2 7 3 6 3 43 1 4 43 1 4 2 4 5 3 3 3 17 2 4 2 15 2 6 2 6 1 4 14 2 3 1 2 12 3 4 2 3 2 4 1 2 2 2 473 1 2 2 3 1 1 19 2 2 3 1 1 2 4 7 5 5 1 73 2 1 3 1 4 2 1 1 3 4 1 7
1 3 18 2 3 2 5 1 3 1 2 1 5 2 1 1 2 1 1 4 1 9 22 2 3 3 2 5 10 1 21 3 1 3 1 7 2 5 3 3 15 1 1 3 2 1 1 1 14 1 3 1 1 2 8 1 3 2 1 2 22 2 10 1 2 1 4 6 2 1 1 2 1 2 1 4 2 2 1 1 1 2 1 1 3 2 1 2 25 1 12 1 13 2 2 2 3 1 1 6 2 11 2 2 2 7 1 91 5 2 3 1 1 2 2 1 5 1 2 2 2 1 2 2 5 26 1 1 29 2 4 2 2 1 5 4 2 1 1 1 2 5 3 1 5 3 1 2 6 3 3 2 1 1 2 7 3 5 17 1 1 1 1 2 7 2 1 1 5 2 2 1 11 1 3 2 2 6 1 4 1 4 1 3 3 3 1 3 5 4 2 7 2 2 1 1 4 6 5 2
1 8 21 7 4 13 3 1 2 1 6 2 1 10 126 7 1 2 1 1 3 2 1 1 3 1 1 2 8 2 37 3 76 2 6 7 13 1 2 1 2 6 1 2 2 2 8 2 10 2 3 2 1 2 2 1 2 1 2 2 1 4 12 3 2 2 2 2 1 1 5 1 1 1 1 56 2 3 9 2 1 1 24 5 1 5 6 2 4 1 1 2 7 7 1 2 1 1 2 68 3 2 3 3 4 1 1 4 3 2 12 1 1 1 1 1 3 1 2 2 1 1 2 1 2 4 2 8 1 11 1 2 11 1 12 1 5 2 129 38 3 2 2 1 2 1 3 2 1 3 2 1 1 1 6 1 10 3 2 10 3 1 2 7 3 23 3 2 1 3 3 3 2 1 15 2 2 2 1 2 3 2 6 1 9 3 85 223 11 2 40 3 3 8 2 2 2 1 25 5
2 173 1 23 2 2 1 2 2 1 1 3 6 1 1 1 2 3 18 2 2 7 2 1 1 2 3 2 1 4 2 2 4 1 14 4 5 1 1 6 2 3 11 3 3 1 2 7 1 3 1 3 2 1 1 2 1 5 2 3 4 1 3 42 3 6 1 1 1 14 1 2 2 4 2 1 4 3 1 3 5 2 3 7 1 23 1 1 1 208 1 2 1 5 1 2 5 3 1 1 1 2 2 7 1 2 2 2 9 1 3 2 1 2 3 2 1 2 1 1 13 1 30 2 1 7 4 11 4 1 1 1 3 1 2 3 1 7 3 2 2 8 5 4 2 10 1 18 8 2 1 15 2 2 1 1 2 1 1 6 4 1 2 2 2 2 1 1 5 2 3 2 1 1 1 1 1 1 1 5 8 1 1 15 2 3 1 1 1 2 2 33 2 4 2 1 2 3 12 4
1 12 1 1 111 3 1 2 11 1 4 1 9 1 3 3 3 1 2 6 3 2 1 1 9 1 1 2 1 3 2 1 1 2 1 3 1 5 20 1 1 9 3 4 2 2 1 1 1 2 2 1 6 2 2 19 1 2 2 3 2 2 2 7 2 14 2 1 6 3 2 1 23 3 3 3 7 6 9 2 1 1 1 2 2 3 2 1 3 1 6 3 5 11 3 1 2 1 5 2 1 3 1 7 2 1 1 1 1 1 1 2 1 1 1 53 1 18 4 2 1 6 1 2 1 1 2 1 93 3 3 9 1 3 4 1 7 5 2 2 3 5 1 2 1 2 9 7 3 4 2 1 2 1 6 1 3 1 3 4 2 3 2 2 8 2 2 26 1 17 46 4 2 2 9 4 1 2 15 3 3 1 3 1 1 13 2 2 4 1 28 3 1 3 1 1 1 1 3 1
1 2 7 2 2 1 1 1 2 3 2 2 1 2 1 14 3 14 3 1 2 11 1 3 8 1 8 6 3 8 4 4 16 3 6 4 8 2 2 3 4 2 1 3 8 1 2 2 2 1 2 2 1 2 2 1 8 1 5 1 13 1 5 1 2 3 1 3 2 2 5 3 2 1 2 1 2 2 6 1 1 1 2 2 2 1 110 4 1 2 1 2 3 5 2 1 6 2 1 6 4 1 5 3 18 5 1 6 1 1 4 2 3 17 1 4 1 2 1 77 2 5 2 2 5 20 1 8 1 2 9 1 1 10 2 2 6 2 1 1 9 2 4 4 1 1 3 1 3 2 1 2 4 10 2 1 2 1 2 2 2 1 2 67 4 2 1 1 4 1 2 172 1 2 1 1 4 2 1 2 3 1 1 17 1 2 6 1 2 1 2 2 2 2 2 2 3 5 20 1
2 2 3 2 13 1 2 1 1 16 30 1 2 33 2 9 3 1 2 23 1 11 1 4 2 1 5 2 23 1 2 1 5 5 3 1 1 1 1 3 2 2 2 1 2 1 4 2 1 1 1 2 1 1 2 2 6 5 3 2 1 1 1 2 1 1 2 2 9 4 4 1 15 2 2 2 1 3 2 2 2 2 1 1 4 1 1 2 2 3 1 1 2 8 3 2 2 4 2 2 3 2 2 3 2 1 8 2 1 9 2 4 1 1 2 2 4 3 2 2 1 1 2 2 1 1 5 1 2 1 1 15 2 1 6 1 3 1 5 2 1 1 1 55 1 2 5 2 160 2 1 9 6 11 3 53 2 34 2 3 20 2 2 2 1 3 2 4 2 3 2 3 2 1 1 2 3 2 1 1 1 3 2 4 3 2 1 3 9 2 2 3 1 1 4 1 1 6 2 24
9 3 1 3 1 1 2 1 23 8 3 3 2 1 6 2 2 1 2 3 1 5 2 2 1 1 5 1 3 4 2 1 2 5 31 6 4 3 2 1 1 1 33 2 3 1 2 1 1 3 3 3 2 3 4 1 316 1 1 5 2 2 1 4 73 5 1 1 1 3 1 2 29 6 1 2 3 10 1 6 1 2 2 1 4 4 2 4 5 2 2 2 5 5 1 1 2 1 1 3 1 2 1 1 12 7 1 6 2 8 2 1 3 2 3 11 1 1 1 1 2 2 1 6 1 4 2 3 5 1 2 1 5 1 1 3 4 2 1 3 1 2 2 3 3 36 3 21 2 1 1 2 1 1 3 3 2 2 116 1 2 3 22 10 2 1 1 1 1 1 4 2 3 2 1 59 2 4 9 1 1 3 1 2 4 15 2 1 9 2 1 3 4 3 1 2 1 75 14 1
1 1 2 2 2 3 3 1 7 3 5 4 1 1 7 1 2 2 1 2 3 2 1 12 1 2 4 4 2 1 2 2 9 4 5 2 15 2 1 1 1 2 10 2 4 8 1 3 1 6 4 2 5 6 2 2 2 1 10 6 2 1 1 6 1 1 1 10 1 1 2 8 15 2 2 3 14 2 2 3 1 2 1 2 2 8 1 2 2 1 37 3 1 1 1 2 6 4 1 2 1 1 1 2 4 1 2 3 3 1 1 1 2 2 2 1 3 1 1 6 2 4 4 4 2 2 29 5 1 11 3 16 6 2 4 1 1 1 14 5 1 1 1 1 13 1 18 1 1 3 3 1 2 1 4 2 1 4 1 3 2 3 1 1 3 1 3 16 1 1 6 5 1 1 2 2 5 1 4 5 2 13 1 2 2 11 4 1 1 5 5 6 4 1 2 1 2 3 1 1
1 2 2 2 2 3 1 2 2 52 2 2 2 24 2 4 10 2 2 12 3 2 25 1 18 1 2 1 13 2 1 5 1 1 2 2 1 61 2 2 1 2 1 6 1 4 1 1 1 3 1 1 1 43 7 1 5 3 2 39 29 6 19 1 1 4 10 7 1 41 4 1 3 2 9 2 2 2 1 10 3 1 3 1 2 3 1 2 10 4 1 2 2 1 5 2 1 1 6 2 3 4 1 7 1 1 3 3 3 1 2 5 14 1 5 3 1 2 3 1 2 1 5 3 5 2 10 4 3 6 1 5 2 1 15 2 1 1 2 1 1 3 2 4 7 5 1 2 4 1 3 3 10 9 1 6 3 2 2 3 1 3 1 3 10 1 1 24 2 1 5 1 1 2 1 1 3 2 3 10 3 4 1 2 2 1 2 1 1 3 1 15 11 2 7 1 2 1 29 5
2 1 2 5 1 1 2 7 1 1 285 1 5 2 4 15 6 1 4 5 1 7 27 2 1 1 2 30 1 2 4 227 5 6 2 2 11 9 3 3 1 1 1 1 2 2 3 9 1 1 1 3 2 1 2 1 2 4 1 3 1 1 1 6 1 1 56 1 2 3 2 1 2 2 1 1 5 1 2 2 1 6 1 16 2 1 1 2 2 11 1 1 3 3 6 3 2 3 1 1 5 1 86 2 1 2 1 1 39 2 4 2 2 4 1 1 1 4 2 2 5 2 19 2 1 1 1 5 2 2 5 4 1 14 1 1 2 75 2 1 11 4 2 1 1 1 9 3 2 2 1 1 2 3 41 5 3 6 1 1 1 7 1 2 3 3 17 3 2 1 2 2 1 1 2 1 5 8 16 9 2 2 2 2 2 1 1 6 3 1 2 1 3 1 1 4 1 2 1 1
5 20 1 9 2 1 4 5 4 1 2 1 4 3 2 5 50 2 3 3 4 1 12 2 14 17 1 1 2 1 8 48 15 1 2 5 3 2 1 2 3 2 1 3 3 1 31 34 8 4 1 38 2 4 2 2 1 3 54 1 1 1 2 57 304 6 2 3 2 3 1 1 4 3 5 67 2 3 3 2 3 1 4 2 2 1 1 1 1 1 5 1 5 2 1 2 3 3 1 5 4 1 2 3 2 1 1 1 1 2 3 2 2 4 15 3 5 2 4 4 91 5 2 2 1 2 2 1 1 5 2 1 2 1 3 2 2 2 2 1 2 2 5 2 1 2 2 2 5 1 16 3 2 3 1 1 1 2 1 7 2 4 1 1 1 3 4 7 26 1 1 51 1 5 1 2 1 5 3 2 1 4 15 4 3 3 3 2 2 6 3 1 5 2 6 7 4 12 7 2
3 2 2 4 1 2 2 2 6 12 2 1 4 2 7 2 2 1 4 1 5 2 1 1 6 14 1 3 1 1 2 1 4 5 2 1 6 1 2 4 1 1 4 1 4 8 3 2 2 3 2 10 4 1 3 1 4 4 2 1 2 2 2 2 1 4 1 1 1 5 13 2 2 4 1 1 2 2 1 3 7 1 1 2 2 1 1 2 7 9 6 2 8 3 2 1 6 3 8 1 6 2 4 4 2 2 1 2 7 2 4 4 3 1 4 3 1 1 1 2 2 6 2 5 1 1 19 3 10 2 1 13 1 1 2 4 2 2 2 4 1 1 2 23 3 1 2 2 4 2 4 4 2 2 54 1 14 2 12 1 1 1 1 2 2 6 2 1 20 1 2 2 2 2 2 7 1 1 469 1 9 2 2 1 2 3 2 1 2 14 4 2 2 2 2 10 15 1 1 3
1 10 10 1 1 16 1 1 2 1 1 3 2 2 2 1 1 1 1 2 2 1 1 4 1 1 2 4 8 1 5 17 1 1 4 4 2 7 2 1 11 4 3 6 14 2 2 3 2 2 5 10 3 1 3 21 1 2 7 5 1 10 2 2 2 4 1 1 1 4 4 6 2 1 2 2 3 5 3 8 2 2 33 7 1 5 1 12 2 3 2 1 4 1 1 3 1 9 1 1 1 6 1 1 7 2 1 1 2 1 2 19 2 69 2 2 4 3 2 1 3 1 4 7 1 2 1 1 2 2 34 3 15 28 1 3 1 3 1 2 2 8 14 2 3 1 2 6 6 8 3 15 1 3 3 5 1 25 2 85 1 2 1 2 1 1 7 2 1 1 9 4 1 2 3 2 15 2 8 2 1 1 1 2 2 2 142 2 3 4 1 4 1 4 3 27 1 1 2 1
1 4 1 2 16 3 2 1 5 1 2 1 1 1 4 1 2 7 1 2 1 5 77 2 1 1 2 5 3 1 4 4 3 1 3 2 1 1 156 1 19 1 4 2 3 56 2 5 9 3 1 1 3 201 5 3 4 1 1 2 2 5 1 1 3 12 1 7 2 193 8 19 1 1 1 1 2 3 1 24 1 5 2 14 1 2 2 1 1 2 2 1 2 1 2 16 36 1 3 1 5 1 15 1 2 1 2 1 3 3 2 2 1 1 1 1 8 3 1 1 2 1 1 2 2 2 1 10 1 1 1 6 3 1 8 2 1 7 3 2 3 1 9 5 1 2 8 2 5 1 8 1 2 53 2 1 1 19 5 1 1 4 2 2 5 1 3 53 7 3 4 2 6 2 1 2 1 2 8 1 14 1 1 2 9 1 2 9 2 2 3 1 1 1 2 2 11 4 5 22
1 2 1 2 4 7 6 48 1 88 3 1 1 7 3 1 4 3 2 9 7 1 3 1 1 5 2 1 3 1 2 1 1 2 1 5 2 1 2 3 2 12 2 5 2 2 3 4 2 1 2 1 1 2 1 2 3 1 9 2 2 5 2 1 2 3 4 2 2 2 1 14 2 14 1 2 2 1 3 1 18 30 2 2 3 2 1 3 12 1 3 1 1 3 10 2 15 16 2 4 1 3 3 4 38 1 1 2 2 1 1 6 1 4 5 1 1 1 2 1 2 3 21 1 2 2 3 5 2 1 3 2 1 10 6 1 2 2 1 3 31 1 11 4 3 3 2 1 3 1 13 4 1 3 7 10 3 4 2 1 1 1 2 2 1 2 2 1 1 2 1 1 1 6 14 15 5 2 1 6 1 1 2 497 5 1 2 1 2 19 5 6 2 4 1 1 8 22 1 3
2 2 70 2 1 2 1 1 1 6 2 3 2 3 1 1 1 1 1 1 31 2 2 2 1 3 1 1 6 1 1 1 2 1 5 12 2 1 1 2 4 3 2 3 1 2 2 1 4 1 2 2 5 1 1 1 2 4 1 1 3 1 2 1 1 2 6 1 1 7 4 1 1 2 2 1 2 1 1 1 1 30 2 5 1 4 2 1 2 9 2 2 2 1 2 4 4 2 2 1 1 1 1 1 7 2 2 1 2 2 3 8 5 2 3 1 4 3 1 1 3 4 1 1 4 4 2 1 2 1 56 1 1 2 1 1 7 1 3 6 30 1 1 4 2 1 12 2 2 2 4 1 1 1 1 3 3 8 29 6 1 1 1 2 2 2 2 1 1 2 2 12 1 2 1 1 2 1 3 5 101 3 2 1 4 1 2 5 12 3 5 1 3 1 5 2 1 1 3 1
1 2 2 1 3 2 1 1 1 11 2 2 2 1 6 2 2 2 25 2 6 1 9 1 6 2 2 2 36 1 4 3 2 6 1 14 3 20 3 3 2 2 1 26 3 1 1 1 2 1 4 1 8 6 2 1 1 1 6 3 1 37 2 1 1 1 8 2 1 2 1 1 2 4 2 1 84 1 2 1 5 6 4 2 2 4 1 2 1 1 4 5 7 6 6 21 5 14 1 2 3 1 3 2 2 2 1 1 5 1 2 7 3 3 2 1 5 1 4 1 2 5 1 1 1 4 2 7 2 2 3 1 2 2 2 3 1 3 9 4 5 1 2 2 2 2 2 3 1 3 6 1 2 6 1 17 4 4 1 1 2 2 3 3 1 1 1 1 21 1 2 1 4 5 2 15 1 1 2 2 1 6 8 2 1 2 5 5 1 3 3 2 3 3 2 3 1 51 1 1
4 4 1 5 2 2 3 2 24 2 3 1 2 2 2 1 2 2 2 2 1 2 3 2 1 1 1 2 17 2 3 1 8 11 1 3 3 1 2 2 1 10 2 1 2 10 2 1 4 2 3 4 1 2 1 2 1 1 2 2 4 3 1 4 24 9 2 1 6 1 1 1 4 3 1 1 2 6 5 145 1 2 9 13 2 8 1 6 1 2 1 1 16 5 12 1 3 1 1 2 16 10 10 1 1 2 6 1 1 3 2 4 3 9 7 1 5 1 2 1 1 2 1 1 1 1 2 3 117 8 1 3 2 6 2 14 2 2 189 2 3 1 3 1 1 6 3 3 1 10 2 1 26 1 4 3 2 3 1 2 2 7 2 1 4 1 1 1 9 9 15 1 2 2 2 2 1 1 2 1 18 2 2 1 2 3 4 2 8 5 2 6 1 1 2 1 2 4 2 7
1 15 2 1 3 5 4 3 1 8 1 1 46 6 2 1 1 1 1 1 1 2 17 2 2 2 4 4 2 5 23 1 2 1 13 2 17 2 1 2 22 2 1 1 2 1 4 1 1 3 2 1 23 2 6 7 4 3 1 1 1 1 3 4 3 18 1 6 1 2 8 3 6 16 3 1 1 1 5 6 227 6 3 1 1 14 1 1 1 9 1 7 1 3 3 33 2 13 3 109 1 2 2 2 5 4 2 1 1 1 6 19 1 3 2 1 1 8 1 3 4 9 1 4 1 1 46 1 4 21 2 2 9 2 2 3 1 1 3 2 7 2 2 5 2 1 2 3 2 1 20 2 1 2 2 1 1 4 4 2 14 2 6 8 2 1 2 1 4 3 1 4 3 3 19 4 2 2 7 1 5 3 2 1 1 2 2 2 2 1 2 8 3 7 4 1 4 1 3 2
