200
211 460 140 437 198 389 223 176 427 496 150 469 484 236 421 297 496 373 201 351 252 471 390 394 131 132 144 121 500 498 419 140 496 334 380 172 113 287 445 486 221 441 376 299 413 205 277 398 166 370 278 342 443 212 393 293 409 448 237 234 150 243 312 197 238 209 463 339 199 495 242 460 334 279 105 445 396 430 428 476 304 146 214 304 359 350 300 293 358 383 247 235 231 371 160 254 230 128 346 167 132 176 198 104 166 239 246 320 146 159 444 418 211 406 264 417 166 410 362 264 165 493 328 321 228 484 119 395 323 481 187 461 189 267 500 134 241 158 110 447 108 440 136 480 358 251 295 284 427 303 252 395 398 183 330 378 148 107 170 255 269 100 500 181 349 102 350 372 383 283 244 334 233 255 359 130 371 116 166 313 292 493 323 390 153 366 283 376 240 254 226 246 422 401 500 336 160 204 326 121
3 6 1 3 4 2 5 1 1 3 5 2 2 6 3 3 6 2 4 2 2 6 5 5 6 6 2 5 2 3 1 3 2 3 5 3 4 2 4 6 2 6 2 5 3 5 1 6 4 2 2 4 1 5 1 6 6 4 2 2 5 6 1 5 6 6 3 1 1 4 5 3 3 6 3 2 5 1 4 3 3 3 6 1 2 3 1 1 4 1 2 1 1 3 1 2 4 5 4 3 4 1 6 1 5 4 6 4 3 2 1 1 1 5 1 5 4 5 4 3 3 2 1 2 4 5 3 6 4 2 2 6 5 1 1 1 5 4 6 2 6 6 4 5 3 4 2 6 5 2 1 4 1 3 1 6 5 4 6 3 4 1 3 5 3 1 5 3 1 5 6 2 5 2 2 2 1 4 6 3 3 2 6 1 1 5 3 1 4 1 3 3 3 1 1 6 5 4 1 6
2 2 1 1 2 2 2 2 9 3 1 1 2 1 2 1 1 1 1 8 1 2 2 2 1 1 2 3 3 1 1 7 2 13 5 6 2 1 3 22 2 6 2 7 3 9 2 2 2 1 1 2 2 4 1 2 3 2 1 1 1 1 2 2 2 2 2 8 3 6 1 1 3 1 1 1 1 2 15 1 1 1 1 3 5 1 2 1 1 1 1 4 5 6 1 1 2 16 2 1 2 1 1 1 7 3 2 1 5 9 1 1 3 2 2 3 3 1 3 7 4 5 1 3 2 12 30 1 3 2 2 4 2 3 1 3 62 2 5 3 2 2 4 32 1 2 6 1 2 3 1 5 10 1 1 1 10 1 1 4 6 1 2 2 1 2 3 51 1 1 2 15 1 5 1 26 2 6 1 1 11 3 1 1 2 3 2 16 1 1 7 54 1 4 1 1 1 1 1 16
2 1 17 1 2 2 5 1 2 3 5 6 1 4 1 2 13 7 2 2 1 1 2 5 1 1 1 2 1 2 1 2 1 1 3 5 4 1 3 2 3 3 6 1 1 6 3 2 1 4 1 1 1 1 2 9 2 1 3 4 1 3 1 3 2 26 1 2 182 3 1 4 4 2 2 25 28 7 2 2 1 1 1 2 23 6 8 2 1 4 1 43 1 2 1 9 2 1 2 3 1 3 6 1 3 3 21 2 1 1 2 1 3 2 4 2 5 3 1 8 2 11 3 2 3 1 1 10 1 7 2 24 1 3 3 1 1 2 1 2 2 1 3 1 15 2 41 1 6 6 2 35 5 1 1 1 4 1 2 8 1 2 1 1 4 1 3 2 9 57 5 1 3 10 3 2 34 1 1 2 1 3 1 3 2 1 2 5 5 4 2 1 1 2 2 21 1 2 9 2
1 4 3 1 1 2 6 2 1 3 30 58 34 16 1 1 1 1 2 2 1 4 18 2 3 3 3 4 1 3 10 3 1 16 2 1 1 1 1 3 1 3 2 3 1 1 3 9 2 3 2 2 2 2 1 2 3 2 17 3 2 5 3 2 1 2 4 1 5 2 1 1 1 3 1 1 2 2 1 1 5 4 2 138 18 2 3 6 2 2 9 1 1 3 3 16 21 150 2 3 4 30 3 4 6 2 2 1 2 2 2 7 2 6 5 1 2 2 1 1 30 3 7 1 1 2 4 3 17 2 1 2 1 2 4 1 1 2 5 4 3 7 2 7 2 2 1 6 1 1 7 1 2 260 7 2 1 1 1 1 7 2 2 5 12 2 2 12 2 1 3 4 2 3 11 16 1 1 1 2 1 1 3 2 1 2 2 2 3 3 5 4 1 2 2 2 2 1 1 2
1 17 6 5 1 2 1 2 4 4 1 2 1 3 2 1 1 5 1 3 1 2 1 1 1 1 10 4 2 1 5 1 1 2 1 3 1 2 2 2 3 2 2 2 2 54 49 72 3 1 3 1 1 11 2 2 1 2 3 1 1 1 2 2 1 2 4 9 2 2 1 1 1 24 5 1 7 2 1 19 2 6 1 2 2 2 2 4 9 3 2 2 2 6 3 27 1 11 20 1 16 1 2 2 4 2 3 1 5 3 105 1 1 1 4 1 38 184 2 2 5 6 34 1 1 1 2 10 1 3 2 1 1 2 2 2 3 11 2 5 2 2 3 2 2 80 5 4 12 2 3 3 18 1 2 2 1 33 1 12 1 1 4 12 17 1 2 3 1 1 2 5 1 2 22 2 1 3 3 1 1 1 12 2 2 3 1 5 1 13 5 2 4 2 4 142 2 11 2 2
4 3 2 1 1 1 4 1 2 2 5 3 6 2 2 3 1 1 1 2 1 3 1 2 13 1 12 7 1 270 1 11 1 2 3 2 2 1 1 3 3 19 4 3 1 2 1 1 1 4 6 56 3 2 1 2 1 1 3 2 16 2 35 1 110 2 6 8 3 3 2 2 1 8 2 6 14 3 1 1 3 5 1 2 9 1 3 2 1 1 6 1 2 7 1 1 2 3 4 8 2 1 2 9 1 2 4 2 2 1 2 3 1 5 1 1 1 2 10 2 5 4 2 17 2 1 6 2 2 1 2 2 3 2 1 2 1 1 2 3 1 3 2 2 2 1 6 2 19 2 2 3 3 3 3 1 2 5 2 1 1 6 1 1 1 2 6 33 1 1 3 2 1 4 2 1 1 24 1 3 2 1 7 1 3 7 2 1 2 2 7 171 2 3 3 12 1 2 2 30
16 4 17 1 1 2 1 7 2 3 1 1 4 1 2 1 2 1 35 2 1 1 2 2 3 7 1 2 2 3 1 7 3 1 2 1 2 2 2 1 1 2 1 1 3 6 27 4 5 1 1 2 1 1 12 24 2 2 1 1 4 1 1 6 1 2 2 8 6 115 2 4 2 1 5 1 4 5 6 1 3 1 5 1 2 1 4 2 3 1 1 2 5 4 4 2 10 2 4 3 2 8 5 2 3 1 4 4 3 6 1 1 2 2 8 4 1 3 3 10 2 4 3 33 26 2 1 2 11 1 5 4 5 1 1 2 2 23 5 1 3 2 18 2 219 5 1 1 2 1 2 1 49 1 1 8 2 35 1 1 2 2 2 2 4 1 6 4 3 2 7 2 1 2 1 1 2 32 1 9 6 3 180 19 4 6 1 1 2 25 3 2 3 5 1 10 12 2 1 1
1 9 3 2 1 2 1 3 4 1 2 1 7 8 1 1 1 2 2 2 3 9 3 1 13 10 1 4 1 4 1 1 1 1 2 3 33 121 2 4 2 2 11 1 2 3 4 3 4 3 3 1 45 1 2 2 23 2 2 2 25 11 1 12 3 2 1 2 1 1 15 3 2 5 3 1 2 13 29 9 1 1 3 1 1 2 1 1 2 1 1 1 5 4 4 1 25 1 1 1 2 146 6 5 3 12 2 11 12 2 1 13 6 1 17 2 3 2 115 1 3 7 1 2 1 6 2 2 2 2 1 1 4 3 2 1 1 1 3 31 1 2 20 62 4 1 2 2 1 1 1 3 3 4 1 1 2 1 6 3 1 39 1 1 1 1 1 8 1 12 2 2 7 1 2 1 2 3 2 1 2 11 4 2 1 5 5 2 2 10 3 4 2 4 2 3 1 4 3 1
1 1 1 7 2 11 3 1 2 3 1 6 1 8 4 1 1 2 7 56 6 1 1 3 2 2 3 1 3 1 2 2 6 1 1 2 1 3 2 3 2 7 2 2 1 2 11 11 7 1 1 3 75 8 2 2 2 1 1 6 8 1 2 3 2 1 1 1 1 1 4 2 3 34 5 1 48 1 1 2 1 1 1 3 22 6 8 6 1 2 2 1 1 2 2 7 1 3 5 3 3 1 3 3 3 1 2 1 3 1 2 1 10 3 3 1 8 3 5 3 5 2 3 5 4 4 45 2 2 2 3 3 1 1 1 2 2 1 2 4 8 14 7 3 1 35 3 6 1 15 16 11 4 2 1 3 1 1 3 5 9 1 1 1 3 28 4 2 2 1 2 4 1 1 3 1 5 2 8 7 1 2 40 3 1 1 3 2 3 3 4 1 6 2 3 1 2 2 7 5
1 1 3 5 2 3 1 2 1 32 1 9 2 1 2 2 2 3 60 1 1 1 5 12 1 8 1 2 2 4 1 1 2 1 3 2 2 10 1 6 3 4 2 28 3 1 44 2 1 1 1 1 2 1 6 3 1 6 1 1 2 17 1 1 3 1 2 69 2 5 2 1 5 1 8 1 1 4 2 34 1 1 2 2 4 2 2 2 2 7 2 4 1 11 1 21 3 5 14 3 1 1 2 2 1 38 1 4 14 8 4 1 5 2 1 3 2 4 2 4 4 5 4 1 1 1 2 6 2 1 1 2 2 1 1 1 2 2 2 2 1 3 3 2 2 2 1 10 2 3 3 1 8 4 8 3 1 1 1 2 8 5 2 1 25 1 2 7 1 4 2 6 3 4 12 46 14 1 1 2 1 6 2 2 7 2 3 4 1 3 3 1 2 1 1 2 5 4 2 2
1 8 19 3 2 1 2 6 4 2 3 4 1 1 2 4 6 1 2 1 10 66 10 5 1 101 2 1 2 52 1 13 2 2 2 3 20 4 2 3 6 1 3 2 1 7 1 1 1 2 3 1 10 2 1 3 4 2 5 55 1 42 2 2 1 2 1 2 1 1 3 2 1 2 2 1 4 1 1 1 5 2 1 4 1 1 1 1 1 1 3 5 2 1 15 3 1 5 5 3 1 1 3 1 6 163 1 4 1 3 4 30 5 1 1 2 1 1 3 2 1 2 8 5 41 2 3 1 2 2 1 1 6 6 3 8 1 94 2 2 1 3 1 7 4 5 4 1 3 1 10 1 1 2 2 12 10 1 4 2 6 69 2 1 11 1 7 1 2 3 21 8 2 1 2 1 2 7 6 2 13 1 4 2 15 1 14 53 5 14 3 8 1 1 2 1 32 2 40 2
2 1 3 2 9 18 1 9 3 2 1 1 1 1 10 1 9 1 3 7 3 1 2 2 2 3 1 1 2 1 1 3 2 2 2 4 1 1 2 2 4 1 23 4 1 2 1 6 3 240 1 3 1 1 2 1 2 2 2 1 1 2 2 1 1 1 1 2 1 1 1 12 2 1 1 2 1 5 12 2 4 4 1 5 2 39 8 2 1 3 1 4 2 3 2 1 3 1 71 3 2 2 2 1 1 1 1 4 4 2 2 3 1 47 2 9 2 1 1 1 48 1 13 2 4 1 4 4 1 2 1 2 2 3 2 3 1 2 87 4 2 1 1 2 2 3 6 3 1 4 59 1 1 3 2 1 1 11 1 2 12 5 1 2 1 1 2 3 2 2 4 1 1 3 3 1 3 2 2 36 2 2 2 2 2 3 1 2 3 1 1 1 3 1 3 1 1 2 2 2
2 11 1 3 3 1 26 4 1 1 3 1 54 2 5 6 1 1 5 2 1 3 1 5 3 3 3 2 6 6 4 8 2 5 2 1 2 1 2 4 16 2 7 1 4 3 8 1 5 105 1 2 1 1 1 1 2 2 2 4 2 4 10 26 4 82 6 4 308 1 2 6 12 1 1 3 7 1 9 1 6 6 1 1 2 2 93 16 1 1 4 1 1 2 23 2 1 3 3 3 26 3 2 1 1 3 6 1 5 1 4 5 1 1 1 2 1 2 5 1 6 1 132 2 2 1 3 8 22 1 1 12 1 1 1 4 1 4 4 10 3 7 1 1 2 1 1 1 2 1 2 2 2 4 1 4 5 2 1 1 1 2 16 2 1 1 1 2 3 2 2 7 1 5 2 2 1 5 4 1 2 7 3 3 2 5 1 3 3 2 22 2 26 1 2 2 1 2 2 3
2 1 10 81 1 2 4 4 1 1 2 1 1 1 13 2 1 2 1 2 2 2 1 4 2 2 2 2 4 2 2 1 1 9 2 2 1 6 1 1 1 2 2 1 1 3 8 4 1 6 2 1 3 3 1 1 2 16 4 1 25 3 5 1 2 34 3 3 2 1 1 1 1 5 1 5 2 11 1 1 2 3 13 1 3 2 2 10 2 2 1 6 2 1 1 2 1 48 3 1 1 4 6 3 1 1 3 1 1 3 14 2 1 26 1 3 2 1 1 15 2 2 21 3 4 3 1 3 151 1 8 2 1 20 7 4 2 1 93 14 1 3 2 1 2 28 2 2 1 1 3 117 8 18 1 1 6 2 16 1 2 2 2 2 9 1 1 2 5 2 2 5 1 1 1 1 2 4 3 1 1 2 2 1 1 2 1 3 2 14 2 1 2 3 1 3 2 11 2 1
1 2 4 2 1 3 5 3 5 11 2 23 2 2 2 1 3 2 2 3 4 1 2 1 1 2 1 2 3 2 1 1 3 2 1 4 2 106 1 7 14 1 1 1 1 3 3 15 2 1 3 1 2 11 2 2 15 1 1 2 1 1 1 1 5 3 2 2 1 1 2 22 1 1 2 3 5 11 1 3 2 2 4 1 1 2 2 1 1 2 1 57 2 2 1 1 90 2 98 2 2 1 6 1 1 4 1 1 5 3 1 1 2 1 11 2 3 3 3 7 1 3 3 2 6 9 1 12 2 2 1 1 1 1 1 1 1 10 1 1 2 6 1 11 1 9 2 3 1 1 2 2 1 1 2 2 3 2 2 2 2 12 369 3 1 3 4 3 1 23 6 3 2 1 4 2 2 3 8 11 4 2 4 1 5 1 6 5 18 2 1 2 1 10 3 1 1 3 2 2
2 1 43 1 1 1 3 1 2 1 3 1 15 2 3 18 4 5 3 1 3 3 1 4 2 2 1 4 1 7 4 1 1 2 4 1 1 2 1 1 3 3 1 24 2 11 1 2 1 3 1 2 2 15 2 3 1 1 1 4 13 4 1 4 8 2 2 1 6 2 3 1 1 1 1 1 2 2 2 1 3 3 2 1 1 2 2 1 1 3 6 1 2 3 2 1 10 3 1 2 2 1 2 11 1 4 1 2 1 3 3 1 1 2 1 1 11 1 1 2 18 3 1 2 1 4 4 1 6 1 4 1 273 3 114 4 1 9 2 1 5 3 1 1 1 2 1 2 1 4 1 6 3 1 3 1 2 59 2 1 3 3 1 3 4 3 4 1 2 2 1 5 2 1 2 3 1 1 9 2 1 4 2 4 2 2 1 1 1 9 1 1 2 1 3 2 8 1 3 2
2 2 5 2 4 5 3 1 1 43 2 2 3 1 1 28 4 3 1 4 2 2 2 1 1 1 12 2 17 2 1 2 3 2 1 8 2 4 1 3 12 4 1 3 1 3 1 2 2 1 1 9 2 2 2 3 9 2 1 2 2 2 2 29 32 1 1 2 5 8 3 2 1 7 3 5 3 2 194 1 8 1 1 1 1 4 1 2 25 2 1 2 2 3 7 3 5 7 6 2 2 1 1 2 3 2 3 1 2 4 1 5 2 1 4 1 1 1 1 11 1 2 2 2 1 1 2 1 2 2 1 2 2 34 16 4 13 10 1 4 2 2 6 1 2 10 1 1 8 1 5 1 2 1 1 1 2 2 10 2 8 3 126 3 2 15 2 61 1 8 3 4 4 31 3 1 1 3 5 2 1 3 2 2 3 1 2 1 1 4 2 6 3 7 1 1 18 2 2 2
1 1 5 2 2 2 2 1 9 2 2 1 2 1 2 2 1 2 2 1 2 4 4 1 1 1 9 2 2 2 1 2 3 1 6 4 25 1 24 8 4 2 5 1 2 1 1 2 1 2 2 2 4 1 4 1 1 1 5 2 2 2 2 1 25 8 6 2 2 1 1 1 10 1 2 1 1 2 1 2 1 2 2 4 1 2 1 1 2 3 1 1 1 1 2 4 2 3 2 2 12 7 2 1 1 1 1 34 3 1 20 1 5 6 2 1 3 2 6 1 16 5 2 2 1 1 1 49 50 1 2 2 1 2 4 13 1 8 3 1 16 16 5 54 4 2 5 1 2 2 1 8 2 5 2 1 2 2 2 1 5 6 2 1 5 1 9 1 1 6 2 7 3 41 1 4 2 3 1 1 4 1 22 3 16 2 1 1 1 1 2 2 2 1 1 1 4 3 8 2
2 4 1 8 6 1 2 2 1 13 2 2 12 2 2 1 2 3 2 2 1 1 4 1 7 2 2 2 3 2 1 2 2 3 28 21 1 79 1 2 4 1 1 2 4 2 4 1 1 1 1 1 31 6 2 1 3 2 1 1 8 3 1 6 2 10 8 21 2 2 2 2 1 1 3 3 2 1 2 5 3 1 1 1 3 1 2 1 1 10 1 2 1 9 2 5 1 1 3 12 1 4 2 3 7 23 1 3 1 1 7 1 3 9 1 2 1 4 1 2 1 2 113 1 32 1 2 4 2 2 10 31 6 1 2 5 2 1 3 3 1 12 1 4 1 2 8 38 1 2 3 9 3 1 2 9 3 2 1 2 4 13 9 3 12 1 2 4 2 1 3 1 1 2 2 3 1 1 2 1 1 5 4 1 2 11 2 1 9 1 9 2 7 2 1 2 2 1 2 2
3 9 61 1 1 1 2 1 2 1 9 1 11 1 14 3 6 2 13 10 1 5 2 2 2 4 2 5 5 2 4 3 1 1 1 1 1 1 1 1 5 8 2 1 2 16 2 9 1 10 26 6 1 5 2 2 3 3 1 4 1 12 2 2 18 1 1 1 3 6 2 10 1 2 1 2 1 1 15 1 5 1 2 1 1 1 1 1 2 5 2 1 2 1 1 2 6 1 4 5 2 2 2 32 2 7 3 1 4 2 9 2 2 4 3 1 3 1 1 1 170 1 1 4 2 2 2 4 2 1 1 1 1 1 10 10 3 5 1 8 6 1 1 3 44 8 10 25 3 2 3 2 1 1 6 3 1 8 2 1 1 3 8 1 2 1 2 4 1 1 3 1 86 3 1 1 3 1 1 5 10 2 2 2 1 5 2 1 1 2 1 2 1 8 3 1 1 3 3 2
3 7 2 1 51 1 10 37 1 8 3 5 2 2 4 7 3 1 1 2 4 1 4 4 1 3 1 1 20 1 1 1 16 1 13 1 1 1 1 2 1 1 2 2 10 3 2 1 2 1 3 5 9 9 1 1 1 4 1 2 1 1 1 2 6 2 2 3 2 2 2 4 36 1 3 10 5 4 8 1 1 3 4 2 1 4 3 2 2 1 3 6 2 2 3 8 1 1 2 12 20 25 11 7 27 2 3 2 11 2 4 2 1 3 1 1 1 1 59 1 1 3 1 2 1 2 1 21 1 3 1 9 1 1 1 2 2 4 2 5 1 1 1 1 28 2 174 3 1 1 1 2 1 1 2 2 1 1 4 1 1 1 8 2 5 5 3 3 2 9 14 2 1 1 2 4 1 4 18 2 1 1 1 2 2 1 1 1 2 1 1 2 2 6 1 7 7 2 121 2
3 1 1 152 1 1 1 3 2 2 3 2 4 2 3 141 2 1 2 2 3 2 2 2 1 2 1 2 1 5 1 4 1 60 1 2 1 1 10 6 2 4 3 1 1 3 1 2 4 2 8 1 2 1 3 3 2 1 3 6 8 5 2 6 7 2 1 1 1 4 2 1 2 1 1 4 3 2 1 5 2 2 1 1 2 3 37 5 2 1 1 1 5 59 1 1 2 103 2 1 15 3 1 1 3 1 5 2 1 6 2 1 1 1 1 1 14 1 2 24 4 5 2 1 1 2 15 1 16 1 2 1 8 1 2 1 5 2 1 1 2 152 2 4 2 20 6 1 1 1 122 9 36 2 75 1 3 2 4 1 3 2 2 1 2 2 2 1 1 2 1 3 13 1 2 2 1 2 4 11 2 1 6 1 2 2 2 6 5 1 2 3 4 1 1 10 1 1 1 2
3 1 2 2 22 2 15 2 1 1 2 1 1 1 2 1 3 1 2 1 11 66 3 1 2 2 2 3 1 1 1 1 16 3 2 2 70 8 2 5 2 1 17 4 2 2 1 68 1 1 2 1 1 2 1 1 1 1 1 1 3 6 1 3 1 2 6 7 3 1 4 1 1 3 4 1 21 1 1 4 1 3 1 1 4 2 3 1 1 4 2 1 1 1 5 3 1 2 4 2 1 3 6 1 2 3 4 2 2 6 16 8 1 1 2 2 2 1 4 2 1 1 1 43 1 1 1 2 2 1 7 3 1 2 1 1 4 2 1 1 1 2 7 4 1 7 2 1 1 1 3 2 1 1 4 2 1 1 1 1 3 5 1 1 18 2 2 152 5 2 5 1 3 1 6 2 6 8 1 4 23 5 2 2 2 1 2 2 4 2 1 1 2 1 2 1 2 3 2 2
2 2 1 1 1 1 1 2 4 30 4 2 26 1 2 1 1 2 1 4 1 100 1 5 3 1 18 2 1 2 3 4 16 1 4 3 1 2 4 1 2 67 1 2 8 5 1 4 2 2 1 35 2 1 1 3 1 3 2 1 1 6 7 2 2 1 2 2 1 4 3 2 1 4 5 2 2 1 4 1 2 6 78 1 2 3 2 1 2 8 88 2 1 1 1 1 2 7 1 7 2 2 1 4 2 1 107 1 1 1 1 4 3 2 1 91 3 1 7 1 2 3 5 5 1 2 1 6 2 2 12 1 1 1 2 1 4 3 2 2 13 2 2 7 68 1 2 6 1 2 3 3 2 1 3 1 4 5 1 3 2 5 1 2 2 6 2 1 2 2 63 1 3 1 7 87 2 11 2 2 2 6 2 2 1 1 1 2 1 4 1 2 1 1 1 1 6 1 1 2
4 1 2 11 2 3 6 3 6 2 1 3 8 5 2 2 1 4 8 4 2 1 4 42 2 5 10 1 2 8 3 2 1 4 2 25 1 1 4 1 10 2 2 2 1 8 3 1 2 2 2 2 5 2 2 2 2 2 2 2 6 3 2 2 2 11 20 1 7 1 116 1 5 2 2 2 2 2 3 13 5 2 18 1 2 2 2 1 155 2 2 4 1 6 6 2 7 20 2 1 1 2 3 3 4 1 2 1 1 2 1 1 2 1 3 1 9 1 3 2 1 30 2 3 40 2 2 2 299 2 3 1 54 3 15 1 1 1 8 2 1 1 1 2 19 2 1 1 7 96 1 8 1 8 2 1 148 1 1 4 2 7 2 5 2 13 3 1 31 1 1 3 10 1 3 1 2 181 2 1 2 2 2 1 2 2 3 2 1 1 1 2 2 1 1 1 2 5 2 1
3 2 6 3 9 9 1 13 2 2 1 1 1 107 2 4 3 2 2 104 3 7 1 3 1 6 1 3 9 3 7 1 1 4 3 4 5 1 1 1 103 1 1 8 3 1 2 2 1 1 1 1 2 2 2 1 1 2 7 3 2 8 17 1 10 6 5 1 4 2 1 1 1 3 1 1 2 2 1 1 1 2 18 1 1 11 25 23 4 4 1 4 1 2 1 1 1 1 50 4 4 14 2 13 1 37 3 6 4 1 1 1 1 9 1 1 55 1 8 2 8 284 4 1 2 1 5 3 4 4 2 1 2 2 8 1 10 7 1 3 2 15 3 5 1 1 3 1 1 11 1 2 3 1 1 2 2 1 1 1 2 2 8 3 1 15 1 4 10 3 2 1 2 3 1 2 21 10 6 8 13 4 1 5 3 4 2 1 1 4 1 1 3 2 1 1 2 3 2 2
1 61 5 87 6 5 2 7 5 11 3 4 2 2 1 1 3 2 1 4 2 1 15 1 14 2 6 2 2 7 2 1 1 1 1 1 3 9 1 2 1 1 1 1 5 4 3 11 15 16 8 2 2 1 1 3 2 1 3 1 1 1 12 4 1 18 3 1 2 2 1 2 26 9 3 2 4 1 7 1 2 6 5 1 11 2 1 3 4 1 2 5 2 33 2 1 2 1 1 2 3 1 5 3 9 2 1 1 2 2 2 1 3 6 1 2 3 2 1 3 23 3 1 12 1 1 3 2 4 1 3 1 8 2 32 5 1 4 1 1 3 12 24 20 2 2 41 3 2 2 5 2 2 2 5 1 2 2 6 1 2 2 12 2 1 4 2 1 4 2 1 9 276 4 1 3 2 97 2 4 3 1 2 2 2 1 2 1 1 2 2 6 4 1 1 13 2 7 1 2
1 6 2 3 5 1 1 8 3 2 1 4 2 5 2 1 14 3 5 1 3 5 3 3 1 2 1 4 3 1 2 1 1 1 4 1 1 1 1 6 4 7 1 1 1 1 2 2 3 2 2 3 2 3 8 6 4 4 74 3 1 1 1 3 3 3 1 3 23 2 1 5 2 1 5 2 4 2 1 2 2 11 2 1 3 1 4 1 1 3 3 15 4 1 6 2 1 3 4 1 2 9 1 1 53 8 1 2 8 4 1 1 2 4 4 8 2 3 2 2 3 1 3 29 2 2 1 36 2 2 3 7 1 4 1 3 1 4 1 1 2 2 1 6 3 2 3 46 1 5 2 2 2 1 2 17 4 5 4 1 2 4 2 14 6 1 1 3 3 2 2 1 11 3 2 2 1 1 1 4 6 4 2 1 3 32 1 3 2 10 2 3 1 1 2 1 5 2 5 1
6 10 2 1 2 6 10 1 2 2 1 2 4 2 8 1 12 1 2 1 4 1 14 1 26 3 1 9 1 1 2 1 2 1 1 1 4 1 2 9 5 6 4 6 12 3 2 1 1 2 2 1 3 37 4 1 2 4 1 3 4 2 11 1 1 1 2 2 3 1 2 10 1 1 9 6 2 1 2 2 3 2 4 1 26 109 1 1 1 1 4 3 1 13 1 1 18 1 1 6 4 2 3 1 1 2 4 2 2 4 4 1 1 2 4 2 5 4 10 13 2 1 1 2 2 6 6 2 7 4 6 1 2 3 3 2 3 9 20 20 6 2 8 8 5 1 1 2 2 7 2 2 2 1 4 2 13 2 1 1 11 1 2 1 24 3 2 2 1 2 1 1 2 2 4 14 5 1 4 2 2 3 1 1 3 1 3 2 5 1 1 2 1 1 2 1 2 43 4 4
24 2 1 27 3 1 1 11 1 2 1 1 28 2 6 3 2 1 3 1 2 1 8 1 1 1 1 1 2 12 2 4 7 1 1 1 2 6 1 3 3 2 1 1 8 1 11 1 3 5 3 4 4 7 3 6 2 1 2 6 2 1 5 10 3 2 1 2 1 1 3 2 23 1 2 2 2 1 1 9 3 7 1 1 1 2 4 172 1 1 2 1 12 1 2 1 7 1 1 1 4 1 2 1 4 2 2 1 1 3 17 3 8 3 4 2 8 1 3 2 3 2 3 32 1 1 1 3 2 2 82 1 3 2 1 4 1 1 1 4 1 6 38 3 2 2 2 3 2 4 2 2 1 8 1 2 2 1 1 2 3 2 2 4 1 2 4 1 3 1 7 1 5 2 2 3 1 1 3 1 1 2 1 1 20 2 1 4 3 3 9 4 14 1 2 10 1 1 1 2
17 2 3 4 2 2 1 1 2 1 5 6 4 2 2 2 1 2 1 3 1 17 1 9 7 9 5 1 2 143 3 1 1 2 3 4 1 1 2 2 2 1 1 3 1 10 3 1 1 5 2 1 3 2 2 1 6 2 2 4 1 1 4 1 1 1 1 2 1 2 4 2 1 1 5 2 1 1 1 3 2 2 4 4 2 6 3 1 2 9 1 9 2 1 8 113 2 2 2 137 3 11 12 2 4 6 2 2 87 1 1 2 3 5 2 1 3 2 2 3 1 1 2 2 1 5 1 3 4 1 2 20 5 5 4 1 5 1 1 21 5 10 2 1 4 1 1 2 3 12 1 8 4 4 3 1 2 2 4 3 2 27 1 5 4 2 3 8 3 1 1 5 10 1 4 8 1 1 5 1 4 5 1 3 3 9 1 1 2 1 1 10 1 20 14 1 1 2 4 1
2 1 1 4 1 11 1 1 4 4 2 13 1 2 2 1 2 1 2 1 3 4 1 1 34 2 1 2 2 4 1 1 7 8 40 2 2 4 3 4 3 2 1 1 2 1 5 1 2 16 1 2 18 1 1 1 1 1 2 2 2 2 1 1 1 3 10 1 1 3 2 1 7 13 1 2 2 2 1 3 3 64 2 9 3 1 2 4 289 1 2 1 8 1 28 1 1 3 2 4 2 1 2 1 3 20 9 1 12 1 2 1 1 1 4 3 1 1 2 1 1 2 1 2 3 71 1 1 10 2 1 2 2 2 6 4 3 2 2 25 2 3 2 1 1 2 1 4 3 7 2 1 1 1 4 2 18 3 1 9 3 4 2 1 2 4 1 2 22 3 3 14 14 2 2 30 1 2 1 1 1 1 2 1 1 3 2 3 1 1 1 2 2 1 1 1 2 1 2 1
2 1 1 49 1 3 2 5 1 1 1 1 2 1 3 1 1 1 1 2 2 2 2 1 17 1 1 1 1 214 4 2 2 31 3 1 5 9 1 1 2 1 1 6 2 2 2 2 1 3 2 23 1 1 1 2 13 1 34 1 2 2 1 2 2 3 1 1 1 1 11 3 2 1 1 14 15 3 2 1 2 2 1 4 3 1 4 1 2 3 4 32 2 1 1 461 6 1 2 1 2 1 7 2 1 2 18 5 18 4 53 2 1 4 1 2 2 13 2 5 5 1 1 1 1 19 1 5 7 254 12 18 1 7 3 4 3 1 1 9 1 2 2 9 3 1 2 2 1 1 1 2 1 10 1 2 1 6 2 1 1 1 1 1 2 2 3 1 3 2 3 63 2 1 2 3 1 1 3 1 3 2 2 2 2 2 1 1 1 5 2 394 2 1 2 1 10 1 2 7
2 2 8 4 4 1 2 171 1 2 11 14 10 1 7 4 5 1 5 1 136 5 8 4 1 1 3 2 14 2 8 18 1 5 3 5 1 1 2 1 13 1 7 14 3 2 1 1 1 7 3 1 14 24 1 191 2 20 2 9 2 2 2 1 20 1 1 4 6 3 2 1 1 4 4 1 1 7 4 2 5 1 8 1 1 1 1 11 1 3 5 3 1 3 2 2 3 4 20 2 2 2 8 33 5 2 2 2 1 3 15 1 169 12 4 1 13 2 2 1 1 1 6 1 83 4 1 1 5 11 1 1 2 1 1 1 8 1 1 3 1 3 5 4 1 1 1 1 3 1 2 2 14 1 4 5 23 1 1 1 7 8 7 12 1 1 1 6 2 1 4 3 1 2 2 1 6 2 1 2 3 1 4 2 2 1 44 3 1 7 1 8 2 2 1 3 1 10 7 4
1 2 3 1 1 14 2 2 1 2 1 3 1 2 9 240 1 2 3 1 3 1 1 2 2 2 1 1 1 1 3 3 1 3 1 1 2 6 2 1 2 3 2 6 12 6 10 1 1 15 4 1 10 3 1 1 2 1 3 3 1 2 2 2 3 5 2 1 3 1 2 3 1 1 1 2 1 2 16 1 2 1 3 1 3 1 6 4 2 1 6 5 6 1 5 11 1 1 3 1 1 142 7 2 1 1 8 3 1 1 2 2 1 1 16 3 3 1 1 1 1 2 3 2 2 7 1 1 2 2 2 9 2 1 3 1 5 5 2 12 1 1 5 4 1 1 1 1 17 7 4 2 8 1 6 13 19 2 2 3 4 3 1 1 1 1 1 18 2 6 1 2 1 2 2 5 1 64 3 21 12 4 2 1 5 1 1 1 5 8 10 3 1 21 1 30 1 2 1 3
5 2 2 2 4 2 2 4 4 1 3 1 3 4 1 3 1 3 1 2 2 1 1 272 1 5 1 2 2 12 9 1 2 4 1 1 3 1 2 2 12 2 1 3 2 3 1 1 10 1 4 2 2 2 1 2 1 36 1 2 3 1 4 2 2 3 15 1 2 1 1 2 2 1 26 11 12 4 2 6 1 1 1 1 6 5 9 4 9 1 3 1 5 1 7 1 3 1 1 1 3 17 25 3 6 1 2 1 2 1 6 1 15 2 1 5 5 25 2 3 2 2 1 7 6 1 3 7 2 4 1 2 1 2 1 56 9 3 5 1 2 9 14 1 9 11 3 3 4 1 3 1 3 8 1 3 1 12 2 313 6 1 1 1 2 3 2 11 6 2 3 81 4 2 4 2 1 1 4 5 1 1 2 2 2 1 11 15 3 2 4 31 2 2 4 1 5 2 1 2
3 3 2 2 1 33 2 1 3 2 3 1 5 4 3 2 1 8 5 4 2 3 1 3 121 9 1 6 1 1 3 13 1 1 3 4 1 2 1 2 1 1 2 7 3 2 2 1 1 1 1 1 3 2 47 6 1 1 2 2 5 2 1 1 12 2 2 2 1 2 2 2 24 2 1 1 3 1 1 1 13 300 1 2 2 1 1 2 3 1 2 3 3 51 7 15 7 8 4 14 2 4 137 1 3 1 7 1 1 39 2 3 49 7 3 2 3 7 3 2 2 2 3 2 2 2 2 2 7 2 1 1 1 1 12 1 3 2 1 2 2 2 2 6 1 3 2 3 2 22 1 1 2 3 1 1 2 1 1 1 2 127 3 2 3 2 8 5 3 1 2 1 2 2 1 171 7 2 2 5 1 2 2 1 1 10 1 3 2 1 5 3 1 1 2 3 9 1 2 1
2 8 4 20 6 2 1 1 1 4 1 2 3 6 2 1 2 4 1 3 3 11 1 1 2 23 1 2 1 1 4 7 1 1 1 1 55 10 2 2 10 4 2 1 4 1 3 329 9 4 3 1 5 2 4 1 3 3 2 1 2 1 1 6 6 1 10 1 1 1 1 2 2 3 1 5 9 1 2 2 1 2 3 1 4 2 9 10 1 3 1 4 4 189 1 1 4 1 3 1 1 4 1 2 2 3 40 1 8 6 1 9 2 1 2 1 1 2 95 1 3 5 2 3 1 1 1 9 2 3 2 6 2 4 1 3 3 7 7 2 2 2 8 1 1 1 2 4 2 6 1 2 5 2 6 17 2 2 5 2 39 1 1 4 1 2 3 1 4 2 2 1 4 1 2 5 7 4 3 1 1 2 2 7 1 2 1 2 4 2 1 2 2 5 3 5 72 1 5 1
2 2 2 2 1 1 1 1 2 1 1 3 1 19 2 4 4 1 3 1 2 2 2 2 1 11 1 83 1 2 2 3 1 4 2 1 1 2 1 1 2 1 6 3 1 1 1 1 3 11 2 5 2 4 10 6 1 1 1 5 6 1 1 1 1 3 1 1 2 1 1 13 271 2 1 7 4 1 2 2 3 14 1 3 20 4 7 2 1 1 2 3 2 2 2 1 21 2 3 2 1 1 1 2 1 12 25 1 1 2 3 2 1 1 4 1 1 4 3 4 1 3 5 1 2 13 2 2 2 1 12 3 2 1 1 2 2 2 2 4 1 3 2 5 10 13 1 2 3 2 13 1 2 25 1 2 3 8 35 11 2 1 4 2 8 19 1 1 2 9 2 4 1 1 2 1 4 1 5 1 5 2 44 2 6 1 1 1 1 3 5 3 2 6 8 1 2 2 4 2
1 1 2 1 6 1 1 2 3 4 5 7 14 1 1 10 1 1 1 3 4 1 2 1 1 2 1 3 2 1 5 2 1 1 27 1 2 2 1 4 2 1 5 2 6 11 1 2 2 1 2 5 1 1 6 2 6 22 1 19 1 7 2 455 1 1 13 1 3 3 2 1 2 1 1 8 3 10 15 4 4 3 13 4 5 2 1 1 14 3 2 1 1 7 2 2 17 19 2 2 2 2 1 2 2 1 2 1 8 2 4 1 3 2 3 1 5 2 3 35 2 2 2 1 12 77 2 2 8 2 1 5 3 1 2 3 2 4 1 5 1 1 1 2 2 1 2 3 6 1 12 4 2 1 2 2 2 4 2 4 2 3 2 3 2 2 1 1 1 1 2 5 1 5 2 2 2 2 2 3 1 2 4 1 3 27 10 3 5 1 1 5 3 4 4 5 1 1 2 2
5 5 1 2 2 1 2 4 1 1 2 1 4 5 1 2 1 3 2 1 2 5 2 1 2 2 149 2 2 2 13 2 1 2 1 6 3 2 2 1 1 10 2 1 1 4 1 3 2 1 2 2 3 8 1 3 3 2 7 4 3 2 1 1 1 5 1 1 1 1 2 2 2 1 2 3 1 1 3 2 9 1 1 10 1 2 2 2 3 2 31 2 1 2 2 1 5 2 3 2 3 23 1 23 4 2 5 1 1 6 1 1 3 3 1 2 99 6 1 5 1 1 1 2 2 140 2 2 3 1 1 2 3 2 1 2 1 4 2 2 1 1 8 1 1 2 1 2 1 5 16 1 18 6 7 1 1 13 177 2 7 2 1 2 1 3 2 1 6 17 4 1 1 4 1 1 5 3 2 10 3 1 10 2 1 3 3 3 1 2 1 2 1 21 4 2 1 1 3 1
2 3 3 1 1 3 1 1 4 1 1 4 10 5 3 1 3 1 1 2 2 1 3 2 1 3 7 1 4 3 2 11 5 4 3 1 3 2 11 3 5 2 1 3 2 8 2 3 1 2 4 3 1 50 2 4 2 5 2 1 14 1 1 44 1 1 1 3 2 1 2 24 3 2 1 1 1 1 2 2 2 2 2 5 2 75 2 6 1 2 2 1 2 6 1 2 2 1 2 3 2 3 6 1 6 1 1 4 2 4 4 1 4 1 2 4 3 1 1 2 3 1 2 3 1 5 1 6 3 3 4 1 3 1 7 2 5 9 5 3 27 3 1 1 2 3 2 1 6 3 6 8 13 10 2 1 75 2 4 2 6 2 3 1 3 9 1 4 2 1 1 2 3 1 3 2 2 1 2 2 2 18 32 2 2 1 1 2 30 1 1 1 1 23 5 2 2 10 3 13
1 48 4 2 6 1 1 13 2 3 5 1 10 1 3 13 10 1 7 3 1 2 1 3 1 4 2 3 2 4 1 6 2 3 3 6 2 1 2 5 15 2 2 1 1 2 1 1 3 2 1 1 3 3 2 2 24 4 1 2 5 4 4 3 1 1 4 2 1 3 18 3 2 10 6 3 4 1 3 6 1 2 7 1 3 9 4 2 3 5 2 4 1 8 3 3 3 4 2 1 1 1 13 2 1 8 2 1 1 34 1 2 6 1 2 2 1 1 7 7 2 2 3 1 4 2 135 2 1 286 1 2 11 3 2 1 1 3 2 1 4 1 2 7 1 20 3 4 1 22 1 1 2 2 2 1 1 4 12 1 1 3 1 48 2 2 1 12 3 3 1 2 4 1 1 1 2 1 3 2 1 1 3 2 2 1 3 3 6 263 2 2 2 2 3 3 1 2 1 2
1 1 2 16 12 3 4 1 9 3 1 1 1 1 1 1 7 6 26 1 1 1 2 30 2 1 8 2 2 1 1 2 1 1 8 4 6 8 2 1 2 1 13 2 12 10 2 1 26 21 2 1 2 1 1 3 1 2 2 5 17 1 1 2 2 1 2 13 1 4 3 2 2 1 1 1 3 59 2 3 5 3 1 1 292 1 4 2 7 4 1 10 5 2 1 1 3 8 1 1 1 2 3 4 4 1 6 2 3 1 1 5 1 3 2 5 1 8 1 13 10 142 3 3 2 2 3 2 9 16 28 6 3 4 11 3 2 2 13 1 2 1 2 2 4 1 2 3 2 1 1 1 2 1 2 1 4 37 2 15 1 54 14 4 2 4 2 3 1 3 3 2 12 2 2 9 1 1 5 2 1 1 2 3 1 8 1 1 100 1 2 2 1 6 3 2 1 3 2 1
2 1 6 4 1 1 2 1 1 2 2 3 1 2 1 1 4 2 2 1 18 2 4 1 3 2 1 3 1 19 2 1 2 1 2 2 8 1 1 17 1 1 1 1 1 1 1 1 4 33 1 4 6 2 1 3 1 1 9 2 7 1 2 23 3 5 1 3 2 8 6 1 2 3 3 2 1 1 2 1 3 2 3 2 1 1 1 2 1 1 2 1 1 73 37 2 9 1 1 1 1 1 52 3 1 1 1 7 1 1 6 1 1 43 5 4 1 3 3 5 2 1 1 1 2 40 1 1 3 4 1 1 6 1 2 2 1 2 1 1 1 2 4 3 2 4 1 7 1 1 1 3 1 2 1 1 3 3 3 1 2 20 4 2 2 1 2 1 1 2 4 1 2 1 1 6 1 3 1 5 5 4 1 5 1 2 7 2 2 1 4 6 1 1 1 2 2 1 5 1
2 18 4 1 7 2 1 1 1 1 7 3 3 2 2 1 1 24 3 1 1 1 2 2 2 3 4 1 4 1 5 5 1 2 2 1 2 3 2 1 3 3 2 2 1 2 3 3 1 2 3 6 2 2 1 4 3 1 1 1 2 1 1 4 2 3 2 3 1 8 2 3 25 3 20 4 2 4 1 1 2 39 2 7 3 3 1 10 2 2 17 1 14 13 6 4 4 3 3 2 2 3 3 5 4 1 1 3 3 1 1 1 1 2 31 1 2 5 4 5 232 9 1 3 1 1 2 2 5 2 1 2 4 2 1 1 72 12 4 1 4 1 1 2 1 2 3 1 2 4 1 3 2 1 19 6 1 2 10 31 2 1 3 3 1 5 1 1 1 2 2 7 1 2 1 10 1 2 2 2 3 2 1 2 1 1 7 2 1 6 1 9 1 2 3 2 2 2 2 10
5 15 5 1 2 1 3 2 1 2 22 1 9 1 2 2 6 6 1 1 57 1 1 1 1 6 2 1 1 2 6 3 1 1 1 2 2 9 2 2 6 1 1 1 37 9 2 5 5 1 1 2 4 6 2 12 4 2 2 8 1 2 1 7 10 17 4 1 1 2 1 5 3 2 24 1 3 1 9 5 3 3 2 1 1 12 1 2 1 3 3 2 3 2 1 25 7 34 1 1 1 3 1 1 3 4 2 2 1 1 12 2 3 2 7 1 2 6 2 3 4 2 4 5 5 3 2 3 4 1 2 1 1 2 1 3 1 8 1 3 1 28 2 1 2 9 2 1 1 1 1 1 1 1 1 2 1 3 1 1 10 2 2 8 2 2 192 3 2 12 1 7 28 1 3 4 2 1 3 2 4 41 2 4 1 2 2 47 4 1 3 2 1 2 8 4 2 4 2 1
6 1 2 3 2 3 1 3 2 1 1 2 5 21 1 2 1 63 2 23 3 1 2 2 1 2 1 2 1 1 2 6 1 8 2 2 4 1 8 30 2 4 1 4 3 1 2 2 2 1 2 14 1 2 1 1 9 3 3 1 5 5 1 2 1 1 1 5 1 11 2 2 2 5 1 2 3 2 4 1 65 1 3 2 7 2 3 1 6 1 1 1 6 1 2 4 1 1 3 14 5 2 5 1 1 5 1 1 1 2 4 8 2 2 2 5 9 6 1 4 5 1 2 3 2 2 1 1 3 1 25 2 2 2 1 1 55 1 1 3 18 2 1 3 3 4 8 2 24 2 3 1 1 5 113 1 2 1 2 40 3 3 1 1 1 3 1 1 2 11 6 1 4 1 1 4 5 2 3 4 2 12 5 2 1 2 3 3 5 3 3 6 3 1 2 1 1 5 1 1
1 2 7 1 2 28 3 1 1 9 3 14 4 2 1 2 1 1 3 6 3 36 8 1 5 2 4 2 2 2 2 1 109 5 1 2 3 1 1 5 1 1 2 6 2 1 2 2 3 32 2 9 3 1 1 1 4 2 2 7 52 4 2 65 1 3 112 4 5 3 4 2 2 3 5 5 2 2 2 3 5 3 3 2 3 14 18 1 14 2 7 2 4 3 1 4 1 2 1 1 2 2 4 1 2 2 7 2 3 1 3 2 2 1 3 1 1 5 2 1 2 3 2 2 5 3 3 1 2 2 5 3 1 3 7 2 3 4 1 1 1 2 1 2 2 2 1 6 7 1 2 4 1 8 2 1 2 1 2 1 1 2 106 2 5 5 7 9 2 1 6 1 8 5 2 4 33 2 3 1 1 2 1 1 1 1 1 1 2 1 7 1 3 8 1 1 3 1 3 1
3 14 1 1 1 1 2 2 9 2 2 6 1 2 5 1 2 2 3 1 1 2 2 5 1 2 1 2 3 2 1 8 3 1 1 1 11 15 1 5 2 1 3 8 2 1 1 2 1 7 10 4 1 2 1 2 1 1 20 2 19 4 2 65 1 3 1 2 1 7 1 1 30 5 10 10 21 3 4 3 1 1 21 2 4 13 1 4 1 1 1 1 3 1 1 17 2 1 3 6 4 1 1 4 2 1 4 1 1 3 1 1 13 3 9 1 2 10 2 1 1 1 2 1 1 2 4 2 1 8 1 4 1 2 7 4 3 2 1 5 2 48 2 3 1 1 1 7 3 1 1 4 4 14 1 2 5 1 1 3 3 10 3 1 1 2 2 2 2 1 1 1 2 4 1 1 1 5 10 27 2 258 22 1 2 1 6 4 5 33 2 1 3 1 2 1 2 113 1 2
1 2 1 1 5 2 5 6 2 6 6 3 9 6 367 2 7 2 1 4 1 1 1 1 2 12 1 3 2 1 1 3 13 2 155 1 1 1 3 1 2 1 3 2 4 5 3 4 1 1 4 3 2 5 1 26 1 38 2 2 2 1 1 2 4 3 4 3 2 1 2 2 25 2 2 5 1 1 1 1 2 2 3 1 2 1 1 1 2 2 1 2 2 1 2 6 2 7 5 2 1 2 1 7 1 1 2 5 14 1 1 1 1 9 1 1 4 3 9 1 1 1 1 2 2 3 366 5 4 5 9 1 1 11 2 7 3 6 2 11 4 3 2 2 2 1 4 2 1 3 1 8 2 1 2 1 6 1 71 11 3 4 2 1 4 1 98 7 5 10 36 2 2 2 2 1 4 25 2 6 3 12 2 8 1 2 18 2 2 2 1 1 43 3 1 21 1 1 2 2
16 1 3 1 2 2 3 4 4 3 2 2 9 5 7 4 2 4 2 1 1 1 1 3 1 34 5 3 6 9 2 2 7 14 1 1 1 2 1 3 1 2 2 5 2 1 1 7 4 8 1 3 1 3 14 3 2 2 2 1 4 8 2 1 2 1 2 96 6 5 1 2 4 2 1 10 2 1 2 1 1 37 11 5 7 1 6 2 1 2 1 2 2 2 1 1 1 10 4 2 2 1 13 1 2 69 2 1 4 6 1 2 5 2 40 11 2 5 3 6 2 3 1 19 1 2 1 5 2 2 22 1 3 1 1 7 18 6 5 9 4 1 5 1 1 2 3 3 1 2 2 2 11 5 1 9 3 2 6 11 9 2 1 1 3 1 2 4 2 1 2 8 1 2 6 3 2 1 3 3 1 1 10 2 4 91 3 4 6 4 1 3 1 3 2 3 1 1 1 2
2 72 1 1 1 10 2 2 5 2 3 1 1 10 3 2 5 1 2 1 4 1 1 4 3 2 1 2 1 1 5 2 2 1 2 14 14 4 2 2 1 9 5 2 2 1 2 56 1 1 1 1 4 2 2 1 8 3 12 1 73 6 4 1 2 4 1 1 3 12 1 2 1 1 1 1 9 8 1 2 1 1 1 14 1 3 4 2 2 3 3 5 5 1 1 1 29 4 2 2 3 8 6 11 3 7 5 3 6 1 1 94 1 1 2 3 5 1 3 2 2 11 5 10 2 28 4 2 2 1 82 2 3 152 5 16 2 2 1 11 6 2 1 3 3 1 7 1 5 1 1 1 2 3 2 33 19 1 22 1 2 1 1 1 3 2 2 3 1 2 1 2 17 3 1 4 1 2 2 4 5 1 2 6 2 1 1 1 1 2 9 1 3 1 1 1 1 2 63 3
59 1 2 2 1 12 14 5 4 2 1 27 2 3 2 6 1 4 2 1 2 1 1 2 2 7 42 1 3 2 2 1 1 1 1 6 2 3 1 15 2 1 3 2 8 4 20 2 1 3 1 6 2 3 5 1 2 2 11 2 3 1 6 1 3 2 2 2 5 4 20 6 3 4 2 39 1 1 8 1 1 2 2 5 2 1 3 2 1 1 2 4 3 2 4 6 1 2 5 3 1 1 3 1 30 2 4 2 4 4 1 1 1 7 1 2 1 2 7 1 1 3 2 2 3 1 4 5 3 1 7 1 4 2 11 1 2 7 2 2 2 1 3 1 1 3 2 12 2 3 2 1 48 1 2 8 3 1 7 4 1 37 245 1 4 182 2 7 2 1 1 34 2 1 2 3 3 7 1 2 2 5 3 3 2 1 2 1 55 2 1 4 2 11 1 1 5 13 1 13
6 103 1 6 7 1 1 4 8 3 62 3 1 4 4 2 2 2 1 1 1 2 2 51 5 2 4 72 5 42 32 3 5 11 18 3 1 5 42 2 2 2 5 47 3 1 1 2 2 2 2 5 2 26 8 4 7 3 4 1 16 2 10 1 2 3 9 2 10 1 2 1 1 1 2 2 1 1 2 1 1 1 2 8 2 1 2 11 4 1 1 7 1 8 1 10 5 1 4 1 2 9 9 2 3 1 1 1 2 1 1 1 3 3 9 1 41 2 1 2 10 1 1 3 1 4 2 1 2 89 1 2 2 1 15 4 5 2 7 2 2 1 5 2 2 15 14 2 2 8 1 19 2 1 6 2 1 3 1 4 1 11 2 7 2 1 1 1 14 5 1 6 1 1 5 2 4 3 2 2 81 2 2 3 1 1 1 1 2 2 8 1 1 2 3 3 1 1 5 2
4 1 1 2 3 1 1 1 9 2 10 11 1 8 2 2 2 2 1 69 1 2 1 2 1 4 1 2 2 1 4 1 5 1 3 1 2 1 91 1 6 1 1 5 4 2 22 12 2 1 1 11 4 3 2 1 3 10 1 1 1 8 3 2 1 2 1 21 20 3 30 2 2 1 1 4 6 1 1 2 3 2 2 2 1 3 2 6 1 4 2 1 3 24 2 5 2 1 114 1 69 1 2 2 1 3 2 1 4 4 4 2 1 44 1 1 8 1 2 2 5 1 2 8 2 2 2 1 8 2 1 2 2 1 2 15 1 2 1 14 1 81 5 5 1 10 2 1 5 3 1 1 4 4 1 14 1 81 2 102 1 2 1 2 1 2 1 1 1 10 2 3 16 2 13 2 3 1 1 1 2 2 2 3 6 1 14 1 2 5 4 2 1 2 3 2 5 4 2 2
1 4 4 1 2 2 1 2 2 1 3 4 3 2 3 2 3 1 1 10 1 8 1 2 4 4 1 1 1 1 2 168 4 1 2 2 1 2 4 2 3 2 1 2 2 4 4 4 2 52 3 1 2 14 1 2 290 2 1 2 1 1 1 3 1 1 2 4 1 4 1 1 3 1 2 2 2 1 11 3 2 1 1 6 2 5 2 5 2 4 48 2 1 2 14 10 2 2 1 23 6 1 2 2 1 5 2 1 1 2 8 2 4 1 1 8 2 2 2 3 1 2 1 1 6 3 4 7 25 19 2 3 1 11 14 1 1 3 4 2 2 9 23 1 1 9 4 1 5 2 2 2 1 3 10 2 1 2 1 1 1 1 5 1 2 3 1 1 2 2 1 2 1 1 12 18 1 2 1 5 1 1 6 2 16 1 1 1 1 11 2 2 12 2 1 3 1 2 5 1
2 4 2 1 1 3 2 4 29 5 4 1 3 1 2 2 2 1 8 5 4 3 1 2 9 1 2 15 2 5 7 1 7 2 7 1 3 10 1 8 1 1 6 4 1 1 1 2 2 4 3 2 2 1 3 9 5 4 8 1 2 1 2 3 2 1 18 2 2 15 5 2 2 52 6 2 1 3 40 3 8 2 17 49 5 2 1 1 2 33 1 3 2 2 2 10 4 2 5 1 2 1 94 2 1 1 5 4 24 99 2 2 7 12 7 4 4 1 1 12 2 2 3 2 2 14 5 1 2 22 1 4 3 4 1 246 1 1 2 3 4 4 99 3 5 189 16 1 1 3 3 2 1 1 1 4 6 1 4 2 6 6 1 4 2 2 1 2 2 5 1 1 3 3 1 1 2 2 2 2 4 2 1 3 2 2 1 1 1 2 4 7 2 3 2 4 1 2 4 1
10 3 53 8 3 1 1 13 2 2 21 4 2 29 1 1 3 3 6 2 1 2 7 2 1 1 1 2 1 4 3 2 4 1 10 1 1 3 1 2 1 3 3 3 1 9 3 1 1 1 1 1 1 1 1 6 2 2 2 3 7 1 2 1 2 1 4 1 3 1 24 1 5 1 1 10 2 1 1 58 1 3 2 2 1 1 2 2 28 6 2 5 2 4 1 1 2 2 1 3 3 1 2 1 1 1 2 8 21 21 1 3 2 3 28 3 9 6 1 1 13 1 2 4 15 1 1 12 2 2 2 4 3 3 4 2 1 17 1 1 2 1 1 6 2 1 2 1 11 1 3 5 1 1 1 2 1 4 2 2 19 1 3 1 5 2 1 3 1 1 1 2 1 2 1 1 1 2 12 2 6 2 1 2 3 1 1 1 2 1 2 2 2 1 1 1 11 3 1 2
6 6 2 36 3 1 2 1 15 1 5 2 1 2 3 2 2 3 3 1 4 7 1 4 1 1 1 2 1 1 5 6 1 5 1 1 4 9 5 1 7 5 3 2 3 1 1 1 2 2 1 2 1 1 1 1 2 2 3 1 1 4 3 2 5 9 3 3 1 3 1 1 1 4 146 2 2 2 2 1 4 1 2 3 1 1 3 1 1 1 2 8 4 1 3 1 2 1 1 1 1 1 2 13 1 2 2 4 1 2 2 6 4 2 1 7 2 2 3 1 2 4 5 1 2 41 1 2 4 17 1 1 1 2 1 46 76 57 1 3 2 14 7 3 4 2 1 2 2 2 5 1 9 9 1 1 1 1 3 7 3 1 3 5 1 1 1 3 2 1 3 2 4 1 1 1 1 5 2 1 1 1 2 2 1 5 1 2 3 2 17 1 2 1 6 2 4 2 1 1
1 2 3 2 1 1 3 5 1 2 1 2 2 2 2 5 1 2 5 3 15 5 5 7 1 1 89 4 73 4 2 1 2 3 3 6 1 2 2 3 1 7 1 4 18 2 1 2 1 1 2 3 8 3 6 2 4 1 4 1 12 10 2 1 1 1 1 9 4 4 5 7 3 3 2 6 45 1 2 2 3 12 2 1 9 2 2 1 1 1 2 23 1 1 2 1 2 5 3 4 2 5 3 1 4 2 1 6 3 1 1 1 2 3 1 5 1 9 1 2 4 2 1 1 1 26 2 1 3 7 1 4 92 2 1 10 2 1 3 23 1 9 2 1 21 3 36 4 20 3 7 3 2 25 13 2 1 2 2 5 2 4 2 1 3 1 6 2 1 2 15 1 1 3 4 26 1 3 1 1 2 1 2 1 1 20 4 14 5 3 1 2 3 2 2 9 1 1 2 5
2 2 3 2 1 5 3 4 2 1 3 1 5 2 2 2 1 4 2 2 1 3 29 1 1 3 5 2 11 2 2 1 1 16 1 2 2 2 1 3 2 2 1 3 5 2 1 1 1 2 1 2 11 3 44 19 2 2 2 2 6 6 3 1 2 2 2 16 2 2 1 1 1 2 1 21 2 1 1 1 21 3 2 4 1 1 10 1 1 1 1 2 1 1 2 2 4 1 1 2 15 2 13 2 47 1 7 6 2 2 2 3 1 1 2 7 3 3 3 2 4 1 6 2 1 71 2 1 24 9 1 1 2 4 2 2 16 1 6 1 4 1 2 2 2 1 3 2 23 1 10 1 18 2 1 2 3 7 4 1 4 2 2 1 10 2 2 4 4 3 5 3 1 1 2 2 2 5 1 5 5 2 33 3 1 4 1 1 2 1 1 13 1 1 2 3 1 2 2 10
1 5 5 1 1 4 2 5 3 3 3 3 2 1 1 5 2 1 4 14 1 2 2 1 1 1 6 1 14 2 1 3 5 1 1 6 1 25 1 2 2 1 2 49 4 1 1 2 2 21 1 2 1 1 1 1 3 2 2 3 7 3 1 7 1 3 8 2 12 2 7 1 2 4 1 6 15 1 2 2 1 2 45 4 2 3 1 1 4 1 2 5 1 2 21 5 4 3 1 43 2 1 1 3 3 26 1 2 1 1 3 1 1 1 1 2 2 2 8 1 7 1 2 5 2 18 3 18 2 2 2 1 1 4 1 1 3 2 1 2 7 2 2 11 6 1 9 1 1 1 4 2 1 2 3 1 1 1 2 5 1 1 1 1 1 8 1 2 1 2 1 2 2 3 4 2 23 1 4 1 1 3 3 1 1 4 2 1 1 3 5 4 2 1 2 23 1 1 3 3
76 2 2 2 2 1 25 4 2 3 2 6 1 6 3 8 26 1 1 18 19 1 5 2 3 2 96 69 1 1 1 3 1 2 1 2 1 1 5 2 4 1 1 4 1 8 3 5 12 7 2 2 1 1 1 4 1 17 2 1 1 2 1 1 1 3 4 1 1 1 2 1 1 4 8 2 1 2 4 2 3 3 2 2 1 2 1 9 1 46 1 2 6 2 2 2 1 5 2 1 13 2 9 22 1 3 3 3 1 3 7 5 1 6 1 1 2 1 3 2 1 2 4 5 4 2 1 2 4 21 3 1 1 19 1 2 2 1 1 1 3 4 1 6 4 6 1 2 2 1 4 47 3 2 2 2 1 3 3 2 87 3 1 3 1 1 3 2 2 2 1 2 3 5 2 2 2 3 1 2 2 1 171 1 3 2 3 1 13 14 2 19 1 2 9 4 9 2 5 8
5 12 4 1 3 1 1 3 2 1 7 2 4 1 6 1 2 7 2 1 2 9 13 1 5 1 2 1 2 2 1 5 2 1 1 1 101 5 7 5 3 2 2 2 2 1 9 13 1 4 2 4 1 1 1 4 1 5 1 10 11 7 3 1 1 2 5 2 2 2 10 11 123 1 5 145 5 22 2 8 1 1 1 1 10 1 9 2 2 3 6 7 1 2 1 1 2 2 2 16 4 1 2 1 2 1 2 1 5 1 2 4 3 1 4 1 3 1 1 1 3 2 1 2 2 2 5 8 16 7 13 1 1 1 3 1 5 13 1 2 6 1 1 1 2 1 2 15 5 5 1 6 1 1 1 6 3 5 3 9 1 1 3 2 1 1 3 47 2 50 11 1 2 4 1 8 4 7 2 1 2 36 2 2 4 7 1 2 1 4 3 1 1 1 4 3 4 1 1 3
10 1 28 2 2 1 4 11 1 12 1 3 2 2 1 4 1 2 5 2 1 6 4 3 2 3 1 4 1 5 5 3 1 3 13 7 1 2 1 4 1 1 1 3 2 7 1 1 1 2 5 1 2 1 2 1 1 3 1 2 6 3 5 3 1 44 3 1 3 1 1 4 8 3 1 8 1 2 2 2 2 47 1 3 1 1 4 1 10 7 2 5 1 2 3 7 1 3 1 1 5 2 2 3 1 1 180 7 1 2 1 8 15 3 4 3 4 8 5 1 2 2 4 1 2 4 5 1 1 1 1 11 1 2 2 2 1 1 1 6 1 1 3 3 3 1 3 1 35 1 10 3 1 1 4 2 4 2 134 6 2 3 3 1 28 2 2 61 1 49 1 1 6 3 1 1 4 2 6 1 8 3 2 2 3 3 4 2 6 2 3 2 2 2 3 1 1 1 5 6
4 20 5 2 1 1 1 2 1 1 1 1 3 1 6 2 10 7 7 3 3 4 1 2 3 18 2 1 3 2 7 1 1 1 9 4 18 7 1 7 2 7 2 3 12 5 3 4 1 2 2 2 1 1 8 1 5 1 8 23 2 3 2 1 1 1 7 2 4 1 5 2 129 3 3 21 1 2 4 2 1 4 1 8 2 2 6 2 1 4 1 1 1 4 2 3 4 1 1 1 9 1 5 2 1 7 2 8 2 4 5 11 2 7 5 24 3 1 2 1 1 1 66 1 3 1 2 16 23 2 2 1 2 1 1 2 2 1 23 5 6 1 4 2 6 8 3 1 1 2 2 2 1 3 4 3 1 1 2 2 1 1 1 1 1 1 2 1 7 3 1 106 6 2 2 5 1 4 1 1 3 6 3 2 3 10 5 3 8 2 2 9 3 3 2 1 2 5 7 76
2 1 2 57 24 11 4 7 6 4 2 6 1 5 2 1 6 13 1 4 3 1 6 1 1 13 4 15 2 2 1 455 2 2 2 2 1 3 2 1 2 2 1 3 3 2 8 1 1 1 3 4 1 1 54 8 1 3 2 1 15 2 265 2 1 1 1 15 1 7 1 1 1 2 2 2 2 1 2 8 2 1 1 4 1 2 1 2 1 3 1 2 1 15 1 49 2 3 1 2 1 1 5 2 2 1 6 1 2 4 16 1 5 2 8 10 4 3 3 1 4 4 15 2 2 1 2 2 1 11 1 1 1 2 1 1 1 1 22 13 3 1 1 1 1 2 1 1 1 1 1 1 2 3 9 2 1 3 3 1 1 6 6 1 4 3 1 31 1 4 1 2 2 3 1 1 2 2 1 1 3 1 2 1 9 1 9 1 1 47 23 5 1 2 4 1 2 1 1 2
29 1 3 4 1 2 17 6 73 1 2 8 2 5 2 3 49 24 3 2 2 1 2 2 1 1 2 2 2 30 2 6 5 1 18 2 6 1 1 2 3 3 2 2 1 6 1 2 1 3 15 2 34 2 1 5 3 1 2 6 1 4 2 2 4 1 1 2 1 1 2 1 1 15 6 2 2 1 2 6 149 1 2 2 1 2 1 3 1 1 3 2 2 2 5 8 1 8 1 1 2 3 1 2 11 3 2 5 2 3 2 2 2 1 8 1 4 2 2 3 1 1 1 2 2 26 4 1 1 1 1 1 2 2 2 2 1 8 2 1 3 2 2 8 6 10 2 2 1 23 1 1 2 2 18 1 2 3 2 1 2 1 1 8 3 1 8 3 1 6 2 1 2 4 1 2 1 1 1 14 2 4 2 2 2 10 2 1 2 4 2 1 4 1 2 1 6 8 2 4
2 2 3 8 3 2 2 3 23 1 1 1 17 1 1 1 1 6 1 2 2 2 1 1 4 2 2 5 2 2 1 10 9 1 2 2 14 1 1 1 1 1 5 2 2 3 6 3 2 3 3 1 2 1 2 1 2 1 1 5 4 3 4 1 1 30 3 1 4 6 2 3 2 1 2 4 5 1 1 4 3 2 2 3 4 1 2 3 2 3 3 1 8 12 2 8 1 1 7 2 3 3 3 6 4 37 2 1 2 7 4 21 2 4 1 5 1 8 15 1 3 12 2 1 2 1 1 87 13 2 5 16 4 5 32 2 2 9 6 3 1 1 2 4 2 2 2 6 1 3 2 1 2 1 2 1 2 2 3 1 2 2 6 17 1 1 9 1 4 2 13 1 2 1 1 21 1 9 1 2 2 106 2 2 241 2 2 2 1 5 1 1 2 1 3 2 2 1 9 6
11 3 2 5 3 1 2 1 4 7 5 3 3 5 1 1 1 1 5 2 1 1 5 6 5 6 1 1 1 2 1 1 1 6 2 2 3 1 6 12 5 1 2 16 1 2 4 2 1 1 4 2 1 6 1 2 1 3 3 4 2 11 1 2 2 2 1 2 10 1 3 2 39 3 4 2 1 11 5 2 5 1 188 1 3 2 1 6 5 5 11 2 5 3 1 5 1 1 1 4 3 1 2 2 1 1 2 2 2 1 38 2 3 3 2 1 2 2 2 5 3 2 3 2 1 1 2 3 2 5 1 2 1 1 6 1 3 1 5 2 3 2 3 3 2 8 3 3 2 1 2 2 2 41 16 2 5 2 3 1 2 2 6 2 2 3 1 2 2 2 2 3 122 3 3 4 2 1 3 13 1 1 4 1 2 2 2 7 1 1 111 9 63 2 1 4 2 2 2 3
1 2 8 4 2 1 1 16 1 32 12 1 3 83 2 2 7 1 5 21 3 4 1 1 2 9 1 2 1 1 1 7 2 8 4 7 2 20 2 51 6 3 5 2 1 2 2 7 1 2 2 2 3 1 1 5 1 2 4 1 17 2 4 2 2 2 2 1 1 5 15 3 4 2 2 1 1 11 3 6 35 1 3 1 2 1 1 1 4 11 2 67 2 2 2 2 4 1 1 4 4 1 1 1 9 3 1 5 4 1 2 1 1 2 5 1 4 1 2 1 10 2 10 10 1 1 3 7 2 4 1 1 2 2 2 8 1 3 11 2 3 2 3 23 2 2 2 7 3 19 1 1 2 2 1 3 6 8 10 2 3 1 1 219 1 1 1 1 4 2 2 8 1 1 1 9 3 1 39 1 15 5 5 1 3 1 2 3 1 3 2 4 57 2 3 1 333 2 10 3
4 1 1 1 1 1 4 3 1 3 47 1 4 5 2 1 1 9 9 1 2 1 4 1 2 7 2 14 3 2 3 1 2 1 5 6 1 2 3 2 5 18 3 2 1 1 2 1 3 1 30 12 1 2 2 5 1 1 1 25 8 2 45 5 2 3 2 6 3 2 1 3 3 7 2 1 1 5 5 1 9 3 1 87 2 2 1 1 25 3 11 1 1 5 2 2 7 1 25 1 1 1 2 2 1 1 11 2 2 1 5 1 2 1 1 9 2 3 2 1 5 3 1 2 21 2 2 2 1 6 2 1 1 1 2 1 9 1 2 2 7 5 2 4 2 2 2 2 2 2 18 9 1 1 1 3 1 2 1 2 15 18 2 1 4 2 1 4 2 8 7 1 2 2 1 1 6 5 1 5 1 3 4 3 3 3 1 9 1 1 5 2 2 1 1 23 2 2 2 7
2 1 3 1 1 1 3 6 5 3 5 3 18 13 4 2 4 2 9 2 1 2 13 2 1 6 5 1 2 1 1 2 1 1 2 1 36 4 5 1 2 2 2 1 1 3 2 1 1 2 4 2 22 5 4 1 1 2 7 1 3 8 1 3 2 1 1 1 1 3 2 2 2 2 1 1 3 1 8 3 1 2 1 1 5 1 1 1 1 1 5 1 2 2 2 4 3 9 4 2 1 2 2 1 1 1 6 1 1 5 2 2 2 55 7 4 1 1 1 2 1 8 2 1 16 1 4 3 4 2 10 3 1 2 5 2 4 2 2 1 3 47 2 5 4 1 2 1 6 1 3 1 3 1 2 2 1 2 44 16 3 2 3 12 1 1 4 4 2 3 3 1 2 1 2 4 3 2 20 3 4 1 1 1 1 4 1 18 3 2 2 78 4 1 13 1 8 1 2 2
3 1 3 1 22 6 2 2 2 1 1 3 4 1 2 1 1 4 2 1 2 1 1 1 1 1 3 2 15 2 89 1 2 1 1 2 3 1 2 1 2 3 2 4 1 1 2 1 2 2 9 6 2 1 2 1 1 2 1 3 1 3 6 11 2 4 1 5 2 15 2 1 2 1 4 1 11 9 1 1 3 11 2 4 2 3 1 1 2 1 5 7 3 5 2 38 2 4 2 2 1 1 15 1 1 2 98 1 2 3 1 7 2 2 4 1 3 2 3 4 1 1 1 1 1 17 3 2 5 2 2 2 7 1 4 1 6 2 90 7 1 1 2 1 2 1 3 2 1 2 4 2 3 3 2 5 10 2 4 1 1 1 2 1 1 1 3 2 2 3 3 1 84 2 1 8 2 2 2 1 5 3 215 2 22 1 2 37 5 4 2 4 4 16 2 2 1 16 3 2
2 1 2 15 2 2 2 2 5 3 7 4 1 108 2 5 2 1 1 5 3 1 5 59 2 9 2 8 1 9 1 5 2 7 1 2 3 1 2 1 2 3 2 3 3 16 1 1 6 2 1 1 3 5 11 1 1 2 2 2 3 3 9 27 6 1 10 3 1 2 1 1 2 2 2 1 1 2 4 1 4 2 5 9 1 4 5 2 2 2 5 2 3 2 30 3 1 1 2 3 4 2 1 1 1 38 1 23 1 2 3 1 5 26 1 2 1 6 2 2 2 1 3 2 1 2 4 2 9 1 5 7 6 1 8 1 2 3 4 3 36 1 1 23 9 1 1 3 1 2 3 1 1 7 4 5 3 9 1 1 2 1 10 2 2 3 1 2 2 2 2 38 3 54 1 2 1 9 2 4 3 2 16 1 4 1 2 42 3 2 3 2 26 2 2 6 2 1 1 1
1 1 1 1 5 2 2 3 5 10 2 2 1 1 2 7 1 8 2 1 9 1 58 2 1 2 2 14 3 2 3 1 1 5 1 4 11 2 1 14 2 1 3 3 1 1 6 21 2 2 17 2 1 2 1 5 2 10 4 1 11 1 4 1 2 3 2 2 3 3 2 2 3 5 1 192 14 3 2 1 1 22 6 1 3 1 141 1 3 2 3 1 1 1 4 29 3 2 2 2 3 3 1 2 2 2 1 9 2 2 4 61 3 10 4 4 1 1 10 2 1 2 2 16 5 1 1 2 25 2 2 3 1 1 3 1 1 2 7 1 1 1 9 2 1 8 3 3 1 1 1 8 1 1 256 5 3 3 1 3 1 2 4 2 2 1 37 1 3 4 2 1 2 17 2 1 2 9 6 1 56 1 1 1 1 1 2 7 1 30 8 1 2 1 1 4 1 2 1 1
2 3 3 2 20 13 2 2 1 9 1 6 2 2 1 2 2 67 2 54 4 11 1 4 30 24 5 2 1 2 9 4 1 1 2 1 3 1 1 1 2 19 1 10 1 1 3 2 1 10 2 1 1 2 62 1 2 4 2 3 3 3 2 2 4 2 1 1 2 1 2 2 10 1 1 1 2 2 1 1 1 1 3 1 2 2 1 1 2 3 1 1 6 2 3 2 7 6 1 1 1 8 12 1 2 2 2 12 1 1 16 1 1 1 3 1 2 13 27 2 1 1 3 1 2 4 1 3 2 1 32 1 1 2 1 4 2 1 5 5 2 1 1 1 6 1 1 1 4 2 1 2 1 1 1 4 2 2 8 2 1 1 2 1 1 1 2 2 1 1 1 18 3 4 2 4 3 1 1 3 2 2 4 3 3 3 1 2 1 2 2 4 5 4 2 1 1 1 3 33
3 1 2 4 3 3 1 2 2 1 1 1 1 2 3 72 1 1 1 4 1 6 1 2 1 1 1 5 2 1 2 11 3 11 7 7 3 2 1 2 1 1 17 11 2 9 2 5 1 14 1 1 13 31 1 6 20 6 1 2 4 2 1 2 1 19 3 2 1 46 1 1 1 1 22 3 2 3 3 3 37 3 1 1 3 2 11 1 1 2 2 1 1 3 3 4 3 95 1 2 1 2 8 2 16 1 4 1 3 2 1 26 1 1 2 4 2 1 4 1 52 1 1 1 5 2 1 2 2 1 2 3 12 2 10 1 4 60 1 1 37 2 16 4 1 37 111 4 1 3 1 1 5 1 18 1 3 3 1 1 8 6 3 2 3 3 2 2 7 11 2 1 1 3 1 1 2 1 1 18 1 1 3 5 4 97 1 2 18 2 4 2 5 5 2 2 2 2 2 2
1 1 1 2 38 1 1 1 2 17 3 5 1 4 1 2 1 1 1 9 1 1 1 38 3 2 1 2 1 4 5 1 3 3 1 4 2 2 2 1 1 2 2 3 10 2 8 7 1 2 5 2 2 2 1 4 1 1 2 1 7 4 1 1 1 4 11 1 5 5 4 11 3 4 1 4 1 2 4 8 1 2 1 1 4 7 1 2 1 1 1 1 2 1 2 2 1 1 2 10 4 4 2 2 3 11 66 1 2 3 3 8 8 2 6 1 2 4 5 4 2 1 1 1 3 6 4 15 3 2 12 1 3 6 1 1 3 2 14 1 4 2 2 8 2 3 1 1 3 1 2 2 1 2 5 1 1 1 2 5 1 2 6 2 1 1 6 1 3 13 2 2 2 11 2 2 1 1 4 5 1 6 4 3 7 4 1 7 17 2 1 3 1 2 2 1 1 7 1 2
2 17 2 3 3 4 1 4 1 1 1 1 20 80 1 1 3 3 1 4 12 2 1 13 2 3 1 1 2 1 4 4 3 4 1 1 1 9 9 3 2 9 2 1 1 3 1 2 4 2 1 13 10 7 3 4 6 73 8 13 6 13 35 2 1 2 7 4 1 1 4 3 2 11 4 1 12 28 2 1 13 2 8 3 1 3 2 1 4 3 10 2 1 1 2 1 3 2 2 2 1 2 1 2 2 41 5 1 9 2 1 1 1 5 2 1 2 5 5 3 2 2 4 2 1 38 1 1 1 1 2 6 2 3 2 4 2 2 55 3 11 3 2 1 25 1 1 1 1 26 1 1 1 3 3 1 1 2 3 1 20 1 2 5 4 9 8 1 5 1 3 4 8 5 4 6 2 2 1 3 1 3 4 2 2 1 4 49 2 1 1 1 1 4 1 3 1 4 24 33
1 12 12 1 2 3 3 2 2 2 1 1 1 30 1 6 3 1 2 1 3 1 1 1 4 1 63 6 6 13 4 7 4 17 2 2 2 1 11 4 14 1 8 203 1 4 4 1 1 13 1 2 1 42 1 4 2 1 9 8 1 14 5 2 21 2 1 1 3 2 5 5 7 1 4 1 13 1 2 6 4 2 4 1 2 3 1 4 1 7 1 24 1 2 10 1 8 6 2 1 181 3 2 4 2 3 2 2 1 1 2 1 7 6 1 5 7 1 1 3 1 1 1 11 2 1 1 4 2 1 1 1 2 2 1 1 3 10 38 5 4 1 2 3 8 1 1 3 7 2 1 1 2 7 1 4 2 1 1 1 5 1 1 3 6 7 1 10 15 1 14 13 3 4 7 2 2 3 1 1 2 7 4 102 3 1 1 14 3 2 2 2 12 2 8 1 1 57 2 2
1 2 8 4 2 5 2 3 1 7 2 5 1 3 2 1 4 2 5 1 2 2 2 2 2 5 1 21 5 1 1 2 3 2 2 1 27 7 3 2 9 1 1 1 2 1 9 2 7 2 3 10 2 1 2 2 41 1 1 6 3 1 1 2 1 2 2 1 3 16 2 2 8 2 1 1 1 1 2 3 3 3 1 3 10 129 3 4 2 2 9 1 1 1 2 100 1 2 1 1 9 1 3 2 2 2 1 3 2 3 2 2 5 2 3 31 1 3 5 8 7 139 1 1 1 1 1 2 1 1 8 21 4 6 7 1 1 3 1 1 2 4 1 1 3 17 2 1 4 266 1 2 1 1 1 1 1 1 11 4 5 1 3 2 1 1 1 2 1 2 3 1 10 11 1 2 1 6 1 1 2 1 12 3 4 1 12 2 1 2 64 6 1 2 1 1 4 2 2 2
1 2 2 9 7 2 1 2 2 44 12 2 1 3 2 3 1 23 2 1 2 2 15 3 1 2 1 2 1 3 3 1 1 3 2 1 3 1 2 1 2 4 1 67 2 2 1 4 2 2 2 4 9 1 1 1 6 2 2 20 1 8 3 1 1 1 1 6 2 3 2 2 3 2 1 3 2 1 3 3 2 5 12 2 10 2 2 5 1 2 2 15 1 1 3 1 1 1 1 1 2 2 1 2 1 9 5 1 1 1 1 2 115 5 2 3 1 2 7 30 1 3 1 1 2 18 2 2 2 1 2 4 5 2 2 1 11 3 22 2 2 30 2 2 1 2 1 6 3 22 2 1 1 2 1 1 6 1 2 2 13 3 5 3 1 1 3 1 2 3 4 2 1 3 2 2 2 2 1 1 1 1 1 1 9 3 7 1 1 74 1 1 1 3 1 2 1 1 9 1
3 3 1 43 1 1 27 2 1 2 3 1 2 1 4 3 2 1 2 3 3 2 4 3 9 2 1 3 1 2 1 1 1 3 5 1 2 3 1 1 2 1 3 1 1 2 3 2 2 2 2 2 5 1 2 2 2 2 2 1 199 1 3 1 2 203 2 2 1 1 2 24 4 1 6 2 2 2 4 56 3 1 8 3 3 7 7 3 1 4 13 2 1 5 2 5 2 1 2 3 7 1 1 1 4 9 2 4 31 2 11 2 5 1 12 2 2 3 1 13 2 2 6 1 2 11 7 1 1 17 3 2 1 4 1 1 1 1 10 3 2 3 15 17 3 2 1 1 2 1 4 94 2 1 9 5 2 1 2 3 2 2 218 3 16 3 3 1 2 2 6 1 1 3 3 4 9 2 11 2 2 1 2 2 5 1 2 4 2 11 3 5 2 5 7 1 2 2 2 3
1 3 6 1 1 2 2 2 1 1 2 2 3 2 1 1 4 2 2 2 4 2 6 39 2 1 3 3 3 1 2 2 4 2 2 3 11 2 1 4 2 1 2 4 1 3 12 2 1 9 9 6 1 5 1 3 1 3 1 1 5 2 2 2 2 1 2 1 164 3 2 1 26 2 1 6 3 1 15 2 4 1 2 1 3 3 1 1 2 2 1 1 6 1 2 8 1 4 21 1 14 2 1 1 5 1 1 3 9 1 1 2 5 1 1 2 3 2 1 4 2 1 1 2 1 1 2 1 1 1 1 2 3 55 1 7 2 2 8 2 2 1 2 1 6 4 1 5 3 1 73 1 1 2 2 3 1 2 1 3 2 14 1 2 2 2 1 2 2 2 1 1 4 5 1 1 8 2 2 2 5 4 1 5 1 2 5 3 3 2 81 3 5 1 9 1 2 20 1 2
1 1 20 14 16 2 1 4 62 2 3 3 4 1 3 2 3 1 2 1 2 3 2 2 4 3 10 3 8 9 10 2 1 1 1 1 1 2 2 2 2 4 2 2 5 1 6 7 1 2 3 3 10 4 2 2 5 57 10 1 2 33 5 10 3 7 4 4 1 11 2 4 2 102 4 1 2 1 2 7 1 3 1 1 5 1 2 1 2 3 1 2 467 2 1 2 2 1 16 11 2 2 3 2 3 15 9 2 5 1 1 1 3 2 13 1 1 5 1 2 1 1 1 3 2 7 2 3 4 2 2 1 8 2 10 2 4 4 1 27 1 2 30 3 57 4 17 2 1 1 8 1 14 1 1 2 3 3 2 2 6 1 1 65 2 5 1 2 1 3 1 1 2 6 2 1 1 1 3 32 2 1 3 1 2 2 1 1 1 1 2 3 439 1 1 4 2 28 1 1
2 3 2 6 1 3 1 1 1 2 1 5 13 1 8 2 2 3 17 1 2 6 4 3 2 5 4 6 1 6 1 1 31 1 2 2 2 2 5 3 5 2 160 2 1 1 1 2 4 1 17 2 1 1 1 2 3 2 2 1 3 3 2 7 3 1 3 13 18 1 17 2 1 2 3 2 10 8 85 3 4 3 2 4 1 2 1 4 3 4 2 1 4 11 2 2 9 1 6 3 4 2 2 6 5 4 47 2 1 2 1 2 2 1 6 5 1 46 5 6 2 1 3 2 2 2 2 1 4 1 1 1 3 2 3 2 2 9 5 1 1 2 2 1 2 2 8 3 2 1 8 13 1 15 1 1 2 2 1 1 1 6 2 1 1 2 6 1 2 2 1 3 3 7 1 1 1 1 3 6 1 2 1 1 1 1 3 3 4 1 2 1 4 2 4 1 1 4 3 22
9 3 1 1 1 2 1 3 3 3 2 3 2 2 2 1 1 35 27 4 4 1 6 1 37 1 1 2 3 1 18 2 1 6 1 4 6 1 2 2 1 3 1 1 1 1 2 1 1 1 28 2 4 3 4 206 2 10 5 1 1 2 3 1 3 1 2 4 1 23 1 1 4 2 1 2 2 6 2 10 50 19 11 2 2 2 3 1 5 8 1 12 2 24 1 1 4 9 5 3 3 1 1 3 4 12 2 7 1 1 4 2 1 3 1 5 3 78 6 1 1 3 1 1 4 12 1 2 11 2 1 1 1 2 5 1 3 2 2 3 3 3 2 1 1 1 2 2 1 8 8 2 2 3 1 36 1 3 1 18 2 19 1 1 1 2 1 2 7 1 4 2 1 1 3 1 11 2 1 38 2 11 9 2 1 1 3 4 2 1 3 1 1 56 3 1 3 6 6 15
2 4 2 3 3 1 1 2 4 2 6 2 3 4 3 2 14 2 46 1 8 4 1 2 2 10 1 7 19 1 2 2 5 4 1 1 1 2 2 4 2 1 1 2 1 2 4 2 4 1 4 4 1 2 45 2 2 1 1 1 1 3 1 2 2 1 2 2 2 30 2 26 1 2 4 2 6 8 29 2 55 1 2 5 3 2 6 1 1 308 5 116 61 12 9 2 1 1 2 2 4 3 4 1 2 4 2 1 1 1 2 5 1 1 1 5 16 1 1 3 1 2 192 1 3 1 3 1 2 14 9 65 2 3 2 3 30 4 2 3 1 7 6 1 2 3 38 2 3 1 8 3 1 1 2 2 2 1 2 13 3 1 3 3 5 3 1 3 12 1 1 7 1 1 10 1 1 11 2 2 1 3 3 2 1 8 3 3 1 2 2 2 2 1 2 20 3 1 11 2
1 2 1 1 1 6 21 1 2 156 3 2 1 3 2 3 2 2 5 2 2 2 2 2 2 3 2 14 3 2 2 3 2 2 2 2 4 1 12 2 1 1 1 2 2 2 4 2 1 2 19 2 1 4 1 2 5 3 2 5 3 1 2 5 4 1 2 6 6 1 1 7 5 3 1 2 4 1 11 2 2 1 2 1 24 4 1 2 10 1 3 3 2 3 3 1 1 3 2 3 29 12 4 1 2 3 2 1 2 9 2 8 1 2 1 3 1 6 1 2 2 8 2 1 3 2 3 13 147 2 2 1 2 2 4 1 2 8 2 5 1 3 21 6 5 2 1 1 16 1 3 2 6 2 11 2 1 5 12 4 3 1 3 1 2 1 1 17 3 1 1 2 47 3 2 2 31 2 76 2 1 2 14 30 30 1 2 9 1 4 2 1 13 7 1 2 2 3 1 1
1 5 4 62 1 3 3 4 1 1 4 1 7 3 2 2 3 1 1 1 2 2 4 1 2 2 1 5 2 3 2 1 3 1 1 2 1 2 2 1 2 7 12 1 2 1 3 18 1 2 1 1 26 2 1 1 2 4 9 1 3 1 5 1 1 6 10 1 15 9 1 1 2 2 3 2 1 1 6 2 1 1 5 1 2 1 1 3 1 3 3 23 2 2 2 2 10 2 2 1 5 2 4 2 1 2 3 4 2 1 2 27 2 23 1 1 1 1 4 12 1 25 6 1 3 3 1 1 2 9 1 1 4 2 15 4 1 2 5 4 1 2 4 6 3 2 2 2 5 2 3 1 1 5 1 2 2 1 6 1 5 2 4 1 2 8 1 2 27 1 2 30 2 4 3 1 2 5 1 8 2 5 1 2 1 3 1 2 2 12 4 2 5 1 2 1 10 2 3 4
1 1 2 7 2 1 2 7 2 1 1 7 3 5 1 7 12 2 3 9 3 2 2 1 2 5 3 7 2 1 6 2 14 2 3 1 2 2 12 1 1 4 4 1 7 2 2 4 1 96 145 19 4 3 14 2 40 1 1 1 7 10 3 7 1 1 10 1 13 1 1 5 1 3 1 3 2 2 27 2 4 1 2 4 18 22 61 3 11 3 2 1 3 1 2 5 2 2 2 2 1 1 13 2 1 2 3 2 1 1 30 1 1 1 12 3 1 2 8 4 3 1 3 2 1 2 4 10 2 1 1 1 2 364 1 1 1 2 3 8 2 2 3 3 1 7 1 1 1 16 8 1 2 8 2 2 1 1 1 1 1 2 4 1 2 6 3 1 2 2 2 6 1 4 1 10 3 1 1 2 1 2 1 1 3 3 1 1 10 3 1 89 12 129 2 1 3 1 1 11
3 32 9 1 1 7 30 1 1 5 2 2 3 1 1 3 2 7 4 2 1 1 8 1 1 9 4 4 1 10 1 5 1 11 1 20 2 2 2 2 1 2 6 1 21 1 4 4 4 2 1 4 3 7 3 1 1 2 2 4 2 7 2 2 1 3 336 106 1 1 3 2 1 4 2 2 1 2 1 1 1 3 3 1 1 1 2 3 38 8 6 2 2 6 3 11 3 3 2 2 5 2 3 1 3 1 9 1 1 4 1 2 7 1 1 6 45 3 3 4 1 1 1 1 2 1 1 13 1 10 1 2 1 2 2 1 5 2 7 7 2 6 1 2 25 1 4 1 5 176 1 8 2 1 6 4 1 23 2 3 17 1 1 1 1 4 1 1 2 1 8 1 1 3 2 2 3 2 5 1 2 3 1 1 4 3 2 1 1 2 2 1 23 1 2 1 2 2 9 14
111 2 1 3 3 8 1 1 2 7 1 4 2 4 1 8 1 418 1 1 1 2 3 1 4 1 4 3 4 23 5 1 2 1 1 1 2 4 2 1 1 1 2 3 1 29 1 2 3 2 1 2 3 3 1 2 2 1 1 11 2 2 2 1 1 7 13 3 6 1 1 1 2 1 1 2 2 1 3 2 2 13 2 7 4 2 1 6 2 6 4 3 6 1 2 1 1 1 59 1 2 2 2 6 14 3 11 7 6 4 3 2 2 3 1 4 2 2 2 6 1 2 2 2 20 1 3 4 2 1 1 10 14 6 7 4 5 3 1 9 2 1 6 1 58 3 1 6 9 1 1 4 2 1 5 2 2 2 2 4 1 1 2 1 2 2 1 1 1 1 1 1 2 1 1 1 3 1 4 1 6 1 2 1 2 1 5 2 1 1 1 15 4 10 2 2 1 23 2 1
3 1 2 1 2 3 1 1 1 1 2 3 1 1 4 1 6 1 3 2 1 3 4 1 1 2 2 3 1 1 1 58 4 1 22 4 2 1 2 2 46 3 3 5 12 2 2 1 1 1 1 1 2 2 2 4 2 4 1 1 2 2 2 6 1 1 15 3 7 2 6 10 1 1 2 1 1 2 8 1 2 5 12 1 1 2 2 1 1 5 13 1 1 1 3 1 2 1 1 1 5 1 7 8 1 2 7 2 1 3 13 1 24 3 1 1 1 2 1 1 2 4 12 10 1 2 41 3 1 2 2 2 1 2 11 2 2 13 1 2 2 1 1 1 2 1 3 2 1 3 2 5 37 2 14 1 1 3 1 1 3 1 2 3 1 3 2 1 2 2 23 21 1 1 6 18 1 4 1 1 2 17 8 1 3 2 3 1 104 3 1 16 5 3 10 2 5 9 1 5
2 1 3 7 2 1 42 4 1 2 5 1 2 93 2 1 2 2 10 2 5 5 1 354 4 77 2 78 1 2 5 3 2 3 3 19 3 1 5 1 5 3 3 1 2 2 1 1 1 1 72 1 2 1 1 2 4 2 3 2 1 1 13 1 1 1 15 1 4 5 2 3 5 2 72 35 3 2 1 3 1 1 5 26 2 1 2 11 1 2 1 23 4 1 1 3 3 2 3 1 2 2 2 5 2 2 2 2 1 5 1 6 1 1 1 1 1 1 2 5 1 2 5 1 10 1 3 82 5 2 1 2 1 1 3 4 15 1 1 1 1 4 2 16 6 14 2 4 2 3 6 1 1 4 1 2 2 4 1 27 3 1 1 1 2 1 6 1 5 2 2 1 1 10 1 4 27 2 2 1 3 2 2 40 3 4 14 3 2 3 1 2 1 1 4 1 1 2 6 10
1 6 2 1 1 4 3 4 13 1 3 11 2 2 1 3 1 2 1 1 2 183 2 1 1 3 2 8 6 3 2 3 7 2 1 2 7 4 2 1 6 2 2 1 3 2 2 5 3 5 7 2 1 4 12 2 3 2 1 4 2 190 1 7 2 2 2 2 28 4 1 4 2 1 13 52 3 4 1 3 2 1 1 1 1 2 1 1 3 1 10 2 5 1 2 2 1 1 1 1 2 1 2 4 2 2 2 12 1 6 4 1 1 11 25 2 2 7 3 2 2 1 14 4 2 6 18 1 1 1 2 3 25 2 1 3 10 1 1 2 2 2 1 1 2 1 4 2 2 2 2 22 1 1 1 2 1 1 1 4 2 2 2 2 1 22 1 1 3 8 4 6 2 2 3 3 1 1 2 3 1 10 2 7 49 2 1 4 1 2 1 7 2 2 1 4 3 8 1 2
7 1 3 2 1 3 21 3 2 11 12 2 4 2 1 1 1 4 7 11 19 1 2 32 3 1 1 2 1 1 3 4 1 1 3 1 1 1 6 6 19 1 1 1 4 2 5 3 1 2 5 5 9 1 1 2 4 3 17 2 19 3 11 2 2 5 2 2 4 1 5 1 1 2 2 1 1 2 3 3 1 4 3 1 2 1 1 1 1 3 4 2 2 2 1 4 3 1 1 9 3 7 6 2 101 3 2 2 1 2 1 1 3 4 15 4 2 1 1 1 18 4 1 13 2 2 1 2 4 2 2 4 1 11 1 5 1 8 1 1 2 3 12 12 3 1 2 5 11 1 3 1 2 2 5 1 2 5 2 2 1 1 1 17 1 11 2 2 6 2 2 19 2 1 11 1 2 1 1 6 3 1 2 28 3 3 9 3 2 3 4 5 18 2 8 1 1 2 1 1
2 2 3 49 7 26 2 8 2 2 2 2 1 1 15 4 2 6 2 1 1 2 9 2 2 5 1 1 4 1 2 8 1 3 2 3 5 2 4 3 2 2 1 5 9 6 1 2 4 3 1 3 5 3 1 4 5 3 1 2 2 3 2 4 1 2 1 4 1 3 2 1 1 2 1 1 2 2 3 8 7 2 6 2 21 3 12 5 1 1 2 1 3 1 8 4 1 3 2 1 2 1 6 1 2 2 1 2 1 1 1 1 2 5 4 11 11 3 1 1 2 3 2 1 4 2 4 30 2 10 11 1 2 14 1 3 5 2 5 3 3 7 3 1 1 2 18 1 1 2 1 1 1 2 1 83 2 1 4 4 1 3 1 3 3 15 2 4 1 1 5 3 2 1 5 1 1 2 1 2 3 3 4 2 3 3 3 6 4 6 4 2 3 1 8 3 20 2 8 3
2 1 2 7 7 6 1 4 3 3 8 1 1 2 1 4 1 5 3 4 1 4 12 2 1 4 1 3 1 2 2 1 1 2 3 6 1 42 1 19 2 3 1 3 1 10 3 2 2 4 11 1 1 9 1 1 4 20 1 2 1 7 3 2 10 2 1 1 1 1 6 1 6 9 2 1 3 1 1 1 7 4 3 1 1 4 3 3 2 1 1 1 1 2 3 2 9 3 1 1 7 2 1 3 5 1 1 7 2 1 7 3 2 2 3 3 3 2 2 4 1 2 2 1 1 2 2 2 3 3 1 1 2 1 3 2 2 1 1 3 5 1 2 8 2 1 2 4 3 2 1 278 1 13 1 1 1 4 4 30 4 1 1 2 37 12 2 1 3 1 16 3 1 1 2 2 2 3 4 2 2 1 2 6 1 1 1 12 3 4 4 1 41 1 7 4 2 3 6 1
2 3 2 1 1 2 1 6 3 2 2 1 8 3 2 1 1 53 19 1 9 3 3 2 3 2 1 6 3 1 2 12 2 1 2 7 2 9 1 1 2 1 3 2 1 2 41 3 2 6 2 1 3 2 1 10 4 2 2 3 6 1 2 1 2 2 1 4 2 1 1 5 14 1 3 1 1 5 3 1 1 1 2 5 2 1 1 1 5 1 2 1 2 2 1 2 9 4 3 3 29 2 1 1 3 4 2 3 2 1 22 1 9 6 9 7 21 8 2 8 3 4 3 2 5 2 1 2 14 1 1 3 67 2 1 4 1 9 8 1 2 25 2 2 2 2 4 5 3 1 2 8 2 1 8 1 1 1 2 54 2 1 2 3 1 1 4 1 1 2 2 3 1 2 45 87 2 1 3 1 1 2 3 24 1 1 2 3 3 2 3 2 2 2 4 5 3 29 2 1
2 1 5 1 1 3 2 2 8 1 2 1 5 1 6 1 1 7 2 3 4 2 2 1 1 9 4 1 2 1 2 2 1 1 1 1 3 1 2 3 2 4 2 1 3 2 2 3 1 1 6 2 6 1 7 2 13 34 1 11 1 1 4 6 1 2 4 2 2 5 1 6 2 2 4 5 1 15 1 6 1 1 3 1 2 1 1 1 3 1 5 1 5 1 1 5 29 1 1 2 1 23 4 1 1 1 20 3 7 1 23 13 3 4 1 2 1 1 21 3 15 3 1 3 2 1 1 2 5 3 1 2 17 2 2 4 6 2 108 2 2 2 1 1 1 7 1 1 3 4 3 1 2 1 5 1 1 15 1 4 2 2 2 1 3 1 1 4 1 1 9 2 7 4 4 29 2 2 8 1 4 13 4 2 2 2 26 1 2 2 31 4 4 102 2 8 1 6 1 1
2 1 3 3 1 4 12 3 2 3 4 3 2 1 66 2 1 1 2 1 3 14 23 1 2 2 10 2 1 1 2 1 1 2 1 3 1 3 4 3 71 6 4 2 2 6 5 6 3 2 5 4 3 1 2 65 15 5 2 1 2 1 3 1 2 30 6 1 4 2 1 2 1 6 1 8 2 7 2 9 1 9 2 1 1 4 4 2 1 2 1 1 16 5 5 11 2 1 2 4 2 53 2 4 7 2 1 2 2 5 2 3 1 1 1 21 2 2 21 1 2 1 2 19 2 10 3 1 2 14 1 2 20 1 13 1 1 3 1 9 2 3 2 1 5 2 2 7 2 17 2 7 1 5 1 4 1 5 1 5 10 2 2 1 2 7 2 2 7 3 4 1 6 1 3 20 1 4 1 1 1 3 54 2 1 2 3 2 9 3 1 101 6 1 1 14 2 347 2 5
3 2 2 2 1 2 1 2 2 1 3 1 2 1 3 1 3 1 1 2 1 6 2 3 3 5 3 2 3 10 2 1 5 4 1 4 2 2 1 2 1 2 1 1 2 1 4 7 1 1 5 5 1 9 5 1 2 23 3 3 2 11 2 1 2 5 8 2 3 1 3 2 13 2 1 1 2 1 1 2 3 2 7 3 1 2 2 1 4 1 1 1 2 3 3 4 6 2 5 1 1 1 1 2 2 7 1 2 6 2 1 2 4 1 25 1 4 3 2 1 44 9 2 2 2 5 2 1 2 3 2 5 5 8 1 2 2 4 2 5 2 6 2 2 3 3 97 2 2 2 7 5 1 2 7 3 2 1 1 2 10 21 3 26 12 1 1 1 2 3 1 2 1 22 1 1 4 1 1 2 3 2 1 1 3 2 1 3 1 2 2 1 2 2 3 5 14 1 4 3
38 2 1 2 1 4 1 6 1 2 2 1 19 23 5 3 2 2 1 2 3 55 8 1 1 6 7 16 2 2 4 8 1 4 50 7 2 2 17 4 1 1 1 2 2 5 3 1 4 4 2 42 1 1 1 2 1 1 2 18 2 2 4 3 1 1 2 11 39 1 2 6 1 7 2 12 1 3 3 1 5 1 1 1 2 1 16 1 1 9 5 3 2 1 1 1 1 2 33 1 1 12 1 2 5 1 191 2 2 1 1 1 1 4 6 1 2 1 2 1 5 3 2 2 3 2 1 21 5 4 1 2 2 2 1 1 1 2 68 3 3 5 3 2 3 2 1 2 2 1 3 2 1 1 6 5 1 1 1 2 1 5 2 1 2 3 1 2 1 14 4 1 1 1 2 1 9 6 2 2 8 2 5 9 1 1 20 1 1 6 1 2 1 1 1 3 24 3 50 1
1 3 1 127 2 3 13 7 3 2 1 3 1 4 1 1 1 1 3 5 1 2 1 2 1 2 5 4 1 2 2 3 1 2 2 4 2 2 2 2 29 2 3 3 2 22 2 1 1 2 2 1 1 1 3 3 2 3 2 2 1 3 2 1 3 1 1 2 5 2 1 1 3 1 1 33 34 2 38 1 2 3 19 2 1 3 2 2 2 3 1 2 4 2 1 15 18 2 3 4 2 13 2 1 1 179 2 1 1 14 4 3 2 1 1 16 4 1 2 4 124 8 1 1 2 2 1 9 1 1 1 7 1 1 3 18 2 2 2 1 7 2 2 1 4 4 2 1 32 1 1 1 2 2 4 1 3 2 3 2 5 3 4 1 2 2 2 7 1 1 2 5 2 3 5 2 2 2 1 1 1 2 14 4 2 1 1 3 2 3 4 2 1 2 3 1 6 25 2 2
3 14 2 17 39 3 30 1 23 2 2 1 1 2 1 1 34 1 3 2 2 11 4 1 2 12 1 2 3 1 3 1 186 3 1 4 7 2 2 1 3 1 2 2 2 3 2 2 4 4 1 2 2 4 26 4 5 1 1 3 2 4 1 2 2 42 3 6 2 117 1 1 1 3 1 11 3 3 2 3 14 3 7 1 7 1 1 1 3 1 1 1 1 13 2 4 11 4 1 1 1 1 1 13 1 8 22 2 1 1 2 10 4 4 2 4 13 2 1 1 4 2 1 1 3 4 2 14 9 2 1 4 2 2 1 2 5 1 1 2 2 1 2 1 2 1 8 1 2 3 1 3 6 16 1 2 2 2 2 1 8 1 2 1 1 1 1 8 3 3 2 1 2 2 3 3 2 6 1 2 7 5 5 1 1 1 47 17 2 1 1 2 19 18 2 3 1 1 2 2
1 2 3 2 1 1 2 6 4 1 2 3 3 1 13 3 1 2 1 2 1 1 3 1 1 1 8 16 8 5 2 1 1 8 2 4 2 3 2 1 16 1 2 1 1 2 1 1 8 4 1 17 8 2 6 2 22 1 1 1 51 2 4 1 1 3 2 1 1 2 4 1 2 3 2 2 1 2 2 1 1 2 1 2 11 1 1 1 1 7 2 1 1 1 3 2 2 3 5 1 7 1 1 6 1 2 3 1 5 3 3 2 14 2 1 2 2 1 3 14 1 3 4 1 2 3 1 1 2 3 2 2 1 2 7 1 1 2 1 1 2 19 1 4 1 2 1 1 2 4 3 4 2 1 5 1 3 1 1 4 2 1 1 1 2 1 11 3 10 2 3 1 1 2 2 1 1 2 3 1 10 5 2 2 2 6 11 2 2 3 2 2 2 5 6 13 8 39 5 1
1 58 1 6 2 1 2 7 8 2 1 4 1 1 2 2 1 1 2 3 1 1 2 2 8 2 1 2 1 1 2 1 1 2 4 1 3 1 1 25 2 6 8 2 1 1 2 2 11 1 5 43 3 2 2 1 3 11 2 11 1 3 1 4 4 9 2 1 4 1 1 1 2 2 1 7 19 2 4 1 2 2 1 2 2 2 23 1 1 2 1 2 2 1 3 27 22 9 1 6 1 2 3 3 2 4 41 3 54 1 15 2 1 1 2 27 5 2 2 1 21 1 2 2 1 2 4 1 3 1 2 1 1 1 4 8 2 3 7 1 2 1 11 1 2 2 2 9 13 1 17 23 7 16 28 1 12 3 35 2 29 4 8 1 2 2 8 2 1 1 3 3 2 2 3 3 5 4 2 2 2 7 3 2 1 2 1 1 2 2 1 30 4 4 1 3 21 4 5 1
1 1 65 2 4 1 5 2 2 1 3 1 4 2 3 11 1 1 3 3 2 3 4 2 4 13 2 1 2 1 1 20 2 3 1 2 9 3 3 1 27 6 2 9 2 2 173 1 4 2 5 1 2 5 14 1 5 2 2 1 1 3 2 126 1 2 13 2 1 1 5 7 19 2 2 3 2 1 1 3 2 1 1 1 3 1 10 1 2 3 10 1 1 6 1 1 2 1 4 1 4 3 2 11 1 1 1 1 2 5 3 2 3 1 2 3 20 2 2 1 26 2 1 1 1 1 1 2 16 41 2 1 3 3 1 24 9 2 2 1 3 1 1 5 1 1 19 2 2 1 1 3 16 3 1 6 4 6 1 1 2 3 1 2 2 4 3 5 2 11 2 1 3 1 2 1 2 3 228 1 3 5 2 1 2 3 2 2 1 8 2 1 3 1 1 1 3 50 3 2
3 7 2 1 1 2 1 4 1 2 2 2 2 2 1 8 1 3 2 13 5 1 4 1 2 2 6 2 6 2 1 1 1 4 35 3 6 28 2 2 4 8 2 5 5 1 4 2 1 3 1 16 1 1 1 2 8 1 2 5 1 3 1 8 14 3 2 14 3 2 6 1 1 1 2 3 2 2 1 1 11 3 2 30 1 6 2 4 1 1 2 66 10 3 1 2 3 1 6 4 11 3 1 5 2 2 1 1 4 2 4 1 3 2 5 14 2 1 2 3 1 1 3 3 2 1 3 1 1 1 3 1 47 3 1 1 1 4 3 2 5 6 16 1 4 3 179 1 2 1 37 3 4 3 8 459 6 3 1 1 2 1 2 5 2 1 1 1 30 11 15 20 1 14 2 3 10 1 1 2 4 4 16 5 7 1 2 1 1 1 1 2 3 2 2 3 16 1 2 1
1 2 3 4 1 18 16 2 2 1 10 170 2 3 4 2 3 1 1 1 2 1 2 2 4 1 3 10 11 1 2 7 2 7 2 29 1 2 19 4 1 2 2 1 2 2 1 1 5 1 8 2 18 1 3 12 4 1 3 1 1 3 2 5 4 2 1 1 42 1 9 2 2 9 3 52 2 3 3 1 5 2 2 2 1 2 2 2 2 3 2 3 2 2 5 2 2 1 2 1 2 4 5 1 1 4 3 3 1 1 1 1 1 2 2 6 8 2 1 1 1 2 2 1 4 9 32 2 2 2 2 1 2 38 22 1 1 1 2 4 2 3 7 1 2 2 6 3 1 2 2 5 3 2 2 1 2 2 1 1 1 2 17 1 4 2 3 2 1 2 2 3 3 1 2 6 17 1 1 2 1 2 7 2 2 1 1 1 3 2 5 2 4 2 4 10 1 1 6 1
14 3 1 2 4 1 3 1 2 4 2 5 2 1 3 23 3 24 2 2 3 4 3 57 16 3 11 2 1 1 47 4 2 2 12 2 2 4 2 3 4 2 7 17 3 1 2 2 4 2 2 2 1 1 2 3 1 1 5 1 2 201 3 1 3 1 3 2 3 1 11 2 1 1 1 42 1 2 1 2 2 3 8 2 9 7 3 1 1 2 1 1 1 2 2 1 4 3 1 5 1 11 2 1 1 1 6 1 84 3 1 2 1 5 56 2 7 2 1 1 2 1 4 13 4 1 21 2 1 1 9 1 2 5 1 31 4 22 1 1 1 2 3 1 1 2 1 1 28 11 6 45 102 1 2 2 8 4 2 2 1 1 4 2 2 31 1 1 9 4 2 9 5 1 1 44 1 1 8 2 1 2 12 2 3 2 13 1 3 3 1 6 3 4 9 10 1 2 2 2
2 2 2 7 2 11 1 5 4 3 1 2 1 1 1 2 2 1 2 1 1 3 1 3 7 18 14 2 1 1 1 1 12 4 1 1 5 3 2 1 1 9 2 2 2 2 1 4 5 2 2 1 2 1 2 4 3 5 1 1 13 1 1 2 10 5 1 36 2 24 2 1 1 6 2 3 3 6 1 3 1 2 4 3 8 6 1 4 2 1 8 1 21 1 1 10 2 2 1 1 2 4 1 1 1 3 8 3 1 6 2 6 3 1 1 1 2 1 1 9 5 3 2 1 1 1 43 3 3 1 3 45 2 9 18 1 1 11 2 3 4 5 2 2 1 2 5 1 2 76 1 4 5 2 2 3 2 1 1 3 2 18 3 1 2 1 2 4 21 3 28 1 3 2 1 5 2 2 6 2 483 2 2 1 11 2 3 1 1 1 5 3 2 2 2 20 3 4 1 6
2 3 15 5 2 1 1 2 2 7 2 1 4 5 2 2 1 150 2 27 1 1 6 3 1 1 2 2 1 1 4 1 2 4 3 8 1 4 1 3 1 3 7 1 1 3 1 2 1 1 1 5 1 239 1 1 1 7 2 2 3 2 1 1 1 1 11 2 3 1 1 1 1 4 3 1 1 2 1 2 2 7 2 4 13 1 3 2 1 1 1 44 2 1 3 2 1 1 4 1 3 1 5 8 3 2 90 1 2 2 2 1 10 1 1 1 1 6 2 4 3 1 1 1 3 6 3 7 8 2 2 2 2 2 4 21 23 1 5 1 1 2 1 2 2 5 2 2 2 5 2 3 1 207 1 2 2 2 2 1 1 1 1 4 24 25 1 2 1 1 2 5 1 1 1 2 2 5 3 1 2 4 1 2 1 1 7 5 1 2 2 2 5 1 2 2 1 2 4 1
2 2 3 1 1 1 2 1 1 6 5 2 3 1 2 29 1 5 2 1 1 1 2 1 2 1 3 2 1 2 1 2 2 1 2 4 1 2 1 2 1 9 2 1 2 3 2 1 8 1 1 1 13 1 1 6 1 1 25 1 1 11 1 3 2 2 1 3 2 2 17 2 2 1 2 1 4 6 1 1 3 1 1 4 1 2 5 2 3 1 2 14 1 2 2 3 3 1 9 1 2 2 1 1 18 39 39 7 10 1 1 1 1 5 1 1 2 1 2 12 2 2 2 3 2 1 47 1 1 2 3 3 1 1 2 2 3 4 1 4 1 2 1 4 4 1 1 1 1 1 2 2 1 13 2 2 2 2 2 2 5 2 3 21 2 2 3 2 1 2 4 9 1 2 1 1 1 2 1 2 11 1 2 2 1 1 1 3 4 1 1 4 3 49 3 36 11 2 3 2
13 1 3 2 1 2 2 2 3 1 1 1 3 1 2 1 2 3 7 3 1 59 3 2 1 1 1 1 1 1 19 2 2 9 1 1 10 1 3 1 2 2 2 4 1 3 2 3 3 2 2 3 19 2 2 2 39 5 2 2 9 1 437 2 57 1 5 1 2 3 1 8 2 3 1 1 7 5 2 1 1 1 2 3 1 1 1 3 1 1 2 1 8 15 6 3 1 2 1 2 2 17 11 42 1 1 5 2 1 1 19 3 1 1 2 2 1 3 1 1 5 1 1 2 33 1 11 8 1 1 1 6 2 1 2 1 2 1 1 2 17 3 2 39 1 1 8 2 2 2 2 1 1 2 1 1 3 1 14 1 260 1 35 1 2 2 83 1 4 2 24 2 6 8 7 2 7 1 7 4 2 4 1 1 2 4 1 4 6 1 1 3 8 2 1 2 1 1 1 1
1 3 1 1 1 1 2 3 2 2 1 1 2 13 3 2 3 2 1 23 2 1 2 1 2 5 12 2 1 6 3 3 2 2 4 1 2 3 1 1 2 2 1 1 52 2 1 2 400 1 9 1 2 4 2 1 35 2 5 7 3 20 19 1 1 4 3 2 124 1 3 13 6 1 9 2 2 2 1 4 2 3 5 3 28 6 3 2 1 2 1 3 24 3 2 13 1 4 2 1 1 4 2 1 1 1 2 1 3 2 1 2 4 1 1 1 5 9 1 6 1 2 40 3 9 1 1 2 2 7 2 1 1 1 5 1 1 2 1 3 3 8 5 1 2 1 1 3 1 7 6 1 3 1 2 8 1 1 1 2 2 1 2 3 1 2 2 8 3 2 1 1 1 3 2 31 1 35 1 1 34 14 1 30 1 1 3 2 4 3 1 3 1 2 3 7 1 2 2 23
2 2 1 21 5 6 2 3 3 3 2 2 22 2 6 7 1 11 2 3 7 6 2 3 2 1 2 3 2 2 1 1 7 2 4 1 2 4 3 3 5 16 9 1 1 4 2 3 2 1 8 1 1 1 1 5 3 2 2 2 49 16 2 4 2 1 1 1 2 2 6 1 1 2 2 1 2 1 28 1 1 8 1 37 16 6 1 18 12 6 6 2 2 1 1 1 4 2 3 8 5 2 1 3 1 4 1 1 1 2 4 2 2 1 1 9 3 2 4 1 10 2 3 4 1 2 7 5 2 50 2 1 3 1 1 2 2 1 2 2 2 1 2 1 1 11 1 1 1 1 4 2 1 9 2 2 6 1 6 2 2 1 1 1 1 1 3 10 3 2 4 2 16 20 2 3 1 3 1 1 9 5 1 4 1 8 8 1 3 5 24 3 3 1 20 1 2 2 11 1
5 2 1 2 1 2 1 2 5 2 14 1 2 2 122 2 119 3 1 1 7 2 8 10 1 229 2 2 8 9 1 4 1 1 2 3 1 9 2 3 1 3 3 209 1 1 3 2 1 2 2 2 3 2 6 2 2 2 1 4 2 47 4 3 11 3 1 2 27 1 2 2 5 2 2 2 2 1 1 2 1 460 1 328 13 10 9 5 6 1 2 1 2 1 9 2 155 2 4 2 4 8 1 2 3 4 1 4 2 2 17 1 1 2 1 28 1 5 9 11 2 3 2 3 5 2 1 10 2 1 1 3 1 2 5 2 2 2 1 3 1 2 1 2 3 6 1 2 1 3 1 2 2 2 2 1 10 2 2 4 4 2 1 3 2 4 2 1 2 1 1 1 16 2 2 1 5 3 5 1 1 1 11 1 137 2 1 12 5 1 1 3 1 3 15 1 3 7 36 1
1 1 4 3 2 1 1 2 3 4 3 2 2 2 2 2 2 5 11 2 2 9 3 32 1 1 2 1 1 1 1 9 2 2 13 1 1 1 4 1 1 17 13 2 3 2 1 1 4 1 7 3 1 3 2 2 3 1 5 2 2 12 3 1 3 1 43 1 4 1 3 3 3 2 9 1 2 2 3 2 1 1 1 4 1 53 1 4 1 3 21 1 1 9 1 2 2 1 1 33 3 2 2 1 1 2 9 4 2 3 1 1 4 2 23 3 1 2 2 2 2 2 1 2 7 2 3 2 1 3 2 9 5 1 3 1 2 2 2 4 4 7 6 6 2 12 1 2 2 2 1 11 19 2 1 4 4 14 3 1 1 1 1 2 13 3 3 1 1 1 2 2 2 2 1 5 2 2 1 3 2 1 3 3 4 2 1 3 3 1 2 1 9 2 2 2 1 5 4 3
2 1 1 2 4 3 1 2 5 3 13 7 1 3 1 8 7 5 2 2 2 1 43 1 4 3 30 2 2 2 1 1 1 1 1 1 5 1 1 1 1 1 1 1 3 1 2 2 1 1 2 4 62 2 2 1 1 28 5 1 1 19 1 3 3 2 3 2 7 5 1 9 4 11 1 2 1 2 1 2 2 1 2 1 37 95 1 2 4 2 1 2 3 1 1 5 2 3 1 15 2 3 9 2 2 24 1 1 1 1 3 2 1 1 2 3 4 1 3 1 1 3 6 5 1 2 1 2 2 1 3 1 2 1 5 5 2 1 3 2 12 3 1 2 8 3 4 1 1 15 2 3 1 2 1 1 1 1 6 7 5 2 5 1 2 2 1 4 1 1 2 2 2 7 1 6 2 3 4 1 2 10 6 6 1 3 6 2 1 3 3 199 68 1 2 2 2 3 1 1
5 4 1 1 10 1 4 1 2 2 4 7 7 1 1 4 14 4 2 1 5 1 1 1 3 37 2 1 2 1 2 2 1 4 2 2 1 1 3 1 5 6 7 12 2 2 1 1 2 1 2 1 9 2 3 1 1 1 4 2 24 2 1 6 2 2 2 2 1 13 1 1 3 3 1 1 1 1 3 2 1 1 2 1 2 15 44 2 7 2 1 1 4 1 1 3 2 1 3 1 1 1 1 1 3 3 1 2 1 2 1 2 1 23 11 7 2 2 4 2 3 1 1 1 1 4 1 1 26 1 1 1 1 3 2 3 1 1 1 1 1 5 4 1 2 2 1 2 17 1 2 1 1 5 1 12 15 7 2 4 1 1 1 56 4 2 7 20 1 1 1 4 3 108 9 3 1 2 1 1 1 1 1 1 3 1 100 1 1 3 1 11 3 3 5 1 2 12 2 1
33 23 10 14 1 6 2 1 1 1 3 1 1 2 1 3 6 2 2 2 3 2 1 8 2 1 2 1 1 2 1 1 1 10 1 3 1 16 3 6 3 1 3 1 14 2 2 2 1 9 1 2 1 5 1 5 1 2 4 1 1 3 4 2 3 4 2 4 1 3 13 1 2 5 1 2 2 3 5 3 2 2 1 2 1 2 8 1 1 3 63 2 3 2 2 2 2 27 1 1 11 1 1 2 2 3 4 4 54 2 1 1 2 2 59 20 2 9 3 2 9 3 6 5 1 1 2 2 2 159 3 12 3 1 2 2 4 15 2 4 53 1 2 1 3 1 3 1 1 2 3 1 1 4 2 2 2 2 10 15 4 2 1 3 1 2 1 10 4 1 3 1 5 2 1 2 14 1 3 3 11 1 7 3 3 1 2 1 1 5 2 1 1 3 1 1 1 1 2 6
12 4 2 1 15 1 2 2 2 3 2 6 5 7 1 1 2 1 3 1 1 3 2 3 15 1 2 9 4 1 2 2 2 3 2 1 33 3 1 1 4 1 2 3 3 1 3 2 2 5 1 1 4 2 2 2 1 2 1 4 23 1 4 1 4 1 4 1 7 5 1 17 4 12 19 1 3 3 2 2 1 1 1 1 2 14 1 1 1 30 1 2 2 2 5 2 1 1 2 1 4 1 2 2 1 1 2 2 1 26 1 1 3 6 1 2 2 5 5 8 3 2 2 1 3 2 3 19 1 2 5 2 1 3 1 2 1 1 18 2 1 16 4 1 1 2 4 2 1 4 1 3 28 1 2 2 2 4 2 1 2 6 1 1 4 8 1 6 1 2 4 3 1 3 1 1 4 1 4 1 2 2 7 15 2 1 1 2 1 2 1 1 10 11 2 7 1 2 1 3
3 2 12 2 1 1 1 3 2 2 3 2 1 5 1 1 1 2 4 2 1 3 2 43 3 7 1 29 2 2 2 2 3 2 1 2 1 7 1 10 2 3 4 5 1 1 10 5 2 5 1 1 1 1 5 2 5 1 2 2 3 3 2 2 2 2 2 2 17 8 1 3 6 1 3 4 6 2 1 6 2 2 11 8 1 1 1 18 2 1 1 12 2 2 1 2 1 9 2 4 1 3 2 4 3 2 1 2 2 1 6 2 4 35 2 4 2 1 1 5 10 9 13 1 1 2 3 1 5 3 11 2 9 2 2 2 59 2 1 6 1 22 3 1 2 17 1 6 6 3 1 1 11 3 2 9 1 1 8 6 6 3 1 2 21 12 3 8 2 2 2 1 1 1 2 5 2 12 2 1 3 4 4 2 5 13 3 2 8 1 6 4 1 2 1 1 1 1 3 3
2 35 11 2 2 3 1 1 6 4 3 1 2 1 1 1 5 1 6 1 6 2 3 1 1 4 1 3 2 3 1 1 3 2 8 1 1 2 3 1 6 1 1 3 69 1 1 1 19 1 2 1 2 3 1 1 1 3 2 7 2 1 2 1 2 7 1 1 2 7 1 2 1 2 2 1 1 2 2 28 2 3 1 8 1 1 1 4 1 1 2 2 1 1 40 2 1 4 1 1 1 1 16 1 1 3 1 2 1 1 8 2 1 3 3 1 1 58 1 2 1 2 1 2 1 1 3 1 7 2 2 2 4 1 1 1 1 2 4 20 5 1 2 2 2 1 19 3 2 1 5 1 1 1 1 2 2 6 3 1 36 1 2 2 12 2 5 3 2 1 3 2 2 7 2 4 5 3 2 2 2 4 2 45 4 2 4 2 1 1 1 1 4 2 1 1 1 2 4 4
4 3 3 1 3 1 3 7 1 4 45 1 4 17 1 1 2 4 1 2 3 1 10 2 1 2 2 2 1 1 5 2 3 45 3 3 1 1 3 33 2 1 2 5 1 1 1 1 1 1 2 2 8 1 1 1 1 3 158 2 9 5 1 8 1 33 4 2 2 4 1 2 3 2 20 1 3 3 6 8 1 1 10 3 2 1 13 1 26 1 1 1 1 3 2 2 10 1 2 2 26 1 2 2 1 2 4 3 6 9 1 2 4 3 1 3 1 2 3 1 5 1 1 1 2 4 8 1 3 2 19 2 2 3 2 4 2 1 1 1 1 1 1 2 1 3 1 1 1 1 1 2 2 3 1 2 4 2 23 6 1 4 2 8 1 1 3 3 3 5 7 4 3 2 1 7 2 1 1 18 1 1 1 3 1 2 2 5 7 6 1 4 1 5 10 2 3 21 3 2
4 1 33 1 2 9 4 4 6 3 3 5 1 3 10 2 3 2 2 1 4 1 3 2 1 5 2 2 3 1 3 2 2 6 1 1 1 21 1 6 5 1 2 2 1 1 3 1 1 6 8 4 1 1 5 1 2 1 2 1 1 3 2 1 2 29 2 4 1 3 3 2 1 5 4 6 2 45 2 17 3 4 12 4 3 6 1 45 2 3 1 2 3 2 2 2 1 1 4 3 2 1 2 1 1 4 2 1 3 152 8 2 1 1 3 1 1 38 1 1 3 2 7 5 1 3 3 1 1 1 6 1 3 1 7 9 10 4 2 2 1 2 13 50 1 1 57 6 1 2 1 2 9 2 3 3 2 2 4 6 1 1 1 3 4 5 1 2 1 1 2 3 1 1 1 6 2 1 3 1 4 3 2 2 2 1 3 1 2 2 11 11 2 4 3 5 3 1 1 4
1 1 2 3 10 71 1 1 11 1 1 7 2 1 4 1 11 1 1 5 4 6 1 1 2 4 1 29 2 1 3 1 1 1 3 9 3 1 1 2 4 1 13 1 3 1 1 2 1 1 2 2 3 12 2 19 1 3 1 2 1 1 2 1 4 2 3 3 1 13 2 4 2 1 2 9 2 2 41 2 2 4 1 1 3 5 2 2 1 1 2 2 1 3 22 2 2 2 4 2 2 2 2 2 8 2 1 1 1 3 2 1 1 1 1 5 1 4 6 1 1 15 1 2 3 1 39 15 1 2 1 1 1 6 4 3 3 1 1 9 1 1 3 3 2 1 67 5 2 2 1 3 13 1 1 3 1 2 6 2 1 6 3 1 2 6 2 1 10 2 2 5 2 4 2 3 4 1 5 1 13 2 56 3 7 2 2 2 1 8 89 4 15 1 2 1 2 2 2 2
27 8 1 6 1 2 2 1 4 1 5 5 10 1 13 2 3 1 1 2 8 2 2 1 8 3 2 4 1 1 1 2 2 3 2 2 3 1 2 1 2 10 2 1 2 1 2 1 2 1 4 3 1 2 86 1 2 2 2 12 1 8 1 8 1 4 3 1 48 2 1 2 1 4 2 1 2 2 1 2 3 3 2 2 3 2 5 1 2 2 5 2 9 2 5 1 2 1 5 2 1 2 4 3 1 1 1 3 1 11 5 2 3 7 1 2 1 1 2 4 1 2 1 3 1 2 32 5 2 8 1 2 2 1 4 6 9 1 6 2 6 2 1 1 1 2 1 1 2 2 1 22 1 2 2 1 2 1 2 1 1 2 3 2 1 8 2 1 1 4 1 1 8 5 1 2 1 2 2 1 11 1 3 9 2 2 5 70 3 3 1 2 3 1 1 2 4 15 24 6
7 8 1 6 1 2 6 1 3 4 3 2 38 1 1 1 1 16 4 2 2 2 2 9 3 1 2 3 2 1 3 1 50 11 2 44 1 4 1 1 72 1 1 1 2 1 7 4 2 2 2 1 1 1 2 2 5 4 2 3 1 4 3 1 8 2 2 35 2 9 2 3 1 5 2 1 1 3 2 3 2 56 1 2 2 2 2 1 1 2 22 6 1 2 3 5 1 8 3 2 1 1 3 9 1 2 1 14 2 11 8 3 2 8 1 17 5 2 1 2 1 3 2 2 2 4 6 2 1 2 4 2 2 105 2 1 3 2 1 2 3 4 1 2 2 3 3 1 1 1 1 1 2 2 1 5 2 7 1 2 6 1 2 5 2 3 2 1 1 1 67 2 2 2 8 2 1 2 2 1 2 1 1 10 3 2 1 1 6 1 2 4 1 1 16 1 1 4 1 3
1 2 2 2 6 14 3 2 3 6 2 2 2 2 5 2 2 1 2 1 16 1 17 1 1 1 1 8 1 2 8 9 1 2 29 6 6 1 1 94 2 3 9 1 2 2 1 142 1 10 6 1 2 3 3 1 1 1 1 3 1 3 1 9 1 1 2 2 2 10 2 3 5 2 2 1 1 3 2 9 1 2 3 1 1 2 2 1 1 2 2 9 1 1 41 2 1 10 2 2 1 2 5 1 2 4 1 2 2 2 10 3 2 3 1 2 3 15 3 17 1 1 2 4 1 284 1 2 36 8 2 1 2 34 1 1 3 1 1 10 1 2 1 2 2 1 1 2 262 1 1 5 2 2 1 1 1 8 1 5 1 3 2 1 1 4 16 2 4 1 20 4 2 1 2 3 5 24 1 1 32 1 6 1 1 3 2 1 2 4 1 1 35 4 16 1 1 1 2 2
19 39 1 2 1 1 2 1 3 1 1 1 2 2 108 3 1 2 9 2 2 3 1 2 4 3 2 1 1 1 12 2 1 1 1 2 3 1 4 1 1 3 2 16 1 6 3 2 32 3 1 3 8 3 1 1 3 3 1 7 2 2 2 8 2 2 1 1 1 1 8 1 1 2 1 1 1 2 73 21 4 3 1 2 6 1 2 325 3 4 2 2 2 3 1 2 3 3 3 6 27 16 2 5 1 2 2 4 2 2 8 2 2 1 5 4 1 3 1 1 1 17 2 5 2 2 41 1 15 2 1 1 2 4 1 1 1 2 22 3 1 1 1 1 3 7 5 1 4 1 12 1 2 3 1 19 23 1 5 1 4 2 1 5 1 65 3 1 4 1 1 1 2 1 2 1 2 6 2 13 1 2 2 2 25 1 3 1 2 2 2 5 1 12 2 2 9 8 3 1
1 3 3 2 2 1 3 1 11 5 1 2 15 2 1 2 3 1 1 1 8 5 2 2 2 4 5 2 3 4 2 2 4 108 1 1 21 2 7 1 2 4 14 4 4 4 1 4 2 1 1 4 2 1 1 3 1 2 2 2 1 1 1 2 2 4 27 1 4 2 8 2 2 2 1 3 4 1 1 2 9 5 3 2 2 4 4 1 1 2 1 2 2 1 4 2 4 22 1 9 5 29 2 1 1 7 1 1 6 2 4 1 1 1 5 1 1 3 2 1 2 5 1 1 2 4 3 1 1 2 28 1 3 1 5 1 3 2 1 3 5 1 1 5 3 1 3 1 7 2 4 1 5 1 2 8 2 15 1 1 3 2 3 9 2 1 1 2 2 1 1 1 3 8 8 4 4 3 7 2 2 2 2 1 4 423 4 1 1 5 1 246 1 7 1 2 2 10 5 19
8 12 1 2 1 2 4 18 41 1 7 2 2 2 1 2 4 4 1 6 2 1 1 4 3 10 3 1 1 2 2 1 2 2 2 1 2 1 1 1 3 1 1 11 2 1 18 3 1 8 1 1 2 2 1 2 1 5 1 2 56 2 2 2 7 4 2 3 7 2 2 18 2 6 5 2 2 21 3 1 6 2 12 1 2 5 1 2 2 51 6 2 192 13 4 4 19 8 2 1 1 2 2 2 2 5 13 1 4 3 1 5 1 2 2 3 1 2 2 6 2 1 310 1 1 3 2 4 3 2 8 1 4 7 4 2 3 3 2 5 4 7 1 2 4 1 10 2 6 1 2 8 1 3 1 4 3 115 1 119 7 1 2 3 1 3 3 8 1 1 9 8 4 2 10 3 1 3 3 2 1 2 8 2 8 1 1 1 5 4 1 2 3 1 3 3 2 2 2 1
13 1 1 3 5 2 1 1 2 1 2 9 2 1 2 1 1 2 1 1 3 2 3 6 11 3 1 2 1 2 3 1 2 9 4 2 1 3 4 1 4 3 1 1 3 2 1 2 2 2 2 1 2 5 3 2 15 10 1 2 2 1 7 1 3 2 7 4 1 5 2 3 1 1 2 1 2 4 1 1 2 3 1 4 2 2 4 1 1 10 2 2 3 1 1 1 3 6 1 1 1 1 2 2 1 1 18 1 2 2 1 4 7 2 5 1 2 1 3 1 2 1 1 5 3 1 2 2 3 1 2 1 2 1 3 12 2 2 2 2 1 4 9 1 3 5 1 13 1 2 2 2 2 2 3 2 1 1 5 2 3 1 3 3 1 3 2 2 1 6 6 2 2 24 2 2 1 2 1 9 4 2 1 35 3 4 1 1 4 9 2 1 3 64 1 2 2 1 6 8
2 1 1 1 2 9 1 3 2 4 6 5 4 8 2 1 17 3 5 1 1 2 2 1 6 2 3 1 1 3 14 2 8 28 2 2 2 2 1 2 2 17 3 16 1 2 29 1 2 2 1 1 1 10 1 2 2 9 2 4 1 1 3 1 1 1 2 2 1 11 2 3 2 2 1 2 7 1 6 1 2 8 1 6 71 2 2 1 47 1 2 1 1 2 10 2 5 3 3 5 2 3 1 4 10 1 64 2 23 2 2 2 1 1 1 2 1 8 2 1 1 2 12 33 3 3 1 2 2 2 13 1 1 2 35 1 1 2 1 2 1 1 1 4 1 1 2 9 4 2 1 5 4 4 1 1 1 11 5 1 1 14 2 2 1 19 1 2 1 1 2 1 1 2 2 1 1 17 1 1 6 1 1 44 1 1 1 1 2 3 1 16 4 3 1 4 92 1 1 2
1 5 2 3 5 3 2 5 6 1 6 5 1 6 2 2 40 2 9 2 1 4 3 4 3 8 4 5 1 6 17 2 1 1 3 3 2 1 3 1 1 2 5 4 1 7 2 7 1 2 64 12 11 6 2 1 3 1 2 1 1 1 1 1 1 7 8 2 1 2 1 2 36 8 2 1 4 2 2 2 1 1 3 1 2 3 6 11 2 1 30 4 2 1 1 1 2 2 1 3 4 3 2 5 6 2 4 11 4 1 2 8 1 1 2 1 9 2 3 1 2 3 2 6 2 5 3 2 1 1 1 1 2 8 5 2 7 7 3 1 2 1 177 2 2 14 6 1 6 2 2 3 2 3 5 1 4 1 2 8 6 1 2 6 2 10 7 2 5 1 36 32 2 2 20 5 15 25 2 12 5 2 12 7 4 2 3 3 2 3 2 4 13 3 1 4 2 10 1 6
3 4 1 1 1 1 6 3 1 1 3 2 6 6 3 6 4 3 27 1 4 1 20 1 2 1 2 2 1 3 2 2 10 1 7 1 2 1 1 3 2 3 4 9 4 257 7 7 2 1 2 1 2 1 2 10 1 1 2 1 7 2 1 1 1 5 1 2 16 14 1 1 2 2 2 2 2 2 4 4 2 5 1 1 1 2 2 4 5 1 1 2 9 2 1 3 2 130 2 2 1 3 1 1 2 3 1 1 8 30 27 1 108 3 2 15 1 2 3 6 4 4 1 1 3 2 1 3 1 3 2 2 4 1 2 1 5 1 1 2 1 11 7 4 2 7 1 1 3 1 2 27 6 8 3 2 2 5 2 1 5 2 9 1 1 1 1 355 2 1 1 3 1 1 1 1 1 2 1 3 2 3 1 2 3 2 1 1 1 2 2 1 2 1 2 3 1 6 13 3
3 1 1 8 16 1 1 3 2 21 1 3 5 2 18 2 47 3 1 3 3 1 1 1 3 3 1 2 1 1 1 10 2 18 1 1 1 1 1 1 2 7 1 26 7 2 1 1 2 4 2 1 1 2 3 1 1 34 3 2 2 3 7 1 1 3 1 1 18 3 1 35 1 1 7 3 2 2 3 2 8 1 5 3 18 1 2 2 1 2 2 8 2 18 1 2 11 1 2 1 2 1 1 19 2 1 1 2 2 3 2 3 1 1 2 5 7 1 3 14 7 6 1 3 1 6 2 2 13 2 1 1 1 2 2 1 10 4 4 1 4 2 11 8 11 1 3 2 1 2 2 3 5 2 2 1 4 2 2 2 1 1 2 1 3 8 3 2 4 4 4 2 3 4 2 184 2 1 1 6 1 1 1 31 9 4 15 1 5 2 5 4 1 1 1 2 2 13 2 29
2 2 1 2 4 2 3 1 2 342 17 21 1 2 2 2 1 2 1 3 3 6 1 13 1 1 3 4 2 1 2 1 1 2 2 6 3 2 2 1 2 2 2 2 25 2 1 1 1 3 5 4 8 2 3 1 1 19 4 24 3 4 1 2 2 2 8 1 1 3 256 3 1 1 2 1 2 1 1 5 3 8 1 2 1 1 1 1 14 2 1 1 9 18 3 2 4 17 5 3 1 16 1 1 6 1 11 1 4 5 2 2 3 8 2 5 1 1 9 7 1 5 3 2 2 1 1 1 3 3 2 1 4 1 1 4 3 1 2 2 4 1 4 1 2 1 112 1 1 2 3 2 1 2 1 2 1 1 20 1 2 2 3 2 2 9 5 3 2 5 2 17 6 1 1 1 5 3 1 16 3 3 2 13 21 2 1 2 1 1 2 3 2 1 1 1 3 2 2 1
1 5 1 1 1 3 1 2 3 9 1 10 2 3 2 39 5 1 1 1 3 26 5 2 9 15 6 3 5 1 2 2 1 2 3 2 2 2 2 170 64 4 2 1 2 1 7 9 2 2 1 12 3 1 4 2 1 2 3 11 1 1 2 2 2 2 1 3 2 1 3 2 4 29 2 1 2 2 1 1 1 3 2 1 1 2 2 2 1 1 1 3 1 3 1 1 1 2 5 1 1 1 1 9 2 2 2 8 1 3 4 1 13 1 2 2 2 1 1 2 1 1 1 6 2 2 1 1 1 1 6 1 1 1 5 5 2 1 12 2 5 12 2 3 10 3 1 3 1 2 22 17 3 1 2 2 2 2 45 5 2 1 1 15 2 2 2 3 3 3 1 18 5 3 2 7 242 274 1 1 1 24 6 2 2 1 2 1 2 12 1 2 12 1 1 65 2 2 5 1
5 6 5 1 1 3 1 2 1 2 2 1 1 2 1 3 146 1 1 38 2 1 2 3 2 20 3 1 5 1 1 2 3 1 1 2 7 1 1 2 9 14 4 1 3 1 11 1 1 1 1 1 4 3 1 3 2 9 1 23 1 2 3 1 3 1 2 26 2 2 4 1 1 24 1 5 1 2 2 2 9 2 6 1 1 3 7 7 10 1 2 4 4 1 3 2 1 1 2 14 1 9 1 7 1 6 1 2 3 1 1 2 3 1 2 5 2 2 1 6 2 211 1 2 2 1 3 5 2 2 10 9 1 5 1 7 2 1 1 1 2 2 1 5 3 2 1 1 9 2 2 2 1 1 1 2 4 16 1 152 3 2 1 1 4 2 1 7 47 1 2 1 3 7 7 4 2 3 442 3 2 1 4 1 3 4 2 3 1 2 2 3 1 9 1 11 4 3 3 2
1 1 1 20 7 1 1 3 1 1 3 1 1 1 3 2 1 2 2 1 1 37 1 4 5 6 19 1 1 1 6 3 2 1 2 4 6 1 2 1 2 2 6 1 3 3 3 2 2 1 2 7 2 1 2 1 9 2 2 10 8 4 1 1 2 3 11 5 7 2 1 8 2 2 1 1 1 14 3 1 1 1 1 4 1 9 4 1 1 1 2 49 3 5 1 4 1 1 1 4 2 5 9 44 1 3 2 2 2 42 2 1 2 2 3 1 3 2 1 1 1 4 1 2 1 1 2 1 18 1 1 1 2 5 2 4 2 11 2 20 4 1 2 38 9 11 7 2 1 3 5 3 3 2 3 12 2 6 1 2 1 1 71 2 8 3 2 3 10 7 1 2 90 2 2 1 2 4 1 2 2 3 3 2 3 1 10 1 6 2 1 1 2 1 2 6 1 2 9 3
1 6 1 1 1 4 40 2 3 3 3 1 6 2 3 3 3 2 3 1 1 1 5 3 2 1 4 2 245 2 4 3 1 1 2 21 3 1 1 7 14 1 2 3 11 2 3 1 1 1 1 3 1 2 11 5 4 6 1 5 2 1 3 1 3 2 9 2 11 6 3 2 3 1 1 8 178 1 2 2 65 2 33 3 6 1 5 1 2 49 1 1 1 2 1 1 2 2 3 3 5 1 3 1 2 14 6 2 1 2 1 119 4 15 5 1 3 2 3 2 3 1 14 3 156 4 2 11 1 1 7 3 7 1 2 1 1 1 2 13 1 7 3 1 1 1 7 20 6 1 1 2 1 1 3 1 5 5 2 1 3 2 2 3 1 1 1 13 1 2 3 1 4 3 3 1 15 1 3 3 11 2 2 11 1 1 1 4 3 2 1 2 3 4 15 5 2 2 2 2
1 1 1 1 62 11 1 3 1 2 37 10 2 1 2 2 3 20 2 7 2 1 3 2 34 1 2 2 1 15 1 2 28 2 1 2 2 20 7 6 3 19 3 2 2 5 1 1 3 1 29 1 2 2 2 2 5 7 2 1 1 2 2 2 8 1 1 3 2 4 1 1 1 1 2 2 1 4 1 2 1 32 8 2 5 2 1 3 8 1 4 1 66 1 3 4 1 1 2 2 1 1 3 4 1 1 2 1 1 6 2 6 16 2 2 2 14 3 8 3 3 1 6 2 2 2 2 1 5 1 1 1 1 2 3 2 2 1 5 1 5 14 3 21 1 8 2 7 1 2 1 2 1 1 2 2 4 1 1 2 1 2 1 2 1 2 2 31 7 3 1 13 2 2 1 6 1 2 1 3 13 5 2 1 1 2 1 4 2 45 1 1 2 5 1 16 4 2 2 5
20 5 1 4 5 1 1 1 3 2 10 1 1 3 10 2 20 1 5 2 1 6 2 2 1 3 4 1 2 2 2 6 4 1 12 2 1 2 3 1 1 1 2 2 2 3 2 2 2 1 4 2 10 1 2 3 1 2 2 1 5 2 4 2 2 2 2 1 1 2 2 3 1 1 2 1 1 2 1 3 4 2 1 13 2 1 2 1 1 1 1 1 2 1 5 1 8 1 25 1 1 1 6 9 3 2 13 12 3 1 7 1 1 1 7 1 1 5 1 1 1 3 13 4 1 1 5 1 17 1 1 21 157 2 2 2 2 2 1 2 1 2 1 1 1 1 3 4 1 3 1 3 1 8 1 7 3 2 2 1 2 17 1 2 1 2 1 1 3 98 2 3 3 2 2 5 1 1 2 10 2 1 1 1 4 2 1 2 4 1 2 1 1 2 2 3 44 2 2 2
1 2 1 3 3 1 4 18 3 20 1 19 1 2 1 1 2 1 13 3 1 2 4 1 1 1 2 10 4 2 1 3 4 1 3 2 4 2 2 2 2 76 2 2 3 1 1 4 2 2 1 3 1 1 1 1 3 1 1 1 3 2 1 1 1 1 2 1 4 3 1 46 3 2 2 2 5 2 4 2 38 2 1 5 1 2 9 2 7 8 53 3 2 1 1 2 1 2 1 4 2 1 2 2 1 2 3 2 2 1 11 1 13 1 1 3 1 13 2 1 2 1 1 7 3 4 1 1 11 10 4 1 3 6 4 1 123 2 6 1 2 2 1 2 2 5 1 1 4 2 3 1 1 20 1 5 2 11 1 12 3 1 2 1 2 1 1 1 1 1 1 1 2 10 3 5 2 1 1 21 1 2 3 3 4 2 1 1 1 2 2 2 3 5 1 1 1 1 1 3
2 6 11 26 1 2 3 12 1 1 2 1 3 3 2 1 4 2 1 2 3 1 3 7 2 2 8 1 1 22 2 1 2 2 2 2 11 4 2 2 1 3 1 6 1 1 2 2 2 2 6 2 1 1 17 8 8 22 2 331 7 2 38 1 3 17 1 2 3 1 1 2 1 4 3 5 1 1 7 2 1 3 1 4 2 2 2 29 2 4 14 4 11 1 1 17 1 2 1 1 1 1 1 3 1 11 12 2 1 2 4 3 11 2 7 5 6 2 1 1 2 1 2 1 1 2 1 1 4 1 2 2 1 2 2 2 2 1 2 1 1 2 3 5 2 1 4 1 5 1 2 3 1 6 1 1 2 1 2 1 1 1 2 6 23 3 4 3 1 1 1 6 2 3 4 1 1 13 1 6 3 1 2 1 1 2 4 5 2 2 8 1 1 3 2 2 189 3 9 1
6 12 20 1 2 2 4 92 2 2 5 1 3 1 1 6 6 17 1 2 2 1 2 1 2 6 2 8 2 7 3 1 6 1 1 1 14 2 2 1 7 1 2 1 1 2 3 1 37 8 2 1 2 2 2 1 1 6 14 35 1 1 3 4 1 1 2 2 8 6 1 1 8 6 2 2 2 1 55 1 2 2 2 12 17 3 7 2 2 2 1 2 19 3 4 2 1 2 1 2 2 2 5 1 2 3 1 4 3 1 2 1 2 2 5 2 7 8 2 4 4 10 13 2 2 1 2 2 2 1 1 1 2 1 3 1 1 16 1 4 1 2 1 3 2 1 2 2 9 10 1 1 3 9 1 3 2 1 16 1 3 2 3 22 19 1 1 6 22 2 1 2 1 5 1 7 1 3 1 1 1 2 1 1 2 1 1 2 57 3 2 4 1 2 1 5 1 2 1 2
2 1 2 8 2 1 1 3 4 2 2 3 6 2 3 1 1 1 2 1 2 1 10 2 3 2 4 2 2 1 3 10 1 3 1 4 1 3 2 1 1 1 2 4 2 4 1 19 3 2 2 1 2 1 1 83 2 119 6 2 42 18 1 3 7 2 1 1 2 2 1 2 1 1 1 8 5 2 4 5 7 38 2 4 2 1 1 4 1 29 1 1 12 9 2 3 1 4 2 4 3 2 1 1 1 5 6 1 1 2 69 2 2 1 1 1 3 1 1 1 2 23 1 1 4 27 1 1 1 1 2 4 3 12 1 6 1 2 3 4 4 6 2 20 1 2 88 4 1 2 1 4 5 1 2 3 1 6 3 3 2 1 4 1 16 7 2 2 2 3 3 433 1 1 1 7 3 12 4 2 1 2 1 1 7 1 5 2 1 1 3 1 2 7 5 1 21 3 2 10
1 3 1 2 4 1 2 4 2 2 1 4 3 1 37 5 7 21 4 7 2 2 5 4 2 1 3 1 13 1 6 15 1 1 21 1 1 1 6 2 5 1 16 1 1 1 1 2 2 1 3 8 1 6 3 1 4 1 1 1 1 2 2 2 10 5 6 7 1 1 1 2 3 2 2 2 2 2 2 4 2 4 1 2 10 1 3 2 11 5 1 1 1 2 1 2 1 1 1 9 2 1 2 1 2 3 3 4 2 2 1 1 1 2 1 1 1 22 1 4 2 2 2 5 2 2 11 8 1 6 14 4 3 2 1 1 2 1 1 1 3 2 3 2 14 1 1 4 1 1 2 2 2 1 2 1 3 4 1 2 1 1 3 2 1 2 3 3 2 72 1 7 3 4 2 1 27 3 2 1 2 267 2 1 1 1 2 1 1 1 1 2 3 20 1 26 1 5 1 1
4 1 1 1 6 1 1 1 1 4 2 1 1 6 2 2 2 18 10 4 319 2 217 1 1 2 24 6 1 1 1 2 1 4 17 1 2 2 1 2 2 2 1 2 1 2 2 2 2 2 4 1 1 5 2 1 2 2 1 5 10 4 1 1 2 1 2 5 2 6 5 1 4 12 3 3 3 4 2 1 3 2 2 2 32 2 1 2 1 5 1 1 2 1 1 2 1 2 3 1 3 13 1 2 1 2 1 3 1 1 5 1 3 2 3 1 3 2 2 2 2 1 8 5 7 1 2 3 7 2 1 10 1 18 1 2 2 1 3 7 1 1 2 20 2 2 7 2 15 3 1 3 1 1 1 3 2 1 2 6 18 15 1 2 2 3 2 1 3 1 4 3 10 3 2 22 2 7 3 2 2 1 3 1 3 2 23 2 1 2 1 2 2 1 2 5 2 1 16 2
1 5 1 6 1 2 6 1 2 5 6 1 3 1 2 44 2 7 1 1 4 1 8 1 52 1 4 5 1 2 4 7 1 87 1 15 1 3 4 2 2 8 4 1 16 2 1 3 1 1 7 2 1 37 3 1 1 7 1 3 1 2 73 1 82 2 5 2 2 5 2 2 1 2 3 14 4 21 1 45 3 2 10 38 3 1 1 1 4 1 1 1 3 2 1 1 2 1 1 1 2 18 2 1 4 7 16 5 2 3 2 2 4 4 2 1 1 3 8 2 1 1 22 2 3 1 1 1 4 1 3 2 2 1 2 2 1 7 2 2 40 2 2 2 1 15 1 1 3 2 2 3 3 7 2 6 6 1 15 2 3 1 3 1 3 2 1 7 3 3 1 5 5 2 3 3 3 4 66 1 1 3 1 2 3 2 6 23 1 7 4 1 5 1 1 10 1 22 3 3
1 1 2 1 2 2 2 2 1 1 2 2 1 1 1 1 2 1 2 1 24 1 1 1 4 1 2 8 2 1 1 1 1 5 2 1 1 2 1 5 9 2 2 2 1 2 3 457 1 2 4 4 4 17 11 1 1 14 70 3 2 2 4 11 10 9 3 160 3 1 1 5 1 4 1 2 1 6 7 8 3 2 1 1 1 3 17 1 6 8 1 1 2 6 4 1 1 6 1 6 1 7 7 4 4 1 2 2 12 1 2 1 1 7 1 5 3 2 1 2 1 1 2 2 3 2 3 2 1 2 1 2 26 4 5 17 2 18 1 1 7 1 2 1 2 2 1 29 2 1 1 1 2 2 2 1 11 1 5 151 3 2 2 2 4 2 35 3 1 2 1 2 4 2 10 1 3 53 2 2 20 2 2 3 2 1 1 2 31 3 3 3 1 3 18 1 2 3 3 1
1 1 18 6 2 5 2 1 1 6 4 2 5 1 1 4 15 77 136 2 2 2 2 1 1 7 1 1 2 3 2 2 1 2 3 7 3 11 1 3 2 1 2 3 17 3 13 5 15 2 2 3 2 5 2 2 10 17 17 4 128 2 4 3 50 4 4 2 4 46 7 3 4 1 6 8 17 2 60 6 2 2 1 2 3 69 6 2 2 1 3 1 10 6 3 3 10 4 1 20 1 1 2 2 5 1 1 1 5 2 2 1 1 1 2 7 2 1 2 2 1 1 1 2 3 2 3 1 182 2 27 1 4 1 1 1 1 1 4 6 10 1 2 4 2 15 1 4 1 22 3 1 3 1 4 1 3 1 6 5 2 5 2 16 2 20 3 10 4 2 1 1 7 1 3 1 2 1 1 2 1 1 2 3 2 2 2 2 1 13 35 2 1 2 2 1 1 2 1 1
2 1 2 1 4 1 3 22 1 1 2 5 2 1 2 2 2 200 1 1 3 1 2 1 1 231 8 4 1 3 2 1 1 6 2 2 4 1 2 10 2 2 2 1 3 4 3 2 1 5 2 4 1 8 2 1 1 7 5 4 1 2 1 2 2 3 73 11 2 1 9 1 6 1 4 2 6 3 1 2 3 2 1 2 2 4 1 2 1 5 3 1 1 10 7 21 6 3 1 2 2 1 6 2 4 2 3 3 3 4 4 1 1 1 2 2 2 8 3 1 26 1 1 1 2 2 1 13 6 1 10 1 2 5 1 1 2 1 1 1 1 2 2 2 2 3 2 1 2 5 1 1 8 33 1 19 2 1 2 2 2 12 8 1 1 2 2 2 1 1 1 1 1 2 7 2 7 3 2 8 1 4 2 11 1 1 3 1 1 2 1 2 1 10 22 15 2 4 3 1
5 1 4 2 7 3 4 2 2 1 2 2 1 2 4 2 2 4 2 1 2 1 5 2 1 2 3 2 1 1 9 1 1 3 3 3 5 2 2 1 70 16 3 3 1 2 1 2 2 2 5 1 2 2 2 33 3 2 1 16 14 2 1 1 130 12 1 12 2 2 2 1 1 3 1 4 2 3 2 1 5 2 1 1 84 1 6 2 4 4 6 2 2 6 2 2 2 2 6 1 2 1 2 2 1 43 3 2 7 2 6 1 1 3 4 11 1 3 2 7 1 5 4 1 2 6 1 3 2 2 1 5 2 26 2 5 2 3 1 1 1 5 5 1 17 2 7 1 1 9 1 3 1 1 20 18 2 2 2 15 1 1 8 4 7 3 1 1 1 24 15 1 1 1 5 3 2 21 4 3 1 1 1 2 2 1 2 1 3 11 4 2 6 1 1 2 37 1 7 11
3 1 2 2 1 1 2 6 1 25 1 2 2 1 1 2 2 24 2 2 3 3 2 1 1 1 2 1 2 1 4 2 2 2 1 3 14 1 3 4 2 5 2 24 2 78 2 2 1 2 1 5 4 2 2 1 4 5 2 3 2 2 2 2 7 4 4 64 1 1 1 3 1 1 1 2 6 3 2 1 2 19 2 2 185 4 1 4 59 1 2 13 6 1 1 1 1 1 1 3 3 1 2 20 1 5 1 5 3 6 2 1 1 1 18 1 1 6 1 1 4 2 1 1 3 8 2 5 12 3 3 5 1 1 2 8 1 1 1 1 2 3 1 1 1 5 2 14 1 1 4 3 14 1 3 8 1 10 4 7 2 1 1 2 1 3 2 6 2 7 1 3 3 1 1 2 1 1 2 1 8 3 3 1 1 5 17 38 11 3 2 1 1 2 4 1 3 3 2 6
2 1 1 1 3 3 1 3 2 1 3 1 54 17 2 5 1 2 1 331 3 1 14 20 1 1 3 1 3 2 3 4 24 2 1 1 2 7 1 2 2 1 2 1 1 1 2 17 1 4 1 24 2 2 1 136 6 1 1 2 2 8 3 9 2 15 5 2 1 18 4 1 4 1 1 3 1 2 1 1 2 1 1 3 7 4 3 7 1 4 1 1 2 1 1 3 6 1 3 1 4 1 2 2 1 3 1 8 1 3 1 2 2 1 1 4 8 43 4 8 3 1 2 6 9 6 3 3 7 1 2 5 1 2 1 12 1 31 1 14 2 2 3 1 3 4 2 3 2 31 2 1 1 1 2 1 1 1 2 6 1 1 2 1 1 1 1 1 2 2 3 200 2 6 2 1 1 1 3 1 1 5 4 2 8 3 2 3 3 3 3 5 5 1 1 2 7 1 3 1
4 5 3 4 2 3 6 1 7 1 1 6 1 2 1 2 2 1 3 1 2 1 16 4 3 6 1 2 6 3 5 2 4 2 3 38 5 1 3 8 1 2 1 3 7 6 2 8 5 1 1 2 5 15 5 7 3 6 1 3 10 27 14 1 2 9 2 1 2 3 3 3 5 1 2 2 3 1 6 4 4 3 2 3 1 1 1 1 15 21 1 1 3 1 1 7 1 11 2 2 1 2 4 2 2 12 1 1 3 6 4 47 1 13 4 2 2 2 2 2 5 2 24 1 6 2 2 2 5 2 1 6 1 3 1 2 2 1 3 3 1 2 67 3 2 2 2 1 3 8 1 5 2 2 2 1 1 2 1 1 1 49 1 9 2 2 16 1 3 6 2 1 2 1 6 22 1 2 1 2 2 9 2 1 5 1 1 1 1 2 8 2 3 2 22 2 1 18 1 3
5 2 1 2 3 2 2 1 1 1 12 1 7 3 1 1 1 3 1 1 1 3 1 8 4 2 1 4 1 2 1 3 2 1 1 1 15 1 1 3 1 3 22 1 1 4 1 1 1 1 2 4 3 2 1 12 2 1 2 2 1 3 2 1 3 1 1 3 2 2 7 2 3 3 1 2 1 12 3 1 6 1 5 3 1 1 2 7 7 3 1 1 2 2 1 2 12 1 2 2 4 1 5 3 4 1 3 1 1 1 3 1 2 2 18 3 2 2 2 1 1 15 8 1 4 1 5 4 3 6 1 2 3 4 6 1 1 1 3 2 4 22 1 1 1 2 1 1 1 2 6 1 2 1 1 3 3 1 2 1 3 1 7 6 2 3 1 15 3 2 1 2 6 1 1 3 1 5 3 3 1 3 2 2 2 2 1 2 2 1 2 2 2 1 2 6 13 1 1 1
1 14 6 3 1 2 40 2 2 1 2 1 8 1 11 1 1 5 1 1 1 4 1 1 5 1 3 4 2 1 1 1 1 3 1 5 33 3 12 4 3 3 2 11 1 2 2 2 2 4 9 3 2 26 1 1 2 1 2 1 9 2 70 8 2 4 1 10 1 1 4 8 27 5 2 5 10 6 2 2 1 1 2 2 1 1 1 4 86 5 3 3 1 3 2 11 1 5 1 2 2 11 1 3 2 1 9 2 2 1 1 7 2 5 1 2 1 4 1 1 2 2 7 5 3 3 8 2 1 1 2 2 3 6 9 2 5 1 1 7 3 1 1 17 12 1 3 2 1 3 2 5 5 2 1 1 7 9 1 2 1 1 10 2 2 1 19 1 6 1 1 2 2 1 1 3 1 2 2 1 3 8 4 2 5 14 11 2 2 11 3 5 5 10 4 2 3 5 1 13
13 1 2 3 1 6 3 1 2 17 2 1 5 1 2 25 5 1 3 1 8 2 2 3 2 2 10 2 2 4 4 16 1 2 1 2 14 2 3 1 2 1 2 2 2 1 2 1 1 6 4 1 3 6 2 1 1 14 6 11 3 1 8 4 1 2 3 1 1 2 1 3 6 2 28 4 3 2 9 1 2 9 4 1 3 2 3 2 1 2 2 12 2 1 1 4 4 3 3 1 2 2 1 3 3 3 8 3 1 1 2 2 1 1 2 1 1 2 6 1 1 3 5 2 1 5 1 1 2 12 1 1 2 1 1 12 2 2 2 1 5 2 2 1 2 1 3 4 2 5 1 7 2 1 2 3 2 2 2 15 4 1 2 2 2 4 6 10 2 4 4 8 3 1 1 3 5 2 6 2 8 1 2 10 3 1 8 1 1 2 3 8 2 2 4 1 1 2 59 2
1 1 5 5 2 1 10 3 3 2 1 94 2 1 1 2 1 2 6 1 5 9 2 2 1 7 2 44 1 4 10 2 2 2 1 12 1 1 3 2 8 1 2 3 2 3 2 2 2 2 2 1 1 13 1 96 1 2 25 2 1 3 2 1 2 2 1 1 1 14 2 2 1 4 3 2 1 2 1 2 1 4 2 2 1 2 2 1 4 3 1 1 1 1 1 7 12 1 2 224 4 2 7 2 40 1 1 2 3 10 2 2 21 4 1 5 2 16 2 2 5 2 2 2 1 1 1 5 1 1 18 1 1 1 1 2 4 3 7 2 1 1 1 1 3 1 3 1 1 2 2 235 2 1 7 2 3 1 2 1 2 2 1 1 1 1 2 3 2 2 61 1 1 3 1 7 1 1 4 2 2 2 2 2 2 7 3 1 1 1 2 1 3 1 2 4 5 2 6 1
1 5 2 1 2 2 2 1 4 3 21 2 2 3 5 3 2 8 3 1 22 1 4 2 11 2 1 1 36 4 1 3 2 3 85 1 1 1 3 4 1 2 1 1 1 9 2 6 153 2 6 18 1 3 1 1 1 1 1 1 6 1 2 2 1 2 2 2 10 1 1 2 1 3 4 1 1 1 1 3 5 2 4 1 2 5 2 5 2 1 1 1 3 2 2 4 4 32 2 1 2 2 7 4 1 2 2 1 2 1 1 1 1 1 8 8 38 4 5 1 2 19 1 1 1 9 12 6 25 1 1 1 5 1 5 4 1 2 1 1 1 21 1 9 2 6 1 4 9 5 11 2 1 1 2 1 2 1 1 1 6 1 3 1 2 2 1 2 1 5 22 1 2 45 2 1 3 10 3 1 4 4 4 3 2 42 2 1 5 3 1 1 3 3 2 5 3 2 3 1
1 2 1 1 3 2 2 1 4 2 2 4 6 1 2 1 12 3 8 3 1 1 211 2 6 3 8 2 4 3 2 2 1 1 2 3 2 1 31 1 4 13 3 1 4 3 3 5 1 9 1 4 2 8 3 1 2 8 3 3 1 3 2 2 3 5 2 13 1 2 1 1 1 10 1 2 3 4 13 1 9 1 5 2 6 4 1 3 1 3 2 2 1 1 1 7 1 1 1 1 1 1 1 4 1 3 134 4 2 1 2 2 1 2 1 4 5 2 16 1 21 1 2 2 2 2 2 8 1 2 1 4 2 4 2 8 4 3 9 2 2 2 1 2 2 2 3 2 1 1 1 28 1 25 1 2 2 21 6 2 3 6 2 1 2 2 1 2 5 4 1 23 2 3 22 2 2 10 1 1 1 2 1 3 7 3 4 3 6 1 3 2 2 4 1 4 3 2 2 5
2 2 6 1 3 11 3 3 1 12 1 1 2 4 1 4 2 2 1 1 1 4 1 2 2 3 3 11 2 68 3 1 1 2 2 3 1 1 1 13 2 4 6 2 14 2 1 1 2 3 5 1 2 2 7 1 1 2 1 4 2 1 1 2 5 13 2 2 2 7 15 2 1 6 1 4 2 2 11 3 1 1 2 2 18 1 4 1 4 24 1 3 2 2 9 1 3 3 1 1 6 1 3 2 2 5 3 6 2 2 19 1 4 1 2 1 2 2 2 5 6 1 2 8 2 4 2 7 2 9 18 47 2 10 6 1 2 1 3 2 1 7 2 6 2 1 1 9 6 3 1 1 5 1 15 50 3 1 2 2 5 18 3 2 3 1 3 9 2 4 3 12 6 4 1 2 2 2 1 1 1 1 1 1 1 3 5 2 1 2 3 2 2 1 2 4 1 18 37 2
7 8 1 1 19 1 8 3 3 1 1 1 7 4 1 1 5 2 2 3 3 2 1 9 1 2 3 2 3 1 2 4 1 1 5 5 479 5 3 3 15 4 9 5 1 13 2 1 1 1 3 2 2 1 1 3 1 3 13 1 10 1 1 1 1 5 1 3 7 10 1 1 145 1 1 1 6 3 2 7 3 3 2 2 4 2 1 2 2 1 5 1 2 1 3 4 2 8 13 7 3 7 1 10 2 1 3 7 1 1 5 1 3 1 3 1 7 1 4 1 2 4 5 2 2 1 25 2 1 1 2 1 10 2 1 1 2 2 2 5 1 2 26 1 3 2 25 24 2 1 1 20 1 2 1 3 1 1 1 2 7 9 1 11 6 171 1 3 4 43 23 3 4 2 1 1 3 15 4 1 4 1 2 2 2 9 1 5 3 2 3 1 1 4 2 1 2 6 2 1
1 1 5 6 2 35 1 2 2 1 2 2 5 1 16 1 3 1 1 21 2 18 2 1 1 1 2 1 4 7 2 2 10 2 2 2 4 2 1 1 30 2 3 2 2 2 1 26 1 1 3 3 1 3 2 1 1 3 2 4 10 1 1 1 1 1 4 8 94 1 2 4 1 2 2 1 13 2 4 2 1 13 1 1 1 2 1 1 2 3 7 9 1 2 2 1 2 3 40 3 2 3 3 14 2 2 1 1 2 1 2 4 1 1 2 9 2 4 1 25 1 2 1 1 2 5 3 2 6 1 1 3 1 2 2 1 6 2 4 2 1 1 1 2 7 3 8 1 2 2 1 11 3 3 8 1 5 1 9 1 1 2 52 1 1 2 4 1 9 1 8 20 1 1 2 2 2 2 5 1 1 1 1 1 2 2 1 3 3 1 1 2 2 1 4 3 1 3 1 17
5 1 4 2 8 1 2 4 1 1 3 3 1 1 1 1 2 1 1 2 1 1 1 2 2 2 12 2 1 1 1 1 1 4 2 2 1 2 3 1 1 8 1 2 1 1 1 2 1 2 1 2 2 1 2 1 2 20 8 13 2 2 29 1 12 3 1 19 2 1 1 1 3 1 123 1 2 483 6 2 2 1 2 1 1 10 2 5 1 3 9 2 1 3 19 3 5 4 2 1 2 1 33 2 2 2 1 4 2 2 7 1 1 1 1 2 2 2 1 2 4 4 2 2 1 6 1 2 10 1 78 1 3 1 373 4 3 1 2 2 1 1 2 1 2 4 2 1 3 1 1 2 2 1 2 2 1 3 11 9 432 17 13 1 1 2 1 2 1 3 1 2 1 1 3 1 1 2 5 8 16 85 2 2 1 2 2 2 8 1 1 1 3 2 6 1 1 2 1 1
3 1 1 2 3 3 1 2 9 11 8 5 1 13 2 3 1 2 3 1 1 3 1 4 18 1 3 2 2 9 1 2 3 30 3 1 1 3 3 1 4 23 13 10 2 1 2 1 1 1 2 3 4 3 3 28 3 2 1 3 1 5 8 1 1 7 1 2 7 1 1 2 1 2 17 2 2 1 1 1 1 1 1 22 2 2 1 7 16 7 2 1 8 1 1 6 3 1 2 3 13 5 5 4 3 1 5 1 1 27 12 2 2 1 3 1 1 6 1 2 1 3 2 19 2 5 5 1 1 1 3 2 8 6 1 1 7 3 5 6 4 1 2 2 3 3 2 1 4 2 5 2 2 3 69 1 4 2 2 2 8 4 1 1 2 4 3 4 2 4 6 3 18 15 12 3 1 1 3 1 2 37 6 1 19 27 1 9 2 1 3 1 4 10 2 2 1 3 1 2
3 6 1 3 2 2 2 2 2 9 4 4 5 3 1 5 12 1 1 1 1 9 8 1 2 4 2 6 17 11 1 7 3 1 1 7 2 3 1 2 2 4 19 1 3 2 2 1 2 3 2 1 2 3 6 40 3 1 1 1 195 4 2 1 1 2 4 1 2 1 1 3 3 1 6 2 14 1 1 12 3 1 1 19 1 2 2 2 10 5 5 2 1 7 3 2 3 2 2 3 1 16 2 1 1 1 3 3 4 2 3 1 2 1 4 4 1 4 1 17 18 1 1 1 3 2 2 3 1 4 2 1 1 1 1 3 1 1 1 5 3 9 3 3 2 1 1 3 2 1 2 67 26 1 3 8 1 2 1 1 14 1 4 3 48 2 4 4 1 2 2 1 4 2 1 3 1 2 29 9 1 3 1 4 3 1 13 23 12 3 1 1 6 2 6 3 1 1 5 2
21 1 2 1 1 7 1 2 2 1 3 2 1 1 9 17 2 2 2 1 14 3 1 3 1 2 1 164 1 2 2 2 2 2 7 1 3 1 2 2 24 3 43 1 2 1 4 21 164 1 2 2 2 1 11 4 2 2 1 10 2 1 1 3 1 1 2 1 1 2 1 1 1 3 1 3 2 1 1 1 2 3 3 3 3 3 2 4 2 2 27 5 37 3 2 2 13 3 1 45 2 1 5 1 1 2 2 2 23 2 2 12 1 4 2 10 1 8 1 340 1 2 2 4 2 3 1 11 3 3 1 1 1 2 3 4 6 9 1 2 3 8 226 1 1 6 2 5 1 1 5 4 10 1 2 3 2 1 1 2 1 2 4 1 6 1 7 1 3 2 2 4 1 1 1 3 2 42 3 1 1 2 2 6 1 3 2 3 4 5 3 1 134 2 4 2 5 2 1 2
6 1 3 2 2 1 4 2 1 26 2 6 10 4 3 2 6 1 8 3 4 2 2 2 5 7 4 20 2 1 2 3 1 3 1 5 2 15 2 2 1 2 2 2 3 1 1 3 3 7 1 1 2 1 1 2 138 3 1 2 2 3 2 1 2 7 2 2 64 1 4 2 2 1 2 18 2 12 2 1 3 89 10 3 3 11 1 2 1 8 2 2 1 6 1 1 2 3 2 1 4 5 3 3 16 1 1 2 3 8 2 1 5 2 3 1 3 1 2 2 5 2 6 3 6 3 1 2 1 1 3 3 2 1 1 1 5 5 23 5 2 2 6 2 1 28 2 1 3 4 1 11 1 5 6 1 2 10 4 2 2 4 3 1 1 3 16 4 2 7 1 2 3 7 5 4 1 2 1 216 2 1 2 7 41 1 2 3 2 1 13 6 1 5 1 3 1 39 2 6
5 4 1 1 2 1 1 1 2 4 4 3 5 2 1 16 4 2 5 1 1 3 2 1 5 1 1 3 2 1 1 2 2 3 1 1 1 5 5 2 1 3 3 1 1 4 1 3 1 2 12 2 1 1 1 1 2 2 2 1 2 1 1 6 3 1 1 1 4 2 7 3 15 4 2 2 1 1 2 2 1 3 2 7 1 1 3 5 1 4 1 2 1 1 8 3 1 9 3 1 19 12 2 2 1 2 35 1 1 2 2 108 1 80 2 4 2 1 6 3 1 1 4 14 3 3 1 1 1 2 29 1 1 210 43 1 2 2 21 1 7 1 2 1 7 6 1 13 37 2 1 1 16 1 2 1 8 3 1 1 2 1 4 3 2 2 2 1 3 1 1 1 2 3 2 1 1 30 1 1 1 3 2 97 65 2 2 3 3 13 1 9 2 6 4 1 3 1 2 1
1 2 1 119 92 9 2 3 1 3 1 1 3 3 1 1 4 2 2 1 21 2 3 1 94 2 1 1 1 3 1 2 9 1 1 1 2 11 2 2 2 1 2 1 1 4 6 1 2 2 3 10 4 16 36 2 6 1 2 1 2 2 2 1 4 2 9 1 4 1 1 2 1 2 3 51 2 3 1 1 2 1 341 5 3 24 1 30 1 2 1 10 3 2 68 2 2 3 2 1 1 4 2 2 1 2 2 2 1 2 6 2 3 3 1 7 1 1 1 31 2 2 3 27 2 1 2 3 2 7 1 6 1 2 9 2 24 2 1 1 4 1 2 1 3 1 36 17 2 2 5 1 1 1 2 9 1 14 1 1 4 4 2 1 2 4 1 2 2 10 2 6 1 3 2 9 2 1 39 2 1 3 1 1 1 2 2 68 1 1 24 2 2 2 1 6 2 1 1 1
1 1 1 1 19 2 1 1 46 17 7 27 1 2 1 1 4 2 9 1 1 2 9 1 3 8 3 10 1 1 2 10 2 4 2 1 1 1 3 3 3 1 2 2 4 2 1 8 11 2 1 2 2 2 2 2 1 4 2 1 16 1 2 3 1 1 2 2 1 1 52 7 2 4 4 1 41 2 2 5 3 3 2 1 1 1 9 3 3 1 1 2 2 6 1 1 1 1 2 2 2 3 1 3 1 1 1 1 1 3 2 2 3 11 1 4 5 7 3 1 4 13 2 3 3 1 1 2 16 5 7 8 3 14 6 9 1 2 3 1 5 2 77 2 7 11 1 2 6 2 1 1 5 19 4 1 2 5 3 1 3 28 2 12 2 10 3 8 1 11 1 6 158 10 2 2 1 4 1 1 23 2 1 9 2 4 1 57 1 26 2 4 1 175 5 5 4 4 1 2
2 34 2 1 1 4 2 2 2 1 7 2 2 1 5 1 49 2 2 4 2 18 6 32 2 11 2 1 1 3 11 8 1 25 2 4 3 1 2 8 2 3 4 6 1 4 15 1 3 2 4 1 5 1 2 18 4 2 7 10 3 92 1 1 6 1 35 3 8 2 1 1 1 1 2 1 1 4 2 2 20 3 2 5 5 3 2 4 1 1 2 3 2 1 2 1 3 2 3 4 1 23 1 1 6 18 1 3 5 15 4 1 1 8 2 3 1 1 1 1 1 2 2 1 4 2 6 3 1 3 26 2 15 4 1 5 1 2 2 1 2 4 3 3 2 2 1 1 5 3 4 2 1 2 2 3 3 1 1 1 2 2 1 1 2 4 32 1 1 1 2 12 2 3 1 2 2 7 3 2 1 2 1 5 2 3 7 1 1 6 2 2 5 11 9 2 2 2 1 1
1 4 1 1 3 1 4 3 2 2 12 2 1 2 1 1 2 1 1 3 1 14 2 1 2 1 2 1 3 1 3 27 1 8 1 3 6 2 2 1 2 9 2 2 2 2 2 3 14 2 2 1 3 66 1 2 2 2 1 2 2 3 2 3 1 4 24 1 1 1 4 7 5 2 2 2 22 2 2 8 3 1 7 3 2 6 1 12 2 1 1 2 2 2 6 1 1 7 1 1 1 1 3 3 9 4 3 2 3 3 3 1 2 2 1 1 1 1 1 2 1 2 73 3 13 2 10 1 1 2 1 1 7 168 12 2 2 1 2 2 1 2 1 7 2 4 11 2 2 3 1 2 1 3 12 1 7 2 6 1 2 12 2 9 6 2 1 1 2 2 1 3 5 1 6 1 3 1 9 4 16 6 5 2 2 2 4 2 1 1 6 1 2 4 12 3 1 3 2 2
1 8 71 2 2 2 1 2 2 2 2 1 1 2 4 2 2 3 2 1 5 5 2 2 4 1 1 1 9 4 2 27 11 1 7 5 11 2 1 22 15 80 3 1 21 8 1 3 4 1 2 1 2 1 7 2 1 1 1 1 2 2 1 5 1 4 2 1 2 16 1 1 1 2 22 2 5 4 2 2 1 1 2 4 1 1 2 2 1 1 1 1 2 11 1 22 1 1 15 179 3 15 2 64 8 2 1 2 1 2 8 2 4 11 2 4 2 3 1 2 1 16 2 3 38 7 3 2 2 1 2 4 4 2 2 2 6 3 300 1 4 1 1 1 1 8 1 1 2 3 2 2 1 6 2 2 1 1 2 1 1 1 1 2 3 3 4 2 8 1 3 2 7 1 1 1 2 1 1 1 1 1 10 1 1 1 3 2 1 1 72 7 3 1 1 1 2 2 2 1
3 2 3 18 1 2 1 1 9 3 12 1 3 8 11 3 4 6 1 6 3 3 5 7 2 5 2 17 1 5 11 6 2 1 88 6 6 192 1 13 1 2 7 4 1 7 2 1 28 2 1 1 1 3 1 1 6 1 17 2 44 1 4 1 2 2 4 2 5 1 4 3 2 1 4 1 8 1 3 1 1 1 1 14 5 2 1 1 1 1 1 6 2 1 8 2 95 2 5 1 2 2 1 53 9 1 2 2 24 1 1 1 8 1 10 1 4 2 106 1 3 29 1 40 3 4 2 1 2 2 1 1 4 44 1 1 1 2 2 1 1 1 2 3 1 2 1 1 2 2 2 8 3 4 2 1 27 1 2 1 1 1 5 1 2 2 1 2 24 6 2 1 2 1 6 2 3 1 55 9 3 2 1 6 1 2 1 5 14 1 1 2 2 1 3 3 1 2 6 1
4 7 2 2 1 2 1 32 1 4 3 3 1 10 2 3 8 1 5 2 11 6 4 4 43 1 1 2 2 35 1 6 2 2 1 2 79 5 2 34 2 1 38 2 3 1 1 10 4 1 1 19 4 1 2 6 2 11 3 2 9 3 3 1 2 1 1 2 1 2 1 3 8 1 1 1 1 2 1 1 4 5 1 4 1 1 4 1 1 5 1 2 1 3 1 38 11 10 3 1 1 2 1 2 2 16 1 6 1 2 6 1 2 5 2 1 3 1 2 13 1 1 1 2 12 2 1 3 1 2 5 4 2 1 1 4 1 3 2 2 1 2 125 1 4 1 6 48 4 4 1 8 2 1 1 2 1 3 6 1 2 5 1 1 1 2 2 11 3 73 2 1 1 4 2 15 14 10 6 3 1 4 2 2 2 6 1 1 1 1 2 1 1 24 4 2 2 1 4 2
2 8 1 6 1 5 10 2 2 2 4 2 1 3 2 2 2 3 1 2 2 10 2 1 2 1 1 2 1 1 2 8 1 1 3 90 24 2 1 18 5 2 2 9 2 3 3 1 1 1 13 1 2 2 3 1 1 2 1 4 1 1 1 5 1 6 4 1 2 2 1 12 1 7 1 1 1 1 4 6 2 2 3 6 1 3 2 6 8 1 2 3 2 11 1 1 2 1 2 2 1 10 1 9 5 2 1 1 11 3 2 2 1 2 5 5 1 1 1 2 2 2 1 11 2 282 1 2 1 11 3 2 15 4 3 5 1 2 5 48 3 2 2 1 2 1 2 1 2 1 1 1 1 3 1 5 1 4 3 4 3 1 1 6 1 2 2 2 1 2 1 2 2 2 1 2 2 1 2 1 3 12 4 12 5 3 10 8 2 1 3 3 1 2 1 1 4 1 3 2
3 1 2 1 1 1 3 2 5 1 2 3 1 2 12 2 1 2 1 7 1 2 3 1 4 10 3 1 1 4 1 2 66 3 3 3 2 1 1 1 2 2 286 1 1 2 13 1 2 1 1 2 9 2 2 2 1 8 1 4 84 1 1 3 3 22 2 1 2 3 2 2 2 5 2 1 4 3 1 2 40 4 1 1 6 12 1 6 17 2 1 4 7 2 1 5 3 1 5 1 3 2 11 59 10 5 1 2 1 1 146 3 1 3 1 2 2 2 1 1 2 2 5 6 13 4 2 1 2 3 3 2 1 1 1 1 5 4 1 23 14 1 1 39 1 5 8 1 1 1 1 1 1 3 44 2 24 2 7 1 2 1 2 18 26 3 1 1 1 4 8 2 2 1 9 12 1 6 4 1 4 3 1 2 5 2 5 1 1 2 3 19 5 26 2 2 1 2 2 2
2 4 2 2 1 2 2 3 1 3 16 2 24 1 1 3 6 5 5 2 3 4 3 2 10 128 2 2 24 2 2 2 1 117 4 2 1 1 3 2 1 4 3 2 1 3 1 1 2 2 2 6 2 1 4 5 4 1 6 1 4 2 1 1 1 2 3 1 3 1 7 15 1 34 10 2 9 2 2 2 75 1 1 1 1 7 3 2 1 1 2 1 13 5 1 2 2 1 1 1 1 1 3 3 3 2 3 1 3 8 7 1 1 10 1 2 29 1 3 6 3 2 1 1 5 1 3 2 1 5 6 4 4 2 1 1 2 1 2 2 6 6 1 4 1 2 1 1 1 2 10 1 1 1 1 1 2 28 1 17 6 1 2 1 2 1 2 1 1 1 1 2 2 23 1 5 3 1 2 2 13 8 2 1 4 1 1 2 2 1 1 3 3 5 11 3 6 2 10 1
4 1 2 3 3 4 2 2 1 1 3 7 1 3 1 1 19 1 2 2 1 5 1 4 2 3 14 4 1 5 2 2 7 1 1 1 4 3 2 3 1 2 2 1 2 3 2 1 6 8 4 1 3 2 2 2 2 2 16 3 9 1 2 2 2 2 2 3 4 3 4 3 24 1 1 2 1 4 25 2 2 1 2 1 3 2 1 5 27 3 1 33 3 2 3 1 8 1 1 1 4 1 1 2 4 2 4 4 11 4 3 6 1 2 5 1 2 1 34 2 12 2 1 3 2 1 3 1 7 1 1 3 12 2 13 74 1 2 2 2 18 1 2 307 1 2 1 133 1 5 1 1 2 4 1 2 1 22 1 8 1 2 10 3 15 6 2 2 12 12 1 1 5 2 2 3 7 1 2 2 1 2 2 1 1 1 4 2 2 1 5 2 1 1 2 2 5 14 2 1
5 1 20 1 2 4 1 1 1 15 6 2 1 4 1 29 2 1 1 2 2 1 1 2 1 1 3 2 1 2 2 8 2 2 17 2 4 1 1 1 2 1 1 2 5 4 1 3 1 6 1 7 2 3 2 2 1 2 1 5 1 1 1 1 1 2 2 2 2 6 1 2 2 29 1 2 6 1 2 1 1 4 13 2 2 5 2 2 1 7 1 2 2 1 1 22 3 2 2 5 2 1 4 1 1 1 2 8 2 47 2 2 1 1 1 3 6 1 2 8 2 2 1 1 1 1 2 2 10 2 2 2 5 1 3 3 1 2 4 4 3 1 4 3 15 6 12 2 1 135 2 4 1 13 33 12 1 1 4 6 4 2 1 3 5 5 3 8 2 14 27 3 2 1 28 1 1 2 3 8 2 4 1 7 3 141 2 1 2 2 2 3 1 1 15 1 2 9 5 2
1 2 7 60 7 2 1 2 16 2 1 10 2 1 1 1 1 1 2 2 2 5 1 2 4 3 32 9 2 1 1 24 2 2 1 12 1 2 1 7 2 1 1 3 2 1 2 2 2 2 2 1 2 1 7 1 3 11 12 1 1 1 11 2 2 4 6 2 2 1 5 1 2 1 5 88 1 1 1 1 2 9 2 10 17 38 5 2 5 3 3 1 3 12 5 2 20 3 8 1 10 1 2 3 1 5 1 2 2 1 1 18 1 5 1 2 1 5 1 9 2 2 3 2 2 1 4 13 3 1 1 5 1 3 10 3 2 20 1 2 1 2 1 4 1 1 2 4 1 1 1 2 3 32 2 2 2 2 3 2 1 2 3 3 13 2 1 2 2 1 1 1 2 4 1 4 1 4 115 10 2 2 4 1 10 2 1 2 2 1 12 6 32 1 2 1 4 2 1 2
2 1 1 1 259 11 2 1 2 56 1 4 4 5 2 2 4 2 1 19 2 1 1 2 1 3 3 5 1 9 20 2 3 1 1 8 4 2 2 1 1 1 2 1 6 2 2 3 2 1 2 4 3 1 2 7 1 1 4 4 5 2 1 7 1 13 3 1 1 2 1 2 3 2 8 9 2 1 4 2 1 2 1 5 9 4 2 8 4 1 1 1 1 2 3 3 52 1 1 3 4 3 4 4 1 1 2 3 1 4 2 4 3 1 1 4 15 1 2 1 1 1 2 12 2 1 3 2 1 2 2 1 7 6 1 2 1 2 1 1 7 2 2 1 2 1 15 1 1 3 1 2 2 9 39 2 1 2 2 20 2 1 1 3 1 2 3 5 1 2 2 11 2 2 2 2 2 2 2 2 2 2 16 1 1 1 1 2 3 1 6 1 2 1 7 3 2 3 2 3
3 1 1 1 2 13 30 1 5 2 15 10 10 15 2 1 2 3 1 4 2 1 1 2 4 33 1 21 1 2 3 2 2 1 2 16 2 2 2 1 2 15 2 2 2 10 4 6 2 1 1 2 3 2 3 2 1 5 9 3 1 7 3 313 6 1 2 14 1 1 12 2 1 8 3 4 1 7 19 2 2 1 1 1 5 64 2 1 4 4 2 6 2 4 2 1 2 5 19 1 10 4 4 1 2 19 1 1 2 1 2 2 2 4 3 5 4 3 50 29 5 1 2 2 1 2 2 1 5 1 2 5 2 13 13 12 3 13 2 2 2 1 2 8 3 54 2 3 1 3 1 7 1 3 1 2 80 7 3 2 5 8 2 1 1 2 2 2 89 5 2 2 6 2 2 1 2 1 3 1 2 7 2 2 2 6 3 1 20 2 1 2 1 3 3 1 3 1 13 3
4 4 35 3 3 1 1 1 4 2 4 5 1 4 3 2 2 6 2 2 4 3 1 1 18 2 3 2 3 1 6 5 4 16 1 1 1 6 6 18 1 3 3 2 3 1 2 5 2 2 7 1 1 14 4 2 1 16 3 1 2 1 2 1 2 18 7 2 5 1 1 1 4 6 15 4 1 5 5 3 62 1 1 1 5 10 1 14 5 5 45 2 2 1 10 1 1 2 1 2 2 3 8 2 3 1 1 3 3 3 1 1 15 3 1 2 1 1 2 16 5 1 2 1 1 4 1 1 1 2 1 3 1 5 2 5 1 2 1 1 3 2 4 6 2 1 1 2 4 31 5 3 2 2 6 2 1 1 2 19 1 4 2 7 1 5 1 2 3 13 7 4 1 3 1 2 3 2 20 1 2 11 5 17 1 10 2 1 1 4 1 1 2 1 5 2 3 8 6 2
13 3 1 2 2 2 1 4 2 57 1 2 2 2 2 20 5 3 2 6 4 2 1 1 2 2 2 2 2 1 2 4 1 2 3 2 15 2 1 1 2 2 166 2 2 1 1 2 1 1 1 2 1 1 1 4 13 12 1 1 24 4 1 1 2 2 2 1 2 2 2 7 1 1 1 3 1 2 1 2 4 2 1 5 1 3 12 1 4 1 3 6 2 2 31 2 6 1 10 1 39 3 1 1 13 17 4 1 3 3 2 2 1 5 2 3 2 2 13 1 3 1 5 270 3 2 1 2 2 2 28 2 2 1 3 1 2 1 2 10 17 6 2 3 2 3 1 1 4 4 2 3 2 3 1 7 1 3 2 1 5 1 43 1 2 4 1 1 2 2 2 4 3 6 1 4 2 4 1 1 4 1 1 13 18 2 3 3 1 15 1 13 2 2 1 1 4 2 4 2
8 1 6 2 11 3 3 2 2 2 1 1 4 2 2 1 1 1 2 2 2 1 2 1 1 2 9 2 2 3 3 2 1 1 1 1 2 19 1 1 1 5 3 2 3 3 2 6 2 2 1 2 1 3 2 2 3 6 1 2 2 1 6 2 2 1 5 5 1 1 15 2 4 36 4 1 1 1 4 3 11 2 1 1 2 2 4 2 2 3 1 4 1 6 2 53 1 1 1 1 2 1 2 15 1 3 9 3 2 1 1 31 1 1 2 9 11 7 8 2 2 15 11 1 7 1 2 4 2 6 4 3 1 1 3 1 1 2 1 7 2 11 2 1 2 1 4 1 3 2 1 3 2 6 9 4 2 4 1 1 2 1 4 1 4 5 1 4 6 5 4 5 3 1 1 196 1 6 4 3 2 5 2 1 2 1 3 2 1 1 1 2 4 2 20 2 1 7 2 2
1 1 4 5 3 3 1 6 4 1 9 2 2 10 17 9 3 3 1 73 2 2 3 2 2 2 7 24 71 2 2 1 4 3 19 1 1 2 1 12 2 4 1 9 2 2 1 17 4 2 2 2 6 4 2 13 40 4 2 1 1 2 5 2 2 20 8 7 4 1 1 1 8 6 9 3 3 47 1 1 3 2 12 9 1 1 1 2 2 6 2 3 2 6 7 1 1 1 3 1 2 4 66 1 1 1 4 2 2 6 27 2 23 4 1 7 2 1 1 1 3 1 1 1 1 9 1 2 1 4 2 3 1 1 2 1 2 1 1 1 50 1 96 2 2 2 1 2 1 1 4 1 3 30 1 2 6 2 2 6 1 2 2 86 4 1 1 2 2 1 1 2 1 6 3 3 1 2 9 1 2 1 1 1 25 2 2 1 1 4 7 3 2 2 4 4 1 3 4 1
1 2 1 1 6 2 1 3 2 2 1 10 6 3 9 2 3 1 1 2 1 2 68 2 1 1 2 2 1 1 3 1 8 74 1 8 1 7 2 2 5 2 2 1 7 3 5 2 2 1 2 1 2 1 2 1 2 9 2 1 3 2 6 5 1 3 6 6 2 2 1 1 2 1 1 2 2 2 1 2 2 1 3 6 2 4 14 4 2 2 1 2 5 2 6 3 1 1 4 1 3 4 4 3 4 1 2 2 38 2 1 4 2 1 5 1 1 3 2 2 1 3 3 2 2 12 10 1 2 4 14 2 1 3 2 2 1 1 3 26 1 9 1 4 26 1 42 1 2 7 4 2 2 1 6 1 2 1 1 1 4 4 5 7 11 2 62 1 5 1 22 1 1 1 3 2 4 38 1 2 1 2 2 1 3 5 1 1 76 2 3 1 1 3 3 2 3 1 2 1
2 15 1 2 17 10 7 3 1 6 1 3 1 1 1 2 2 3 4 15 11 1 6 1 1 2 1 6 2 3 1 1 4 5 2 5 1 3 6 1 5 1 11 4 4 6 8 3 1 9 1 3 2 2 4 7 2 1 2 4 13 2 11 1 1 17 7 2 1 3 3 1 3 4 2 3 1 2 1 7 14 38 1 2 3 8 1 2 3 6 2 3 4 2 4 3 1 5 3 1 1 2 2 1 2 2 1 4 2 3 2 4 3 1 1 3 2 2 1 6 1 1 2 2 3 1 1 3 4 1 2 1 3 3 22 1 1 2 1 111 1 2 2 3 17 3 3 1 1 2 3 3 1 2 2 2 1 2 1 2 1 156 1 1 2 2 10 6 1 2 5 1 3 1 3 1 1 4 1 3 1 1 3 2 1 11 3 2 2 10 5 15 1 3 1 1 25 14 12 3
2 2 1 1 7 4 2 24 1 5 14 373 2 1 2 1 2 2 3 2 3 1 9 6 1 1 7 2 2 1 1 5 1 2 2 2 4 31 1 1 2 7 1 1 2 2 2 2 2 2 1 1 3 5 1 1 1 1 1 8 6 1 2 3 1 1 5 1 1 4 3 38 5 17 11 6 3 6 3 5 1 1 11 2 1 2 1 1 3 1 2 1 2 7 2 6 1 1 6 4 2 1 11 6 8 3 2 1 5 2 2 4 2 1 2 3 1 1 3 3 1 4 1 1 14 3 1 9 1 10 3 2 2 1 7 1 17 2 9 1 3 3 3 2 2 1 1 3 3 1 1 1 2 3 9 5 1 1 3 5 1 1 2 2 182 7 4 1 1 8 5 1 1 7 1 1 2 2 3 1 288 2 1 1 3 2 1 1 1 4 1 1 3 31 3 7 112 1 3 1
7 5 2 2 15 2 5 9 6 1 1 13 11 3 1 7 1 3 1 1 2 3 2 1 1 1 1 58 1 2 2 1 4 2 2 21 18 19 9 5 2 2 2 2 2 11 1 1 3 1 21 2 7 1 1 1 23 4 3 3 1 4 5 2 2 13 22 1 3 3 2 103 86 3 2 1 9 1 4 21 1 2 223 1 3 2 2 2 2 1 2 1 1 2 11 6 1 2 3 2 2 1 3 18 1 4 5 3 1 3 4 4 2 29 2 3 58 1 5 1 3 9 1 2 1 2 24 1 2 1 2 6 2 18 1 4 4 1 1 3 1 6 1 2 1 4 1 7 2 2 8 1 2 5 1 4 5 1 1 1 3 2 68 1 1 6 2 3 3 1 1 22 1 2 1 1 2 1 1 3 2 1 1 1 4 7 37 2 14 1 1 1 2 1 1 2 17 2 2 1
