200
126 487 455 439 408 487 497 287 213 102 172 327 474 191 319 216 319 353 264 376 388 146 125 432 297 164 296 441 339 236 412 238 175 102 240 377 246 365 456 481 406 405 279 137 489 148 345 300 280 133 187 114 271 376 142 353 290 485 323 109 248 364 213 122 487 243 221 312 102 284 478 373 128 238 194 355 215 499 320 235 171 352 248 358 346 189 436 222 447 182 172 413 348 381 491 478 451 220 140 106 467 459 402 282 145 307 268 102 435 334 296 114 258 480 359 477 361 494 351 397 334 364 124 490 110 214 147 131 486 482 115 130 265 317 276 355 158 442 301 177 460 438 119 109 490 368 426 415 380 139 485 425 138 416 224 400 294 307 344 216 392 355 465 172 352 158 369 385 183 461 132 175 255 454 226 415 385 185 188 149 443 388 153 225 114 446 490 216 477 431 297 433 207 179 115 323 143 186 495 113
4 2 6 3 6 1 2 3 6 2 4 3 1 3 5 4 5 2 2 2 5 6 3 5 2 6 6 2 6 5 6 2 4 4 4 5 2 1 1 3 5 1 4 6 3 2 1 2 2 3 4 6 3 3 2 5 4 3 5 5 5 2 1 2 6 4 1 5 2 5 2 4 5 3 2 1 5 4 2 3 2 6 2 6 3 6 1 3 2 2 2 5 3 1 5 3 2 5 2 3 4 4 1 4 6 6 1 1 6 2 5 1 3 5 4 1 3 3 6 2 4 6 6 2 5 4 2 6 1 5 6 5 3 3 1 3 6 5 5 2 5 6 5 2 4 1 3 2 3 3 6 5 4 5 6 3 6 1 1 3 6 1 5 2 1 3 4 3 3 6 4 6 6 6 3 4 4 5 4 3 5 5 4 1 4 1 5 5 2 5 1 3 3 4 6 4 1 5 5 5
1 4 1 3 4 3 3 1 1 1 2 1 2 16 4 1 10 1 1 10 2 2 2 7 2 3 1 1 1 3 2 1 4 2 3 2 1 1 3 1 2 2 3 4 4 2 6 2 2 2 1 3 1 1 4 2 1 1 24 1 29 3 1 1 1 1 6 2 2 7 2 2 3 2 3 1 4 5 2 1 35 2 1 3 4 2 1 1 2 1 2 8 3 3 8 1 3 1 3 1 22 4 1 6 3 1 1 1 62 1 13 1 1 2 44 1 1 2 7 7 4 2 1 3 9 2 2 1 7 1 25 2 1 2 1 2 2 3 1 1 2 6 1 4 1 2 1 2 2 3 7 1 2 1 1 14 2 2 2 13 5 2 3 2 2 1 2 8 3 2 1 5 4 1 1 2 3 2 9 4 1 1 3 2 1 3 283 1 1 1 1 10 2 2 2 3 3 1 2 10
27 2 5 3 1 8 3 1 4 4 2 1 2 4 4 1 2 1 2 3 2 2 2 1 2 1 2 1 2 1 3 1 1 5 2 2 1 2 2 3 5 3 4 3 4 5 58 3 1 3 5 4 3 3 92 1 3 12 2 5 1 1 1 1 1 2 3 2 2 1 3 2 6 22 3 2 5 2 2 146 2 1 2 3 2 1 2 14 5 10 6 1 2 5 12 1 2 1 1 3 4 2 2 1 5 2 2 1 2 9 1 7 2 1 22 3 1 2 2 1 3 2 2 1 9 2 1 37 2 2 1 1 1 1 6 1 2 9 3 2 4 2 1 14 3 2 5 1 3 3 2 2 3 4 5 1 1 2 2 3 3 1 25 3 1 2 2 1 3 1 1 2 23 1 3 3 17 17 2 1 2 16 1 4 4 2 2 3 21 163 1 3 1 2 3 3 3 7 1 3
1 10 5 2 1 1 2 3 3 3 1 1 1 2 1 1 1 3 3 18 5 4 3 6 1 4 27 1 2 3 1 10 16 2 3 1 3 4 15 1 1 1 1 1 1 2 2 3 2 30 2 2 2 13 1 1 2 2 1 2 57 1 3 1 1 1 1 3 1 39 1 2 8 2 8 1 2 1 2 65 5 3 2 3 2 2 4 3 15 9 1 9 2 2 27 1 1 15 4 1 5 38 3 3 2 2 2 2 3 1 1 5 2 7 9 1 33 3 2 2 2 5 2 3 3 2 2 4 3 1 1 18 5 1 2 1 3 2 1 9 9 1 1 3 15 127 1 3 2 15 35 4 1 2 2 3 1 1 1 3 1 1 1 2 1 1 33 11 2 2 1 21 1 2 4 2 8 1 1 2 1 1 12 2 3 2 1 1 1 2 1 3 2 2 2 1 4 1 1 5
49 2 2 3 1 14 2 1 14 2 1 1 3 2 5 1 48 1 5 2 7 4 5 59 2 1 1 43 2 37 2 5 9 1 2 77 1 2 18 15 9 2 5 1 7 2 4 1 9 36 2 3 2 1 1 1 1 2 11 1 3 7 2 1 3 2 6 2 34 2 2 3 1 3 1 1 75 2 5 2 2 3 1 4 4 3 4 3 1 1 1 2 2 4 2 1 4 3 1 2 2 1 5 4 1 4 1 1 1 2 2 1 6 1 96 1 3 5 6 2 9 1 1 2 4 1 1 1 10 1 1 2 12 2 1 6 1 3 6 2 4 4 1 14 2 1 2 1 1 3 1 3 1 1 1 2 2 3 4 7 2 3 1 1 1 2 31 1 1 1 3 3 2 2 1 1 1 1 2 4 1 9 2 4 2 2 9 1 9 15 1 1 3 3 8 2 2 2 2 4
2 5 8 2 2 1 3 1 1 1 23 3 2 15 4 4 6 2 17 2 7 5 7 3 2 3 1 5 1 10 20 1 1 18 3 9 2 4 12 9 2 3 1 4 1 2 1 3 3 1 1 4 1 7 3 1 10 1 1 2 1 3 2 2 9 1 5 1 1 2 24 3 2 1 1 1 1 2 3 5 23 1 1 3 4 4 5 6 3 5 2 1 19 2 2 1 1 1 7 2 2 1 4 2 1 105 1 13 1 3 1 87 3 2 4 2 1 3 26 1 2 3 2 31 2 1 2 5 12 8 2 2 2 1 22 1 21 2 1 1 5 4 1 1 2 83 31 7 2 27 4 3 1 1 29 1 1 2 2 2 2 2 1 2 4 1 3 3 1 2 12 3 23 6 3 1 2 4 1 2 3 1 3 5 3 5 1 1 6 6 13 2 2 75 8 2 2 13 6 14
2 2 2 1 2 15 2 3 1 2 1 2 2 2 1 2 1 4 1 4 1 6 1 1 2 1 7 6 26 1 2 1 2 1 4 3 3 2 2 7 1 2 1 5 15 3 1 2 2 3 2 3 5 10 1 5 1 2 1 7 3 2 2 1 2 2 8 3 1 1 3 1 1 11 6 1 1 2 2 3 1 2 5 2 3 4 1 1 1 2 6 6 2 4 4 3 1 1 1 2 1 1 4 10 3 86 5 1 1 2 2 1 9 3 37 19 1 2 2 4 1 9 3 1 1 1 1 2 2 2 1 1 6 2 5 4 2 4 40 22 3 1 6 2 55 1 3 3 1 1 1 1 1 2 2 1 2 3 1 1 2 9 1 1 1 1 4 1 2 1 1 1 1 2 1 2 1 1 2 1 14 1 3 4 1 1 1 3 1 1 1 4 2 1 2 5 1 1 1 1
3 6 1 1 2 1 3 3 1 1 2 5 13 5 1 1 1 4 1 3 1 6 4 7 1 5 3 2 5 2 4 1 2 3 4 3 3 3 8 3 1 3 1 2 1 1 8 1 3 1 10 1 2 1 1 2 2 30 4 1 2 11 2 1 1 1 2 1 1 33 1 2 2 2 2 21 4 5 1 18 5 2 1 1 1 1 2 1 1 1 1 4 2 2 2 1 2 29 2 7 1 2 2 1 4 9 4 2 1 1 2 11 1 1 1 2 1 2 1 4 1 1 2 1 1 4 3 2 1 3 9 2 2 1 2 4 7 8 7 9 2 1 3 1 2 2 2 1 1 4 3 1 2 7 12 6 2 15 1 2 3 4 2 2 2 3 1 1 7 3 1 1 2 1 2 2 1 1 2 3 1 1 3 2 4 1 5 1 1 6 1 1 2 1 3 8 2 2 1 2
29 1 2 1 10 2 1 1 3 5 1 1 3 7 10 1 4 2 6 1 1 1 1 5 2 3 1 1 37 16 3 1 2 2 238 2 1 1 2 3 1 1 5 2 3 4 89 1 3 1 1 10 2 2 13 1 1 3 1 21 1 1 2 3 2 13 8 4 1 3 3 1 2 8 2 1 3 2 1 2 1 9 1 2 3 2 1 23 3 2 1 2 2 2 3 6 3 4 7 1 3 2 29 1 1 1 1 1 4 2 2 1 11 4 1 1 23 2 23 2 4 5 4 47 1 2 20 2 10 4 1 2 2 3 2 2 1 2 1 2 3 4 2 2 3 1 2 28 4 15 2 1 2 1 2 1 1 2 7 2 1 4 3 5 1 20 1 2 1 4 3 3 2 5 1 2 20 2 1 3 2 2 8 1 2 2 3 8 2 2 1 4 1 1 1 1 1 2 3 1
21 2 2 2 1 3 1 2 2 4 2 2 1 5 2 1 1 2 8 2 7 2 2 2 2 2 2 1 1 1 1 1 2 4 1 6 2 9 4 4 4 3 4 2 2 3 6 1 1 2 4 2 4 1 2 2 2 1 1 2 3 2 2 11 2 6 15 1 3 2 1 27 2 1 2 3 1 13 2 1 5 5 1 6 2 10 5 2 1 1 20 3 1 1 2 3 3 1 2 1 1 5 2 4 1 2 1 17 1 11 6 2 1 4 3 1 8 1 3 54 1 1 20 2 2 1 1 2 26 3 2 4 2 1 6 4 5 4 1 1 3 3 9 2 3 5 2 2 2 2 2 1 2 1 1 3 2 9 1 2 2 1 1 5 1 3 21 10 4 6 17 3 3 1 6 1 2 1 4 1 2 2 1 5 1 1 1 7 1 2 1 2 2 1 1 1 2 1 1 9
74 1 1 1 2 2 5 1 5 3 2 4 2 1 7 1 1 2 7 2 1 4 3 4 2 1 2 2 4 3 2 3 16 66 3 4 1 1 2 12 1 2 2 1 1 1 28 1 1 5 2 7 1 1 12 2 4 2 3 1 15 11 5 2 3 2 9 5 5 22 5 3 2 3 65 1 60 17 3 3 2 2 4 4 1 1 2 1 2 5 2 5 6 1 2 4 5 2 6 9 1 1 1 4 1 2 1 1 2 2 2 2 71 2 20 3 1 1 3 2 1 2 9 1 1 1 7 3 1 3 7 3 3 2 1 1 5 3 2 1 3 2 2 2 2 1 2 166 2 1 1 1 2 3 2 3 2 3 1 2 5 13 2 26 4 2 1 4 3 1 2 2 2 9 2 8 20 5 5 3 11 1 4 2 7 4 26 1 10 20 3 2 3 1 10 3 1 1 1 1
1 2 9 5 2 1 1 2 1 6 2 1 1 5 1 4 1 1 1 8 1 2 2 2 12 2 2 22 2 4 2 2 1 2 1 2 3 1 2 2 19 6 8 6 2 3 3 3 3 1 12 5 2 13 1 8 5 3 4 18 2 5 2 1 1 2 4 2 1 6 4 1 1 3 3 1 1 2 1 2 34 2 6 55 3 1 2 2 2 10 2 3 3 2 3 2 1 2 3 6 1 4 1 1 7 3 1 2 2 4 3 1 7 2 2 2 8 2 4 2 2 4 14 2 8 2 5 4 1 22 4 3 1 1 3 11 1 2 6 3 2 1 11 3 2 2 1 1 2 1 2 2 2 5 1 2 1 1 4 1 18 2 2 1 4 5 1 1 6 3 2 8 3 1 3 1 4 4 2 1 1 2 14 4 2 2 1 1 1 2 1 1 3 12 8 2 1 2 3 1
2 7 6 12 1 5 4 1 3 3 44 2 3 1 1 2 3 4 1 4 28 2 1 49 1 4 2 1 1 3 1 6 1 2 2 11 3 2 1 1 29 1 3 3 2 1 2 2 13 1 2 2 4 16 1 5 1 1 1 1 2 3 2 1 3 2 1 1 1 7 6 1 8 6 3 2 2 2 2 2 5 2 1 2 1 1 3 1 3 1 5 2 5 2 1 5 1 2 3 1 31 5 2 2 2 7 8 5 2 1 5 4 5 3 19 1 2 1 2 1 1 1 2 1 6 1 2 1 1 1 72 1 2 2 1 4 2 5 2 4 1 13 2 2 1 1 3 63 1 7 2 4 1 1 2 1 3 122 1 1 2 2 1 1 3 3 7 1 4 4 1 1 2 1 3 1 2 2 3 2 4 6 2 2 1 4 1 1 1 2 3 4 2 3 1 2 2 2 5 2
1 2 3 9 5 2 9 1 3 1 1 2 4 1 1 1 2 1 3 2 1 2 3 1 4 8 2 1 20 1 1 6 1 1 1 2 2 2 2 5 3 1 4 1 2 2 4 28 2 1 1 1 4 1 1 20 2 3 7 1 1 1 2 1 1 1 2 5 1 2 2 2 2 4 5 2 5 1 3 3 13 1 4 7 1 42 2 2 1 1 2 2 2 2 2 1 2 3 1 4 4 3 3 3 3 1 2 16 2 1 1 4 1 2 7 6 3 1 3 1 11 2 2 1 2 1 1 9 11 5 2 1 4 2 215 2 1 6 2 14 5 6 2 2 7 3 3 1 4 3 1 3 2 1 5 5 5 10 1 3 1 1 3 1 1 6 2 2 1 1 2 1 1 1 1 2 3 1 1 12 2 8 5 3 2 2 6 1 1 1 1 22 1 2 2 11 3 1 4 13
5 1 2 2 5 24 1 4 3 4 2 5 1 3 3 2 6 7 1 3 4 2 4 6 3 31 2 2 1 1 258 21 15 3 1 2 12 2 7 2 2 2 1 10 3 2 2 2 1 3 40 2 1 2 6 1 2 2 2 1 16 10 10 1 1 4 1 1 3 8 8 1 13 10 14 5 1 1 2 6 37 1 2 1 6 1 2 2 3 15 2 3 1 1 1 2 1 4 21 2 1 1 1 3 1 1 1 1 24 7 6 1 3 17 2 2 2 2 1 1 6 6 5 3 3 2 1 3 1 7 2 2 1 9 4 4 4 1 7 5 2 1 1 2 26 12 1 3 2 13 3 1 3 24 1 3 6 1 2 9 1 6 1 3 7 1 6 6 2 9 2 5 1 2 5 1 1 5 191 1 1 1 5 1 3 4 4 2 1 1 4 15 4 9 3 1 2 11 41 25
114 3 2 1 3 1 84 2 1 3 2 7 2 1 1 4 5 3 2 2 7 15 18 2 2 3 62 2 3 24 16 1 5 2 1 2 1 1 3 2 1 4 1 1 3 7 1 14 3 2 1 7 2 2 2 2 4 2 3 1 4 1 13 3 1 1 2 1 1 1 1 2 2 32 1 4 28 1 4 1 3 3 2 4 6 3 4 1 6 3 1 1 7 8 5 1 8 2 3 3 2 5 13 2 7 2 1 2 1 1 1 1 3 1 1 7 1 2 2 2 4 4 1 2 4 3 2 1 4 2 1 1 2 1 2 11 2 1 3 34 4 4 6 3 1 2 26 2 2 3 1 1 1 2 4 3 3 21 6 11 1 1 5 1 2 48 252 14 1 6 1 3 1 13 3 1 2 1 2 1 1 1 8 18 1 1 42 11 1 1 2 3 10 2 4 11 2 3 1 6
1 2 1 85 2 51 6 2 1 1 2 4 18 5 4 1 1 2 17 1 3 3 1 1 1 1 1 6 1 2 1 4 2 2 3 8 1 2 3 2 1 12 1 3 6 3 2 3 12 3 2 1 32 2 1 2 1 1 3 1 3 1 30 3 14 16 2 2 2 5 3 1 14 1 3 1 2 3 2 1 10 4 2 1 5 3 5 3 1 1 5 2 1 3 4 2 7 2 1 1 1 4 21 2 9 2 1 2 1 2 3 2 3 3 3 1 2 7 1 3 4 2 1 1 1 1 3 1 8 1 6 2 2 1 2 10 1 67 3 4 3 6 3 1 4 2 4 3 1 2 5 3 23 4 2 3 1 1 1 6 4 21 2 10 1 3 2 1 1 1 4 6 2 3 1 1 3 2 2 2 7 1 3 4 4 33 1 1 2 2 2 17 3 5 1 4 3 1 5 2
2 1 1 3 1 8 1 3 1 1 2 2 2 1 1 2 2 12 9 3 1 2 1 6 8 1 3 2 3 2 5 21 1 3 1 2 4 4 4 8 2 2 1 1 2 2 10 3 1 15 7 1 1 4 9 1 1 1 3 185 2 3 1 19 7 2 5 1 1 2 1 6 3 16 3 3 4 2 1 1 5 1 2 3 1 1 1 2 1 7 1 1 1 1 2 2 8 2 1 1 1 2 8 2 2 9 1 1 6 1 2 5 5 1 1 8 2 1 3 2 13 2 1 3 1 5 2 17 2 13 1 2 1 2 5 2 1 2 5 3 5 2 4 12 6 2 28 3 2 9 3 2 2 38 1 2 1 9 4 1 2 4 1 3 2 1 4 3 2 1 1 1 1 1 2 9 6 2 2 1 1 1 1 1 2 2 5 1 2 3 1 1 41 1 5 9 1 3 1 1
8 11 3 1 2 1 15 3 5 2 2 2 1 2 4 2 7 1 1 1 2 1 2 1 4 2 10 5 7 2 9 13 1 1 1 1 10 1 15 2 79 2 2 1 2 2 14 4 1 2 1 2 97 115 3 11 5 1 1 1 1 45 1 2 3 2 12 1 1 1 2 1 16 2 2 5 1 6 2 5 4 1 4 3 1 4 3 2 1 1 1 8 1 3 3 2 2 1 2 1 2 2 1 2 4 1 1 1 7 11 3 2 2 4 2 2 3 35 1 1 14 1 2 1 1 1 2 14 2 4 21 1 4 2 1 2 28 6 1 1 1 3 2 1 2 2 4 1 1 2 28 5 1 2 1 2 1 4 3 2 5 2 10 2 1 1 10 1 5 32 1 2 77 4 1 1 8 3 5 15 10 1 3 2 1 1 2 1 3 2 1 3 1 7 3 3 10 1 2 2
55 2 2 2 2 1 1 2 1 39 5 2 10 2 6 1 2 13 10 11 2 2 4 2 10 1 4 1 1 4 1 3 2 27 2 3 1 1 2 9 1 2 6 2 2 1 2 2 4 1 2 29 2 1 21 7 3 1 2 6 3 1 1 3 2 1 1 4 1 72 38 13 2 4 1 133 2 8 6 2 2 1 6 2 2 3 1 5 5 3 8 2 1 1 6 3 2 1 2 40 4 2 2 6 4 5 5 1 3 1 1 1 2 1 9 1 1 4 3 1 28 1 3 1 6 1 1 2 9 2 4 4 2 91 5 2 8 19 1 9 3 3 1 2 3 2 1 1 17 5 2 1 1 1 4 1 1 2 1 96 6 14 1 1 1 1 1 1 2 2 7 5 1 9 1 2 6 2 3 1 1 2 11 2 2 1 2 1 1 1 5 3 2 2 2 4 5 9 2 4
1 5 2 8 25 1 1 2 4 3 2 2 2 3 2 3 4 2 6 2 1 28 5 2 1 1 4 1 3 1 1 2 1 1 6 3 6 9 2 7 4 1 1 2 1 7 5 3 2 1 8 11 2 1 26 1 1 9 11 1 1 5 1 5 2 4 3 1 2 2 3 4 1 24 2 1 1 49 2 4 2 8 2 2 9 1 1 10 2 3 3 13 6 7 2 1 1 6 3 9 1 1 4 2 1 1 1 2 1 7 2 7 5 3 6 1 3 12 3 1 4 2 2 2 1 2 1 9 2 1 1 2 2 4 2 101 1 1 1 2 1 1 1 1 4 1 35 5 1 11 1 24 2 2 4 1 5 1 2 3 8 1 1 3 1 3 2 1 3 13 4 2 7 2 2 1 4 2 6 19 1 1 1 23 1 2 3 12 2 2 3 1 1 1 2 1 1 2 5 1
4 2 1 4 1 6 2 2 3 4 1 1 1 12 3 5 2 3 14 1 1 2 1 1 2 1 3 1 1 2 5 1 1 8 50 1 1 1 3 4 1 1 2 3 1 1 3 2 4 93 3 1 1 1 4 6 4 2 1 4 1 20 3 4 8 1 3 1 1 2 7 2 2 2 2 1 1 12 2 1 1 5 1 3 4 4 1 1 6 1 2 4 4 2 2 21 1 2 1 4 4 1 1 1 2 2 2 4 1 1 1 8 1 3 2 4 2 1 3 12 1 1 3 1 1 15 8 5 1 6 2 1 3 2 1 3 4 21 4 2 3 2 1 1 1 1 4 3 2 19 4 9 1 2 16 3 1 1 6 14 3 7 2 2 8 2 1 3 1 1 73 4 5 5 1 6 1 3 1 7 1 1 4 4 2 1 1 2 5 2 16 7 1 14 2 2 6 2 2 1
4 1 1 1 2 1 1 1 4 1 1 2 1 3 4 4 1 2 2 1 7 2 2 44 1 3 5 1 17 1 23 1 1 1 1 1 1 3 13 1 2 21 3 2 47 3 1 5 8 2 1 3 84 3 2 4 2 2 2 2 2 1 84 1 2 2 2 4 1 2 1 13 2 2 1 3 1 1 3 10 1 2 1 2 2 2 2 5 1 6 31 2 4 2 1 3 1 2 1 1 8 1 4 10 1 1 1 3 2 2 2 2 2 3 2 1 3 6 2 1 3 4 3 1 1 1 2 2 1 1 6 57 1 1 4 14 6 21 11 2 2 2 2 3 1 1 2 1 1 1 1 3 1 1 1 7 1 6 2 2 1 1 2 1 5 2 2 2 3 15 2 3 3 1 3 3 5 2 2 3 1 1 233 2 1 1 1 8 2 4 17 1 2 2 2 6 4 2 27 10
2 4 10 7 2 3 2 8 3 1 6 2 2 1 1 1 6 3 3 5 8 1 54 2 20 2 1 1 2 1 4 4 7 1 1 1 1 2 9 1 1 1 1 20 1 17 1 3 3 5 4 5 2 1 4 4 3 2 20 2 4 2 3 4 3 4 1 2 2 11 2 3 1 2 1 1 1 2 2 2 1 2 3 3 1 3 5 3 1 1 5 4 1 6 3 4 1 2 2 3 2 10 2 1 1 1 2 1 2 2 1 6 2 3 1 1 1 4 2 6 1 1 1 3 1 1 1 80 3 1 5 1 3 2 1 4 3 1 2 3 3 1 1 7 1 3 403 2 2 6 5 3 1 4 2 5 4 7 2 1 2 5 1 12 1 1 1 2 4 1 2 3 1 1 34 1 1 8 1 16 3 3 2 93 1 2 1 1 2 2 2 2 1 5 33 1 2 3 3 2
1 2 1 2 5 10 2 2 1 1 13 1 3 1 2 11 3 51 8 2 1 1 7 6 1 3 2 1 1 1 2 2 12 1 5 1 2 1 2 3 1 1 7 1 1 21 2 2 1 16 1 12 1 1 2 30 1 14 3 10 18 5 2 1 1 4 1 5 1 1 232 1 6 2 3 4 12 3 27 14 1 2 3 1 3 1 2 22 1 9 2 2 2 2 5 2 2 3 1 1 1 2 2 2 1 26 2 5 56 9 3 2 2 1 1 1 4 1 3 1 2 2 1 2 1 1 1 8 1 1 2 3 3 1 1 1 2 2 8 5 1 2 1 2 2 1 1 4 1 32 3 1 3 1 1 3 6 2 9 2 13 1 1 2 2 1 3 9 1 1 1 3 5 1 2 2 2 1 2 2 2 5 1 2 2 1 1 1 2 2 1 1 1 1 1 1 2 2 2 1
12 1 1 2 1 1 4 6 1 2 20 4 2 5 14 5 3 7 2 1 1 19 3 21 6 2 1 2 1 1 2 1 4 4 2 5 4 2 2 1 2 1 2 2 25 1 7 2 3 2 1 1 1 1 2 2 88 1 2 37 2 7 2 1 1 2 1 68 1 4 1 5 2 75 2 1 10 2 2 1 6 1 3 2 1 6 5 21 4 2 1 19 2 2 1 1 1 1 2 1 1 2 6 1 5 2 4 2 2 3 112 3 1 1 4 2 1 1 5 3 1 1 1 5 2 2 3 3 2 1 1 1 1 1 3 1 3 2 4 1 2 2 2 1 2 2 4 3 12 5 2 7 2 3 1 1 5 1 15 1 1 1 1 3 5 5 1 10 2 4 24 2 2 2 6 9 3 28 2 1 6 3 2 9 2 2 1 1 3 1 1 1 1 9 1 2 80 7 3 1
1 6 1 6 1 2 1 3 1 4 3 2 1 3 2 1 2 1 1 13 1 2 11 5 4 4 1 2 1 1 2 1 1 2 1 6 2 2 3 1 4 2 3 5 8 1 7 12 2 1 1 1 1 3 1 3 2 2 2 2 3 13 2 1 6 3 10 3 1 4 3 59 20 10 2 11 1 3 1 1 1 2 6 18 4 6 1 1 4 2 1 2 1 9 2 4 9 1 9 110 1 2 1 3 4 3 1 1 1 3 1 1 1 1 2 1 1 1 1 2 4 2 2 4 3 2 1 3 2 4 1 4 2 4 5 2 5 5 9 7 4 7 1 3 2 3 1 1 5 17 1 48 3 9 6 1 2 1 4 3 2 3 1 3 3 2 55 6 3 2 63 4 3 6 2 1 2 7 1 6 2 1 4 1 1 6 2 53 1 2 5 1 9 1 13 4 2 2 3 3
2 3 1 1 1 3 3 23 17 2 3 7 3 3 1 2 2 9 4 1 3 2 3 6 7 2 1 2 2 13 2 3 4 1 1 1 1 2 3 2 4 3 1 7 1 1 1 8 1 7 2 13 2 2 1 2 11 2 1 3 6 8 4 4 9 1 24 4 7 2 1 3 13 1 1 3 1 3 2 1 2 2 2 2 9 2 1 1 1 2 3 365 2 4 1 2 4 1 5 1 16 1 7 2 2 288 3 3 2 4 2 3 20 2 2 9 1 3 16 4 4 3 3 2 1 2 1 2 1 2 5 2 1 18 1 31 5 2 1 2 2 4 2 3 3 1 1 6 2 2 4 1 1 2 8 5 1 1 1 2 4 2 8 4 3 6 2 2 1 2 9 4 1 1 1 1 5 2 2 3 1 3 1 7 1 2 104 2 3 2 1 2 2 6 1 1 3 4 4 3
3 4 1 1 1 4 4 2 10 1 2 1 2 2 1 1 2 20 2 1 14 1 8 2 1 37 7 21 2 1 6 35 2 2 1 1 2 5 1 1 3 2 4 2 4 1 4 2 1 2 1 3 2 2 1 3 1 1 5 6 2 1 1 5 15 2 1 2 5 4 13 3 1 2 6 1 1 3 1 2 2 15 2 4 2 6 2 2 2 1 1 1 11 2 1 4 1 51 1 21 11 1 25 1 2 1 3 8 1 1 3 1 1 5 4 1 7 1 1 12 1 1 3 2 1 2 3 1 54 2 1 1 5 3 9 38 77 1 3 1 13 1 2 1 3 15 10 6 2 2 1 1 2 3 2 1 6 1 1 276 1 8 2 3 2 1 3 1 3 1 1 1 1 1 3 1 1 3 1 2 2 1 8 2 2 2 2 4 2 1 1 1 2 4 13 2 1 2 3 2
1 4 2 3 3 1 1 1 1 6 4 1 1 3 1 1 1 1 1 14 4 2 5 1 2 1 2 2 2 1 2 3 5 3 4 3 4 3 3 3 1 2 27 1 4 1 3 5 1 2 2 3 2 1 7 2 1 1 1 1 6 2 1 5 3 4 2 2 2 2 2 9 2 1 2 4 1 4 1 2 2 3 2 1 1 2 1 3 24 1 1 1 9 5 3 3 1 1 9 1 2 3 1 1 4 20 2 3 2 26 1 9 1 1 7 2 1 6 2 1 3 2 1 1 2 2 3 1 1 7 6 11 1 1 3 1 2 2 2 1 3 7 3 95 2 5 2 1 3 1 1 1 1 9 1 2 1 1 1 4 1 4 4 7 3 72 8 3 1 2 1 1 1 22 4 1 1 1 2 9 1 4 1 2 1 3 17 3 1 3 1 2 1 1 26 4 1 4 1 5
3 2 3 2 32 1 3 2 8 1 1 4 2 12 1 3 2 4 1 1 2 1 20 2 3 1 4 2 5 2 4 1 1 3 1 2 2 4 1 2 5 2 3 7 1 3 2 2 3 1 14 1 3 2 1 2 2 1 1 1 8 1 15 2 21 1 1 2 2 1 1 3 14 5 2 3 2 1 1 2 4 16 2 1 41 2 2 12 1 1 14 2 2 3 1 2 8 29 1 2 1 1 21 13 20 1 2 3 5 1 1 2 59 1 4 1 2 11 5 2 1 2 2 35 1 1 1 1 3 2 1 5 1 2 1 1 7 2 2 3 4 2 1 1 7 1 1 3 2 2 3 87 3 15 2 1 4 1 1 3 8 1 14 4 4 3 8 2 11 1 1 1 4 2 2 4 2 1 4 2 5 1 3 2 2 7 2 1 3 2 3 1 2 1 1 3 2 3 1 1
2 2 2 1 2 3 2 1 2 1 4 4 1 9 5 77 1 32 2 2 2 3 2 1 1 3 10 1 99 4 1 1 5 1 1 1 2 1 2 1 6 1 8 3 1 4 2 2 3 4 2 9 2 2 1 1 1 21 8 1 1 51 3 2 3 1 1 6 12 4 2 2 1 2 4 2 3 3 9 1 1 2 2 5 2 3 2 1 11 6 7 21 1 1 2 1 4 12 2 2 2 2 3 11 4 1 3 11 2 5 2 1 2 2 2 5 1 8 1 1 2 1 2 3 4 2 1 6 2 1 2 6 3 4 3 6 3 49 2 3 2 1 2 2 4 6 5 1 1 1 1 3 17 3 9 87 2 2 1 1 3 3 6 8 4 1 3 9 2 1 2 2 2 15 2 2 18 3 1 1 1 2 1 8 2 19 4 4 3 1 1 3 1 1 3 1 4 1 1 1
2 17 6 4 1 5 4 3 1 1 2 1 2 3 2 15 1 2 3 1 3 2 1 1 5 3 146 3 2 8 3 1 2 5 22 1 1 5 1 3 7 1 2 7 2 4 1 1 1 3 1 2 1 8 1 3 1 3 1 1 2 1 7 1 1 1 2 3 1 3 1 6 2 3 6 1 2 12 2 2 1 4 5 4 2 1 2 1 2 16 2 1 1 5 2 6 2 3 2 1 1 1 1 1 4 1 13 2 9 1 1 2 1 2 16 1 4 4 2 1 4 32 2 2 1 2 1 1 53 2 1 1 2 4 27 2 2 2 2 2 1 6 2 8 4 17 1 1 1 8 11 15 9 2 1 17 1 1 1 1 8 7 1 3 2 1 3 3 5 3 5 14 2 2 1 1 1 1 4 2 1 2 1 3 1 2 1 2 2 1 1 6 3 2 1 5 6 2 3 3
107 1 5 2 1 2 2 118 2 12 2 1 10 7 75 3 1 2 2 1 3 1 2 1 1 1 3 1 5 1 2 2 2 1 10 1 1 1 1 2 1 13 3 1 2 1 63 2 18 1 1 1 2 16 1 4 2 1 2 3 1 2 9 3 3 2 2 2 1 2 1 6 1 2 5 81 1 1 3 1 4 2 2 3 1 6 17 2 1 127 4 1 5 6 3 6 6 15 1 1 59 1 3 1 3 4 1 5 2 3 2 1 15 3 1 1 16 1 11 2 1 2 1 4 1 2 60 2 2 1 2 3 2 1 2 18 1 3 4 17 29 1 2 3 1 2 1 1 23 15 1 1 2 1 1 15 6 1 3 5 12 2 12 5 2 34 1 9 2 2 2 1 2 1 3 3 3 6 2 1 1 1 1 3 1 2 2 1 2 3 3 2 11 1 5 2 2 2 1 1
2 2 1 1 1 2 2 1 7 2 20 3 50 4 1 24 6 1 1 2 1 5 1 1 2 29 3 1 1 1 2 3 13 1 1 2 1 1 1 2 1 1 1 1 1 2 1 1 2 2 7 1 2 1 1 2 1 1 2 4 4 13 4 3 2 3 1 1 1 2 5 1 2 3 3 3 2 2 3 2 4 2 1 1 1 4 2 9 1 5 28 12 6 1 3 1 3 1 2 3 7 9 1 1 1 2 2 2 3 2 1 4 2 2 1 7 1 1 4 1 2 1 1 2 2 2 3 1 2 1 2 1 2 2 1 8 1 2 3 1 14 2 2 6 3 1 4 2 1 2 1 4 4 1 1 1 1 3 3 6 4 1 7 1 1 1 1 1 6 6 5 3 2 1 1 7 2 4 1 1 7 2 3 1 16 4 2 1 5 16 8 3 1 1 1 1 9 1 1 2
5 3 2 2 1 2 2 1 1 1 2 3 1 2 2 4 9 6 5 7 4 2 18 1 2 7 1 19 3 18 2 2 1 28 1 3 56 2 1 2 1 1 2 1 1 1 1 9 1 1 23 2 4 3 3 1 8 2 1 1 4 2 10 3 2 3 2 2 1 3 1 15 1 3 2 2 2 3 4 6 1 4 10 4 2 2 3 2 1 1 3 3 2 1 1 6 1 1 2 32 1 2 3 1 2 2 12 1 5 41 1 1 1 3 101 1 4 1 3 4 1 1 3 3 18 2 2 7 2 1 2 2 1 1 1 10 1 2 3 2 1 1 2 3 1 5 8 1 1 3 3 1 7 1 2 1 2 3 1 4 3 2 2 2 23 1 1 13 1 1 2 2 1 1 1 1 1 4 1 1 1 2 2 4 2 4 5 6 5 1 2 5 1 4 2 4 1 2 2 4
1 1 2 77 2 2 4 1 2 1 5 3 5 3 2 2 2 2 1 1 2 25 2 2 2 73 2 10 3 2 1 1 2 5 3 3 1 3 1 2 2 2 6 20 2 1 1 1 3 1 1 1 1 1 4 5 14 1 2 2 1 1 5 4 1 1 2 2 3 1 2 1 17 23 3 3 13 1 6 1 8 2 2 1 3 2 1 1 4 2 3 1 5 3 1 3 34 3 2 2 45 43 1 6 1 5 2 2 3 1 2 6 1 2 1 2 45 3 3 1 4 25 1 1 2 5 2 5 1 9 5 1 2 2 2 3 3 28 2 1 2 1 4 89 3 27 2 2 2 2 1 2 3 1 9 1 1 2 19 1 6 5 2 2 2 1 3 2 4 1 4 1 1 6 1 7 2 2 2 1 1 5 1 1 1 1 3 5 7 3 5 4 5 1 7 1 8 1 1 1
1 2 65 2 2 1 1 90 9 5 30 2 1 1 3 3 2 1 1 5 5 9 3 1 1 2 19 2 4 2 1 3 4 29 3 2 2 1 1 2 1 2 1 9 2 3 11 1 2 2 2 2 4 8 2 2 4 30 1 1 3 7 4 3 2 1 1 1 2 8 3 3 2 2 4 6 2 1 1 2 2 3 1 2 2 4 1 6 14 1 3 11 21 13 1 2 2 10 3 3 1 8 2 2 1 5 31 1 2 1 1 3 2 1 6 2 1 1 2 1 2 3 2 8 8 5 3 1 1 9 5 1 3 1 2 1 2 2 1 2 2 28 1 1 1 2 1 4 28 2 2 5 4 2 1 1 1 7 4 2 2 1 9 1 4 1 1 1 2 3 2 1 1 1 1 2 1 1 2 1 7 1 2 4 9 12 4 1 2 3 10 1 3 2 2 2 1 5 1 9
3 3 3 1 1 7 1 7 189 2 17 3 1 1 2 2 1 8 1 2 2 2 1 1 1 1 1 26 1 1 4 3 2 2 3 13 3 1 8 2 2 2 1 1 2 3 2 2 9 1 12 1 1 1 1 2 2 1 2 1 1 46 1 1 3 105 1 2 2 5 3 1 1 2 1 7 1 7 1 2 1 2 2 12 1 3 1 1 6 1 2 4 2 4 1 1 5 1 1 2 3 2 1 1 3 1 1 2 1 220 1 4 1 1 1 18 6 5 1 8 1 3 2 1 5 2 1 1 1 4 6 2 2 1 3 8 1 2 4 3 1 15 1 4 15 2 1 2 4 1 2 2 1 3 3 7 16 1 2 2 23 6 1 6 4 3 1 3 13 2 2 1 7 2 43 1 2 2 47 3 1 194 3 1 1 1 5 63 1 1 4 1 3 1 1 18 2 218 1 2
18 1 3 1 6 14 1 4 3 1 1 2 100 1 3 2 2 1 3 2 1 4 3 1 2 1 9 2 6 4 2 1 2 6 1 2 3 4 1 3 2 1 2 22 1 2 2 3 3 1 1 2 3 1 2 2 5 5 3 3 1 4 3 2 2 3 2 2 3 1 2 2 2 1 6 4 1 1 5 2 2 5 1 1 1 2 3 1 2 3 1 3 3 1 1 4 1 1 2 1 2 5 2 1 2 1 1 1 15 2 1 4 1 9 5 3 6 1 5 1 5 1 1 11 2 1 3 2 2 3 16 2 2 4 3 1 5 2 3 1 1 5 11 3 2 1 1 13 1 2 11 3 3 5 2 1 6 2 2 2 120 1 1 20 2 1 1 1 1 11 1 3 3 1 3 1 7 3 3 1 1 2 1 2 9 4 2 4 10 2 2 2 1 2 2 1 1 3 1 1
3 1 11 2 2 2 2 4 1 15 7 5 5 3 1 8 2 2 2 2 2 1 2 2 2 1 37 3 1 1 3 3 55 2 20 4 2 1 1 1 1 5 1 3 1 10 3 2 1 5 2 2 1 3 4 4 13 1 4 3 2 1 1 10 1 7 33 5 20 2 1 1 2 1 2 7 1 2 3 2 10 1 1 1 2 11 5 1 2 2 2 1 1 4 22 2 4 4 2 6 1 1 2 1 4 1 3 1 4 2 2 1 1 2 102 1 1 1 1 1 2 3 1 1 3 1 37 20 1 3 1 5 2 7 9 5 3 1 1 1 2 2 1 2 5 8 3 3 3 1 2 2 1 1 1 2 3 1 4 3 1 1 2 1 68 2 4 2 2 10 1 5 91 2 2 6 2 1 2 3 5 2 5 1 1 2 1 1 1 21 11 1 1 5 81 2 1 4 2 1
1 2 2 1 1 3 1 1 1 1 2 1 6 2 3 7 1 2 2 1 1 10 2 4 3 153 3 4 1 9 1 8 5 15 1 1 3 3 2 2 7 208 1 2 4 6 81 1 2 2 6 9 1 2 2 2 10 5 2 2 1 2 1 3 1 1 6 10 2 11 2 1 1 10 3 1 1 1 2 1 2 3 2 29 4 2 2 1 17 3 2 1 3 3 1 1 2 2 2 2 1 18 1 89 1 2 1 45 1 16 2 2 1 2 2 9 51 2 2 1 1 1 2 51 2 1 14 2 5 1 2 1 1 3 1 1 1 6 16 1 2 1 1 1 4 2 2 1 1 2 3 2 2 5 7 78 1 2 2 1 1 1 15 4 1 9 3 3 2 2 2 1 2 10 4 1 1 7 2 8 3 8 5 1 14 3 1 3 2 17 1 6 2 3 1 2 1 3 4 3
1 2 2 2 3 2 5 3 2 2 3 2 1 1 20 23 5 2 1 2 3 1 2 1 1 2 1 1 1 6 2 4 1 19 2 2 9 4 1 1 6 2 3 4 1 2 1 1 4 3 35 2 3 3 1 4 1 2 1 1 1 9 76 8 2 3 2 11 7 1 1 1 2 9 1 2 2 7 1 2 9 1 3 1 17 2 4 1 1 1 1 1 1 2 1 2 1 2 17 4 5 2 1 1 1 28 29 2 1 2 2 1 1 2 2 1 12 5 41 2 4 12 40 2 2 4 3 2 5 1 1 2 30 2 2 3 1 1 1 1 2 3 2 13 2 4 1 6 1 2 11 2 3 2 1 5 1 1 2 4 5 3 2 3 2 1 3 1 6 1 1 2 17 2 2 1 2 7 3 1 1 1 1 4 1 1 3 1 2 5 1 1 1 1 1 11 4 1 2 2
3 2 3 3 1 12 1 36 5 5 4 2 47 1 2 1 2 16 1 1 3 1 2 1 2 179 4 1 2 1 19 5 1 4 1 13 2 11 42 1 3 1 7 2 13 1 1 1 2 5 7 1 2 3 2 3 2 1 2 1 5 1 7 5 6 25 2 1 2 1 6 8 21 1 2 2 1 2 4 2 1 2 5 1 2 2 2 1 2 1 2 1 5 2 1 2 1 36 3 1 4 3 2 3 1 3 5 2 2 2 2 29 1 2 1 2 1 131 1 1 20 2 2 10 4 1 2 3 2 9 7 5 1 2 47 3 1 1 5 2 2 2 1 3 1 3 4 14 3 1 53 2 8 4 2 2 1 4 4 14 1 2 1 1 2 2 2 4 3 2 4 2 2 2 23 1 1 5 5 4 2 34 1 1 4 1 1 6 3 1 5 1 6 2 2 5 2 2 1 3
1 1 4 4 20 2 1 3 1 3 1 3 10 8 1 2 1 3 3 4 1 2 2 4 3 3 2 2 1 3 7 18 1 2 6 1 2 1 4 1 2 5 1 4 10 2 2 1 8 3 17 2 1 2 7 2 3 3 1 3 2 4 2 19 1 5 2 1 2 1 2 1 3 5 3 14 3 37 1 7 2 22 5 105 6 2 6 308 1 23 3 2 4 8 2 1 2 2 2 3 3 1 1 2 8 1 1 1 2 7 4 1 2 2 3 2 2 1 3 3 13 2 1 2 1 45 2 2 1 2 2 1 2 4 1 13 3 2 7 2 2 1 2 3 1 3 11 1 4 3 1 4 2 2 1 1 3 15 1 8 5 1 2 1 1 1 5 9 5 1 1 2 1 1 2 1 2 2 1 6 1 1 1 1 89 2 2 2 14 2 6 3 2 3 2 2 1 1 16 2
3 4 2 1 4 306 3 1 2 2 3 2 28 3 1 1 2 4 2 4 1 1 1 2 1 1 2 2 3 1 2 1 1 1 2 1 2 2 5 5 9 2 2 2 2 3 11 1 1 1 1 3 1 3 1 166 10 1 2 5 5 2 1 7 3 3 17 10 3 2 2 3 7 2 1 3 2 3 3 1 2 1 4 3 2 1 1 2 20 2 2 4 3 2 1 6 5 10 3 2 2 8 2 2 1 5 8 3 1 2 5 4 8 4 1 2 3 1 1 8 6 1 1 1 4 1 12 1 2 2 4 1 1 1 1 2 4 1 1 1 1 5 1 2 2 1 3 1 2 2 1 1 2 3 2 1 1 2 2 7 1 45 1 4 3 8 1 3 1 2 1 3 1 1 37 1 4 5 3 1 1 3 9 3 1 1 1 2 2 1 10 1 2 68 5 5 2 2 4 12
6 13 1 1 1 9 5 1 1 20 3 4 7 1 2 2 1 10 3 9 2 3 2 5 2 25 2 1 2 5 5 4 2 3 4 1 2 1 19 1 1 1 2 2 17 2 3 1 1 1 1 6 8 2 3 1 3 6 1 2 3 1 4 3 2 1 1 3 6 2 1 7 1 1 2 2 2 1 1 1 1 1 1 3 2 72 1 12 85 2 1 1 1 1 5 3 2 2 2 3 1 1 17 2 6 1 1 2 1 8 2 1 2 9 1 16 1 1 5 9 7 1 1 4 1 1 2 1 2 13 7 1 8 2 1 6 1 6 3 1 2 1 2 4 2 12 5 58 1 2 2 10 9 3 1 3 9 2 1 3 1 44 1 1 1 3 1 2 2 2 3 1 1 5 1 4 7 2 2 1 1 1 3 1 1 6 1 13 2 2 2 4 1 7 2 2 2 1 1 1
12 2 7 7 2 1 2 2 6 1 11 5 1 3 6 50 3 1 4 2 2 2 8 3 6 2 2 2 5 2 2 1 1 2 2 2 1 2 1 1 1 7 12 3 25 2 2 1 1 1 2 3 1 19 1 2 2 2 4 2 2 6 1 2 3 3 3 1 1 1 3 3 6 17 1 2 1 4 3 2 2 11 5 3 1 1 2 1 2 1 6 20 1 1 2 1 2 18 1 1 2 1 1 3 4 1 1 1 3 2 2 2 1 1 1 3 2 1 2 1 1 3 2 2 4 5 1 2 1 2 7 1 2 3 11 3 1 4 18 3 33 6 3 3 6 1 1 2 2 2 2 1 1 35 2 2 3 7 2 2 7 3 6 7 2 1 1 2 2 2 3 2 2 3 2 3 3 2 6 4 5 4 4 1 10 9 1 4 3 1 2 7 1 1 7 19 20 3 1 3
4 2 2 4 2 18 238 2 3 1 3 462 1 1 1 1 1 1 3 3 1 1 2 5 1 6 2 2 1 2 1 64 2 1 2 20 1 4 1 2 1 1 4 2 1 4 1 4 1 1 1 14 1 29 2 5 2 35 86 2 1 2 9 2 7 2 3 2 1 1 2 1 11 29 4 2 2 5 1 2 1 2 1 1 1 1 5 2 1 2 3 3 2 3 1 2 2 3 1 2 1 1 4 1 2 54 4 8 2 2 2 1 7 4 2 2 5 2 1 3 3 2 5 5 1 2 5 1 3 5 1 2 1 2 6 3 1 1 2 1 2 1 1 1 1 1 3 2 2 1 3 10 3 1 1 1 1 1 2 1 185 2 1 3 2 7 3 1 2 2 2 1 3 7 1 2 2 27 2 1 1 1 1 12 1 2 1 1 1 7 2 2 2 1 9 5 1 1 4 2
8 2 6 2 2 4 8 1 2 1 4 1 2 1 1 3 2 5 1 1 1 7 3 3 13 16 3 1 1 1 7 7 56 1 44 1 2 3 1 4 2 3 1 2 1 1 2 1 2 1 1 1 4 1 1 6 18 1 2 3 8 1 3 1 7 1 2 1 1 1 23 4 3 1 1 1 2 2 1 2 1 1 2 11 1 1 14 2 1 5 1 2 23 1 3 2 2 3 1 6 1 2 2 5 12 7 2 18 1 10 1 2 3 3 1 3 1 5 7 2 2 2 5 2 2 4 3 1 10 4 1 3 1 3 2 1 15 2 1 3 3 11 1 2 11 3 1 1 2 1 1 2 2 2 2 2 1 1 1 1 2 10 5 3 1 1 1 4 11 2 2 2 1 5 3 4 1 28 4 3 2 5 2 1 7 2 1 3 3 1 2 22 1 2 1 2 2 2 1 3
3 2 3 3 7 2 1 1 1 7 2 1 3 3 3 3 1 1 1 5 21 3 1 5 13 3 1 2 19 1 2 1 1 5 1 1 1 1 1 1 2 2 1 3 1 2 3 387 3 11 7 3 2 1 3 3 34 2 6 6 1 1 1 1 48 12 2 1 4 3 1 3 1 4 1 2 38 49 4 3 2 10 1 18 1 1 1 1 6 1 3 1 13 102 1 1 2 2 2 10 1 1 1 1 1 3 1 6 1 1 3 4 10 1 1 3 8 3 2 1 10 3 1 2 1 3 2 1 2 1 8 3 4 4 2 25 2 1 1 2 1 3 1 2 3 2 2 3 4 3 2 4 2 7 3 2 1 2 7 1 2 4 1 1 3 10 1 2 1 1 3 1 2 1 2 14 4 1 2 1 1 3 77 1 8 5 2 8 2 3 4 2 1 1 7 1 1 2 10 8
39 9 2 1 7 1 3 6 3 4 2 2 9 2 2 5 1 2 1 1 1 1 1 3 2 2 416 2 7 2 8 4 14 1 3 1 1 9 2 2 1 2 2 2 2 1 2 1 2 1 1 1 2 1 1 1 1 2 2 5 3 5 4 3 1 3 2 1 2 5 1 1 11 3 2 10 2 19 2 1 8 223 1 8 1 1 1 8 7 5 5 2 2 1 1 1 1 4 224 32 1 9 1 2 1 2 2 2 3 1 1 1 5 1 12 1 8 2 2 1 2 1 2 4 1 2 3 1 2 5 3 2 3 1 1 1 1 1 2 3 2 1 6 2 153 4 1 6 1 9 141 2 13 2 2 5 2 1 4 2 4 1 1 179 1 1 1 1 2 1 1 1 1 1 2 2 5 1 7 1 238 1 7 1 1 3 3 4 1 1 1 7 1 3 4 1 1 1 5 1
1 2 3 1 1 1 23 5 7 1 1 2 1 2 1 2 12 1 1 3 2 6 31 7 3 2 4 3 2 2 2 2 3 2 4 1 8 1 11 1 1 2 2 1 1 3 2 1 2 1 80 1 2 2 2 23 1 5 2 18 2 1 2 3 2 3 4 2 3 11 3 2 2 1 4 1 2 8 2 2 2 12 1 2 1 2 1 3 1 1 13 3 3 2 2 2 73 4 2 2 1 1 2 1 3 3 1 2 1 7 2 2 6 1 1 1 17 5 4 1 2 1 4 1 2 1 63 2 3 23 2 3 1 1 5 1 1 8 13 1 1 2 16 4 1 2 2 3 1 1 1 1 2 4 3 1 6 2 1 3 3 1 3 1 6 1 1 25 1 4 2 1 6 1 1 2 1 3 1 4 1 8 2 2 2 1 2 3 2 6 2 2 43 3 19 3 7 18 75 3
2 52 7 7 2 4 4 1 22 2 1 1 6 2 1 1 5 17 7 14 1 2 5 8 4 1 6 4 3 2 2 1 2 3 2 3 1 2 3 2 3 1 4 14 6 2 1 2 4 2 4 1 5 2 1 1 2 2 1 1 2 2 1 1 3 1 4 4 1 2 1 1 1 2 8 1 2 1 5 3 11 4 1 1 8 2 9 2 7 1 2 6 1 1 2 1 4 21 3 1 3 1 53 5 1 5 3 11 1 2 2 3 2 2 2 6 1 2 2 48 1 1 1 2 1 1 17 5 2 1 3 5 45 2 3 2 2 8 2 1 1 2 1 55 2 1 2 3 1 1 1 2 2 30 2 2 2 3 5 40 35 1 14 2 1 1 1 30 1 2 16 1 2 2 6 16 3 4 2 5 4 4 3 1 6 1 2 9 1 3 4 3 2 150 47 3 4 3 2 7
1 3 3 3 2 1 2 15 2 15 2 1 2 1 5 1 2 8 1 5 2 2 1 2 2 1 23 1 1 2 3 1 1 3 7 7 9 2 2 1 4 6 1 4 4 3 7 3 1 13 1 1 3 2 1 3 1 4 3 2 2 2 1 3 1 2 3 1 2 1 1 1 2 1 2 4 24 10 3 2 1 8 2 4 4 5 2 2 61 3 2 1 3 1 2 3 2 1 1 2 4 2 11 1 6 2 1 6 1 3 4 7 2 1 7 1 1 2 4 1 2 2 1 1 1 10 2 1 2 1 4 8 2 2 3 2 27 1 1 8 7 1 9 1 3 2 3 4 1 3 2 3 2 4 5 1 1 5 2 14 3 1 3 1 2 11 1 1 1 2 1 1 1 1 5 17 4 66 1 2 1 2 23 3 2 1 1 1 5 4 10 3 1 1 3 8 1 3 1 2
3 1 1 2 3 11 1 1 1 2 2 6 1 1 5 2 3 2 1 1 5 2 2 6 1 1 1 3 1 1 10 1 2 3 1 1 1 6 5 1 3 1 2 4 11 4 1 2 22 1 1 4 2 4 2 1 1 2 13 1 3 1 4 4 10 1 8 23 3 15 1 3 3 10 1 2 11 2 1 7 2 1 2 2 61 8 3 1 2 1 1 8 4 18 35 1 1 2 1 1 2 1 2 37 1 1 3 2 8 2 6 17 1 4 3 4 2 2 1 3 3 2 3 1 18 3 2 1 2 1 4 14 4 4 1 3 1 7 5 2 2 4 2 1 2 5 1 2 1 2 5 3 2 1 4 2 1 1 2 2 4 1 6 1 2 2 1 2 1 6 3 2 2 2 7 1 2 2 1 2 5 2 1 1 1 2 5 1 2 3 5 1 4 2 3 1 1 1 2 2
1 2 2 7 3 2 1 5 3 2 51 8 2 1 4 1 15 2 3 2 1 12 2 5 6 2 2 8 139 1 4 15 3 2 1 1 2 1 1 1 1 2 2 1 1 1 2 3 1 5 9 6 34 2 3 2 3 1 1 2 2 1 2 1 1 1 23 1 1 1 1 1 2 2 2 4 1 2 2 3 2 2 2 2 9 7 2 1 36 1 1 1 7 1 3 11 17 1 2 177 1 7 3 5 4 3 3 9 2 1 3 2 3 3 1 6 4 1 1 2 5 25 2 211 2 1 4 1 2 2 6 3 6 4 1 3 2 2 2 2 17 6 12 1 2 3 22 3 5 1 4 57 3 4 1 6 8 1 1 1 1 1 1 2 2 3 2 13 1 1 31 17 1 2 1 4 2 3 1 2 1 1 1 11 2 8 16 2 2 1 36 7 2 1 14 2 6 3 1 2
2 3 7 3 1 4 1 20 5 4 2 3 4 3 5 3 31 5 45 1 1 3 7 1 1 2 2 1 13 1 2 28 5 2 2 2 3 10 2 2 6 80 1 4 3 2 2 1 2 7 1 10 4 2 1 6 2 7 2 11 1 1 1 4 1 3 4 1 1 3 2 3 1 1 2 22 2 2 3 2 1 1 6 1 6 1 2 3 3 1 4 2 4 1 9 1 3 1 1 26 7 3 4 1 2 1 1 26 1 1 3 1 1 1 10 1 32 15 6 1 22 6 1 2 1 2 1 2 2 3 1 4 22 5 1 2 2 3 2 2 3 2 2 1 1 3 1 11 2 2 5 5 2 2 1 2 1 7 4 3 1 1 6 3 2 3 1 2 3 1 1 9 2 3 2 1 1 1 8 1 2 5 1 1 2 2 2 136 3 15 1 1 5 1 1 2 2 2 1 2
6 3 2 3 2 4 53 1 2 1 2 2 2 1 3 4 2 2 2 2 1 1 2 3 2 2 2 3 1 6 1 2 2 1 1 5 1 2 2 4 1 4 4 3 2 2 1 32 6 6 1 2 2 2 6 2 4 1 2 4 2 3 6 31 6 2 4 16 2 1 1 2 5 2 1 1 8 1 1 4 3 5 3 1 2 1 2 1 12 1 9 2 2 15 2 2 2 2 1 6 1 1 2 2 8 2 6 1 2 1 1 3 3 1 56 3 2 2 1 211 4 2 3 3 90 5 2 17 5 17 4 6 2 4 1 40 5 1 3 1 1 3 4 10 1 2 6 1 2 2 1 3 3 2 3 1 2 1 6 2 2 1 2 2 1 2 2 3 1 1 1 2 6 8 32 1 3 1 3 2 2 2 1 9 1 2 6 1 3 4 1 3 2 3 4 5 1 4 1 2
15 2 2 1 1 3 3 2 1 3 10 2 1 57 8 1 3 1 2 11 2 21 1 3 2 2 3 1 3 2 1 3 2 8 1 1 44 2 11 2 3 2 1 2 3 2 1 7 2 2 3 2 2 3 2 3 1 2 1 4 4 2 1 2 1 1 2 3 3 1 14 2 3 1 1 1 2 1 1 4 1 1 13 1 3 2 2 2 3 1 7 4 34 1 2 2 2 2 1 1 4 3 2 1 2 1 1 4 1 3 2 1 3 1 2 7 4 6 1 2 3 2 4 2 3 2 3 2 2 1 2 12 5 1 30 2 16 1 2 1 4 2 2 1 5 1 3 2 1 1 2 2 136 2 2 1 2 1 1 2 2 3 4 2 1 2 9 3 2 2 14 5 2 3 1 3 1 1 1 2 1 3 1 3 1 2 6 1 3 2 2 2 5 3 1 2 4 26 3 1
1 1 1 2 1 2 3 3 5 2 1 3 4 10 3 6 1 1 3 4 1 3 1 1 1 2 31 2 1 2 1 1 1 2 3 22 2 10 130 1 2 2 1 2 1 2 3 4 1 1 2 2 3 39 16 1 1 1 5 1 1 1 1 1 1 1 1 1 10 1 6 7 1 4 3 1 18 1 1 2 1 4 1 3 2 5 1 3 2 1 1 2 1 1 4 1 3 1 1 1 3 1 1 1 3 1 8 6 6 10 1 1 1 1 2 30 1 2 3 10 1 1 1 1 3 13 2 5 2 6 1 1 15 2 1 1 2 4 1 1 1 1 4 1 1 2 4 1 1 1 1 1 1 1 4 6 4 17 2 9 2 2 3 3 3 25 5 16 2 2 5 1 6 6 3 3 2 1 2 34 1 1 6 4 3 1 1 1 1 1 1 3 12 3 7 1 4 2 2 1
3 1 6 2 6 103 2 1 4 2 2 6 1 10 3 2 1 2 2 11 3 1 1 2 1 2 4 2 2 2 1 1 2 1 8 1 12 25 5 15 5 1 1 2 5 2 1 1 7 3 1 1 1 1 5 5 2 5 2 2 1 2 4 13 1 1 4 9 3 2 1 1 2 2 3 1 2 1 3 110 1 3 2 2 1 2 1 1 2 2 2 2 2 9 1 3 2 1 2 7 1 6 1 2 2 2 4 6 2 1 136 2 2 1 1 1 1 4 5 3 2 1 1 2 1 1 1 1 9 3 2 7 5 1 1 2 2 4 4 97 6 6 2 2 6 3 1 1 1 4 1 2 6 1 2 1 3 2 1 1 1 7 2 3 1 3 2 1 1 4 2 1 5 1 1 2 1 1 7 12 3 1 2 5 1 3 1 1 15 1 1 2 1 1 13 3 3 1 1 2
2 3 2 9 2 2 2 1 2 2 6 1 1 1 1 1 1 4 16 5 1 2 2 3 2 1 1 1 1 4 2 1 3 1 19 4 3 3 1 1 2 1 1 32 3 1 1 1 1 1 3 2 3 4 11 1 6 1 12 1 8 1 2 3 1 3 1 1 1 6 2 2 2 2 3 1 2 2 1 3 1 117 7 4 1 3 3 1 1 1 2 1 1 3 1 2 5 2 3 1 1 11 1 1 1 16 1 1 5 2 3 2 51 16 7 3 1 1 1 3 2 7 4 4 2 3 6 1 1 6 1 2 1 6 1 42 3 3 2 2 6 4 8 1 2 4 1 5 3 2 2 2 2 3 1 1 1 1 1 4 6 7 1 66 1 4 2 1 6 1 4 13 15 1 2 3 1 40 3 2 55 1 4 1 2 1 2 4 2 1 389 1 1 1 3 3 1 5 1 1
1 2 3 2 6 56 7 1 91 1 2 11 2 2 1 14 1 2 2 2 2 2 2 8 1 1 1 12 2 1 4 2 3 4 7 3 3 5 1 1 1 18 1 118 2 5 1 6 28 2 2 9 1 1 2 2 11 1 4 3 4 3 3 3 5 1 1 2 3 9 1 2 1 2 1 2 1 2 3 2 2 10 2 1 2 1 4 1 17 1 1 2 2 3 9 5 2 2 1 13 3 1 4 1 15 2 2 3 1 4 1 1 1 5 2 2 3 6 31 2 2 1 1 9 15 12 22 2 3 1 1 1 11 3 1 1 1 1 3 4 2 3 1 8 3 1 1 3 1 15 1 2 1 1 1 2 2 3 3 3 2 2 5 9 4 2 1 2 2 3 1 4 1 3 1 2 1 55 11 16 3 56 2 24 2 2 1 1 1 2 2 10 2 39 2 1 3 1 2 1
1 2 2 3 1 5 1 2 6 18 2 1 10 1 6 2 1 1 1 2 1 3 1 2 1 180 10 2 2 2 2 20 1 3 13 1 6 2 1 1 1 7 1 4 1 5 37 9 2 4 2 19 1 2 4 1 3 2 2 1 12 4 3 27 2 7 245 5 1 1 18 3 1 1 4 3 6 1 2 1 4 10 3 1 4 3 2 3 23 3 3 5 1 1 3 7 1 1 2 2 2 3 2 4 5 20 1 1 2 7 3 1 2 11 7 1 1 5 2 2 3 1 2 2 1 4 1 1 5 1 5 21 1 2 1 3 4 2 10 7 1 2 4 3 2 1 6 1 14 42 2 5 2 3 2 7 2 1 6 22 1 2 2 1 2 1 2 1 6 2 2 2 4 1 2 23 2 7 8 3 9 2 2 3 1 4 2 5 3 1 2 1 2 8 1 2 2 3 2 5
9 12 9 6 1 2 10 1 2 1 3 4 2 4 1 1 7 1 35 5 3 3 4 1 1 6 1 1 3 2 6 1 1 1 2 2 1 8 7 8 2 1 11 2 1 4 1 3 1 4 1 1 1 24 1 1 4 2 1 1 19 2 4 2 3 2 4 1 6 3 152 2 2 23 129 15 2 1 1 2 3 10 3 1 2 1 50 2 3 2 1 2 1 1 2 3 1 2 11 5 27 7 4 3 5 1 3 1 1 1 1 5 2 3 2 4 2 1 2 6 1 1 2 2 5 1 10 10 1 1 2 5 1 6 4 3 1 3 2 3 2 3 1 1 26 1 2 1 7 97 6 2 1 3 2 4 5 2 3 12 8 1 3 1 1 2 2 1 1 2 1 1 3 3 2 1 3 2 36 8 1 2 2 1 35 3 2 2 2 2 2 1 1 4 3 1 2 1 1 4
5 1 1 3 4 1 2 2 1 7 10 96 6 1 6 1 3 3 1 4 2 2 4 1 1 77 1 7 1 2 1 3 3 5 2 1 2 5 2 1 3 4 1 3 3 1 1 4 2 1 1 1 4 1 1 1 1 4 1 15 1 2 3 1 6 3 1 2 2 1 25 1 152 3 4 1 34 1 2 4 2 1 1 11 2 33 2 4 43 4 1 5 5 39 2 6 1 3 1 1 2 1 2 1 1 1 7 20 5 11 9 2 1 4 2 1 1 1 2 1 40 1 20 7 30 1 4 11 1 3 5 1 6 2 1 3 58 1 1 25 7 5 4 1 4 1 1 3 3 1 3 1 5 1 1 4 7 42 1 3 8 3 1 2 3 1 10 1 2 1 6 2 2 2 2 2 4 3 2 1 1 4 4 1 17 2 1 1 13 22 10 2 1 1 1 1 2 3 2 2
1 6 4 2 2 9 1 2 45 1 1 2 9 1 1 6 184 5 1 1 3 2 2 1 10 3 3 2 1 3 12 4 2 5 7 1 2 2 2 2 4 2 4 3 8 1 22 4 1 1 1 2 2 2 2 1 1 12 2 1 6 1 1 1 2 3 2 2 2 4 1 25 7 1 1 1 2 1 1 13 1 3 2 1 2 5 1 3 8 3 9 73 1 3 2 3 1 1 2 4 14 5 2 1 39 22 3 1 2 20 3 3 3 2 19 2 5 1 1 4 1 3 1 3 3 2 3 1 2 1 39 1 1 215 1 3 2 2 1 4 3 6 1 6 12 1 1 4 1 2 1 2 10 1 10 6 1 2 1 2 8 59 3 2 1 1 3 3 2 3 1 1 5 1 4 6 2 1 45 1 2 3 3 1 3 1 4 1 1 4 1 4 1 11 2 50 23 1 3 22
21 1 1 1 66 4 2 45 12 7 2 26 1 1 1 2 5 4 3 1 1 1 1 3 3 4 2 7 1 2 2 4 6 2 1 10 96 1 1 2 2 2 1 1 4 1 1 2 2 2 2 41 3 19 13 1 82 1 2 1 1 1 1 1 3 1 2 1 1 2 1 8 6 1 14 4 11 2 3 2 3 1 2 1 4 6 3 2 1 16 1 15 2 2 6 333 6 1 3 1 4 2 3 1 8 2 2 3 3 2 4 3 5 2 1 4 3 9 1 2 3 1 5 1 1 4 1 2 99 1 3 13 3 2 2 1 1 2 3 1 1 1 2 3 5 1 235 142 1 2 2 6 1 10 1 4 1 3 1 1 6 1 5 2 2 1 2 1 3 2 1 3 2 5 6 4 5 2 39 5 121 3 1 2 1 1 4 1 2 1 2 7 4 1 22 2 6 1 6 1
1 3 1 1 2 1 2 3 3 1 1 2 3 6 26 2 2 1 2 1 3 2 3 6 2 2 4 1 2 2 2 2 1 7 3 2 1 1 2 8 3 12 1 2 2 1 32 4 5 2 1 1 2 1 7 1 4 1 1 2 5 2 2 1 2 1 2 2 1 3 1 3 4 2 36 1 1 2 3 1 1 2 1 2 1 54 2 1 2 1 2 28 1 2 3 2 6 1 2 1 5 6 6 1 1 2 2 1 7 2 1 5 2 1 2 2 4 1 4 1 2 1 1 1 1 3 7 14 1 1 1 1 15 40 2 2 1 14 4 2 2 2 1 2 4 3 1 2 2 479 1 2 2 1 2 1 5 1 62 1 3 2 1 6 1 2 4 2 2 6 1 3 1 12 1 1 4 2 1 2 3 1 1 2 3 3 13 2 4 3 1 3 19 1 3 3 2 3 1 2
4 15 3 1 1 1 1 2 1 2 1 1 5 23 1 4 2 2 1 2 10 2 2 3 3 2 4 2 4 1 1 1 2 1 2 2 1 5 2 1 2 3 1 1 2 1 1 5 4 3 3 1 3 1 5 13 11 4 2 2 1 2 1 2 1 2 7 6 5 1 1 2 3 3 1 1 1 63 2 9 3 4 1 2 1 2 1 1 1 1 2 4 4 5 2 3 4 5 2 2 2 1 2 13 2 2 2 36 3 4 2 1 1 2 131 2 1 3 1 16 1 2 3 5 1 6 38 2 2 1 2 3 2 2 2 6 5 2 2 2 5 3 1 1 2 5 12 3 2 7 1 1 2 14 1 1 1 2 2 3 3 5 1 1 1 36 2 4 11 1 2 1 3 1 8 7 5 3 7 1 1 2 6 1 2 1 2 21 1 1 3 2 2 3 2 5 3 2 1 4
1 11 2 1 2 3 1 3 1 2 1 1 3 4 2 3 10 3 2 3 1 5 4 6 1 1 1 1 1 6 51 189 6 1 5 4 4 52 9 1 6 34 1 33 2 8 2 2 9 2 1 2 1 4 2 2 3 31 3 11 2 4 1 3 2 2 1 3 4 3 5 8 1 2 1 4 4 2 1 1 4 3 1 1 2 2 3 2 3 1 4 2 1 3 1 1 2 1 1 4 2 3 5 6 6 1 4 2 1 124 1 2 1 2 5 7 1 1 5 24 16 3 1 13 1 1 3 3 1 2 1 4 14 8 2 1 2 1 1 10 2 1 2 5 5 3 1 1 1 3 1 2 2 5 10 4 1 2 1 1 8 1 1 35 1 5 3 1 1 2 1 5 2 3 5 9 1 82 2 3 3 1 8 1 9 1 3 1 2 15 1 2 1 11 1 1 4 5 88 2
1 2 3 4 1 1 4 8 1 1 2 1 2 1 5 1 2 1 4 1 3 2 3 1 17 3 7 1 8 2 2 8 14 2 1 9 4 2 2 4 1 2 4 3 2 10 1 1 1 1 1 1 4 15 1 2 2 3 1 2 2 11 9 2 3 2 1 12 1 5 2 3 2 3 1 1 8 1 2 2 6 7 3 2 8 37 5 4 6 2 1 1 1 7 24 1 1 10 4 1 3 1 1 3 1 41 9 1 4 3 1 1 9 2 2 1 2 9 37 5 4 1 1 2 1 1 4 2 1 1 2 2 1 2 13 4 5 3 3 2 4 6 41 1 1 11 3 23 1 2 14 3 3 5 1 1 2 1 5 2 11 7 1 3 1 1 1 6 4 3 3 17 2 1 1 2 2 4 3 2 1 5 2 3 1 1 2 3 5 6 3 2 2 19 2 1 4 5 1 3
1 3 1 7 2 1 2 1 1 2 9 29 1 87 2 1 3 7 16 1 2 1 16 2 2 1 1 2 4 2 7 2 6 1 2 2 3 1 1 3 1 2 3 1 86 2 1 1 2 2 2 1 2 7 25 2 2 2 3 16 1 1 1 4 2 9 2 1 2 2 1 8 2 1 2 1 3 2 1 1 9 1 1 1 2 1 2 2 1 1 2 42 2 1 1 1 5 11 2 2 3 2 2 1 1 3 1 1 2 1 4 1 5 1 3 3 3 2 4 3 5 2 1 2 4 4 1 2 12 3 1 1 1 1 7 7 2 6 1 1 2 3 3 5 1 11 6 2 3 7 22 2 1 6 4 2 2 2 4 2 1 1 1 2 21 3 1 45 1 2 7 2 3 2 3 2 1 2 2 1 2 14 11 1 1 1 5 10 1 2 1 1 1 2 1 1 4 1 1 2
45 2 4 7 2 69 1 1 1 5 5 1 9 4 1 5 7 14 2 2 3 2 1 3 1 1 1 11 2 1 2 72 16 2 8 3 68 4 1 13 2 2 2 1 5 2 2 1 11 1 6 7 2 1 4 3 2 2 2 5 4 1 2 6 1 2 78 3 8 2 5 2 3 1 2 2 10 1 3 24 1 2 3 2 2 1 3 3 1 3 1 3 3 3 1 10 4 2 1 2 2 34 103 1 1 3 2 1 4 15 2 8 1 23 12 5 1 9 1 2 4 9 2 4 2 4 1 2 2 220 2 4 4 5 1 13 1 1 2 3 2 1 1 3 2 1 2 1 1 1 1 1 2 1 1 2 7 1 1 2 3 8 4 2 2 4 3 3 1 2 9 2 1 2 2 1 4 6 5 4 2 4 4 3 2 5 6 8 30 20 1 1 3 2 3 5 58 1 2 2
2 2 1 22 5 14 1 2 1 1 1 11 33 3 7 6 2 4 1 2 3 2 1 4 1 2 1 3 2 5 4 3 3 5 1 2 1 3 1 1 2 2 2 1 1 1 12 1 1 4 2 194 1 2 1 5 1 3 1 1 1 1 1 6 1 49 2 7 2 2 3 1 2 211 1 1 6 1 2 2 1 3 4 1 2 29 3 1 5 3 4 1 1 1 1 2 1 1 3 1 1 4 4 1 2 1 31 2 2 2 3 2 2 1 10 6 1 2 2 2 1 1 4 2 1 5 2 5 3 1 1 69 2 8 4 2 4 1 6 4 2 1 1 2 1 1 6 1 3 2 1 4 1 2 4 1 1 1 2 1 2 1 1 1 1 3 26 1 2 3 1 1 1 4 2 2 2 1 1 2 1 1 1 2 4 1 1 3 2 1 1 2 19 7 5 2 2 1 1 1
4 1 1 1 2 2 2 5 5 49 2 2 17 2 1 2 1 15 1 2 2 2 2 1 33 4 134 1 2 1 6 9 1 3 3 2 1 1 1 8 2 7 1 7 4 28 3 1 2 6 3 2 21 2 5 1 1 11 2 9 10 1 4 4 1 1 1 1 1 2 8 4 1 1 5 4 17 1 6 3 3 3 1 2 2 10 2 2 6 2 80 2 1 35 14 1 2 3 1 4 2 1 9 7 2 1 1 2 1 3 2 8 3 4 1 5 1 18 3 1 15 2 1 1 12 5 4 1 1 2 2 5 1 1 2 1 5 1 3 18 8 2 1 55 1 2 2 5 1 1 1 1 4 1 3 5 1 2 3 1 1 2 2 1 5 1 12 6 1 4 2 3 5 1 1 1 3 2 10 1 1 4 3 2 8 10 1 2 2 1 9 164 11 2 1 20 3 3 8 3
2 3 1 8 3 4 4 2 9 2 1 2 2 3 3 1 1 9 3 3 1 3 1 2 3 8 1 2 4 1 2 1 2 14 2 4 10 2 6 1 1 8 2 1 1 4 20 3 10 1 1 6 10 1 4 7 1 1 5 1 10 22 3 2 4 1 1 1 2 2 2 1 1 2 1 3 1 2 1 1 2 2 1 10 1 2 12 1 8 1 6 289 7 4 19 2 1 6 1 3 6 5 2 1 3 1 2 1 5 3 8 1 33 29 5 10 4 2 3 7 3 3 8 5 1 5 1 1 2 1 2 2 9 1 2 8 17 3 1 5 1 1 1 3 1 3 1 1 4 10 3 2 1 2 1 3 8 7 2 3 1 1 2 1 1 3 1 1 3 1 2 2 3 3 3 11 2 2 2 3 1 2 5 3 13 2 2 5 1 1 1 4 1 1 3 1 2 3 1 25
7 6 2 2 1 73 4 1 2 3 1 1 12 7 1 25 9 6 2 5 4 2 1 2 3 3 16 5 1 3 4 7 3 2 4 1 1 1 2 43 2 4 1 7 7 2 1 14 1 2 49 31 1 1 2 2 2 2 1 2 2 1 1 1 14 49 1 4 2 1 3 22 1 4 1 2 1 5 6 1 3 2 4 7 4 1 4 47 1 1 14 50 5 2 2 1 2 2 1 1 2 1 1 1 11 145 1 3 1 1 4 1 1 3 3 1 3 1 4 4 1 8 1 1 3 1 1 2 2 1 1 5 2 2 3 2 2 2 1 1 2 2 2 2 3 2 96 17 1 2 3 2 2 1 2 3 1 2 1 67 2 1 7 20 1 104 4 11 1 6 2 1 7 11 1 2 2 6 1 4 2 4 3 1 2 1 1 1 1 6 3 7 1 1 1 1 1 4 1 8
2 2 3 1 1 1 4 14 17 1 16 7 2 2 1 1 43 1 2 1 3 2 2 2 3 2 1 1 3 6 1 216 2 1 5 1 1 1 2 1 3 1 1 2 32 1 1 1 4 3 1 1 2 1 1 1 3 1 1 2 2 1 1 4 20 5 2 26 1 2 40 12 1 1 30 2 12 4 4 3 1 1 2 3 2 2 6 1 3 3 2 3 3 2 2 40 2 27 4 1 1 2 28 3 1 1 1 1 2 2 2 2 3 33 2 1 1 1 3 11 2 2 2 9 2 1 19 1 5 7 9 2 2 1 1 3 3 2 3 1 1 7 1 1 1 7 5 14 1 22 1 14 4 2 1 4 1 3 1 4 5 2 1 1 1 8 1 3 1 2 2 2 1 1 2 3 14 2 2 2 30 1 3 1 1 3 1 1 15 1 1 3 12 1 2 7 2 2 38 1
2 3 1 13 2 2 7 2 1 1 3 2 3 2 3 7 1 1 63 3 4 4 3 1 11 2 1 15 1 1 1 18 3 15 2 1 17 2 1 1 1 1 4 76 2 1 8 1 2 2 6 1 2 14 3 1 1 16 1 2 2 1 1 2 1 3 2 3 1 1 3 1 1 1 58 2 25 1 2 6 5 3 10 1 10 1 5 14 2 2 2 22 2 2 1 1 2 11 4 1 6 1 2 5 1 10 4 2 3 2 1 2 2 2 2 3 10 3 2 1 1 1 1 6 1 7 45 3 2 2 3 2 1 4 2 1 1 2 3 2 10 2 2 2 1 4 2 1 1 1 5 3 1 1 2 3 1 1 2 4 1 2 8 126 1 14 10 19 1 3 1 2 1 2 4 1 2 1 19 1 2 1 11 1 209 7 3 1 1 23 2 2 2 1 2 2 1 2 3 6
2 1 2 1 1 1 2 36 1 2 3 3 1 2 1 1 5 2 3 15 14 3 1 1 149 1 12 2 14 1 2 3 3 1 3 2 2 1 4 2 3 3 2 1 1 4 3 7 3 7 5 2 1 2 2 2 1 1 3 14 6 2 1 1 1 11 2 1 2 3 1 1 4 1 2 1 4 1 2 2 2 2 3 5 2 1 2 2 2 3 2 2 1 2 5 3 7 1 4 1 3 2 1 3 2 1 2 76 6 12 1 1 1 4 6 5 2 2 1 8 1 3 1 2 1 1 5 6 1 2 2 1 1 1 1 4 12 1 2 2 2 3 3 1 1 1 9 2 12 2 3 8 1 1 1 3 1 3 6 4 25 1 2 28 3 2 13 1 9 1 1 1 4 4 3 4 3 1 5 2 1 14 3 37 9 1 1 1 1 1 5 3 1 18 2 2 1 1 2 1
5 2 1 26 1 2 36 10 1 1 4 1 2 242 1 13 1 2 6 1 1 2 4 7 5 41 1 2 4 2 1 1 52 1 1 2 27 11 1 1 1 1 9 6 18 3 3 1 8 6 1 1 7 3 3 15 4 1 34 6 1 1 1 1 6 72 3 1 4 6 4 3 1 10 3 2 4 1 3 8 1 2 11 1 2 3 1 2 1 1 10 5 3 1 1 1 8 3 1 2 1 3 6 1 2 1 2 1 2 2 2 2 1 1 2 1 1 1 1 5 1 2 383 1 2 2 7 1 2 2 18 8 14 2 2 3 1 22 2 1 2 2 1 2 1 1 2 2 6 1 2 6 1 1 3 1 2 1 2 13 1 3 2 1 4 1 3 2 6 2 65 6 1 15 5 156 2 21 1 1 5 7 4 31 2 11 1 10 4 2 1 3 2 2 1 8 2 1 2 3
2 2 5 4 3 3 1 1 2 2 2 1 2 2 3 60 7 11 1 1 9 1 3 1 3 1 1 5 3 15 3 1 3 5 2 3 1 2 2 8 2 3 1 2 2 2 2 5 2 7 2 1 19 2 2 7 2 1 1 8 2 9 2 1 1 1 1 2 7 1 2 41 1 3 1 2 27 1 2 2 3 5 36 2 1 2 1 2 1 2 17 2 4 16 5 3 1 56 14 4 4 5 2 5 4 2 3 1 1 2 1 3 2 2 4 1 2 3 1 10 5 4 1 1 1 3 1 1 2 2 1 2 40 3 1 4 2 1 5 1 1 1 2 1 1 2 1 2 11 1 2 10 2 6 5 1 3 1 1 1 1 1 3 1 2 1 27 2 21 2 3 4 2 1 35 4 2 2 1 36 1 1 2 1 3 2 2 1 1 1 2 1 2 2 2 2 2 1 3 3
13 1 2 15 1 3 1 37 4 1 2 5 1 1 25 11 15 2 1 3 1 2 43 3 3 4 2 1 2 7 3 1 2 6 1 1 1 1 18 1 2 2 1 2 1 3 6 2 2 4 400 4 2 5 8 2 2 2 1 2 2 1 2 1 4 2 42 4 2 1 2 1 4 6 2 1 6 2 1 1 2 1 5 1 1 1 2 1 2 4 1 7 2 3 1 2 3 17 1 3 1 1 1 2 1 1 1 1 1 2 4 2 4 2 1 2 7 2 9 2 1 6 5 2 1 3 2 2 3 1 5 12 2 2 4 1 14 1 7 3 7 1 5 3 11 1 1 1 3 4 2 1 59 10 2 5 28 4 1 2 5 7 1 22 3 5 2 5 2 5 6 1 2 3 1 1 2 6 2 2 2 1 1 1 1 2 10 1 2 8 3 1 2 1 3 1 2 4 21 4
2 2 1 1 3 2 3 5 2 7 3 4 93 6 8 6 2 4 2 1 4 2 2 1 1 3 2 1 2 1 4 2 8 7 2 5 8 7 3 13 4 5 2 2 3 53 21 2 1 1 3 1 2 2 5 1 1 1 5 6 3 9 3 5 5 17 3 2 1 1 47 1 6 3 1 20 2 1 1 1 1 1 2 2 1 1 2 8 1 38 2 2 3 3 1 1 1 2 1 2 2 2 1 7 1 12 4 4 2 5 2 3 1 6 20 1 2 3 2 3 2 18 3 3 18 1 3 4 4 16 4 94 3 3 1 3 38 11 1 1 2 3 1 3 1 1 2 1 3 1 10 2 1 1 5 2 1 2 8 1 2 1 1 2 2 2 18 1 3 29 5 1 2 1 3 6 2 12 2 1 1 19 10 2 2 2 1 32 2 4 3 2 1 6 3 1 1 2 2 9
1 2 3 7 2 1 5 13 2 2 14 1 18 2 2 1 2 157 24 2 2 1 2 1 3 17 3 2 2 9 10 9 1 2 1 4 1 41 1 2 1 1 1 4 14 2 2 5 2 23 3 40 2 1 2 1 2 2 6 1 2 2 1 3 2 7 1 4 2 1 2 3 3 4 1 2 2 2 1 7 6 2 1 5 2 53 3 15 1 3 45 1 2 4 10 2 6 2 1 2 1 1 2 2 2 3 2 1 1 1 3 1 4 1 1 155 7 3 8 2 2 1 13 2 1 1 1 2 5 1 2 1 3 2 2 1 4 3 9 9 2 17 2 1 1 5 8 2 1 1 25 21 2 1 1 2 2 2 10 6 5 2 10 11 1 2 2 2 1 3 3 2 4 1 49 1 1 1 1 4 5 135 1 1 1 9 1 1 2 1 19 2 3 1 2 2 1 2 6 2
1 2 2 2 11 3 2 2 1 22 4 3 1 2 2 1 18 3 3 3 3 25 1 1 1 1 2 1 3 4 2 3 1 4 2 1 10 1 3 2 1 2 3 2 1 1 3 3 1 17 1 1 1 2 10 3 1 1 7 3 2 1 3 2 4 2 5 4 1 2 2 2 1 68 2 2 4 1 1 2 8 1 2 1 2 2 1 4 2 1 3 7 12 2 62 7 1 3 2 7 7 1 1 4 3 1 73 3 1 8 2 1 1 1 2 2 4 3 1 3 11 4 11 4 1 1 2 1 4 5 10 1 1 2 4 1 4 1 34 22 1 2 2 3 2 2 2 1 13 1 14 4 1 1 2 19 3 1 1 4 6 1 5 45 2 17 2 1 3 6 1 2 16 1 2 26 1 2 1 3 1 1 1 2 1 3 1 1 1 13 1 2 1 1 1 1 2 1 3 3
1 1 7 1 41 3 3 30 1 10 5 2 2 5 2 1 7 3 1 1 1 2 2 2 2 3 1 2 3 2 6 2 1 1 1 1 1 1 5 19 6 2 3 1 13 2 1 1 2 2 1 2 11 1 4 2 1 27 1 14 1 2 6 4 3 7 2 1 1 2 1 4 1 5 12 2 1 2 5 40 1 3 36 16 9 3 22 1 4 1 4 7 6 1 19 4 1 73 9 3 1 1 2 4 6 2 5 4 3 3 29 6 1 1 2 1 6 1 2 2 1 2 1 6 67 2 1 3 31 2 2 3 3 3 7 1 1 1 2 1 1 2 4 1 5 3 1 1 2 11 2 1 11 1 2 1 7 6 9 1 2 2 7 1 8 2 29 1 21 5 2 21 1 6 2 5 1 2 2 6 2 11 8 1 1 2 1 10 3 2 2 1 1 55 1 3 7 10 1 6
2 2 2 1 2 12 6 5 4 1 1 1 1 10 2 2 1 83 5 1 2 7 2 1 1 1 2 1 5 1 2 27 2 5 2 2 2 6 3 3 2 7 81 7 3 11 20 2 1 4 81 11 2 1 3 1 6 8 3 2 1 3 1 1 1 4 2 1 1 3 9 3 2 1 2 1 2 2 2 1 3 1 9 3 1 2 1 2 4 1 2 11 1 1 2 1 1 4 6 1 3 2 4 2 6 1 4 1 5 3 4 2 1 2 31 1 1 1 10 8 4 1 1 6 3 2 3 9 2 2 6 1 2 3 1 1 37 1 1 1 1 5 3 4 6 1 2 2 4 1 4 2 4 2 1 2 4 7 13 3 2 1 19 1 2 3 3 3 1 3 1 1 1 3 1 5 1 1 1 43 3 2 5 2 1 2 2 5 3 3 1 1 5 1 2 2 1 2 2 2
3 1 4 2 44 1 3 1 1 1 1 1 18 7 1 2 67 2 1 2 1 3 4 20 1 1 7 1 1 6 2 2 4 5 2 2 3 1 1 1 2 4 1 5 2 5 3 3 2 3 2 3 9 12 5 4 2 2 12 2 1 2 3 13 3 1 2 6 1 3 3 35 2 1 1 3 9 4 4 2 1 37 2 4 3 2 28 2 6 3 19 1 1 17 3 2 3 2 2 3 2 1 4 2 2 1 1 10 2 7 7 4 1 8 9 4 3 6 1 1 1 2 1 1 1 2 37 1 6 4 1 1 2 9 6 2 8 1 1 1 244 2 3 5 1 1 1 6 3 4 3 4 1 2 10 1 4 4 1 3 2 5 2 2 24 2 7 2 19 4 1 1 1 58 1 1 49 1 4 1 8 2 3 2 2 2 1 2 19 1 2 27 3 25 2 182 1 5 1 4
1 3 1 6 2 3 1 2 4 8 14 3 1 3 1 1 1 4 30 1 1 5 3 1 2 2 1 2 1 15 2 2 2 1 1 7 6 2 39 2 1 3 11 4 1 1 1 4 1 65 10 3 12 2 10 2 2 17 1 3 2 1 2 2 1 4 1 1 1 2 2 2 5 2 2 1 1 2 1 1 3 10 2 1 2 1 12 6 3 3 1 2 3 6 1 1 3 3 1 41 13 1 2 6 2 17 1 1 8 3 1 1 3 1 14 3 29 3 2 2 1 5 3 1 2 2 8 1 24 2 1 9 1 2 1 68 1 4 5 13 2 3 3 1 3 5 3 1 2 1 2 44 1 1 2 1 1 2 3 1 1 2 3 8 6 1 2 3 2 1 14 1 19 12 20 1 2 1 5 3 1 2 1 1 1 1 34 3 2 1 3 2 26 7 5 4 12 4 5 1
1 2 2 5 2 1 2 1 2 5 2 2 2 1 3 4 1 3 2 1 2 2 3 4 1 3 1 1 5 2 2 2 2 15 1 11 17 6 6 14 4 13 2 4 1 5 2 2 4 25 2 6 22 3 3 2 3 8 2 3 1 2 4 2 2 4 3 7 7 13 1 4 1 1 2 1 1 2 1 3 4 1 1 1 1 1 1 1 15 1 2 1 1 5 2 1 2 2 1 1 38 1 26 1 3 1 1 1 1 31 6 6 2 1 99 1 1 1 28 6 2 3 3 3 2 1 1 1 10 2 1 2 2 1 3 6 1 5 2 2 3 2 1 10 1 1 3 1 1 4 1 6 2 1 7 15 16 2 3 47 3 3 2 2 3 2 1 2 1 1 32 2 2 2 1 13 2 9 2 3 3 2 2 2 3 4 2 2 3 6 1 1 57 3 1 1 49 1 2 2
4 1 1 1 1 9 1 1 3 2 2 14 1 2 6 2 1 2 1 12 2 2 1 5 3 1 4 5 3 4 4 2 3 3 2 5 2 5 1 4 8 2 2 1 2 3 2 2 4 2 5 2 1 65 1 4 3 2 2 2 5 1 20 3 3 2 1 1 5 5 2 1 1 3 3 3 1 2 1 5 1 1 97 25 1 1 1 2 9 12 1 1 5 1 1 1 2 1 3 5 8 196 2 3 11 2 1 7 1 2 2 1 3 1 36 2 2 1 2 1 5 16 2 2 1 2 8 1 1 3 7 2 2 1 7 2 1 3 1 1 2 3 1 1 1 2 14 2 1 1 1 8 5 2 22 15 1 1 1 14 3 1 4 2 2 2 2 1 2 2 13 4 1 1 1 9 1 6 1 45 12 2 1 2 4 2 36 114 2 1 3 3 152 1 3 1 1 3 2 2
53 2 4 12 1 3 1 1 1 3 2 1 2 1 2 1 2 1 2 3 2 3 1 3 4 6 8 1 8 2 2 2 2 1 2 3 3 1 5 2 2 2 3 1 1 1 3 8 2 2 1 1 1 3 1 9 14 9 4 1 2 1 13 2 1 8 6 1 16 2 1 1 1 2 2 9 1 1 4 2 4 8 1 39 2 1 9 1 1 3 1 12 4 3 3 2 1 2 1 5 1 1 2 2 3 2 3 3 1 5 2 18 1 4 4 1 5 1 4 16 2 1 3 1 2 3 3 7 1 1 1 2 2 2 2 3 2 1 31 4 2 4 2 1 5 54 2 1 4 3 10 1 12 2 7 2 1 1 45 2 2 2 1 4 2 2 4 1 3 2 1 2 2 2 1 4 6 2 4 2 2 5 1 1 3 6 1 1 2 2 1 5 1 1 42 11 2 5 1 6
6 3 1 3 1 2 3 1 1 3 8 2 15 4 25 2 1 7 1 1 2 3 2 1 2 16 2 4 1 4 1 2 2 12 5 1 3 48 2 1 41 8 1 22 2 11 2 1 5 11 15 4 1 2 3 2 2 1 2 1 1 7 4 5 6 1 4 1 1 6 2 15 2 1 1 2 9 8 2 1 2 3 1 3 1 1 2 3 2 6 1 1 6 2 7 3 2 13 4 3 1 2 3 2 367 3 6 2 1 2 3 1 2 3 1 2 1 2 4 2 2 6 1 1 46 1 2 1 3 3 1 17 2 2 4 4 2 1 37 1 1 2 2 4 1 1 2 1 1 1 11 2 2 1 1 2 2 1 4 1 1 2 3 2 2 3 2 1 2 1 2 1 1 20 3 1 1 1 12 2 5 1 1 11 2 10 2 2 2 1 64 10 1 2 1 1 18 1 5 4
3 4 2 1 2 44 5 1 1 2 1 2 1 3 1 2 5 2 2 2 1 1 20 7 3 1 5 2 8 1 1 2 5 2 2 7 7 4 9 1 3 3 3 2 1 1 1 2 3 1 1 1 2 1 2 1 1 1 2 1 1 2 1 5 1 4 4 1 2 2 6 9 3 1 6 1 56 9 3 1 1 2 1 20 1 2 5 2 3 1 5 36 4 3 13 1 2 8 9 8 14 1 2 2 1 2 12 4 4 1 2 2 1 1 1 1 5 2 2 1 335 1 2 1 16 1 1 2 4 3 1 3 1 5 3 8 1 2 1 3 1 7 3 4 3 10 6 2 3 1 4 1 1 4 2 3 14 2 3 2 1 4 3 3 3 2 2 7 3 16 1 13 2 13 1 1 13 2 2 2 40 1 2 1 2 1 2 3 1 2 1 1 9 66 1 2 1 2 2 3
2 1 2 2 89 3 3 7 4 11 1 9 4 2 2 2 1 4 2 3 15 1 28 1 10 5 7 2 9 5 75 2 2 5 2 1 6 3 1 3 3 1 1 2 1 1 1 2 2 2 2 2 4 4 2 1 1 3 7 1 2 12 2 1 1 1 3 1 1 3 2 1 6 1 1 18 10 1 1 14 13 8 2 2 2 1 1 2 4 21 2 13 1 9 1 1 10 2 1 4 1 3 25 2 5 2 2 2 1 1 2 3 10 1 2 2 2 15 21 31 1 2 3 1 2 1 6 2 9 2 5 8 2 3 1 3 1 1 3 1 1 1 2 2 1 2 11 2 2 1 6 17 2 1 4 3 2 1 17 3 3 2 1 4 2 10 3 125 9 1 9 2 2 4 2 1 2 2 5 1 8 2 66 4 2 2 27 1 3 3 4 8 3 4 3 11 3 5 2 3
1 2 4 1 1 2 5 3 2 1 15 1 1 1 1 9 2 2 2 1 2 1 1 1 4 2 2 4 2 4 1 2 1 1 4 3 1 2 1 1 1 2 3 7 1 2 1 2 1 3 1 1 1 6 1 1 2 3 26 2 1 8 2 1 3 7 12 1 11 11 2 12 5 2 24 2 2 3 1 1 2 1 1 2 1 1 1 2 2 4 1 3 2 3 1 1 1 3 1 2 19 53 2 2 34 1 1 20 1 10 1 6 1 1 28 3 2 9 2 1 47 3 2 2 2 2 2 1 1 1 6 7 2 5 1 1 3 1 15 4 33 1 1 7 1 1 3 1 1 6 1 10 2 1 11 12 7 4 8 2 2 3 1 1 3 1 1 3 2 8 4 2 2 1 3 13 1 2 2 1 24 2 6 1 1 2 2 2 6 42 1 2 8 3 11 1 2 4 3 5
2 5 2 1 21 43 7 2 3 1 2 2 1 1 2 1 2 3 2 10 5 4 4 2 4 1 1 13 3 1 2 1 1 4 1 8 1 10 1 12 2 9 3 2 6 1 1 6 2 1 11 1 51 1 1 1 2 1 2 1 1 1 2 2 8 16 4 19 8 1 1 10 2 3 1 2 28 2 1 1 2 12 2 2 3 1 37 1 1 1 11 4 1 1 5 7 436 7 1 1 3 4 2 2 5 54 1 66 2 1 2 1 3 1 1 3 7 10 1 32 2 1 2 23 2 104 1 1 1 8 2 2 6 7 3 7 1 2 2 4 1 1 1 2 12 2 2 4 32 2 52 2 1 1 7 3 2 3 23 2 3 2 5 2 3 7 1 2 2 1 3 2 2 1 4 2 1 1 8 4 5 204 6 2 1 1 1 7 3 4 2 13 15 3 2 2 2 2 1 1
2 4 1 3 5 2 1 2 4 10 10 1 1 3 5 1 2 4 1 3 1 4 1 1 1 2 2 1 6 5 2 14 1 1 1 2 1 1 3 9 2 1 8 2 3 21 3 3 3 1 1 1 4 2 1 1 1 2 2 1 6 1 1 1 3 1 1 2 2 1 2 2 2 2 3 2 1 6 2 2 1 6 1 264 2 6 2 3 5 2 2 1 1 3 2 1 2 1 6 5 5 13 3 2 1 1 1 1 2 3 3 1 7 2 2 3 3 2 2 1 2 4 4 9 3 8 4 5 2 1 5 2 1 2 1 4 1 1 3 48 13 2 1 9 73 2 1 1 3 2 2 57 1 2 1 2 1 2 1 1 2 12 1 2 2 1 1 77 2 7 2 6 7 1 10 2 3 1 6 1 2 1 6 1 5 8 2 4 2 6 1 2 3 1 3 2 27 2 3 2
2 29 1 4 4 4 1 8 8 2 7 1 1 2 1 11 6 43 2 2 5 19 1 2 48 9 2 2 1 1 1 1 1 2 111 1 4 2 1 27 2 1 3 3 5 1 3 3 3 7 1 6 2 38 1 3 1 6 1 8 1 3 2 21 3 1 3 3 1 2 1 1 2 1 2 2 2 2 14 1 5 3 1 2 2 107 1 2 10 1 5 2 3 2 4 3 3 5 1 27 54 3 2 6 1 5 2 3 1 3 2 4 2 2 6 1 3 3 3 3 8 1 3 1 5 2 3 2 6 4 1 1 1 6 1 4 1 1 2 3 10 1 2 2 2 1 2 1 8 1 9 69 2 10 2 2 7 1 2 35 2 1 2 1 2 2 3 1 32 1 3 25 5 1 1 1 1 1 2 1 1 3 3 1 2 3 1 1 4 1 144 2 2 11 1 14 1 2 1 102
1 1 5 3 2 1 4 36 3 2 2 1 1 1 2 2 13 9 1 2 2 38 5 3 9 1 7 2 5 2 1 2 3 4 4 2 6 8 3 1 2 2 2 3 1 1 1 2 2 2 1 2 1 1 18 121 15 4 2 1 3 5 2 2 2 2 1 7 1 7 1 2 2 1 4 1 5 1 74 1 3 5 5 4 1 1 4 1 1 3 2 1 29 1 1 1 1 6 1 2 7 2 2 9 1 1 2 2 2 1 2 1 2 1 1 2 6 4 2 1 1 3 3 6 1 1 2 2 1 1 2 2 2 5 1 2 1 2 1 2 9 6 2 7 10 1 2 5 2 4 3 1 3 5 6 2 44 1 29 2 4 3 9 1 10 1 6 1 3 2 5 8 18 2 2 1 2 2 2 9 4 1 1 2 1 1 1 1 1 1 1 46 1 3 3 3 1 1 2 1
2 3 26 35 1 2 1 24 5 75 3 2 2 2 35 4 3 1 1 2 2 2 1 3 28 6 3 1 2 1 44 2 1 1 1 2 3 2 2 4 2 8 1 1 2 2 6 8 1 1 2 2 1 2 1 3 6 2 1 4 1 5 1 1 15 4 1 3 2 8 1 1 5 1 7 1 2 10 2 2 3 1 1 1 1 2 3 3 2 1 1 2 2 48 13 2 9 1 1 44 2 1 17 5 1 7 4 7 1 3 1 1 3 20 2 2 1 2 4 34 2 1 1 2 2 1 2 1 33 2 5 2 22 2 1 1 5 2 3 1 2 30 6 13 2 13 16 2 4 2 1 3 2 9 2 2 1 158 3 1 6 2 3 1 14 6 1 2 1 1 1 7 50 1 12 6 1 2 1 2 1 2 1 4 1 1 4 1 3 7 2 16 4 1 1 3 2 2 2 2
2 1 2 1 6 5 5 1 5 1 1 5 7 2 1 3 3 7 47 1 2 2 261 4 1 11 2 1 2 2 9 1 2 1 1 1 7 1 7 1 2 1 11 1 1 8 1 2 2 2 7 1 2 2 1 62 2 10 4 20 5 10 1 1 2 2 1 4 4 2 1 9 7 5 1 244 1 1 1 5 2 1 1 4 6 2 1 1 2 1 1 1 1 11 2 4 3 104 4 26 1 2 2 5 9 3 1 1 53 1 6 3 4 1 1 2 2 8 9 7 1 1 1 2 14 6 4 1 1 1 2 2 1 2 2 2 11 2 2 1 5 3 3 1 3 1 2 4 3 1 1 1 4 1 2 2 2 1 1 6 4 3 1 7 2 2 3 37 1 2 75 1 2 2 2 2 5 2 7 2 1 1 3 7 13 2 1 1 2 1 8 3 68 1 1 5 1 1 16 2
3 52 1 3 50 3 1 1 1 1 1 1 1 1 2 43 2 26 1 1 1 3 2 3 2 7 2 1 6 1 3 10 9 2 3 1 1 10 3 2 2 1 2 1 1 2 1 3 2 2 3 2 3 2 11 1 1 7 2 2 1 1 1 2 2 9 6 3 2 1 1 1 1 5 1 4 1 3 1 1 1 7 14 1 2 2 1 7 1 3 7 5 8 4 5 4 270 3 28 1 1 1 2 1 6 7 1 1 19 5 1 1 1 2 3 1 4 2 1 6 1 1 6 1 1 2 2 2 2 4 1 5 14 2 2 1 142 2 2 2 1 18 2 1 2 3 6 2 2 1 4 2 2 6 2 2 3 3 1 2 1 2 3 9 4 25 1 1 1 61 1 2 2 2 5 1 1 2 1 47 1 94 7 1 10 1 1 1 10 5 2 2 1 14 4 3 133 2 5 1
1 3 1 2 6 1 1 4 6 2 1 2 2 16 2 15 1 3 1 1 2 1 1 2 2 4 2 1 2 1 3 1 2 1 1 2 1 1 1 7 1 7 4 3 1 1 2 2 3 1 1 1 12 2 1 18 1 1 1 1 2 1 6 1 1 2 2 1 1 1 3 1 1 9 8 28 3 1 1 1 1 24 2 1 1 1 1 1 1 2 19 1 1 3 3 2 9 32 1 19 1 3 2 1 1 2 2 5 1 1 1 1 49 2 5 10 3 7 5 1 187 8 2 2 1 1 10 3 2 1 2 1 3 3 2 2 2 2 6 2 1 21 1 3 1 2 3 113 44 2 3 2 1 2 2 3 1 1 77 1 5 1 2 3 2 1 3 1 1 4 2 4 2 1 3 2 2 3 1 3 4 220 2 1 4 2 12 1 1 72 1 3 2 25 1 3 3 4 1 2
2 9 26 3 3 6 5 1 44 13 3 3 3 1 14 3 2 3 8 1 281 1 2 1 1 1 23 2 1 1 2 94 4 1 92 15 1 2 1 10 3 2 1 3 1 14 13 2 63 1 3 5 1 1 3 26 1 1 1 3 3 2 4 2 2 1 1 1 4 3 2 1 1 1 2 4 5 5 1 2 2 8 1 1 2 4 2 4 1 2 2 1 2 2 1 15 1 2 13 3 1 3 15 5 3 2 3 1 2 3 14 1 1 10 3 1 2 3 3 2 2 2 2 2 14 3 55 22 9 1 2 3 2 21 33 6 53 2 7 5 3 3 1 2 2 3 8 1 2 3 2 2 3 15 3 1 4 1 1 1 3 1 8 2 2 2 15 1 1 2 2 1 2 3 2 2 1 2 22 2 1 3 2 5 4 2 2 1 2 1 4 4 2 3 4 1 1 2 2 4
7 1 2 5 1 1 3 5 4 1 1 1 2 1 1 1 6 4 3 1 2 1 9 1 2 2 2 1 1 2 1 1 3 1 118 2 1 2 1 1 1 4 2 2 3 1 4 1 1 2 2 3 1 1 6 7 1 3 4 2 2 7 1 2 5 1 1 1 5 1 1 1 3 3 1 3 2 3 8 8 2 3 1 2 1 15 3 1 3 2 1 2 1 3 2 1 3 2 6 2 2 1 2 1 2 9 8 1 5 2 5 1 1 1 8 2 1 40 2 2 1 2 1 60 1 22 1 1 3 7 3 1 2 1 4 1 1 1 3 1 6 1 2 4 4 3 30 2 3 1 232 5 2 2 324 3 1 7 17 7 4 2 2 2 5 4 3 2 2 1 1 1 9 3 1 1 2 3 2 2 1 2 1 1 1 4 2 1 2 2 2 4 2 42 2 2 5 3 1 2
4 2 6 4 12 1 5 1 2 4 5 2 27 3 1 3 1 3 3 2 2 4 1 1 1 4 1 4 1 8 1 3 5 1 3 6 1 16 20 1 2 5 2 4 1 3 3 30 1 1 3 7 3 1 3 2 4 3 2 10 2 1 1 18 2 1 3 1 3 2 4 22 20 2 1 2 1 1 2 5 11 2 4 1 8 1 13 1 2 75 5 1 4 2 1 2 2 15 2 2 1 10 12 1 2 3 2 3 2 1 1 3 1 2 5 1 3 2 1 2 2 3 5 1 2 3 1 20 1 2 4 2 3 3 11 3 19 1 3 1 54 7 2 1 1 4 1 1 2 5 13 2 9 6 2 1 2 2 9 2 1 5 2 2 1 3 1 8 2 2 5 2 8 14 1 2 2 17 2 1 5 1 1 1 16 5 2 2 1 1 6 3 1 5 1 1 1 1 2 2
9 2 1 12 2 2 1 2 5 2 2 1 1 1 15 2 4 1 3 2 3 7 1 2 3 3 1 6 2 1 11 2 1 1 2 3 1 3 39 1 21 54 10 2 2 2 2 2 2 1 2 4 3 2 5 2 1 3 4 5 7 1 1 2 3 1 6 142 5 1 3 1 1 3 3 6 2 2 1 1 1 2 34 2 2 6 2 5 16 3 7 4 3 2 2 1 37 1 5 3 1 2 1 21 5 30 1 1 2 1 3 2 49 3 11 6 2 1 5 5 3 2 2 3 1 2 2 2 2 3 2 1 5 2 3 1 10 1 36 2 2 1 1 1 2 3 2 2 3 5 6 1 1 1 2 3 12 10 1 1 1 5 2 3 1 1 2 2 2 1 1 1 1 2 1 2 4 1 2 3 2 2 5 1 2 3 4 1 3 1 14 2 4 2 2 3 2 1 2 13
2 1 3 2 1 2 1 3 4 1 2 4 5 20 3 13 3 2 1 3 6 6 1 1 3 2 3 2 4 4 1 1 2 2 3 2 4 17 100 4 7 1 1 12 2 2 1 1 3 2 8 1 4 2 1 4 4 1 2 2 2 2 5 2 2 2 3 2 2 2 2 1 2 44 1 24 1 1 3 1 2 5 2 1 1 2 2 2 11 2 3 15 1 2 1 1 1 1 1 1 2 3 2 10 3 1 3 7 8 1 1 1 2 5 1 5 17 4 1 1 4 1 4 5 3 4 6 2 7 1 8 16 1 1 1 1 6 2 5 2 1 1 3 1 10 1 2 6 4 12 1 1 1 1 23 10 10 2 7 2 1 1 6 2 9 1 3 6 1 2 2 9 2 1 1 2 1 4 10 6 3 2 1 17 24 3 12 17 1 6 4 2 1 4 2 6 3 1 3 12
2 1 8 2 3 12 1 2 1 4 4 2 2 8 2 1 16 2 1 1 1 2 1 5 3 4 1 2 2 1 4 1 4 2 3 2 2 2 9 7 3 1 1 1 3 1 4 1 7 1 1 1 1 3 1 2 35 10 1 1 2 1 1 1 1 2 2 1 2 1 1 4 2 3 2 1 24 1 2 3 1 2 1 1 3 14 3 2 1 2 2 26 1 1 1 2 38 188 8 1 2 5 2 45 1 2 2 4 1 2 3 1 1 5 1 3 1 3 2 2 1 1 2 2 4 3 2 1 1 14 3 3 3 1 1 3 8 3 2 3 3 1 6 1 10 2 4 2 81 3 2 39 3 5 1 2 1 2 2 1 13 1 6 1 1 3 2 26 1 43 2 1 66 2 8 1 1 2 3 1 2 93 2 4 9 2 2 1 1 1 3 1 5 32 1 3 1 1 6 2
2 2 4 1 1 1 3 13 1 6 1 2 1 2 11 1 2 8 1 1 4 2 23 4 2 10 2 1 1 12 2 1 1 2 3 2 1 1 2 1 1 2 2 10 33 10 1 4 1 3 3 5 3 4 7 2 4 4 2 2 5 38 1 1 4 5 1 1 2 5 2 3 12 4 2 2 2 1 1 1 198 2 3 14 4 2 3 3 1 1 1 3 3 1 1 2 1 5 1 3 3 1 3 2 1 3 2 1 2 2 1 16 4 24 2 3 2 5 2 2 2 5 5 1 7 2 2 2 2 16 3 1 2 1 11 1 1 2 1 1 23 2 6 7 1 3 9 8 21 1 2 85 2 1 3 12 7 1 2 2 2 1 2 2 2 2 15 4 1 3 2 2 4 6 2 5 3 1 2 5 5 2 2 2 2 2 4 5 3 5 2 3 1 2 1 1 1 1 1 1
2 10 1 3 1 1 2 1 2 2 2 2 14 18 3 1 2 1 2 1 1 1 2 2 1 1 1 16 1 2 1 30 1 1 2 1 9 2 35 3 1 2 3 8 170 1 2 4 2 13 5 20 1 2 1 1 3 1 13 4 2 2 13 1 2 13 9 3 8 1 2 11 7 2 1 2 6 1 2 1 2 5 30 2 2 61 3 4 1 2 25 1 3 61 1 1 8 1 1 2 41 1 3 10 2 1 1 3 7 4 51 1 1 1 2 2 1 1 2 2 1 2 3 1 2 2 6 97 1 4 2 2 9 4 1 2 6 1 4 1 3 10 1 6 2 9 44 1 1 2 2 2 3 25 1 1 1 1 3 6 5 3 48 3 2 2 1 1 2 2 8 2 2 6 3 5 2 1 6 1 2 4 1 3 1 1 1 1 1 2 1 3 2 5 1 1 17 4 1 2
1 2 2 4 1 1 1 1 9 3 1 2 2 5 1 4 2 2 1 5 3 2 2 5 1 1 4 2 1 1 1 4 2 2 1 1 3 4 2 9 1 4 8 2 1 7 1 2 2 6 2 1 1 21 1 1 10 1 3 25 1 2 16 3 3 3 3 4 3 2 2 4 1 1 1 1 1 2 2 3 4 4 1 1 7 3 22 1 8 1 63 7 19 5 9 10 2 3 1 1 29 5 69 2 1 17 1 2 5 1 3 4 1 2 2 2 1 1 1 2 1 4 1 23 2 3 32 2 2 184 2 50 1 2 1 2 1 1 1 3 13 2 2 2 1 2 1 1 1 2 2 2 1 4 8 2 2 2 4 2 5 8 2 1 4 2 6 4 2 1 1 1 1 1 18 36 4 3 2 2 1 2 2 4 2 2 2 1 1 3 2 1 6 3 2 2 10 4 3 6
30 3 3 2 16 2 3 5 1 3 13 12 3 5 5 5 40 15 1 11 3 11 1 1 30 1 9 4 1 1 17 24 1 3 2 4 2 3 1 2 2 1 1 4 2 1 4 2 1 3 2 2 2 2 1 11 1 15 2 2 2 13 1 4 4 1 7 19 1 2 4 3 5 8 4 1 2 2 2 3 3 1 2 2 4 2 4 1 2 10 2 1 1 1 1 1 4 1 1 6 1 3 2 15 1 1 6 4 3 3 7 1 102 3 341 5 1 3 1 2 2 1 1 14 2 2 1 3 3 7 3 1 2 3 3 1 1 3 1 5 1 12 1 2 1 4 1 2 6 2 110 3 23 1 20 2 2 3 1 4 2 7 17 2 2 88 1 7 2 9 8 1 3 1 8 13 2 2 4 2 3 3 2 1 2 1 1 1 4 3 5 3 6 2 2 2 1 2 2 2
1 4 13 4 6 1 3 2 1 1 1 2 39 1 8 2 2 6 4 1 3 1 1 2 15 2 1 4 85 3 1 2 2 9 1 1 2 2 2 7 1 1 1 17 1 2 2 9 2 1 1 2 20 1 1 1 1 2 43 5 52 1 2 3 1 4 2 3 1 2 1 1 1 2 1 2 1 1 2 1 2 4 2 2 2 4 4 1 7 1 32 2 2 4 2 3 3 13 2 2 4 2 2 2 1 3 4 2 1 2 1 1 31 2 4 4 1 2 3 7 4 2 2 1 2 1 53 4 50 3 1 10 12 8 3 2 8 1 5 1 17 6 1 1 5 4 1 16 2 12 2 2 2 1 3 16 2 2 24 2 4 1 2 1 4 6 1 1 2 1 1 87 3 1 2 5 1 2 2 1 1 1 2 1 3 1 3 1 34 1 1 1 7 1 1 1 3 1 2 2
1 5 1 3 3 2 3 2 6 20 7 2 3 5 1 7 5 2 1 1 2 12 2 7 3 1 2 1 2 2 1 3 2 7 4 2 2 1 8 1 2 1 3 1 6 1 3 2 2 15 5 3 6 2 1 3 1 2 7 54 1 1 3 3 2 1 3 2 14 3 1 2 1 1 71 1 2 1 5 1 3 3 2 2 25 1 2 116 7 30 8 1 1 1 2 3 18 32 2 2 3 4 8 2 4 2 1 4 11 1 2 1 2 41 1 2 2 2 4 2 4 1 1 63 60 2 3 1 3 4 2 4 2 3 1 2 3 2 1 8 1 3 4 25 7 2 1 2 4 1 1 11 30 4 4 1 1 3 1 2 23 1 1 1 4 2 1 2 1 1 3 324 4 1 5 1 4 3 2 1 2 2 1 2 2 52 3 19 2 2 2 1 1 8 1 3 3 4 1 1
1 2 1 26 2 2 4 2 2 6 4 4 3 2 1 1 5 2 10 1 1 16 10 1 4 2 2 1 1 2 1 1 5 1 2 2 2 2 1 6 1 1 2 4 1 2 10 1 8 1 2 1 2 2 10 3 216 4 1 2 2 2 2 1 2 2 2 3 1 1 2 2 3 2 3 5 19 3 2 4 6 1 7 2 6 3 16 2 1 2 3 3 14 1 1 80 1 3 4 1 1 2 1 4 1 1 35 1 1 1 2 1 2 4 4 1 1 1 2 2 1 1 1 1 59 2 32 1 57 6 2 2 2 1 1 2 2 1 3 1 9 2 2 9 2 2 1 1 2 51 2 1 2 1 3 3 1 1 1 2 3 1 1 2 10 5 5 2 1 2 1 2 1 1 3 7 4 2 2 12 2 54 1 1 19 2 7 7 2 2 1 2 16 2 2 3 1 3 3 9
22 3 2 3 1 2 2 1 2 4 7 4 2 4 6 4 1 1 2 9 1 4 5 1 1 2 1 4 1 1 1 3 1 1 2 22 14 23 2 4 1 1 6 21 2 2 5 9 1 1 13 2 1 1 1 2 2 1 1 8 1 160 1 1 2 2 8 2 1 2 10 2 5 10 1 7 1 1 1 2 1 1 1 1 5 2 1 45 1 1 2 10 2 5 16 2 2 2 1 23 28 2 1 4 2 1 1 24 1 2 2 10 49 1 1 1 18 4 3 2 2 1 1 3 4 2 5 2 1 21 1 2 1 3 4 1 5 7 19 2 8 25 5 2 4 13 1 1 12 1 1 1 1 2 1 3 81 3 1 2 2 10 1 9 33 4 23 1 12 3 1 3 1 8 1 1 2 1 2 1 2 4 2 1 1 1 1 1 4 5 3 1 25 2 13 1 4 5 2 1
4 22 2 1 1 1 16 2 1 2 2 2 3 5 1 8 2 8 1 4 6 7 12 3 1 3 1 1 1 5 2 1 2 2 28 5 1 1 1 1 1 1 4 10 1 2 3 1 3 2 1 1 4 2 2 6 3 2 1 5 3 1 1 6 2 1 3 2 2 4 1 2 3 4 1 2 2 1 4 1 1 25 3 5 13 2 100 2 2 2 3 4 3 7 1 1 7 2 3 1 1 2 1 2 1 2 14 1 3 2 3 1 2 6 2 1 2 1 2 1 1 22 1 7 2 1 2 3 77 2 5 4 247 2 3 2 2 8 7 2 1 1 1 12 2 1 1 25 2 3 1 3 2 1 1 2 2 2 2 2 9 25 2 3 2 5 24 2 2 2 3 19 1 3 7 3 42 3 4 1 5 1 3 2 24 1 2 2 1 1 4 3 2 1 1 1 1 3 2 2
1 2 3 10 2 5 6 8 8 3 1 2 6 6 3 1 1 103 3 12 19 1 2 2 5 1 2 3 8 1 1 2 3 2 4 2 2 1 2 2 2 16 1 2 3 1 2 17 1 2 4 2 1 2 21 1 4 3 3 2 1 35 1 47 3 1 1 6 2 1 1 1 1 7 1 1 1 4 6 4 4 14 1 1 4 14 1 1 4 2 1 3 3 16 1 1 1 2 2 3 2 2 4 2 8 3 2 4 3 2 11 3 1 1 10 5 1 2 19 1 3 1 3 2 11 2 2 1 1 3 2 4 2 1 2 1 1 2 3 1 3 1 4 2 2 2 1 22 1 1 5 1 6 3 1 92 1 3 2 2 2 1 4 1 7 3 1 2 1 2 1 2 2 1 2 50 1 1 18 1 6 3 4 5 2 1 2 1 1 2 1 26 2 1 1 4 2 1 1 2
18 2 23 1 2 6 15 1 1 3 29 1 5 1 224 5 2 2 2 2 1 4 1 2 3 4 1 3 23 205 2 1 4 33 3 3 1 2 16 2 10 2 3 2 9 3 12 2 2 3 1 1 1 16 1 1 2 1 2 77 2 1 1 4 2 3 10 2 1 2 36 5 2 2 1 4 9 1 10 1 1 2 2 2 3 4 2 8 1 3 1 3 1 2 2 2 1 3 1 1 5 2 1 8 2 2 2 1 7 43 3 1 12 2 1 193 1 1 17 1 3 2 9 3 2 1 2 2 3 2 3 1 1 2 2 3 1 1 1 17 2 1 2 2 1 4 4 2 5 1 1 1 2 1 2 249 2 3 7 5 6 1 2 35 2 2 2 1 9 2 7 9 4 1 4 2 2 2 1 1 1 355 11 3 1 1 1 16 2 23 1 7 1 4 1 1 2 13 1 3
2 1 9 17 13 1 2 1 1 3 26 1 1 1 4 52 6 1 4 1 4 2 6 7 2 2 1 10 3 3 9 2 3 15 1 1 2 1 2 2 106 15 378 1 3 2 1 2 1 7 2 4 20 1 1 1 2 1 3 6 1 4 2 4 3 2 4 2 1 91 1 1 2 79 5 2 1 1 1 3 219 1 2 2 2 12 2 2 4 1 1 1 3 2 1 4 2 6 2 3 28 1 4 2 4 2 1 1 1 2 4 6 1 1 1 1 2 3 1 1 1 1 1 4 5 2 2 2 2 3 2 4 2 1 4 1 1 89 6 2 1 1 1 5 5 1 1 1 3 1 1 1 1 1 2 7 5 1 1 10 5 1 2 1 1 1 14 4 24 3 2 4 1 2 2 1 2 10 9 1 2 5 1 3 3 1 5 6 1 1 2 4 17 77 2 2 1 2 1 2
2 1 2 2 2 3 2 4 2 10 2 3 1 2 2 6 3 2 1 10 3 2 1 26 8 6 5 5 3 1 2 5 24 1 7 3 3 15 2 4 1 4 16 2 1 3 1 7 1 1 4 15 1 1 1 6 3 1 1 2 2 2 2 2 1 7 3 2 3 1 1 2 1 4 2 1 5 1 3 1 2 2 3 6 2 17 2 22 1 1 2 1 2 1 1 2 1 3 2 1 7 1 3 1 1 2 3 1 4 1 1 1 3 2 3 3 22 1 1 1 2 5 5 1 1 1 1 10 1 15 1 1 5 3 3 3 3 1 60 1 2 2 2 4 1 2 2 1 1 5 1 32 13 2 2 17 2 2 1 1 1 2 1 2 2 2 2 2 2 2 1 1 1 21 4 1 3 5 124 2 1 3 10 1 16 4 1 1 2 2 1 2 2 23 1 2 1 1 2 3
14 1 2 2 9 2 5 19 6 4 1 1 1 1 8 2 2 2 2 2 4 1 1 1 1 1 1 12 3 9 4 3 1 1 2 1 3 1 22 9 2 1 12 2 2 75 2 1 10 3 2 5 2 3 289 1 1 1 2 3 3 2 4 4 3 1 2 5 3 4 14 1 2 3 1 4 7 2 2 1 3 2 1 1 2 1 7 18 1 1 4 1 24 2 2 7 2 2 5 5 6 1 1 1 1 2 1 1 2 2 1 3 2 2 13 6 1 2 3 2 3 3 5 1 2 2 3 12 5 2 3 11 2 4 3 2 23 2 3 3 1 2 7 2 1 8 3 1 11 1 3 6 2 103 1 1 7 2 4 3 2 7 3 1 1 2 7 2 1 3 17 1 2 1 27 1 1 1 1 2 1 3 15 2 2 6 2 7 7 3 10 14 4 1 3 45 4 3 1 1
2 1 1 25 5 1 2 10 2 1 5 1 1 1 2 1 1 1 2 1 3 1 2 2 1 1 5 3 1 3 4 3 1 1 33 1 3 1 2 28 1 1 1 4 3 4 1 1 2 1 15 2 2 42 6 1 1 2 10 6 128 2 2 21 3 3 4 10 3 3 5 2 3 5 1 5 1 1 1 2 4 1 5 3 3 1 9 4 3 5 4 2 1 2 1 2 2 2 2 1 2 1 12 4 4 2 4 2 2 1 3 3 2 191 2 10 5 2 2 1 2 3 1 2 1 1 5 1 3 2 2 2 2 1 2 1 2 2 1 1 5 3 2 2 5 3 1 1 2 5 1 274 1 2 7 1 1 1 2 3 2 1 2 2 1 1 5 3 3 6 6 2 4 2 6 4 1 2 2 1 1 1 3 3 2 1 1 5 1 39 4 3 1 10 3 5 2 1 1 1
1 1 2 2 1 1 5 2 6 173 1 1 1 16 1 4 8 2 1 1 2 2 2 8 2 28 2 1 4 1 2 1 4 3 1 1 10 1 1 2 1 2 1 1 1 2 3 2 1 1 3 1 5 1 2 1 2 1 1 34 1 1 1 9 7 3 3 2 2 1 2 4 1 1 1 1 2 326 6 11 2 2 1 3 3 1 1 1 1 3 3 2 1 7 4 6 1 2 1 1 3 1 46 1 2 1 2 4 3 2 7 2 2 14 1 7 1 2 4 8 36 4 12 2 1 2 2 1 2 1 4 10 1 5 2 2 1 1 1 7 3 1 3 2 166 75 9 42 5 2 1 11 4 2 4 3 2 5 1 10 1 2 5 2 8 2 1 6 5 1 3 3 3 2 27 4 1 6 2 1 2 2 2 2 5 3 1 9 3 1 1 1 2 1 2 1 2 4 2 1
1 1 3 3 5 1 5 1 3 1 2 4 3 2 1 1 2 11 2 1 2 1 1 6 1 1 1 3 3 1 2 4 2 1 1 1 1 1 27 4 2 2 3 2 2 22 2 5 1 7 2 5 1 9 1 5 2 2 2 64 1 3 8 3 2 1 5 5 4 3 2 2 2 2 2 2 14 6 1 3 1 2 9 3 2 2 1 4 2 6 5 9 1 2 1 2 8 1 1 1 1 6 23 2 1 55 2 1 2 9 2 1 26 2 1 1 1 2 4 1 11 3 5 1 1 2 21 1 6 6 1 3 4 2 2 2 1 3 1 1 2 2 1 1 1 1 5 3 2 1 2 2 5 1 1 3 1 6 2 3 2 1 2 3 1 3 2 10 2 2 1 2 1 3 2 1 4 2 7 3 2 2 2 2 3 1 1 3 1 8 7 1 3 2 3 1 3 2 5 1
2 6 9 6 18 1 9 4 3 1 4 2 2 2 2 3 1 2 1 13 8 2 2 1 3 5 9 1 2 1 1 81 14 2 15 2 2 9 1 2 5 3 3 2 1 2 9 3 2 4 2 3 2 3 3 1 2 10 2 4 2 2 1 1 2 1 3 2 12 1 2 2 2 2 2 1 4 16 1 5 2 1 3 1 1 32 1 1 1 3 2 3 1 11 3 1 2 1 2 1 1 2 1 6 16 6 2 1 1 2 6 5 1 2 1 1 2 2 14 3 6 2 1 1 2 1 1 4 1 8 10 4 3 4 4 2 1 1 1 2 1 1 2 3 2 1 1 1 3 5 7 1 5 1 2 1 1 1 2 5 4 2 1 1 1 2 12 3 2 17 4 7 2 4 4 1 11 1 4 1 2 1 2 1 2 3 21 4 4 3 1 2 1 1 1 1 3 2 2 1
1 4 2 2 5 4 2 1 7 1 1 11 4 5 1 7 10 2 1 5 1 2 3 1 11 1 2 2 1 2 1 3 7 2 1 2 1 2 9 2 1 1 1 7 6 1 16 28 2 2 9 15 4 2 1 4 1 1 1 2 1 5 1 2 1 2 50 8 3 1 7 1 4 2 1 2 1 2 2 2 2 3 2 3 1 2 3 2 2 2 1 3 1 4 3 4 3 1 2 3 1 1 2 10 3 1 1 1 3 4 1 4 26 4 6 1 2 2 2 1 3 10 5 1 2 1 11 10 2 1 4 6 1 3 24 2 5 2 2 2 1 3 2 2 3 1 7 2 3 3 1 1 2 1 3 1 9 2 2 2 24 2 3 1 1 1 2 2 1 1 4 8 2 3 6 2 1 5 1 2 3 12 2 3 4 1 1 2 1 7 7 2 4 2 2 1 14 1 4 5
2 2 2 5 1 1 9 1 2 2 3 3 2 3 2 4 9 5 3 2 2 3 2 2 2 2 1 2 2 7 60 2 1 2 2 8 1 2 3 2 2 1 11 1 2 2 3 2 117 1 26 2 2 2 1 16 2 1 1 6 3 4 1 3 1 2 2 5 2 2 2 4 2 3 3 1 2 1 6 7 1 1 1 1 1 2 1 45 20 2 11 1 2 2 2 8 3 2 8 3 1 2 2 2 3 1 2 1 3 1 1 2 6 1 1 6 7 2 1 1 1 319 2 62 1 1 1 2 47 2 1 5 2 1 1 34 11 1 8 1 1 1 3 1 14 1 392 61 2 1 3 11 1 1 9 3 1 2 5 2 1 1 1 1 1 1 1 1 4 2 1 8 3 5 1 1 4 2 2 1 1 3 1 2 2 1 1 2 1 11 4 1 3 1 1 1 1 24 1 1
2 3 4 4 1 2 2 2 1 1 3 2 6 4 2 3 1 2 3 2 1 2 5 7 3 1 2 5 2 3 31 1 6 1 2 2 1 1 2 1 2 1 1 1 2 1 53 2 1 2 22 3 1 1 13 11 1 1 1 13 1 1 3 4 4 4 3 6 1 2 2 3 10 1 1 1 5 5 2 2 1 20 5 3 1 3 1 3 1 30 2 2 9 6 2 2 40 2 8 1 2 2 2 1 14 1 1 9 4 2 5 1 1 10 1 2 2 3 1 3 3 2 4 6 1 3 2 17 2 4 6 4 1 1 1 3 1 2 15 2 6 2 1 1 4 9 1 2 3 1 2 1 6 1 3 3 59 1 3 3 1 31 1 26 4 2 3 3 1 1 1 2 4 23 2 5 4 86 3 2 2 45 2 1 3 4 7 2 2 2 44 2 1 3 2 2 7 4 1 1
1 2 4 6 1 1 1 1 3 11 1 3 2 1 5 1 2 3 1 1 3 1 1 9 3 2 1 3 3 1 2 2 1 2 3 7 2 2 1 2 2 1 2 2 5 8 4 1 1 1 4 3 1 1 42 11 1 2 3 1 6 3 5 1 1 2 1 2 1 1 1 20 2 1 7 2 2 16 2 1 3 1 2 1 1 10 5 5 21 1 3 3 2 4 1 1 3 2 2 2 3 2 2 1 34 17 1 3 11 2 1 2 4 2 10 4 2 1 33 5 3 1 2 4 1 1 1 2 2 3 1 3 1 1 2 1 1 1 2 2 3 4 2 1 2 2 3 1 1 9 3 3 2 2 3 1 2 2 1 1 2 1 3 2 2 3 1 2 4 1 9 1 22 1 1 1 3 7 2 2 2 1 1 1 2 2 1 2 2 11 1 1 1 142 4 3 6 1 2 3
3 2 2 2 1 1 3 3 1 2 1 2 2 1 11 1 3 2 3 23 41 3 66 1 12 5 1 1 2 2 5 1 1 1 2 1 7 3 3 20 3 2 10 1 9 1 4 2 2 20 2 4 3 11 2 7 1 3 14 1 4 18 2 1 5 4 3 1 1 1 2 1 1 1 7 2 12 1 1 2 2 15 5 2 4 1 1 33 3 2 2 1 2 2 7 14 1 2 5 2 3 6 2 9 2 1 6 1 3 2 11 6 5 3 10 1 1 5 1 1 3 1 1 2 4 3 26 1 2 1 1 15 2 4 1 1 2 1 4 3 2 5 26 2 3 2 2 2 2 2 9 1 12 1 1 2 10 3 7 9 7 2 3 1 1 6 100 2 1 6 1 1 9 3 1 1 1 34 1 4 2 2 1 8 1 1 1 2 1 4 27 3 6 2 4 2 1 10 2 3
1 4 1 6 2 1 1 4 9 1 1 1 18 2 4 1 13 2 5 10 7 3 4 2 79 3 1 1 8 1 9 4 9 6 1 43 1 2 2 1 1 1 2 1 1 8 1 28 2 3 5 6 89 4 1 1 1 1 1 25 4 2 1 7 3 2 2 11 1 3 1 1 4 2 3 2 1 2 1 2 4 2 1 1 2 3 2 4 5 2 6 1 5 2 1 1 2 1 2 54 3 1 5 2 3 6 2 3 1 2 2 253 2 1 4 2 9 12 2 2 2 2 17 1 9 3 6 5 2 1 2 1 10 1 174 4 10 7 5 2 2 4 4 5 2 5 3 3 15 86 3 2 3 10 5 2 8 2 2 2 1 16 2 1 3 2 1 3 1 3 1 3 2 6 1 1 1 5 2 1 2 6 246 1 1 3 4 1 3 2 11 3 4 2 1 2 3 2 11 2
4 2 6 1 1 1 3 3 2 4 8 2 1 29 1 4 2 1 1 3 1 3 32 3 2 2 1 3 3 2 1 2 3 4 2 1 19 2 4 1 2 1 1 3 1 1 2 8 7 1 1 1 1 1 2 1 2 1 2 17 3 2 4 3 1 1 8 3 1 1 16 2 4 2 2 1 2 3 1 74 1 1 2 1 1 2 2 2 1 3 2 1 2 2 6 13 1 2 47 2 20 2 1 1 2 2 1 1 4 1 1 10 1 3 1 3 1 8 1 24 1 5 1 2 8 1 1 1 3 4 7 2 1 10 1 1 3 1 4 2 3 2 3 107 1 5 2 6 1 2 1 4 1 3 1 2 3 4 2 2 4 1 5 1 1 3 9 3 2 12 3 14 5 2 2 1 11 2 2 1 1 1 22 1 2 1 9 7 2 1 9 1 2 2 1 2 4 2 2 3
1 1 1 1 1 2 1 1 3 1 2 3 9 3 13 3 1 7 8 28 2 4 13 2 4 2 2 5 2 3 1 2 46 2 2 2 2 4 1 2 1 2 1 2 3 1 2 1 1 2 1 1 1 5 1 3 8 1 8 2 1 2 3 7 1 1 2 1 4 2 3 1 2 18 1 8 10 4 1 2 24 1 1 1 2 1 5 1 2 1 2 1 7 1 2 2 3 1 3 1 1 1 1 3 4 1 6 1 2 2 1 3 3 1 1 5 3 4 2 1 2 1 1 2 3 2 2 39 40 1 3 1 25 1 3 7 4 4 17 5 2 2 1 3 2 1 3 5 8 2 2 26 1 6 2 2 385 1 31 7 20 2 2 1 2 1 1 1 4 2 2 6 4 2 21 15 1 1 60 2 2 4 2 2 2 2 1 4 2 19 1 2 6 2 5 7 1 5 1 2
9 4 24 2 1 1 2 1 1 2 2 2 17 3 6 5 2 2 2 1 2 10 2 2 4 1 1 1 1 18 1 2 31 2 1 9 1 4 1 2 6 4 12 2 1 2 3 1 43 8 4 1 1 17 3 5 2 1 2 6 1 7 1 1 2 2 3 2 1 1 2 9 1 3 1 2 1 30 4 1 2 2 1 6 5 2 1 2 2 1 2 1 2 4 1 1 3 10 2 1 6 2 1 1 5 2 2 3 25 4 2 1 1 2 4 1 8 11 7 94 5 1 4 3 9 1 3 6 5 13 1 1 3 16 2 2 14 1 5 3 1 2 2 1 1 1 1 6 2 2 2 2 2 1 13 1 2 27 1 1 1 4 1 1 5 73 3 2 2 14 1 1 2 2 5 1 1 1 1 1 5 21 1 1 2 3 2 1 1 1 1 2 2 2 1 10 3 8 4 1
2 9 2 3 1 12 6 1 4 2 1 2 1 6 2 3 1 5 1 2 2 4 4 1 3 4 4 1 1 2 3 1 1 2 10 3 7 4 1 9 2 2 29 1 11 1 1 4 3 3 3 2 4 2 4 2 2 2 7 7 2 2 1 3 3 11 1 1 2 2 1 6 1 2 31 1 40 6 1 1 2 7 2 1 2 1 1 1 2 2 3 3 2 1 1 2 1 2 2 4 2 4 1 3 5 6 2 24 2 1 1 1 2 1 1 2 1 2 6 2 7 1 167 3 9 1 1 2 1 1 45 2 3 2 2 3 2 2 4 3 1 4 1 3 1 3 1 1 2 1 3 2 2 1 2 1 1 1 4 1 1 4 1 6 2 2 14 1 1 2 1 3 2 1 6 1 3 4 1 5 2 1 4 2 1 23 1 1 2 2 1 2 5 3 1 5 2 2 5 1
2 2 5 2 1 3 17 3 1 2 1 20 9 15 2 1 2 2 1 1 1 1 115 1 2 1 12 2 2 20 2 2 2 3 2 1 1 89 2 2 1 2 3 1 4 2 17 2 1 2 2 4 1 1 1 2 2 1 1 64 1 2 1 2 1 1 1 2 1 1 10 1 3 6 4 15 310 1 10 3 31 2 6 3 1 1 2 1 3 2 1 42 1 2 1 4 2 4 1 2 1 2 1 9 1 2 1 1 1 2 3 5 1 1 3 2 2 1 2 2 3 2 1 2 1 2 2 3 1 2 37 3 1 2 1 51 2 1 1 1 1 1 32 13 1 10 3 2 2 2 1 1 3 3 1 1 1 1 1 4 1 4 2 3 3 2 1 3 2 4 7 2 2 76 51 12 3 4 2 7 1 2 14 3 7 2 1 8 1 2 11 4 4 3 2 34 2 1 2 4
14 4 1 3 1 18 1 16 3 4 1 3 2 1 7 1 1 9 5 2 2 9 2 5 3 2 2 3 3 2 2 6 7 10 1 1 1 2 2 5 1 3 1 3 4 1 2 1 1 4 1 1 2 2 2 1 1 2 14 2 1 18 2 2 3 4 3 2 3 2 2 13 3 1 7 2 1 2 5 1 2 2 3 2 1 4 1 5 4 12 6 1 2 2 2 1 51 2 11 22 1 22 3 1 2 3 1 1 3 1 2 5 2 1 4 2 3 2 114 92 1 1 1 6 1 1 2 2 9 4 2 11 1 3 3 1 1 1 1 2 2 1 4 4 2 1 2 1 1 2 2 4 11 1 3 2 2 2 1 9 16 15 1 1 1 1 2 1 1 2 27 5 1 2 4 12 1 6 36 8 1 1 1 2 2 17 4 2 2 6 2 1 4 2 1 51 1 54 1 1
5 11 2 1 2 14 4 2 2 2 2 1 1 1 5 4 2 1 3 1 1 3 1 1 2 3 4 2 2 1 2 3 2 3 15 2 2 2 1 3 1 1 1 2 8 2 3 3 2 1 1 2 4 4 1 5 3 2 1 1 16 1 5 1 3 1 1 1 2 1 2 1 1 2 5 3 1 1 6 2 75 1 3 2 2 2 10 3 1 1 1 1 1 1 4 8 4 6 1 7 8 3 2 2 2 2 5 1 1 3 2 1 3 1 1 3 1 12 3 1 2 1 1 1 7 1 3 17 1 31 2 1 3 2 4 1 7 3 196 2 1 2 1 5 3 1 7 1 2 3 15 2 1 2 3 2 1 1 2 1 3 15 1 1 1 2 1 2 6 3 3 1 4 2 2 11 2 27 1 11 1 1 11 3 1 2 17 4 7 2 3 1 4 1 3 1 2 2 2 2
4 1 2 48 3 2 2 1 4 3 2 1 3 4 1 5 1 2 2 3 5 6 4 2 4 1 5 2 1 1 3 1 2 3 1 1 2 1 4 4 3 4 1 3 2 4 2 3 2 2 3 2 2 1 3 2 2 1 6 5 2 6 9 3 3 6 7 3 8 1 4 1 8 2 1 3 5 1 1 2 2 11 25 2 2 4 2 2 1 1 2 1 8 3 3 2 2 1 1 2 1 3 1 1 2 3 14 1 1 1 3 1 2 1 28 4 2 34 2 3 2 5 2 3 1 1 3 5 1 5 2 4 1 1 1 3 1 2 1 8 3 2 2 3 1 3 3 2 1 11 2 6 2 1 4 24 4 1 3 1 1 1 1 3 2 1 236 67 3 1 9 1 24 5 2 1 4 3 1 1 6 2 2 2 2 6 2 2 2 3 11 5 2 1 1 2 2 1 5 18
2 9 44 1 1 3 445 2 3 1 2 2 2 2 75 2 1 1 2 6 6 2 1 2 2 2 1 1 6 1 1 1 1 5 2 7 2 1 3 5 1 1 2 4 1 2 3 2 1 1 1 3 43 20 5 11 10 1 1 34 1 6 54 2 6 1 2 2 8 2 3 4 7 2 3 3 1 2 1 3 8 7 4 370 7 1 5 1 7 1 1 1 1 1 4 1 1 1 5 1 1 2 1 2 1 1 2 1 4 5 2 2 1 3 23 2 65 1 1 1 1 1 1 3 1 1 3 4 1 3 2 2 1 2 1 1 7 2 4 1 442 5 1 1 2 1 1 1 7 5 1 3 1 1 2 4 1 2 1 2 2 1 2 1 1 3 2 4 1 2 4 1 2 5 1 8 144 2 5 3 2 1 5 2 2 5 7 1 1 1 2 1 2 1 1 1 12 10 1 4
2 4 2 5 7 1 2 1 2 2 1 1 2 1 38 1 1 1 1 10 2 4 1 2 2 4 1 2 1 11 4 9 7 4 1 3 2 12 22 1 5 1 2 1 2 4 5 2 15 5 3 3 2 1 2 1 2 1 1 2 2 1 2 2 2 2 2 1 1 2 4 2 1 23 2 10 1 5 3 1 1 3 2 15 2 2 1 1 6 3 1 2 2 1 16 4 2 2 2 2 1 2 2 1 1 1 2 1 2 1 3 2 1 1 5 1 1 2 1 1 1 3 2 1 2 1 1 1 4 1 1 6 2 1 1 1 2 4 4 1 1 1 1 8 1 1 1 13 1 9 1 4 94 2 1 1 2 20 1 7 1 3 1 1 6 3 9 27 1 3 4 1 30 1 2 3 4 2 5 2 1 1 16 3 3 3 2 8 13 2 7 2 31 2 11 2 6 16 1 3
45 3 3 2 1 4 5 1 2 1 2 2 2 1 1 2 1 1 1 1 5 3 2 7 14 35 2 1 1 2 1 2 1 5 3 5 2 2 11 1 1 5 73 1 3 3 13 1 6 2 2 4 1 2 1 23 1 2 1 1 1 3 1 130 4 2 3 1 1 4 1 6 2 3 2 2 1 2 2 2 16 1 2 2 1 1 1 1 7 2 4 2 1 2 2 5 1 2 1 25 16 2 1 1 2 1 5 15 5 9 3 3 2 6 2 4 1 2 1 1 1 5 5 1 1 2 1 2 1 20 2 5 2 2 22 1 1 1 1 2 12 1 10 4 1 1 2 1 3 1 1 1 2 9 3 55 5 7 34 2 2 2 1 2 2 2 2 3 2 1 1 2 2 1 1 1 5 12 1 5 2 2 17 6 1 5 1 1 1 2 93 1 2 1 2 5 2 50 1 2
34 2 2 2 1 3 10 7 2 2 11 9 13 1 1 1 1 21 152 13 52 1 1 5 1 1 2 2 2 3 1 2 1 7 58 20 1 3 7 1 2 22 1 88 5 1 57 1 17 2 3 3 7 1 1 2 6 1 3 2 2 13 5 1 3 14 1 15 2 2 1 3 1 2 1 3 5 3 2 3 5 3 10 1 177 11 4 2 3 1 1 2 1 5 2 8 1 2 2 2 1 1 1 5 1 1 14 6 1 1 1 2 1 1 4 1 2 2 3 5 9 1 9 1 2 1 2 1 4 2 2 1 3 1 55 3 3 1 1 16 3 1 3 1 6 6 3 1 9 13 2 3 3 3 2 2 1 1 3 1 2 4 3 1 1 1 4 6 2 2 2 2 1 3 6 2 1 1 2 1 1 2 1 4 1 3 2 2 6 2 3 2 2 1 4 42 5 6 1 1
2 1 4 4 14 1 1 3 5 1 116 1 1 12 1 3 16 3 1 1 3 2 59 2 5 1 1 2 1 7 2 22 3 2 3 8 2 211 4 18 3 4 5 7 1 1 32 1 8 2 92 240 14 21 1 1 1 2 1 13 1 5 4 2 1 4 1 1 1 1 5 2 2 5 1 1 1 1 33 1 2 4 1 19 2 3 1 22 1 2 1 2 1 1 2 1 2 1 2 5 2 4 1 3 1 5 2 1 1 6 2 1 1 2 5 3 1 1 4 2 4 1 2 2 2 2 2 1 6 8 8 1 3 1 1 1 4 21 1 4 1 2 1 1 4 2 1 2 2 2 156 2 2 2 3 1 5 2 2 2 1 2 1 4 5 3 35 15 2 4 2 3 2 1 2 1 2 4 4 4 17 5 2 6 3 3 2 1 2 2 3 3 2 25 84 1 4 3 1 62
1 2 43 2 1 1 2 38 2 7 1 3 2 4 1 26 8 1 20 1 2 6 7 1 1 1 1 2 2 4 2 3 3 1 2 3 3 2 1 3 2 2 3 2 1 1 1 1 4 5 4 1 1 6 1 1 1 1 10 3 11 1 1 1 2 1 4 8 4 1 6 2 2 1 1 2 3 5 1 1 1 7 2 6 4 2 1 9 5 2 2 2 1 4 9 3 6 2 2 6 1 1 1 3 1 1 1 1 1 3 1 4 2 19 2 2 1 5 3 2 4 22 4 1 1 1 4 2 2 3 1 5 50 1 2 4 1 2 6 6 2 1 15 1 2 2 2 1 1 9 1 2 5 8 1 1 1 1 2 2 4 2 1 2 4 3 3 2 4 4 1 1 2 2 6 6 1 1 3 1 1 1 1 3 7 5 1 6 4 3 1 3 2 14 4 2 1 20 3 7
3 2 3 2 10 2 1 1 21 1 1 2 1 22 12 1 7 1 8 2 1 2 15 8 1 10 1 1 1 46 1 1 2 5 211 7 3 5 6 2 1 1 1 2 1 1 1 1 8 3 1 2 3 2 23 8 12 1 2 1 2 9 1 5 1 18 2 1 1 2 4 2 5 2 1 1 2 2 1 2 3 5 16 3 2 3 1 3 1 3 3 1 3 8 2 1 2 3 4 1 2 1 8 1 1 2 4 2 3 3 1 2 1 61 1 7 15 2 1 3 2 1 4 1 2 4 3 5 3 2 2 1 2 4 3 54 4 6 7 2 4 3 3 8 2 2 1 3 10 12 4 5 7 2 1 2 2 1 1 1 1 1 1 7 1 11 3 10 30 1 33 4 25 13 2 6 28 5 1 3 5 3 2 5 3 1 1 2 7 2 174 13 2 3 1 4 1 54 1 6
12 1 7 3 2 4 2 3 3 2 2 3 1 2 1 3 1 2 2 1 2 1 1 2 1 1 1 3 2 6 1 1 2 4 1 5 2 2 2 2 1 5 1 15 1 1 1 2 2 5 2 2 2 1 2 18 2 1 3 2 10 6 2 2 2 1 2 4 2 18 124 1 1 3 3 12 1 5 5 8 4 3 2 68 2 2 8 3 1 1 4 2 3 1 6 6 1 2 13 2 7 1 5 1 1 7 2 1 2 1 6 1 1 1 4 1 1 1 30 40 1 1 2 1 2 2 4 5 3 2 1 2 7 1 1 2 92 2 1 3 3 1 2 2 2 1 8 8 1 6 8 1 1 1 1 1 5 2 3 10 1 3 2 1 2 1 3 2 2 2 2 4 2 2 7 1 1 1 4 2 2 26 156 1 1 1 3 2 3 3 1 1 2 21 7 2 3 3 30 8
1 2 2 4 4 2 2 1 8 3 2 2 2 10 1 1 2 2 3 1 3 11 1 2 1 2 4 1 47 1 1 25 1 2 1 1 2 1 2 2 3 1 2 1 6 7 2 3 1 1 1 1 4 1 1 1 1 10 1 125 4 1 1 1 3 1 38 9 1 3 3 2 1 2 3 3 2 1 4 2 2 3 9 3 4 2 1 2 10 29 1 2 26 2 2 2 1 7 2 1 1 2 6 2 1 3 2 3 1 1 50 1 2 3 3 2 3 3 4 3 9 10 4 4 1 2 3 3 2 3 9 2 1 6 2 19 3 1 3 2 1 3 1 2 2 6 2 1 6 1 3 18 1 1 1 9 1 1 1 1 106 3 7 1 115 3 6 2 2 13 2 6 1 2 4 2 140 4 24 1 7 2 1 4 1 1 1 3 1 4 1 3 22 2 6 1 2 3 20 41
3 1 2 7 3 2 1 2 1 4 4 1 2 3 3 2 1 5 1 2 21 11 26 2 4 1 2 5 7 3 1 2 1 2 2 14 2 4 2 2 39 2 1 2 2 1 1 4 1 7 2 3 2 1 9 1 1 1 1 1 1 2 2 3 3 3 2 1 2 10 2 1 1 2 1 2 4 1 9 7 1 1 1 4 2 3 6 2 3 1 1 6 3 136 2 1 13 2 2 1 2 1 1 2 1 2 8 24 1 1 1 4 2 156 2 16 53 1 1 12 1 1 3 1 2 1 4 2 1 1 3 2 1 1 2 4 6 6 8 1 1 6 1 5 1 2 4 1 4 2 1 1 2 1 1 1 3 1 3 1 1 8 3 2 2 28 3 2 1 1 20 1 1 2 2 2 1 4 2 8 8 42 11 1 5 1 3 1 2 5 16 2 2 4 4 18 64 1 1 2
1 2 2 3 8 3 2 1 2 4 1 1 1 4 2 1 6 2 2 2 2 4 1 1 2 2 1 1 1 3 3 2 2 3 2 1 1 10 2 3 3 2 2 1 1 1 2 2 9 1 12 1 3 1 2 2 1 4 1 1 1 1 29 2 5 2 95 4 1 1 1 2 1 1 2 2 4 1 1 8 1 2 9 1 6 5 2 1 2 2 13 2 1 1 3 4 1 2 2 1 1 2 1 6 4 3 3 4 1 3 3 3 2 2 8 1 2 11 4 6 2 2 1 1 2 1 1 1 8 1 1 1 10 2 2 31 4 10 1 1 12 5 12 19 4 1 1 6 2 2 4 4 2 1 1 3 3 2 2 6 1 3 5 2 4 1 2 2 3 1 1 1 3 1 1 7 2 7 25 37 1 26 4 2 1 1 3 3 1 4 1 1 20 1 1 6 3 6 10 3
1 1 1 2 1 2 7 67 4 1 2 3 2 4 3 1 3 1 1 2 18 2 4 2 2 3 27 2 13 1 5 2 38 2 6 2 1 496 5 2 1 1 1 1 2 2 1 5 4 2 1 2 7 1 5 2 2 1 2 1 2 6 2 8 2 3 2 1 3 2 1 9 4 1 1 3 3 2 1 2 3 1 1 2 13 1 1 3 2 2 3 5 1 3 2 20 2 1 4 2 1 1 4 3 1 1 2 1 2 1 1 12 17 2 4 3 2 2 1 5 1 1 2 1 1 4 8 1 1 1 2 26 5 1 3 2 11 2 1 1 8 2 1 1 2 2 15 11 3 1 1 2 38 1 5 1 6 2 9 1 27 3 1 2 2 3 1 2 1 1 1 2 1 3 11 2 3 2 2 54 1 2 1 1 14 1 2 1 6 2 1 2 1 1 3 5 12 2 3 1
4 1 2 2 11 1 5 3 1 121 1 4 1 3 2 1 3 10 1 3 1 9 1 1 3 2 1 6 19 2 3 5 9 4 10 3 1 1 127 39 2 1 2 2 2 1 4 1 3 1 1 9 2 5 7 3 1 1 3 1 2 1 2 3 2 1 1 1 2 1 6 1 3 2 29 2 11 1 1 2 1 5 3 5 1 4 16 1 45 1 1 1 2 2 2 2 2 3 5 6 1 7 4 2 1 1 6 2 1 16 1 2 1 2 2 3 3 1 1 2 2 9 2 168 2 3 1 3 4 3 5 3 4 2 1 1 3 1 2 25 1 1 4 1 6 2 24 5 1 2 5 1 10 1 1 1 46 1 51 2 2 6 2 1 1 1 1 1 8 1 1 14 1 2 2 2 1 7 1 7 2 4 1 1 2 1 6 4 1 1 1 8 2 2 11 3 12 1 16 2
5 3 4 1 2 2 2 2 1 2 3 28 1 7 4 3 1 2 1 1 5 1 4 1 10 1 1 2 3 1 1 2 12 3 1 2 1 2 4 1 3 1 4 1 9 2 2 1 5 2 1 3 1 3 5 1 1 3 14 30 33 1 3 1 1 9 2 2 5 1 1 4 3 2 3 3 13 1 3 3 1 3 2 1 11 4 1 1 2 1 7 4 2 62 7 3 1 2 18 3 2 3 3 1 2 15 2 4 1 1 4 3 5 2 1 37 7 3 18 1 3 1 1 1 3 7 1 6 1 1 3 13 2 6 15 21 2 2 2 4 2 9 6 1 1 29 2 1 2 3 5 3 1 1 2 1 1 5 3 7 1 3 3 1 1 1 3 2 1 4 2 2 1 10 6 2 3 13 4 2 3 5 2 5 5 8 4 4 2 23 2 8 2 3 1 2 4 1 3 1
2 1 4 7 1 2 146 2 2 1 2 1 3 1 4 3 1 5 8 4 2 2 1 2 1 2 4 7 1 1 1 14 6 6 1 5 2 1 2 11 2 1 1 1 1 4 4 2 6 8 2 1 1 2 9 2 30 2 9 1 2 18 1 1 2 3 2 5 2 4 1 4 4 1 4 8 1 11 2 1 1 5 1 1 2 2 1 1 4 2 2 2 66 34 2 1 12 3 3 3 1 1 2 3 1 2 1 1 6 1 2 7 118 14 1 4 1 1 2 2 1 2 3 1 1 3 3 2 1 4 4 16 2 20 2 2 1 4 11 1 1 24 3 1 3 1 4 4 1 3 3 1 2 6 2 4 7 8 5 1 5 1 3 1 4 5 2 1 3 1 4 2 1 3 1 259 12 1 1 72 1 3 4 11 2 2 4 4 1 11 1 8 1 3 7 1 3 2 3 1
2 1 16 4 2 3 1 1 2 2 3 4 2 2 2 1 141 2 1 1 8 4 3 1 1 1 5 5 2 2 5 1 1 1 2 2 8 11 1 1 25 2 1 2 3 1 1 2 5 58 1 6 1 1 4 2 1 1 3 32 3 26 1 4 1 1 1 9 3 7 6 28 2 1 1 1 3 2 2 2 1 1 4 3 4 33 2 1 2 2 1 2 1 1 2 1 10 1 1 3 3 1 3 5 4 1 1 4 2 2 2 5 4 1 2 6 1 9 1 6 5 4 3 3 18 3 1 6 1 3 1 3 1 3 1 1 2 2 1 1 1 126 2 1 3 7 1 3 1 1 1 4 2 1 1 2 1 2 2 6 2 8 1 1 2 2 8 1 1 1 1 2 1 1 2 1 2 4 6 2 2 51 2 2 113 4 1 3 4 3 9 2 1 2 3 9 2 1 1 6
2 1 3 9 1 3 13 1 1 23 4 1 2 2 36 2 1 18 2 2 41 1 2 2 3 5 1 1 4 5 17 1 2 3 1 1 5 1 1 1 2 2 2 1 5 2 1 2 2 2 1 1 8 3 4 16 11 1 6 1 6 12 1 2 1 3 6 1 2 1 1 12 2 1 5 15 1 3 1 1 1 2 1 1 5 2 2 1 1 4 1 3 2 3 1 2 1 2 3 4 2 1 2 1 1 1 6 1 9 1 8 2 1 4 2 2 2 12 1 1 1 2 3 1 1 3 1 10 1 12 20 1 5 2 1 2 1 2 8 11 4 2 2 4 2 2 2 4 3 20 2 5 1 2 1 5 1 2 28 2 2 34 24 2 2 2 5 1 2 1 1 5 7 1 1 1 1 2 3 1 2 2 1 2 13 128 2 6 1 2 14 2 1 1 3 1 2 2 1 1
1 4 2 2 3 2 4 19 9 2 4 2 6 1 1 2 2 2 2 4 2 51 5 2 1 5 2 36 8 4 6 4 5 1 3 1 6 5 5 1 3 34 1 2 1 1 1 1 3 6 3 10 21 1 30 2 1 1 19 167 1 14 4 2 7 10 1 1 2 6 2 2 1 1 25 1 1 8 2 2 4 2 1 57 1 3 3 97 2 6 16 1 2 26 4 2 1 2 1 5 2 1 2 1 2 1 381 4 2 1 109 1 2 3 2 1 29 103 1 2 2 3 4 1 1 2 3 1 2 1 2 1 11 2 1 1 11 1 1 1 1 2 1 15 55 1 3 2 7 2 1 2 4 12 1 3 5 1 1 3 1 6 2 1 3 5 2 2 2 1 2 2 2 16 1 2 1 1 7 2 2 1 2 1 3 2 2 1 2 3 2 14 10 3 2 3 6 2 1 2
1 6 3 13 22 1 2 3 3 2 4 2 9 1 4 1 2 2 2 1 6 3 3 1 2 2 1 1 1 1 6 3 4 2 2 2 11 2 1 7 1 6 3 1 2 3 1 4 2 1 2 1 1 2 1 2 3 2 1 2 8 2 1 3 3 5 17 1 14 3 1 15 1 2 1 3 1 6 2 17 2 12 2 1 20 1 3 5 1 3 2 2 1 14 2 3 1 12 1 1 6 1 3 2 1 19 1 29 4 1 8 8 1 3 2 3 1 1 1 3 2 9 2 2 4 5 23 1 1 79 1 3 12 2 24 3 2 1 9 7 4 2 3 1 1 32 2 1 2 13 2 355 3 6 1 3 19 2 4 3 4 4 1 2 1 6 1 3 2 1 1 2 2 2 12 3 11 18 7 6 1 11 19 2 3 2 2 3 1 1 1 2 2 2 3 1 4 8 1 1
12 1 4 7 7 2 33 2 2 2 3 6 2 3 2 5 2 1 4 2 2 10 2 2 1 2 2 1 2 1 28 1 1 1 6 2 2 3 5 3 1 2 2 2 4 1 1 1 1 4 3 3 5 15 2 2 2 3 1 6 7 1 8 2 10 1 1 2 20 3 1 3 3 1 2 2 1 2 11 7 2 2 2 2 4 2 1 5 2 2 3 3 8 2 5 1 24 7 4 7 5 3 1 8 3 2 5 1 11 1 2 4 1 1 3 9 2 11 2 2 1 13 4 1 2 1 2 2 1 2 5 1 7 7 17 1 2 4 2 1 1 3 7 2 1 4 2 2 1 31 6 3 1 2 3 3 17 1 1 2 2 4 3 2 1 4 18 2 1 1 1 4 2 2 4 1 1 4 2 2 4 1 2 11 2 3 6 2 1 2 6 1 2 2 1 4 3 2 3 1
5 7 2 1 4 20 1 2 2 2 1 2 2 2 5 5 3 3 3 10 1 1 1 1 2 101 3 2 2 7 2 3 2 2 2 1 1 1 2 135 21 2 1 8 2 2 1 1 1 2 2 8 2 12 2 8 1 3 4 2 1 5 3 6 1 1 5 2 2 3 1 1 39 2 35 5 1 2 1 1 6 1 1 2 2 2 19 2 1 2 1 2 2 2 1 2 2 1 2 2 3 1 3 1 1 88 2 1 1 32 4 1 2 14 2 13 2 2 2 2 1 8 9 1 1 3 5 4 2 4 6 2 3 1 4 6 1 3 1 2 2 2 2 1 1 13 5 2 1 1 1 3 3 2 2 2 10 1 1 3 5 1 2 9 2 5 1 3 5 2 1 7 2 1 1 2 7 2 1 2 2 2 12 1 5 1 4 1 1 3 1 7 3 1 9 2 4 1 7 3
18 5 1 6 2 1 2 1 1 7 2 1 2 3 1 1 2 2 1 31 3 1 2 4 2 2 1 1 3 1 5 1 4 1 1 9 5 1 7 1 4 3 1 3 2 1 3 2 28 3 2 6 6 1 11 2 1 2 2 1 21 1 17 6 64 2 3 21 3 1 2 1 2 2 4 3 1 2 2 1 1 1 1 1 2 3 14 3 3 1 5 1 1 8 3 8 3 10 2 3 2 1 2 3 4 8 1 3 23 2 1 3 1 1 3 1 2 36 2 13 6 1 3 3 2 1 2 1 2 4 4 8 2 6 2 26 3 5 1 2 1 1 1 1 1 1 2 2 1 1 4 1 1 3 2 2 2 2 3 1 1 4 5 2 1 1 1 2 1 2 2 1 2 2 1 1 3 4 3 1 2 4 1 1 1 3 1 4 2 1 3 1 44 2 4 7 2 3 17 2
1 3 1 1 3 2 2 2 3 2 1 1 21 2 1 3 1 2 4 11 5 9 2 2 1 4 1 6 1 1 1 3 1 14 1 2 8 52 1 2 8 9 2 2 5 1 1 2 2 1 1 1 2 1 8 1 5 1 7 8 2 2 2 2 1 3 2 8 3 41 1 6 6 2 1 16 2 1 3 2 2 1 1 1 2 7 1 1 2 2 1 2 4 1 2 4 2 63 74 6 27 6 20 2 2 1 2 1 1 3 2 2 2 2 1 1 2 1 1 4 1 2 3 4 7 10 7 1 2 1 8 13 2 5 1 2 1 1 23 1 5 2 2 1 2 2 2 1 2 1 2 1 3 2 6 7 1 1 1 2 3 1 1 2 3 9 3 1 1 1 1 1 2 1 19 1 2 1 1 11 2 6 4 2 3 1 6 4 1 4 3 1 2 1 8 1 3 3 3 6
1 1 3 2 1 2 1 4 3 2 2 1 3 1 1 1 3 4 2 2 1 1 7 2 5 10 1 85 1 1 1 2 5 5 1 4 2 1 3 3 16 1 1 1 7 4 2 2 3 1 3 18 3 2 2 3 3 2 1 1 3 2 2 2 7 4 50 2 7 2 26 1 1 1 3 2 2 1 1 8 2 2 2 8 1 2 4 3 1 6 2 1 59 1 5 4 4 7 5 4 1 4 1 6 1 7 122 4 1 6 1 1 1 2 2 4 2 1 1 2 1 3 1 20 3 2 2 9 1 28 4 4 6 3 63 9 11 1 4 4 3 1 2 1 1 1 4 2 1 26 1 1 2 1 2 1 6 1 3 1 2 3 2 9 67 1 3 1 1 1 3 1 3 1 2 2 3 1 1 1 1 1 3 3 3 82 2 2 22 1 1 4 2 2 2 1 2 2 1 2
2 2 8 3 1 2 3 1 4 1 2 10 2 3 1 2 4 3 5 6 2 1 2 2 2 2 2 5 1 1 4 4 7 3 3 1 1 2 1 4 1 14 2 3 1 3 9 1 1 2 8 4 1 5 2 1 3 1 1 6 1 1 3 1 1 9 1 58 2 7 1 3 3 2 2 2 1 8 2 6 1 153 1 7 6 196 1 2 2 53 4 1 31 12 1 1 2 1 18 2 2 1 3 38 4 2 2 2 2 2 7 3 3 1 3 2 8 2 2 2 5 2 1 1 1 2 1 3 3 2 3 1 1 2 4 1 2 12 3 2 2 2 1 5 2 1 1 1 1 12 5 20 1 1 1 1 2 1 1 4 2 1 15 3 16 16 3 1 3 1 5 2 1 17 5 1 1 2 83 5 1 1 1 2 4 1 2 1 1 1 4 1 2 2 1 19 1 7 4 1
1 1 7 1 2 1 1 11 2 2 1 5 5 1 3 7 2 12 2 3 1 2 1 4 1 1 3 3 1 2 2 1 5 10 1 3 2 2 8 6 2 1 12 66 2 6 48 3 9 2 1 5 2 1 2 2 24 1 1 2 2 3 3 1 1 1 2 2 3 2 1 4 2 6 2 2 5 1 13 2 1 1 3 7 1 3 2 30 4 1 3 8 7 1 3 31 7 1 1 2 4 2 2 3 1 20 1 1 3 2 2 3 31 2 2 4 1 1 10 2 1 2 3 1 2 11 2 4 2 2 1 4 2 1 5 2 5 2 3 24 6 8 1 1 2 2 1 1 4 3 1 4 2 1 2 11 8 1 1 1 1 2 1 3 1 3 9 17 1 15 1 5 1 2 1 3 4 7 2 2 1 1 8 5 3 3 1 2 10 194 4 2 3 6 1 16 2 2 2 2
1 2 3 18 2 1 1 8 1 3 9 1 1 1 1 1 1 2 3 11 1 1 3 1 4 3 1 1 1 7 1 1 1 3 1 2 5 1 1 13 4 8 4 5 1 3 1 1 10 2 3 5 1 1 1 4 2 1 27 1 4 2 2 2 3 86 2 3 6 2 2 2 2 4 1 2 13 28 3 3 5 5 3 1 1 1 2 1 1 1 10 2 1 1 67 2 4 1 1 1 1 1 1 3 5 2 1 5 7 3 33 1 1 1 1 2 2 7 2 2 2 10 1 1 5 5 4 1 3 2 3 4 1 3 1 1 3 14 2 16 2 1 3 2 1 3 2 5 1 1 2 2 3 1 2 1 10 3 30 4 1 4 4 6 3 3 6 9 2 2 2 1 1 1 1 6 2 8 2 2 1 1 1 1 1 1 56 10 4 14 7 3 1 1 3 2 2 5 8 2
2 15 2 1 1 2 1 360 6 2 2 1 3 1 2 1 28 1 4 56 1 1 43 1 22 1 2 5 3 1 1 5 1 1 8 16 1 3 3 2 1 3 10 1 1 2 2 2 1 2 5 2 6 1 2 2 8 1 2 1 1 2 1 2 4 2 12 2 1 1 1 1 3 6 2 16 4 11 1 1 3 2 2 1 1 1 1 1 2 11 2 2 2 5 17 2 3 1 1 2 2 2 1 6 2 2 4 1 1 3 1 2 1 1 2 2 2 2 5 2 2 1 2 3 1 1 1 3 1 2 2 1 2 3 8 1 1 1 2 26 5 19 2 3 3 4 2 11 6 20 1 2 2 2 3 4 1 1 2 8 4 2 1 3 2 2 2 1 2 1 2 2 1 16 1 47 3 2 1 6 2 2 1 1 65 2 2 1 1 260 2 1 21 12 3 1 1 8 1 3
2 2 1 2 3 57 9 1 2 1 3 2 3 1 2 1 10 3 1 1 11 1 2 2 1 1 6 2 3 2 2 1 2 9 4 1 1 1 2 2 361 2 1 6 9 1 2 1 3 1 2 2 1 7 1 3 2 2 4 1 16 4 1 1 6 2 2 5 2 1 1 3 1 3 1 2 1 2 1 1 3 1 3 3 7 2 15 1 1 4 7 10 2 1 1 2 2 1 11 1 1 1 2 2 1 2 2 2 1 6 2 1 6 3 5 4 1 18 2 2 1 5 2 2 5 7 2 412 5 2 1 5 2 4 3 1 3 8 7 1 1 7 1 17 1 3 1 17 101 2 2 6 8 3 6 2 1 2 1 21 2 1 5 2 1 1 5 1 2 2 1 2 1 1 1 29 2 3 1 4 3 7 2 2 1 1 5 1 1 4 7 1 4 1 4 3 1 3 2 1
1 6 1 1 3 61 1 2 4 2 10 3 2 6 1 5 2 2 1 3 3 2 1 3 1 2 2 2 2 1 10 5 5 4 2 2 1 5 2 1 42 3 8 3 1 1 2 1 1 2 2 4 2 2 1 1 9 2 2 10 2 2 2 5 3 19 2 3 2 2 1 4 2 1 24 1 2 5 1 3 3 2 3 2 1 1 4 2 1 1 1 1 19 1 1 2 2 2 2 2 9 4 2 1 2 5 1 7 15 6 1 2 1 1 1 2 2 3 3 2 3 2 3 3 12 11 2 1 7 1 3 2 14 1 4 2 2 1 1 5 1 1 1 1 4 7 92 2 2 1 2 1 2 1 1 2 1 3 40 1 1 2 2 7 1 11 1 2 2 1 10 3 5 2 11 5 3 2 2 1 2 2 12 2 1 1 2 23 1 1 1 1 2 7 4 1 3 2 3 4
4 7 1 1 2 24 6 11 1 5 1 4 436 1 2 2 5 1 2 3 1 1 1 3 5 2 1 2 2 1 1 8 1 1 3 3 2 3 2 2 1 1 1 13 2 4 8 1 2 3 4 22 2 2 3 3 49 5 16 2 1 11 5 7 5 1 1 2 7 1 2 1 2 1 3 2 280 2 1 2 11 2 4 6 1 1 1 2 1 3 1 10 10 1 5 1 4 2 3 2 3 2 7 1 5 2 1 13 1 1 1 2 2 2 2 1 3 4 6 24 7 5 68 2 3 8 1 2 2 2 1 7 2 3 6 14 2 39 2 1 1 6 1 3 6 1 2 2 275 3 11 1 5 2 1 8 2 3 61 3 3 3 19 1 2 1 1 2 2 3 1 1 1 2 16 2 3 6 55 3 4 1 7 3 11 2 1 1 5 3 3 1 1 16 2 8 2 5 2 2
1 20 1 1 3 1 4 3 198 4 3 1 3 2 1 2 1 2 1 3 1 3 1 1 4 5 1 1 1 2 2 1 1 20 5 5 2 4 4 2 3 3 7 1 1 1 3 3 2 20 2 6 3 1 2 4 12 5 2 14 3 2 1 2 1 2 1 2 2 3 2 1 2 1 1 1 1 2 2 5 4 2 1 3 8 9 1 2 2 2 1 1 2 1 1 2 2 1 3 129 8 7 1 1 2 3 2 1 52 2 5 8 9 1 34 2 1 30 1 1 3 5 1 3 1 2 2 1 1 5 3 1 1 1 1 7 1 10 3 1 2 7 10 3 8 2 2 19 18 1 1 5 3 2 1 1 3 2 1 16 6 3 1 22 2 5 1 2 19 1 6 1 4 3 2 4 1 2 3 1 1 1 1 2 1 1 2 2 11 5 2 2 9 1 2 2 5 2 4 1
5 7 2 1 2 7 4 1 3 1 2 1 2 2 3 1 2 1 5 1 2 2 3 5 2 1 2 2 1 1 6 1 15 11 17 1 2 4 15 2 3 2 7 1 3 5 1 1 2 5 3 3 2 5 1 1 1 7 3 2 2 1 2 1 2 5 1 2 1 3 1 1 5 1 3 2 2 1 7 2 14 6 2 2 1 18 1 3 2 26 2 2 7 13 1 3 4 18 2 2 2 7 2 5 1 13 1 1 1 4 21 37 2 3 2 2 3 3 2 2 4 9 1 2 6 5 1 4 2 3 1 2 2 1 1 2 3 5 1 4 2 2 26 3 1 1 10 10 2 1 1 1 11 3 1 1 1 15 4 9 4 1 2 1 8 2 2 7 1 1 2 11 6 2 1 4 2 8 2 2 2 2 2 9 1 2 1 2 1 7 23 3 11 2 7 3 1 4 4 1
4 3 1 1 2 2 6 2 1 1 6 1 1 14 2 1 1 2 2 2 1 1 8 1 2 3 2 2 1 22 1 1 3 1 132 11 2 2 2 1 1 1 1 2 3 76 1 34 2 1 1 2 2 1 3 12 3 1 1 7 6 3 3 143 7 1 1 3 5 11 1 2 1 2 2 2 2 2 1 1 2 2 5 2 1 83 1 2 2 3 2 1 2 13 2 2 5 1 3 1 1 3 6 1 32 2 1 1 3 16 1 3 1 14 1 2 2 3 1 1 3 3 2 2 6 1 3 1 184 1 2 30 14 3 2 12 1 1 3 1 2 2 1 17 2 6 1 3 1 2 1 2 2 1 4 3 3 2 3 6 14 1 2 4 2 2 2 2 12 3 4 2 3 1 3 1 1 1 1 1 7 2 1 1 1 2 5 1 2 2 2 3 3 6 1 3 4 1 1 17
2 2 1 1 56 2 1 2 1 17 2 3 4 3 1 3 55 1 1 2 3 2 4 6 3 8 9 8 2 1 4 8 1 1 2 1 3 5 3 1 2 1 1 4 1 1 5 3 6 8 101 4 2 2 5 1 5 2 5 2 2 2 1 1 2 1 1 4 2 3 4 5 1 38 3 2 1 391 1 13 1 5 9 1 3 5 1 1 1 4 1 4 1 22 2 5 1 4 9 1 5 1 1 2 3 3 1 9 3 3 2 24 3 2 2 1 1 1 1 1 1 4 16 2 2 1 1 1 1 2 1 4 1 2 2 2 2 5 2 2 3 2 1 51 1 1 1 5 5 5 1 2 1 2 2 6 2 3 1 2 7 1 8 1 1 5 1 2 16 1 6 1 1 26 4 131 1 2 1 1 1 3 1 1 8 1 3 12 4 1 1 3 2 2 3 1 2 7 2 9
3 2 2 2 1 3 4 1 1 5 2 1 1 1 2 1 2 3 1 1 1 19 4 1 5 1 6 1 2 2 1 1 1 3 1 1 2 2 5 1 5 1 51 1 2 3 3 2 2 2 9 3 2 5 2 1 2 3 20 2 1 2 2 3 2 1 1 4 47 2 33 2 1 1 2 1 2 3 2 2 8 4 2 4 1 1 1 1 1 1 2 1 1 162 1 2 2 5 2 1 4 2 2 286 1 12 2 5 1 2 8 1 47 2 4 2 2 2 3 2 13 1 1 3 4 1 2 1 2 5 1 3 2 1 6 1 6 5 3 6 1 1 7 8 1 13 1 6 25 4 4 8 3 5 9 1 1 1 1 2 4 7 1 1 2 1 3 2 1 3 5 1 3 2 1 1 8 1 8 1 1 6 4 2 2 1 3 1 2 27 15 3 3 4 4 1 64 1 1 1
3 13 1 11 8 5 1 1 1 1 3 6 1 4 1 2 12 2 1 3 2 1 1 5 2 2 3 2 4 1 5 5 1 6 2 4 3 1 2 1 4 2 1 2 1 1 2 2 179 1 1 6 4 1 4 1 2 3 43 1 1 1 2 13 13 5 1 11 3 1 2 2 4 2 2 7 3 2 2 2 4 2 1 2 50 3 13 2 3 41 1 2 2 1 1 1 3 216 2 2 2 1 1 1 4 1 1 2 1 2 12 1 2 1 7 3 6 5 7 1 1 1 16 1 2 1 1 2 4 1 1 1 2 3 18 1 7 1 4 47 2 6 1 12 12 4 12 2 2 1 1 2 1 1 3 1 1 1 5 1 4 6 2 1 18 1 1 2 2 3 2 2 8 4 1 2 5 2 1 29 2 1 3 5 6 2 1 1 1 7 5 2 3 2 1 3 3 2 1 11
2 2 3 3 1 1 1 4 3 2 5 1 4 4 1 2 1 2 12 2 1 2 6 6 15 5 3 4 2 3 1 2 3 3 7 1 2 2 1 1 1 1 2 1 1 2 2 2 2 11 1 2 3 6 2 1 3 5 4 2 4 13 1 1 5 2 1 1 1 2 2 1 3 1 2 1 2 8 3 117 2 2 1 18 2 3 4 1 1 1 2 6 1 12 4 1 1 1 3 3 1 13 4 20 3 3 1 3 1 18 5 1 1 2 4 3 2 1 3 3 10 4 3 3 2 1 1 5 3 2 7 1 3 3 3 3 2 1 9 2 6 2 2 17 10 5 3 4 2 4 36 1 1 3 4 8 3 3 5 2 7 1 1 2 6 5 2 2 5 5 2 2 3 1 1 2 1 1 3 1 2 6 1 5 1 2 1 1 1 2 2 1 2 1 2 2 13 1 1 4
21 3 8 1 2 22 7 2 1 1 1 3 8 11 1 1 2 1 2 2 1 2 2 2 2 1 2 2 4 9 8 7 3 5 2 3 2 2 1 6 2 18 1 6 37 1 2 1 4 1 6 75 2 5 39 1 3 2 7 2 1 1 2 2 1 1 2 37 1 1 6 2 1 3 1 2 2 2 1 5 2 1 2 1 1 4 4 2 9 1 3 1 2 2 2 1 1 2 13 1 1 2 1 15 3 2 1 2 2 7 2 2 16 2 1 2 1 3 1 6 1 2 3 1 1 1 7 1 1 3 1 1 14 2 9 3 7 3 2 3 6 3 6 1 5 4 4 4 3 1 4 9 10 1 1 4 1 1 3 8 5 1 7 7 4 2 5 26 2 5 1 4 42 2 13 1 2 2 2 2 2 3 1 3 379 1 1 1 1 2 5 3 2 8 3 3 1 8 20 1
3 36 1 3 1 2 2 2 1 1 2 6 5 2 2 2 14 2 4 1 2 2 1 2 1 2 2 14 1 2 1 4 1 3 4 9 2 1 1 3 2 3 1 2 8 3 2 1 2 1 1 5 2 10 1 2 1 139 2 1 3 3 4 1 1 2 1 4 2 1 2 7 2 12 9 1 1 1 5 11 1 42 1 2 1 1 6 3 2 1 2 2 3 2 2 2 31 3 1 12 3 1 1 3 45 2 4 2 2 1 1 1 2 1 2 4 2 1 1 2 9 3 3 19 2 2 18 4 4 3 10 4 1 3 5 1 1 1 1 4 2 2 19 37 2 2 1 1 24 2 1 1 2 5 3 1 2 1 1 2 3 18 3 2 4 1 1 5 4 1 1 1 1 2 1 2 2 1 1 6 1 2 2 2 1 1 1 7 12 2 7 2 4 3 2 2 2 4 1 1
11 1 397 2 9 1 1 1 8 1 3 2 6 1 2 377 2 3 2 2 4 3 4 6 1 4 1 21 1 3 3 7 4 1 1 1 9 1 1 4 1 2 2 2 2 3 1 73 4 2 11 5 2 1 2 168 1 28 4 3 1 3 2 2 2 2 1 3 2 1 1 3 5 6 2 2 1 2 5 2 1 1 2 3 11 4 2 1 1 5 2 12 10 5 1 22 2 70 3 1 3 1 3 4 1 3 1 1 1 2 29 16 1 1 4 4 2 1 2 2 1 1 1 2 3 2 2 1 1 1 2 8 1 2 3 1 1 8 1 1 2 2 1 3 2 2 2 16 7 2 1 1 1 2 1 2 5 2 4 4 8 2 5 1 5 3 1 4 10 2 3 2 2 2 3 12 1 2 1 1 2 4 4 1 1 13 3 2 38 1 10 1 1 1 1 2 5 1 3 2
5 6 1 14 3 34 6 2 3 1 1 9 1 7 3 2 2 130 47 1 3 1 9 1 2 3 1 21 4 1 2 3 1 1 1 11 1 2 1 1 2 2 2 2 2 3 3 5 2 3 2 1 5 16 6 2 6 3 7 4 1 3 8 1 2 7 2 2 2 1 4 2 1 6 28 29 1 1 41 4 3 1 1 4 1 20 2 2 2 4 27 8 3 5 2 5 1 5 13 1 1 1 2 3 2 1 2 2 8 2 4 1 1 1 1 1 4 1 7 3 1 4 2 3 1 1 15 1 1 1 2 18 3 3 1 2 24 3 4 2 1 2 1 1 3 2 1 1 2 2 1 3 2 1 5 3 5 3 1 5 2 2 1 1 2 1 1 1 2 7 1 1 1 1 3 11 1 8 1 1 4 2 2 1 1 1 1 31 2 4 3 1 4 1 2 2 2 1 2 6
1 3 2 16 3 6 1 2 3 3 1 20 175 6 15 3 4 1 2 2 2 2 6 2 1 268 2 1 1 4 3 2 11 1 2 2 2 3 2 1 3 6 1 4 1 6 2 2 9 2 1 52 3 8 4 1 1 1 4 3 5 65 2 2 12 24 44 11 1 67 2 11 1 1 1 6 2 9 2 13 2 8 1 3 1 1 1 1 5 3 1 38 8 2 5 13 8 2 19 2 5 3 1 1 2 3 1 2 6 2 2 1 2 3 2 2 2 1 2 6 3 6 1 3 1 1 2 1 2 1 32 4 1 1 2 3 1 1 1 3 1 2 1 1 2 2 4 4 5 3 2 37 103 2 1 29 2 2 1 1 1 1 6 2 1 3 1 2 1 4 2 10 1 2 1 3 4 1 4 1 1 2 1 1 1 1 2 1 1 2 4 2 19 1 1 1 6 1 2 1
7 7 1 3 2 2 1 2 2 2 10 11 19 5 1 4 1 2 1 13 2 2 7 1 3 1 1 1 6 3 5 1 65 16 1 2 2 56 1 1 9 4 1 2 1 2 4 2 2 3 42 7 228 5 2 3 2 16 6 1 3 33 60 2 3 1 4 2 1 1 1 4 1 4 9 11 6 2 1 1 1 7 1 1 7 2 135 1 1 1 5 3 1 2 3 1 3 2 2 2 3 2 1 2 2 2 1 3 1 15 1 12 5 2 9 2 1 1 1 7 1 1 2 3 2 1 194 4 2 5 1 1 11 2 4 4 2 1 3 2 2 2 2 1 2 3 2 3 1 2 1 1 1 2 1 1 2 5 1 1 2 1 12 4 1 2 2 1 1 8 1 15 7 1 16 2 2 57 3 1 1 1 2 2 2 1 7 1 1 1 1 1 1 5 2 1 1 2 1 2
1 22 2 1 1 2 36 1 7 1 2 7 38 2 2 5 1 3 2 17 1 90 5 1 2 3 2 10 3 2 1 1 1 5 1 4 1 3 1 18 1 1 14 1 2 2 2 1 1 4 4 3 17 1 2 1 8 1 5 2 2 1 9 2 2 94 2 2 2 8 1 2 1 4 1 25 3 3 3 2 3 1 2 71 9 4 3 2 1 4 4 3 1 2 2 1 3 6 8 8 3 5 2 3 1 1 1 1 59 3 2 1 7 10 1 2 3 1 4 4 1 1 2 1 1 1 3 2 1 6 8 2 1 2 8 2 1 1 1 2 2 2 5 2 2 1 2 1 1 1 2 2 4 4 1 1 3 2 1 12 25 2 4 1 5 6 1 5 1 2 2 1 7 8 1 2 1 5 1 3 2 2 3 5 6 3 1 4 3 1 2 1 2 2 5 112 2 21 1 1
35 1 3 2 1 1 60 2 1 3 2 2 1 2 3 1 113 2 1 1 1 7 2 2 15 1 1 2 2 1 1 2 2 2 4 1 3 1 2 1 1 1 8 3 2 2 3 3 2 1 4 2 1 2 1 7 2 1 21 1 4 1 1 8 6 2 2 2 5 1 3 2 11 1 1 1 2 1 3 1 3 2 77 14 3 18 1 2 4 1 5 1 2 2 4 2 2 6 1 2 2 3 1 2 2 1 1 9 14 1 2 1 4 1 1 2 6 1 3 1 2 2 4 1 3 15 1 14 1 5 6 3 1 1 3 4 9 1 1 3 20 4 5 4 2 1 2 6 1 1 2 13 2 14 4 1 2 1 1 1 1 7 1 2 1 1 1 39 2 2 1 10 1 18 4 2 3 1 2 3 3 61 3 8 2 2 2 2 4 2 1 3 2 4 14 1 2 1 1 1
8 1 3 3 13 2 2 2 4 2 9 1 1 1 1 2 3 14 4 2 2 3 16 3 1 8 2 1 1 26 1 1 1 2 1 2 1 3 1 17 3 2 1 1 22 2 4 5 1 2 206 4 2 4 2 1 1 9 1 2 6 1 1 2 3 1 1 2 2 4 133 3 3 4 4 1 2 2 1 1 2 1 2 3 2 3 3 2 1 1 1 1 3 1 3 6 2 2 8 10 1 3 2 3 2 3 1 1 1 2 2 4 1 150 1 3 2 126 2 32 1 1 1 1 3 9 10 1 1 3 1 2 4 20 1 2 9 2 2 2 204 1 2 1 1 1 1 3 2 1 116 5 30 2 2 4 1 4 1 3 2 2 1 2 2 1 1 1 2 1 6 6 2 4 8 2 2 1 19 1 2 90 2 1 1 1 36 3 2 15 9 1 4 2 1 2 1 1 1 1
13 3 3 2 1 8 2 1 1 2 1 133 1 3 4 1 2 5 1 4 1 6 10 3 2 4 1 2 2 1 27 2 1 8 2 1 1 1 2 2 1 1 5 6 1 5 2 2 1 4 4 1 66 5 1 2 1 2 1 3 5 2 1 2 2 2 2 5 1 1 1 6 64 1 1 3 2 1 2 1 1 10 2 2 2 2 3 4 5 2 2 6 2 5 2 1 1 2 3 3 3 1 2 2 1 1 3 2 2 2 11 1 3 1 2 1 6 1 7 3 4 1 1 3 2 1 3 2 1 2 1 2 4 6 1 2 8 8 2 1 24 3 5 1 2 1 2 25 5 1 2 4 6 1 5 4 1 3 2 2 2 2 1 1 3 1 3 1 2 3 1 9 1 4 194 1 1 1 1 1 1 2 5 6 3 2 1 2 1 2 4 3 28 1 7 8 9 22 2 2
2 1 2 4 13 1 3 1 1 1 3 1 2 1 2 3 1 1 1 9 2 2 3 1 11 1 1 1 2 2 1 6 3 1 1 1 67 1 1 2 2 1 1 1 1 2 1 9 1 2 1 1 4 2 1 1 3 17 2 1 2 1 1 1 32 2 1 1 2 1 2 12 2 4 1 2 1 17 1 1 1 1 1 1 3 6 2 2 14 4 61 1 2 1 2 1 2 34 13 1 3 1 3 3 4 34 3 2 2 2 13 3 2 7 6 1 3 2 6 7 5 5 4 11 8 8 1 3 1 2 2 1 5 2 1 2 3 1 2 16 3 3 2 1 1 20 2 2 1 2 1 1 7 39 2 13 8 2 4 1 1 2 1 2 6 2 1 2 34 1 3 1 2 8 9 4 1 1 2 2 3 3 1 1 1 30 1 1 144 4 4 1 1 1 1 1 9 3 1 2
4 2 4 3 3 1 3 1 1 1 1 2 11 16 1 6 3 3 1 7 1 3 7 3 1 2 3 1 2 1 6 3 3 53 1 9 3 2 2 1 3 1 1 3 3 1 2 1 2 3 2 5 1 2 2 19 2 14 2 2 68 2 3 5 3 1 3 3 2 5 1 4 1 1 1 5 1 2 1 9 2 3 1 2 11 5 2 10 18 10 1 1 2 5 1 2 2 1 9 2 2 1 1 2 2 5 2 6 2 2 19 1 1 2 2 3 2 1 1 9 3 2 208 6 1 1 3 3 10 8 1 2 15 2 2 1 11 9 8 26 1 3 3 4 2 1 5 1 3 1 2 3 1 1 2 1 43 2 1 3 2 3 2 11 1 2 1 1 5 1 3 1 6 5 2 1 1 29 5 5 1 10 2 24 5 1 2 3 2 5 13 3 4 4 1 1 8 2 2 4
43 5 1 1 2 1 5 4 1 1 3 21 2 2 1 5 1 11 4 1 1 6 1 1 1 24 5 2 2 1 4 3 2 1 10 1 2 2 6 1 3 3 1 6 2 1 2 11 2 2 2 3 2 6 1 60 2 1 1 11 2 2 1 14 1 1 1 2 2 2 3 1 1 2 5 2 1 1 11 1 1 23 2 15 2 3 1 1 7 5 2 4 1 1 5 2 2 6 4 2 1 2 2 1 5 1 15 3 2 2 1 1 12 10 4 2 11 11 9 4 2 2 1 2 4 226 6 17 2 2 1 9 17 1 1 1 1 1 2 2 2 1 10 1 1 2 3 4 1 3 1 1 4 1 16 3 2 1 2 6 1 1 2 2 13 1 1 3 12 3 2 37 5 5 1 3 1 1 3 3 2 3 3 1 1 1 5 8 1 2 3 1 1 1 1 1 2 4 3 4
2 4 9 3 8 3 1 2 1 2 2 1 4 3 4 97 4 4 2 2 1 4 2 1 2 2 7 2 2 4 2 4 1 1 2 2 2 1 1 9 2 4 2 36 8 2 2 8 1 2 1 3 2 13 1 3 30 1 1 1 3 10 10 2 4 33 2 2 4 22 7 2 14 4 3 1 1 7 1 1 1 1 2 4 29 1 1 1 2 82 1 4 1 1 9 2 4 3 2 12 2 1 1 3 2 2 5 1 1 29 8 1 1 6 4 1 2 1 2 6 2 6 2 1 35 11 4 2 3 2 3 2 3 1 2 2 2 5 7 1 1 34 25 3 2 1 11 1 5 1 6 1 12 2 3 2 1 3 1 1 2 1 1 1 2 3 1 1 2 4 2 1 37 4 1 3 1 3 2 2 2 3 1 2 2 2 1 2 1 1 2 2 1 28 1 50 6 1 34 13
1 62 3 3 2 1 3 4 1 3 3 3 2 1 1 1 4 2 1 1 1 1 10 9 1 34 1 3 4 2 3 1 2 2 4 1 1 8 1 2 2 2 1 1 8 18 39 14 2 1 2 1 1 1 4 2 5 3 1 1 2 8 2 2 2 2 1 2 1 1 4 2 2 1 2 3 2 11 4 4 3 11 2 8 5 2 3 1 1 3 1 1 2 1 4 3 1 19 2 4 1 2 38 2 25 2 2 6 2 1 3 2 5 2 6 2 2 12 6 2 2 3 5 1 1 1 4 2 17 1 1 1 16 22 9 2 4 10 9 12 3 11 2 1 2 5 5 1 1 1 1 2 2 2 17 2 1 3 2 1 1 2 2 2 1 4 2 4 2 2 2 2 5 2 1 2 4 4 2 1 3 2 2 5 2 1 1 2 4 1 2 2 1 3 2 2 5 3 1 2
2 7 4 1 2 1 1 1 15 16 20 3 1 2 4 1 1 4 1 2 49 3 2 10 2 1 5 3 1 1 2 4 1 1 29 5 25 4 1 1 2 9 2 2 1 7 2 3 96 4 3 7 2 1 2 6 2 1 7 1 7 2 1 7 2 4 6 2 2 4 1 2 6 14 2 4 4 1 3 1 3 2 1 1 3 1 1 1 32 2 1 1 2 1 7 26 2 2 1 3 1 3 1 1 3 2 1 3 2 3 2 1 4 1 1 1 2 1 9 1 30 1 6 2 2 2 1 3 1 2 1 2 1 1 1 1 1 3 1 4 1 2 1 3 3 3 7 1 11 8 11 7 1 5 1 2 4 21 1 2 5 11 1 2 1 1 1 2 1 1 3 2 1 3 2 3 4 2 1 2 3 1 1 1 2 20 2 1 1 2 7 1 1 1 57 2 3 4 2 1
1 2 2 1 1 2 1 2 2 1 1 1 25 19 2 4 1 2 3 1 2 2 1 2 4 1 34 1 1 2 1 1 2 2 2 3 72 1 4 2 40 10 1 1 51 11 2 2 3 3 3 3 1 1 2 1 1 2 2 4 2 1 1 2 5 2 3 1 2 2 28 2 2 1 2 1 2 2 1 22 1 1 2 5 2 1 2 1 17 1 3 1 17 2 2 1 2 1 1 3 1 3 8 10 2 22 4 1 19 6 13 1 2 2 7 1 12 4 2 8 3 1 3 2 4 68 1 1 1 4 43 1 3 2 2 4 6 6 1 3 1 4 2 1 1 2 8 1 3 4 1 2 7 5 1 3 1 6 1 5 1 1 2 2 8 3 2 3 10 3 1 46 1 1 2 1 1 2 3 1 3 3 1 1 1 3 1 2 1 2 1 1 6 3 2 1 4 1 2 1
2 3 2 8 3 4 2 7 2 2 2 1 1 4 11 1 6 2 1 2 3 3 2 2 5 1 2 1 8 2 3 2 1 2 2 1 2 1 4 2 2 3 3 1 4 1 4 1 3 5 4 1 2 1 1 24 16 2 2 15 1 1 5 1 2 1 5 51 2 1 1 36 1 2 2 1 1 1 5 1 3 1 1 1 1 1 3 2 6 3 1 7 2 4 1 1 1 1 5 3 2 12 9 20 1 1 2 1 10 1 1 1 1 7 1 2 2 7 1 1 2 4 6 2 3 3 2 1 2 2 2 4 1 1 11 1 2 1 3 5 1 1 3 8 2 1 1 16 1 9 3 5 2 1 1 1 1 1 2 1 2 4 1 1 2 4 1 2 1 4 7 3 1 2 2 2 3 2 2 3 5 2 459 6 12 18 4 4 4 1 4 2 9 2 4 1 3 2 1 3
