200
225 437 431 168 393 109 351 489 140 257 429 302 466 231 256 474 239 236 448 124 137 496 284 391 430 396 460 478 440 477 396 130 268 417 448 232 104 428 367 461 500 175 450 497 440 263 490 404 387 369 250 220 372 358 496 400 465 488 414 421 144 121 113 496 259 268 393 383 467 124 213 285 270 420 290 414 101 213 358 357 206 314 286 380 421 317 241 348 167 161 480 482 213 126 456 481 241 477 421 483 272 160 407 310 186 241 466 233 219 222 379 370 132 470 152 132 203 304 466 489 212 340 159 470 432 126 417 287 495 130 173 342 370 408 461 277 315 353 492 247 141 457 408 181 140 316 301 172 467 257 382 469 101 113 461 401 404 485 275 150 216 425 187 329 340 286 313 368 332 110 336 329 235 271 126 400 371 139 419 309 344 334 279 464 161 436 357 306 267 491 452 125 452 141 239 307 477 125 164 318
2 5 2 2 1 5 1 4 3 5 4 2 1 4 5 4 4 5 4 1 4 6 3 3 6 3 6 2 6 6 6 5 5 3 1 5 2 2 3 4 6 3 1 2 2 5 2 4 5 1 1 1 4 5 1 2 6 4 2 4 4 1 6 2 6 1 2 4 5 4 6 5 2 1 2 3 2 1 6 6 6 2 6 3 6 3 6 3 2 1 1 5 3 6 1 5 4 5 5 3 3 6 3 2 4 1 5 5 5 6 5 3 2 2 3 4 6 3 1 6 3 1 4 1 4 6 3 2 4 3 6 3 5 4 5 1 2 1 4 1 2 4 1 6 2 2 5 2 6 4 3 2 5 5 5 2 6 3 4 2 2 6 1 1 6 1 2 3 6 2 5 2 6 3 3 5 3 1 1 4 2 6 5 6 1 6 4 4 1 2 2 3 1 6 4 6 4 4 6 3
3 2 2 10 2 5 1 1 2 3 1 3 4 16 2 1 2 7 3 3 24 3 2 3 1 18 1 1 1 6 2 5 2 2 1 14 2 1 1 2 3 2 1 3 1 3 1 7 1 35 6 2 2 2 2 1 2 15 312 1 11 8 1 3 11 1 1 2 4 9 1 8 1 2 5 3 14 1 11 1 5 6 1 1 7 1 3 2 1 1 2 6 3 2 2 1 4 11 4 1 7 1 1 1 1 2 1 18 7 2 24 1 3 1 19 2 2 10 5 1 1 1 2 1 1 6 5 6 14 2 1 9 5 1 1 2 185 2 2 10 1 9 5 11 2 3 2 1 1 7 4 283 3 18 2 5 5 1 17 1 1 3 1 4 5 13 6 2 2 2 6 1 1 5 1 3 4 2 1 3 1 11 2 3 1 1 2 2 4 2 1 1 4 1 1 1 1 2 5 99
6 1 1 3 2 2 6 3 2 68 2 1 2 2 3 1 2 4 5 1 2 1 3 10 1 2 3 1 9 2 1 1 2 1 2 2 1 1 48 1 1 2 3 1 3 2 6 3 3 1 1 3 1 1 1 1 4 1 3 26 1 1 4 1 3 2 2 1 1 3 4 19 2 2 2 2 1 1 11 16 2 9 2 13 1 1 1 5 2 2 1 3 79 4 24 2 1 2 2 2 1 1 7 2 8 37 1 2 27 8 3 2 1 6 1 1 1 3 1 2 1 1 3 16 8 1 9 4 1 1 9 1 1 2 1 2 1 2 2 4 2 2 2 1 1 9 8 2 3 2 2 3 5 1 2 1 1 5 31 1 3 2 9 2 3 1 1 4 1 35 5 3 7 5 1 7 2 3 9 2 99 70 2 1 1 5 1 2 2 1 2 2 15 2 3 2 5 1 4 15
1 5 1 2 6 2 1 18 4 1 1 1 4 2 4 2 2 1 5 6 2 2 1 1 3 1 2 3 1 2 2 3 2 2 2 1 1 1 2 7 5 1 17 1 2 3 1 3 2 2 1 4 2 1 2 2 55 55 1 1 4 1 1 2 78 36 4 3 3 1 10 3 1 1 2 2 1 1 2 2 19 12 9 2 2 4 15 1 7 3 1 3 9 2 2 1 1 2 3 1 3 8 5 1 1 3 1 6 2 2 4 2 8 2 1 4 3 1 2 11 7 1 2 2 2 6 2 2 3 16 2 13 9 3 2 1 4 1 1 1 1 1 2 2 3 2 3 11 10 1 1 1 5 2 4 223 4 1 237 2 6 1 1 2 2 2 2 1 2 2 1 15 3 5 6 2 2 2 9 4 57 2 10 3 1 1 2 2 2 2 4 2 3 2 1 1 14 2 80 17
1 1 2 2 2 2 55 9 8 2 3 1 1 1 2 3 7 14 1 1 5 4 1 2 4 1 5 1 2 2 1 2 3 8 3 1 2 1 1 16 7 2 5 1 2 3 1 2 1 6 4 24 2 1 3 1 1 10 1 1 2 1 8 3 1 24 4 1 2 2 4 4 2 3 2 2 4 3 2 1 5 4 1 4 8 1 1 2 2 4 32 2 1 4 1 7 4 1 1 1 3 2 5 1 217 10 1 21 1 2 3 2 1 2 59 1 4 4 3 2 2 2 2 6 2 4 2 1 1 1 8 2 1 1 3 3 1 2 1 1 2 2 2 1 2 2 1 1 2 1 1 1 2 8 20 6 4 89 3 2 2 2 1 1 2 2 12 4 1 10 17 1 2 3 6 8 26 4 5 5 79 1 3 4 5 5 3 1 1 4 2 13 3 1 2 2 2 5 1 3
2 1 2 9 3 2 1 5 1 18 6 6 2 305 3 4 1 2 1 14 13 3 3 1 3 1 2 4 2 7 2 2 1 1 2 3 2 2 2 3 3 5 1 4 1 16 2 1 1 3 7 4 2 2 1 2 1 1 4 1 1 2 3 23 1 2 2 7 3 4 1 2 2 2 6 2 1 5 8 2 6 4 3 2 4 2 1 4 1 1 1 3 1 2 3 1 1 1 2 2 1 5 3 4 1 2 2 4 2 1 9 1 2 1 8 3 3 1 7 3 1 2 2 3 38 1 1 2 3 1 1 2 38 1 2 1 1 1 24 1 3 1 2 2 11 1 4 40 1 1 3 2 1 1 12 13 13 8 54 2 3 1 6 6 2 1 1 1 2 1 6 2 1 1 2 2 8 2 1 2 1 25 1 12 2 2 1 2 2 1 2 1 14 3 7 2 3 14 2 1
19 4 1 1 2 1 1 3 1 2 2 4 12 1 5 4 1 3 1 3 6 1 3 1 3 1 2 1 174 2 2 82 1 2 4 4 2 2 1 2 1 2 1 1 3 12 6 3 1 3 4 3 3 42 22 8 3 2 10 2 3 2 82 3 1 2 16 2 2 6 2 2 2 2 1 2 2 9 7 1 2 4 2 2 2 3 2 1 3 2 5 17 84 2 1 3 8 1 2 3 1 1 1 27 2 2 5 3 1 1 1 1 1 3 1 2 1 2 3 1 2 6 1 1 2 1 5 2 6 222 17 6 3 2 1 5 7 2 1 7 3 3 1 3 1 1 7 2 6 1 2 2 1 2 4 2 2 2 2 4 1 2 1 2 3 3 1 6 2 3 5 2 5 2 2 1 3 2 15 1 2 2 13 14 5 4 2 2 6 1 2 2 14 1 59 4 1 1 1 4
7 2 4 3 1 2 9 1 2 1 1 2 2 1 4 2 2 1 4 1 1 3 5 2 12 1 1 1 2 2 4 4 12 1 14 5 1 2 2 5 2 5 4 1 6 10 5 1 3 12 1 1 1 14 5 1 3 2 1 7 1 1 3 4 1 1 1 1 3 1 2 2 3 84 2 2 3 1 2 1 1 103 1 2 1 2 1 1 3 4 6 3 1 9 3 3 2 1 2 2 8 2 1 4 1 2 3 4 2 9 1 2 2 2 9 1 1 19 3 1 1 2 2 59 1 43 42 3 13 2 6 10 1 1 1 47 2 6 2 2 2 5 61 40 1 3 2 26 1 2 2 1 3 2 1 3 16 3 2 2 2 2 9 2 1 2 42 1 4 1 12 3 1 1 2 3 3 3 3 3 1 2 1 3 1 2 3 2 3 2 100 2 1 6 4 3 1 2 2 1
1 1 2 17 1 1 3 3 1 3 17 1 11 1 1 2 3 1 2 1 1 14 1 1 3 2 2 2 6 1 1 1 2 1 52 4 5 14 1 4 6 4 3 3 1 2 1 1 1 3 41 5 1 5 1 2 1 2 1 1 3 1 3 7 2 2 1 5 3 2 1 3 3 27 1 7 1 1 1 4 2 1 2 1 5 2 2 1 1 2 2 28 1 2 6 3 1 1 1 1 4 1 2 2 2 1 1 2 4 1 1 18 1 2 1 1 4 2 1 1 2 3 1 1 2 1 4 4 1 1 75 3 2 1 2 1 7 5 2 213 4 2 1 3 2 7 3 2 1 3 1 2 2 22 2 9 2 6 2 2 1 2 41 1 2 2 3 2 1 9 2 1 1 1 1 4 2 4 2 4 1 12 1 5 2 1 1 5 2 6 2 2 14 2 3 4 2 2 2 2
9 2 9 1 149 2 1 3 2 5 2 2 4 2 5 27 1 1 2 2 1 2 2 2 1 2 3 3 1 1 1 1 1 7 1 2 3 9 1 2 3 3 4 1 1 1 3 1 3 13 4 1 4 1 4 1 1 2 2 14 2 3 2 3 2 3 1 2 1 17 3 3 3 1 2 4 1 1 2 1 2 2 2 7 5 1 36 4 1 4 10 2 4 14 2 3 2 196 11 3 6 1 1 2 2 1 482 1 4 16 2 23 8 4 6 1 2 1 1 4 1 5 1 1 6 1 268 50 2 2 1 3 2 3 2 3 2 1 2 4 1 81 1 2 8 2 21 1 14 1 1 60 2 2 2 2 2 3 2 9 1 2 1 2 2 1 1 1 2 2 3 1 2 1 24 4 3 2 3 2 2 1 2 1 1 4 3 1 1 2 2 4 2 5 6 6 3 4 3 1
1 2 1 2 1 1 2 2 1 4 1 404 11 1 3 1 6 3 1 2 5 1 3 1 1 1 9 1 2 2 2 5 1 11 2 1 7 2 3 4 1 2 4 5 4 2 1 2 1 14 7 2 1 4 1 4 2 1 3 1 8 4 1 1 3 2 1 3 3 2 52 1 3 3 32 1 5 122 5 9 1 1 1 19 2 1 1 337 1 26 2 1 1 14 1 1 4 1 2 1 2 1 2 6 2 1 1 4 1 1 1 2 6 1 1 1 6 25 1 6 2 1 2 1 4 7 1 1 2 4 3 12 1 1 2 2 1 1 3 2 20 2 1 4 6 1 4 2 31 1 2 2 1 2 1 11 2 8 8 2 2 2 1 1 1 1 2 2 2 4 15 2 3 15 1 2 2 1 2 1 1 4 14 2 5 2 3 1 1 324 3 1 15 1 1 5 1 1 1 4
2 2 2 1 11 3 2 5 1 1 8 7 4 2 7 1 3 4 2 1 1 5 1 2 2 3 5 1 2 1 1 7 1 4 7 2 2 1 5 2 1 2 4 3 9 2 1 2 1 1 2 2 1 159 6 1 2 2 3 2 34 2 1 1 1 16 2 4 1 24 2 1 5 2 1 4 1 1 3 5 2 2 3 108 10 3 4 1 1 1 2 1 1 1 1 3 2 1 2 1 1 1 1 7 2 2 2 7 3 2 4 4 3 1 3 1 4 1 1 1 10 2 2 3 1 1 1 2 1 1 3 1 1 4 2 72 1 13 1 1 142 3 12 1 1 2 2 3 6 1 1 5 2 2 2 28 1 3 21 1 1 1 1 2 15 3 2 4 2 5 1 2 7 2 2 2 1 2 8 3 4 1 2 1 6 2 1 6 1 2 1 38 3 6 2 2 6 14 4 1
3 2 1 11 1 2 2 1 404 5 2 1 1 1 2 5 1 11 4 1 14 2 1 4 2 4 1 1 4 1 4 1 1 4 15 1 2 1 13 2 97 1 2 14 1 10 10 1 1 2 2 3 1 2 4 2 1 2 2 1 1 1 2 2 1 1 9 2 2 6 1 2 6 2 1 2 1 6 1 13 2 3 6 5 1 1 2 1 1 6 1 2 1 1 1 3 2 1 3 1 1 1 6 2 29 1 2 1 2 2 7 18 7 2 13 1 2 2 1 1 2 2 1 15 7 1 8 2 32 15 2 3 3 5 2 2 2 3 1 3 3 2 1 266 6 12 1 3 1 1 2 6 2 2 5 2 2 1 1 2 1 2 1 2 3 1 1 8 19 2 3 16 2 2 2 2 6 1 5 1 2 2 1 2 2 4 4 1 3 1 1 1 3 1 7 2 4 2 2 8
7 3 12 2 2 1 2 9 2 1 1 2 1 2 3 14 6 5 1 3 6 1 26 1 3 1 1 2 3 14 14 1 1 2 2 4 2 1 64 7 4 2 5 2 2 2 5 1 1 1 2 6 3 3 1 1 2 13 1 5 2 18 3 1 2 1 3 2 2 4 3 1 10 2 2 1 3 10 2 3 2 4 14 1 2 1 2 13 3 1 2 2 26 1 2 1 4 7 2 5 5 2 1 24 2 2 6 1 3 4 1 1 4 3 1 3 1 2 2 1 5 1 6 1 2 128 5 3 3 1 1 2 2 2 17 2 2 3 2 2 1 3 1 1 2 4 2 2 2 36 3 1 2 12 2 15 4 1 2 1 4 3 1 1 9 2 2 1 2 5 2 14 3 1 2 5 15 1 2 1 42 8 2 27 1 2 23 3 2 3 3 7 2 1 4 1 2 1 24 1
1 2 2 2 2 23 2 1 1 3 1 1 6 1 1 2 4 1 4 2 2 1 2 2 1 3 1 1 8 1 2 1 8 1 1 1 6 2 2 1 1 6 1 2 1 1 1 1 18 77 1 2 1 1 4 4 2 2 2 1 2 9 8 2 2 6 1 1 1 1 2 2 14 4 1 1 1 3 1 2 2 4 2 1 4 1 2 1 2 8 1 4 2 4 1 2 1 2 1 2 160 11 6 8 2 1 7 4 3 3 8 9 1 3 1 4 3 2 29 3 2 57 3 1 1 1 4 3 1 1 4 1 2 1 1 2 2 1 2 2 3 4 1 2 2 1 2 1 1 1 3 1 2 1 2 3 13 2 2 1 28 268 1 2 68 3 19 1 2 2 1 25 1 4 1 114 2 15 4 1 13 5 3 1 1 4 2 2 5 3 3 1 2 2 1 5 1 3 2 16
10 1 3 2 2 2 9 2 13 12 4 2 1 2 1 1 29 3 1 2 2 2 1 2 2 2 1 1 3 1 7 3 3 1 2 2 6 1 2 2 1 2 3 2 1 2 1 3 2 1 2 1 2 3 8 1 1 1 2 5 7 18 1 1 1 1 4 20 1 1 1 1 4 2 4 2 1 2 2 2 1 2 2 1 4 1 5 3 2 6 1 2 1 5 1 1 1 1 3 2 55 2 11 325 1 1 5 1 2 1 7 1 2 2 20 10 2 2 1 2 2 1 2 1 2 1 6 4 2 1 2 1 1 3 2 2 5 4 2 3 2 1 2 1 1 2 2 1 2 1 2 1 15 1 6 15 2 1 7 6 2 2 3 3 4 2 6 3 2 2 3 8 2 1 2 7 2 3 1 1 1 1 1 1 3 6 3 3 5 2 1 82 1 4 1 5 2 2 1 1
1 6 2 1 3 2 60 1 2 1 1 1 1 1 6 31 2 1 3 1 1 5 2 1 1 8 3 21 3 2 1 1 3 1 1 56 2 2 2 7 2 4 2 2 5 2 1 7 1 2 2 1 1 4 4 2 2 1 4 2 1 1 2 4 1 2 1 1 3 2 2 2 5 6 2 4 2 2 1 5 141 2 2 1 2 2 2 12 3 3 5 3 1 1 35 9 18 1 1 2 5 3 8 1 2 2 8 1 1 2 2 3 7 12 3 1 17 13 2 2 1 3 1 3 1 2 3 3 2 3 2 5 3 1 5 1 1 1 1 4 76 1 3 15 2 3 2 12 1 7 3 10 1 1 2 3 1 1 2 3 1 1 2 7 6 2 7 1 15 6 1 1 3 3 11 2 2 1 12 13 1 1 2 1 1 1 1 4 5 2 3 3 3 5 2 1 2 1 1 3
4 2 5 4 1 2 2 6 2 1 2 2 1 1 2 2 3 2 18 1 3 2 1 3 3 2 1 11 1 4 2 6 8 2 1 1 4 7 2 9 1 1 23 2 2 1 1 2 2 2 9 5 1 1 3 1 1 2 2 1 3 2 8 5 2 11 2 1 3 1 2 3 1 3 2 5 2 1 2 1 3 6 2 2 5 2 2 7 3 3 52 14 1 2 5 2 1 1 2 1 1 11 1 2 1 8 3 3 4 5 3 1 3 14 2 1 13 8 2 3 7 2 2 1 9 4 2 1 82 3 6 7 1 1 3 1 3 3 1 1 5 1 2 3 2 1 1 1 3 3 1 11 3 3 3 3 10 5 1 2 1 2 1 5 6 1 1 2 1 2 1 194 3 5 2 2 1 6 6 4 13 1 6 1 1 3 2 1 3 1 1 23 1 1 11 1 3 25 2 2
2 3 1 10 13 1 4 1 1 4 4 3 1 6 1 2 5 1 3 13 5 4 8 5 4 2 5 2 2 3 2 1 3 1 1 5 3 29 4 2 8 1 1 4 2 1 3 1 1 1 2 1 1 1 2 1 2 8 1 2 1 3 1 1 1 186 2 13 2 2 6 1 3 3 5 1 5 2 2 31 1 4 4 2 11 2 7 1 2 17 4 1 7 2 2 3 10 3 2 2 5 6 1 1 14 3 13 3 1 3 3 1 1 1 5 5 1 5 4 2 5 2 1 1 16 3 1 3 1 1 18 1 2 1 11 2 1 14 1 2 11 2 28 19 9 3 4 2 2 2 2 1 36 2 2 2 185 4 15 2 1 2 1 5 5 2 2 1 4 4 4 13 18 2 1 1 1 26 2 2 3 177 1 1 1 1 5 3 1 2 1 2 1 3 1 2 3 1 10 1
4 2 2 1 5 1 2 1 2 9 1 3 31 3 1 1 2 5 1 3 1 1 1 3 1 8 1 3 3 1 2 2 7 3 2 2 1 2 1 11 30 8 4 1 1 1 2 4 1 4 2 3 2 2 2 3 1 13 14 25 1 2 1 2 1 3 30 4 2 4 4 4 3 3 12 2 2 4 4 2 2 1 1 3 2 1 5 2 8 4 1 3 10 8 1 4 2 2 2 18 1 2 1 3 2 2 6 1 7 5 1 6 1 4 1 3 2 3 3 5 3 6 1 1 2 1 26 2 4 1 16 2 1 3 2 3 3 2 1 2 1 1 1 1 4 1 15 2 2 2 3 1 3 1 2 2 4 1 2 1 4 1 2 1 2 13 3 1 2 1 7 1 2 3 9 14 2 22 4 4 2 1 19 1 3 1 1 1 2 1 26 2 1 4 2 3 1 2 12 1
9 12 1 2 2 2 1 16 2 3 15 1 1 1 2 8 2 1 17 11 1 1 4 1 3 4 1 10 27 3 2 1 4 2 2 1 3 1 1 4 1 2 1 1 7 3 1 7 2 2 2 2 2 2 1 1 1 1 3 3 11 1 2 2 1 3 3 2 4 2 1 1 2 4 8 1 1 1 7 1 43 2 87 4 1 3 2 2 2 3 1 83 3 1 3 1 1 2 1 3 1 2 1 7 3 49 2 2 2 10 3 1 1 2 2 4 2 1 2 1 6 1 3 1 2 2 1 2 1 2 435 17 2 1 1 26 1 6 2 2 3 3 1 1 2 12 1 6 1 4 1 2 2 4 5 1 8 1 7 6 2 1 2 4 1 3 1 2 5 4 3 1 3 2 1 2 3 3 3 2 3 14 1 2 3 1 5 1 2 1 3 1 3 2 2 3 2 1 10 9
1 1 2 6 1 14 1 1 60 2 1 3 1 2 4 2 17 6 89 1 2 10 1 2 1 11 5 3 1 2 3 2 1 2 1 6 2 3 7 1 1 1 5 1 2 5 1 1 2 1 159 3 1 2 8 2 3 2 8 1 1 2 3 14 3 1 2 1 8 27 2 4 1 2 1 7 2 2 3 3 2 1 2 2 2 1 2 3 3 33 4 1 2 1 28 4 2 1 1 1 2 2 2 1 2 8 2 3 1 1 1 445 4 1 2 1 2 8 9 2 1 2 150 1 2 4 1 1 1 2 2 1 1 1 1 1 1 1 8 4 1 2 3 2 1 2 2 8 36 1 1 1 28 21 4 9 1 2 110 1 1 8 11 2 3 1 6 1 1 5 3 2 1 7 2 3 2 1 8 6 1 3 12 2 18 2 11 1 2 3 2 2 4 2 2 2 31 1 3 1
1 1 23 5 2 1 2 2 1 3 12 1 2 4 2 5 1 12 1 4 5 1 2 1 1 2 2 2 288 2 23 6 5 1 1 2 2 2 2 5 1 3 2 11 1 79 9 9 2 11 162 7 6 69 59 4 2 6 3 3 3 2 3 1 2 2 2 2 1 1 1 22 3 3 232 5 1 3 2 2 1 3 1 2 2 14 1 2 1 1 28 2 2 5 3 5 3 2 6 13 1 3 1 4 1 22 1 2 1 1 3 1 1 28 1 4 90 1 1 9 4 4 3 4 1 2 2 2 2 1 1 3 19 1 1 2 3 1 2 2 2 2 2 28 2 9 3 5 1 5 4 5 1 1 2 2 3 1 2 4 2 5 3 27 1 2 1 1 1 1 3 5 2 2 1 1 3 2 1 15 4 1 6 17 7 4 8 5 1 1 10 2 3 1 5 2 1 1 3 25
2 4 1 2 6 1 5 2 3 1 9 6 17 1 2 5 4 82 5 1 4 29 2 2 1 1 6 1 2 5 1 1 4 3 2 1 6 2 1 1 2 1 6 6 2 2 1 1 118 1 3 71 1 1 1 1 2 19 1 2 2 1 1 2 1 14 2 13 3 1 2 1 3 1 2 4 4 1 3 1 2 7 1 1 3 4 1 1 33 2 1 2 1 2 2 7 10 1 3 1 2 1 2 2 1 1 2 1 1 10 1 2 2 1 2 3 2 2 3 6 4 1 6 2 1 2 5 2 2 2 7 1 2 1 2 2 2 5 52 41 2 1 1 1 1 5 1 1 1 3 4 11 7 1 1 2 2 2 5 4 2 4 6 13 2 3 2 1 2 1 2 43 9 1 2 1 3 1 11 4 1 12 3 51 2 2 3 1 19 16 3 282 28 1 2 1 1 1 2 2
1 5 1 2 2 4 2 2 2 1 1 6 6 5 6 1 1 2 4 3 1 1 9 1 1 3 1 2 2 16 3 1 2 2 2 2 6 1 12 2 2 26 2 4 1 8 1 2 8 121 23 3 8 1 1 1 4 1 1 1 6 5 2 1 21 2 2 2 2 6 5 2 2 2 2 24 1 1 3 6 1 2 2 1 1 2 2 3 2 5 2 2 2 19 3 1 4 8 3 148 12 1 2 1 1 30 2 3 3 1 6 1 14 1 1 2 2 2 4 1 1 3 1 1 1 4 4 2 1 2 1 1 1 4 5 2 52 3 52 6 15 2 1 7 3 1 1 2 2 1 2 2 107 1 2 3 2 1 1 2 1 3 2 1 3 2 1 2 2 1 7 26 19 1 1 4 2 7 5 10 2 2 1 2 3 6 1 13 7 2 1 1 1 14 2 4 244 54 4 2
119 2 9 2 2 3 2 4 3 3 11 1 1 1 2 134 2 1 2 1 5 2 7 1 6 2 3 1 1 4 2 1 1 4 1 1 7 7 1 2 3 2 17 1 1 5 1 1 2 2 3 1 2 2 33 2 1 3 2 2 2 1 2 1 1 3 2 1 1 2 3 13 1 1 1 10 4 1 45 1 4 1 4 3 2 2 1 4 1 2 1 2 1 21 1 3 2 2 1 8 1 1 2 1 1 2 2 2 1 1 1 1 1 1 8 8 8 5 1 2 3 1 3 2 1 1 26 1 21 1 3 1 5 2 1 2 2 101 59 3 4 1 8 1 1 7 1 1 2 2 2 4 2 242 1 2 2 2 1 27 12 1 2 2 1 1 1 2 3 2 1 1 2 9 1 2 2 2 4 2 1 1 2 3 1 2 1 2 1 1 2 1 3 2 5 3 6 1 1 1
2 1 4 10 1 2 7 2 1 2 3 1 10 2 41 1 7 1 1 5 1 6 2 3 1 3 1 2 2 1 2 51 2 1 1 1 1 1 3 1 2 1 1 5 65 11 3 5 1 1 1 2 6 42 5 5 6 2 1 1 17 8 4 3 4 4 8 92 4 1 1 2 1 3 18 3 1 3 1 2 10 2 3 2 3 1 1 112 3 1 1 2 75 3 204 2 23 1 1 2 1 2 1 28 7 1 7 19 1 1 6 1 2 1 2 1 5 3 2 3 2 4 1 3 21 2 22 1 2 3 1 1 1 2 4 3 2 8 12 1 19 8 3 4 1 7 9 1 457 3 2 2 3 1 2 1 3 1 2 3 1 2 5 1 1 3 1 1 1 3 3 9 1 3 1 2 13 2 1 1 3 36 3 2 2 53 2 2 39 2 4 2 4 3 1 4 2 2 3 23
19 1 1 2 2 10 3 1 1 1 2 2 25 1 2 3 2 1 9 17 1 2 3 4 4 3 1 1 1 3 1 3 1 4 2 2 1 2 4 1 2 1 2 1 2 2 2 1 5 1 2 2 10 7 1 3 2 1 2 1 1 2 45 2 2 2 19 1 1 129 1 2 1 13 2 1 5 4 2 2 31 2 4 8 6 12 1 3 3 2 1 37 25 1 2 4 1 1 1 1 2 6 28 1 10 4 2 1 1 2 1 1 1 1 4 13 10 2 2 3 10 1 1 2 5 5 1 5 3 7 6 1 3 1 6 1 1 4 1 1 2 1 30 2 21 1 1 1 1 1 6 3 1 1 2 6 1 5 2 3 5 2 1 1 2 2 19 3 48 6 2 1 2 13 1 3 3 3 1 2 1 1 4 1 37 8 2 5 3 11 6 44 2 16 3 1 2 1 1 1
4 4 2 1 9 3 3 1 2 6 1 3 4 2 5 2 94 1 1 2 3 1 1 1 2 1 2 1 1 83 5 1 6 2 4 3 3 7 56 1 5 2 19 8 2 4 19 2 1 2 1 4 5 4 2 1 10 1 3 3 2 1 2 2 1 8 2 2 3 2 2 1 2 2 2 1 8 1 1 2 2 2 5 3 3 8 2 9 2 6 1 2 2 5 3 1 2 7 3 2 21 1 3 1 1 4 10 3 1 14 2 5 2 3 5 3 3 2 1 4 2 6 3 3 6 3 3 2 1 2 11 3 410 1 14 6 5 3 4 4 2 1 5 2 7 1 28 1 6 2 2 6 1 1 3 2 1 2 1 3 1 2 2 9 1 1 2 1 5 1 1 1 5 2 1 39 1 1 4 4 1 2 2 14 4 1 1 1 1 5 2 1 1 3 1 7 2 2 1 9
2 1 3 3 2 1 12 1 4 1 2 1 1 11 3 13 1 3 1 1 1 2 1 1 5 2 1 8 6 1 1 2 4 1 12 2 2 2 15 5 5 1 1 10 1 1 2 1 2 4 4 2 2 6 2 7 1 3 3 3 1 1 1 1 7 2 1 10 4 3 4 1 1 1 4 1 2 2 3 2 2 4 111 15 2 1 6 1 1 3 2 1 1 2 3 2 1 3 1 1 2 8 1 1 2 2 3 1 2 1 1 3 1 9 4 1 1 5 1 1 1 1 1 6 1 3 1 2 2 3 3 1 1 2 2 1 1 1 2 2 1 46 1 10 1 3 2 1 2 6 1 3 7 1 3 108 4 2 2 1 2 2 1 3 1 1 1 1 3 1 1 7 2 2 2 1 2 2 1 5 2 4 27 1 2 192 1 1 1 2 1 2 1 2 2 5 2 3 2 1
1 1 2 14 15 3 2 3 6 36 5 16 2 1 1 2 5 1 4 109 1 1 4 1 3 4 1 10 1 1 2 2 2 1 8 2 1 1 7 4 7 2 2 6 1 2 2 43 4 2 20 21 2 1 2 2 5 1 1 8 3 2 2 1 1 1 3 54 10 1 5 1 11 2 3 1 2 1 2 1 2 20 2 46 2 7 2 2 1 1 2 3 32 1 3 6 1 6 1 2 2 1 2 1 1 42 1 3 2 2 1 2 1 2 9 1 3 4 25 2 8 1 2 2 1 1 11 2 40 1 2 1 1 1 5 2 1 2 1 54 1 16 4 2 2 1 32 6 1 1 3 2 2 1 6 7 1 2 1 2 2 4 3 11 6 2 1 2 1 1 1 1 9 1 1 9 2 1 3 7 5 6 1 1 1 8 1 2 1 3 1 1 12 2 2 1 1 14 5 1
1 14 1 40 1 5 3 1 1 2 2 2 2 6 17 2 2 3 8 2 1 1 46 7 7 2 6 2 1 1 1 1 1 2 1 3 2 2 8 1 1 2 3 4 2 1 11 6 2 6 1 5 1 1 7 1 3 9 2 12 1 14 5 1 2 1 1 1 3 1 1 2 2 3 6 1 1 1 1 2 5 9 1 1 4 1 2 2 1 1 3 5 1 1 1 1 23 1 4 1 1 9 1 3 1 2 3 2 3 2 4 1 1 1 2 20 11 2 2 1 8 1 2 2 1 2 8 3 2 2 3 2 2 1 24 4 3 5 9 1 2 2 1 2 2 2 2 2 2 6 8 2 3 9 1 4 2 2 2 2 1 1 6 1 1 2 2 4 3 1 1 2 1 3 1 1 2 2 2 1 2 3 8 2 2 1 3 2 2 2 22 10 4 3 3 1 2 6 5 1
1 1 2 14 1 1 4 3 12 7 2 1 1 2 2 1 18 7 2 3 1 3 2 2 2 2 1 3 4 4 1 2 1 6 2 2 1 2 1 1 18 3 4 17 8 4 2 1 2 1 2 1 7 2 2 4 3 20 3 7 2 1 2 3 3 1 1 1 3 2 2 2 2 2 2 50 7 6 2 3 26 4 50 1 3 1 1 4 2 11 2 1 10 9 10 2 1 1 3 1 1 14 2 1 1 1 25 1 1 5 1 5 2 1 42 7 3 1 1 5 2 435 2 1 4 1 1 1 2 6 31 1 1 5 1 1 2 5 2 1 35 2 3 9 1 2 1 2 9 8 6 7 1 3 1 6 2 4 1 6 11 5 1 2 2 1 9 1 2 1 1 4 13 47 1 5 1 2 1 7 1 3 2 16 2 1 4 1 1 2 1 7 2 7 6 2 2 5 3 2
2 1 3 2 1 10 1 7 12 4 5 1 1 1 2 130 1 3 2 6 7 12 2 2 7 3 2 1 2 4 2 1 3 1 1 1 6 3 3 35 1 1 1 3 1 3 14 5 2 5 28 1 1 1 1 2 27 1 5 1 1 1 2 1 34 1 1 1 2 2 1 5 40 1 3 2 64 1 8 3 1 1 4 2 1 10 2 3 2 1 5 1 4 2 1 2 458 1 4 2 1 1 3 2 5 1 3 1 3 1 1 2 3 4 1 5 4 7 2 9 2 2 2 2 3 1 4 9 4 2 1 24 3 1 3 2 1 2 15 2 1 7 13 1 5 1 1 1 1 7 2 18 1 1 1 5 1 3 5 11 1 6 2 6 1 26 3 2 1 1 1 1 2 12 36 2 2 3 1 1 1 4 2 3 6 2 4 2 2 4 6 5 41 1 8 1 11 3 1 1
7 2 3 4 1 13 2 3 1 1 6 8 2 2 2 9 11 8 3 70 4 4 4 2 6 58 2 3 5 15 3 2 6 10 1 3 2 2 1 1 1 3 3 2 1 1 2 1 2 9 5 1 6 1 27 2 2 30 1 1 2 2 1 1 1 3 12 2 1 2 2 3 1 1 1 2 1 1 2 10 1 1 1 1 1 1 3 3 5 4 2 2 2 5 2 1 2 22 55 3 8 1 2 1 1 20 2 1 5 1 3 1 1 2 1 1 28 317 2 1 2 3 3 1 1 1 64 26 2 3 1 1 2 10 7 7 1 1 2 1 62 5 155 4 5 1 3 2 2 2 3 5 1 1 1 1 1 1 1 2 2 5 1 10 1 2 1 2 38 1 3 1 2 10 1 4 1 2 10 6 1 1 1 4 45 1 13 1 2 1 2 23 2 1 2 1 2 1 1 1
1 4 9 1 2 2 3 1 2 4 1 1 1 3 9 5 8 2 3 1 3 4 1 13 2 6 1 2 1 1 1 1 5 5 2 4 2 6 2 1 3 4 2 36 1 1 2 1 1 3 1 4 1 1 10 1 9 3 5 1 3 3 2 2 1 27 1 1 4 1 3 2 1 4 3 1 2 1 5 3 4 1 3 38 13 1 1 1 1 1 1 14 2 7 4 8 2 1 2 2 2 1 2 3 1 3 5 8 1 1 2 2 1 1 2 1 1 29 49 11 6 3 2 1 15 2 1 2 10 2 1 2 2 2 1 7 2 8 2 5 1 4 2 6 2 3 6 1 9 10 1 13 53 4 5 2 3 1 2 2 2 1 2 5 1 1 5 1 2 2 1 1 2 5 2 1 4 2 8 2 3 1 3 3 9 2 2 2 2 1 2 2 1 4 2 1 124 1 2 2
2 2 2 1 4 1 1 2 3 2 9 1 4 1 50 1 4 334 3 4 1 1 2 2 1 3 6 4 1 2 2 2 1 1 3 7 3 1 6 8 7 1 1 5 8 1 6 2 2 5 1 1 5 1 2 1 3 2 1 2 2 1 2 2 8 3 2 2 3 13 8 1 2 1 1 5 4 35 3 6 5 9 2 8 7 10 1 2 2 2 2 1 1 8 1 7 1 2 1 3 1 3 2 143 4 1 2 7 1 3 2 1 6 17 173 8 12 1 3 3 5 2 2 1 2 1 3 3 6 2 1 1 4 3 4 6 7 1 1 2 2 2 3 2 1 2 4 3 2 5 1 2 1 5 5 2 1 2 7 1 1 3 1 1 2 3 2 2 2 1 9 7 2 1 1 1 1 7 3 9 10 3 3 3 4 1 2 2 2 4 2 2 2 1 2 3 2 1 1 1
5 2 11 2 1 27 3 1 2 2 1 1 3 1 5 1 8 1 1 2 2 1 16 1 1 5 3 5 2 2 4 3 1 1 1 5 2 2 5 1 2 6 5 2 2 2 1 2 7 1 1 4 5 5 2 4 2 3 2 2 4 1 5 22 3 1 18 2 1 4 12 1 1 1 1 2 3 3 3 15 1 17 3 8 3 2 2 1 4 1 1 1 2 1 3 2 18 1 1 3 25 2 1 1 1 4 2 2 4 2 2 1 2 7 1 7 1 5 2 16 1 1 1 6 8 3 3 3 2 2 2 3 4 2 2 11 1 2 2 5 2 23 6 2 2 7 6 62 1 4 1 3 3 1 1 3 2 1 2 1 2 2 5 1 4 3 2 1 2 1 3 2 4 1 1 1 21 1 6 16 4 2 11 7 2 16 2 2 13 4 1 3 9 1 2 2 2 2 1 115
4 1 4 1 2 11 2 2 9 3 2 1 3 1 3 3 2 1 2 115 5 1 3 2 1 2 5 6 8 1 2 2 2 2 1 5 6 3 10 2 9 8 3 2 4 1 2 2 1 1 2 14 6 2 7 2 1 2 22 2 1 51 3 4 3 2 1 5 3 3 1 1 2 2 1 57 1 2 17 3 6 9 7 2 1 4 1 1 3 3 9 8 1 85 2 2 3 1 1 5 2 2 2 1 1 1 3 12 3 2 2 1 1 2 2 2 1 6 5 1 4 2 13 4 1 1 2 3 32 3 1 3 2 15 50 1 2 2 9 1 2 1 1 1 3 2 1 8 1 3 1 22 1 2 1 4 9 2 2 1 32 17 1 1 1 1 1 2 95 3 1 6 5 1 2 8 1 1 4 2 4 3 2 3 2 1 1 14 1 2 2 2 2 1 3 1 2 2 1 3
1 1 3 1 4 1 1 1 3 5 6 1 1 1 79 7 1 41 3 1 4 2 2 3 3 20 1 1 5 9 1 1 3 3 2 2 1 3 20 5 1 1 2 3 2 1 5 5 2 336 3 50 2 1 1 1 10 31 3 1 2 1 2 4 1 2 1 2 1 2 2 2 2 3 232 3 4 12 1 20 2 3 2 13 3 1 2 2 1 3 1 3 1 63 1 2 1 4 4 1 2 1 4 8 2 2 1 3 1 7 2 3 1 3 3 2 12 1 1 10 1 3 1 1 1 8 2 2 27 4 1 2 2 4 2 2 1 3 2 2 4 69 3 1 1 2 1 1 1 14 1 1 1 1 1 2 1 11 2 19 6 9 2 1 2 2 3 10 1 6 32 2 1 2 11 1 2 16 4 2 2 1 2 1 3 2 2 2 2 7 1 1 6 3 4 3 9 1 4 2
5 1 2 2 2 1 21 2 1 10 1 3 2 1 1 8 1 2 2 2 2 2 2 25 5 1 1 2 3 8 3 4 18 12 8 1 21 2 6 3 7 1 1 1 2 1 5 1 12 2 1 12 5 1 3 1 2 1 2 6 1 2 2 5 1 1 2 3 1 47 2 4 2 1 2 5 4 7 2 16 2 3 3 2 3 6 11 2 2 1 2 4 1 2 2 30 2 3 1 2 2 5 1 4 1 2 2 2 1 2 4 2 3 2 2 2 3 2 2 2 1 6 6 2 2 1 2 7 1 2 4 4 5 2 4 1 1 3 6 1 2 1 2 6 2 1 1 1 3 1 17 2 2 2 2 2 1 5 2 2 2 1 7 25 2 6 2 1 3 2 3 2 1 1 195 2 3 6 1 1 7 6 1 2 1 2 1 1 3 3 2 18 2 3 2 1 1 2 5 3
3 1 1 2 1 2 1 2 14 1 2 3 3 4 107 2 2 7 2 2 1 1 2 4 5 11 1 5 7 5 4 3 26 1 2 2 1 6 3 12 3 5 1 1 3 1 5 4 2 1 1 1 4 10 1 2 6 2 1 1 2 1 2 1 38 2 6 2 5 1 1 1 1 1 2 2 1 4 1 1 2 8 3 2 1 21 2 3 4 2 2 6 1 4 1 15 2 2 1 1 7 7 10 1 1 2 2 2 1 2 3 2 1 2 14 4 2 1 2 1 2 3 3 1 2 2 2 1 67 1 1 3 1 2 1 2 1 1 2 2 1 1 1 7 3 1 8 1 3 1 1 1 7 3 3 14 26 1 1 1 1 3 1 18 3 2 4 1 7 1 3 2 1 3 1 1 41 1 1 13 16 7 4 1 1 1 2 6 1 2 2 1 9 55 2 1 2 1 3 1
8 2 4 23 1 1 3 1 7 1 6 2 44 6 1 1 2 1 5 2 1 4 1 1 1 1 4 1 2 1 1 1 1 1 1 2 2 2 2 1 7 1 1 1 1 1 1 5 4 9 4 5 1 1 3 3 2 2 4 9 1 4 1 2 2 2 2 20 3 1 8 7 1 3 2 1 2 4 5 1 2 5 4 2 5 5 11 3 5 1 2 9 1 44 1 1 2 2 1 2 2 3 2 5 2 3 2 6 2 5 5 4 2 1 1 1 7 1 1 2 4 2 11 19 37 1 1 1 4 1 4 7 1 2 2 1 1 2 1 4 1 1 2 1 2 1 3 2 1 3 122 2 3 1 13 2 3 3 2 2 22 1 3 5 2 1 2 2 2 6 1 1 27 2 1 7 2 2 2 1 20 1 4 4 3 20 1 1 12 6 1 2 15 3 3 1 2 2 1 5
2 2 2 2 2 1 2 1 5 2 1 2 2 1 7 7 1 10 4 6 1 5 3 1 1 1 1 1 1 2 14 2 4 103 2 8 5 5 2 9 2 6 12 1 1 5 2 7 1 2 17 9 4 2 2 8 5 2 3 22 8 3 5 1 2 1 3 1 6 2 2 3 1 50 2 2 6 2 6 2 3 2 2 1 1 4 1 1 4 2 1 1 1 4 6 2 1 1 11 3 8 6 6 324 49 3 2 2 4 1 1 2 2 4 11 1 1 3 3 286 2 2 3 3 1 2 2 2 37 3 2 3 1 1 12 1 4 1 3 1 10 1 2 6 7 5 3 36 1 2 1 1 65 3 1 1 1 2 15 2 30 1 21 5 2 5 2 5 4 1 6 1 41 3 2 1 2 1 3 4 65 10 3 2 99 1 2 1 37 1 2 5 2 1 1 2 1 3 4 1
4 2 3 1 1 1 1 4 2 3 27 2 2 3 5 3 3 1 4 1 2 16 1 3 1 8 2 5 2 1 3 2 1 2 2 1 1 6 10 1 2 2 2 1 7 1 1 2 1 1 3 1 1 4 2 1 3 2 1 2 4 3 1 2 1 3 2 3 2 1 1 1 198 2 7 1 1 20 2 2 1 16 3 1 3 20 3 1 2 1 1 1 1 2 1 2 2 6 1 2 1 3 52 1 3 1 1 1 7 2 1 2 1 4 1 11 1 1 2 10 1 2 1 3 13 7 2 2 5 2 27 2 13 1 4 1 1 11 3 4 9 1 1 2 7 1 3 2 4 2 3 1 1 1 3 3 1 2 5 2 1 1 5 3 1 6 1 1 3 5 2 4 22 1 1 14 2 1 2 2 1 4 6 1 5 3 2 6 2 2 5 2 2 3 15 9 1 2 2 5
2 3 1 1 1 14 3 5 13 4 3 1 1 2 2 2 4 7 12 3 3 1 1 1 5 1 1 2 26 3 2 6 1 2 7 3 3 3 2 1 2 2 4 73 3 2 1 2 6 2 2 2 23 3 6 1 2 1 2 5 2 2 2 3 1 2 1 1 1 2 2 2 1 1 5 1 1 2 2 3 1 3 2 1 3 15 3 2 20 3 2 1 2 4 2 3 2 1 13 2 1 3 1 1 2 1 1 5 4 8 1 1 2 2 2 3 3 1 2 1 10 6 11 70 7 1 2 18 2 2 3 7 20 1 1 1 2 2 1 2 3 2 7 3 2 2 1 2 4 1 2 24 3 1 1 2 1 1 5 3 1 1 1 4 1 4 91 2 9 1 4 2 1 10 8 2 1 2 1 5 8 17 1 2 20 1 1 2 1 3 5 4 2 1 1 3 9 16 5 1
1 2 4 2 8 2 2 2 3 11 4 1 2 8 1 3 2 7 2 7 3 2 2 3 1 1 2 3 4 1 2 29 1 2 1 2 1 1 1 43 3 4 31 1 2 2 2 2 4 2 1 1 2 4 2 2 3 57 3 2 4 1 1 1 1 2 2 2 2 1 2 1 27 6 2 1 1 2 1 1 3 20 1 2 1 2 1 2 1 2 3 2 2 1 3 2 1 9 1 4 1 9 4 4 2 2 1 12 1 5 1 1 1 1 2 1 5 1 3 2 1 2 2 2 2 3 2 1 1 15 4 5 3 70 1 3 2 1 2 5 24 3 8 3 3 10 1 3 3 3 1 2 7 2 2 1 1 1 8 1 1 1 7 6 2 12 36 2 5 1 1 1 1 2 11 2 1 1 2 1 2 3 3 1 1 1 1 4 28 1 2 2 6 1 5 3 2 1 8 1
1 22 3 2 1 1 2 2 3 2 1 6 1 2 4 9 2 1 2 1 1 3 1 2 1 15 7 1 2 3 1 2 3 2 5 1 30 3 1 2 6 2 1 2 1 1 3 5 5 2 2 2 1 2 9 2 22 1 2 2 3 7 1 5 12 3 1 2 1 4 2 2 4 3 1 3 1 1 1 4 30 2 1 1 2 11 2 2 7 90 3 15 3 1 41 2 44 6 2 1 11 4 2 4 2 1 5 1 8 1 2 2 2 1 6 1 1 2 2 2 2 2 1 1 1 2 1 2 2 2 71 1 1 1 32 1 1 1 18 1 2 3 1 4 3 81 5 1 2 1 1 3 1 5 2 7 1 6 2 2 2 8 2 3 1 5 1 3 2 1 3 2 1 7 17 1 7 2 1 5 1 1 1 3 9 3 1 2 2 7 3 4 1 8 1 1 1 3 2 4
2 3 2 2 1 1 35 3 2 1 2 5 2 2 1 1 2 6 2 6 3 1 7 12 1 2 1 1 4 1 4 2 1 1 2 1 2 1 2 5 2 2 5 5 2 2 2 4 3 3 1 5 2 3 1 1 2 1 1 1 3 2 2 2 4 4 5 3 38 2 45 2 3 1 1 1 7 1 16 2 3 4 7 4 5 1 3 7 10 1 1 1 2 5 2 2 2 143 2 1 1 57 1 10 5 3 7 1 17 1 1 2 2 17 2 3 1 1 25 1 2 1 2 10 1 2 2 32 4 14 1 2 2 7 1 6 1 1 1 12 3 1 17 49 6 1 7 1 9 1 2 2 3 2 2 1 14 1 5 2 1 1 9 9 3 4 1 3 1 4 1 4 8 115 1 1 1 3 8 16 1 1 9 2 6 10 3 3 5 14 1 1 2 1 1 1 1 3 2 1
1 1 1 2 5 3 1 1 1 3 20 9 1 2 1 2 9 1 12 1 4 2 1 1 1 1 5 1 1 3 3 2 1 23 10 4 2 1 2 9 1 2 4 1 2 18 20 1 3 2 2 2 2 3 3 2 7 1 2 2 1 2 2 24 2 1 4 24 6 1 2 7 1 4 2 6 1 7 2 4 5 1 25 2 33 5 1 1 2 9 2 1 3 8 2 2 5 3 12 2 2 1 2 26 5 3 2 31 1 1 1 8 4 1 4 1 2 1 1 104 3 2 3 3 2 1 2 2 1 75 3 7 1 1 26 2 1 1 1 3 1 150 1 2 3 1 1 3 2 2 1 5 2 1 3 2 3 3 3 1 3 1 14 4 3 3 1 2 17 1 2 2 25 2 2 1 6 2 3 2 2 3 1 2 2 2 1 2 3 2 1 4 2 1 11 3 3 1 3 15
14 2 4 1 5 1 2 2 4 4 7 1 2 4 20 13 1 1 1 5 1 5 2 1 109 1 2 1 2 19 1 2 4 1 1 4 164 10 2 1 2 1 3 15 3 3 2 1 3 2 4 6 2 4 8 2 7 1 4 1 3 1 1 1 2 1 2 1 1 1 3 2 3 6 2 3 3 2 2 3 2 4 4 3 1 2 1 2 5 2 137 11 3 6 4 1 9 15 2 15 2 12 1 10 66 1 2 1 51 99 2 4 1 1 3 3 2 2 27 1 2 1 11 2 2 1 3 1 1 1 1 8 2 1 33 3 4 1 6 4 3 5 8 2 1 2 2 1 2 1 2 2 4 1 1 1 3 2 2 3 3 48 30 11 1 1 1 1 2 2 1 5 4 1 1 1 2 19 10 2 1 84 1 10 3 10 2 1 9 2 1 2 6 1 24 9 3 1 3 1
1 41 1 27 1 4 1 22 1 2 2 47 1 4 1 3 3 3 1 1 183 1 1 1 5 6 1 1 1 4 2 11 2 2 7 2 4 8 2 3 4 2 3 1 2 1 1 1 7 65 1 1 1 2 7 1 2 2 24 2 2 11 1 2 1 36 2 3 27 3 2 1 2 2 8 5 1 6 8 5 1 9 33 2 1 4 5 1 1 2 3 2 4 1 4 5 2 2 1 2 4 4 3 4 5 2 1 50 41 4 13 1 5 194 4 3 24 4 3 10 4 1 1 1 21 3 1 2 1 1 4 2 3 1 1 3 6 4 3 9 4 6 1 1 1 1 25 2 1 3 1 1 1 2 2 2 2 1 4 2 3 2 1 2 3 49 54 1 1 2 1 14 5 2 4 1 1 79 1 1 6 2 1 1 1 2 2 1 2 5 1 2 1 6 1 1 1 1 1 13
2 1 1 2 2 1 1 33 3 1 22 2 3 5 1 3 11 3 18 1 1 2 2 2 2 9 1 1 2 3 1 1 1 1 7 1 1 3 3 2 1 4 1 2 3 2 3 4 1 2 2 9 1 4 1 2 1 9 2 7 3 1 1 7 2 1 2 1 1 19 3 1 2 2 5 2 1 1 3 6 4 1 8 1 3 1 1 1 4 1 4 2 2 3 16 2 2 2 17 9 9 1 1 47 44 1 1 1 2 2 8 1 31 3 4 1 2 1 5 2 1 2 5 1 1 3 2 1 1 4 1 5 5 1 24 3 43 1 2 1 4 13 1 83 2 1 2 1 13 2 1 1 2 1 2 5 2 20 1 1 20 3 3 5 6 18 9 9 1 2 5 1 5 7 11 4 62 4 5 2 2 1 2 1 2 37 2 1 2 1 3 1 3 4 3 2 2 1 1 1
3 4 1 2 2 5 1 3 4 2 1 40 1 1 1 1 3 4 3 1 2 3 3 3 1 1 23 2 11 1 1 32 10 3 4 101 3 58 1 2 1 12 1 2 2 15 2 2 1 2 6 1 4 8 1 1 86 3 3 2 1 11 3 2 7 1 4 2 2 1 3 2 1 1 3 1 2 13 2 2 1 7 4 2 2 3 4 1 3 2 1 1 1 2 5 3 4 1 1 3 2 1 8 2 6 15 2 2 1 1 1 1 2 3 2 1 1 2 2 1 1 1 2 2 3 3 3 1 2 11 2 2 2 2 1 69 1 1 2 1 2 3 31 20 5 2 1 3 3 3 1 109 1 1 4 2 1 3 2 2 2 68 2 1 2 1 4 2 1 2 2 1 3 6 2 41 21 1 2 3 12 1 4 4 1 1 2 1 8 3 1 5 1 10 2 2 2 4 2 2
2 4 202 1 8 1 4 1 3 1 8 1 5 200 1 9 14 1 1 2 2 9 2 1 3 13 2 2 3 3 2 2 5 2 3 4 1 3 44 2 3 1 1 7 3 2 1 19 1 1 6 5 14 1 4 1 4 1 1 1 1 7 1 1 1 8 1 9 10 2 14 2 1 2 12 1 1 1 5 15 2 2 3 1 1 2 2 2 1 1 2 4 2 1 1 12 2 2 4 20 6 2 1 2 1 1 4 1 1 2 5 29 1 2 3 1 3 3 2 2 3 7 15 8 2 1 2 3 2 3 2 1 2 2 3 1 2 3 1 3 88 1 6 3 1 1 1 4 1 1 1 1 2 4 1 16 2 2 5 2 3 3 6 2 1 1 7 2 4 1 1 2 3 1 3 1 1 1 1 9 2 10 4 2 1 10 1 2 1 2 5 1 2 2 16 2 1 5 2 3
2 1 61 5 1 2 3 5 1 2 1 4 4 3 3 3 8 3 2 201 2 5 5 1 2 1 2 10 3 1 1 1 9 4 3 2 1 1 2 2 2 3 1 4 1 1 2 1 5 1 7 1 1 6 26 2 2 45 1 3 2 3 1 1 1 1 11 2 3 5 1 9 2 2 9 2 3 2 2 2 1 1 2 1 5 4 1 2 2 4 10 2 7 2 1 2 27 29 1 1 12 13 1 2 1 2 2 1 1 1 4 3 1 4 5 6 3 2 4 2 2 57 4 5 18 1 39 2 1 2 42 4 13 2 1 1 3 7 2 1 4 2 97 2 5 1 2 2 1 2 1 2 2 2 2 1 3 1 1 2 2 5 4 2 1 1 35 1 2 5 3 1 3 1 1 2 1 1 3 1 1 21 1 49 1 2 2 2 1 1 1 2 2 2 1 3 2 1 1 1
3 6 2 4 2 1 33 1 2 3 1 1 1 1 3 2 5 3 2 6 3 22 1 1 2 5 3 1 4 2 1 2 11 1 3 2 5 3 1 3 5 3 1 1 1 1 142 3 1 1 1 4 2 1 5 1 3 2 4 9 1 2 3 8 4 1 3 1 3 1 1 5 3 7 6 4 2 1 2 1 1 4 2 1 9 2 1 2 3 2 18 1 2 12 3 3 7 2 2 3 2 1 2 4 2 3 31 1 6 2 3 1 2 1 2 4 3 7 8 2 1 5 3 12 13 1 1 18 1 2 3 2 1 3 1 2 8 47 5 2 1 3 2 8 3 3 1 22 2 9 2 2 1 1 2 11 1 5 1 7 7 1 1 1 2 2 1 1 50 62 5 5 9 5 1 2 1 1 1 1 3 5 2 2 3 2 2 1 2 1 1 1 1 6 3 1 2 1 5 1
10 2 13 2 2 4 4 2 4 2 1 3 2 2 2 6 1 9 2 1 4 35 6 4 2 3 2 24 6 1 2 1 2 1 1 3 82 2 2 3 2 3 1 1 2 1 13 2 1 2 2 1 10 3 2 2 2 1 1 1 3 1 1 1 19 2 3 1 3 1 1 2 1 2 11 1 2 2 1 3 2 1 1 1 7 1 4 1 2 3 11 1 1 70 4 1 6 2 1 13 3 1 1 6 8 1 2 2 1 1 2 4 1 4 14 2 1 2 2 2 10 3 1 1 3 5 2 1 3 2 1 2 7 16 16 1 2 6 2 4 2 4 2 3 2 4 2 1 2 2 2 4 2 1 2 5 8 2 9 8 1 1 2 4 19 2 4 1 1 5 4 1 1 1 2 1 1 3 4 1 1 1 1 2 2 4 4 3 1 4 7 62 1 1 1 1 1 2 3 10
9 10 1 9 185 2 1 1 4 4 2 2 2 8 5 1 1 8 2 7 1 1 4 14 1 1 3 2 8 2 15 1 2 2 108 1 12 1 10 1 3 3 1 2 1 6 2 3 2 4 3 25 2 1 3 2 7 2 1 1 6 1 10 1 3 2 2 2 1 21 18 1 1 2 1 2 19 2 51 2 3 3 6 5 1 2 1 2 2 2 10 9 3 1 6 9 3 5 27 1 3 2 2 5 1 1 3 1 12 8 1 1 1 1 3 2 1 1 1 4 1 2 3 185 1 2 3 1 3 1 12 3 2 7 5 14 59 1 37 1 2 2 2 2 1 2 2 2 2 1 2 4 2 2 3 2 5 1 1 3 5 7 16 6 3 5 4 3 1 2 2 3 9 2 6 1 1 1 3 2 2 4 5 2 3 2 2 1 4 2 1 5 7 5 3 1 2 1 3 1
1 1 1 3 3 3 1 19 1 1 1 2 1 3 1 19 1 1 1 1 1 2 11 1 1 2 2 2 2 3 1 1 2 11 2 22 2 1 3 2 1 4 8 3 2 5 1 4 1 1 3 1 4 18 19 1 2 11 1 4 2 8 2 1 1 4 1 12 3 1 25 13 2 3 2 1 3 1 2 1 12 2 1 1 4 3 1 1 3 1 1 1 1 1 1 3 3 2 1 2 1 17 1 1 3 1 4 2 2 23 1 2 2 9 2 1 4 99 2 1 1 5 2 8 1 2 140 5 2 1 4 1 2 1 1 4 2 1 1 2 40 1 2 1 138 1 1 1 184 1 1 6 224 6 1 5 3 2 2 3 2 21 4 2 1 1 2 2 1 1 2 1 1 6 2 1 3 1 21 23 3 1 246 1 15 6 3 4 1 70 3 19 2 1 1 4 1 6 2 4
5 1 2 3 5 5 9 25 2 1 1 2 1 3 25 11 2 3 1 5 1 2 1 3 3 6 1 3 7 1 1 3 2 22 1 2 3 4 4 2 3 2 2 3 12 2 2 1 13 2 2 2 2 3 2 1 2 8 3 202 1 12 5 1 1 6 2 1 9 1 1 1 101 5 1 2 1 3 1 3 3 5 1 3 1 1 1 2 1 2 1 3 2 2 2 2 1 2 2 3 3 1 3 45 2 1 2 1 6 3 2 1 2 9 3 1 24 8 1 1 5 6 1 8 11 2 65 3 1 2 3 2 5 3 1 2 2 2 15 1 26 2 2 2 2 4 1 4 12 3 5 3 1 4 1 18 2 1 24 7 1 4 1 2 2 2 1 1 4 2 3 1 3 4 3 1 1 25 5 8 5 2 2 3 5 1 1 1 2 6 2 2 1 2 1 1 2 6 5 1
3 4 1 1 12 1 1 1 11 2 2 1 1 2 2 1 2 2 1 1 3 10 3 2 2 2 3 2 1 2 2 9 3 1 1 1 2 1 4 2 1 1 2 2 2 3 1 2 3 1 4 2 2 2 1 4 1 12 3 1 2 1 1 1 1 45 1 2 3 1 6 15 17 8 3 2 1 9 2 1 1 12 1 1 1 2 1 2 1 2 3 1 3 1 28 5 10 1 1 1 15 10 2 2 2 6 2 1 1 3 2 3 2 2 2 2 1 2 3 3 5 2 1 1 11 3 6 1 30 1 93 2 2 2 1 38 2 1 1 1 2 1 1 2 11 1 1 152 1 9 1 6 1 3 1 1 3 20 1 2 37 1 1 1 2 13 11 3 1 2 28 1 2 2 15 1 1 3 2 2 5 72 11 2 11 4 40 1 3 3 1 2 1 24 4 3 2 1 1 5
1 1 1 4 1 1 5 2 3 1 1 2 2 33 1 2 2 4 1 2 1 9 4 3 1 1 1 2 2 5 1 1 4 1 1 1 6 1 2 2 9 7 2 1 1 1 3 52 2 1 14 2 1 1 5 5 1 3 1 8 20 1 2 1 1 1 1 2 1 1 4 4 1 5 12 3 3 2 2 1 1 1 1 2 9 4 3 4 10 1 6 2 2 3 2 1 2 2 2 1 1 2 19 5 2 2 3 1 182 3 2 4 4 2 2 4 3 1 3 5 2 3 1 1 1 5 1 14 3 8 25 7 20 2 2 6 6 1 1 2 2 1 1 5 2 3 4 2 23 13 2 1 2 1 1 21 9 2 5 2 1 3 11 2 1 36 2 3 3 1 4 1 2 1 1 2 1 1 1 1 1 2 59 8 4 7 1 1 2 6 5 29 1 1 8 1 1 2 2 1
7 2 2 1 2 1 1 1 1 1 1 11 5 1 1 3 1 1 1 1 1 4 4 3 5 2 1 4 1 2 2 3 2 3 1 1 5 2 2 2 54 2 4 2 2 41 1 1 2 214 3 1 1 2 1 1 11 39 1 3 2 10 1 4 8 1 1 18 1 2 3 2 4 1 2 2 89 3 1 2 1 5 2 1 1 1 5 2 1 3 7 1 4 4 3 3 2 148 2 14 2 2 4 4 2 1 78 1 2 38 1 1 4 1 2 2 2 2 5 2 1 2 8 2 1 4 2 5 9 2 1 3 2 4 2 2 4 1 2 1 5 4 3 3 2 7 1 87 2 22 2 2 4 1 1 9 4 4 1 2 3 2 1 2 7 2 2 5 9 1 15 1 8 4 10 10 1 5 2 2 4 4 3 15 1 6 11 3 1 2 7 1 1 1 1 1 4 1 344 3
2 1 1 1 2 27 2 3 2 3 1 1 1 2 15 51 3 7 2 1 4 1 7 2 1 4 1 1 1 1 24 1 3 4 1 2 1 9 3 16 2 1 11 1 41 1 1 2 4 1 4 2 1 2 1 7 9 2 3 6 179 5 1 2 2 5 1 3 3 14 5 2 1 1 9 5 4 1 2 6 1 18 7 3 3 2 23 1 2 2 2 15 2 1 2 1 2 2 3 2 2 1 6 1 94 3 1 2 1 3 2 3 4 1 13 2 1 1 6 13 2 1 2 3 1 2 2 2 2 1 1 1 2 3 4 467 1 1 1 1 1 1 1 3 2 2 1 4 1 5 1 1 3 2 19 10 1 3 3 2 10 4 2 17 3 1 2 1 2 2 6 1 5 1 1 8 1 1 4 1 2 5 1 1 2 4 1 1 1 1 5 2 2 2 6 1 1 1 2 3
1 3 3 2 7 1 2 1 2 45 1 1 17 110 8 1 7 1 3 6 5 1 2 2 92 3 7 1 1 1 2 12 2 2 3 1 1 24 5 4 1 2 1 16 29 1 81 4 1 3 4 5 1 9 2 38 5 6 2 4 1 2 6 1 6 12 1 3 2 1 3 224 1 78 3 4 3 1 1 2 3 2 1 15 1 2 2 1 1 54 5 1 1 1 2 2 1 3 8 3 56 1 3 1 26 1 3 1 1 4 2 2 2 2 243 1 1 10 1 1 3 4 3 2 1 1 3 1 1 2 2 14 1 1 1 1 1 4 44 2 2 2 2 6 3 3 2 3 12 8 1 1 1 1 7 1 1 3 10 1 1 3 3 1 1 2 1 6 5 4 13 4 1 2 2 4 2 1 8 1 1 9 3 3 3 4 18 1 2 10 1 2 1 2 7 1 1 7 8 3
1 23 8 1 3 11 2 1 3 9 1 2 11 1 1 1 1 4 2 2 1 51 2 1 1 1 1 12 3 1 58 2 6 3 2 2 1 3 1 2 1 1 2 2 1 2 15 2 1 2 2 5 2 1 3 6 1 1 3 1 3 1 8 28 4 1 2 2 4 2 1 1 2 12 3 13 1 1 17 2 5 2 1 72 1 3 2 2 6 1 46 2 3 4 1 1 2 1 1 16 17 1 7 2 1 6 1 1 1 1 48 5 2 1 12 1 2 6 1 13 1 1 1 2 12 1 2 1 18 2 2 1 5 1 1 6 2 3 1 2 2 2 70 3 3 3 1 1 2 5 3 3 3 3 4 2 1 3 1 2 2 6 3 5 2 1 1 4 1 2 4 2 1 1 3 2 2 1 1 6 1 2 6 9 2 3 1 3 2 1 2 2 1 1 1 1 2 3 3 1
2 11 1 6 1 2 3 1 18 4 13 1 5 6 2 17 4 1 1 2 2 16 4 3 1 2 1 4 2 4 11 4 1 4 11 2 1 1 45 2 16 1 2 1 11 4 2 2 3 1 2 5 2 29 4 5 1 1 1 6 14 8 10 2 2 10 1 1 3 3 31 1 1 4 10 3 5 17 45 10 2 7 21 12 4 8 4 2 2 9 4 1 3 1 2 2 3 1 7 24 1 12 2 1 7 3 63 56 1 1 1 5 1 1 5 3 3 1 1 2 2 2 1 92 1 3 1 1 34 1 1 6 4 3 1 17 2 4 1 3 3 4 67 23 14 1 1 3 1 1 4 2 17 12 1 1 1 3 2 2 6 1 1 2 2 1 6 6 2 2 1 89 1 1 2 2 6 1 1 3 2 4 2 1 2 2 2 1 5 4 2 10 1 2 27 7 5 1 4 1
1 2 4 1 13 2 1 2 2 7 4 1 1 13 2 3 5 2 2 7 2 1 13 5 1 2 9 2 2 3 1 2 2 1 2 2 1 8 3 2 13 1 2 2 4 2 1 1 5 3 2 2 2 2 2 1 1 2 2 1 1 1 6 2 1 2 1 1 1 3 2 4 3 2 1 3 1 3 44 1 1 1 3 5 2 2 1 2 2 1 3 3 2 1 8 1 2 3 1 1 2 6 1 7 4 5 10 2 2 1 1 2 6 3 1 3 2 2 8 7 3 3 17 9 2 1 50 5 3 1 11 1 2 2 1 1 262 1 5 91 6 1 2 2 2 2 1 2 1 4 5 2 2 2 2 2 27 9 6 2 3 2 2 4 2 2 3 2 6 3 3 2 4 8 2 1 1 50 3 2 1 105 3 1 2 15 2 2 1 1 5 1 1 1 1 1 1 1 2 1
56 1 2 24 1 2 6 2 2 1 12 8 1 3 8 1 11 1 2 2 1 2 10 3 1 2 2 2 1 1 3 2 1 3 2 7 2 2 5 3 1 64 5 1 16 2 4 2 2 6 11 13 9 1 1 1 2 3 2 55 13 1 2 4 2 1 3 1 1 2 1 1 14 375 1 3 3 5 4 6 9 3 1 1 1 5 2 1 2 2 6 14 2 17 2 17 8 5 2 4 2 3 21 41 17 6 5 3 2 3 6 2 1 2 1 3 3 24 2 1 3 2 7 1 12 2 1 2 2 23 2 2 2 1 3 1 2 2 2 1 2 1 1 8 2 2 3 21 1 4 1 2 1 2 2 1 3 10 1 1 8 5 1 2 1 7 1 2 1 1 1 1 4 3 2 3 1 2 9 2 4 2 15 6 1 50 7 1 2 3 2 3 2 6 1 6 2 2 1 1
1 1 7 3 22 1 1 43 5 1 38 17 4 3 8 20 3 2 2 1 2 4 2 3 4 2 5 1 2 1 3 1 15 1 1 1 1 1 1 1 2 4 1 39 3 2 12 2 1 2 1 3 1 1 1 4 4 3 3 1 1 3 17 1 2 38 5 51 18 2 2 1 1 3 1 2 3 1 7 1 4 7 2 1 4 2 1 5 2 1 1 1 2 6 14 1 3 2 18 5 3 2 1 1 1 2 3 10 1 1 1 1 2 1 1 2 2 68 5 3 5 2 1 2 2 1 1 110 2 1 1 9 2 7 1 1 1 1 2 1 1 99 1 1 1 1 3 2 11 4 1 2 2 1 1 2 3 1 5 6 1 2 1 2 29 2 1 59 19 1 17 2 2 2 4 2 2 27 1 1 1 1 1 2 1 2 4 10 1 2 2 5 1 5 21 4 3 1 3 3
26 1 6 1 2 1 2 6 2 1 1 1 1 1 2 2 35 2 6 14 1 12 2 3 1 5 1 3 1 2 4 1 1 1 4 4 2 2 1 3 1 5 1 1 3 7 3 4 1 1 2 1 11 1 2 1 2 4 1 5 1 13 1 10 2 11 3 6 2 17 2 3 1 1 1 1 32 4 7 1 3 1 1 3 1 43 7 2 2 5 2 1 1 5 1 2 4 1 4 2 9 11 1 2 3 6 8 4 1 2 2 2 1 1 1 2 3 1 14 2 3 8 2 3 1 2 21 3 2 3 1 9 3 2 2 3 2 1 20 1 1 10 1 1 3 1 1 4 2 2 2 1 3 1 2 1 1 9 3 1 5 4 2 1 3 2 2 2 8 2 1 1 1 6 6 3 145 2 3 2 12 5 1 1 1 1 1 2 2 4 2 2 2 3 1 2 1 1 2 7
2 2 2 42 3 2 3 2 1 3 3 4 2 3 2 2 1 2 16 8 2 7 2 1 3 10 1 2 6 32 1 2 24 2 1 13 21 2 17 1 1 12 1 2 1 1 4 1 1 2 2 2 1 1 10 3 91 4 7 9 1 2 1 3 2 1 3 1 11 1 5 2 1 1 7 3 1 1 3 1 3 1 2 2 1 2 2 1 5 2 4 3 3 3 6 1 1 2 2 2 8 1 7 1 2 1 3 2 6 1 14 2 1 1 7 1 3 2 5 1 2 8 2 1 9 17 7 3 6 37 2 2 1 2 3 2 1 1 3 1 2 3 2 3 3 9 1 1 1 1 2 20 1 5 1 1 1 6 3 5 37 4 320 2 10 1 7 3 1 1 3 2 1 1 2 2 1 1 4 2 1 1 2 2 2 3 3 6 1 6 2 4 2 4 4 6 6 5 1 2
1 1 6 6 6 2 2 1 3 2 1 1 2 3 15 13 3 2 6 2 4 3 1 1 5 2 6 1 14 2 2 1 1 6 1 1 1 11 2 4 3 7 2 1 2 1 10 1 2 86 2 3 1 1 16 2 16 2 24 4 3 1 78 1 3 6 1 2 4 2 14 3 9 2 1 9 3 3 55 1 2 2 2 5 1 2 1 1 1 18 1 3 1 3 2 2 3 21 5 1 1 2 1 42 3 2 36 2 11 3 97 2 13 2 1 2 1 6 3 12 3 13 2 4 1 1 2 2 1 5 1 2 1 1 2 2 2 4 4 1 2 6 2 3 2 1 2 2 1 2 2 1 6 2 5 2 1 6 1 4 1 1 2 2 16 39 2 1 1 2 1 98 1 4 2 1 41 1 1 1 2 37 1 1 2 1 8 10 2 3 18 19 45 4 3 1 2 1 4 6
3 2 2 1 6 1 2 8 4 2 1 2 2 3 1 2 1 1 1 2 2 3 1 14 1 4 2 21 3 2 2 3 3 1 3 2 2 1 2 1 11 1 1 2 2 3 10 5 1 2 2 4 1 2 3 2 15 6 1 2 5 1 3 3 4 1 7 2 1 6 1 2 5 2 21 3 1 1 1 3 10 1 1 1 3 11 2 142 4 1 1 4 1 2 2 2 1 3 2 2 1 4 1 1 5 3 2 12 3 1 4 2 2 2 3 2 1 5 4 1 1 3 1 1 1 1 2 1 4 10 10 11 2 1 7 1 1 5 9 2 3 8 5 2 2 2 2 1 2 2 2 6 4 2 7 2 5 2 7 29 4 9 5 1 1 356 1 9 4 1 4 1 1 4 8 2 16 3 1 3 2 2 3 1 1 4 2 2 1 1 6 4 1 117 67 2 1 1 2 2
2 2 2 2 2 1 1 1 1 1 6 10 1 1 5 3 3 2 17 3 2 1 2 2 1 1 5 1 2 2 2 4 4 2 3 3 2 3 3 1 3 69 2 2 1 3 1 3 2 2 2 5 10 33 1 3 4 33 1 5 1 2 1 2 1 2 2 2 1 2 2 1 2 1 9 1 1 1 1 1 85 2 2 1 2 1 2 71 4 1 2 2 2 3 2 3 2 13 1 1 1 32 2 1 1 1 1 1 1 18 2 2 5 1 2 3 1 8 4 1 2 4 5 1 11 1 1 3 2 4 2 3 1 1 2 1 6 3 6 1 31 1 2 4 1 2 7 3 2 1 3 1 2 1 1 13 2 2 22 1 3 4 2 5 2 1 1 1 73 2 2 2 6 1 2 4 1 1 2 3 20 1 2 2 3 3 2 2 4 1 7 3 8 1 4 10 1 1 2 2
2 32 2 2 2 1 3 27 10 2 21 1 2 6 3 2 2 2 1 1 8 2 1 1 9 1 1 5 3 1 4 9 2 2 1 2 3 4 1 6 3 2 23 3 2 1 6 2 1 2 2 1 7 2 208 1 3 1 2 2 15 23 4 10 3 9 2 2 1 1 1 1 2 1 225 1 1 3 1 2 2 2 4 1 3 6 3 1 1 2 5 11 2 3 4 21 4 2 1 4 22 1 1 3 1 2 1 2 2 1 1 3 3 1 3 1 394 1 1 3 1 16 2 1 2 3 1 2 1 2 2 4 2 7 2 15 1 18 2 1 1 2 13 1 2 1 1 1 1 2 3 4 2 2 1 6 1 1 2 1 2 1 3 3 1 15 1 2 3 4 6 2 4 1 2 1 1 1 2 2 1 6 1 2 2 2 4 2 1 1 1 1 3 2 4 1 1 2 3 2
3 2 2 3 2 2 4 3 3 1 14 3 2 1 3 2 1 60 3 5 1 1 1 1 2 3 3 3 18 2 2 1 3 7 5 2 2 4 2 36 1 3 2 1 3 1 1 4 1 1 2 1 3 3 3 23 3 1 9 32 4 5 1 1 5 3 1 4 3 4 1 1 6 1 1 2 1 2 1 1 1 55 1 1 1 3 20 1 14 2 8 64 2 2 3 4 3 2 2 2 3 1 284 2 2 7 20 1 4 1 1 7 1 1 2 1 1 5 1 1 1 10 1 12 2 2 2 1 1 1 2 40 1 57 3 3 6 1 2 1 2 2 40 2 14 2 1 1 2 3 2 2 1 2 1 3 1 2 2 8 2 2 3 20 2 2 5 2 3 1 4 1 2 4 2 2 1 2 2 1 102 1 3 3 3 1 1 3 10 3 1 6 1 2 2 1 1 6 1 2
1 1 5 1 46 1 1 1 3 1 4 1 1 6 3 2 1 4 5 3 2 2 1 53 3 1 3 9 1 2 12 1 10 2 1 1 4 3 2 1 3 2 4 1 1 2 3 2 1 1 2 1 1 1 3 12 16 5 2 4 1 3 13 5 1 2 1 5 2 1 1 37 9 2 1 7 2 4 2 1 4 1 1 2 3 2 3 1 4 10 2 8 1 14 1 1 1 4 1 26 3 1 1 1 2 4 1 2 1 3 2 2 2 2 11 1 1 2 6 2 2 10 2 2 4 8 2 3 14 5 2 1 2 3 11 2 1 1 1 53 1 1 1 1 3 1 4 1 10 1 1 3 2 3 1 5 1 2 2 1 5 2 2 3 3 4 1 23 2 3 2 1 1 1 2 1 2 1 1 1 2 4 1 1 1 2 1 43 1 1 2 1 1 3 1 2 1 1 1 2
2 2 2 1 3 6 6 1 1 2 4 4 1 7 2 3 2 1 1 1 4 4 2 1 2 2 1 2 6 6 9 2 3 3 1 20 15 5 4 12 2 2 1 2 1 2 1 1 1 3 3 8 1 1 2 1 9 2 2 25 4 1 8 7 10 1 1 3 2 12 1 1 5 13 2 3 1 2 2 2 1 1 2 12 2 1 1 10 5 2 3 6 20 1 2 4 1 1 1 6 2 2 2 3 2 2 3 2 2 1 1 4 1 3 4 1 2 1 1 3 4 52 2 1 9 1 5 8 3 4 135 2 5 5 3 2 4 4 1 2 1 3 2 1 2 1 7 1 1 14 2 7 1 4 1 2 2 5 3 11 1 18 1 10 1 2 2 1 1 15 2 64 2 4 4 14 4 1 1 2 29 1 6 3 4 18 2 1 66 1 3 2 2 4 1 1 2 2 2 2
1 4 137 2 5 2 2 4 3 6 1 1 1 2 1 17 7 2 1 2 3 2 2 1 1 5 9 2 2 1 6 5 2 1 4 1 1 1 2 5 3 1 67 4 3 1 1 3 2 3 1 1 1 3 3 1 2 2 35 2 2 4 1 1 3 4 6 5 11 3 1 2 8 4 2 15 2 1 1 4 1 1 3 3 13 3 2 2 1 2 1 1 6 10 2 63 1 8 1 1 7 3 58 1 9 1 2 3 37 46 1 11 1 3 2 3 5 1 2 4 1 3 7 1 4 3 1 9 2 2 1 1 4 6 2 32 2 2 5 5 3 1 1 2 9 2 2 6 22 1 1 2 2 3 2 1 3 3 1 2 94 3 2 8 3 3 1 1 6 3 1 113 2 3 3 2 3 8 5 3 2 8 14 2 5 1 3 2 2 2 9 1 4 3 3 16 1 1 11 1
1 10 5 5 2 13 10 1 3 4 2 1 1 2 404 3 3 4 2 1 2 1 2 14 1 1 3 3 11 3 1 1 3 5 3 1 5 2 1 4 2 4 2 4 1 4 3 13 2 2 4 4 30 3 2 1 1 3 1 1 16 5 1 2 1 3 17 3 5 1 2 3 1 3 4 1 9 1 3 2 5 4 7 1 2 1 1 24 2 12 5 2 2 1 3 1 2 3 3 10 2 2 1 3 96 4 1 1 1 33 3 1 1 1 1 1 1 3 7 1 2 2 2 3 3 4 31 5 1 2 9 3 4 1 1 2 3 5 13 4 6 1 1 1 1 2 3 4 1 3 4 1 3 1 1 3 11 3 1 16 5 2 2 1 3 1 2 6 3 3 7 2 1 1 2 3 2 1 1 3 1 10 2 1 3 6 2 1 5 60 1 5 1 10 3 1 2 1 2 2
1 1 29 6 4 1 1 1 1 1 2 1 1 1 1 3 2 7 14 3 5 4 1 1 1 3 1 1 1 1 109 1 4 1 2 1 1 327 1 1 1 2 3 9 2 3 3 8 1 1 1 3 5 9 2 3 3 1 30 4 1 1 2 1 48 2 1 2 4 2 1 2 2 1 1 7 1 1 3 17 6 1 4 2 1 5 3 1 1 2 1 1 1 2 1 2 1 4 2 2 3 13 9 1 5 1 11 26 3 4 26 3 1 1 6 5 1 3 7 3 1 2 23 9 6 2 2 1 2 2 2 2 1 4 11 2 2 1 2 2 23 1 6 2 1 2 3 7 3 49 3 9 1 1 9 2 1 4 1 2 1 1 1 1 1 3 3 1 5 1 2 2 1 2 3 4 4 2 14 1 2 2 13 1 4 1 6 2 29 1 2 1 2 3 2 2 4 7 10 3
1 3 1 1 4 1 2 4 2 1 1 3 1 5 1 2 1 4 1 14 2 1 3 3 6 1 5 4 1 3 2 1 6 2 19 2 2 1 4 1 1 2 2 3 20 1 2 17 5 2 1 1 3 1 2 1 6 1 1 2 1 5 2 2 1 1 2 2 1 2 10 2 5 1 1 2 4 1 1 3 2 2 1 3 2 9 1 2 1 2 3 6 3 7 2 4 2 2 64 1 1 1 36 2 3 4 6 5 3 2 1 8 2 2 1 5 8 2 1 1 2 16 3 35 2 2 7 1 2 2 2 2 2 1 2 5 4 2 1 1 10 1 1 1 3 2 12 2 2 1 2 2 2 2 10 12 15 9 2 1 6 2 1 3 4 1 2 23 2 1 8 2 4 1 4 3 1 1 1 2 4 1 1 2 3 1 7 2 4 7 20 2 2 5 1 1 2 1 1 1
2 15 3 2 3 2 2 3 3 3 2 5 8 3 2 1 3 3 1 5 5 1 2 1 15 3 35 91 1 9 11 2 7 2 3 6 1 1 8 1 2 1 2 10 1 1 1 1 1 7 2 1 2 12 13 5 1 7 4 13 4 5 1 5 9 2 12 2 1 9 15 1 2 3 11 1 7 1 5 2 1 1 5 8 2 5 2 7 2 3 1 2 2 2 1 1 1 9 2 2 1 2 2 3 1 3 1 10 1 1 12 2 13 2 2 3 1 1 1 130 4 1 2 3 1 1 1 2 4 3 11 2 3 1 1 3 1 3 2 2 1 4 35 3 2 59 3 2 2 1 6 2 1 11 2 2 1 3 1 1 2 2 2 2 2 2 2 2 5 3 13 1 1 3 2 2 3 3 2 2 1 2 1 4 2 1 3 3 11 2 7 1 1 3 1 1 1 1 2 2
4 3 2 1 51 4 1 1 1 2 1 12 2 14 1 2 2 2 2 1 4 7 9 2 4 2 20 1 4 3 1 1 2 3 1 2 1 7 1 3 1 2 2 2 1 1 34 4 1 2 1 4 2 1 3 1 1 2 2 1 2 3 4 1 17 6 5 1 1 3 6 1 3 2 7 2 6 1 8 1 5 2 2 1 4 6 3 8 3 1 2 3 100 1 1 6 1 2 2 10 2 2 4 1 1 2 1 2 11 2 7 2 5 2 6 25 4 6 3 1 16 9 2 1 4 8 1 2 9 5 6 4 4 1 3 5 2 2 2 2 4 1 2 3 3 2 2 4 1 4 2 1 2 1 4 12 8 3 5 70 2 1 2 1 1 2 3 1 3 8 1 1 1 2 2 4 1 1 2 3 3 3 1 7 1 5 4 4 7 1 1 6 1 3 1 7 2 1 1 2
1 2 2 6 1 2 1 1 3 1 1 3 7 1 1 19 8 6 1 3 8 6 2 1 1 1 1 2 2 1 3 2 2 1 4 4 2 2 1 2 4 2 1 2 1 1 2 1 2 2 1 8 2 1 2 2 1 2 1 2 4 7 2 1 9 3 1 2 1 17 1 2 2 1 4 1 1 7 8 3 1 2 5 2 3 1 3 2 38 1 2 4 9 1 1 11 2 3 5 9 2 28 6 2 1 4 2 5 3 3 1 1 20 2 4 1 2 2 2 2 7 2 2 14 2 2 2 2 4 1 2 3 6 10 2 1 3 1 1 2 20 2 2 4 3 1 1 1 2 2 3 1 7 8 4 16 3 2 2 1 1 102 5 3 2 5 4 7 3 3 49 4 1 2 26 10 1 4 2 1 2 2 2 1 2 2 1 2 2 1 3 1 1 2 16 1 4 3 2 10
3 1 1 2 3 2 35 8 2 9 2 2 1 2 2 4 6 1 1 2 17 2 2 3 1 1 2 1 6 2 3 2 3 7 2 1 1 2 2 3 2 1 16 2 1 2 1 2 1 1 4 1 4 2 1 1 15 2 1 3 178 1 1 2 17 1 1 1 2 2 1 13 11 2 5 2 1 3 6 1 21 1 1 1 1 1 1 3 7 1 5 3 2 2 1 1 2 20 3 3 2 5 5 439 6 111 118 18 7 3 3 1 2 12 3 1 2 1 5 1 1 2 1 1 2 2 1 1 1 1 5 1 1 2 2 2 9 1 3 2 24 1 159 3 5 5 1 1 1 5 16 1 1 2 2 2 2 2 2 1 1 1 2 1 3 3 6 5 1 2 1 3 17 2 53 2 1 52 10 2 5 131 9 2 2 2 1 1 2 2 1 2 28 3 7 2 7 3 2 1
2 2 1 3 6 15 6 1 1 1 1 15 4 9 14 9 2 50 2 2 1 2 2 2 6 2 9 3 1 6 2 20 1 1 3 4 84 1 5 3 6 1 1 3 3 3 4 1 2 7 1 20 3 3 3 7 1 2 1 1 1 1 1 3 1 5 1 2 1 3 18 2 3 2 4 8 2 4 2 2 2 1 2 1 1 1 1 5 1 2 1 1 4 4 1 5 3 3 1 1 7 3 19 2 4 3 2 10 5 1 1 5 5 3 9 1 2 2 6 2 3 2 2 2 2 1 1 2 1 2 1 1 2 1 2 1 2 2 1 2 1 1 2 2 1 4 10 8 1 1 5 1 2 7 3 19 1 8 3 3 2 9 1 6 1 1 2 1 1 2 4 3 381 1 3 1 2 2 1 4 1 1 2 3 6 5 5 1 5 2 1 1 3 1 3 6 1 3 10 2
2 3 2 1 1 1 1 1 1 3 1 6 1 3 9 4 2 1 9 2 11 3 1 6 1 2 2 2 1 9 1 2 1 2 1 1 1 4 5 1 6 4 2 15 53 2 2 1 2 1 2 2 3 2 1 1 3 6 2 1 35 11 5 3 3 2 4 2 6 1 1 1 1 3 11 1 10 2 8 1 9 82 11 1 2 1 475 3 1 1 14 3 1 1 2 1 2 1 2 2 2 2 6 2 1 1 3 2 9 9 18 1 2 19 15 12 7 1 1 3 8 1 1 4 2 2 4 1 1 2 1 2 3 1 1 18 8 1 3 1 1 1 5 2 1 8 4 1 1 6 2 3 6 4 3 1 3 2 3 212 21 11 3 5 1 4 1 1 2 2 1 2 6 2 27 1 2 2 16 1 12 5 2 8 4 3 2 2 1 1 10 2 7 4 6 1 2 7 6 15
1 3 2 1 5 1 14 10 12 8 4 3 2 8 49 2 4 1 2 1 3 2 1 1 1 5 3 1 1 2 1 2 9 1 1 2 1 1 2 2 1 2 2 5 2 1 3 2 13 6 2 4 3 5 19 1 2 2 8 2 2 1 7 2 2 4 2 1 1 16 2 25 1 1 3 2 5 1 3 1 1 8 18 17 1 3 417 2 3 5 1 2 1 7 3 2 2 1 20 5 4 1 1 2 1 2 2 3 3 2 7 2 20 1 13 13 14 4 2 3 1 2 1 1 1 3 1 1 1 8 7 2 2 1 1 1 6 1 1 2 1 1 1 1 1 5 2 2 6 1 1 6 3 4 2 2 63 3 2 2 3 4 2 5 5 1 3 3 2 1 3 42 5 1 99 4 2 1 1 3 1 5 6 13 4 20 9 2 1 3 2 1 2 1 13 2 4 1 1 2
1 1 1 4 1 1 1 4 4 4 7 4 5 2 18 1 3 3 2 3 2 1 2 2 2 2 2 3 1 28 10 1 3 3 4 215 1 1 53 1 8 1 1 1 2 6 6 1 4 3 2 3 1 1 2 3 2 1 3 1 5 4 2 1 1 2 2 2 2 1 2 1 3 2 1 2 3 18 2 2 2 6 2 1 18 2 2 3 5 2 3 2 1 48 7 2 1 3 21 1 1 7 3 2 2 1 8 7 2 1 1 1 51 2 7 2 5 3 3 7 34 1 2 2 25 3 2 2 110 3 6 1 1 2 1 2 15 1 2 1 3 1 1 2 8 1 5 1 6 2 1 10 14 2 2 2 12 1 2 2 2 1 2 3 4 1 1 48 2 1 4 1 5 1 1 1 3 4 1 1 1 10 2 14 17 2 1 3 1 3 3 2 2 2 2 2 1 8 2 2
3 1 5 1 120 5 3 35 1 5 2 2 1 1 3 1 4 2 2 4 7 55 1 2 2 1 2 3 1 21 6 23 9 1 3 1 3 2 1 2 3 3 2 2 1 1 16 1 10 2 2 1 2 3 1 1 2 2 1 3 5 3 3 1 3 6 4 2 2 2 3 1 1 1 3 3 14 1 1 3 1 2 1 4 2 12 1 3 1 2 1 1 1 1 4 1 3 1 1 3 2 18 2 8 2 2 2 2 3 3 2 2 1 10 23 2 4 2 6 1 3 4 1 2 1 2 2 18 4 7 6 1 2 17 1 1 2 1 1 1 1 1 1 1 3 3 1 2 5 4 13 1 1 2 3 1 2 71 2 1 5 1 2 2 1 1 1 13 1 3 2 1 1 2 1 1 2 1 13 1 3 5 1 1 2 1 17 2 2 2 1 7 1 1 33 25 46 3 1 2
2 1 3 4 1 4 1 2 2 1 2 6 5 2 2 2 2 1 2 2 18 1 2 2 4 2 1 1 1 2 1 2 2 6 7 6 9 4 3 2 2 2 1 32 2 11 2 56 2 11 1 2 2 23 2 1 1 39 2 2 8 2 2 2 6 2 1 3 1 3 4 7 2 3 2 1 2 3 1 2 3 1 3 3 1 2 77 3 2 2 1 1 1 3 2 2 3 4 1 4 1 4 1 1 1 2 2 2 1 1 2 6 2 1 2 2 1 2 2 11 1 3 8 1 3 2 4 1 2 12 5 1 1 2 14 6 1 4 1 16 2 3 53 1 2 2 55 2 1 2 1 2 2 4 3 4 4 2 2 1 2 10 2 3 6 9 10 2 1 3 6 2 2 1 63 6 1 1 2 2 2 1 2 2 2 2 1 1 29 1 2 1 1 2 3 1 1 1 1 2
1 1 25 2 20 10 13 2 1 1 1 3 1 2 2 22 12 1 2 2 2 2 2 24 19 32 2 10 6 5 2 2 1 83 1 2 2 2 2 2 1 1 3 1 1 2 49 1 9 2 36 4 14 2 2 3 2 1 3 3 3 1 1 1 5 2 1 9 7 1 1 3 1 1 1 1 2 1 2 1 8 1 4 23 4 1 2 1 1 5 3 1 2 4 1 2 2 1 4 123 9 2 3 4 5 1 1 1 5 2 1 53 2 2 3 1 3 1 1 5 9 2 1 9 13 2 3 3 5 1 2 11 1 2 1 2 16 3 4 1 2 1 1 1 1 2 1 1 10 3 2 7 2 1 2 1 1 1 6 2 1 1 3 23 6 3 1 3 2 1 5 1 1 1 2 15 3 2 1 2 1 4 2 2 1 32 2 1 2 3 1 2 3 1 1 2 1 3 2 1
2 2 11 2 24 1 2 1 2 4 3 2 3 2 26 5 1 5 5 1 2 4 74 2 1 3 6 1 27 1 1 7 6 10 1 2 2 1 3 5 11 1 3 1 1 1 4 1 2 3 17 1 2 4 7 2 1 2 1 2 1 5 5 2 5 1 1 1 3 14 1 2 2 2 2 5 2 1 1 2 2 2 2 2 5 13 1 2 3 1 3 1 5 1 1 3 3 3 1 2 5 2 2 1 11 1 2 2 1 2 2 1 18 1 2 2 1 4 1 1 6 1 2 2 8 20 5 72 5 3 5 1 2 1 3 4 102 6 7 3 2 2 3 1 1 30 16 2 1 17 1 1 40 3 5 1 3 2 2 2 2 27 1 1 2 4 1 1 4 1 1 2 1 1 3 2 2 1 3 1 2 2 3 1 3 1 2 9 3 1 7 1 2 1 3 5 18 439 1 1
4 4 3 2 1 3 1 2 1 2 1 1 10 2 6 1 9 1 2 3 3 15 2 1 12 2 6 12 7 3 41 2 2 1 3 2 3 34 5 1 2 3 1 2 2 3 1 1 1 4 1 1 3 1 13 1 2 2 2 3 1 4 31 5 2 1 1 2 1 1 1 2 2 1 2 2 3 3 1 3 1 8 2 15 55 1 21 1 1 4 1 1 2 6 11 13 3 2 2 2 1 2 4 1 1 2 1 59 1 4 5 6 4 3 1 2 2 4 2 13 17 1 7 2 1 1 1 27 1 2 2 2 6 1 1 2 4 3 8 1 3 1 2 3 21 2 2 1 1 3 7 2 2 1 1 2 10 1 3 2 3 6 6 61 7 3 3 1 1 3 2 1 3 1 2 3 5 1 1 2 161 2 2 1 1 21 10 24 12 41 3 2 8 3 3 2 2 3 2 4
2 6 1 4 1 21 2 1 17 7 35 1 2 2 1 24 3 2 1 3 34 3 3 1 2 1 3 3 3 2 1 1 1 2 2 2 1 1 1 16 1 2 3 1 1 15 1 3 1 2 3 1 1 2 2 1 11 1 60 4 3 1 1 2 3 2 2 1 3 2 6 1 3 4 2 1 1 2 2 1 1 1 11 9 2 16 2 4 1 2 2 2 2 1 2 1 7 1 4 5 2 47 1 1 8 2 8 4 3 1 1 1 2 1 1 211 5 2 1 2 2 3 1 226 2 1 4 2 1 161 3 4 3 4 1 7 1 1 2 4 3 7 1 1 2 2 7 76 7 1 3 2 1 2 2 8 1 4 3 1 2 1 1 1 3 1 1 3 1 1 2 14 7 3 3 2 2 2 9 1 1 1 3 2 15 2 2 1 11 1 1 3 4 4 1 2 1 2 5 1
1 13 1 1 1 4 1 1 15 2 2 2 2 1 3 7 8 2 7 2 1 2 4 1 3 1 1 3 5 5 2 1 2 3 6 2 1 3 2 1 1 1 1 1 1 1 2 3 8 3 2 1 4 8 2 1 2 4 1 15 32 1 5 1 5 1 1 1 2 2 1 1 4 1 2 48 2 1 1 2 2 1 1 12 1 3 1 3 1 4 1 2 13 1 2 2 1 1 1 2 3 9 5 1 28 13 3 1 2 2 3 3 2 7 1 2 1 1 6 6 3 43 2 2 2 4 1 2 2 3 5 2 3 1 4 3 1 7 3 6 1 1 1 2 39 1 1 1 6 1 5 3 4 1 2 7 3 1 3 5 2 5 9 3 14 2 10 6 2 2 3 8 2 6 2 1 1 7 6 4 2 2 11 5 3 1 1 1 3 2 2 7 22 2 2 1 1 10 2 2
2 2 8 2 1 3 2 3 1 2 1 130 10 18 2 1 1 5 1 1 2 1 2 1 2 6 1 1 2 2 3 1 2 1 3 2 1 2 2 1 2 102 4 15 1 1 3 33 4 6 6 4 2 2 2 64 2 3 3 1 2 5 8 3 1 2 4 2 1 2 1 9 1 1 1 4 3 2 3 2 1 4 19 1 2 4 12 2 5 1 1 3 1 1 1 3 7 31 1 3 18 3 4 18 1 1 1 2 3 2 8 11 1 1 6 2 3 1 1 2 3 18 9 14 4 2 1 1 2 8 1 15 2 3 3 8 3 2 3 1 12 2 1 1 22 2 10 3 1 1 8 2 14 2 2 2 3 1 2 1 1 2 2 2 1 3 1 1 1 35 1 36 1 7 1 2 5 3 6 3 4 2 2 4 2 4 1 4 1 19 11 1 2 6 6 1 1 3 2 1
2 1 2 3 2 24 3 2 1 1 3 1 2 8 3 1 2 2 2 2 2 5 3 6 10 1 6 2 3 2 1 7 1 2 6 5 2 2 2 1 2 1 3 2 1 2 1 1 4 9 2 1 1 8 4 1 3 1 2 1 3 4 3 1 1 1 42 5 1 8 3 4 12 10 4 2 3 1 16 1 8 2 12 4 1 1 2 2 2 19 1 9 3 17 4 2 5 1 4 2 2 39 2 1 32 1 5 8 2 1 1 4 2 3 1 1 4 1 1 1 3 3 2 1 4 3 5 2 38 2 1 7 3 3 4 1 8 16 1 2 3 2 2 2 1 13 3 3 3 4 1 1 3 7 2 1 3 15 1 4 2 2 3 4 3 2 1 1 1 7 1 4 1 6 3 8 1 11 5 1 1 1 1 1 1 1 3 3 2 5 2 3 8 2 1 3 2 1 7 2
1 1 4 50 6 6 2 2 1 3 1 314 1 12 3 1 8 3 2 2 4 8 32 77 2 5 2 3 2 6 2 2 1 2 2 3 3 1 4 1 3 1 2 21 2 3 3 1 4 1 2 4 2 3 5 2 3 1 4 1 1 2 3 1 2 2 9 2 1 3 15 1 1 2 9 1 6 2 9 1 1 7 6 2 2 6 2 4 2 9 1 1 2 1 99 2 1 2 1 1 2 1 3 5 2 1 1 1 1 7 11 3 1 3 3 4 5 1 1 2 12 2 1 5 1 1 2 2 1 4 1 1 1 1 1 3 11 1 5 5 1 258 2 16 2 3 4 2 5 2 3 13 1 4 1 4 3 6 2 1 3 1 3 2 1 1 1 1 1 44 1 1 2 6 2 2 2 2 14 1 1 4 3 9 9 1 2 6 11 8 5 2 2 2 2 2 1 8 1 2
12 1 7 1 1 1 4 1 3 2 1 4 19 2 1 4 1 3 14 2 2 3 3 1 1 6 6 61 1 2 1 11 3 2 1 58 2 2 6 21 3 1 7 7 6 2 4 2 5 2 26 4 1 5 17 4 1 2 1 1 1 3 1 8 1 1 39 1 1 3 2 6 1 1 5 1 1 2 3 1 2 1 1 1 7 1 11 4 2 1 2 29 2 1 2 2 2 2 1 2 4 2 6 1 12 22 2 1 1 1 4 3 4 6 1 2 2 2 2 137 1 1 2 3 1 7 2 1 2 3 1 2 1 1 3 9 2 2 6 21 2 4 1 2 11 1 2 2 1 1 2 3 1 13 12 1 3 3 2 3 7 15 2 2 1 1 1 1 3 2 2 1 23 2 2 1 2 2 1 3 4 2 2 2 3 1 2 8 2 2 1 3 74 4 2 9 1 158 1 1
17 1 1 5 3 1 1 2 4 5 3 5 1 1 2 64 2 1 2 2 22 1 2 1 1 76 2 2 1 1 6 1 1 2 2 2 1 1 2 14 1 14 1 7 1 2 1 2 1 1 1 1 1 3 2 1 2 2 2 1 3 3 2 1 2 1 2 3 4 1 16 2 2 1 12 4 2 38 3 1 3 4 2 3 40 3 1 1 87 2 2 3 5 1 14 1 1 2 1 1 1 1 7 3 1 196 89 4 1 2 2 2 1 19 3 1 1 5 3 3 1 1 15 1 1 1 1 2 1 13 1 2 1 2 2 2 1 30 3 3 8 1 3 1 230 1 1 1 1 1 1 2 2 4 2 2 2 1 3 3 10 2 2 1 2 3 1 1 5 2 2 1 3 4 1 19 4 2 1 1 2 1 2 1 2 1 2 1 4 4 2 2 21 1 2 1 2 1 1 2
7 4 15 4 1 1 3 1 3 3 3 1 1 1 8 1 2 2 1 2 14 7 1 1 3 6 3 1 1 1 1 1 2 4 1 2 2 2 3 3 1 1 1 5 2 2 1 1 3 2 12 9 7 2 5 1 14 1 4 3 2 1 1 1 1 10 4 1 6 3 1 9 2 14 3 1 3 6 4 1 2 2 2 8 2 17 3 3 2 2 8 1 2 12 2 1 2 3 1 1 2 7 1 8 9 43 1 25 2 1 2 1 3 1 27 2 8 6 2 2 1 4 6 1 1 2 1 9 3 7 2 3 2 11 2 11 5 2 1 2 1 1 29 5 1 2 5 1 1 3 2 3 5 1 1 2 9 3 33 33 2 3 1 8 1 2 1 1 1 3 1 2 1 18 2 5 1 1 1 7 27 1 1 1 8 1 1 6 1 31 6 2 1 7 6 1 10 3 4 15
1 1 10 12 4 2 6 2 2 1 1 6 1 1 4 2 6 5 6 1 1 3 3 4 3 16 264 3 4 5 2 5 1 2 1 2 2 5 2 1 4 20 2 1 2 2 2 2 1 1 2 15 1 3 1 4 3 1 3 13 3 2 1 2 1 1 2 2 4 1 3 1 6 88 2 1 2 2 3 1 1 5 2 7 2 7 1 2 4 1 1 8 6 4 3 1 2 1 29 6 2 3 1 3 3 4 1 2 1 1 4 1 1 1 1 1 1 3 3 2 1 3 1 3 2 2 5 4 124 4 22 2 1 1 17 1 2 1 4 4 2 2 2 1 5 2 9 5 1 2 1 4 2 2 12 6 2 3 7 6 1 2 18 1 2 2 4 4 1 1 1 1 2 3 2 1 2 2 4 2 22 19 1 2 1 3 73 1 2 4 2 1 6 7 2 10 1 1 1 1
25 1 1 3 1 2 2 1 9 2 2 2 3 1 7 1 2 84 3 3 4 2 111 2 3 2 10 1 19 2 2 1 3 1 3 47 26 2 2 5 1 1 1 1 2 2 1 5 2 5 1 1 1 2 106 1 2 1 6 2 2 2 5 2 2 4 2 3 2 4 2 1 2 1 2 4 6 29 1 18 2 1 2 5 3 2 4 5 1 4 1 1 5 13 1 181 3 4 5 3 5 1 1 2 5 2 1 3 2 4 3 8 4 4 1 16 2 17 2 2 2 10 2 14 3 2 1 2 1 1 2 2 3 2 3 4 1 2 5 1 4 2 5 2 14 1 2 3 2 4 1 1 1 2 1 2 4 7 1 1 1 19 2 2 1 1 1 1 5 1 2 1 15 1 2 1 1 2 1 32 21 56 9 3 1 1 1 2 1 1 88 10 3 3 1 1 1 1 10 1
5 1 7 1 5 2 3 1 9 2 6 6 2 5 1 2 1 3 4 2 7 5 6 1 196 51 1 13 4 2 23 9 5 3 38 3 7 2 1 36 1 2 1 2 1 11 1 3 5 2 1 2 2 2 1 3 4 2 1 1 1 2 3 2 2 1 2 1 2 1 16 3 1 1 3 5 1 1 3 1 1 1 4 4 2 82 1 1 1 3 2 2 3 17 180 1 1 1 2 1 7 2 1 2 2 2 3 3 2 1 2 2 14 1 1 1 1 3 1 1 1 32 4 4 1 1 1 1 2 3 1 4 1 1 3 2 2 3 1 1 3 1 6 1 12 1 1 1 2 1 1 1 2 4 2 5 9 5 1 1 13 1 1 1 4 2 1 1 2 2 1 3 1 3 2 1 5 1 1 3 4 1 3 1 1 2 1 1 1 1 7 2 1 4 93 3 2 2 1 1
9 1 5 2 9 2 4 10 3 10 3 1 2 2 2 4 1 2 7 2 3 2 1 1 20 1 2 1 2 3 1 2 1 13 2 3 2 4 12 1 2 4 3 2 3 6 1 3 2 2 1 4 1 3 1 1 2 4 2 3 2 2 1 2 3 3 62 14 1 8 1 32 4 1 1 3 20 2 9 2 2 2 4 6 2 2 4 10 2 12 7 5 9 8 5 6 4 2 1 1 2 8 1 4 14 2 2 3 2 4 3 6 3 1 39 3 1 2 5 8 1 1 2 3 3 3 2 2 1 6 2 1 1 2 1 1 16 1 1 10 1 3 1 1 1 1 3 41 2 2 2 3 2 2 2 2 1 1 2 26 2 3 1 2 1 1 1 10 2 82 2 27 2 2 9 2 2 31 2 6 2 2 79 4 4 18 6 4 4 2 13 1 8 2 3 5 9 1 1 4
2 1 14 2 2 4 3 2 37 7 1 1 6 1 1 5 1 1 2 3 5 1 5 5 2 1 10 3 4 6 5 3 2 3 3 2 1 4 2 5 2 16 3 1 21 3 2 2 2 15 3 3 8 2 3 2 6 1 1 4 2 2 1 1 3 1 4 1 6 2 2 2 1 4 1 1 2 2 8 3 1 4 3 1 3 9 4 4 2 1 3 3 1 4 1 1 1 3 3 19 3 1 2 1 3 2 2 1 1 4 7 1 1 2 6 9 2 4 9 3 3 3 7 1 1 2 183 4 5 1 1 16 1 4 19 2 3 1 1 4 2 10 1 1 84 3 2 4 3 2 3 2 1 2 2 4 2 3 8 13 1 1 3 1 15 1 85 1 1 1 1 1 4 29 2 3 1 1 5 1 1 3 1 2 4 2 4 1 2 2 2 2 1 18 3 2 6 1 5 1
8 2 2 2 5 1 1 2 1 2 3 2 3 17 12 1 6 15 1 3 13 2 2 1 2 16 1 2 1 13 3 3 5 1 1 9 4 2 1 1 3 1 2 1 1 3 1 1 3 6 19 17 1 28 1 8 1 5 3 3 2 1 16 8 6 1 1 2 2 2 5 2 8 1 9 2 1 1 1 2 12 2 7 13 7 1 3 4 15 1 6 1 3 2 2 2 7 4 2 2 3 1 1 1 27 2 6 4 2 3 1 1 2 1 2 2 7 2 1 2 5 2 1 16 7 2 29 3 1 12 2 1 5 1 1 2 4 2 3 2 2 1 2 19 4 1 1 1 1 2 4 2 13 1 2 7 1 2 1 3 4 2 2 1 1 2 1 1 3 4 5 5 2 1 1 2 2 3 10 1 1 81 2 1 2 6 1 14 2 6 2 1 3 7 1 1 3 2 1 1
5 4 3 1 1 2 7 1 2 1 4 6 2 9 11 1 2 2 2 7 2 8 3 9 2 2 9 1 7 1 2 5 1 1 3 13 1 7 2 3 5 2 1 3 25 2 3 1 1 1 18 3 7 1 16 2 16 4 1 1 5 5 1 2 1 1 2 3 3 1 2 1 3 19 1 8 1 1 1 1 3 2 2 3 1 2 2 2 2 13 1 1 1 1 1 2 1 2 1 1 1 1 3 2 3 1 3 1 1 2 1 1 3 2 2 2 1 3 5 2 1 2 4 1 2 2 1 1 1 1 2 2 3 1 6 4 1 7 4 1 2 2 1 2 10 1 16 2 11 1 1 2 2 1 6 1 3 3 2 2 1 2 2 1 1 3 5 2 3 2 3 1 1 2 2 3 7 2 2 3 1 80 15 2 31 2 1 1 3 3 24 2 5 1 1 1 3 3 2 3
1 3 3 3 9 12 1 15 5 5 2 5 2 4 4 1 1 1 7 2 2 2 2 3 2 4 1 3 1 3 1 7 1 1 2 1 1 5 4 2 1 2 1 2 3 2 4 3 10 1 2 2 7 26 1 4 2 1 3 1 2 1 1 2 1 1 2 2 7 10 2 2 7 2 3 2 1 1 7 1 2 2 17 3 1 1 2 3 7 1 2 2 2 2 1 26 2 2 1 1 2 1 2 1 2 2 1 1 2 2 2 10 2 1 2 3 2 1 1 2 2 1 2 4 1 1 3 2 1 1 4 2 2 3 1 2 1 1 3 2 3 6 5 5 2 3 1 3 8 3 1 2 2 2 13 2 2 81 1 4 1 1 2 1 4 5 5 17 2 3 3 2 3 2 5 33 4 1 8 5 2 5 61 57 1 2 48 4 3 2 16 2 2 2 9 1 13 7 1 4
3 4 1 1 2 4 245 1 5 2 1 44 2 1 2 3 3 6 1 1 2 1 2 3 1 4 2 3 1 3 1 1 6 2 2 2 2 2 1 3 1 5 2 3 10 2 2 1 3 2 2 23 2 5 1 2 15 1 2 1 1 1 16 6 3 2 1 2 2 4 4 2 1 5 3 6 1 4 1 4 1 2 1 2 1 1 2 2 8 1 3 2 1 3 1 1 1 2 2 1 7 14 12 6 24 2 2 1 1 3 1 1 20 1 3 3 2 3 4 1 2 1 55 1 1 2 2 49 3 2 3 1 5 2 2 3 1 2 2 2 1 1 1 175 10 2 1 4 3 9 1 1 3 28 2 18 1 1 1 5 1 1 4 1 1 3 41 2 2 1 1 4 2 2 2 1 3 139 2 15 2 1 1 1 3 2 1 2 3 2 6 5 2 1 2 1 1 39 1 6
2 2 5 1 3 1 5 1 2 3 2 1 53 2 1 2 38 2 2 3 4 1 1 1 1 2 2 1 7 6 6 2 26 1 8 5 1 2 4 2 2 3 1 1 1 1 3 1 2 1 16 4 1 6 2 26 3 3 2 1 5 2 1 4 1 3 4 2 13 2 2 5 28 2 3 3 1 1 1 1 6 3 11 1 19 8 3 2 1 1 18 1 7 7 2 2 9 1 1 2 4 4 16 29 1 2 2 3 2 2 2 4 7 5 2 1 1 32 2 3 3 11 2 2 1 5 2 2 1 164 1 2 1 1 6 2 2 2 4 1 1 1 2 3 4 4 7 2 1 3 2 1 2 2 2 3 1 2 17 356 1 4 19 8 9 20 3 2 1 4 7 2 2 1 3 1 2 2 1 2 2 19 1 2 1 2 2 7 1 8 20 24 9 1 1 13 1 1 2 6
2 9 2 1 2 1 2 6 1 4 6 8 18 2 3 6 2 3 1 1 48 1 2 6 1 2 1 2 5 12 1 2 3 7 4 1 2 1 3 2 2 1 3 3 2 1 6 2 3 3 4 2 27 2 12 2 2 11 3 1 2 3 1 11 1 2 2 2 1 1 7 4 3 9 2 1 1 2 2 25 2 4 1 1 1 2 4 1 1 10 2 1 2 2 3 1 2 3 4 3 2 4 2 2 1 2 1 2 1 1 1 2 2 4 1 2 1 95 1 8 2 15 2 4 3 4 2 2 1 3 1 2 1 2 2 2 6 6 2 3 2 15 1 18 13 1 3 2 1 1 1 1 1 2 1 3 1 2 2 51 1 3 2 1 1 2 1 1 1 14 1 3 4 4 5 1 7 1 3 3 6 13 1 1 2 3 4 3 2 1 5 4 6 1 2 10 5 7 1 3
3 1 1 1 4 11 6 5 2 16 3 3 1 1 2 2 1 2 2 5 1 2 1 2 1 2 2 3 2 2 2 2 2 4 3 1 12 1 5 1 3 3 2 5 1 14 2 6 1 2 28 1 29 1 2 2 1 2 6 2 3 4 2 5 4 1 2 2 61 4 5 1 2 91 1 5 2 11 7 2 2 4 17 3 1 4 4 1 1 3 4 6 2 1 3 5 2 5 1 1 2 3 1 1 1 9 1 1 2 1 6 3 7 2 5 1 2 6 6 10 184 2 1 1 1 2 5 2 3 1 91 1 3 2 2 18 1 4 3 7 1 2 1 1 8 1 23 1 2 4 2 2 1 1 1 1 1 4 1 1 1 3 4 1 8 2 5 1 4 1 29 1 4 2 9 1 2 4 7 2 4 9 2 3 1 1 1 2 1 2 17 1 2 24 6 1 2 37 1 2
33 4 3 16 1 6 3 3 68 2 9 5 1 1 1 7 36 1 7 1 2 3 1 1 2 2 2 4 2 1 1 2 12 19 4 2 2 5 5 42 2 1 2 4 1 1 1 48 1 56 10 3 2 2 3 2 1 2 2 4 2 1 3 4 2 2 2 47 1 9 27 1 1 2 2 2 1 2 3 5 3 16 23 1 1 2 142 2 2 5 7 4 34 1 1 1 1 1 1 41 2 4 4 1 4 1 1 1 1 47 4 2 1 4 1 84 19 1 1 4 2 4 2 7 1 1 4 1 2 1 7 3 143 2 2 3 1 5 2 5 1 3 1 1 4 2 1 1 2 2 1 5 1 2 1 1 2 1 4 5 1 11 2 2 19 6 2 3 1 2 2 1 2 2 2 33 1 1 1 4 2 2 1 16 3 7 3 1 3 4 8 1 1 1 4 1 1 9 16 1
28 1 14 8 2 3 1 2 1 6 1 1 2 9 3 3 3 7 3 3 3 3 2 1 1 1 1 1 7 5 2 1 4 2 1 1 6 2 10 1 2 31 1 1 260 1 2 1 5 2 4 2 2 2 13 6 29 3 3 3 1 2 2 114 2 3 2 2 2 10 2 2 6 2 18 1 3 5 47 36 1 1 2 1 35 1 1 17 4 3 2 1 2 3 3 1 1 1 6 3 2 5 2 2 2 10 2 4 30 3 4 1 4 6 3 1 1 3 1 3 2 1 2 4 1 1 1 5 1 1 3 7 4 1 6 1 3 1 13 11 20 2 1 2 3 1 1 2 4 2 2 42 2 2 12 2 3 8 5 2 1 1 1 2 1 1 7 1 2 2 1 1 1 8 2 1 3 1 1 4 39 1 6 1 1 2 1 11 7 5 24 2 1 11 3 31 3 3 2 1
1 5 3 1 3 9 1 15 2 3 18 1 1 6 3 1 1 1 20 1 1 1 56 6 2 3 2 34 4 4 2 2 6 3 1 1 1 14 1 6 4 1 5 2 1 1 2 1 3 89 2 2 3 7 3 2 2 1 9 1 4 2 1 3 4 1 4 1 2 11 2 5 2 2 1 2 5 8 2 2 1 2 7 1 2 2 21 1 13 4 25 1 2 3 4 1 9 2 5 1 6 8 2 11 2 1 4 1 6 101 5 9 1 2 2 2 2 1 2 1 2 10 2 2 2 1 2 120 2 5 1 6 2 1 1 1 1 1 2 1 1 5 11 3 2 2 2 1 8 4 2 1 2 4 1 1 6 2 2 7 10 2 1 2 1 2 2 3 12 2 2 2 1 2 4 1 5 6 2 1 118 1 2 34 1 2 1 2 2 1 2 3 2 7 3 25 1 2 7 2
10 3 1 1 2 1 2 1 7 1 3 4 3 1 6 2 2 8 1 1 1 2 9 5 6 1 2 2 2 1 1 2 2 2 3 3 1 4 1 1 4 2 11 2 2 1 6 3 1 3 47 1 1 2 2 2 2 1 11 1 3 3 1 1 2 1 1 2 1 8 2 2 5 1 2 2 1 5 1 1 4 3 2 2 2 2 3 4 1 3 6 1 8 4 1 1 2 23 1 15 1 2 3 2 8 1 1 5 15 1 1 2 6 3 2 1 7 1 1 1 11 1 1 2 5 5 1 5 4 2 2 1 1 7 34 2 1 1 1 2 1 3 1 1 1 34 20 5 1 4 2 3 1 1 1 2 1 3 4 5 2 3 36 1 2 2 2 4 1 1 1 1 1 2 1 21 2 7 2 1 1 1 4 9 4 22 1 3 11 42 4 2 5 2 1 1 1 49 2 1
2 2 1 4 6 1 21 1 3 2 1 2 3 2 2 1 2 1 1 2 6 40 1 3 3 2 4 1 7 14 1 27 2 1 6 21 1 2 3 4 4 10 7 1 12 1 2 5 10 1 1 40 2 1 1 1 3 1 1 5 6 3 45 3 13 1 4 3 5 6 6 15 54 8 2 1 1 1 6 1 5 6 3 3 1 2 1 2 2 3 4 8 1 1 2 1 15 2 2 2 1 1 1 2 1 2 2 4 2 2 1 8 8 1 2 1 3 2 5 1 1 4 1 2 5 3 1 18 1 1 4 4 1 8 3 1 1 2 2 2 1 4 1 2 1 3 2 2 1 1 2 29 1 2 1 1 1 3 8 5 1 3 4 1 2 2 2 2 2 1 3 19 1 3 4 2 1 1 1 2 3 1 6 3 1 2 1 4 4 2 2 1 1 2 1 4 1 8 2 2
1 1 3 33 1 2 8 2 1 1 3 1 3 3 1 2 1 1 3 1 1 2 3 1 3 3 2 3 1 2 2 1 4 1 2 2 1 1 4 16 3 2 5 2 6 2 5 4 3 4 3 4 1 1 1 2 1 3 2 3 2 3 6 2 1 2 2 2 1 2 12 30 1 2 1 3 3 5 1 2 3 23 2 7 3 1 4 3 24 2 2 2 1 3 3 56 3 5 1 1 1 2 1 3 4 1 2 2 3 363 1 2 4 1 12 1 5 4 3 2 25 2 2 2 1 1 4 2 2 6 1 4 1 1 1 1 7 3 3 1 2 4 1 3 1 5 1 1 2 3 1 5 2 2 1 17 3 1 4 4 2 1 1 2 1 14 5 1 4 2 213 10 1 1 2 2 1 1 20 1 6 1 13 1 2 1 2 4 1 5 3 2 24 2 2 2 18 2 5 2
3 2 1 12 1 1 5 7 1 2 2 8 4 3 5 7 2 2 36 1 3 1 1 2 2 2 1 2 2 5 4 1 1 2 1 3 2 1 14 2 3 2 1 6 2 1 2 2 7 1 2 9 2 2 1 2 8 1 14 2 4 1 2 1 2 1 18 5 1 4 9 1 2 2 19 2 1 2 3 1 10 5 1 1 3 3 5 2 2 1 2 15 4 7 1 1 2 1 1 2 1 4 3 3 3 2 2 1 7 1 2 2 2 2 4 2 1 1 4 2 3 4 4 4 4 2 7 2 4 3 1 1 2 6 5 18 1 16 1 4 3 2 5 5 326 8 5 1 5 9 1 1 1 48 3 2 1 3 1 3 1 1 25 33 1 2 24 1 5 2 1 4 1 1 1 2 1 1 1 4 2 1 3 2 12 183 2 8 1 4 6 2 1 1 3 5 7 1 1 2
1 1 2 1 4 9 1 1 12 3 2 2 3 1 1 15 4 1 2 1 12 1 1 1 189 3 1 8 7 2 1 1 10 2 4 57 2 7 30 1 2 3 2 3 8 1 3 1 2 2 3 2 2 2 2 1 1 2 9 7 2 7 2 14 2 3 2 1 2 1 1 1 1 1 3 1 36 3 2 2 2 8 1 2 2 1 2 2 3 1 1 27 3 14 3 2 3 2 2 5 2 4 1 11 44 2 2 3 1 2 2 10 1 15 1 1 1 1 8 4 1 3 1 1 1 2 1 3 2 1 1 13 1 3 1 1 1 1 3 2 75 18 1 2 16 27 10 18 2 9 65 4 1 58 2 5 82 2 2 4 2 1 2 1 3 2 1 4 7 17 6 1 5 6 3 3 19 2 2 2 7 5 2 7 2 3 1 1 1 5 1 21 1 3 13 2 2 5 2 10
4 2 7 4 4 1 1 1 2 1 2 1 1 1 1 1 3 1 1 30 1 2 1 19 16 40 1 1 55 4 2 2 2 8 2 1 4 7 3 1 2 2 1 3 4 1 2 3 2 12 2 4 1 2 6 2 2 9 19 9 11 2 8 1 1 2 4 7 2 9 2 1 3 3 4 1 3 1 2 1 10 6 1 10 1 1 3 1 2 2 58 1 6 6 15 1 10 1 1 2 2 1 15 1 1 2 1 1 2 2 2 2 1 4 1 14 5 3 2 1 2 5 1 2 2 2 1 8 2 2 3 2 3 1 17 1 1 2 2 1 1 1 3 2 1 3 18 2 1 2 2 6 1 1 25 2 2 1 3 2 5 3 1 2 3 26 2 1 1 2 8 1 12 2 2 2 1 1 3 1 3 1 2 3 7 1 1 4 2 1 6 46 1 2 13 376 4 3 3 1
1 2 1 2 38 2 2 2 4 3 2 1 2 1 1 5 4 1 1 2 2 2 2 2 2 2 130 3 5 7 2 2 1 1 1 5 1 3 8 9 3 23 2 2 1 2 5 1 2 2 11 1 4 2 2 4 1 3 11 2 1 3 16 10 1 1 1 1 1 3 2 5 3 1 1 3 5 1 7 10 2 1 1 7 1 3 2 2 1 2 2 11 1 3 1 2 5 1 4 2 24 1 5 2 2 2 1 1 2 1 29 4 2 1 2 2 2 1 1 4 1 2 3 3 2 22 1 15 3 1 13 2 2 1 6 5 3 3 1 2 2 2 1 1 3 2 1 2 2 1 1 1 2 1 4 3 2 1 4 19 2 1 1 1 73 1 2 3 4 2 6 3 1 153 2 1 4 3 3 1 2 1 4 1 1 3 6 1 4 1 6 1 3 1 3 11 1 2 3 2
2 1 1 2 2 2 2 1 2 18 2 10 2 2 34 4 4 31 4 2 2 1 6 108 6 6 2 5 1 18 4 2 3 1 1 2 1 2 4 1 9 2 1 1 3 1 2 2 1 2 7 1 8 8 6 1 13 2 2 1 3 19 1 3 1 7 2 5 1 73 1 5 6 3 28 1 5 3 3 109 1 1 55 1 2 1 4 1 1 2 2 8 2 2 2 3 1 3 2 2 2 4 1 2 1 2 1 1 1 2 6 1 3 40 2 3 3 1 2 2 4 2 2 2 1 2 10 2 1 3 12 2 2 6 1 1 1 1 1 2 22 3 5 1 2 4 1 4 9 2 1 1 2 2 152 1 2 2 2 2 7 2 4 5 2 2 3 2 1 6 1 27 2 9 3 1 3 219 5 5 1 2 4 9 1 4 2 5 3 5 1 1 1 2 3 1 2 3 3 1
1 1 38 3 4 2 4 3 2 2 2 1 2 3 3 1 24 3 3 1 6 2 1 3 2 1 2 1 7 9 4 4 1 5 1 5 1 6 4 2 2 1 4 4 4 1 1 2 2 1 2 3 2 1 2 2 2 25 1 2 2 1 1 17 2 12 3 22 1 1 1 1 1 1 2 1 3 10 6 1 3 3 4 7 1 3 2 2 2 24 15 2 1 1 4 3 9 1 2 3 6 1 1 1 2 6 4 2 1 20 60 2 1 22 2 1 25 1 14 30 2 3 3 18 3 1 11 1 4 2 2 1 1 3 1 4 2 1 2 3 2 9 4 20 1 1 2 10 7 2 2 6 1 1 2 4 17 19 4 4 5 2 1 1 45 2 1 1 2 1 2 5 2 4 13 3 2 1 4 5 2 1 1 1 2 3 6 1 2 1 5 2 1 1 2 1 4 13 2 2
12 2 17 2 16 2 1 3 4 1 2 2 6 1 2 1 7 2 2 5 1 3 2 1 4 2 1 2 40 117 4 2 1 16 4 6 8 9 3 30 1 18 61 5 8 17 5 2 1 1 6 2 2 10 30 2 3 6 2 1 100 2 3 11 2 67 5 1 2 1 2 2 3 1 5 1 2 1 1 2 1 2 6 1 2 2 3 5 3 6 1 8 3 7 1 2 1 1 3 4 5 1 3 2 1 3 2 14 1 3 21 1 14 2 2 3 1 2 1 4 5 1 1 5 1 1 4 5 1 3 1 1 1 2 16 1 9 1 2 3 4 1 1 2 2 2 7 3 2 3 3 2 4 2 2 1 3 1 4 1 2 4 3 1 2 4 4 2 3 4 19 5 1 2 1 1 4 29 6 4 5 1 3 15 2 1 2 8 213 1 3 1 1 2 3 2 2 3 2 1
3 1 1 1 2 2 2 2 3 2 1 1 16 1 1 2 3 1 5 2 3 2 1 2 1 2 3 1 4 3 1 5 1 6 1 8 4 2 7 8 2 3 4 1 3 9 3 1 2 2 3 6 1 3 1 1 55 6 89 6 1 1 13 2 2 8 27 5 1 2 2 1 26 1 3 5 1 4 1 4 5 1 3 6 2 4 3 2 3 2 1 3 3 1 3 1 4 2 1 3 2 1 3 1 2 3 1 2 3 1 2 1 5 3 4 19 1 2 1 1 3 1 1 3 1 2 17 2 1 1 1 3 3 3 16 67 2 5 2 2 2 28 2 4 1 15 2 1 5 1 2 2 1 1 1 1 1 1 2 5 2 6 1 1 1 4 1 4 2 1 24 1 2 1 2 1 8 1 4 1 2 4 2 2 1 2 2 6 17 4 3 2 10 2 1 6 1 1 1 1
2 1 2 7 2 2 32 8 8 1 1 10 3 7 6 1 1 6 6 2 2 1 2 10 23 4 7 2 12 1 2 1 1 2 1 1 2 5 1 2 1 1 1 20 5 2 2 3 1 4 6 1 2 1 1 4 1 1 2 2 2 2 8 3 2 1 1 3 2 1 2 1 1 2 3 2 3 1 9 1 12 1 1 1 4 2 2 2 3 1 3 6 2 6 3 4 4 62 2 4 2 3 2 6 4 4 2 4 1 1 4 9 2 2 6 1 1 1 2 2 4 1 1 1 2 3 2 5 3 5 1 4 3 6 1 2 6 2 1 1 1 160 5 1 11 1 2 1 1 45 2 17 10 2 1 1 1 4 4 4 2 2 10 1 1 1 3 1 3 2 2 2 1 1 1 1 4 1 3 7 1 2 1 5 1 1 6 1 6 1 1 7 1 1 3 8 1 13 2 2
9 8 44 6 2 2 2 1 1 2 1 3 1 1 3 2 2 1 3 34 2 6 53 5 2 6 4 4 1 1 1 3 2 109 1 1 3 2 69 1 5 2 2 3 6 3 1 2 2 9 4 2 1 1 3 2 32 1 1 3 2 2 2 2 282 2 3 1 12 1 2 3 3 2 1 1 1 118 1 1 2 2 6 1 6 10 2 2 3 6 5 1 11 2 1 2 2 1 1 2 1 1 4 13 1 18 4 1 1 2 1 1 280 3 2 2 5 1 2 5 2 10 2 2 2 4 3 2 2 1 2 1 2 3 1 290 1 1 5 1 2 3 3 20 2 3 2 1 2 13 1 1 1 6 1 3 1 1 1 2 2 3 2 2 2 1 2 1 2 1 12 2 2 5 1 9 2 17 1 1 1 1 2 2 3 2 4 1 5 3 18 1 2 1 2 2 1 3 2 2
1 11 2 2 3 7 1 31 2 2 1 9 1 4 1 98 3 4 1 3 12 5 17 4 5 2 2 1 1 3 1 2 14 4 2 2 1 1 1 13 1 5 2 2 2 4 5 2 2 109 8 1 2 4 2 3 2 5 1 1 2 1 2 2 16 3 4 1 6 4 1 2 3 2 2 1 14 16 2 1 1 1 5 1 1 2 1 2 1 6 1 6 2 5 2 2 1 2 2 4 16 2 2 1 2 2 2 85 40 1 3 3 1 2 14 1 30 2 1 14 1 1 2 1 1 6 2 2 5 1 2 1 2 1 2 1 2 27 3 2 7 3 1 1 4 8 9 2 2 1 2 1 2 3 16 1 2 1 4 1 270 61 10 1 2 1 2 14 1 3 24 1 1 22 1 2 14 1 2 2 2 2 11 1 2 1 2 2 3 1 9 2 4 10 1 9 3 2 2 2
2 6 8 4 1 1 28 2 1 12 1 4 2 8 4 2 4 2 2 4 8 2 1 2 2 1 1 2 1 1 2 2 1 2 1 1 1 5 8 2 1 5 3 6 3 8 1 3 4 7 5 3 3 3 2 1 3 2 1 3 1 22 1 2 1 22 2 2 4 1 1 3 1 2 7 1 1 2 2 1 3 4 5 1 18 2 2 2 2 2 2 1 2 4 2 2 3 3 1 2 9 2 2 1 2 4 4 5 2 1 3 2 1 1 3 3 1 5 2 4 1 1 1 3 1 8 2 6 3 2 3 1 1 6 5 2 9 85 1 1 3 3 4 7 19 4 2 1 2 2 1 2 1 1 1 1 7 2 4 2 3 1 4 1 2 5 1 3 1 6 2 3 2 2 5 5 1 1 2 1 5 2 1 53 1 1 2 3 4 1 3 1 1 1 17 5 1 2 2 5
2 2 5 1 2 2 1 2 2 4 1 4 6 1 1 2 2 3 2 1 1 1 2 2 1 7 3 1 4 2 2 1 5 2 1 5 2 1 1 3 6 31 2 1 1 5 2 13 2 2 1 1 1 1 7 4 4 5 5 2 2 2 1 4 1 1 3 2 2 1 6 7 1 1 1 5 1 6 11 2 2 2 20 9 2 4 5 2 1 2 1 2 9 1 1 1 1 1 1 2 2 4 4 1 8 1 1 3 2 5 1 4 3 2 1 43 1 13 1 2 2 2 1 2 10 1 4 2 2 4 3 1 4 1 2 1 5 1 4 2 1 2 1 3 11 1 1 1 2 22 2 1 2 3 3 2 1 2 10 2 2 3 1 2 1 1 3 1 1 4 2 3 1 61 3 1 6 3 1 1 4 4 2 2 2 2 3 2 2 3 1 1 1 4 4 3 2 15 1 2
1 2 1 2 3 1 2 1 18 3 1 13 2 1 3 4 25 1 2 2 2 3 4 9 1 3 2 6 1 2 10 1 3 11 2 1 1 4 5 5 3 3 11 2 10 2 4 2 4 1 1 3 1 2 1 3 1 1 1 3 2 1 2 1 5 3 1 1 14 1 34 1 4 3 1 2 9 1 1 1 6 14 3 2 1 1 2 2 5 6 2 1 7 1 2 1 2 28 116 3 3 4 2 1 4 3 1 1 4 2 1 2 1 8 3 1 15 2 2 2 2 5 1 2 3 3 6 1 7 2 8 7 2 2 1 2 1 2 1 2 2 1 2 5 41 8 1 2 2 1 1 2 5 2 1 1 7 11 2 2 1 2 3 2 2 2 2 23 3 4 1 2 6 39 3 2 5 1 40 1 9 3 1 6 1 2 1 7 3 7 8 2 2 2 14 2 1 1 1 1
15 9 2 7 8 1 1 2 13 2 1 4 3 1 2 2 1 2 4 183 6 4 2 3 2 1 1 1 6 1 1 1 20 7 10 6 2 6 2 6 1 2 1 1 1 2 1 2 5 5 3 1 1 1 1 4 2 2 1 5 2 1 2 1 3 2 7 6 1 3 4 1 2 5 2 1 2 2 2 2 8 26 1 2 1 2 4 1 1 4 3 1 13 2 5 5 2 1 2 1 1 1 1 1 2 3 2 7 2 1 1 46 3 1 1 1 4 1 3 11 36 8 8 2 1 4 3 2 16 1 1 3 1 2 38 11 1 1 2 2 23 2 1 1 9 9 1 1 1 9 2 2 3 2 5 1 2 1 2 32 3 2 1 8 11 1 2 2 3 1 4 2 4 8 2 1 2 1 2 3 5 2 5 8 2 12 1 3 1 30 1 6 1 1 6 2 2 2 1 2
1 6 4 2 2 4 1 1 1 2 2 1 1 3 2 1 7 1 2 3 2 11 7 2 8 1 1 23 2 3 2 2 1 8 2 12 2 3 5 2 27 5 10 46 68 2 1 1 10 1 2 2 1 1 1 2 2 9 1 1 2 5 3 5 2 3 2 1 10 1 1 1 3 2 1 1 1 1 6 3 1 4 2 5 1 2 1 2 2 1 10 20 2 1 4 1 1 2 2 2 3 5 2 3 2 17 3 1 1 3 2 1 1 1 7 1 2 5 25 1 2 1 1 2 2 3 1 1 10 1 2 1 1 1 2 2 1 6 1 1 1 3 1 1 1 1 2 2 34 1 1 2 3 1 2 26 3 5 3 11 2 19 2 2 4 16 1 1 4 1 2 1 1 13 13 32 3 8 2 1 1 1 1 3 1 2 1 1 4 2 3 112 2 1 2 2 1 1 2 1
3 1 1 1 2 5 2 1 4 1 4 1 42 4 2 2 12 1 1 2 1 5 5 4 1 15 3 2 3 3 3 4 1 5 8 1 3 2 1 1 2 3 3 1 2 3 3 2 2 1 2 1 1 3 2 1 1 3 1 5 4 51 2 1 8 14 5 1 1 1 1 2 2 2 1 12 2 1 3 9 2 2 2 3 4 2 4 1 3 1 3 1 3 1 1 1 2 3 1 1 3 2 2 2 5 1 4 15 4 2 4 5 87 2 3 2 1 1 1 1 1 3 1 2 1 1 1 7 2 1 1 1 1 12 6 2 2 20 2 2 3 1 3 4 2 2 10 14 4 3 3 1 2 2 1 7 2 37 6 3 3 3 1 10 1 1 25 3 8 14 13 1 1 5 4 2 1 1 2 1 3 1 7 8 1 3 2 2 1 2 3 1 3 4 3 1 2 3 1 20
1 1 2 1 1 4 3 7 5 28 1 7 2 2 2 2 17 2 10 11 2 1 2 1 1 1 8 1 2 1 3 11 1 1 1 1 4 5 2 2 3 1 2 2 1 6 1 6 6 1 3 2 1 1 2 3 1 2 1 43 1 2 1 2 2 1 5 1 1 4 4 1 1 9 3 7 4 2 4 2 6 1 3 5 2 1 2 3 2 1 4 2 2 2 1 2 4 3 3 13 2 1 3 1 5 2 2 1 3 1 20 1 2 2 1 1 1 2 10 1 1 2 3 1 1 1 6 14 2 2 11 2 1 4 5 1 5 2 6 1 4 2 3 8 8 12 1 4 1 1 2 5 1 2 9 13 4 8 33 1 2 1 1 156 2 2 2 16 1 1 5 2 3 2 3 2 1 29 102 3 1 2 4 3 6 10 1 3 2 2 2 1 17 2 1 1 12 1 1 1
1 2 2 1 3 1 1 4 3 1 6 3 2 11 26 5 3 15 1 1 2 1 5 4 4 3 1 2 2 1 1 3 1 3 1 1 10 3 1 1 3 2 1 1 1 6 2 1 2 2 3 4 1 1 20 1 5 2 2 1 3 2 16 9 2 2 2 4 8 2 3 17 5 2 4 1 1 4 2 2 1 4 1 2 2 1 4 2 60 6 8 4 9 1 1 16 3 5 1 1 2 1 3 1 1 1 4 2 3 3 1 1 3 1 29 1 2 1 2 1 2 1 476 2 5 3 2 4 2 2 1 2 2 1 8 2 2 1 1 75 9 4 2 7 2 4 7 3 3 1 3 1 8 6 2 1 1 2 14 3 6 2 2 2 17 5 2 3 20 3 12 1 2 3 2 2 2 1 8 1 8 5 8 3 2 1 1 66 1 1 3 1 1 1 1 2 1 2 1 1
74 1 21 3 7 2 23 6 2 2 1 2 1 2 2 2 1 1 5 5 1 1 5 1 4 4 1 14 1 1 58 2 1 3 1 9 11 3 1 5 2 6 1 1 1 5 3 1 5 1 1 2 5 7 2 3 4 1 1 6 3 1 1 1 2 4 3 5 2 105 1 2 1 91 2 1 3 1 2 2 2 1 1 2 4 2 11 1 3 3 1 2 4 1 1 2 1 1 1 4 5 2 1 28 4 1 2 2 2 3 2 19 1 15 3 2 4 2 302 1 3 1 2 7 11 1 2 1 4 123 4 1 212 1 5 2 2 2 3 1 3 1 2 1 8 9 1 1 1 18 2 3 1 1 1 1 1 2 11 2 3 1 3 2 2 1 3 2 1 1 3 3 2 2 2 2 1 1 1 1 1 1 1 2 3 6 3 1 6 2 1 2 1 1 1 1 2 2 6 3
5 1 2 1 1 3 2 2 2 1 18 11 1 5 4 2 1 3 2 9 1 2 1 8 2 1 39 4 121 2 23 3 4 2 1 22 1 3 2 3 3 2 7 1 1 2 1 2 7 1 2 2 1 1 3 1 2 5 1 2 1 9 11 2 30 2 1 2 2 4 1 1 1 1 2 4 1 2 2 2 2 3 1 2 1 2 8 3 1 1 3 2 1 1 3 56 1 2 2 1 8 2 3 1 1 3 1 12 23 2 1 5 1 3 1 5 2 4 2 1 3 1 2 16 3 1 9 1 8 2 1 3 1 7 2 11 1 1 1 46 1 1 8 3 5 14 2 3 1 5 1 9 2 1 1 3 4 2 1 3 8 1 3 7 4 321 1 1 81 108 2 1 1 7 3 1 9 1 1 1 1 9 3 1 127 3 2 1 2 3 74 1 2 2 7 3 2 1 2 5
2 1 3 1 1 2 8 1 2 8 1 3 3 1 1 4 5 1 2 7 6 1 1 1 3 5 1 1 1 1 1 1 1 3 4 3 1 4 3 1 1 3 3 94 1 1 2 1 4 1 1 2 3 1 1 2 6 1 1 1 2 1 15 3 2 2 1 11 2 2 1 27 2 6 6 4 2 1 1 1 1 11 1 1 1 3 2 5 2 3 1 3 1 7 2 1 1 2 3 1 8 68 1 3 3 3 1 2 2 1 8 2 2 3 6 2 2 2 20 1 1 3 171 2 13 1 11 1 1 2 2 1 1 5 1 1 1 5 4 1 2 1 1 25 15 1 1 3 1 2 1 1 1 2 1 18 13 1 1 2 1 1 1 19 4 10 2 3 4 2 4 6 5 4 3 2 2 2 1 1 1 1 1 1 3 1 1 1 1 1 2 2 4 1 11 2 4 2 2 102
3 2 4 24 1 1 3 25 5 3 9 3 4 6 5 1 10 2 17 1 2 3 4 1 3 2 158 1 10 5 88 1 17 4 4 1 1 1 3 2 3 2 1 1 1 2 4 3 2 4 3 3 1 1 1 1 1 2 1 3 4 2 1 2 5 1 3 1 1 3 1 2 1 2 1 2 2 4 2 1 3 2 1 4 8 2 1 2 2 1 3 2 1 49 2 8 13 3 4 76 1 2 1 2 3 3 1 2 2 3 3 2 21 1 1 5 2 1 1 8 2 1 11 2 1 3 2 1 3 1 1 2 7 22 2 2 5 4 2 3 1 3 7 1 2 355 6 1 2 39 2 1 2 6 4 7 3 1 6 3 3 2 2 2 2 3 1 1 1 6 2 12 3 17 1 1 2 2 4 5 5 1 1 2 3 5 1 2 1 2 5 9 2 2 4 5 19 1 37 2
2 18 4 2 3 1 36 1 15 1 1 4 16 4 3 1 1 2 1 2 1 1 1 8 1 17 4 2 3 3 1 2 2 2 1 1 4 1 7 1 2 1 1 1 1 1 2 15 2 2 21 6 2 6 2 2 6 1 4 1 4 2 1 2 1 2 6 2 1 1 19 2 2 2 1 1 2 5 2 13 42 2 3 5 5 1 2 3 2 3 11 3 1 1 1 1 3 3 1 1 2 3 2 3 3 17 2 3 18 4 12 6 2 5 1 4 1 2 26 3 2 2 2 1 1 2 1 3 25 2 4 2 5 1 8 1 1 1 8 1 1 1 15 8 2 1 1 6 8 45 1 2 8 5 62 18 1 16 1 3 2 1 4 2 2 14 2 17 1 1 3 1 4 1 1 24 1 17 2 83 3 2 1 2 4 1 1 4 7 1 3 3 1 1 2 4 1 3 4 1
1 4 1 4 17 2 1 4 27 1 30 1 1 4 3 4 24 1 1 7 1 3 3 1 3 2 2 1 3 5 13 4 3 1 3 4 2 1 24 5 1 9 11 5 1 1 2 5 5 2 5 2 1 273 2 1 3 5 17 10 11 5 44 2 1 2 1 1 3 1 2 2 59 1 2 2 1 4 1 2 4 6 15 8 2 1 4 4 3 4 2 1 2 1 1 4 2 2 2 1 2 1 2 1 2 48 2 4 2 3 12 3 3 2 2 1 2 2 1 14 8 101 1 3 2 6 1 18 3 2 2 2 2 2 2 3 4 2 4 11 1 1 12 1 5 6 3 6 1 2 1 150 1 3 2 2 9 5 63 1 2 2 23 1 1 15 3 1 2 2 2 2 5 12 10 3 2 3 3 2 1 1 2 9 2 6 2 2 3 2 18 1 2 1 498 1 1 3 2 4
2 3 9 10 13 2 12 7 3 3 2 2 4 3 2 3 3 2 2 2 2 5 3 1 1 4 3 1 2 1 9 3 8 11 1 7 2 3 1 2 5 8 5 1 1 1 3 5 1 1 2 1 6 5 5 2 1 1 9 1 3 2 3 9 1 3 3 1 5 2 2 1 3 4 2 3 2 2 7 2 1 2 7 10 1 8 2 5 3 1 2 6 3 2 2 2 138 1 1 1 3 3 7 2 430 7 1 2 1 1 1 1 4 1 2 7 3 5 3 2 2 3 5 2 1 1 2 1 2 1 3 3 13 1 2 2 3 2 1 2 15 5 1 1 1 17 2 1 4 2 2 2 7 4 1 1 2 2 2 1 2 1 2 1 2 2 3 11 2 1 1 4 4 1 2 32 11 1 1 2 2 1 3 1 3 2 2 6 2 2 6 7 1 1 1 1 2 2 2 1
1 6 1 1 1 7 5 6 2 3 1 1 1 5 1 2 1 2 3 2 442 3 2 1 1 1 2 1 2 1 1 1 2 1 6 8 4 3 4 74 1 2 2 2 2 2 13 6 1 1 2 1 6 2 1 10 1 2 2 1 3 2 2 11 1 4 2 2 5 1 1 8 2 1 1 1 16 1 1 1 2 2 2 20 3 1 1 1 3 2 2 1 20 2 1 8 59 9 12 1 41 4 3 1 2 12 197 1 3 2 1 1 69 3 2 1 1 2 1 4 16 2 11 3 4 4 3 1 2 44 6 3 1 1 2 2 2 4 2 6 1 1 24 2 2 1 1 2 2 12 10 3 2 1 10 1 2 1 1 22 2 1 1 16 2 23 2 1 1 1 1 2 1 1 1 5 2 5 2 4 2 2 2 19 1 2 1 2 34 4 1 1 1 2 1 2 1 3 55 1
1 1 2 1 13 4 1 3 2 11 1 12 1 2 1 1 2 7 1 3 2 1 1 2 30 3 1 3 1 1 16 9 10 1 2 3 5 5 2 2 1 1 2 1 4 1 2 5 3 1 1 1 2 9 4 8 1 2 72 79 1 6 1 2 4 2 3 5 9 1 6 1 1 5 1 4 3 3 2 3 1 3 1 4 2 1 1 29 2 3 1 1 1 1 36 485 4 2 2 1 1 4 4 1 3 17 1 2 1 3 4 2 85 1 4 1 2 9 1 1 2 1 1 2 1 5 1 4 9 1 2 2 2 9 5 3 2 1 5 4 3 1 7 2 5 14 2 2 1 3 1 1 2 3 1 15 2 2 3 2 40 1 1 1 1 2 9 15 2 13 3 3 3 1 1 10 2 2 3 1 3 45 7 2 48 2 3 14 1 1 1 16 1 1 3 1 1 1 11 3
27 2 2 2 7 2 2 1 1 39 1 1 1 1 1 4 4 8 1 1 2 1 4 45 2 3 3 1 1 2 83 7 1 3 2 4 6 6 2 1 2 2 1 2 9 1 1 1 1 1 1 3 5 1 2 4 1 5 5 1 10 2 2 1 4 2 4 1 1 1 2 3 179 1 3 6 2 2 1 15 2 2 2 1 2 64 25 4 1 1 2 1 1 3 2 1 4 3 8 5 1 16 2 7 2 2 5 2 4 4 1 3 1 2 10 1 1 1 3 2 1 3 6 2 3 2 11 1 16 2 6 12 1 7 5 10 9 6 3 1 19 2 5 2 2 14 1 1 4 2 73 2 1 2 2 4 57 1 40 1 2 1 64 1 1 2 1 2 5 1 1 3 1 1 3 2 1 2 2 1 3 3 2 6 2 2 1 1 2 2 2 2 2 2 4 2 2 13 59 7
2 2 3 5 5 2 2 2 5 1 2 1 2 1 1 2 2 1 4 2 1 2 1 16 3 7 1 49 1 2 2 3 2 8 1 1 7 2 2 9 2 5 3 1 1 2 21 2 2 15 2 1 2 1 1 6 2 3 2 3 3 5 2 2 6 41 2 1 2 11 1 71 4 8 2 2 1 22 2 1 1 1 1 15 9 1 3 7 3 1 3 1 3 6 1 10 1 1 2 1 1 1 2 2 1 5 2 2 3 1 6 5 1 5 3 2 3 2 2 2 33 2 2 4 1 1 2 1 1 153 63 4 1 1 2 3 2 19 1 6 2 2 6 2 13 2 1 1 4 2 1 2 7 2 3 1 9 3 2 1 2 1 2 1 2 6 2 2 21 4 3 4 3 1 1 3 1 2 2 1 1 7 5 3 9 2 9 1 3 2 9 13 7 1 7 2 41 16 4 2
2 9 4 3 4 2 10 2 13 1 2 2 4 4 18 6 12 2 7 4 1 1 1 1 11 1 31 5 1 2 5 1 1 2 16 1 2 2 5 2 4 3 2 1 6 2 2 2 3 250 1 3 1 2 5 1 7 10 1 2 2 1 8 442 1 3 1 1 1 1 7 10 1 5 1 1 1 45 3 5 86 74 1 3 1 67 1 2 9 2 2 2 2 2 2 2 1 4 1 1 4 3 2 2 2 1 8 2 2 1 1 2 9 1 5 1 3 2 1 1 1 4 1 3 7 5 8 1 1 2 1 1 3 1 7 8 1 1 11 6 1 1 2 3 1 1 7 7 21 1 1 3 3 2 2 4 5 29 2 2 1 2 67 2 10 2 1 1 25 1 2 7 1 1 1 1 1 2 1 1 2 9 19 2 1 3 4 19 1 1 1 6 1 1 2 1 2 3 27 4
4 2 3 3 16 5 2 2 10 39 7 1 11 1 2 3 2 2 2 2 5 6 1 2 5 1 3 18 2 2 2 2 1 3 2 2 3 2 8 7 27 1 2 1 2 2 1 4 2 1 2 3 2 4 3 2 7 6 1 1 2 2 10 4 1 3 1 16 5 1 1 2 2 2 1 5 1 4 2 2 2 2 4 2 2 1 1 4 1 2 1 1 2 2 4 2 14 1 9 2 16 1 5 1 1 1 2 4 1 2 1 1 1 2 3 7 2 1 6 1 5 1 2 5 33 1 2 38 9 2 2 2 1 2 1 3 4 5 2 2 2 1 1 1 1 2 1 1 1 1 1 10 2 4 16 1 1 1 2 7 2 4 2 1 2 11 1 1 1 1 1 1 1 11 10 2 1 2 2 1 2 9 2 5 1 1 2 6 1 1 1 2 13 4 2 2 4 1 12 2
2 2 3 1 7 1 2 2 3 3 1 3 3 99 8 3 4 2 33 5 1 1 1 2 178 1 2 2 1 1 1 1 2 10 2 2 2 2 2 3 2 8 6 1 2 2 18 2 8 31 25 3 2 3 2 1 11 1 1 1 1 1 1 2 1 62 1 2 2 3 10 1 13 1 1 3 3 6 2 3 2 1 2 3 2 5 1 1 2 3 1 4 1 6 2 3 1 1 1 9 2 2 11 1 1 3 28 2 2 1 4 11 1 1 2 2 5 6 1 2 2 2 1 1 1 27 3 2 1 2 1 3 1 4 370 2 2 2 12 2 1 1 1 1 2 4 2 5 4 8 2 28 1 1 2 3 1 1 1 6 1 2 7 1 1 2 1 2 14 2 3 2 1 1 2 3 1 6 1 1 3 2 1 1 3 1 5 2 3 5 2 1 3 1 1 3 2 3 1 3
1 1 2 2 4 1 498 4 1 4 20 1 1 3 3 12 2 5 2 44 2 1 3 3 2 1 4 1 2 6 1 3 17 2 1 1 2 2 2 28 1 9 1 38 1 6 6 4 1 6 2 3 2 2 21 2 2 32 2 2 3 1 3 1 2 1 2 10 6 1 9 2 2 2 2 1 1 5 2 4 1 4 5 1 3 3 10 8 1 4 1 3 2 20 100 1 1 2 1 6 1 10 2 3 2 1 3 2 5 16 5 27 9 5 2 4 14 2 67 26 2 1 1 3 2 2 2 2 1 2 3 3 8 2 5 2 8 3 6 2 1 2 4 2 1 8 1 6 2 2 1 1 15 2 1 9 1 2 2 4 4 1 2 5 1 14 5 2 1 2 5 2 2 5 1 2 2 1 15 3 5 7 2 47 14 1 2 2 4 1 1 1 8 1 6 1 47 2 2 14
1 2 2 1 3 1 1 1 1 3 1 2 2 2 1 3 3 2 3 15 3 3 2 3 1 2 3 4 5 12 2 3 2 3 6 4 2 4 1 2 2 1 2 156 6 1 1 6 1 2 1 9 1 2 1 1 1 3 25 123 3 4 3 2 1 3 41 1 2 12 2 1 1 1 1 1 2 1 3 5 2 1 1 1 1 1 4 1 2 4 8 1 1 3 2 5 2 291 2 26 7 15 1 1 2 2 1 8 2 55 1 1 3 1 1 1 2 1 5 2 2 3 12 6 2 11 2 1 1 2 3 1 2 1 6 2 3 1 1 6 33 3 1 14 3 1 21 11 2 1 2 1 6 2 1 2 23 5 2 2 4 5 4 1 2 148 3 1 7 2 1 1 2 2 6 1 2 4 1 13 2 2 2 40 1 1 3 5 5 9 6 2 16 2 3 1 3 1 1 2
2 2 6 8 2 2 1 6 2 2 1 102 1 2 2 2 1 1 1 3 5 30 4 57 3 7 1 1 3 3 3 101 2 7 2 3 1 1 1 1 1 6 5 87 2 5 5 2 8 1 4 4 2 3 2 2 2 1 3 1 3 1 3 1 3 1 4 2 2 3 5 38 2 1 2 2 1 1 1 7 2 5 2 1 3 5 1 2 1 3 7 1 103 2 6 3 1 1 2 1 1 1 1 2 2 3 2 3 2 4 8 3 1 9 3 18 2 2 8 4 2 2 3 2 14 1 2 1 2 9 2 10 2 1 7 2 3 4 2 3 47 4 2 4 1 2 1 2 1 12 1 2 1 2 2 1 2 2 12 2 3 2 6 7 5 1 1 5 14 1 3 2 1 2 1 1 2 1 1 3 4 1 1 7 1 1 1 7 1 3 1 6 2 3 40 2 2 5 1 2
3 2 1 1 2 2 3 2 4 4 8 2 1 4 3 4 7 1 1 1 2 3 11 1 1 5 3 4 9 1 1 1 3 4 33 1 16 4 1 1 2 90 48 13 5 35 1 1 4 5 5 2 2 1 1 2 3 31 9 1 1 2 1 1 19 12 1 1 7 1 1 3 2 3 1 1 1 1 1 1 2 2 7 2 1 1 1 60 1 4 6 106 1 2 1 1 2 4 3 2 6 6 1 2 5 4 1 1 1 2 1 2 1 1 4 2 14 1 8 4 1 4 3 2 1 7 1 2 1 2 5 10 3 2 2 2 11 3 1 5 24 1 15 2 22 17 1 1 12 2 8 9 1 1 2 13 2 9 1 4 1 1 1 1 6 1 1 2 6 3 1 2 2 1 4 10 1 2 1 1 10 1 1 1 2 2 1 1 3 13 13 1 11 1 1 3 15 3 4 9
4 2 2 1 2 3 1 1 1 2 8 8 2 1 2 2 2 15 17 1 2 1 3 3 2 2 4 1 33 1 1 16 2 2 1 1 1 4 47 3 1 1 6 1 2 35 5 1 2 1 1 4 2 4 85 21 8 3 1 3 2 3 3 2 14 1 7 68 2 1 4 1 2 1 48 1 1 2 6 3 48 2 3 1 3 5 2 1 1 1 1 20 2 1 2 2 1 1 1 1 3 5 1 10 1 7 31 2 1 2 1 2 1 4 7 2 4 36 2 1 1 4 1 3 1 1 18 1 2 29 3 2 13 1 6 3 31 8 1 2 1 34 2 13 1 2 1 377 2 5 2 11 1 6 3 3 1 1 7 8 1 2 3 1 1 29 4 29 5 1 4 2 2 1 31 2 1 2 4 2 1 68 3 2 1 4 2 18 1 8 2 1 1 5 1 5 1 1 8 2
5 2 2 18 1 2 1 4 2 3 1 90 1 4 5 2 2 1 2 2 18 4 6 3 4 1 1 2 4 14 1 89 4 4 1 1 2 1 1 3 1 1 2 3 1 1 1 1 6 2 3 1 2 3 5 4 2 1 138 1 3 1 10 2 2 2 2 3 3 18 3 2 1 1 5 2 5 2 1 30 2 1 1 4 3 2 21 1 2 5 1 2 1 1 1 1 8 19 1 3 2 1 2 2 2 4 8 1 1 2 2 5 1 4 2 1 11 2 2 81 2 1 2 1 15 49 2 1 3 2 3 1 1 3 2 1 1 2 4 2 1 1 2 3 3 2 8 1 1 1 1 19 4 4 1 5 5 4 2 13 1 1 2 1 2 4 1 1 64 2 2 5 3 5 1 1 4 2 8 2 2 1 1 1 3 158 15 5 127 1 2 1 1 2 4 1 1 4 3 14
2 28 2 1 1 4 1 6 2 1 2 5 2 2 2 1 2 1 2 3 2 130 5 4 5 2 4 29 1 2 1 1 3 2 2 3 1 1 1 2 1 1 4 2 1 3 6 1 3 4 2 3 1 1 2 6 2 1 2 2 30 1 2 9 2 1 1 2 2 3 2 1 2 9 16 1 3 1 2 5 2 2 1 1 1 1 1 1 2 3 3 1 3 12 2 1 6 3 3 1 1 2 1 2 29 2 3 3 4 3 3 1 3 4 1 1 1 1 3 2 2 2 1 1 43 3 4 1 5 5 8 6 6 2 5 1 3 5 1 1 2 1 1 17 1 1 1 2 5 1 2 3 1 2 2 52 2 2 1 31 1 2 3 6 116 71 1 5 7 2 7 63 3 1 1 1 2 4 7 9 1 3 1 2 34 1 3 2 1 3 1 2 21 7 1 1 3 3 1 2
4 1 1 32 8 2 1 2 1 2 2 2 2 2 1 6 7 2 3 1 4 6 1 2 1 2 4 149 1 2 1 6 3 4 2 16 9 1 5 4 3 8 2 10 13 1 23 2 3 2 21 1 1 5 2 1 15 31 1 1 3 10 2 2 5 2 3 2 5 6 1 2 1 3 2 1 1 1 1 1 2 4 8 3 9 1 30 2 1 2 7 1 2 1 1 4 2 2 1 11 5 4 5 2 1 1 2 2 1 1 6 1 1 4 1 3 12 3 147 9 5 3 3 3 2 6 2 8 1 1 7 1 28 14 2 2 9 1 7 3 1 9 1 2 5 1 3 2 2 2 2 2 9 4 1 2 1 3 39 3 1 2 3 1 2 3 2 2 1 2 4 27 1 1 4 2 9 3 3 5 1 1 3 1 2 7 5 2 10 1 2 1 4 22 2 3 3 4 4 1
6 2 2 8 2 2 1 1 9 7 1 5 1 1 2 14 3 1 3 8 4 11 3 14 6 1 2 7 1 1 1 2 2 2 2 5 2 2 4 3 4 1 5 9 5 2 2 39 9 3 18 4 4 1 1 1 2 2 4 34 1 4 1 5 1 3 2 1 3 2 2 1 3 11 3 2 3 2 1 36 2 1 3 2 1 10 1 2 1 3 2 2 13 3 2 2 1 2 1 1 1 19 2 1 10 1 1 1 5 1 4 1 1 2 1 1 1 25 1 4 5 1 31 2 1 2 2 2 1 2 9 2 3 5 2 11 75 2 2 6 2 1 1 2 1 3 3 2 1 5 8 2 14 9 1 14 1 1 1 5 46 1 1 1 1 1 13 2 1 1 1 1 26 5 2 1 1 1 10 1 8 1 1 6 1 1 2 1 1 1 2 2 1 1 6 24 1 1 1 2
2 1 28 1 2 1 3 2 1 3 3 3 1 1 8 2 1 2 2 4 2 3 4 1 3 1 1 1 4 2 2 1 2 2 1 2 4 2 2 1 2 1 2 9 2 11 1 1 3 13 9 5 2 1 3 3 14 27 6 7 3 2 3 3 1 42 2 2 2 3 2 1 12 2 3 1 8 1 2 2 7 7 3 1 1 2 1 5 2 2 9 1 2 1 7 8 3 5 1 1 5 1 11 2 3 19 3 1 6 11 4 47 3 8 18 2 1 1 1 2 4 16 1 1 1 2 5 3 7 1 9 2 20 2 4 2 4 1 14 2 8 2 2 1 7 27 5 10 4 2 1 9 4 2 8 2 1 4 3 5 2 1 1 32 1 1 2 3 27 5 1 1 1 5 4 1 3 1 4 1 1 5 2 2 1 18 5 1 3 4 1 9 1 40 1 1 2 2 4 1
1 1 5 8 1 1 1 1 2 2 1 2 9 4 4 1 8 1 2 3 4 2 2 6 1 4 1 2 4 9 25 5 1 2 2 3 2 8 2 1 1 15 1 6 2 3 4 2 1 2 1 5 1 1 8 5 21 1 5 2 4 4 3 10 3 2 1 6 3 2 1 2 1 1 1 2 2 1 4 2 10 3 2 4 9 1 1 7 1 2 6 6 2 1 2 1 2 2 1 2 3 38 3 2 2 5 5 2 1 3 1 1 1 1 1 4 1 11 1 2 5 1 1 1 2 1 5 12 2 2 4 2 21 1 3 7 1 1 4 3 3 10 1 7 1 7 3 77 1 1 3 1 1 8 1 1 1 65 4 5 1 2 1 44 4 2 1 1 1 1 2 1 10 3 2 6 2 2 3 5 1 14 6 2 3 1 3 24 1 2 2 1 3 3 1 2 3 2 3 1
17 4 482 8 56 2 2 1 7 5 34 1 2 2 1 4 1 2 1 9 1 6 2 1 2 1 2 1 84 2 8 2 1 2 2 5 1 4 1 2 2 415 1 2 1 2 2 2 16 2 2 1 1 9 1 4 2 3 4 11 1 18 1 2 2 3 3 22 1 2 2 2 2 2 1 1 1 5 1 3 1 2 15 9 2 2 1 2 1 3 2 3 1 1 1 15 1 2 1 3 1 1 1 2 13 1 2 4 1 3 1 1 4 5 2 1 1 17 1 1 2 15 2 5 2 3 2 1 1 2 4 2 2 1 2 11 1 1 2 1 2 9 2 2 3 2 1 3 5 2 2 1 3 2 1 3 3 6 5 2 1 2 2 2 1 3 4 1 21 2 1 3 3 1 1 1 2 1 89 1 29 1 2 5 1 1 1 3 2 1 1 7 2 2 39 1 1 2 11 3
2 2 3 1 35 1 2 2 2 1 48 7 3 3 1 1 1 1 8 1 1 1 8 2 2 1 7 6 443 3 11 2 2 11 5 2 2 1 1 77 9 1 4 6 8 1 1 2 1 2 1 1 2 3 2 16 1 7 9 3 3 1 6 1 2 1 2 1 2 51 1 2 1 4 1 3 3 1 3 2 2 1 2 1 2 2 10 1 3 3 11 1 3 1 3 2 2 1 1 2 1 14 2 5 3 6 15 1 6 9 1 7 4 2 1 2 11 1 2 4 1 2 3 1 14 2 1 2 1 1 2 3 1 1 2 1 1 1 1 17 2 2 4 1 2 7 2 10 3 1 1 1 1 3 37 1 2 1 10 5 2 2 1 4 2 1 7 1 1 6 13 1 1 2 2 4 1 4 3 2 2 3 2 2 2 1 4 2 1 1 1 1 1 3 2 1 2 7 2 1
2 1 2 2 1 2 1 1 1 41 1 3 1 23 1 3 3 3 1 1 2 3 5 4 2 3 25 4 3 2 7 1 2 2 1 2 1 1 1 3 38 2 1 4 70 13 4 1 7 2 4 3 13 2 2 2 3 2 17 1 2 1 4 2 1 1 3 1 8 3 6 1 1 2 4 2 1 2 1 3 2 2 1 2 8 1 1 1 4 1 2 2 2 2 1 1 14 2 6 2 2 1 3 2 5 2 2 1 1 6 8 1 1 131 19 1 2 2 1 2 1 6 1 2 2 61 4 1 2 5 4 2 1 44 1 4 4 2 4 2 4 1 2 1 4 1 4 5 2 3 2 2 3 6 3 1 1 3 3 2 1 3 8 1 7 1 1 1 4 3 1 2 1 2 2 4 2 3 2 3 2 2 8 1 1 1 2 2 2 1 1 3 1 5 2 9 4 5 1 4
2 1 4 37 17 30 2 4 9 10 1 3 1 35 1 5 1 1 1 3 2 2 2 3 3 2 8 5 3 3 5 1 6 5 2 4 1 5 18 1 2 3 3 1 1 8 1 35 6 1 1 2 4 1 1 2 3 16 6 6 2 1 3 1 3 1 1 4 1 1 1 1 1 1 4 3 11 1 20 4 4 11 3 3 2 3 8 2 2 2 1 2 2 1 1 3 2 1 2 2 2 1 2 2 2 2 2 2 1 3 2 2 1 2 349 98 3 6 2 1 16 3 193 1 2 2 1 2 1 16 12 1 2 1 4 2 3 5 1 3 3 5 1 2 12 2 1 3 2 48 1 3 92 2 3 1 4 1 3 2 5 2 3 8 69 1 10 1 19 1 9 8 1 6 2 6 2 2 2 2 1 1 1 1 1 3 1 2 1 2 4 4 1 1 1 1 2 3 1 1
1 2 1 1 1 2 4 3 4 1 3 17 3 2 1 4 3 3 2 2 4 2 6 2 2 2 2 2 2 1 3 1 5 3 3 2 4 5 2 5 9 1 9 3 2 4 3 1 4 1 127 2 2 2 6 9 1 2 14 1 6 2 1 2 1 3 7 1 1 1 4 3 1 2 1 1 2 1 2 1 2 40 1 3 14 1 12 1 1 1 1 51 14 1 5 4 6 3 1 17 2 13 2 1 5 3 3 3 4 23 2 1 4 7 30 1 2 1 29 5 2 3 2 4 6 2 3 2 1 2 2 1 2 8 2 3 1 1 40 2 1 4 16 5 3 1 27 9 6 2 1 1 1 8 19 6 3 1 1 1 2 6 11 1 3 1 5 1 1 5 1 2 2 1 1 2 10 9 3 12 1 2 1 1 1 1 5 1 1 4 4 1 1 1 1 2 1 5 1 1
2 2 1 2 2 2 1 2 3 1 10 16 5 3 1 2 7 1 2 1 6 2 3 2 4 8 2 14 4 1 8 4 2 1 2 8 1 4 8 33 1 1 1 2 1 1 2 1 1 1 2 4 3 14 3 2 1 1 1 3 3 8 5 4 1 7 2 2 2 1 29 4 3 5 3 1 19 1 4 2 1 1 1 5 7 1 28 2 3 1 1 24 1 2 1 4 28 1 1 2 2 1 1 3 10 5 1 3 5 2 5 1 1 1 2 26 2 2 1 13 2 1 1 1 1 2 1 4 2 2 2 449 15 17 1 3 1 3 3 1 1 2 1 15 1 3 3 2 3 2 1 2 4 2 1 3 2 2 3 2 2 8 1 17 1 1 5 11 2 1 1 2 30 1 4 3 1 1 18 2 6 1 2 2 50 2 3 2 1 13 1 1 2 6 11 2 2 1 1 5
1 1 1 2 6 1 2 3 12 2 2 3 4 37 14 1 1 4 2 1 1 2 9 4 1 1 1 2 5 5 2 1 3 6 2 19 1 6 1 1 1 1 2 7 25 2 2 2 1 2 14 3 2 2 4 2 1 3 1 1 18 1 14 4 3 3 2 5 2 3 1 1 1 2 6 1 3 1 1 12 7 1 3 1 2 1 2 1 1 2 1 3 5 2 1 5 1 1 1 3 1 1 2 2 3 2 8 3 1 8 2 7 2 1 1 1 2 3 5 1 5 17 3 1 2 57 2 1 9 5 1 1 2 2 8 2 2 8 2 2 1 1 1 2 9 1 6 2 11 4 2 2 6 8 5 1 3 6 2 17 3 2 1 3 12 10 1 1 1 7 1 2 7 2 1 2 2 2 1 2 5 5 2 2 2 3 5 1 1 1 9 15 1 2 2 1 1 2 6 2
3 1 2 3 9 3 6 18 1 1 1 2 1 7 1 2 2 5 5 55 2 8 1 3 2 2 1 4 2 1 2 3 5 1 1 1 1 1 40 4 1 1 1 1 1 3 2 5 2 2 1 11 3 6 4 1 2 1 5 1 7 3 2 1 1 2 1 2 1 1 2 76 2 3 31 6 1 1 2 2 3 1 8 25 2 3 14 1 1 3 2 2 16 1 30 3 2 35 5 193 4 1 36 1 5 86 10 1 3 5 2 2 4 22 1 1 11 1 1 2 1 6 2 1 4 9 3 2 30 5 3 2 2 1 4 1 6 1 2 2 1 1 1 2 3 1 117 7 1 2 1 2 1 3 2 2 41 1 7 2 2 6 2 1 4 5 2 2 1 5 2 2 3 2 22 4 11 2 1 1 1 1 1 1 2 1 4 5 2 1 13 6 2 3 1 3 2 1 2 2
1 1 1 57 2 7 1 2 35 1 1 6 2 1 10 3 2 14 22 2 2 9 15 2 15 1 1 60 13 5 1 1 3 2 1 1 5 28 2 3 1 1 2 2 4 14 2 3 9 1 1 1 1 13 1 2 2 5 1 1 1 2 12 1 299 2 14 1 2 1 11 2 11 1 1 2 2 1 5 1 1 1 2 2 1 13 2 2 2 3 2 1 1 1 2 2 2 24 3 3 3 3 1 1 6 4 2 1 2 1 12 2 2 2 8 2 2 9 7 1 1 2 60 2 1 3 2 1 3 1 2 2 4 1 4 1 10 1 47 1 10 19 6 1 1 3 1 3 2 6 1 1 2 2 2 2 2 15 3 12 1 2 1 1 4 1 2 1 5 6 2 1 9 4 3 5 2 1 2 6 2 2 1 2 2 1 2 5 1 1 3 1 10 16 1 4 2 8 2 3
2 2 1 1 1 5 1 1 2 7 1 3 2 3 1 2 1 4 1 2 3 1 2 2 5 1 2 4 1 152 1 5 3 2 1 2 1 2 54 4 1 1 1 11 19 2 8 1 3 3 2 4 3 2 15 3 1 4 1 4 5 2 2 2 1 3 3 2 2 4 2 14 2 7 3 1 16 1 1 1 2 3 1 2 3 1 3 2 18 2 2 21 6 2 3 2 4 3 2 2 7 5 43 1 2 7 2 2 1 2 3 1 6 3 3 3 1 2 2 1 1 2 1 16 7 1 7 1 1 1 26 22 1 21 2 1 16 1 4 2 2 3 123 1 9 2 1 1 1 4 1 3 11 4 7 1 18 2 38 1 1 2 3 2 12 2 2 3 24 1 1 3 1 2 2 2 3 1 1 1 2 2 8 1 1 1 7 2 10 2 2 2 1 1 2 3 18 4 2 3
1 2 10 1 2 2 1 2 2 2 12 2 15 1 85 2 1 20 3 1 2 19 3 1 1 14 1 1 33 2 3 2 2 1 6 2 1 1 1 1 63 3 1 5 4 4 3 4 37 4 2 4 2 2 1 2 2 4 1 1 3 4 1 1 2 1 1 1 6 2 4 1 1 2 2 4 3 2 12 1 2 1 1 1 2 2 2 3 2 2 2 13 3 2 1 1 1 1 7 91 1 1 1 2 2 2 1 2 1 5 1 26 3 1 1 1 2 87 3 1 5 2 7 5 1 14 2 1 1 2 1 1 5 2 2 1 3 9 21 1 10 1 2 1 11 2 10 3 1 17 1 2 490 5 2 2 3 6 1 1 3 1 2 2 1 5 2 3 2 5 14 3 1 7 2 1 1 1 1 2 2 5 3 1 1 1 2 5 2 1 3 1 2 2 2 2 2 2 2 1
24 1 5 1 5 8 9 1 1 1 2 4 2 2 2 1 27 14 2 2 3 3 2 2 6 2 1 2 1 2 1 15 3 1 1 8 1 1 1 3 1 11 1 2 8 2 5 1 2 2 1 3 1 3 2 2 7 3 5 1 2 21 40 3 2 6 2 220 2 1 2 2 3 1 3 4 2 1 2 2 10 1 2 3 64 71 3 1 14 3 2 1 3 5 1 7 3 1 8 1 1 1 1 1 2 38 1 3 1 4 1 2 6 33 15 2 1 1 2 13 1 1 4 29 2 2 2 1 4 5 1 1 1 4 8 13 16 1 1 1 2 2 2 2 1 4 2 10 3 4 3 2 7 1 2 2 5 4 1 50 4 1 2 2 2 4 4 1 2 1 2 7 1 1 3 3 4 6 3 3 2 10 1 66 2 1 184 21 1 5 1 2 4 13 8 2 2 499 1 6
2 5 1 1 5 5 5 1 1 2 4 7 3 1 1 2 1 3 1 2 4 1 1 16 9 2 9 1 5 2 1 2 3 1 1 1 2 358 3 1 2 1 2 5 2 2 1 1 21 3 4 6 3 1 1 2 127 6 1 1 2 10 1 3 7 33 1 1 2 5 1 4 7 3 1 1 42 2 1 1 1 1 4 1 21 26 1 5 1 2 1 2 1 1 2 3 18 3 2 5 1 39 2 7 1 4 2 3 2 1 1 8 3 3 5 8 3 2 3 12 3 1 2 2 7 8 3 2 2 1 1 2 2 4 3 1 1 2 3 2 1 2 1 2 1 1 1 26 5 2 2 15 11 7 4 4 2 5 2 3 1 1 2 2 1 5 21 2 1 2 1 2 4 4 14 12 2 6 5 1 2 2 1 1 2 2 2 2 3 2 2 3 1 3 1 1 2 1 9 4
1 6 11 10 8 1 3 1 6 5 10 1 9 2 11 16 1 5 1 7 2 3 2 1 2 2 9 9 2 4 1 2 2 1 6 4 13 101 2 2 11 1 2 1 4 1 3 1 1 24 2 2 2 1 2 1 1 2 2 7 2 1 4 12 1 3 1 1 11 18 1 1 11 2 1 2 2 5 1 1 1 5 2 3 3 1 1 3 2 7 10 2 27 1 1 7 2 2 22 1 4 7 2 5 4 3 2 1 68 1 2 30 1 3 2 1 1 5 6 8 14 1 3 1 5 1 8 3 1 3 9 1 31 1 5 2 1 3 2 2 1 2 2 1 6 58 2 1 3 1 1 9 1 1 4 2 3 2 1 1 1 4 1 1 2 5 2 3 1 3 1 1 2 2 3 3 2 1 5 1 1 1 8 26 1 1 2 2 1 3 3 2 1 1 1 1 1 5 1 1
1 1 9 1 2 2 2 1 103 2 1 1 2 12 1 17 2 7 2 13 2 1 4 2 4 1 1 35 1 9 2 16 14 2 1 3 3 3 1 1 10 5 1 2 2 1 2 1 1 2 2 1 12 4 3 1 6 3 2 2 2 4 23 2 2 1 4 33 1 1 1 9 1 8 2 2 13 13 1 2 10 2 1 2 2 1 1 2 2 5 1 9 3 4 10 2 1 2 15 2 1 1 3 1 2 3 2 2 1 1 386 5 2 2 2 1 20 1 1 4 2 2 7 1 2 8 1 21 5 3 3 6 2 1 2 18 2 1 2 2 12 9 1 6 1 2 4 3 3 27 6 2 2 13 5 13 2 3 1 1 7 2 3 1 2 5 2 4 1 4 2 2 62 3 12 7 2 3 10 2 1 21 2 2 2 4 6 2 35 1 2 1 1 1 24 54 2 12 70 5
2 6 2 3 1 2 2 3 2 4 2 2 3 3 2 6 2 1 1 3 1 3 2 2 2 1 46 2 1 2 2 1 1 1 3 1 1 13 2 4 2 2 6 2 2 5 75 1 1 2 6 78 1 1 11 74 288 2 2 9 6 1 1 5 1 2 8 2 3 1 5 1 18 3 1 3 2 1 5 2 2 1 2 1 2 8 1 14 1 1 2 3 293 4 6 2 1 2 1 1 1 1 2 2 1 1 1 330 1 2 7 1 1 2 3 2 3 3 3 3 4 1 1 1 1 1 6 2 1 3 3 2 2 2 14 2 6 12 2 17 1 5 20 1 3 2 1 1 9 9 3 1 2 1 1 2 15 2 1 1 6 1 7 5 4 2 4 5 1 1 2 1 2 3 2 1 2 3 1 1 2 1 2 6 2 2 1 3 4 3 398 1 60 1 1 3 51 1 2 2
1 1 1 5 40 1 1 2 1 3 1 2 4 4 4 1 1 2 1 2 1 6 2 2 14 3 3 1 1 2 12 1 1 3 1 2 1 2 5 47 13 1 2 1 1 4 4 1 3 3 2 2 12 3 34 1 4 1 2 2 2 1 2 2 3 2 1 2 7 2 7 4 2 2 1 1 2 1 1 1 2 2 1 1 1 4 3 4 1 1 2 1 1 4 2 12 1 2 1 12 1 1 2 1 1 1 4 2 2 1 1 5 2 3 2 1 1 1 2 74 3 1 3 2 1 5 1 1 1 1 1 2 2 3 3 17 1 1 5 1 2 3 2 2 1 2 1 2 1 4 1 1 8 1 3 4 1 1 1 1 1 1 3 3 4 2 8 23 1 1 2 3 2 2 2 2 1 1 1 1 3 1 8 1 2 2 2 1 3 5 1 2 74 2 1 1 2 1 2 2
6 3 1 2 2 1 2 7 1 1 2 2 2 24 3 1 3 4 6 3 22 3 3 1 6 1 74 2 1 7 1 10 1 1 2 5 3 14 1 2 2 1 3 2 2 1 4 2 3 7 7 2 60 19 2 7 1 3 2 1 1 1 1 1 2 1 3 4 3 18 1 21 1 1 1 4 1 2 280 2 26 5 3 1 101 1 1 1 2 1 1 10 4 7 2 1 1 1 1 4 3 1 1 2 2 2 1 1 1 4 2 1 1 3 1 1 1 2 1 2 2 1 2 1 1 1 2 1 1 2 2 1 19 1 4 2 4 3 1 2 6 4 1 2 3 25 55 2 2 1 1 1 42 1 3 5 11 1 5 1 4 4 2 1 14 2 2 1 1 1 2 4 3 1 2 5 14 6 3 6 2 6 2 1 2 2 5 1 4 2 4 1 4 1 1 18 1 2 1 4
1 1 2 8 19 2 2 104 2 2 2 1 2 2 2 2 1 4 2 1 7 1 1 7 5 2 3 2 1 2 1 2 18 4 8 1 1 3 8 14 7 2 6 1 1 9 4 1 2 6 9 2 7 4 3 1 10 1 2 1 3 1 157 3 1 1 1 1 1 2 1 5 1 3 1 1 1 1 7 1 16 2 1 8 2 1 2 1 44 2 1 2 19 3 2 14 1 6 9 4 3 1 3 2 2 3 1 14 1 3 4 4 1 1 8 6 4 9 2 8 2 1 1 33 1 1 8 24 1 6 13 2 3 3 5 2 1 1 1 2 1 1 2 2 4 2 19 1 54 1 2 2 2 4 10 2 5 1 1 2 3 2 1 1 2 3 1 1 1 1 1 2 2 3 1 3 1 2 1 1 2 3 2 1 1 40 4 1 3 3 1 11 5 1 1 5 2 1 1 2
12 3 12 2 1 1 1 1 1 2 2 2 1 1 2 2 5 1 8 1 1 1 2 1 2 1 4 1 3 1 7 1 2 8 1 4 2 1 27 30 7 1 1 2 1 1 1 2 2 10 1 1 5 2 6 1 1 3 5 2 1 3 12 1 1 3 1 2 3 1 2 1 2 3 1 4 5 24 1 1 2 1 1 1 1 3 2 10 1 1 8 8 1 1 2 5 2 2 1 9 1 2 9 6 9 5 1 3 2 5 10 3 2 24 1 5 1 4 5 1 4 2 11 12 1 17 2 3 1 3 6 2 12 2 11 7 2 24 1 1 3 6 8 1 1 1 4 7 3 4 4 3 2 6 1 2 2 1 3 1 2 1 2 2 2 1 2 4 2 5 2 2 1 2 1 1 12 1 3 9 1 9 2 9 1 1 2 2 1 1 1 2 1 1 35 2 2 2 9 1
2 1 1 2 9 1 15 1 2 23 1 1 3 1 3 12 2 5 2 1 2 2 3 3 9 2 2 2 9 2 2 1 1 1 1 1 1 118 10 2 6 7 2 2 3 3 2 3 16 2 3 2 3 3 2 3 3 3 1 1 1 2 3 3 1 1 13 2 1 2 1 2 2 1 2 1 5 11 1 1 2 2 2 3 2 3 51 10 4 1 1 1 2 5 1 1 18 1 2 1 98 4 1 1 4 63 34 2 3 1 9 2 3 1 6 6 1 4 5 2 1 3 5 193 5 2 5 1 2 4 7 2 1 1 3 3 1 3 2 2 11 2 4 2 3 3 1 6 1 2 1 8 2 5 3 1 1 1 2 3 2 4 4 2 5 4 2 2 3 1 2 1 1 1 1 5 2 11 3 1 7 1 1 1 2 1 10 3 1 2 1 1 2 11 1 3 3 8 2 1
1 6 11 4 1 1 2 2 4 2 2 14 1 2 5 2 2 2 4 2 2 2 3 1 2 2 3 5 2 3 4 2 2 1 4 4 1 1 4 2 1 10 5 5 12 2 2 1 4 121 2 42 2 1 1 2 2 1 1 2 7 1 1 3 4 2 1 1 1 5 2 3 4 10 9 4 2 3 3 1 1 1 1 2 1 10 2 18 1 3 52 3 2 2 193 1 3 3 26 4 2 3 2 3 4 3 1 1 17 1 2 1 1 1 8 1 1 2 1 2 2 1 1 1 2 1 3 1 2 1 1 2 6 1 7 2 1 3 2 1 1 1 29 3 1 89 2 1 2 1 3 2 1 2 1 5 1 2 2 1 2 1 2 13 8 6 23 7 4 2 1 1 3 3 2 2 2 3 8 2 1 2 3 21 3 2 6 1 1 1 4 1 2 4 12 2 2 2 4 3
1 1 3 2 1 2 5 5 6 7 1 1 1 1 4 8 2 3 3 1 1 16 24 1 2 2 1 4 7 11 4 4 2 23 1 2 2 2 1 1 2 3 5 2 24 60 5 3 1 1 1 3 1 2 2 2 1 1 1 1 2 2 2 6 1 1 2 3 1 8 2 9 1 3 54 3 1 4 1 5 26 2 1 3 1 2 1 3 2 1 7 3 1 2 3 3 2 4 1 31 2 1 5 3 1 1 5 1 2 1 1 1 7 5 1 2 1 1 8 1 3 3 6 2 2 2 1 2 1 8 3 1 1 1 13 2 1 1 17 7 2 3 4 1 1 2 9 1 1 11 1 2 1 4 5 2 2 3 2 23 3 2 1 2 2 3 4 1 2 2 1 1 19 1 5 3 4 1 36 2 7 5 1 1 2 5 2 2 3 3 3 1 2 7 1 2 4 7 3 1
7 1 3 2 5 1 2 1 5 6 3 1 1 1 1 1 1 5 2 1 2 8 3 2 2 6 5 1 2 1 1 1 1 7 18 1 1 73 42 4 1 1 3 2 1 5 99 1 1 1 2 1 2 2 1 3 1 3 3 1 1 1 1 3 1 7 1 1 3 8 1 2 7 2 1 3 2 2 1 7 1 3 1 2 3 4 5 4 13 3 3 1 3 2 7 1 3 2 3 3 3 4 7 1 6 1 1 4 2 1 2 195 2 28 3 4 2 1 3 1 3 1 17 2 14 1 4 2 1 1 2 2 2 3 2 1 241 1 37 1 1 8 3 2 2 5 4 1 6 2 3 3 1 4 2 5 2 5 1 16 1 1 4 1 5 3 2 3 1 4 13 6 13 4 2 2 6 26 1 8 1 20 3 3 3 2 2 1 2 1 9 2 2 3 5 1 3 1 5 3
5 15 1 1 3 1 2 1 1 2 1 17 2 42 2 1 1 2 1 6 8 4 1 3 7 1 1 2 2 1 108 8 7 1 104 4 4 2 2 1 4 1 3 1 3 1 8 2 2 1 4 24 2 2 48 5 5 7 1 1 19 1 2 3 4 2 2 1 4 4 14 3 1 4 1 1 2 1 2 1 2 2 1 2 1 1 3 14 3 1 4 1 1 1 12 1 1 5 2 2 1 2 2 2 2 2 1 2 17 1 3 1 1 2 1 2 8 9 34 1 2 3 2 2 5 4 5 2 3 1 19 83 2 2 9 9 1 1 1 1 1 2 1 9 5 4 2 1 3 1 5 8 1 1 1 2 2 1 2 7 2 2 2 11 1 1 1 9 62 3 3 2 3 8 2 1 2 4 43 1 1 32 9 3 4 1 1 1 1 1 4 1 1 5 19 7 1 1 5 1
2 1 3 7 10 7 65 66 1 1 24 4 1 25 3 1 3 1 1 3 1 4 1 3 1 6 1 4 3 1 2 6 3 14 1 3 31 2 28 1 1 1 2 2 3 1 2 1 1 2 3 5 2 1 1 2 1 7 6 3 1 2 6 2 10 8 5 46 1 2 7 33 2 41 2 6 1 3 1 2 3 3 8 1 4 1 2 1 10 9 1 2 3 3 2 3 5 1 2 2 5 2 5 2 2 2 32 20 2 1 450 1 1 1 3 3 2 11 3 1 63 1 3 5 1 2 4 1 1 3 6 1 1 3 6 1 7 2 14 1 1 2 13 1 2 2 4 1 2 1 4 3 2 1 1 1 7 1 4 8 2 5 1 37 3 2 1 1 2 2 3 1 1 15 2 1 1 25 5 1 1 3 2 1 1 6 1 1 5 2 2 2 3 2 4 1 2 2 4 1
1 1 12 2 5 2 28 1 3 9 3 1 2 3 1 3 3 2 1 249 5 2 11 4 1 1 185 1 2 1 10 1 1 4 2 15 1 1 24 2 3 2 1 1 7 1 2 1 1 1 2 2 2 11 35 1 4 5 1 11 1 2 1 2 1 1 4 3 8 1 1 1 2 1 1 7 1 3 3 4 1 1 1 2 3 2 1 2 1 2 2 4 2 1 2 1 1 2 2 2 3 9 3 2 1 8 2 3 15 2 2 2 11 2 1 1 1 3 1 2 1 2 5 10 2 1 3 1 2 1 1 4 1 2 129 1 1 2 2 1 2 5 6 2 1 6 1 1 1 3 2 5 3 4 1 1 2 3 3 2 8 3 1 1 2 1 32 2 7 23 3 1 7 1 2 1 2 1 15 3 8 1 5 3 1 10 3 3 15 1 2 2 1 2 1 1 1 2 9 1
3 1 1 2 3 6 1 1 2 1 4 1 1 1 8 27 1 2 2 13 1 2 2 2 1 2 3 1 2 1 2 2 7 2 14 2 4 1 4 9 4 1 2 40 1 185 1 2 3 2 7 3 11 1 31 1 5 2 1 57 1 1 2 7 2 124 1 1 2 1 3 3 1 23 2 2 22 3 10 1 8 1 1 1 6 3 4 7 1 1 1 4 4 1 3 6 3 10 10 1 1 2 7 1 1 46 1 2 1 1 1 1 4 6 3 29 27 1 4 1 2 1 2 1 1 1 26 2 2 1 2 1 6 3 1 2 2 2 6 1 7 84 2 2 6 2 15 6 137 2 1 2 2 1 50 2 7 5 1 8 1 4 2 7 1 3 2 2 3 12 1 2 3 2 1 2 8 5 1 10 7 2 1 10 1 2 6 2 1 1 1 1 1 4 2 2 2 3 2 2
2 1 1 6 1 5 2 5 2 1 2 6 2 1 2 59 1 5 80 1 5 3 10 1 2 2 2 220 9 4 31 1 45 5 6 1 2 1 1 2 1 72 1 1 1 5 2 2 4 2 2 4 3 3 2 1 4 5 3 1 1 2 2 6 1 6 3 3 1 5 306 2 1 49 8 2 2 1 2 1 2 4 2 2 11 2 1 2 6 1 21 2 1 1 2 2 1 3 1 2 1 5 1 12 1 2 1 3 8 21 11 1 2 1 3 21 1 2 10 1 6 2 11 1 3 11 2 2 3 2 1 3 1 2 1 1 1 3 2 4 27 4 2 1 8 1 2 1 1 1 1 2 6 1 1 1 31 1 1 3 2 5 1 2 2 1 1 5 2 1 5 1 6 2 2 2 2 1 4 1 2 2 1 9 5 4 2 1 9 1 2 1 54 2 1 2 10 4 26 4
2 6 1 8 6 8 14 2 3 2 2 19 2 2 1 8 2 2 12 1 6 1 1 1 2 2 1 3 7 1 1 2 1 2 1 2 16 2 1 1 2 2 1 1 1 5 2 4 2 1 2 1 3 3 179 1 11 1 1 3 3 7 1 2 2 1 1 2 1 2 1 2 6 2 1 2 5 1 2 1 1 1 1 2 2 1 1 11 9 2 1 7 42 3 1 5 2 4 2 1 2 55 3 3 2 1 1 3 2 1 4 1 5 1 1 2 6 2 5 1 2 3 2 1 33 2 6 3 4 1 1 5 2 1 3 6 2 1 1 1 4 3 2 1 3 1 2 2 6 8 1 1 72 1 6 53 1 5 4 7 2 3 6 1 1 1 2 2 2 2 5 3 1 1 1 1 1 2 1 2 1 4 2 1 9 2 1 1 2 1 3 4 1 2 2 1 2 2 3 53
3 3 27 3 2 6 1 3 1 11 33 1 9 7 2 1 1 2 2 2 2 4 2 1 3 2 8 6 2 1 24 15 1 32 32 5 3 1 73 7 18 3 1 2 1 5 5 1 3 1 2 6 2 9 4 3 5 7 2 106 6 2 8 3 2 2 6 1 1 2 2 3 9 1 3 2 4 1 3 2 2 56 1 4 5 4 2 1 2 14 1 1 1 1 2 1 4 2 15 2 5 1 2 3 2 1 2 7 9 2 2 7 7 2 3 4 1 5 4 1 3 2 1 2 1 2 1 1 1 2 3 3 1 1 1 4 1 2 2 1 1 2 3 27 3 1 2 1 2 20 1 1 4 4 5 1 2 1 2 2 3 2 1 5 32 1 1 2 4 2 9 1 8 12 10 4 3 3 3 6 1 2 2 3 4 1 14 1 96 5 7 8 1 1 3 2 2 1 5 2
2 1 1 1 2 2 2 2 2 130 2 8 22 2 6 2 3 2 12 5 1 5 1 2 1 2 2 2 3 1 1 1 1 3 2 4 13 1 1 34 2 2 1 1 53 2 1 2 2 1 7 22 3 1 2 3 2 42 4 2 1 1 1 4 2 37 7 2 1 4 7 3 3 1 1 1 4 4 2 3 1 1 1 1 1 1 2 1 1 1 5 2 1 3 2 1 1 1 2 1 2 25 1 2 1 2 4 78 3 6 5 18 1 4 1 2 2 1 1 1 2 26 60 2 1 1 5 6 3 2 2 1 1 8 2 1 3 1 7 6 3 2 1 2 3 6 2 3 1 6 6 2 2 1 1 2 1 2 4 1 3 3 2 3 4 2 1 5 1 1 10 27 4 2 2 1 10 17 1 1 3 5 1 7 2 1 1 1 2 1 3 2 4 3 3 1 1 23 3 2
2 1 3 1 25 6 1 6 2 2 1 3 3 10 2 19 37 1 2 6 1 2 1 17 14 1 2 154 3 2 35 3 2 1 3 14 3 1 18 2 2 192 1 1 2 3 2 1 1 21 1 1 1 4 7 1 2 2 2 5 9 1 1 2 1 6 48 2 1 6 9 1 1 2 1 1 3 5 2 2 2 5 9 3 3 5 1 2 40 2 1 1 1 1 2 1 3 2 3 1 2 3 2 2 5 1 5 24 1 2 1 1 4 2 2 1 5 1 2 1 1 12 6 15 1 2 2 19 2 1 2 1 9 1 3 5 2 38 1 1 1 1 4 28 6 1 2 1 15 1 4 8 15 1 1 7 10 1 29 1 1 1 2 4 2 2 2 26 4 1 3 2 2 1 3 1 3 12 4 3 2 3 91 4 5 3 1 1 3 1 2 2 2 1 3 1 4 2 7 2
3 11 1 3 2 5 1 7 1 2 4 1 1 1 1 1 1 6 1 2 1 4 1 1 2 1 2 1 1 5 1 16 2 19 2 1 4 2 1 1 1 3 6 2 3 1 1 4 6 3 1 2 2 2 45 1 1 3 2 1 2 1 1 7 1 2 4 3 3 2 5 2 2 2 1 2 3 34 5 1 1 2 1 2 1 1 1 4 2 2 1 3 2 2 2 5 1 3 1 2 3 2 30 1 3 9 4 2 1 2 1 3 3 1 1 14 5 8 1 1 1 2 3 3 51 2 2 2 2 2 150 1 2 1 1 1 2 3 24 10 5 1 2 2 1 3 2 1 1 3 1 2 49 8 2 2 2 2 1 4 1 1 38 28 1 3 2 3 5 1 2 2 1 1 3 5 2 2 2 2 5 1 5 6 3 2 1 2 2 10 3 2 1 1 6 7 1 1 5 1
