200
251 403 222 430 413 414 236 141 215 410 223 375 405 364 477 368 351 155 310 127 333 170 289 435 435 319 487 180 176 233 335 221 459 485 147 279 416 244 139 358 112 394 128 217 204 239 449 495 494 193 375 475 423 279 498 185 430 129 247 386 213 283 472 481 224 397 459 156 342 105 191 145 341 305 469 131 309 329 229 127 353 135 143 234 272 260 165 455 297 162 130 471 196 333 255 195 436 196 229 423 495 325 342 313 435 105 287 490 337 177 407 428 329 312 485 289 260 257 402 271 295 318 139 214 478 349 217 139 426 200 276 438 406 339 335 250 444 419 290 474 340 356 334 103 211 457 310 381 239 165 123 369 285 296 488 311 239 150 281 405 213 487 217 436 420 177 222 256 335 329 106 165 202 255 372 493 247 255 182 295 325 168 115 487 185 126 483 338 140 271 468 106 402 436 216 113 218 346 123 466
3 3 4 5 5 2 4 6 4 5 4 5 3 1 2 3 2 1 6 5 3 5 5 3 6 5 1 3 4 5 3 2 3 1 4 2 3 2 4 1 1 6 5 6 3 2 3 6 1 6 4 2 5 5 1 2 1 2 1 3 2 1 6 4 3 3 1 5 2 6 2 6 5 4 4 3 2 4 2 2 3 5 1 3 6 3 6 5 5 1 4 1 3 1 4 4 1 6 6 1 4 6 6 6 4 6 2 6 3 1 4 3 4 3 2 6 2 6 4 4 5 6 6 2 1 2 2 2 2 1 6 2 5 2 6 1 1 2 5 4 1 2 1 6 4 3 5 6 5 1 6 3 4 4 5 2 2 6 1 1 3 3 3 6 1 1 2 3 2 1 5 5 1 5 1 6 6 1 1 2 2 2 1 1 3 6 3 1 1 3 4 3 5 1 2 6 3 5 6 1
1 2 1 2 2 2 1 1 3 2 2 1 9 1 2 3 2 2 2 5 5 2 27 4 1 3 11 1 6 9 1 2 7 2 2 1 5 13 7 3 2 1 2 2 1 2 10 1 1 3 3 3 12 26 1 1 1 2 1 2 11 24 2 1 12 4 2 2 2 1 7 2 7 8 2 1 3 2 2 5 1 42 1 4 1 3 10 2 1 1 3 1 2 1 1 2 3 2 1 2 1 8 3 5 2 76 2 4 1 4 2 2 2 2 2 5 1 1 1 4 2 2 1 1 178 1 2 2 12 10 7 1 4 1 1 1 1 3 4 1 23 4 2 2 2 3 5 1 10 3 1 6 2 2 3 2 2 9 8 2 2 72 7 1 2 1 4 7 4 1 5 5 2 1 1 3 3 85 1 2 1 1 1 1 2 10 2 11 4 1 10 26 4 1 13 3 2 10 1 3
1 2 1 2 1 3 7 2 11 2 4 5 1 2 2 2 2 12 1 2 2 39 1 2 5 2 23 7 1 3 1 1 3 11 4 21 1 26 2 2 3 5 10 109 3 1 4 4 4 6 56 2 6 8 2 2 1 1 3 2 5 8 3 3 1 1 2 2 1 6 6 3 1 9 2 2 1 3 3 2 2 69 2 3 1 1 1 1 4 3 9 2 3 2 2 2 1 2 3 4 7 2 1 2 1 2 22 1 3 9 2 15 2 3 5 2 1 1 1 1 2 1 2 3 2 4 30 1 3 9 3 3 2 1 1 6 1 5 1 1 3 2 2 4 412 2 2 2 312 1 2 1 1 3 21 3 11 11 14 1 3 10 4 1 10 1 2 1 1 4 2 10 2 3 1 1 2 4 1 27 5 1 9 2 1 2 1 1 2 2 13 1 1 2 3 2 1 79 1 7
3 1 2 2 9 2 4 3 2 2 1 2 1 2 1 2 3 2 1 2 2 1 1 6 1 3 3 1 1 2 2 2 2 3 1 3 2 2 2 13 1 3 4 17 2 3 2 11 1 92 2 6 3 1 27 1 1 1 2 3 10 1 5 6 4 3 1 1 2 4 1 3 5 2 5 2 2 1 6 1 5 1 23 6 13 4 5 2 3 2 4 2 1 7 46 1 2 2 3 4 5 1 2 1 1 3 1 8 2 1 3 1 1 1 14 7 2 2 11 3 2 42 2 2 4 20 1 2 2 15 6 4 2 1 35 2 1 2 1 1 2 1 16 20 17 24 1 2 20 3 2 3 2 3 5 1 1 1 9 2 6 4 3 3 68 1 1 1 10 7 6 2 2 27 3 2 8 12 2 15 3 1 2 1 1 9 11 5 39 19 2 8 8 1 2 7 12 6 2 11
29 2 2 5 1 3 1 9 1 7 2 1 1 1 12 2 1 2 7 1 3 2 5 46 3 2 1 3 2 4 1 2 1 1 4 5 1 3 4 2 2 1 3 3 4 1 1 4 3 3 15 15 5 3 1 2 1 5 2 2 2 1 23 12 1 2 4 2 3 2 2 12 2 3 2 5 1 5 1 5 3 1 1 8 5 2 5 2 2 3 1 3 2 2 2 3 2 1 1 11 4 5 2 11 2 4 4 5 28 2 4 2 2 2 4 7 1 3 1 2 1 2 1 1 12 19 53 2 1 2 3 1 9 2 2 1 2 1 1 2 2 52 2 2 3 2 2 2 1 1 7 1 6 3 1 1 1 2 70 8 2 5 5 1 43 1 1 1 1 1 18 2 7 3 5 2 4 2 2 1 1 1 1 1 4 1 1 5 2 1 1 2 7 1 1 7 3 1 1 3
16 3 1 6 14 8 1 2 2 1 2 4 3 8 4 3 2 5 6 35 1 1 1 1 2 2 2 1 1 2 1 1 2 1 5 2 1 2 1 1 2 2 1 1 1 3 6 2 6 4 2 6 3 1 3 2 3 1 13 2 1 1 4 1 26 2 2 1 1 2 2 18 1 2 2 3 2 1 9 1 4 3 26 32 2 2 4 1 1 1 14 60 2 1 4 2 4 7 10 1 2 5 1 1 1 1 1 1 1 1 4 5 2 1 3 1 2 8 6 2 1 5 1 10 43 2 1 4 3 1 77 2 1 7 1 2 4 1 2 1 1 1 1 2 1 4 4 3 1 8 3 1 2 12 10 1 3 3 5 2 2 10 16 2 60 1 2 5 2 1 12 2 16 3 3 60 4 4 15 2 90 4 13 3 53 2 1 1 2 5 7 2 2 2 3 4 1 1 4 1
1 1 2 1 5 2 5 7 2 3 13 1 1 4 7 6 1 1 2 15 1 3 1 4 1 2 1 3 2 3 2 1 3 8 1 1 1 109 19 3 1 5 2 1 2 1 2 6 28 1 3 2 2 7 6 1 13 1 39 1 2 1 15 2 114 1 2 2 19 1 3 1 11 6 4 1 1 1 1 1 1 2 1 1 2 2 5 1 5 3 1 2 3 3 4 2 2 1 1 2 1 4 1 8 1 1 3 1 1 17 3 2 2 2 2 2 4 1 2 18 3 3 1 2 2 3 6 3 3 4 2 6 15 2 3 2 1 3 2 8 1 2 1 2 9 1 2 1 3 6 1 5 1 11 1 2 2 10 1 1 3 287 2 9 1 2 6 3 6 4 2 2 2 11 1 1 4 2 4 2 2 4 2 1 2 1 2 4 3 21 2 2 2 1 2 1 1 2 1 2
14 2 1 1 1 1 3 1 1 3 116 1 3 251 3 2 1 1 1 4 1 1 23 1 1 4 1 92 7 2 1 22 1 1 3 24 4 4 3 2 1 6 1 1 1 3 16 2 1 5 2 3 1 3 2 2 2 4 2 4 4 1 1 6 3 2 3 1 1 1 2 2 4 3 8 4 2 2 1 42 56 1 5 3 1 47 4 2 1 1 4 32 4 1 2 10 8 2 2 8 1 10 8 1 2 2 7 1 2 2 20 2 5 19 56 2 3 6 2 8 11 1 5 2 2 1 10 6 2 14 2 19 2 1 15 1 2 2 2 2 2 12 3 7 2 3 3 3 2 2 1 2 71 2 3 1 1 3 9 2 1 1 4 1 8 3 1 1 3 2 3 2 2 3 2 1 8 3 2 8 1 1 2 2 2 2 1 20 6 1 1 21 1 3 1 3 1 3 3 3
12 1 2 1 3 4 4 8 2 2 2 4 3 1 1 2 2 2 2 6 2 1 19 3 16 2 2 3 1 4 2 2 3 1 14 72 4 2 1 2 8 1 1 5 13 1 2 14 1 2 1 2 1 2 1 2 1 9 4 1 3 2 2 82 1 2 3 1 7 2 2 1 3 3 1 11 2 2 5 15 2 2 2 2 2 3 2 2 1 1 2 37 1 7 3 1 1 9 3 1 5 3 1 1 1 2 5 2 6 2 2 1 4 55 20 1 11 2 16 1 8 2 1 3 2 1 2 4 2 5 3 2 1 8 1 1 3 50 4 2 1 2 1 1 2 6 2 65 2 3 1 1 4 74 2 5 3 16 2 1 1 2 4 1 1 132 1 2 1 1 2 2 2 2 104 15 13 1 1 1 12 1 1 4 1 2 8 7 7 458 33 1 3 3 1 2 2 4 2 2
1 1 1 3 2 2 1 1 8 3 1 1 2 1 1 2 223 1 1 1 4 1 2 6 2 2 6 2 3 1 2 1 1 7 3 1 2 2 41 2 68 3 2 12 3 1 1 2 1 2 2 104 1 2 2 2 3 1 3 1 10 8 1 1 3 7 1 1 25 1 1 1 3 4 1 2 2 1 6 1 1 2 1 37 3 2 1 7 3 4 10 2 20 3 1 3 2 3 4 2 2 1 3 14 2 1 4 1 9 9 2 2 2 1 1 1 2 2 7 2 2 1 1 1 4 3 1 12 1 2 1 1 3 3 3 27 2 51 3 16 56 1 3 1 1 2 2 2 16 1 3 3 2 7 1 2 1 1 11 1 2 6 2 3 3 4 5 1 1 1 3 1 2 2 3 2 1 3 14 59 2 2 3 2 1 2 1 5 2 3 2 2 2 2 1 2 5 1 5 1
8 10 2 1 2 1 2 1 2 3 3 2 4 1 83 2 2 3 1 3 1 7 1 4 3 7 76 1 4 1 2 19 6 1 2 2 2 3 8 5 3 2 5 2 30 1 2 2 1 2 1 1 1 1 2 4 2 6 5 1 2 15 7 2 4 1 2 38 1 6 297 3 5 4 4 2 2 2 7 3 1 3 7 1 8 2 5 1 2 2 4 1 6 1 27 2 1 1 9 1 2 2 10 1 3 1 4 224 2 1 4 1 1 1 1 9 3 1 1 1 1 20 3 2 1 3 2 1 1 2 2 2 1 3 7 2 2 1 2 1 1 1 2 4 2 2 54 3 13 6 1 4 11 1 2 2 1 1 1 3 2 1 4 3 4 2 2 1 1 1 3 8 25 2 1 1 2 1 3 3 1 5 2 1 1 10 8 1 3 3 4 31 5 1 4 4 1 3 3 3
1 1 2 10 1 36 4 1 1 5 1 7 2 7 2 2 1 2 1 3 1 2 3 5 2 1 1 1 3 1 3 5 4 7 1 6 2 1 2 10 1 4 5 9 2 1 2 5 5 2 240 21 2 2 2 1 2 2 23 8 3 2 2 2 1 6 2 1 1 1 1 1 1 1 1 2 3 1 7 1 3 1 1 1 6 1 6 1 12 2 6 26 2 2 2 2 2 2 3 2 2 1 1 4 65 8 6 2 2 2 7 1 184 1 1 1 5 2 3 1 1 1 1 1 4 6 6 1 1 4 3 2 2 6 4 187 12 5 2 1 2 1 2 1 1 1 1 5 2 3 4 1 1 7 4 1 1 8 10 1 6 1 5 3 1 1 2 1 1 1 9 1 3 8 2 1 2 9 1 1 1 2 1 1 2 1 3 9 1 2 8 5 12 2 1 1 5 2 1 2
1 1 2 3 6 1 4 2 1 1 2 6 1 7 2 1 2 3 2 2 3 1 2 1 1 2 1 1 2 5 1 9 2 1 1 1 2 1 1 1 1 2 2 11 1 2 2 3 4 18 1 2 7 1 2 2 1 2 2 7 1 2 17 16 2 2 2 2 1 1 3 1 6 4 4 11 4 2 5 1 4 2 1 1 4 2 1 5 1 3 2 2 1 2 1 1 1 2 1 1 1 2 1 2 1 7 7 1 19 2 2 1 8 1 1 3 2 3 3 1 2 8 2 1 6 2 18 7 1 2 20 5 4 2 1 4 1 1 2 1 2 2 2 20 1 3 5 1 2 2 5 8 30 1 1 1 2 3 1 1 1 1 2 27 1 2 2 12 2 3 2 6 3 3 1 2 2 2 1 1 2 12 1 2 15 2 1 1 2 1 3 2 2 3 1 1 1 2 1 64
1 2 2 2 2 2 11 2 2 1 4 2 4 1 2 3 1 1 3 44 11 4 1 1 1 1 2 4 1 1 16 5 1 2 2 4 2 1 3 1 1 3 7 76 2 10 2 1 2 3 2 2 33 3 2 5 2 5 2 13 2 3 4 2 1 17 1 2 10 4 1 3 2 2 2 2 3 1 7 2 80 2 2 1 3 1 4 2 20 2 8 2 4 5 32 1 1 2 5 7 6 2 2 1 2 3 2 1 7 1 61 3 4 1 1 13 2 3 5 1 2 2 1 2 2 6 5 1 6 1 6 1 1 2 4 3 1 1 2 3 8 2 2 2 2 1 1 1 31 125 1 2 4 3 9 2 2 2 2 49 2 7 1 1 2 2 1 3 2 1 7 3 1 2 3 4 2 2 1 1 2 3 8 3 8 2 1 2 7 6 2 2 2 3 5 5 2 3 3 3
6 3 5 3 4 2 4 3 13 5 3 3 1 3 5 7 3 2 2 1 24 2 5 1 1 2 6 1 13 4 1 1 5 3 9 4 2 1 6 5 8 383 2 1 1 2 1 3 1 33 5 12 16 1 2 1 1 9 1 1 1 9 5 3 10 3 107 3 1 1 1 2 8 2 2 2 1 329 1 3 1 1 1 18 1 1 2 2 2 1 4 3 3 7 32 1 1 2 2 1 2 2 2 4 1 24 3 1 8 1 4 2 2 2 1 2 1 2 1 3 3 17 6 1 13 2 2 1 1 2 3 28 3 1 2 3 2 222 2 1 54 1 3 1 1 1 2 5 7 2 19 1 2 7 6 2 2 11 16 7 11 6 2 1 1 4 34 2 4 9 1 5 2 4 1 2 2 1 1 11 11 7 1 1 2 2 1 2 1 1 1 1 6 1 2 3 2 9 1 1
2 1 1 1 2 3 1 1 2 2 26 3 1 1 2 1 1 2 4 6 2 1 14 3 1 2 2 2 15 1 6 2 5 2 9 3 1 2 1 1 2 6 3 1 1 2 2 8 5 1 3 1 2 7 3 2 5 53 5 4 2 12 5 2 20 1 3 2 4 1 2 2 3 5 1 9 13 1 1 5 1 1 2 21 112 12 15 2 25 1 2 1 3 4 25 21 2 1 2 2 8 1 5 6 5 1 1 1 1 9 5 1 1 2 1 2 1 3 2 1 1 5 1 51 1 1 4 7 6 2 3 3 2 1 4 5 6 2 2 4 1 8 2 14 8 1 1 2 4 3 1 1 32 2 2 1 1 2 2 1 4 1 11 12 3 3 4 1 5 2 161 3 1 2 6 20 3 1 4 2 3 4 1 1 5 1 1 1 4 3 3 38 2 2 2 16 1 3 1 2
2 22 1 7 26 2 3 2 3 3 2 2 2 9 3 6 2 1 4 9 2 1 2 4 2 2 10 5 2 14 8 1 2 1 6 1 1 1 2 3 2 1 4 1 4 3 16 3 7 3 1 3 1 2 4 1 3 2 2 12 39 1 1 1 3 1 1 4 39 2 2 2 3 1 3 3 1 2 3 1 1 140 2 1 1 1 3 1 10 4 2 1 1 7 2 1 1 1 3 3 135 2 1 8 4 125 2 2 2 2 2 2 2 1 1 1 1 2 1 1 15 3 2 4 1 2 3 5 2 1 3 1 2 2 4 1 2 15 5 3 1 2 15 6 2 1 4 2 4 1 2 1 1 9 11 2 1 342 8 1 2 2 28 7 1 4 3 1 1 6 1 1 6 3 23 3 2 1 3 1 2 2 3 5 2 1 1 6 1 2 2 5 1 2 2 19 3 1 3 1
2 2 1 1 1 1 1 1 5 1 2 3 2 4 2 2 20 1 1 2 3 1 1 2 1 1 2 3 10 4 2 20 1 3 1 1 1 1 1 3 1 1 4 2 10 3 1 1 1 2 2 61 1 2 2 2 3 2 1 2 2 2 4 2 2 1 23 6 1 1 1 2 1 2 4 1 5 3 4 1 1 11 3 8 2 21 1 4 2 6 3 1 6 1 24 3 1 3 2 4 1 3 2 2 2 3 3 2 1 5 2 4 3 1 2 1 2 6 2 5 2 1 2 6 3 1 1 24 1 4 7 5 1 14 30 2 3 2 10 2 2 3 2 1 2 2 1 4 3 7 4 3 2 1 2 1 10 14 8 2 2 2 2 2 1 1 1 2 1 4 44 1 3 2 1 4 2 2 2 2 1 1 1 2 1 15 1 61 1 4 1 1 1 2 2 1 1 4 4 6
6 1 7 5 1 1 1 2 4 9 13 1 1 1 1 2 92 17 2 83 2 7 3 1 1 1 12 25 2 1 1 4 2 11 2 9 2 2 1 4 1 30 20 2 3 21 2 2 1 6 1 1 4 3 3 1 3 2 2 2 2 1 55 2 1 5 2 4 11 2 1 2 7 4 4 2 2 3 19 1 4 2 2 4 34 1 1 2 3 1 35 4 1 1 1 9 115 1 3 1 2 1 1 10 1 5 1 13 3 2 1 2 2 2 2 7 5 27 1 3 1 2 45 5 3 1 1 1 8 3 4 6 2 2 1 3 1 2 2 168 1 8 1 7 1 13 20 2 2 4 38 1 1 1 2 1 2 1 5 3 2 114 1 4 8 1 1 1 5 3 2 2 2 13 2 2 2 3 6 1 2 8 1 1 4 1 1 1 2 14 1 2 3 3 68 2 6 1 2 7
2 5 3 3 3 1 4 1 2 2 3 2 3 3 10 1 6 2 1 13 11 1 2 2 6 2 2 19 3 1 4 2 5 1 2 2 3 2 1 1 11 27 12 1 3 1 1 2 2 1 26 4 1 3 3 3 5 1 3 1 3 1 1 1 2 1 3 1 1 6 1 345 1 7 1 3 1 8 2 1 2 4 1 2 6 2 2 1 2 2 1 2 3 2 2 1 7 1 16 2 5 5 15 2 1 2 1 2 2 4 26 1 3 1 1 3 2 7 3 1 6 21 8 4 1 3 1 2 6 3 2 4 2 5 84 2 1 1 2 2 1 3 3 1 4 5 1 1 2 3 1 1 2 1 3 10 2 1 3 1 4 1 8 3 1 2 172 6 10 1 1 2 6 1 3 6 3 2 1 1 1 5 6 5 1 2 1 1 1 2 2 34 3 4 9 2 28 97 6 3
1 4 4 4 1 20 2 1 2 2 2 2 3 4 1 5 2 2 1 2 1 2 1 4 3 1 6 3 7 1 1 3 2 2 10 2 3 1 1 1 2 3 1 9 2 7 11 2 8 4 1 2 1 2 2 1 2 5 5 6 1 11 62 5 3 1 2 1 2 5 2 2 1 1 2 1 2 2 1 1 2 3 1 4 1 1 1 1 1 1 1 1 4 1 2 1 3 8 4 5 1 1 4 3 2 1 4 2 1 1 3 7 1 1 3 1 2 2 2 2 1 1 1 4 4 1 1 1 2 2 1 3 2 3 5 12 3 1 2 2 4 1 6 1 3 2 7 2 1 1 4 2 10 5 2 1 3 2 2 10 8 1 8 1 32 1 1 2 3 2 2 2 3 6 1 2 3 3 5 2 3 9 11 2 2 93 2 2 4 2 10 3 5 3 3 15 2 2 16 1
34 5 26 1 3 2 1 3 1 2 6 3 1 4 2 4 11 5 1 3 2 4 1 11 58 4 2 1 1 1 3 1 8 2 5 2 1 2 2 3 1 29 2 1 2 3 5 1 2 1 2 71 2 1 3 7 2 1 4 4 3 5 4 2 42 115 3 1 1 1 3 2 13 3 4 8 3 4 2 1 3 5 4 3 8 2 1 6 7 2 9 1 2 1 5 3 1 31 34 3 4 2 1 2 5 2 3 2 2 2 5 2 1 1 2 2 2 2 2 2 13 1 2 5 4 3 4 7 1 3 2 1 2 27 2 2 1 2 1 2 5 1 6 1 2 3 1 2 4 1 4 3 3 1 1 6 2 6 1 1 15 2 2 1 1 2 76 1 1 2 1 1 1 1 1 2 86 2 1 4 2 2 1 2 3 5 1 15 6 3 1 8 3 1 1 2 9 47 3 8
2 1 3 2 1 1 1 2 1 3 1 1 1 3 16 1 1 8 15 3 2 2 2 1 2 1 1 42 1 1 3 2 57 1 16 9 1 2 1 5 1 1 10 2 1 1 1 4 2 1 1 3 68 7 2 1 4 13 8 2 14 1 8 2 2 4 2 1 1 3 7 2 1 5 3 2 2 2 1 1 68 1 3 2 2 2 1 6 3 3 2 1 1 2 1 3 2 1 1 3 1 1 1 9 2 7 21 1 1 2 68 1 4 71 2 6 1 6 1 2 5 5 3 2 2 3 3 3 2 3 337 1 4 3 1 1 3 1 1 2 2 5 1 1 2 3 61 13 22 2 1 7 2 2 22 8 1 3 1 18 1 1 3 2 3 33 1 2 80 3 2 4 2 2 3 2 34 2 2 1 1 2 1 2 3 10 72 1 3 9 1 3 11 218 4 1 1 10 1 2
2 2 5 1 3 1 444 3 3 1 3 1 2 1 1 9 1 2 2 2 1 1 1 2 2 1 1 1 1 3 6 10 1 1 4 2 4 5 1 4 2 8 5 6 1 7 38 3 1 2 1 3 1 16 4 13 3 1 1 1 2 4 3 2 7 6 1 1 1 1 1 3 6 1 2 36 1 1 1 5 4 3 10 2 3 2 2 2 2 1 1 3 1 3 3 6 3 34 2 7 2 1 69 2 2 25 1 1 1 3 2 1 35 2 2 1 3 8 10 2 2 1 3 1 2 22 7 2 1 1 1 2 2 1 2 3 33 2 2 1 2 1 3 1 42 14 3 4 1 1 2 4 2 1 1 1 3 5 2 1 15 2 47 1 5 6 2 2 1 3 6 2 3 2 1 2 1 2 3 2 26 2 2 1 1 6 5 2 8 3 1 1 4 3 1 1 1 2 2 2
1 1 46 5 2 12 37 35 3 4 1 2 30 1 2 3 2 12 23 5 5 1 1 7 2 2 4 14 4 1 6 1 6 3 1 2 7 1 1 4 1 1 11 2 2 4 1 3 4 1 1 2 1 2 1 4 3 2 1 1 1 21 2 7 2 2 2 4 4 1 2 26 1 2 2 31 2 1 1 2 5 2 1 1 5 1 1 5 14 3 7 3 21 2 1 5 2 1 4 2 1 3 7 3 1 2 2 1 4 3 2 3 1 2 2 1 8 2 2 9 2 5 2 2 4 17 5 1 2 2 2 1 1 3 4 7 2 1 2 15 7 1 1 3 1 2 4 2 2 62 3 4 2 37 2 3 5 1 7 4 4 1 2 2 1 1 2 2 4 11 1 1 2 7 1 2 4 2 2 2 2 1 2 2 2 1 1 1 1 5 4 2 3 1 2 5 6 1 36 5
1 4 1 1 1 1 6 1 6 2 2 2 2 2 3 2 2 1 1 2 9 2 1 1 1 1 1 1 1 2 2 1 2 1 7 1 4 1 3 3 4 9 2 2 2 1 34 1 1 2 17 2 5 2 3 3 1 1 4 5 2 5 11 1 1 2 1 1 1 2 1 2 1 1 100 1 1 5 3 2 2 1 1 7 1 1 1 1 5 5 2 2 1 2 2 11 1 2 2 2 78 2 1 2 4 19 2 1 1 10 1 3 2 2 9 2 3 1 2 3 1 6 1 14 84 1 1 16 4 1 2 1 5 7 1 5 1 1 1 4 1 19 5 2 1 69 2 1 2 4 4 2 4 1 12 6 2 6 40 1 2 1 1 1 1 1 3 9 2 1 2 1 1 3 3 19 4 3 1 2 1 5 1 4 2 2 1 1 2 2 9 2 1 3 26 2 3 2 3 4
1 2 1 2 5 4 1 5 1 1 1 1 1 441 1 88 2 3 1 10 2 9 3 1 3 4 1 2 4 1 1 1 3 5 2 17 1 2 2 2 45 1 2 2 1 1 1 1 3 8 1 2 1 1 8 1 2 4 2 2 3 12 2 1 16 2 2 1 11 2 2 1 1 2 9 8 2 22 1 1 2 2 8 4 3 4 40 4 5 1 2 2 24 2 2 3 19 8 83 1 2 3 6 2 2 1 4 183 2 3 2 1 3 2 2 2 1 3 1 2 5 3 2 2 5 3 1 2 1 24 13 3 30 17 2 3 7 2 2 1 2 2 4 2 2 2 3 1 4 1 14 2 10 2 16 6 2 1 2 14 5 2 2 8 3 3 6 3 6 2 28 1 1 3 3 5 2 4 3 3 7 2 3 4 1 2 2 1 2 1 1 1 3 2 3 5 1 3 1 7
1 2 305 17 23 1 1 9 1 2 3 2 2 1 2 1 35 3 2 2 2 2 2 1 46 3 3 3 1 8 1 1 1 14 1 2 5 1 2 1 3 5 1 1 17 11 4 1 2 1 2 24 1 4 4 2 1 2 1 2 2 28 2 1 1 3 10 3 1 1 1 1 2 2 2 7 6 2 1 1 9 1 3 7 6 1 1 5 3 3 1 5 1 2 1 1 1 5 7 1 2 1 13 1 1 18 2 2 6 6 2 1 3 2 1 1 4 4 14 1 1 2 1 3 1 3 1 2 4 3 12 17 2 29 2 4 2 9 2 1 2 3 1 3 2 5 2 2 1 16 1 3 5 3 2 71 1 19 1 2 3 2 2 2 2 24 6 36 6 30 5 1 1 11 6 4 4 1 1 1 3 4 2 27 51 1 9 8 15 1 1 1 3 1 4 7 18 12 4 6
3 3 1 1 2 1 3 1 6 2 3 8 1 3 2 1 2 1 2 3 6 4 266 2 2 1 15 7 2 68 4 2 1 3 2 7 3 1 2 5 1 3 1 2 4 1 7 2 1 6 1 1 5 1 2 1 20 24 3 4 3 1 4 2 2 3 12 4 2 1 2 2 1 4 1 1 1 1 2 1 1 1 7 2 12 1 1 1 1 54 2 1 1 2 2 1 2 4 3 7 5 95 5 6 1 50 1 5 2 1 1 2 3 1 2 3 1 2 2 3 1 159 2 3 3 1 3 4 1 1 4 2 1 2 5 1 1 19 14 6 16 7 46 4 5 10 6 3 4 2 2 1 2 2 8 5 6 2 1 6 2 2 27 2 5 4 1 1 4 2 2 4 2 26 5 4 2 27 1 1 2 2 3 1 1 2 2 1 2 1 2 1 1 2 6 2 1 1 1 16
2 22 2 1 2 1 2 5 17 1 1 1 4 2 4 24 6 5 2 1 2 2 5 49 36 4 18 2 1 4 9 2 4 1 2 1 2 1 7 2 2 1 2 1 1 13 2 1 1 1 1 1 1 3 16 1 2 10 16 1 2 4 2 3 9 2 3 12 1 1 2 2 3 2 2 1 112 1 2 2 1 2 2 9 4 1 2 33 1 17 1 17 1 2 2 2 1 2 1 34 2 2 3 3 2 1 1 4 2 6 3 5 1 1 1 2 4 1 1 5 7 12 5 2 19 1 1 4 4 2 1 30 1 3 1 17 5 2 1 8 1 2 2 3 2 1 3 7 2 3 5 2 2 1 1 1 2 8 4 7 9 3 2 2 2 1 2 4 1 3 4 10 4 1 2 6 2 3 1 2 3 1 1 4 4 3 7 5 28 3 1 19 2 3 2 6 2 1 22 2
4 4 1 1 2 3 1 1 1 2 3 2 4 4 1 3 2 5 2 2 1 1 1 3 1 2 2 5 2 9 2 1 5 1 38 2 8 5 1 2 18 1 1 4 1 1 1 2 3 1 1 1 2 1 26 8 3 1 28 1 1 1 29 24 1 2 6 1 1 53 3 50 1 1 1 3 4 1 1 1 3 137 2 3 3 2 1 2 1 3 4 4 18 4 2 7 2 1 1 2 1 8 2 2 1 1 2 6 1 1 2 1 1 2 2 6 2 4 6 14 11 2 2 1 14 2 1 1 3 16 4 1 3 1 1 2 3 2 96 2 123 4 1 9 1 3 1 1 1 2 198 1 2 9 1 1 2 34 1 1 1 2 1 3 15 1 12 33 1 1 2 1 2 15 3 1 1 1 1 4 2 2 1 7 7 1 1 1 1 1 1 2 1 3 1 2 4 3 2 5
7 4 2 7 3 1 5 3 1 2 1 2 3 1 5 2 2 2 3 1 1 4 1 4 1 2 1 3 1 6 2 2 2 27 2 7 1 1 4 1 2 4 3 2 6 2 6 2 3 1 2 2 1 6 7 1 2 1 2 2 2 1 1 7 5 3 1 1 2 1 3 1 1 1 2 8 1 1 2 2 1 1 9 4 1 9 19 1 2 2 3 1 2 1 8 4 2 1 11 2 2 3 31 1 2 3 2 1 5 4 1 4 38 1 8 4 4 48 46 4 2 1 2 3 2 1 1 2 2 15 1 2 3 4 4 1 1 1 2 13 3 7 1 5 12 1 1 6 1 66 11 4 13 2 7 2 5 21 1 2 2 10 1 2 1 3 1 2 2 5 3 1 3 2 84 3 9 9 54 1 1 1 1 5 2 1 18 1 1 1 2 1 2 2 2 16 13 3 18 1
4 4 2 5 3 48 4 5 2 5 1 2 16 2 2 2 1 2 1 3 2 4 1 1 19 2 3 1 2 1 13 2 31 2 1 5 2 9 8 1 2 3 1 92 2 3 2 2 25 1 1 4 2 1 1 1 2 1 1 2 1 1 1 1 2 1 1 4 14 2 1 2 1 1 4 21 2 1 3 1 1 7 1 1 2 4 2 2 1 2 2 1 1 1 4 2 2 8 2 13 2 4 55 4 3 2 1 2 2 1 9 1 2 2 1 11 2 1 89 2 2 4 3 5 2 1 2 1 2 2 10 1 7 1 2 35 1 5 1 2 1 2 6 2 2 1 2 119 1 2 2 1 4 24 2 1 2 1 2 1 2 1 1 2 1 9 1 1 8 1 1 2 3 1 1 1 2 5 3 4 1 1 2 2 1 2 7 2 66 3 1 12 8 2 1 3 1 14 3 1
2 2 3 50 15 2 3 1 1 3 1 4 2 12 2 224 3 13 2 3 2 2 1 1 1 22 1 2 2 30 3 3 1 3 2 2 12 2 14 1 20 3 57 2 10 2 1 2 1 1 1 2 8 1 2 1 2 35 2 3 2 4 1 2 2 1 8 2 2 3 1 1 3 3 1 3 2 12 5 90 1 1 10 14 6 3 2 1 57 4 2 2 2 34 2 3 1 11 2 1 1 3 41 1 3 2 7 1 18 4 1 1 2 2 7 2 2 6 1 1 1 2 8 1 14 2 3 2 1 1 1 4 2 3 2 39 3 2 2 1 4 251 8 5 2 19 1 1 4 2 3 2 23 8 2 6 3 1 1 1 1 7 4 2 1 1 1 1 1 4 2 1 1 7 3 1 25 1 1 2 1 4 5 5 2 4 6 2 4 4 2 2 5 2 1 2 3 4 7 83
2 2 2 1 4 1 1 3 1 2 1 8 2 1 5 5 3 1 19 1 1 1 1 2 2 4 2 9 1 1 3 2 28 1 3 36 2 6 1 5 1 4 1 2 339 2 1 2 3 3 13 2 1 1 2 6 1 18 2 2 4 7 26 3 1 4 1 9 1 1 2 2 2 1 1 2 1 2 2 2 6 8 2 2 2 6 4 173 1 3 3 1 4 1 1 1 1 2 1 2 101 1 1 1 3 3 8 2 2 5 1 1 2 21 2 9 3 5 3 14 2 1 2 2 8 2 10 2 2 1 1 3 1 1 1 11 1 1 2 4 7 7 6 7 1 1 1 2 1 9 1 1 3 1 5 12 10 1 2 2 5 2 1 53 8 2 2 7 5 1 2 2 2 2 5 1 1 1 2 2 5 1 1 2 3 3 2 2 1 1 2 3 3 3 1 2 1 1 1 5
2 3 1 2 3 1 3 1 18 2 1 3 3 2 1 1 1 4 1 1 3 3 16 67 3 1 2 5 1 10 11 9 12 4 2 3 2 3 1 3 28 2 1 2 31 1 2 9 1 1 1 2 7 32 3 2 2 2 3 3 4 2 2 1 12 1 2 1 2 1 1 4 4 4 1 1 1 6 1 12 4 1 1 23 4 4 1 1 1 1 11 1 1 2 2 8 3 1 20 7 1 3 3 1 2 2 1 4 1 3 2 1 2 1 9 3 2 6 91 1 3 1 2 3 1 3 3 1 3 4 2 2 3 6 4 1 1 1 2 1 2 3 3 10 1 3 4 1 2 2 3 2 6 4 1 1 2 2 3 2 2 12 1 2 16 8 2 3 4 3 1 1 2 2 5 1 2 12 1 3 9 4 6 2 11 1 6 6 2 1 2 1 3 1 3 22 5 3 1 2
3 2 6 4 3 3 1 11 15 3 2 1 1 1 3 4 4 1 1 7 1 5 21 6 2 3 4 7 2 2 1 6 1 2 2 5 6 1 2 1 1 4 6 2 3 2 1 1 2 1 1 1 2 1 12 1 2 2 1 2 4 2 2 1 1 1 5 1 3 1 32 2 1 1 16 5 4 2 1 4 1 2 2 2 13 1 2 2 1 2 2 2 2 1 1 2 7 1 1 6 2 8 1 1 1 5 2 1 9 2 3 1 2 1 11 10 2 2 3 3 4 1 1 1 1 1 1 1 1 1 1 1 1 2 36 2 2 2 17 8 2 1 1 2 16 2 6 2 1 1 11 3 1 5 5 2 2 1 1 4 1 1 5 1 2 2 3 1 4 3 1 18 61 1 2 8 1 5 2 4 1 6 1 2 1 1 54 2 2 2 2 1 2 2 2 5 1 2 3 3
2 1 4 10 1 2 34 8 1 11 2 9 1 1 6 1 192 2 1 2 1 1 2 161 1 4 3 2 1 1 4 9 1 1 20 1 2 52 1 2 4 5 1 3 1 4 1 2 2 3 14 1 3 1 1 1 4 3 4 6 1 7 43 1 2 10 1 1 27 2 5 2 2 1 3 1 3 4 3 2 2 3 4 2 158 14 2 8 1 3 13 2 2 2 1 1 2 2 1 2 1 4 2 3 1 2 4 2 5 1 2 3 2 3 2 2 3 10 14 2 3 1 2 2 8 2 3 1 2 8 3 3 2 1 2 2 1 13 2 1 22 12 4 3 2 6 1 2 2 2 2 2 1 2 3 3 10 2 13 2 2 2 1 4 3 7 1 2 9 2 1 2 3 8 2 2 1 1 2 5 3 4 1 1 2 3 2 6 5 4 3 1 2 2 3 24 1 4 2 1
2 1 4 1 1 3 3 14 3 1 4 2 7 2 3 1 2 2 2 2 3 4 3 1 2 1 3 4 3 2 4 1 2 1 3 1 2 3 2 4 5 1 3 1 5 13 1 1 6 2 3 2 2 2 5 1 1 1 1 7 1 2 2 3 3 1 10 1 1 5 2 1 1 2 1 3 21 1 2 2 2 24 1 1 2 1 19 11 2 1 1 2 1 2 2 2 2 2 1 4 3 3 2 2 3 7 1 2 4 1 3 9 1 3 16 2 2 5 1 5 1 2 1 3 8 44 1 1 1 1 3 1 19 1 1 2 1 2 1 159 1 1 3 4 1 1 1 2 1 3 2 1 2 1 8 2 2 4 20 3 1 1 5 1 9 1 1 436 2 1 2 1 2 1 3 1 1 18 2 2 2 1 2 2 4 5 3 7 3 1 1 2 2 3 2 1 1 1 2 5
6 4 5 1 1 2 1 3 3 1 1 1 2 4 1 18 24 4 2 1 3 1 20 2 1 1 3 2 1 1 3 1 7 2 1 1 4 1 3 4 1 5 1 1 1 2 4 2 1 2 17 10 2 1 4 1 3 3 1 50 1 1 2 4 2 5 2 8 5 5 2 1 1 1 1 1 2 8 2 1 2 2 2 2 7 18 2 4 2 3 3 1 2 2 6 16 3 20 1 1 9 7 3 1 4 2 3 3 5 2 3 2 9 20 9 3 65 1 2 6 4 9 2 9 15 74 3 4 2 2 1 2 2 7 2 2 1 1 1 2 6 2 2 2 2 1 1 1 2 3 1 1 4 1 1 1 1 3 1 1 3 25 1 3 1 1 18 1 3 20 2 4 1 60 3 2 1 2 2 5 7 6 108 2 7 1 1 4 11 1 1 1 7 1 2 8 3 3 3 2
1 1 3 2 12 1 4 3 1 4 2 4 1 1 4 4 1 6 1 2 2 2 1 1 1 14 1 1 1 2 1 20 15 2 1 11 32 2 1 5 9 7 5 1 1 8 1 2 1 12 2 4 2 1 3 2 2 1 4 3 3 1 1 2 2 22 1 1 5 6 3 3 1 3 1 1 2 5 1 1 2 1 1 3 2 2 1 3 17 1 2 2 6 5 4 31 1 2 1 44 1 3 1 3 4 2 1 1 5 1 2 1 2 9 3 1 1 2 24 5 8 1 2 1 37 1 1 2 1 2 1 4 7 3 2 2 3 7 6 4 1 2 3 2 3 20 2 1 2 2 15 2 2 1 2 3 1 12 2 2 3 3 2 36 1 1 1 4 1 5 3 1 2 1 1 26 2 1 1 1 1 1 2 1 3 4 3 2 3 2 18 1 2 24 1 2 84 3 5 2
3 4 17 3 1 1 1 1 1 3 4 2 2 2 1 5 5 3 2 2 2 16 1 4 3 9 9 3 1 2 2 1 5 1 15 4 8 3 1 1 2 21 14 7 17 3 2 2 7 2 6 2 3 1 4 52 3 36 1 2 1 1 6 1 1 6 3 2 29 5 2 5 1 127 4 3 1 3 6 1 2 334 1 2 2 6 1 6 24 1 1 9 3 4 2 9 26 78 15 1 5 17 2 2 4 2 2 1 1 2 12 1 5 7 7 6 4 1 8 1 1 2 1 2 4 1 1 4 1 3 2 1 4 1 7 1 5 5 43 11 2 47 12 2 2 2 1 3 2 36 19 4 6 1 4 2 6 1 9 20 4 2 3 2 2 4 1 2 5 5 2 1 1 5 3 3 2 4 6 5 1 1 8 3 4 3 15 2 3 2 2 5 4 2 2 2 3 3 1 2
2 1 1 1 1 1 3 2 2 7 1 5 4 2 2 9 5 2 48 7 1 7 94 1 19 5 2 1 1 5 3 4 2 1 4 2 2 2 1 62 1 3 3 3 1 2 1 2 2 3 2 1 2 3 2 21 18 2 7 1 1 28 3 2 4 3 2 3 1 2 11 1 1 6 3 2 1 2 1 1 2 10 1 2 4 23 1 25 1 2 1 2 1 1 2 1 77 2 1 22 2 6 98 2 1 2 2 2 2 1 4 3 3 2 6 1 2 2 3 2 3 1 3 4 2 4 1 3 1 2 1 1 1 1 29 1 1 3 1 1 2 1 1 1 1 7 4 1 1 5 1 1 1 2 1 2 3 1 2 4 3 3 2 443 8 2 1 1 1 1 2 2 2 6 2 7 2 3 1 2 2 3 1 1 2 1 1 1 1 1 2 1 7 1 1 1 2 2 2 2
1 6 1 2 1 1 1 7 1 1 2 1 1 2 2 3 5 1 8 5 1 1 52 4 12 1 3 1 1 1 3 2 2 9 2 8 80 1 1 1 1 4 1 2 6 3 1 3 2 1 9 1 3 3 1 1 1 3 1 3 1 4 2 1 1 2 6 2 29 1 1 1 2 7 4 5 2 1 4 3 1 1 3 2 3 2 1 1 380 1 2 1 7 1 2 2 2 6 2 1 1 3 1 4 3 50 1 1 1 3 1 1 3 2 157 7 1 1 2 2 1 1 1 2 5 12 1 2 7 6 1 1 2 1 6 2 2 1 12 12 2 3 1 7 1 6 6 3 1 2 2 7 4 1 2 1 1 3 1 4 1 2 1 6 2 2 1 6 2 3 1 2 1 2 2 3 3 1 2 1 12 2 5 2 6 1 1 1 5 2 2 1 1 3 4 2 2 1 4 3
1 1 86 2 2 2 3 5 1 1 2 15 1 2 9 2 15 1 4 3 1 2 5 2 4 1 2 3 3 9 6 1 11 1 2 2 4 6 16 11 2 2 1 2 25 19 1 9 6 1 11 3 2 2 2 6 4 1 5 2 3 1 2 3 15 1 21 2 3 2 1 3 1 3 18 1 24 3 1 1 1 6 4 1 2 4 3 15 2 4 1 2 1 1 11 2 1 7 1 2 8 2 3 1 2 1 2 6 1 3 1 2 3 1 7 2 1 2 1 5 1 1 8 2 3 2 2 4 2 1 9 2 1 1 44 1 1 2 3 1 3 1 1 3 2 2 21 2 1 1 1 2 5 2 2 39 6 3 3 1 42 2 2 1 5 2 1 2 2 4 4 1 2 2 2 23 9 2 2 5 1 1 4 3 3 4 2 1 3 4 1 2 1 1 3 2 3 3 1 4
1 2 2 2 1 1 20 2 1 4 1 1 3 4 2 1 28 2 1 1 1 2 18 2 20 2 1 10 6 10 3 2 2 17 3 2 1 13 3 1 1 11 4 37 2 3 12 10 20 9 3 1 13 1 3 1 7 2 1 15 2 1 1 1 21 5 1 1 5 16 2 1 2 1 1 1 3 3 1 1 13 1 2 19 8 26 9 1 5 5 1 1 1 1 15 1 18 3 2 1 1 1 1 1 1 1 2 2 2 1 29 2 4 1 2 1 6 1 1 2 2 2 3 6 3 8 13 3 1 3 36 3 3 1 1 1 1 2 3 3 1 1 2 3 1 2 1 3 2 1 2 1 2 3 1 1 2 2 1 1 2 1 1 2 1 2 1 10 3 1 20 1 1 9 2 2 6 1 2 5 1 2 2 1 88 6 2 9 1 4 2 1 1 2 237 3 2 7 7 2
4 1 12 1 1 5 107 2 1 1 1 9 9 1 3 1 5 3 1 1 2 14 4 1 1 2 5 1 11 1 1 2 32 4 1 1 7 3 15 1 8 13 2 5 1 2 4 2 6 17 1 1 2 2 3 4 2 1 1 1 6 1 4 2 6 2 2 4 2 1 1 1 1 3 3 19 2 4 3 13 15 6 3 1 4 3 2 2 2 1 1 7 3 1 5 1 1 3 1 1 1 2 2 1 1 7 2 10 4 1 3 16 4 2 6 1 3 2 13 2 83 1 2 5 1 2 5 1 1 4 2 1 26 4 2 3 1 1 1 2 1 6 3 2 7 2 1 1 1 3 53 1 1 5 5 2 4 8 2 5 6 7 3 2 2 2 1 2 1 2 3 1 1 3 3 3 1 4 1 17 1 7 2 2 2 1 1 1 1 2 24 2 61 2 2 9 1 3 1 2
7 33 1 2 1 1 1 1 1 3 6 2 11 4 1 2 1 3 3 2 4 1 3 2 1 1 8 7 9 2 10 15 1 11 6 4 2 3 2 1 1 20 2 1 1 1 1 4 33 1 1 2 1 1 9 5 3 2 1 2 5 8 1 1 1 4 2 1 29 14 2 3 1 3 8 6 4 1 3 1 1 10 3 1 1 81 4 5 33 2 1 1 1 2 1 1 9 4 4 1 1 3 8 1 1 5 5 1 1 4 2 1 1 1 1 1 36 3 2 5 7 1 1 8 4 1 8 2 1 1 6 1 1 2 2 1 7 6 3 2 1 1 10 1 3 3 6 9 1 1 2 7 4 5 4 2 1 2 20 2 3 3 6 2 2 1 71 11 3 1 18 2 1 3 3 2 1 3 6 1 3 2 2 20 7 2 10 5 2 2 1 3 1 17 1 5 2 1 2 2
1 1 6 1 1 105 33 1 4 1 1 1 6 3 2 1 3 4 3 12 1 1 1 5 3 11 1 8 18 13 2 11 2 2 3 4 1 2 2 2 2 2 1 2 1 4 1 1 4 2 3 2 19 3 2 4 3 1 10 1 8 9 1 2 4 4 1 1 2 2 3 1 2 3 1 2 1 1 2 1 21 3 1 2 2 3 6 1 5 4 2 2 1 25 6 3 1 4 1 1 3 2 4 1 2 2 2 1 2 3 1 4 3 1 4 2 2 4 2 9 2 6 2 6 6 6 67 1 36 1 1 1 5 2 1 61 4 2 1 2 2 2 1 1 2 4 2 20 3 1 1 10 436 6 1 2 3 36 2 2 11 1 1 5 1 2 1 2 2 3 1 4 1 5 1 5 4 1 1 1 1 2 2 1 1 3 1 1 3 2 2 2 2 1 22 2 3 1 2 2
5 2 4 5 5 2 1 2 3 1 3 3 4 1 15 1 1 105 1 7 4 2 4 1 11 68 4 2 1 2 1 2 8 1 2 1 1 4 1 1 1 3 2 5 1 67 1 1 8 2 20 2 2 7 1 1 1 2 1 5 1 1 3 2 1 1 2 1 11 3 3 1 2 1 4 5 1 16 1 1 2 2 5 3 1 2 2 2 4 2 23 6 3 1 1 11 1 1 2 2 2 13 3 1 3 8 2 1 2 2 46 2 179 4 2 1 2 1 2 1 19 44 2 1 5 3 8 3 2 2 3 2 11 2 1 4 153 19 2 1 2 1 1 2 1 11 8 1 9 1 12 2 1 1 2 2 1 1 1 2 2 1 1 2 4 2 3 1 1 5 1 2 1 14 2 5 1 4 2 2 3 2 31 1 5 2 2 1 6 3 1 2 2 2 2 1 4 1 1 2
2 1 13 27 3 2 2 2 7 2 2 1 7 1 6 126 2 4 1 3 2 20 29 7 1 3 5 1 10 3 4 6 1 5 2 3 102 3 1 2 5 2 2 4 2 3 1 6 10 2 2 5 3 18 2 2 1 1 1 11 2 2 2 2 3 2 1 1 1 1 2 1 9 1 2 12 6 3 2 1 1 9 2 1 8 1 2 1 13 1 3 5 5 2 2 23 16 1 14 8 5 1 2 38 2 4 2 6 1 2 2 1 6 2 1 2 3 2 2 1 2 2 1 7 1 1 6 2 1 3 3 2 1 1 3 5 1 1 1 3 1 1 320 2 3 1 1 4 1 3 1 29 3 2 1 2 3 3 1 1 1 2 5 1 1 2 1 2 3 1 1 2 4 11 2 4 2 1 1 4 9 2 1 67 2 4 2 6 15 2 1 2 1 2 10 2 1 1 1 1
1 3 1 2 1 20 1 1 2 2 2 6 1 1 3 2 2 2 1 5 2 4 1 2 3 5 1 1 2 7 3 1 7 15 3 3 7 3 1 27 1 25 5 1 2 1 1 2 1 1 4 423 1 2 1 1 1 2 1 1 25 11 1 13 1 2 1 1 1 1 2 4 2 3 1 2 3 2 2 1 1 4 2 3 7 4 2 1 36 2 2 2 3 24 2 2 1 2 2 48 2 2 1 2 5 19 3 2 2 2 35 4 3 3 7 3 2 1 1 4 1 15 2 15 2 1 5 4 2 2 8 21 1 8 7 1 8 1 2 22 2 2 7 2 5 3 18 1 5 1 17 1 3 13 8 3 3 3 7 1 1 2 3 3 2 1 1 2 50 1 23 1 3 3 1 1 26 1 1 8 2 1 1 2 2 2 2 3 1 2 1 3 2 11 2 59 2 13 6 5
19 1 1 1 4 2 1 2 60 8 2 2 12 1 1 1 11 27 7 1 1 2 8 1 69 3 2 7 2 2 2 2 3 2 1 3 6 2 8 2 2 2 408 2 1 5 12 2 7 13 7 4 3 2 3 7 2 2 3 7 2 4 2 3 1 2 1 5 1 1 1 3 12 1 1 5 18 2 4 1 9 3 4 9 1 1 2 3 3 2 3 1 6 1 3 1 2 78 2 3 2 4 2 1 1 3 2 1 2 2 4 2 1 1 7 1 2 1 2 4 2 1 3 8 1 7 1 3 3 1 3 1 2 1 2 3 77 1 2 1 6 139 1 16 1 7 1 3 1 3 1 45 2 3 2 3 21 2 2 2 1 4 2 1 3 5 2 2 1 1 1 13 2 2 2 6 1 3 3 7 1 1 6 2 1 1 2 3 1 4 4 3 1 1 4 2 5 3 15 1
2 1 3 28 2 1 5 2 7 1 7 1 1 1 1 3 2 43 1 3 3 2 2 1 2 3 3 3 12 3 4 1 6 2 1 2 1 3 2 12 1 7 2 2 1 1 1 6 1 1 2 1 3 1 1 2 26 1 3 2 2 1 2 2 7 2 2 3 1 5 4 1 2 2 1 2 1 18 1 1 2 1 2 1 5 2 1 1 1 1 13 1 1 4 1 2 2 1 1 14 6 1 2 70 2 5 4 1 1 10 7 8 84 3 1 3 4 2 2 2 2 40 1 3 2 13 2 4 1 2 50 2 3 1 1 2 1 2 27 2 3 1 1 2 2 2 1 6 1 1 1 18 1 1 1 1 32 1 2 1 13 7 2 1 1 1 1 1 2 3 7 1 1 1 1 2 5 1 1 5 5 2 2 1 1 3 8 1 40 30 10 8 2 1 2 1 2 2 8 1
1 3 3 1 1 2 3 2 9 1 2 1 260 3 2 4 1 1 1 1 10 3 8 2 1 1 1 3 1 2 2 19 2 2 9 1 39 1 3 6 4 6 4 13 1 4 1 7 1 2 2 3 12 379 2 2 4 4 1 1 40 4 8 3 3 5 1 12 2 1 8 9 1 1 9 4 1 7 1 1 4 1 1 5 2 3 1 1 2 1 2 33 71 2 1 3 2 3 3 2 7 5 9 2 6 4 5 1 2 2 4 3 23 10 2 2 3 1 3 2 3 1 3 23 2 1 32 1 1 1 39 1 5 48 5 5 3 7 1 3 1 3 1 1 4 8 3 10 2 1 5 1 2 2 32 1 3 1 6 2 3 1 4 5 2 5 1 1 2 4 1 1 1 2 3 1 4 1 2 1 6 6 1 2 2 2 2 4 1 2 2 5 2 1 6 4 3 1 5 3
1 2 1 28 1 3 2 10 2 29 2 5 6 13 356 2 2 2 1 2 1 1 2 1 2 1 2 39 49 5 3 10 1 7 13 44 2 1 2 1 2 2 1 4 3 2 3 2 2 7 2 6 5 2 1 8 4 2 14 3 5 2 1 8 1 2 3 4 1 2 1 5 2 89 1 1 1 5 1 2 3 4 1 7 1 2 2 1 1 1 2 1 1 5 2 1 4 2 50 3 1 2 6 4 3 2 2 3 7 1 10 1 3 1 2 2 8 1 1 1 2 3 7 1 3 29 1 3 2 2 9 5 1 1 2 1 13 2 2 2 9 3 35 1 2 2 2 2 11 1 5 6 2 3 2 1 2 1 3 2 4 1 3 2 28 1 4 2 23 13 2 1 1 4 4 16 1 1 2 1 1 3 2 2 1 1 1 4 2 1 1 3 2 1 1 1 8 3 1 1
1 1 3 1 8 1 1 1 1 2 1 3 1 1 1 3 3 2 18 1 1 2 1 1 1 65 3 5 1 1 4 2 1 5 1 3 1 14 8 1 3 3 2 2 30 1 11 11 155 15 2 3 27 177 7 4 2 2 1 2 2 2 3 2 1 3 2 2 1 5 1 2 3 7 18 1 4 32 9 2 28 3 1 2 4 2 1 10 2 17 2 2 2 5 2 2 1 1 8 2 6 1 3 1 1 1 2 1 1 4 1 10 5 1 2 8 13 8 2 1 1 1 39 2 3 1 2 2 1 44 1 3 9 1 36 6 1 1 10 11 2 10 4 11 1 1 2 1 8 2 1 3 2 1 27 2 7 39 3 3 2 12 2 4 1 4 5 3 2 5 1 2 10 2 5 2 9 1 2 6 1 1 3 1 1 1 1 1 1 4 6 1 2 20 3 7 1 13 7 1
1 1 6 1 1 3 5 2 1 2 1 2 2 1 1 6 10 1 1 1 1 2 4 2 1 1 2 2 18 2 3 2 2 1 4 1 4 3 1 2 9 20 1 1 2 3 4 1 6 1 2 5 5 2 3 2 12 1 103 1 4 7 2 3 2 1 14 1 43 1 1 2 4 5 1 1 2 2 5 8 1 3 4 3 2 2 37 5 8 3 1 5 4 3 3 2 3 13 15 18 6 8 1 1 5 1 1 1 1 3 2 1 6 1 16 1 10 8 3 1 5 1 7 2 1 1 41 1 1 1 3 5 1 2 2 4 2 1 6 2 3 2 1 4 1 1 1 5 2 1 3 2 12 1 2 1 2 1 7 1 2 12 3 1 2 10 2 1 3 2 3 1 2 2 1 1 1 6 3 1 3 1 104 3 2 1 4 4 4 8 2 1 1 1 1 13 2 1 2 4
2 2 2 3 5 2 3 4 1 1 2 1 2 11 4 1 1 3 3 18 5 1 1 4 3 3 12 2 2 3 3 2 2 3 74 1 1 27 3 5 1 4 3 2 3 2 2 1 2 3 2 5 1 13 1 2 13 2 1 1 3 1 2 2 7 2 1 1 1 6 2 3 14 6 2 1 2 8 3 3 1 7 1 1 1 4 4 1 4 1 18 1 3 16 3 1 1 2 3 4 1 7 2 18 1 1 2 2 1 8 2 4 4 3 3 4 3 2 4 1 19 1 12 1 1 2 1 51 2 1 1 125 1 4 4 3 2 2 10 1 3 1 5 11 65 12 3 4 7 1 9 4 14 2 6 1 1 5 1 1 39 1 19 2 1 6 2 2 3 1 1 1 4 3 2 2 3 2 2 1 1 11 2 3 1 2 3 1 2 2 1 1 33 2 1 1 1 4 1 1
2 2 1 2 1 2 1 2 3 2 1 8 1 1 2 6 1 1 3 1 1 19 2 1 4 2 1 2 2 1 1 1 7 2 2 1 2 3 5 1 5 1 1 4 3 3 4 2 1 3 1 1 10 3 1 3 1 1 1 123 1 2 1 129 1 1 1 2 2 1 2 2 3 4 8 1 7 1 5 2 1 19 2 2 2 2 2 2 2 1 1 22 1 9 1 2 1 10 36 2 1 1 1 9 1 3 3 3 1 3 24 1 5 2 4 12 4 2 1 5 2 3 1 1 2 2 4 1 1 38 5 2 2 1 1 2 2 1 1 15 1 1 5 1 8 1 1 1 1 2 2 1 5 3 2 2 1 1 1 2 1 2 2 3 3 1 1 28 11 1 3 3 2 1 6 1 2 1 2 1 4 1 3 3 1 6 1 3 2 1 1 1 2 2 3 1 2 1 1 5
2 3 2 2 2 1 1 6 1 2 2 2 14 2 6 1 2 1 1 4 14 2 2 176 1 1 1 6 1 1 11 1 2 4 1 2 1 5 2 7 2 9 22 4 1 5 2 2 2 1 5 1 2 14 1 134 1 22 1 1 1 3 2 4 3 1 7 12 4 48 2 3 2 6 4 1 2 3 1 1 1 2 2 4 1 2 1 2 1 1 20 2 1 6 1 1 1 1 1 6 2 1 1 4 1 1 4 3 2 2 2 3 5 8 1 3 2 5 2 2 2 1 1 1 8 1 7 37 5 4 1 2 1 5 6 2 2 4 5 2 3 1 2 1 2 2 2 1 3 2 2 2 1 1 23 2 9 1 31 2 6 18 1 2 3 9 2 1 3 2 1 1 2 1 1 1 1 3 3 4 2 15 1 2 2 3 1 2 4 1 1 5 1 2 2 4 3 1 4 4
5 82 1 1 3 2 1 30 3 2 1 2 1 1 1 1 4 1 2 12 2 2 2 1 1 2 3 2 1 1 5 2 2 4 2 4 14 2 1 2 1 5 2 3 2 2 42 3 2 3 1 1 2 4 1 19 4 23 1 1 2 3 2 35 2 1 6 2 40 2 2 2 4 1 1 2 1 2 1 3 2 2 5 2 30 2 2 1 3 2 1 8 4 2 4 1 2 3 2 2 1 4 4 4 1 2 1 2 1 7 2 1 2 4 2 3 19 1 2 5 2 1 6 1 2 1 91 2 8 2 2 5 3 1 2 1 1 6 1 3 6 2 39 3 7 15 15 10 2 5 1 2 1 1 4 1 1 33 3 1 8 1 101 2 3 3 1 2 2 4 2 2 1 1 3 2 4 1 3 3 4 2 3 2 2 2 1 1 2 2 3 1 1 7 1 1 2 3 4 1
14 4 1 2 2 2 12 1 2 2 1 9 2 2 2 7 2 4 1 4 25 1 2 4 1 2 2 2 1 2 1 7 2 1 9 2 3 7 1 15 3 5 1 4 2 4 1 1 1 4 1 2 2 1 3 2 2 3 5 1 2 8 6 4 8 2 225 1 2 2 13 8 3 1 22 2 2 1 1 1 1 6 34 2 4 3 4 2 12 1 3 3 2 1 3 2 3 11 1 3 2 9 2 1 4 1 3 1 2 7 32 2 3 1 1 5 1 2 2 2 1 22 2 2 1 2 1 2 13 5 1 4 2 6 2 1 21 3 2 3 1 8 2 1 1 33 1 2 1 2 2 1 2 3 2 2 1 3 14 4 71 9 1 2 3 1 13 14 1 1 7 7 1 2 2 2 3 4 1 2 1 30 5 1 486 4 2 1 2 2 2 2 1 1 1 2 2 3 13 1
1 3 9 28 1 1 4 8 1 3 2 5 1 10 1 133 2 1 1 2 7 1 2 61 2 1 42 1 2 1 1 5 2 2 2 2 5 4 1 21 2 4 8 2 2 19 11 2 1 1 2 3 2 130 4 13 3 1 2 2 2 1 13 1 2 4 3 2 1 5 3 2 1 2 1 1 10 3 5 1 2 11 1 1 2 8 11 2 1 1 2 14 5 5 8 3 1 2 4 1 2 3 14 2 2 1 2 2 1 2 2 1 2 1 2 1 1 7 1 1 5 1 4 4 1 375 1 2 2 3 2 2 2 1 3 2 2 2 2 1 4 4 2 1 8 1 2 1 1 3 3 1 4 2 1 16 15 2 2 1 1 2 5 4 1 5 1 1 2 1 10 2 9 1 1 3 1 55 1 2 24 13 3 2 6 2 1 1 6 3 1 2 1 46 3 1 1 2 1 4
61 1 1 1 1 2 10 1 1 6 1 3 3 2 1 1 2 2 2 1 8 6 1 1 1 1 3 21 4 15 1 24 27 1 1 1 2 4 2 2 1 52 2 10 1 12 2 3 1 2 2 1 1 1 6 2 8 2 4 10 1 2 37 1 4 6 2 1 1 1 8 1 2 1 1 4 1 2 2 35 3 2 1 2 2 1 1 2 10 1 1 2 1 2 1 1 2 2 5 1 16 2 1 4 2 2 1 84 2 3 2 2 6 1 1 1 1 1 2 1 2 2 3 8 3 179 15 5 5 2 2 1 1 2 45 14 2 4 2 1 1 1 3 3 12 3 1 12 3 1 16 1 3 1 4 1 3 19 2 3 1 8 1 1 7 1 2 2 1 1 5 5 3 3 1 2 1 1 2 1 7 37 9 1 1 1 1 2 2 2 1 5 3 1 1 2 2 5 2 1
4 1 1 1 3 1 6 1 6 3 1 3 7 2 1 2 1 4 3 2 1 2 1 1 1 8 7 3 1 1 7 2 1 2 4 16 2 5 3 7 2 4 1 7 2 1 1 1 3 17 77 3 1 1 3 1 1 4 19 7 2 2 3 3 1 1 1 1 3 1 2 2 4 10 3 5 1 4 11 1 5 9 2 1 31 6 1 3 1 1 3 14 7 2 1 1 1 2 2 2 10 2 1 1 2 4 9 3 2 1 2 2 1 6 4 3 1 4 1 5 16 34 3 1 2 4 2 3 4 6 1 6 1 3 1 21 2 2 1 2 1 5 10 4 1 2 5 5 2 2 2 3 1 46 8 8 3 2 9 1 2 8 1 2 1 1 2 1 18 2 1 2 4 57 1 1 2 1 1 5 11 3 5 2 2 19 3 99 1 2 1 3 2 1 55 2 1 1 2 3
1 4 1 3 2 3 2 5 6 2 2 1 2 2 2 2 1 20 30 4 1 2 3 12 2 2 1 3 1 1 5 1 2 1 2 3 145 3 1 1 1 1 1 2 1 1 12 1 1 2 1 3 5 2 2 6 2 3 1 1 1 3 5 2 1 8 1 1 1 1 1 2 2 48 3 3 111 1 1 2 2 13 8 4 1 15 2 3 170 2 2 4 1 2 1 2 21 2 25 72 1 1 15 39 2 2 2 2 1 12 2 2 4 1 1 2 1 3 2 1 2 1 3 3 1 3 1 2 2 1 1 9 1 2 2 2 2 1 11 3 1 7 3 1 2 1 2 1 1 2 6 4 2 4 16 5 2 1 11 2 2 1 2 1 4 1 2 3 5 4 2 19 5 2 2 1 1 2 1 2 2 1 15 2 5 2 18 1 15 1 5 1 2 2 4 1 7 12 1 42
7 1 2 2 1 1 1 3 1 7 1 3 2 1 3 4 2 1 5 2 1 1 1 1 2 1 2 3 3 2 4 1 1 2 3 1 2 64 1 3 11 4 21 1 1 1 1 1 1 2 2 2 23 2 1 1 2 2 8 1 3 1 2 5 4 3 3 6 2 2 22 3 152 2 11 2 1 1 1 2 2 32 5 2 2 1 2 2 2 4 1 1 1 7 2 1 1 1 1 12 5 3 1 12 2 1 2 1 1 26 5 3 3 3 1 5 2 2 1 1 2 5 7 13 1 3 1 2 1 35 1 7 13 1 1 4 1 2 4 1 16 1 2 2 4 7 1 1 6 1 15 1 1 5 4 3 1 11 7 1 2 1 2 1 1 1 2 2 2 1 2 39 1 2 1 1 2 3 1 5 2 2 3 1 4 1 136 1 8 21 9 3 2 2 4 6 1 3 2 1
1 1 2 5 2 2 3 2 3 1 2 24 2 10 1 3 1 1 2 2 1 1 4 6 2 1 3 2 4 44 8 2 1 1 4 10 1 1 3 2 1 2 4 2 2 19 3 3 2 2 1 1 2 4 1 2 1 2 1 4 2 2 2 1 1 19 35 1 2 1 2 1 6 2 2 14 5 5 2 1 1 2 1 2 13 1 1 1 2 3 2 2 1 5 3 1 1 7 3 3 3 2 2 1 43 1 2 2 1 2 1 3 1 1 1 3 3 3 1 2 40 2 65 1 2 3 1 21 1 2 1 2 2 9 4 1 5 1 3 1 4 1 2 1 2 4 5 1 1 2 2 2 2 1 3 17 26 1 1 2 2 5 2 4 16 1 2 18 1 4 1 2 1 1 7 2 6 4 2 2 4 2 3 2 2 1 29 1 4 1 2 2 3 2 2 4 2 2 3 2
1 2 1 54 8 4 1 1 3 4 2 6 2 1 1 2 77 1 3 1 1 1 1 1 7 1 1 2 1 1 2 31 1 1 3 2 4 53 1 4 1 6 3 50 3 1 6 2 3 2 8 1 6 8 2 1 2 1 2 1 2 1 1 4 1 2 1 3 2 1 2 2 1 8 2 1 1 3 2 1 1 13 3 1 1 1 1 4 4 1 2 9 9 2 3 2 2 1 1 1 18 2 3 7 2 4 14 10 4 2 2 3 3 1 2 3 1 3 2 3 2 1 1 1 2 13 2 1 1 2 1 2 5 2 3 6 4 1 1 2 2 3 3 7 1 1 1 1 2 6 1 1 4 1 3 2 5 1 9 1 2 1 3 3 4 1 2 1 1 2 3 1 2 1 18 3 2 4 2 2 1 110 1 1 1 1 1 3 2 1 2 8 7 6 2 2 2 2 2 1
2 1 2 50 9 1 7 4 4 6 4 1 1 2 1 1 2 1 2 12 1 2 1 1 1 1 3 1 1 2 4 2 3 52 2 3 1 4 8 1 2 1 3 2 1 9 1 3 1 2 1 3 9 4 2 23 1 1 2 24 1 5 1 1 2 1 6 17 1 2 1 2 8 6 1 2 1 5 22 3 1 4 1 4 1 3 2 16 2 5 1 2 1 1 2 1 2 1 4 2 3 2 1 12 13 2 1 1 10 1 5 1 2 5 19 2 2 2 1 2 1 1 5 4 5 1 2 3 2 2 1 5 2 2 9 1 3 2 125 1 2 1 1 1 1 1 4 1 2 2 4 3 3 1 3 1 134 2 63 1 2 2 1 21 1 1 5 1 13 24 1 4 1 1 1 12 2 6 1 10 2 2 3 1 1 1 1 1 3 5 2 1 1 2 26 6 1 3 1 3
2 2 3 5 2 1 1 1 2 1 1 16 6 3 2 7 5 1 1 2 3 1 3 2 2 1 10 2 7 1 4 2 5 4 1 1 2 4 37 10 2 302 3 55 1 3 1 2 6 1 1 1 35 31 2 2 1 1 1 5 1 2 5 6 4 2 1 1 21 2 1 1 1 4 1 4 2 5 1 2 1 2 2 2 1 2 2 4 1 1 2 2 3 2 1 1 7 9 1 4 2 8 4 4 27 13 25 1 1 41 4 2 1 2 1 1 1 10 2 6 1 28 1 10 1 1 1 1 1 1 2 2 4 1 3 8 68 2 1 1 5 6 4 2 2 1 22 2 1 2 4 9 1 1 2 2 4 1 8 1 1 1 1 1 2 1 7 1 2 1 2 5 2 73 2 32 1 62 5 1 1 1 2 35 2 1 5 2 1 2 2 3 2 4 2 1 4 1 1 3
1 2 3 3 1 3 4 1 8 1 3 3 2 12 3 14 14 6 4 1 1 2 11 3 3 1 1 1 2 2 2 1 12 9 2 3 1 1 8 1 1 2 1 7 7 2 2 2 2 3 1 1 1 2 2 1 19 6 2 17 2 4 2 15 5 5 3 1 1 1 12 2 2 1 2 1 2 1 1 1 3 3 2 2 6 4 16 3 1 5 2 2 3 2 1 3 6 6 1 1 2 24 3 1 4 4 2 3 3 2 2 25 1 12 1 3 2 1 2 1 1 2 53 4 4 5 2 6 1 4 4 1 3 39 3 4 1 4 2 1 3 3 4 1 1 4 1 2 3 2 1 1 2 2 1 1 3 2 1 9 3 2 1 5 22 3 1 10 2 2 1 5 2 59 1 5 2 2 7 2 2 1 11 2 5 2 1 1 3 2 2 3 5 37 7 1 2 1 4 1
4 12 2 89 3 2 2 3 4 2 1 4 1 3 8 2 1 2 1 82 2 1 19 2 6 2 4 7 171 3 2 2 5 5 4 2 2 8 5 4 2 1 1 1 2 22 2 1 1 1 9 1 1 2 1 1 1 8 2 115 1 1 2 1 1 2 9 1 6 7 1 2 2 1 1 1 3 201 1 1 1 10 1 5 1 6 6 3 1 4 23 71 265 9 3 83 4 5 1 1 2 3 1 1 1 1 1 2 2 41 2 2 1 1 3 5 30 21 2 2 6 2 3 2 1 1 1 1 2 2 84 14 62 1 1 1 1 3 1 9 1 6 2 2 2 2 2 5 1 2 3 64 36 3 6 1 3 1 2 1 1 4 2 1 1 2 1 1 1 1 1 2 5 3 1 81 1 3 7 3 1 2 2 3 1 2 5 4 2 37 2 2 1 1 2 1 7 1 16 1
1 1 1 1 1 2 1 2 2 475 2 3 1 2 2 85 15 3 1 3 1 8 1 1 6 3 1 1 4 2 2 28 1 2 2 3 16 3 2 2 2 11 1 2 7 1 2 1 12 2 32 2 1 3 6 1 3 1 5 1 4 1 4 2 1 4 6 2 2 1 3 1 1 1 2 1 3 2 2 1 1 1 2 2 2 12 13 8 8 2 2 2 7 7 3 2 2 2 4 1 4 4 1 3 6 3 5 4 7 2 2 1 1 10 1 3 1 1 2 2 1 6 6 1 2 6 2 5 4 9 3 3 2 1 12 1 5 1 2 7 9 2 6 3 8 2 1 1 1 4 3 35 4 2 3 1 2 8 1 1 1 3 1 2 1 2 3 2 1 1 5 1 3 4 2 12 3 24 8 1 1 2 2 2 1 1 2 2 1 3 10 1 1 2 2 1 2 2 6 11
1 31 1 5 3 2 1 5 2 1 3 2 2 4 1 1 2 1 4 4 2 11 4 330 5 1 3 2 3 2 3 8 1 1 1 8 1 1 1 12 5 8 1 1 3 1 1 2 20 2 3 2 2 5 18 1 3 1 1 2 1 4 1 2 1 2 1 3 1 3 14 3 2 2 1 4 1 2 1 2 2 3 2 10 1 2 3 1 1 3 3 10 2 12 2 1 22 1 3 2 6 2 1 1 1 17 2 39 16 2 1 1 3 12 1 4 7 1 5 3 1 2 3 1 3 3 6 2 13 1 3 5 1 2 3 2 4 7 11 1 8 2 13 2 9 1 104 2 3 1 1 1 1 9 1 3 5 1 2 1 10 15 4 3 2 1 22 3 6 9 1 4 1 1 1 3 2 1 1 2 2 1 5 1 1 1 2 5 1 1 4 3 2 1 11 1 1 2 6 7
3 2 6 155 1 2 3 4 113 4 2 1 1 2 34 8 62 2 1 2 1 2 4 46 8 11 1 2 1 4 2 11 1 3 2 2 2 4 2 21 1 5 2 2 3 1 1 3 5 2 1 1 2 1 1 85 1 76 1 2 1 12 2 1 7 15 1 3 1 1 5 1 43 3 2 192 2 2 3 3 1 2 2 7 2 2 5 11 2 2 1 2 14 10 8 1 5 3 5 2 4 1 6 1 1 1 1 12 2 13 1 23 2 2 8 2 2 2 15 1 3 8 3 3 26 1 6 1 1 2 1 2 2 3 1 3 1 8 1 4 1 2 2 1 6 3 3 1 30 3 11 2 4 6 2 1 1 5 1 19 1 35 3 3 6 1 11 3 1 2 5 2 7 2 2 1 3 12 2 1 2 2 3 3 1 2 1 1 2 1 1 4 6 2 1 2 6 3 7 2
1 47 4 2 2 3 58 5 9 3 1 1 2 1 1 6 3 2 1 4 1 4 1 11 2 5 3 3 2 1 2 8 2 2 2 2 2 1 1 6 2 1 1 3 3 2 1 3 1 9 1 5 1 16 2 1 18 1 3 1 36 2 4 3 2 8 2 15 3 1 2 6 1 1 5 1 2 2 2 10 2 1 1 5 1 8 1 12 8 2 1 6 16 16 3 3 4 3 17 2 1 3 1 2 2 2 2 1 2 3 4 1 1 1 1 9 3 1 6 15 1 4 17 4 2 2 1 2 5 1 6 2 6 5 1 1 1 208 11 2 1 1 5 2 1 33 1 2 2 1 2 4 1 2 1 4 1 1 1 9 2 1 1 1 80 1 2 1 7 2 5 1 1 35 2 2 4 1 3 1 3 1 2 4 2 8 2 2 3 4 5 1 25 1 1 1 1 2 8 16
1 1 3 1 7 9 1 2 2 2 13 1 5 1 4 3 6 2 2 2 2 1 2 1 1 1 4 1 1 3 2 2 2 1 2 1 9 2 4 3 1 1 5 3 4 2 2 2 3 1 4 2 2 3 2 10 7 1 1 3 6 4 2 2 7 2 3 2 3 3 4 3 87 3 1 2 4 10 2 4 11 2 1 6 15 1 6 1 2 3 1 3 2 2 4 4 1 3 4 1 10 4 1 8 17 15 3 7 2 1 2 1 1 3 1 1 1 1 2 1 11 2 135 1 1 2 1 1 1 1 4 19 1 1 3 4 1 2 1 2 2 1 2 7 1 7 1 7 3 5 2 5 22 1 2 4 2 8 57 1 57 2 7 2 4 2 3 1 1 1 2 3 2 3 2 1 21 5 18 11 2 3 2 1 1 12 1 10 2 2 1 2 2 2 16 2 5 12 7 1
1 2 2 1 2 2 3 8 2 2 1 1 1 2 1 2 2 1 2 4 3 1 20 1 4 168 7 1 6 5 3 1 2 1 2 8 12 1 1 4 2 2 1 1 1 3 2 9 2 373 1 4 4 2 1 1 1 2 1 81 1 18 2 4 1 2 2 1 2 2 5 1 20 1 4 1 1 9 2 3 2 18 1 3 74 4 2 1 7 1 2 2 2 6 1 7 4 2 1 2 1 2 2 2 101 4 2 1 24 1 1 2 1 1 3 3 5 21 10 2 2 29 2 6 1 22 134 2 2 5 12 2 1 8 2 1 2 2 1 3 65 20 1 7 24 1 21 3 3 3 19 2 1 5 1 1 1 1 1 4 1 5 1 5 2 1 5 2 3 1 2 2 2 3 1 8 1 1 6 12 6 1 3 1 2 7 1 37 5 2 1 2 4 6 2 10 2 1 2 1
2 2 4 1 3 2 1 1 1 1 24 1 2 2 1 7 3 9 2 7 6 1 1 1 1 2 2 2 29 2 2 2 3 4 2 1 1 1 1 1 7 1 3 4 1 1 2 3 1 3 4 10 1 1 1 4 2 10 2 3 2 2 1 1 1 1 9 33 1 2 4 1 2 1 1 1 2 1 3 9 1 1 8 1 1 2 7 1 2 1 20 1 2 3 2 2 3 5 3 9 7 1 1 1 2 13 2 5 2 1 1 62 2 1 74 1 3 2 2 1 1 3 1 2 3 8 3 30 36 2 1 1 1 2 2 1 4 3 2 40 2 1 3 4 1 1 1 1 1 2 2 1 11 2 1 8 1 1 5 1 23 12 2 2 2 1 2 4 2 2 4 4 1 24 3 3 1 1 6 3 2 5 11 1 1 1 2 2 1 3 2 2 6 1 2 1 4 1 1 1
5 2 1 2 2 1 1 2 6 2 2 2 2 1 2 2 1 2 1 16 1 2 4 2 1 2 3 3 2 3 1 2 1 2 41 3 1 2 4 1 2 2 3 7 4 3 3 5 2 1 1 1 1 1 1 2 2 3 3 3 3 1 2 26 4 1 1 1 1 1 2 6 1 1 1 1 3 1 2 1 2 1 2 1 1 1 2 3 1 2 2 1 1 3 2 2 11 1 5 2 2 3 1 6 3 1 2 3 2 1 1 1 4 1 1 2 1 39 1 2 19 1 1 1 95 1 1 2 30 1 23 2 5 79 4 2 1 1 5 2 1 44 1 1 2 3 1 2 1 2 2 6 7 2 2 2 1 1 23 2 1 4 3 3 15 1 2 1 1 2 2 3 1 7 4 2 1 2 1 2 3 1 2 1 1 1 1 2 1 2 3 2 1 8 1 2 1 24 1 10
2 1 1 1 1 3 1 9 1 2 2 2 1 2 1 2 3 2 3 2 1 2 3 4 1 1 1 2 3 2 4 3 4 1 3 1 2 11 2 13 18 9 22 4 1 1 2 32 3 6 2 1 5 1 3 2 5 1 5 4 4 1 10 2 8 1 1 6 31 32 2 1 2 8 4 1 1 3 1 1 2 2 14 2 2 1 1 1 1 4 8 2 1 3 4 3 1 2 10 4 2 5 1 2 1 4 1 4 3 1 1 2 1 9 6 1 5 2 2 4 2 2 1 2 8 1 1 2 1 2 1 23 1 3 1 3 16 1 2 1 1 11 1 2 1 4 4 1 1 1 2 16 2 1 1 14 2 2 1 2 1 3 3 27 1 3 7 2 1 2 49 1 3 2 2 1 1 1 2 3 1 3 2 1 4 30 2 14 1 2 1 1 4 1 6 7 1 1 10 1
1 4 1 1 3 1 7 37 1 184 1 1 1 2 10 2 2 4 1 1 3 1 1 5 1 23 3 35 1 80 1 1 3 4 1 1 4 2 6 3 1 2 1 4 4 2 5 2 4 4 1 1 2 1 8 4 1 1 1 3 3 8 109 1 1 1 1 1 3 13 2 1 1 2 20 2 1 4 6 1 14 1 2 2 2 1 1 18 1 3 4 1 1 6 1 3 2 2 1 1 2 9 2 2 2 1 2 2 2 1 1 11 2 2 1 3 2 5 11 2 2 5 23 4 1 8 2 4 1 3 4 1 3 2 15 1 1 17 2 8 4 1 2 3 1 31 5 2 8 3 2 4 3 22 17 1 1 4 11 4 1 1 1 4 1 29 1 2 2 2 2 2 5 1 1 1 2 2 3 16 1 2 1 13 2 2 7 1 1 2 2 1 4 1 1 1 2 1 1 7
1 2 2 2 14 1 1 3 2 1 2 1 1 1 1 1 13 1 1 1 3 2 15 2 3 2 3 2 3 2 13 4 9 1 9 1 5 1 1 10 18 60 2 12 2 1 2 6 1 17 1 2 1 4 6 3 9 2 22 7 1 1 1 5 7 3 5 2 2 2 5 15 4 3 1 7 9 3 1 2 1 1 3 1 4 2 4 2 3 1 4 3 1 2 3 1 1 1 2 2 2 1 3 5 1 2 2 5 3 3 2 1 4 4 1 1 3 1 8 7 4 54 1 2 1 2 3 16 1 2 1 1 2 1 2 1 1 1 1 1 1 1 2 2 2 1 1 27 2 2 6 1 6 32 2 2 1 3 4 2 7 2 93 1 1 5 1 2 2 21 3 1 2 1 1 2 1 1 1 26 6 5 15 5 1 26 1 1 11 3 5 1 1 1 1 2 2 1 1 1
3 1 1 2 2 1 2 1 1 1 1 6 2 2 2 2 2 2 6 2 1 1 1 2 2 2 3 2 4 3 1 16 1 1 1 1 13 2 12 2 5 2 1 2 1 2 73 3 2 6 1 1 28 1 12 2 17 1 1 2 4 1 5 1 431 2 6 3 1 1 2 2 7 3 2 2 1 7 8 1 5 1 1 5 1 2 46 2 2 3 3 1 3 2 2 1 4 2 2 1 1 1 1 1 2 16 2 3 2 17 1 1 2 2 1 2 2 1 1 1 3 3 6 2 8 1 1 2 1 4 4 4 2 2 2 3 3 2 2 2 2 1 1 16 40 2 1 14 1 2 1 1 2 2 4 1 2 2 1 1 3 1 3 1 18 2 35 2 1 2 1 2 2 2 2 1 2 2 2 2 1 2 1 1 2 1 3 1 1 4 8 3 2 7 2 3 1 4 2 13
27 16 2 1 13 1 3 2 5 1 6 2 2 14 2 5 2 4 1 5 3 2 1 1 2 2 3 5 1 1 1 3 4 9 2 3 1 1 1 2 17 1 2 5 2 3 3 6 30 1 3 10 3 1 2 33 3 14 1 2 4 4 11 2 3 2 2 3 2 1 1 1 2 3 2 35 8 1 1 1 1 3 1 4 3 2 2 6 6 1 4 1 1 8 1 2 3 12 1 1 2 2 2 2 130 4 237 1 22 3 2 2 2 1 1 1 3 3 1 2 2 3 1 2 4 3 18 8 2 2 12 1 13 2 1 3 6 9 1 3 7 2 1 1 1 2 1 3 1 2 7 1 1 7 1 1 1 48 1 4 2 1 5 3 3 4 1 3 1 3 3 5 5 2 2 3 8 6 1 1 3 3 1 2 4 2 2 7 3 2 1 14 2 2 2 31 30 4 2 4
2 1 3 3 2 2 1 2 5 1 1 1 2 11 1 2 1 3 1 3 2 3 1 9 2 1 41 4 1 2 28 1 33 23 3 1 2 2 1 1 1 16 1 21 2 3 9 2 4 2 4 22 3 1 1 4 2 2 2 5 1 2 5 8 1 11 3 7 1 6 2 1 1 5 7 5 3 2 1 1 245 12 12 2 1 2 5 2 10 8 14 1 5 2 3 3 3 1 1 1 2 28 1 3 1 2 1 2 3 5 1 1 1 1 3 2 2 1 3 1 4 1 3 2 8 1 1 16 1 1 3 2 1 1 1 7 1 1 3 12 5 1 2 3 3 16 1 2 3 24 14 2 1 1 2 1 5 16 1 2 56 4 1 9 3 2 3 10 1 2 2 1 2 4 1 1 2 1 4 9 1 1 4 4 5 1 1 2 3 2 23 2 2 1 12 1 25 3 2 1
2 2 2 5 4 2 15 2 1 2 22 1 2 3 2 85 1 1 1 2 1 29 2 2 1 3 8 3 9 2 2 3 1 1 3 4 3 1 56 1 12 3 4 1 2 2 1 3 4 1 27 7 2 2 2 2 1 1 13 1 2 13 2 2 159 2 2 4 2 1 2 2 312 2 5 6 1 1 6 3 1 2 50 1 16 1 7 64 6 2 12 4 8 3 1 4 1 1 3 2 2 1 2 1 1 2 2 10 4 5 3 2 4 2 1 31 1 7 1 2 2 16 4 2 1 2 2 2 1 3 3 1 1 1 4 1 3 1 2 8 4 2 2 2 2 1 2 2 3 3 1 1 2 7 2 42 2 11 1 3 1 2 1 1 1 1 1 2 5 1 2 2 4 2 1 3 2 19 2 2 3 2 1 2 1 1 6 1 1 1 1 17 1 1 1 2 2 1 2 1
2 2 3 1 1 2 2 2 7 1 4 2 2 4 2 1 25 2 6 2 1 2 6 6 1 1 2 1 4 7 7 1 1 1 1 2 3 5 3 1 8 4 3 1 3 3 1 1 3 3 4 2 2 343 2 1 1 3 1 9 7 2 4 8 2 2 3 3 1 3 3 7 1 2 2 1 2 3 3 1 2 1 5 2 2 1 2 1 2 1 1 4 1 1 2 4 1 1 273 5 6 1 1 4 10 2 1 4 21 2 1 2 11 3 6 3 16 4 1 1 4 1 29 2 1 1 7 8 1 1 11 2 4 13 1 5 4 2 5 1 3 1 8 1 1 4 2 1 1 10 1 1 10 4 5 5 3 2 4 2 2 2 3 2 2 2 6 2 2 1 2 7 2 4 4 1 13 1 1 5 5 2 5 2 1 2 1 2 48 2 6 2 1 2 2 1 19 2 1 3
1 3 2 3 3 21 3 2 1 1 24 21 1 4 1 8 2 1 2 2 1 4 2 3 5 20 2 1 2 63 5 2 3 3 6 1 2 1 9 51 2 1 3 2 2 4 1 1 2 1 1 12 1 3 13 3 1 2 2 5 2 2 6 6 73 1 1 1 12 16 9 1 47 2 3 9 1 3 1 1 2 1 9 1 1 1 2 14 1 1 1 1 9 2 2 1 1 24 22 12 1 2 1 1 3 2 2 3 1 4 8 2 2 12 2 1 3 6 2 9 4 3 1 25 2 9 5 2 5 1 3 31 3 2 3 3 3 1 2 3 2 1 3 1 1 2 12 2 109 1 2 1 5 1 4 1 2 1 2 2 2 3 2 3 2 1 2 1 2 2 1 2 3 3 2 2 3 1 1 1 6 1 2 1 2 6 2 2 3 1 2 1 1 3 5 1 3 1 5 3
2 2 6 1 1 1 3 3 2 7 4 2 1 5 1 6 1 2 2 1 1 6 1 1 7 102 2 1 1 5 4 2 1 2 1 2 172 19 1 1 2 2 1 1 3 1 1 1 1 2 1 11 7 1 1 1 1 7 1 86 4 72 1 2 1 1 1 3 5 3 5 2 2 1 1 2 2 2 3 3 3 3 2 1 1 4 1 2 1 37 23 1 1 1 16 1 2 7 4 4 4 2 1 2 11 3 4 2 1 3 2 7 6 2 3 2 5 3 4 8 1 22 1 12 2 4 4 1 1 1 6 1 1 1 3 3 6 3 4 2 2 1 1 2 1 2 9 1 9 2 2 1 1 22 1 2 3 1 4 8 1 2 1 2 2 1 11 15 2 3 11 1 2 2 2 3 4 2 1 4 2 5 115 1 2 1 10 3 3 2 1 8 2 6 2 29 1 9 7 1
4 11 1 6 4 1 1 1 1 1 32 2 10 1 3 1 2 9 3 1 1 1 25 3 3 1 3 6 3 2 7 3 1 3 2 1 1 1 2 3 63 7 6 3 5 1 2 2 2 2 1 2 2 1 7 1 4 1 2 2 1 1 1 1 3 3 1 7 1 1 3 2 2 1 2 3 2 1 7 2 2 4 4 7 1 1 3 16 1 1 1 2 9 3 2 6 3 1 1 3 3 2 2 1 1 10 1 6 2 2 1 4 2 3 1 1 22 1 1 8 2 1 5 1 1 2 3 21 4 2 27 2 2 1 9 1 2 2 3 1 1 12 4 1 13 189 5 1 3 9 2 3 2 3 14 1 1 4 1 3 2 6 2 1 1 1 1 2 1 2 1 1 4 1 7 3 1 1 19 2 1 1 1 1 17 1 3 2 126 3 2 1 2 2 2 4 1 3 2 3
1 6 2 2 2 1 1 2 1 1 1 1 4 97 1 1 1 1 2 1 6 2 1 2 1 1 3 2 1 1 3 2 2 1 7 7 2 4 1 3 3 2 4 8 14 2 1 1 3 12 3 1 56 1 2 52 2 4 5 4 12 2 1 5 2 2 5 49 1 2 12 3 2 1 6 2 2 1 2 9 17 24 1 5 15 1 1 1 2 1 25 3 1 5 5 21 4 1 1 2 2 2 3 2 1 1 1 1 1 3 1 3 1 2 4 3 2 1 4 11 2 1 2 25 5 2 6 1 17 5 4 2 2 1 1 7 1 2 4 14 1 1 1 1 1 77 25 3 1 3 3 122 1 5 1 2 4 1 2 4 1 13 4 1 1 1 1 3 1 3 1 5 48 2 28 1 1 2 11 2 2 1 1 4 2 1 2 2 2 2 1 2 1 7 2 2 1 3 1 1
1 1 1 2 7 5 1 50 4 4 10 2 6 2 1 2 1 5 1 1 1 1 1 3 1 3 4 1 19 6 2 2 1 9 1 1 4 2 2 1 5 2 19 2 36 1 2 2 4 2 9 2 3 3 1 1 4 1 2 10 2 4 2 1 1 1 3 1 5 1 2 1 5 2 1 1 16 7 2 2 1 1 1 4 1 1 5 1 1 2 3 3 1 2 37 3 98 297 9 30 22 2 3 2 9 1 1 5 19 2 2 2 6 10 1 3 1 8 2 3 2 2 3 1 4 18 1 4 46 1 3 3 1 2 4 5 11 3 3 4 2 1 4 1 1 1 2 3 4 3 1 2 1 2 11 2 7 6 6 2 2 1 2 1 2 1 14 2 4 2 1 2 1 5 1 1 3 1 2 2 2 1 1 2 1 48 2 1 12 1 5 4 2 1 2 3 4 3 1 1
2 3 4 3 4 1 1 2 1 1 1 3 1 1 1 2 2 2 1 3 1 2 1 1 4 18 20 1 1 2 5 2 2 1 3 1 2 7 1 1 3 1 1 1 4 9 24 2 1 1 5 1 11 6 2 1 8 1 32 3 2 1 1 3 143 1 2 1 3 2 120 2 12 3 2 2 9 1 3 2 2 3 13 2 2 2 2 4 1 2 3 2 2 2 2 314 3 1 16 3 1 3 1 2 1 2 6 1 1 3 2 1 6 2 12 6 1 1 2 2 4 2 3 1 1 2 2 41 11 1 4 1 6 2 6 2 1 2 1 1 1 8 8 1 1 4 3 1 2 2 21 2 2 4 2 4 2 2 3 3 1 8 3 6 2 2 6 1 1 11 2 1 1 5 1 4 1 1 33 12 1 1 2 5 2 1 1 9 4 1 1 3 1 3 1 3 4 5 6 1
13 2 2 2 13 2 1 6 1 16 1 5 1 8 9 3 1 1 2 2 3 1 1 273 5 1 1 2 3 1 2 1 2 1 4 1 2 1 2 1 1 1 3 2 2 4 2 4 21 1 6 9 13 3 4 4 21 2 11 1 2 1 1 43 1 1 1 1 1 1 1 123 3 1 1 5 2 2 3 1 2 19 2 1 4 1 2 2 3 2 3 1 2 2 3 16 3 2 1 1 1 1 4 1 3 1 2 37 2 1 11 1 16 19 2 4 4 7 9 5 1 1 10 9 2 2 9 31 3 3 4 26 1 1 1 1 1 1 2 4 21 4 4 2 1 2 1 2 2 2 2 1 4 2 5 142 5 22 1 3 1 6 5 1 3 1 5 1 6 1 12 2 3 2 3 5 1 1 31 1 1 1 3 1 1 1 2 4 1 8 7 1 2 2 1 1 4 1 1 7
2 1 1 2 1 3 1 1 2 14 38 3 1 2 30 1 1 3 9 5 2 35 2 1 3 1 8 2 1 9 2 1 1 2 42 1 1 1 5 1 13 2 3 1 2 1 3 3 1 4 1 12 3 1 2 1 2 2 2 1 2 4 1 2 3 4 3 2 1 42 1 1 3 1 15 14 2 1 1 11 1 2 5 3 1 1 9 5 4 6 13 2 3 1 2 4 2 3 1 2 2 6 1 3 1 2 1 2 1 3 1 2 15 2 3 41 1 2 3 10 2 3 2 1 2 3 1 2 2 14 3 2 1 2 1 7 2 2 11 1 1 8 5 4 1 1 2 1 11 1 9 2 4 2 1 3 10 4 5 2 5 9 1 16 5 2 1 7 1 1 4 1 1 2 29 3 10 3 3 6 45 3 2 4 5 20 1 3 4 1 2 1 1 5 1 2 3 2 19 1
8 31 1 2 1 1 8 1 3 4 2 3 1 2 1 1 2 1 4 19 5 4 2 24 2 3 9 2 4 1 1 1 2 2 1 2 314 1 1 7 2 1 1 4 20 3 1 1 1 12 3 5 25 1 2 2 2 1 88 1 1 2 2 2 3 2 2 1 1 3 6 4 2 2 1 2 1 2 2 1 4 2 3 1 2 1 1 9 2 1 2 1 2 62 2 2 1 2 3 1 1 1 1 4 3 9 5 3 1 17 2 1 9 1 1 2 2 19 38 7 3 1 4 1 1 1 1 3 4 2 1 1 1 55 2 3 2 4 2 2 1 33 5 16 1 1 1 2 112 1 1 2 1 8 2 1 2 1 2 1 1 1 2 1 3 2 15 1 2 8 4 2 1 1 18 1 1 7 1 1 3 2 1 1 2 2 2 2 1 2 6 2 119 2 1 1 1 1 2 1
3 1 1 5 1 2 11 1 2 3 2 3 3 2 3 1 1 1 3 22 1 1 2 2 1 1 1 2 1 2 2 1 3 7 2 4 9 1 1 4 5 2 4 8 1 1 1 2 1 1 1 3 5 2 8 25 29 11 4 3 2 2 7 122 4 2 21 1 2 1 6 1 2 2 2 2 3 1 2 5 2 1 1 4 8 2 1 4 8 3 2 2 2 7 1 1 2 1 4 3 4 1 2 2 29 1 1 5 16 2 4 3 14 4 3 1 10 21 2 17 2 6 1 1 2 2 2 1 1 4 1 6 7 1 4 7 1 3 2 2 2 1 1 2 2 4 4 1 5 183 2 1 1 1 1 5 38 1 3 1 3 1 3 4 1 1 6 7 1 1 1 4 9 3 1 2 3 1 1 11 20 2 1 2 1 2 3 1 2 6 4 1 2 11 2 1 1 3 100 3
1 1 2 2 4 1 1 1 1 1 36 1 2 4 1 29 3 2 2 1 1 1 2 1 1 6 3 1 18 3 2 1 4 2 4 3 1 3 116 3 2 4 2 1 1 1 22 7 4 1 1 2 1 1 3 3 5 6 1 3 2 1 1 2 6 22 3 4 5 2 1 1 10 2 2 2 1 25 1 3 4 3 3 22 3 7 1 10 1 4 2 2 3 2 3 168 1 1 2 2 6 1 9 3 1 19 2 3 5 2 8 3 3 3 1 6 3 14 1 2 6 1 1 6 25 3 1 2 1 2 10 3 1 1 6 59 2 2 2 5 2 3 4 4 3 1 3 1 23 1 2 1 11 1 2 2 1 1 5 2 2 1 1 1 18 6 1 4 1 11 1 7 2 3 8 2 2 1 2 3 1 4 3 2 2 1 1 1 2 3 1 2 1 21 2 1 4 1 1 6
1 2 1 1 2 1 3 10 1 12 1 1 2 1 1 2 42 1 3 2 2 3 1 3 11 2 7 2 1 11 1 2 7 13 9 3 30 2 1 24 9 5 3 4 2 1 14 1 1 4 2 5 2 2 9 2 1 29 2 2 1 2 4 1 5 1 3 30 44 2 73 35 1 9 2 2 3 4 1 2 1 15 2 6 1 2 3 8 2 1 6 1 2 2 1 2 1 2 1 4 3 1 2 1 1 3 2 1 4 10 2 2 20 1 4 2 6 4 2 4 11 34 2 1 3 1 28 11 2 2 2 5 1 1 2 1 9 2 1 4 1 1 20 1 2 1 5 1 1 3 20 3 2 150 1 3 4 3 3 1 8 2 3 70 1 3 5 2 1 1 6 2 3 1 4 2 1 3 2 1 2 1 2 3 5 18 1 8 2 2 6 5 2 2 7 1 1 6 1 5
16 1 1 8 2 2 2 11 21 9 1 9 1 8 1 3 2 2 1 1 17 1 5 6 1 1 1 3 1 2 1 6 13 16 1 2 3 1 5 4 2 3 3 1 1 2 2 3 12 3 2 1 28 1 2 6 4 3 5 2 2 6 1 1 1 2 5 2 2 2 1 2 2 16 6 2 8 3 1 1 2 5 2 3 2 56 20 3 2 1 237 3 1 2 4 3 1 1 2 2 1 2 2 9 21 12 1 1 2 12 7 1 1 3 1 2 1 2 2 2 1 4 1 21 1 1 2 2 5 2 1 3 1 7 2 3 4 4 3 5 1 2 1 2 1 3 3 2 5 3 1 1 4 2 1 25 11 1 1 6 2 2 2 1 1 5 2 27 2 12 2 2 2 4 3 9 1 2 1 2 1 10 5 4 5 253 4 3 1 5 2 3 3 1 3 11 2 1 5 1
4 9 2 1 1 6 2 2 2 1 3 15 50 2 2 2 1 5 2 2 1 3 7 1 4 1 2 2 4 3 2 2 1 2 2 1 1 1 3 6 4 6 1 1 3 1 2 4 3 2 2 2 1 105 4 3 1 8 1 4 3 2 15 2 1 1 1 1 1 13 1 1 8 2 1 2 5 52 1 2 1 2 2 1 7 2 7 2 4 3 2 2 5 1 8 1 3 8 6 2 1 1 2 2 5 1 2 2 2 5 4 2 2 2 19 16 1 1 28 2 1 3 1 1 2 3 4 1 2 108 43 2 2 54 24 2 21 1 1 1 2 2 6 8 2 1 5 2 5 5 1 4 1 1 1 2 1 6 5 10 3 6 2 3 1 18 2 2 5 1 164 2 7 14 1 4 5 3 1 7 1 4 2 6 2 2 1 2 12 2 1 1 1 1 1 2 6 1 29 1
2 2 1 2 3 1 1 1 1 2 4 4 2 2 5 2 2 1 1 13 2 51 8 2 1 1 1 3 4 4 2 1 5 1 1 2 2 4 3 1 1 1 1 3 6 2 3 2 1 7 2 1 5 8 1 3 3 5 2 81 19 2 3 1 1 1 14 2 51 1 1 2 4 3 1 1 3 41 1 1 1 2 1 13 15 2 2 2 1 1 3 2 1 14 3 2 1 2 1 3 1 21 24 1 5 1 6 2 1 2 3 2 1 2 1 1 1 1 2 1 2 2 23 1 3 30 2 1 12 3 3 1 2 1 3 5 2 2 1 2 2 1 1 3 1 1 2 2 3 1 1 1 1 2 1 249 5 2 1 9 3 1 1 4 2 5 5 1 3 7 9 1 2 2 12 1 1 1 3 1 2 4 3 2 2 1 92 15 1 4 2 5 3 10 2 1 1 4 9 1
3 2 5 1 18 2 2 6 39 2 1 2 1 2 16 3 152 6 4 2 8 4 4 1 1 3 1 1 2 1 3 5 2 1 2 1 11 13 2 1 5 1 64 1 1 5 2 1 4 1 3 2 3 3 1 1 1 24 2 1 1 5 4 1 1 1 1 4 4 12 5 1 7 1 4 103 4 1 2 1 132 2 11 2 1 1 3 3 4 5 1 4 37 1 1 1 4 107 23 1 20 54 2 1 1 23 66 1 1 11 2 4 70 2 2 4 1 1 5 1 2 2 1 4 2 1 1 4 2 1 2 2 11 1 1 1 2 2 10 1 4 22 3 1 7 2 16 2 2 10 3 2 2 2 1 3 7 1 2 2 32 1 2 3 1 2 1 1 2 7 4 3 3 1 19 21 9 1 2 1 11 1 3 1 1 2 2 6 1 2 2 3 1 2 1 1 1 1 8 3
3 2 1 3 6 1 2 1 2 20 1 6 2 1 1 1 3 2 2 1 2 1 3 60 8 16 3 4 23 1 2 29 4 2 2 6 1 1 1 29 3 1 9 1 2 1 3 1 9 3 3 5 11 1 3 3 2 1 2 1 10 2 1 1 99 2 25 1 1 2 1 173 1 1 2 2 13 5 1 1 2 3 2 12 2 1 2 1 1 10 1 1 1 20 4 3 1 1 6 1 1 11 1 8 1 3 3 2 1 2 3 1 1 1 1 2 4 2 2 1 3 3 2 3 3 2 1 2 2 1 1 3 1 3 1 8 5 2 1 2 1 4 2 2 1 3 1 1 4 5 7 1 1 1 5 2 2 3 3 1 1 1 13 3 4 1 1 1 2 6 4 3 4 2 1 3 31 2 1 5 1 1 19 2 3 1 2 5 9 3 2 21 4 1 2 25 1 1 3 3
15 2 1 2 2 1 1 2 1 26 1 3 3 7 13 2 1 6 39 1 2 1 2 3 3 3 2 3 2 10 1 1 3 1 1 2 5 3 1 3 47 2 1 19 1 1 2 2 122 4 4 7 3 3 1 2 3 4 2 4 2 2 4 1 3 6 2 2 10 1 2 3 2 1 2 1 1 7 2 1 3 5 3 105 2 3 2 1 1 2 11 1 3 24 1 2 1 1 1 1 45 20 4 2 1 1 2 5 2 3 22 3 47 11 3 2 4 2 1 2 2 8 1 5 3 15 2 2 2 10 4 1 3 1 3 1 2 2 2 4 2 7 16 1 8 1 3 5 2 2 1 3 6 4 2 1 1 4 1 70 1 2 1 1 1 1 1 5 31 4 3 1 5 2 1 1 9 1 2 52 1 2 1 2 1 361 2 1 11 5 1 4 3 2 4 3 10 2 5 3
20 4 6 2 10 11 2 50 4 1 7 7 198 1 10 5 2 2 1 41 3 4 6 1 2 1 3 1 3 5 3 1 1 3 1 151 1 4 2 20 1 3 6 6 1 2 2 1 3 2 1 3 1 1 1 2 1 5 2 4 2 1 1 1 1 1 8 2 1 1 3 5 1 3 8 1 5 4 2 2 1 1 5 31 1 4 2 54 2 1 3 1 1 4 1 41 3 1 1 4 1 2 2 4 6 1 3 1 2 3 2 5 1 1 2 2 4 1 3 1 3 6 2 3 14 2 2 4 2 8 1 4 3 1 2 3 9 7 2 1 1 1 2 1 5 1 4 1 3 5 8 34 26 5 2 2 2 1 2 20 2 1 2 2 1 1 4 3 2 2 5 1 3 1 1 1 1 12 1 1 1 2 1 3 2 10 2 1 2 1 3 2 16 2 2 12 2 2 1 1
1 1 1 2 1 2 1 23 2 1 1 53 1 2 3 3 12 2 9 2 1 1 1 1 50 11 2 1 1 2 5 1 1 1 12 1 1 2 1 2 2 2 2 6 2 1 2 2 1 2 1 4 13 3 1 20 3 1 1 13 2 4 1 1 1 1 3 1 1 3 19 7 1 5 2 2 3 3 1 1 2 1 2 5 1 2 80 5 4 3 3 2 3 1 3 3 2 4 1 2 3 3 2 2 2 63 2 2 1 4 3 7 1 1 3 2 1 3 2 4 3 2 1 1 1 3 1 4 1 3 1 1 2 2 2 3 1 1 15 2 4 2 3 2 4 1 1 47 6 2 396 2 99 2 12 1 1 1 9 128 1 2 4 2 1 3 5 2 3 2 4 14 1 2 4 1 1 2 2 1 4 2 1 2 2 2 1 1 1 2 1 2 3 3 1 4 4 4 1 2
1 2 1 2 7 28 19 1 13 1 1 4 3 1 1 2 2 3 1 2 5 1 2 2 1 1 2 2 2 6 4 2 2 6 7 4 30 3 2 1 5 1 3 13 2 3 1 2 3 5 2 1 2 3 2 1 3 1 6 123 6 3 1 5 3 1 5 3 1 2 3 3 2 241 2 1 3 10 1 6 1 7 4 3 1 2 1 28 21 7 1 3 1 1 1 1 1 1 1 1 3 3 3 10 1 7 3 1 1 1 465 1 1 30 3 2 464 38 2 2 9 3 2 6 1 14 2 1 2 8 19 1 4 1 3 8 6 5 1 2 2 5 127 3 9 20 2 3 2 31 2 4 1 3 29 1 16 1 2 1 1 3 1 2 1 2 1 4 1 2 282 1 2 5 2 3 2 2 4 14 4 24 1 486 2 2 50 1 1 2 2 2 3 6 1 12 1 1 5 2
3 1 2 13 5 97 2 1 11 5 3 4 1 6 1 1 6 1 7 2 1 5 2 15 4 1 9 5 2 1 1 28 2 3 1 1 2 2 1 2 2 2 2 2 1 1 3 8 2 1 1 3 17 2 3 3 2 29 3 38 5 1 1 1 10 1 1 3 1 2 4 10 5 2 1 1 2 1 1 1 2 1 1 3 2 1 3 7 1 1 2 1 1 2 4 1 14 1 2 2 1 7 16 2 2 5 1 1 5 1 4 1 5 1 1 4 2 4 2 1 1 2 1 2 15 2 2 2 1 25 4 1 1 1 2 13 1 1 2 5 27 2 3 1 2 4 1 1 2 43 3 3 2 1 5 3 1 5 8 2 2 3 3 4 2 1 3 1 2 1 14 2 2 4 3 3 1 1 4 2 2 1 2 6 10 10 1 1 3 2 2 1 19 2 10 2 15 5 1 1
5 4 1 2 5 51 1 2 2 7 6 2 3 4 26 1 1 2 2 4 1 7 1 2 13 21 52 1 2 2 4 2 3 2 3 6 3 2 4 2 2 3 1 4 3 1 1 72 2 3 2 7 2 5 2 1 1 3 2 3 5 1 29 1 1 10 1 1 11 1 7 2 39 1 4 4 4 3 1 46 11 21 406 4 1 39 2 4 1 2 1 5 1 2 6 2 13 1 2 1 5 1 1 3 1 1 2 2 4 2 2 3 4 2 2 14 1 38 1 2 1 2 2 2 1 2 2 2 2 1 1 1 8 6 1 6 2 1 1 5 2 5 2 1 7 2 5 1 3 2 1 5 2 2 12 1 3 3 1 3 72 2 1 1 1 1 1 2 2 1 3 2 8 2 2 2 1 2 1 1 1 28 3 5 2 3 3 3 1 9 3 3 2 1 1 1 2 1 1 1
6 1 6 1 1 1 1 1 3 16 2 2 2 2 1 1 2 1 2 1 26 6 2 1 2 8 1 7 5 1 1 32 2 1 5 2 2 2 1 1 1 2 2 43 3 34 2 1 10 3 1 1 4 1 1 5 5 6 3 3 8 2 10 1 24 4 2 5 1 4 1 14 1 5 1 4 6 1 1 4 8 2 4 2 1 3 1 1 2 1 2 11 1 5 194 1 3 1 1 1 9 6 8 1 2 1 57 2 5 9 1 3 3 1 1 10 1 6 1 2 2 1 105 1 1 3 15 3 2 1 10 9 1 5 12 31 2 1 1 3 2 9 2 1 68 45 2 7 1 2 1 3 2 11 1 2 2 1 1 3 2 2 2 3 1 1 4 1 4 4 4 14 2 1 2 1 1 2 2 3 1 2 2 2 4 2 1 3 1 1 1 1 1 2 2 2 2 12 1 1
1 3 2 1 2 2 3 1 20 1 1 1 6 4 1 10 1 1 2 1 1 2 20 8 1 4 6 1 1 5 4 11 1 6 33 4 3 4 2 4 1 2 1 2 5 2 1 1 2 1 1 5 2 6 3 1 1 1 2 6 3 2 1 1 2 1 3 4 1 9 1 1 4 5 5 2 1 3 2 4 8 4 4 5 1 3 3 8 3 1 8 4 4 1 474 2 2 2 2 11 7 40 1 1 1 1 3 2 1 1 1 15 1 2 2 1 1 14 3 3 1 2 1 1 5 3 2 2 1 1 1 1 2 6 1 21 2 2 2 4 1 3 1 11 15 2 2 9 1 28 1 3 2 1 1 1 1 3 1 12 2 15 1 1 78 1 2 7 2 1 11 1 1 3 5 1 2 1 1 2 3 1 2 1 2 1 1 287 1 2 9 1 2 3 4 1 1 157 2 3
12 2 3 2 3 2 1 1 4 1 3 1 4 1 1 1 2 2 14 55 2 1 1 13 2 1 22 10 3 1 2 5 2 3 1 25 2 1 1 1 1 2 118 1 2 2 2 1 3 2 2 4 1 3 3 3 18 8 2 4 1 4 3 1 190 1 2 2 5 4 1 7 1 1 4 1 2 1 2 1 8 2 1 4 5 2 1 1 5 2 2 29 2 8 1 4 2 1 5 1 2 51 1 5 27 1 2 2 3 81 2 2 2 2 1 2 1 1 2 5 1 2 91 3 1 4 2 2 2 2 1 2 1 1 8 2 1 2 1 1 1 2 2 2 6 1 4 1 3 1 1 1 3 1 1 1 2 5 2 2 4 1 19 1 3 4 2 10 83 2 2 1 1 9 2 1 3 2 1 2 6 4 5 3 96 1 1 70 2 2 2 1 1 4 2 25 1 8 1 7
1 2 10 1 2 14 2 4 1 2 3 44 2 1 3 2 2 1 1 1 2 2 5 9 1 1 1 1 4 3 1 2 1 1 5 1 2 3 2 1 3 2 3 4 2 3 1 1 4 2 8 6 13 1 4 11 3 1 4 6 3 2 3 4 2 62 2 4 2 8 2 1 3 2 1 1 2 2 3 1 1 3 1 2 2 1 2 10 2 2 2 5 2 1 5 6 56 3 1 4 2 10 2 2 1 4 2 1 1 2 3 4 5 4 3 1 2 2 2 1 5 2 1 2 2 7 5 3 2 5 2 1 8 2 66 6 1 2 6 2 3 5 82 39 1 14 4 1 29 2 7 1 2 6 4 1 3 1 10 3 3 2 2 1 1 6 2 1 1 8 1 2 1 6 1 2 1 2 14 14 1 8 1 2 1 1 2 2 2 1 2 3 4 1 3 4 1 87 3 3
2 7 1 1 2 2 2 276 8 9 1 12 2 1 3 2 3 2 14 2 5 2 3 2 1 13 2 1 1 1 3 4 1 2 11 3 11 170 1 1 1 4 2 1 1 1 5 1 2 2 1 2 2 2 2 1 1 1 2 1 2 1 1 3 4 1 2 2 1 2 4 4 2 3 4 1 1 1 1 1 2 1 1 5 4 1 2 2 1 3 16 2 5 2 1 1 46 2 1 3 1 1 2 1 1 1 2 2 19 18 1 21 6 4 2 3 4 3 1 15 3 3 1 2 1 1 1 2 1 1 11 2 1 1 2 1 2 7 6 3 1 58 1 4 3 2 5 1 1 3 2 29 6 2 5 12 15 2 2 1 6 1 2 1 7 4 3 1 1 15 1 2 2 1 2 5 5 2 2 3 1 10 1 1 2 3 1 2 2 1 8 3 1 1 2 3 3 2 11 1
4 17 7 1 8 3 2 2 35 5 1 5 1 1 23 1 1 2 438 1 17 1 2 2 1 16 2 15 10 3 1 2 2 2 2 2 45 1 2 5 2 2 5 2 2 5 2 1 1 2 2 3 3 2 2 2 1 46 1 3 4 2 1 3 1 3 2 3 3 294 1 2 2 2 6 1 1 1 2 1 3 3 4 1 4 2 2 1 1 1 1 2 2 1 5 22 4 1 3 2 1 6 3 3 2 4 1 9 1 1 2 8 4 1 2 1 10 4 2 2 3 9 2 2 2 2 6 36 1 3 5 1 4 1 4 1 3 2 1 3 4 3 31 2 3 1 2 2 3 5 2 1 2 2 4 1 2 1 1 1 17 2 4 1 2 11 2 8 1 1 2 2 1 3 1 2 5 2 2 15 7 1 2 1 1 2 4 2 2 7 15 12 1 5 3 2 6 2 1 4
3 2 2 90 1 4 5 1 1 2 2 2 1 5 2 2 1 1 3 2 1 3 3 3 1 1 1 3 2 2 3 1 1 2 8 1 2 15 1 3 1 2 1 2 2 1 4 2 2 23 3 1 1 1 3 2 8 3 38 3 8 2 15 17 1 2 1 4 3 1 1 1 1 1 1 1 1 1 1 45 2 1 2 2 3 1 2 14 11 1 4 3 7 2 1 1 23 2 4 2 73 2 2 3 14 2 3 4 1 3 17 2 2 3 2 3 4 1 1 3 4 1 7 1 15 1 4 5 6 2 1 2 2 3 5 2 3 7 4 3 56 9 2 2 1 1 6 25 3 1 2 2 68 1 2 1 1 3 1 3 1 6 3 2 8 6 10 1 1 2 19 2 1 8 12 2 2 2 2 8 2 2 2 1 2 1 1 5 1 11 2 2 207 2 6 6 2 4 1 2
6 16 3 1 2 1 6 2 2 1 4 4 2 2 1 16 1 1 22 1 1 7 2 3 1 2 2 2 1 1 2 1 3 16 2 1 4 4 2 3 4 2 4 3 6 2 4 1 2 3 4 6 11 1 3 1 1 4 6 1 3 4 7 8 2 1 2 3 3 2 5 3 1 1 59 3 3 4 1 2 2 2 5 2 17 6 1 2 4 4 1 4 2 1 3 1 5 2 4 3 1 9 2 2 1 3 5 14 2 2 3 1 4 3 2 1 2 3 2 5 2 3 3 1 3 1 1 68 1 2 2 1 1 1 5 2 2 2 1 48 5 4 1 1 6 2 1 3 1 17 2 2 3 1 2 1 2 3 4 1 1 15 4 1 22 2 6 1 1 2 2 1 7 1 2 5 1 3 26 1 1 1 1 1 2 6 3 2 17 46 2 1 5 1 1 1 1 30 2 3
2 1 2 1 1 26 1 6 2 4 2 3 1 2 6 6 8 4 3 1 109 2 2 1 20 9 3 84 1 1 5 2 2 1 2 4 1 2 1 10 1 1 2 3 5 3 1 4 1 2 3 11 9 2 2 9 5 1 3 3 4 2 16 2 1 1 1 1 2 2 1 6 4 2 1 2 8 1 1 2 7 1 1 1 1 26 7 2 1 2 2 3 2 2 8 1 1 3 2 5 3 4 2 4 36 4 2 2 2 44 11 5 4 4 4 6 2 2 12 2 6 2 2 3 1 1 2 1 1 1 1 1 4 2 6 4 1 1 12 39 1 2 5 2 1 2 3 2 4 1 3 1 1 3 3 3 2 4 10 9 15 1 3 5 1 2 3 1 2 2 3 7 2 11 4 3 2 7 1 2 12 4 2 1 1 2 2 1 1 1 1 2 1 1 2 5 2 6 4 33
1 1 14 5 1 6 4 1 3 12 2 4 1 1 1 1 1 13 2 2 2 1 3 4 4 2 6 1 2 1 2 2 4 3 2 30 2 2 4 1 4 12 2 1 2 1 2 1 1 1 6 1 1 1 8 2 2 1 1 1 1 1 6 6 23 10 1 1 5 10 1 1 1 1 1 1 2 1 4 62 12 4 4 5 4 3 31 4 2 14 3 1 6 1 5 1 7 1 1 1 1 4 37 1 2 1 3 1 1 1 9 2 2 1 1 1 1 2 8 66 3 63 53 1 2 1 1 3 1 1 1 8 2 2 2 5 9 3 19 29 2 2 3 5 1 7 20 3 1 37 1 1 5 1 2 1 5 2 3 26 1 2 2 3 2 1 100 7 3 3 53 23 2 3 3 3 1 2 7 1 2 2 1 2 4 1 1 15 3 1 3 2 1 30 3 2 1 3 1 2
1 1 1 2 2 2 1 17 5 4 1 2 1 6 1 2 29 25 3 1 1 1 1 4 2 3 1 2 2 1 1 1 8 38 2 1 2 2 1 2 3 2 2 17 1 2 1 8 2 1 6 1 2 1 2 1 3 1 1 3 2 3 9 4 1 7 2 5 1 3 11 1 11 2 2 4 3 2 2 2 1 2 10 2 3 5 1 6 1 1 2 6 3 2 3 3 3 2 2 2 1 19 3 8 2 4 3 3 1 1 3 8 2 2 1 1 1 2 1 1 3 5 3 2 3 5 2 8 4 3 1 1 2 9 2 9 3 6 2 2 4 5 1 2 2 4 2 1 1 5 2 5 1 2 2 1 2 4 3 2 13 7 2 2 3 2 2 1 2 3 2 2 7 1 2 2 1 1 2 1 4 8 6 1 1 3 2 7 2 4 1 1 1 1 4 2 54 8 2 2
4 2 2 1 2 1 19 2 3 2 4 3 1 4 4 1 2 1 11 2 2 1 31 2 6 7 1 5 23 1 1 3 1 2 2 9 7 7 1 1 3 4 9 1 3 2 4 2 22 5 2 1 6 2 1 6 1 1 13 2 2 19 1 2 3 1 1 3 1 2 46 2 3 2 1 2 6 1 1 2 1 1 3 1 2 3 7 1 3 1 1 1 3 1 1 2 43 14 11 2 2 1 8 1 2 2 3 1 60 1 4 1 1 1 1 3 3 2 5 1 11 2 1 1 36 2 189 1 4 2 2 3 2 10 40 6 1 1 1 1 2 3 1 3 8 1 1 1 1 2 2 23 3 1 5 1 1 1 1 3 4 1 2 1 2 3 1 5 5 66 1 2 2 1 2 1 1 1 1 1 2 4 36 2 1 13 8 1 1 1 5 2 1 1 1 1 3 1 2 2
2 1 17 1 10 8 2 4 6 2 1 1 23 1 3 27 3 1 15 2 2 1 1 1 1 1 1 1 2 14 2 2 4 3 1 7 2 2 3 2 1 1 9 1 4 1 2 3 1 2 1 2 4 28 1 1 258 5 1 1 14 17 1 2 1 1 1 2 3 4 1 1 1 3 3 1 9 1 12 4 4 2 2 1 1 3 3 47 4 1 2 3 3 1 2 3 1 1 1 3 1 1 4 5 1 9 2 10 2 5 2 1 2 2 3 2 13 1 2 2 2 1 3 2 1 2 72 4 2 2 3 83 1 1 5 2 1 2 2 76 1 1 2 2 7 1 1 2 3 7 5 3 2 1 2 4 58 1 1 4 2 1 1 1 7 10 6 2 2 1 3 1 2 3 1 1 2 4 1 3 4 4 1 2 4 3 2 4 2 1 2 1 4 2 1 1 1 2 3 3
2 2 1 6 5 1 2 1 2 1 1 53 6 1 1 3 2 1 4 2 2 1 1 4 3 6 1 2 5 1 1 2 3 1 2 8 2 1 4 1 1 1 3 35 2 2 2 2 1 1 1 2 1 5 3 61 26 1 1 2 1 4 1 2 1 1 1 2 5 2 1 2 10 1 1 1 2 1 60 3 2 2 1 2 6 4 2 1 4 2 5 1 2 1 1 1 2 3 4 1 1 2 3 5 2 5 1 1 11 1 1 1 5 4 2 3 2 5 1 5 1 2 1 4 9 1 17 2 12 3 5 4 1 2 1 1 1 1 1 26 2 2 5 2 1 2 2 1 11 1 3 4 2 1 2 1 2 3 2 5 3 15 1 4 1 7 6 1 1 4 2 7 5 5 2 6 169 1 1 1 1 4 6 2 4 1 1 1 6 1 1 2 1 2 2 5 1 1 1 1
3 4 2 1 1 1 2 9 2 2 5 5 1 1 2 4 1 5 2 2 1 2 2 2 6 2 2 8 3 2 3 2 3 3 2 2 1 1 4 1 5 2 13 6 1 3 13 5 3 2 2 7 2 1 1 4 5 1 7 1 1 8 2 3 2 1 1 3 2 1 4 1 1 2 2 2 1 2 1 7 2 2 1 2 2 4 4 1 1 1 2 3 3 2 1 1 2 5 2 58 4 1 3 1 2 2 3 8 2 4 2 1 1 1 2 3 1 6 6 14 1 1 1 1 1 2 2 1 1 2 2 3 2 1 4 2 1 1 2 1 5 1 1 1 2 2 329 1 2 9 1 3 10 1 7 1 1 6 5 4 2 9 1 1 3 1 2 9 2 2 2 41 2 1 2 7 2 5 2 2 2 2 123 4 2 1 3 1 3 2 1 14 1 1 1 4 3 2 2 1
2 2 11 1 4 1 10 1 1 12 3 2 4 1 1 5 1 1 1 2 2 30 3 2 12 11 4 2 4 2 2 1 1 2 2 5 15 3 1 2 3 1 1 1 6 5 1 2 14 1 1 2 9 1 1 2 1 1 2 1 13 4 4 2 1 1 2 3 1 93 2 2 4 2 3 1 65 3 37 3 52 4 1 8 1 3 1 3 8 2 2 3 1 1 1 1 2 1 1 44 6 2 3 4 1 1 27 3 35 6 15 3 1 5 2 1 39 3 10 3 6 3 1 1 2 2 1 1 2 2 1 6 13 5 1 1 2 2 1 1 2 4 4 1 3 1 4 1 1 2 2 2 1 1 15 2 2 1 6 1 2 2 10 3 1 3 26 2 98 2 21 2 4 2 6 1 10 4 2 3 1 12 2 13 1 21 1 2 4 2 1 1 3 1 2 3 2 1 1 2
104 19 3 26 1 1 1 4 1 1 2 14 2 2 1 4 3 207 2 2 1 2 1 1 7 1 2 2 4 2 2 2 6 9 1 3 3 1 2 2 1 11 1 1 8 2 1 16 11 2 2 2 11 3 2 7 1 13 1 6 3 8 7 1 1 1 5 2 3 2 2 10 1 4 3 7 7 4 1 3 3 9 42 2 11 1 1 2 47 10 1 5 2 42 16 2 3 2 2 5 42 6 2 2 10 2 4 23 3 3 3 2 1 7 4 3 1 1 1 2 1 33 1 1 3 1 2 5 3 6 1 21 3 2 5 15 6 4 2 16 1 2 1 5 1 1 21 2 23 3 1 2 2 3 2 7 1 9 1 1 9 3 1 1 6 1 2 16 1 2 2 1 1 1 2 1 2 2 7 1 23 1 1 5 3 58 2 2 43 4 9 1 1 1 3 3 10 5 2 5
19 1 9 1 8 2 2 1 1 2 9 2 1 1 1 2 1 5 2 1 1 1 2 1 3 1 2 1 3 1 5 2 2 1 4 2 3 1 1 2 2 1 1 4 6 2 2 1 4 3 1 1 1 2 4 2 3 2 3 1 1 1 2 32 3 7 2 1 2 3 2 1 24 2 7 4 2 3 3 1 2 3 1 4 1 1 8 8 2 11 2 2 3 2 10 2 6 4 9 1 2 195 21 1 3 2 1 1 1 4 1 1 2 1 1 41 2 2 7 1 1 2 4 2 1 2 5 2 9 1 1 2 1 2 3 3 5 2 2 41 1 10 2 4 8 7 3 16 5 1 1 2 2 2 1 2 6 1 10 1 1 2 1 3 1 5 14 3 2 5 1 2 1 16 1 1 2 5 1 1 1 2 4 4 2 1 2 2 3 11 2 1 7 2 1 8 2 2 6 2
2 1 7 4 1 27 2 10 2 2 3 1 7 51 1 2 3 2 17 1 2 1 1 3 1 1 1 3 2 1 1 4 3 3 3 23 2 1 1 2 5 2 4 3 1 2 5 9 1 9 3 2 15 3 1 1 1 4 1 5 2 1 1 5 1 1 2 2 2 1 1 1 1 6 7 1 2 2 1 1 149 2 4 1 1 4 1 2 1 5 2 2 1 1 91 4 1 2 1 3 5 8 2 2 3 1 3 2 1 2 2 2 1 6 4 2 1 2 4 1 2 2 1 5 1 34 1 1 3 13 4 4 8 1 1 2 1 1 1 1 1 3 2 6 2 4 4 1 2 2 2 2 2 5 3 1 5 1 3 4 3 120 6 3 2 1 1 2 1 2 2 3 2 1 1 3 1 1 1 65 2 2 1 67 3 1 1 2 1 8 2 6 2 1 34 1 10 1 12 131
2 2 2 2 1 2 3 10 1 2 8 1 2 2 2 1 4 14 1 3 2 1 2 5 1 2 16 1 2 1 1 5 1 4 1 5 1 1 2 1 1 4 2 8 1 3 7 7 1 13 5 47 4 2 1 1 1 1 1 2 6 4 5 18 27 2 1 1 2 7 3 8 1 1 1 1 2 1 1 2 2 1 1 1 3 4 6 1 1 13 1 4 4 2 1 1 1 1 3 1 1 2 2 74 7 2 1 1 1 4 7 4 2 5 1 7 2 2 3 12 1 2 8 2 5 1 10 1 1 1 121 1 2 1 18 15 2 28 2 2 2 3 2 17 2 2 68 18 2 188 2 21 2 3 4 2 2 3 77 44 356 1 10 5 15 18 4 2 1 1 1 1 8 2 5 11 2 2 1 2 3 1 7 1 3 2 52 2 3 2 1 24 5 4 1 1 3 30 1 2
1 2 2 6 3 109 2 1 7 3 2 1 2 16 8 11 2 5 2 5 1 2 1 1 2 1 5 1 2 2 1 62 7 1 1 1 2 2 1 3 53 11 2 6 1 1 3 2 1 2 1 1 2 1 2 2 4 3 2 4 3 2 28 3 1 1 9 1 3 1 2 2 4 3 4 4 2 5 1 4 1 1 8 2 1 2 2 7 44 8 2 1 2 2 3 1 2 4 3 1 2 2 1 7 2 2 6 4 1 2 2 3 2 1 1 45 1 2 8 2 1 4 1 2 2 4 1 6 4 18 34 3 19 2 4 1 3 6 1 2 4 2 1 1 2 2 4 6 3 6 2 1 2 1 4 2 1 3 12 76 7 2 3 3 19 3 1 2 5 2 3 1 24 3 1 2 1 6 1 3 1 2 2 9 2 1 3 3 1 1 1 2 3 4 2 4 1 2 2 4
1 1 1 2 6 3 7 19 4 2 1 2 1 14 2 1 3 2 1 2 2 1 3 2 2 10 2 90 2 1 1 1 159 2 1 3 3 1 1 1 6 4 1 4 11 2 2 2 5 2 3 1 1 1 2 1 2 83 2 1 1 7 2 16 7 2 5 1 1 1 4 1 37 1 1 5 8 4 1 107 6 5 1 4 1 4 1 3 3 2 5 1 1 1 1 8 1 2 1 1 2 2 2 2 2 10 4 1 2 4 1 3 1 2 3 5 6 1 2 9 2 1 2 3 2 5 7 3 2 16 3 2 1 3 3 2 2 1 6 14 6 3 3 1 1 1 16 3 1 1 2 1 1 1 1 1 3 3 5 2 1 2 1 7 1 11 8 1 4 1 8 1 1 1 2 1 2 1 2 4 1 2 1 8 17 3 4 2 3 3 4 26 8 2 5 20 21 19 373 1
1 3 91 2 2 33 1 5 1 3 2 8 3 5 3 2 115 8 1 1 20 1 4 4 1 2 5 1 5 3 1 1 1 3 6 4 2 26 1 2 1 2 3 5 3 2 1 2 2 1 5 2 3 3 2 1 1 1 18 2 2 3 2 16 2 2 2 1 1 2 36 2 6 1 4 3 3 1 3 3 3 2 2 5 3 229 1 4 2 10 3 1 8 1 4 7 2 2 2 3 4 1 4 11 1 2 7 2 8 2 19 4 1 13 1 1 2 2 2 1 2 1 6 2 4 2 1 5 41 4 1 1 1 4 3 1 5 2 2 2 35 1 2 1 1 2 1 2 2 1 156 2 3 1 1 6 11 2 1 2 1 2 77 2 6 2 391 1 1 4 1 1 2 2 9 25 4 2 1 2 1 1 2 1 3 2 2 8 1 13 2 1 1 46 2 1 1 1 1 2
5 6 4 2 2 3 1 1 3 5 1 5 3 1 4 1 3 1 2 3 3 3 3 1 1 2 2 1 1 8 3 13 1 7 2 26 6 1 2 2 1 2 9 2 2 1 2 1 4 1 1 2 1 6 1 2 2 3 1 1 1 2 1 8 4 2 1 1 2 3 7 2 1 2 1 2 26 2 3 2 2 9 1 1 1 3 2 2 10 2 5 2 11 2 3 3 4 4 15 42 1 1 1 2 49 10 1 5 1 1 4 1 1 14 4 1 2 8 5 4 1 1 1 3 2 6 1 3 12 1 2 1 1 2 2 8 1 4 11 2 6 2 2 30 4 4 2 2 3 13 2 2 5 1 1 2 1 2 2 4 2 2 2 8 3 1 2 1 5 6 122 45 2 7 3 1 3 4 2 1 2 1 1 1 2 7 2 1 3 1 1 1 1 4 2 1 3 2 2 1
3 4 1 2 1 75 3 4 1 2 2 5 3 1 1 1 1 1 3 2 2 9 1 2 2 2 1 4 4 10 3 1 3 1 5 4 1 2 3 1 10 2 8 3 5 1 2 1 8 2 1 10 1 2 1 1 4 2 3 8 1 3 25 2 4 2 2 2 11 5 1 3 1 11 4 4 3 3 4 5 1 1 2 3 5 3 3 2 3 4 3 3 12 3 1 3 3 2 2 1 1 3 1 1 1 4 13 2 2 7 2 2 36 2 4 1 2 2 3 1 2 3 1 2 12 2 7 7 2 1 9 1 2 2 99 2 15 1 1 1 2 1 3 1 5 3 4 1 1 3 2 42 2 1 2 3 11 4 1 3 8 23 4 1 1 2 1 6 2 1 8 4 1 1 2 6 1 4 2 2 1 2 2 6 2 1 1 1 4 3 1 3 8 3 2 8 1 1 13 2
3 2 1 1 3 1 6 1 1 5 1 3 4 8 2 2 1 2 3 1 7 1 9 10 1 1 4 6 1 1 65 14 5 2 2 2 2 2 20 1 1 1 1 2 2 1 3 31 2 4 1 1 3 2 2 2 2 13 2 4 3 3 41 2 1 1 2 22 18 2 3 2 6 2 2 2 1 1 2 2 3 4 1 1 1 4 2 1 1 1 1 2 2 1 1 2 1 2 43 7 29 1 2 2 8 4 45 1 2 8 1 1 1 2 3 4 3 2 4 1 1 1 2 1 41 2 14 4 1 1 1 27 91 2 8 2 1 4 28 2 11 2 2 1 1 1 5 3 1 2 1 2 2 2 3 1 2 4 12 12 1 1 1 2 4 2 9 2 3 1 14 2 1 3 24 2 3 1 7 2 2 2 4 1 1 8 6 21 3 1 2 1 11 2 1 3 1 4 1 3
2 2 41 1 5 2 7 3 2 1 1 2 21 1 6 11 1 3 1 12 2 1 172 3 2 2 6 1 229 99 1 4 2 2 1 2 2 1 5 2 1 3 3 2 121 2 1 1 2 2 1 3 2 19 1 2 2 1 456 3 1 1 5 1 1 1 2 2 1 1 1 1 1 5 5 1 1 1 3 4 4 4 6 1 1 3 1 1 1 1 3 14 2 7 2 1 2 2 9 1 1 2 2 1 1 2 1 2 1 40 5 5 1 1 1 4 10 4 30 10 8 2 9 15 8 1 5 2 3 2 2 3 12 4 3 1 1 1 45 2 13 2 2 2 1 2 4 3 3 1 1 1 67 1 2 2 1 2 5 2 7 6 2 1 2 1 1 49 1 1 20 3 7 2 1 2 8 1 2 3 1 3 2 14 1 1 1 2 1 1 2 2 2 1 1 1 3 2 2 2
2 4 11 2 1 1 1 2 10 5 1 3 1 1 1 5 2 2 2 1 4 1 1 1 1 1 1 2 2 5 37 1 47 5 13 2 9 5 2 3 2 1 1 2 1 1 1 1 1 2 2 3 7 2 2 2 1 2 32 9 8 1 2 8 1 2 1 1 2 14 2 1 2 8 2 1 9 2 2 1 1 2 1 3 20 2 7 19 2 1 9 3 1 2 7 2 3 1 2 1 4 2 4 1 2 1 8 3 1 1 9 1 2 2 9 1 5 2 11 2 13 2 8 2 5 1 1 2 7 3 3 4 4 21 1 37 1 1 4 1 4 5 1 2 4 4 2 4 5 1 2 4 1 3 2 3 1 1 2 2 1 6 14 119 1 7 3 2 178 6 1 2 1 1 1 1 1 3 6 1 2 1 1 9 4 3 1 3 2 2 21 15 7 2 2 1 1 1 2 1
2 12 2 3 4 16 1 1 2 10 2 4 3 48 1 8 8 4 1 1 3 1 2 1 4 2 2 2 1 12 1 2 210 2 1 1 2 1 2 38 2 2 5 2 1 2 4 4 2 2 3 3 2 2 3 1 3 1 2 44 2 1 2 1 1 1 41 50 2 18 1 2 4 1 7 14 10 3 3 1 3 3 2 2 1 8 1 48 2 4 1 17 1 1 6 6 2 1 3 1 1 2 8 1 5 3 1 1 1 3 2 1 2 2 2 3 2 1 3 2 1 1 1 6 1 1 6 9 2 2 1 1 1 2 2 12 1 5 6 1 1 1 1 1 1 1 4 6 3 2 2 1 11 2 190 2 1 1 1 2 1 2 2 3 3 17 47 1 5 1 2 7 1 2 4 3 26 1 2 3 4 1 279 3 3 1 6 2 1 1 1 1 33 1 9 9 43 45 2 1
1 2 1 1 2 6 7 1 1 5 71 1 3 1 1 4 1 2 1 3 1 1 2 1 5 8 4 1 4 9 2 1 2 2 1 11 1 1 1 1 2 1 8 1 1 3 2 1 7 16 1 1 2 4 6 3 2 1 1 84 11 1 1 1 3 1 1 3 5 1 3 2 1 2 1 4 6 2 4 2 2 8 4 53 10 2 1 4 1 370 1 2 9 1 2 1 2 7 2 3 1 2 1 1 3 4 3 1 2 2 1 3 2 3 2 1 2 176 1 109 1 1 7 1 21 30 1 1 1 1 1 3 2 3 2 9 2 1 2 3 7 2 1 1 3 1 89 1 31 8 2 4 2 2 4 1 4 3 1 8 4 1 1 1 1 3 2 2 1 1 8 2 7 2 5 3 1 15 1 3 2 3 1 1 4 388 4 2 2 1 14 6 8 1 3 1 1 1 1 2
1 1 12 1 2 2 3 1 4 3 4 2 5 2 2 25 2 3 1 5 2 3 6 1 1 2 4 1 1 1 10 3 4 1 1 1 2 6 3 1 2 1 1 1 4 3 1 2 2 2 2 1 1 2 1 1 9 2 1 3 1 5 30 2 1 1 8 1 3 2 11 1 1 3 4 4 59 1 1 2 2 5 1 7 2 1 1 11 5 5 5 3 3 2 18 2 3 12 8 2 9 2 3 1 32 2 1 1 1 2 3 1 4 1 25 3 1 1 1 4 2 3 1 2 28 1 1 2 3 2 1 3 3 2 2 2 95 2 22 2 1 1 2 2 62 2 3 3 1 1 2 5 1 3 2 3 1 5 1 2 2 1 2 1 2 3 2 3 2 2 5 40 1 2 2 2 2 3 1 2 1 1 2 1 3 2 11 117 5 2 2 4 2 1 1 1 2 2 190 8
1 2 1 2 3 1 2 2 2 1 1 32 1 2 2 1 2 1 1 3 1 13 3 2 7 2 27 1 1 12 1 3 11 2 1 1 2 7 4 1 1 5 1 2 5 1 3 1 3 2 1 1 3 2 2 13 1 2 2 1 7 1 5 31 3 8 2 2 2 5 1 50 4 2 3 1 2 2 2 1 2 2 2 2 2 8 2 1 3 1 1 1 2 4 4 25 2 3 1 2 1 2 2 1 27 1 14 9 2 10 15 2 5 1 5 1 4 1 1 3 3 4 1 13 7 2 1 8 43 1 1 1 10 68 1 6 28 3 2 2 13 3 2 2 2 2 3 1 2 13 2 1 4 5 4 4 1 3 2 38 2 5 5 1 2 90 1 6 3 6 1 1 1 9 3 1 3 1 3 6 2 1 4 3 1 1 4 1 1 1 2 3 11 1 7 18 2 4 2 3
2 8 1 3 1 2 3 2 1 1 1 2 3 1 3 2 1 2 3 2 2 1 7 1 2 12 1 1 1 3 11 2 3 2 2 4 1 2 22 1 1 2 2 2 2 5 2 2 1 3 2 1 1 2 1 3 1 2 1 1 1 1 2 1 1 3 5 2 2 1 1 4 1 5 1 5 2 2 2 3 2 42 1 1 1 2 2 15 29 1 2 1 3 2 2 1 2 1 2 8 2 4 1 2 9 20 1 350 4 1 2 2 3 3 2 1 4 2 2 2 2 1 21 1 2 1 1 5 159 2 9 5 2 7 2 26 2 15 2 2 3 1 6 4 4 2 1 1 1 1 2 2 5 6 5 2 3 2 16 3 2 1 1 1 4 5 2 7 21 27 7 1 2 1 4 1 2 1 3 1 4 2 2 3 1 2 5 52 5 2 12 7 1 2 1 1 2 2 6 1
2 11 1 1 1 1 2 1 3 3 5 2 1 3 5 1 6 1 11 1 1 3 3 1 1 1 2 2 1 3 1 1 2 3 2 3 1 7 2 1 4 13 4 7 13 15 11 3 1 10 1 1 2 2 7 1 2 1 1 1 2 1 2 12 1 50 2 3 1 10 1 1 4 11 1 3 1 2 3 4 3 86 9 3 2 6 17 1 1 4 1 2 3 17 1 5 11 1 6 2 2 3 4 1 1 2 1 2 1 1 3 13 2 2 1 2 1 1 1 2 2 2 2 2 2 1 9 2 1 30 2 1 2 3 1 4 5 2 1 1 17 2 2 7 2 5 1 19 1 17 7 1 2 2 1 3 1 12 2 2 2 1 2 5 4 2 1 1 2 2 37 4 1 2 1 3 3 2 6 1 1 8 3 1 3 1 1 2 4 3 1 3 7 1 1 2 1 1 2 1
2 3 2 2 2 3 1 6 16 1 2 8 7 1 8 4 1 10 1 14 1 1 1 2 2 3 2 5 8 5 6 2 2 2 4 1 3 2 2 1 1 15 2 2 2 1 5 6 11 2 2 2 1 1 1 9 1 1 28 1 6 11 9 5 4 10 1 10 2 6 6 2 1 2 47 2 1 1 4 3 1 1 5 3 1 1 1 1 3 2 1 3 3 3 12 1 21 1 8 1 1 1 1 13 2 3 2 1 1 1 2 2 2 1 56 1 5 30 1 15 1 3 1 2 2 2 2 36 1 6 2 1 2 2 2 5 12 1 2 5 6 29 1 2 2 10 1 1 3 2 2 41 4 10 1 3 1 1 9 7 2 5 1 1 1 1 4 2 1 11 1 11 7 2 23 1 1 3 5 3 3 3 1 1 2 1 3 2 2 9 42 7 4 2 1 2 1 4 1 8
1 3 1 8 6 5 4 1 5 17 2 1 1 2 2 2 2 1 3 1 1 1 1 2 1 2 1 1 1 6 3 22 3 12 8 1 15 7 2 1 4 18 3 16 1 7 2 1 1 1 1 1 1 4 3 2 3 8 2 2 3 4 1 14 2 4 11 1 3 5 1 2 1 2 17 5 3 2 1 2 2 1 14 25 1 12 1 11 1 2 6 14 1 5 3 1 3 52 8 2 2 4 2 1 2 2 2 4 10 1 1 3 2 1 6 1 1 1 1 4 1 2 3 8 8 31 2 3 2 3 12 2 1 4 6 1 5 1 1 1 2 2 1 68 1 3 10 25 22 3 5 4 1 1 2 1 3 1 3 5 7 4 1 4 1 1 1 2 1 2 3 2 4 3 1 10 10 2 1 2 1 4 1 3 5 2 1 2 1 6 1 3 3 2 2 1 2 2 1 1
6 3 5 1 254 3 7 29 2 2 2 1 1 1 4 2 5 3 1 14 4 1 1 2 2 4 1 6 1 3 2 3 2 6 1 2 2 4 31 1 1 1 2 1 1 10 4 1 38 1 1 3 1 6 4 1 2 2 1 3 14 1 3 7 2 1 58 1 1 7 3 4 11 2 2 1 3 3 6 2 2 2 4 4 1 3 5 1 9 1 2 1 4 1 3 1 1 1 1 3 2 3 17 2 2 2 37 1 4 1 24 9 5 2 5 2 2 2 2 1 3 1 8 2 2 2 2 2 2 4 2 10 2 5 3 29 1 3 2 2 4 1 2 3 3 3 1 2 2 3 2 2 1 1 1 1 22 8 2 15 4 3 1 3 10 3 1 2 2 1 1 2 7 7 1 9 1 1 2 1 2 2 13 7 1 1 42 1 1 6 3 5 1 1 2 4 58 5 1 3
3 1 1 6 1 1 1 1 1 2 16 1 1 4 3 3 2 1 3 2 1 4 1 6 2 1 1 4 6 2 3 1 5 1 1 4 3 2 1 8 3 1 5 2 1 2 1 5 13 6 3 2 8 3 2 2 3 4 1 7 1 2 2 1 1 2 4 7 1 1 4 3 1 1 1 1 1 1 1 15 6 1 2 2 2 1 8 11 3 4 9 2 2 1 3 15 5 1 4 2 3 1 3 1 11 1 2 1 1 3 1 2 40 7 1 1 2 3 1 6 3 2 5 3 2 4 17 2 1 7 3 1 4 2 3 3 1 8 1 3 1 2 1 2 3 1 1 2 1 1 4 1 12 19 1 1 5 2 1 1 2 6 2 12 2 2 4 3 3 4 2 1 9 13 13 53 2 1 1 24 4 1 2 1 5 22 2 62 12 2 1 5 2 4 1 1 1 8 9 2
4 1 4 1 10 1 9 1 2 8 4 56 1 1 3 1 7 1 6 2 1 4 6 1 2 21 4 4 17 1 1 6 1 2 4 2 2 2 3 1 1 16 2 2 1 3 2 3 1 2 1 7 1 43 2 1 3 7 80 7 5 1 82 1 1 2 4 1 5 2 2 1 1 5 5 2 49 2 14 3 3 16 1 2 2 1 1 1 1 6 2 2 4 5 2 1 5 4 5 2 1 2 2 3 1 30 44 3 1 242 2 1 6 1 2 2 6 1 1 1 2 2 19 1 2 2 1 5 1 4 6 2 13 1 2 115 1 2 1 3 34 3 5 1 1 2 3 4 1 2 2 5 2 9 2 3 1 2 5 1 2 1 239 7 7 6 1 6 2 5 4 1 3 21 14 2 1 2 1 2 1 1 3 3 4 1 2 2 5 3 1 1 8 3 2 1 6 2 2 1
3 2 5 5 5 1 2 2 1 2 3 2 1 5 1 5 1 34 6 1 1 1 14 14 6 1 2 7 2 2 1 2 1 2 2 1 11 2 11 1 2 3 1 3 46 1 6 5 2 5 1 13 7 12 1 2 1 1 2 4 2 1 1 2 121 112 2 6 1 3 2 1 2 1 1 2 2 2 1 20 1 1 2 3 3 2 1 2 4 2 1 1 2 1 1 13 1 4 1 1 1 1 2 1 3 1 12 1 1 2 2 3 2 1 11 1 1 18 1 3 10 1 2 2 1 1 2 1 5 2 1 2 2 5 3 14 2 1 1 2 2 3 2 24 4 1 2 7 6 1 1 2 1 2 1 1 2 1 2 6 1 2 2 60 2 1 1 1 28 1 1 2 3 3 5 4 45 6 7 2 3 9 2 5 1 2 17 1 4 1 4 3 1 1 1 2 1 1 1 99
2 16 2 1 2 1 22 2 2 4 4 1 8 1 1 3 2 2 2 1 10 1 3 21 3 1 3 1 2 1 2 3 4 1 3 1 1 1 1 1 1 3 2 10 2 2 3 3 4 15 1 2 1 1 3 3 2 4 1 2 27 1 1 1 1 4 1 2 2 1 5 2 1 15 4 5 2 1 1 6 1 3 6 1 2 1 10 2 3 6 4 11 2 3 8 1 3 74 2 3 3 11 2 3 2 2 2 1 2 77 2 1 1 1 12 1 4 50 2 1 4 2 2 1 1 1 1 3 4 1 1 79 5 3 2 6 2 1 2 6 3 3 1 2 1 1 2 2 3 5 1 1 1 4 1 2 2 1 1 48 2 1 2 1 4 4 5 4 35 2 1 2 1 2 3 1 4 1 3 1 1 1 4 1 1 3 2 9 1 2 3 13 4 1 2 2 2 8 3 1
1 1 1 3 23 4 22 3 9 2 1 21 5 1 1 4 2 1 5 8 1 2 1 7 1 1 2 2 2 2 10 3 4 1 2 1 11 22 2 1 5 2 1 3 3 4 10 2 11 2 7 3 18 3 4 3 5 1 13 1 1 1 6 1 2 2 1 1 4 40 1 1 5 3 5 3 2 1 2 1 4 1 3 2 3 1 2 1 1 5 1 1 2 2 3 17 2 4 2 1 1 2 1 11 4 2 2 6 1 2 1 1 6 5 2 3 3 4 12 10 2 5 2 2 3 2 5 1 2 3 6 2 41 2 1 3 1 1 1 3 25 3 2 3 2 1 2 2 2 1 1 2 1 2 1 2 1 2 2 13 1 1 2 1 14 2 3 1 1 2 3 2 6 3 4 4 2 3 1 5 2 1 1 1 2 7 2 8 2 2 2 72 5 3 22 1 8 1 13 7
1 7 2 2 28 1 1 10 4 1 1 5 2 1 8 1 3 4 31 1 1 2 3 1 2 431 1 1 5 1 2 2 1 2 1 8 2 9 2 3 1 1 7 4 2 2 1 2 1 2 2 4 1 1 1 1 76 2 7 16 1 1 4 4 4 3 4 57 1 8 2 1 2 1 1 3 13 1 9 3 5 1 3 1 2 2 2 2 5 1 3 1 1 3 2 1 1 2 2 2 1 2 12 22 120 2 2 11 2 1 27 1 5 2 2 1 2 2 2 4 1 1 4 5 1 2 2 1 1 1 3 2 2 2 4 1 2 1 3 2 1 1 2 2 11 2 2 1 3 1 5 6 9 5 1 2 1 2 6 1 1 1 1 3 7 1 6 9 1 2 1 8 1 11 1 1 4 1 2 4 9 4 2 2 1 4 2 58 1 1 2 8 2 3 5 1 4 3 2 7
4 4 5 2 3 2 2 6 2 2 3 2 3 6 4 1 2 2 1 2 5 5 1 2 1 2 1 4 2 7 1 5 3 4 12 2 3 1 2 1 1 6 7 1 6 2 7 4 1 10 1 1 1 3 1 4 2 2 3 16 1 2 1 21 1 2 2 1 2 1 1 3 3 1 3 1 2 2 1 2 5 3 5 24 2 1 2 2 1 1 3 2 1 1 1 1 14 2 1 1 1 1 1 2 1 2 1 2 1 1 4 1 2 1 1 34 1 1 24 7 7 2 1 2 3 2 4 2 4 2 5 1 2 1 2 3 21 5 1 1 39 1 1 1 6 1 1 1 2 1 2 1 3 7 26 3 1 1 5 1 2 17 2 2 7 4 2 10 1 4 2 3 1 3 1 3 1 1 1 2 37 3 1 2 2 1 1 2 1 1 2 2 2 1 1 4 18 1 1 1
17 144 3 2 3 1 46 1 1 2 8 1 3 87 1 4 3 1 2 3 5 2 5 5 1 4 5 24 1 4 4 3 2 2 5 6 2 5 1 3 1 2 2 2 1 1 2 6 2 5 2 6 2 11 14 15 2 1 1 1 6 4 2 2 8 2 2 2 3 2 5 1 1 1 4 2 6 6 5 2 1 2 1 55 2 1 7 2 141 4 3 1 13 1 4 2 5 4 1 2 9 1 2 1 54 1 6 14 1 30 6 1 3 1 2 12 4 1 4 1 1 74 1 1 1 3 1 3 3 1 4 1 2 1 1 1 2 1 4 4 3 1 1 2 1 1 2 1 8 3 25 2 23 9 1 4 2 1 3 2 37 4 2 5 2 1 6 1 3 3 1 7 2 2 1 2 37 5 1 1 4 1 6 1 2 2 1 1 1 5 3 4 11 1 3 9 7 1 7 3
2 2 1 3 1 1 6 5 13 2 2 1 2 3 1 7 1 2 2 87 1 3 1 1 1 1 3 2 4 2 1 4 1 106 2 1 2 1 1 113 3 10 6 30 1 6 1 3 3 2 1 1 1 2 3 1 5 1 4 5 17 1 2 1 2 2 1 4 2 2 7 6 12 37 1 2 1 8 3 2 2 3 2 1 47 2 19 1 3 3 2 1 6 1 5 19 1 1 1 1 3 2 1 2 1 3 1 1 2 1 3 12 8 1 1 2 1 11 2 3 2 2 3 2 1 1 4 8 7 1 7 7 3 1 51 3 2 25 2 7 2 1 2 3 1 1 1 2 4 1 5 1 3 2 1 1 9 1 2 2 1 1 1 2 2 2 17 1 12 3 1 2 2 1 4 4 2 1 1 1 1 1 1 1 1 2 2 2 1 1 1 2 1 1 2 3 1 2 3 2
1 3 4 1 2 1 3 2 3 7 2 1 28 3 3 1 4 1 1 2 3 4 3 1 1 2 2 18 5 2 3 4 6 2 2 5 1 1 1 3 2 1 15 1 77 1 3 1 4 1 1 2 1 4 2 1 5 2 1 1 3 3 3 1 8 83 1 1 10 3 1 2 3 3 1 2 9 4 7 11 300 63 1 1 3 7 4 4 1 2 2 2 1 36 3 3 2 1 2 4 1 2 2 1 3 1 1 2 1 4 13 1 2 3 1 31 1 2 1 1 11 2 15 1 3 3 4 1 1 3 1 18 1 6 3 3 4 2 2 2 1 1 2 65 2 1 9 2 3 1 20 1 1 13 1 4 3 1 3 10 2 8 1 20 3 27 2 12 3 2 4 2 5 7 1 1 9 2 4 2 1 6 2 1 3 3 8 8 5 1 1 2 1 2 1 3 2 1 1 2
4 16 3 1 2 8 1 3 4 2 1 1 2 2 1 2 2 2 7 4 14 1 1 1 2 2 4 2 1 3 4 1 3 3 3 2 1 1 1 3 1 2 15 3 44 2 5 2 1 3 1 1 4 2 5 5 3 3 1 1 1 3 8 2 2 23 2 5 1 2 4 2 2 2 1 1 4 1 1 2 2 74 4 1 6 1 1 8 2 3 234 1 3 2 2 2 7 2 1 1 1 3 1 2 2 1 2 1 25 1 98 2 1 2 1 3 2 1 1 2 1 3 1 3 1 11 1 1 10 7 38 11 1 16 4 1 2 2 1 3 15 1 4 7 1 2 16 1 186 14 1 10 2 24 11 2 2 1 1 1 1 2 2 2 1 1 1 3 1 2 1 1 4 2 1 1 3 3 3 1 4 5 4 2 5 2 1 5 2 15 1 2 3 11 47 4 1 2 2 1
1 1 1 3 3 8 2 2 2 4 1 5 2 13 1 15 4 1 2 30 3 1 2 25 2 1 4 1 4 12 8 3 4 1 2 3 2 2 2 2 2 2 3 5 9 12 2 2 1 121 1 5 2 18 3 4 2 5 2 2 1 3 6 1 2 3 5 9 2 18 3 3 2 1 1 6 1 2 12 6 2 3 4 9 2 4 6 1 4 2 2 1 11 2 3 3 2 1 3 29 1 2 4 3 5 4 1 4 1 2 1 7 2 2 47 4 3 1 3 5 1 3 7 26 5 1 3 1 1 1 1 6 2 2 1 8 4 2 8 1 27 1 1 1 1 1 3 1 5 3 106 11 5 4 4 1 7 30 1 1 2 26 1 6 2 2 5 23 1 7 1 5 1 1 61 1 85 4 3 2 1 3 79 39 1 2 53 3 24 5 1 2 1 4 2 2 1 1 2 5
4 1 1 2 2 9 4 4 10 6 1 1 2 83 2 2 16 1 1 1 2 1 6 7 2 4 1 2 2 1 4 4 2 1 1 1 1 2 1 2 2 85 1 1 1 2 2 1 1 1 1 3 2 2 4 5 2 3 2 2 1 9 7 2 8 1 29 63 2 1 2 2 1 1 1 1 1 2 3 5 2 23 2 1 1 5 1 1 2 34 2 3 1 1 1 2 2 3 6 2 1 2 1 2 2 1 2 1 6 3 2 3 3 10 2 4 2 2 2 8 1 1 1 1 5 1 2 1 18 1 1 2 11 1 1 1 1 2 9 11 2 31 1 1 2 5 2 18 3 3 5 3 2 2 3 4 13 4 3 1 3 1 1 2 1 14 14 2 1 2 1 2 2 1 6 6 5 26 2 18 2 3 2 1 1 2 10 1 29 7 10 1 8 2 2 2 1 1 1 3
2 6 2 2 1 14 2 2 2 9 4 17 6 2 2 2 1 1 3 2 2 1 6 95 5 2 2 2 2 1 12 2 2 2 1 4 2 2 2 1 2 45 1 1 1 1 1 1 1 1 1 14 4 7 1 20 1 7 1 2 1 1 1 1 2 3 2 2 1 1 1 4 4 2 1 1 2 1 4 4 1 8 2 1 1 2 1 2 1 1 11 3 1 2 2 2 2 2 3 7 3 14 1 1 2 2 2 1 4 10 1 5 1 2 5 1 5 2 1 2 1 5 1 2 7 1 3 2 3 4 1 2 42 1 8 3 1 5 1 1 2 2 1 1 2 2 1 2 2 2 1 4 3 1 2 4 2 1 1 2 7 8 1 4 3 5 1 1 4 1 2 1 2 1 1 2 1 4 1 1 1 3 1 1 1 1 3 1 2 1 1 3 10 6 1 2 14 35 16 1
2 2 1 1 2 2 122 3 6 1 5 102 1 15 1 2 1 2 1 8 1 1 1 8 1 1 2 1 2 1 1 2 1 2 1 3 8 1 2 42 1 1 1 2 1 2 1 2 4 3 2 1 3 8 1 2 2 1 1 2 2 1 39 1 2 4 40 3 3 8 1 1 34 16 2 6 2 2 2 2 8 4 1 2 1 2 3 2 2 1 3 2 4 11 1 16 3 1 4 1 4 1 4 2 9 3 2 7 4 3 2 5 7 2 3 17 2 5 1 1 4 10 2 1 2 2 2 1 1 1 2 3 1 7 2 11 2 2 40 2 6 2 2 4 1 2 1 3 2 12 8 2 1 1 3 3 7 2 1 1 2 5 1 1 1 2 1 6 2 3 2 3 35 1 2 2 2 2 6 15 1 26 2 1 2 2 1 3 3 1 1 1 2 3 1 3 5 1 1 49
2 1 2 3 1 2 1 3 3 16 6 1 1 1 2 7 2 3 3 2 3 1 32 2 1 3 8 3 2 1 22 2 2 2 6 2 1 31 1 1 1 2 4 2 2 6 1 6 1 1 1 2 2 2 1 2 3 2 8 3 1 8 4 2 7 1 2 1 5 5 1 1 1 3 1 1 31 1 2 3 2 1 1 2 2 3 2 2 1 3 1 1 2 1 1 2 2 2 2 1 4 3 9 5 3 3 19 1 1 4 2 4 1 4 4 1 3 1 2 1 2 3 4 1 2 10 1 1 1 3 4 2 1 3 2 3 2 1 3 1 2 1 1 3 2 5 3 2 2 1 7 2 2 5 1 1 1 1 9 1 2 3 2 1 1 2 1 1 10 3 2 2 2 1 3 1 5 1 2 1 5 92 2 5 6 4 6 1 1 11 8 1 4 1 412 4 1 5 1 2
2 3 1 1 4 1 3 1 1 2 7 2 2 4 1 3 2 9 4 2 3 2 2 1 1 1 1 1 2 2 1 2 1 6 7 13 1 1 3 1 1 10 1 11 1 2 3 4 5 2 1 11 2 1 2 1 3 1 1 12 7 5 37 5 3 1 2 2 5 2 6 1 23 3 5 1 1 2 1 1 6 1 2 2 8 3 6 1 2 77 1 4 1 4 2 5 3 2 2 1 9 1 2 15 1 4 1 2 1 3 1 4 1 1 5 2 4 4 1 3 25 3 1 1 3 30 55 3 4 2 5 60 1 75 18 2 10 3 3 2 2 1 1 5 3 3 2 2 3 4 1 2 1 3 18 1 5 6 56 1 1 1 2 6 1 2 4 1 2 2 10 2 2 3 2 1 3 1 2 3 1 1 1 2 1 2 1 1 1 5 11 14 2 5 2 9 1 5 22 1
5 2 2 1 6 4 1 1 1 1 1 3 4 5 16 2 1 1 18 15 2 2 2 5 5 5 1 3 2 1 21 2 2 4 1 1 3 3 9 32 1 1 2 1 2 3 3 1 1 2 1 6 13 1 79 1 2 1 1 1 3 2 1 2 2 5 16 2 3 3 8 1 2 11 7 1 1 21 4 1 1 11 5 3 1 1 2 2 4 1 3 5 2 4 2 1 3 2 2 1 1 11 2 12 1 1 1 3 1 2 1 5 1 4 6 3 2 1 1 2 3 3 5 2 7 2 1 2 4 9 2 1 1 4 6 1 1 4 1 1 1 5 1 1 1 3 1 1 1 3 1 8 1 6 3 1 10 2 6 1 3 1 7 2 1 2 1 12 7 2 2 3 3 1 3 1 1 1 2 2 1 3 1 3 2 1 2 3 4 1 4 1 5 2 1 2 1 1 8 3
6 4 2 14 2 1 2 12 4 2 1 3 1 1 4 2 1 2 1 6 4 20 4 2 12 2 1 1 3 1 3 3 4 158 3 13 1 3 2 2 2 1 2 6 1 1 3 1 4 1 1 3 1 3 2 1 1 2 1 2 2 1 1 1 9 5 2 2 2 1 2 1 2 2 3 3 9 6 16 3 2 4 1 4 1 1 3 1 1 5 1 2 5 1 2 7 15 7 2 1 1 1 3 50 1 1 8 3 4 2 2 1 3 1 3 4 3 4 1 2 4 8 3 42 2 1 1 3 4 1 1 3 1 7 5 5 9 1 2 1 5 3 4 1 1 3 1 1 2 1 1 496 67 3 3 18 2 1 1 2 1 2 2 1 1 7 4 2 3 1 3 4 1 2 1 2 4 12 6 2 1 2 28 5 2 2 1 13 4 2 1 2 10 3 2 2 2 3 2 1
1 1 1 2 5 19 1 34 3 2 3 1 9 3 2 2 1 3 4 2 1 2 5 9 1 1 2 8 1 2 5 5 1 1 1 2 384 1 1 5 8 7 2 1 34 12 1 4 2 3 1 1 3 1 2 4 1 1 2 1 2 1 5 3 1 2 14 11 2 2 1 1 2 1 2 2 3 3 1 28 1 3 2 2 3 4 1 1 5 1 3 2 1 2 1 1 3 1 4 1 7 1 3 3 2 1 4 1 2 2 1 4 1 1 3 2 2 2 1 1 4 2 4 2 1 1 2 1 4 1 10 1 22 1 10 24 2 1 1 1 3 1 6 2 2 1 2 45 4 2 1 6 1 2 3 2 2 1 1 3 4 1 1 4 2 3 1 2 3 1 1 10 2 2 1 2 7 2 1 3 1 1 1 4 2 6 3 5 82 2 8 2 1 3 5 2 1 1 1 1
2 1 2 2 2 44 17 3 1 1 5 2 7 1 5 1 2 30 2 1 2 1 2 13 2 2 2 1 2 3 4 3 1 1 1 2 6 7 1 4 4 1 2 11 3 2 2 2 5 3 5 2 8 2 1 2 3 8 6 3 2 2 1 1 25 3 3 1 1 91 2 2 1 1 2 1 7 1 1 5 2 1 5 4 1 2 1 2 1 1 2 1 7 1 2 5 3 1 1 5 5 1 1 1 3 2 1 1 2 2 2 1 3 2 2 1 1 28 7 8 1 2 1 4 1 1 1 2 1 2 4 39 2 5 1 37 2 1 1 2 2 3 6 9 3 2 1 1 2 2 11 5 1 2 2 9 8 1 2 1 1 2 2 7 3 1 1 4 18 2 2 2 4 2 14 2 1 1 22 6 2 2 1 1 3 2 3 2 1 2 2 44 3 2 26 3 4 1 1 1
3 2 2 3 1 23 2 1 8 3 1 2 2 6 17 2 6 1 2 1 6 8 4 3 22 1 3 4 1 5 3 1 1 3 1 10 2 2 2 2 1 1 2 116 140 1 2 2 1 1 9 3 1 6 1 1 1 1 1 1 6 14 4 1 2 3 2 4 1 5 7 11 15 1 2 1 1 1 1 1 6 1 4 1 1 7 1 3 1 5 2 2 4 2 5 6 436 2 1 7 4 3 13 2 42 4 22 2 1 3 1 13 1 8 3 2 1 3 1 12 2 10 2 2 1 2 2 2 1 5 17 3 3 1 1 3 2 2 3 1 19 2 2 6 3 4 1 5 2 2 1 1 3 4 7 2 19 2 2 1 8 1 6 2 2 3 1 2 1 1 2 3 21 6 1 1 1 1 1 2 2 1 2 1 2 3 2 5 2 1 2 3 1 1 1 2 1 11 1 1
5 1 1 1 3 2 4 20 9 1 2 1 2 2 1 3 4 4 1 1 1 2 2 1 4 4 1 2 1 5 1 10 1 1 1 14 6 4 7 1 2 66 37 7 1 1 2 1 3 4 7 3 2 1 2 17 3 3 11 1 5 1 14 2 2 2 17 14 1 1 1 27 3 1 1 3 1 5 8 1 1 1 141 1 1 3 7 3 1 2 1 4 2 2 1 4 1 1 3 1 2 6 6 1 3 2 1 12 2 27 2 65 4 1 3 22 3 3 1 1 1 3 2 4 2 3 3 1 2 1 2 1 10 1 2 1 4 3 12 1 5 2 2 1 3 2 2 1 4 2 5 2 2 3 4 2 92 2 7 1 1 6 1 1 2 2 1 2 2 1 1 1 8 1 14 1 1 2 4 5 3 2 9 1 4 1 1 1 1 5 2 3 1 2 1 14 1 2 2 2
1 4 2 3 4 1 2 1 80 3 1 2 2 2 4 2 1 1 4 3 7 3 14 11 1 3 4 3 1 1 21 14 2 2 1 2 1 1 1 1 2 2 7 1 1 2 1 1 3 2 4 1 1 16 1 1 2 4 2 2 2 5 2 1 3 1 2 2 9 3 1 7 7 9 1 2 7 1 1 40 2 2 2 1 5 2 2 6 1 3 2 1 1 2 1 4 140 46 3 2 1 2 1 2 6 2 1 20 7 1 9 2 4 14 1 1 4 6 1 1 1 1 1 16 1 2 1 1 1 4 2 1 1 1 1 2 1 4 6 1 15 1 1 2 7 4 2 1 2 1 1 2 3 1 2 1 59 1 176 2 5 1 3 3 18 1 1 2 3 2 1 1 4 3 4 2 4 2 2 1 4 2 3 2 1 2 5 1 10 3 2 1 5 3 3 1 4 5 1 5
1 2 2 3 4 2 1 43 1 1 4 1 3 1 13 4 1 2 3 3 2 1 1 2 6 2 1 3 1 3 1 1 2 1 3 4 5 1 1 2 2 22 1 3 2 15 3 2 3 11 2 5 1 1 20 5 2 3 2 91 5 22 4 4 15 1 2 2 2 1 3 10 1 2 7 2 3 3 3 3 2 8 1 3 3 1 3 1 1 2 2 2 1 1 2 2 1 12 1 1 2 7 2 3 8 3 31 2 2 2 1 1 223 10 1 1 1 3 3 1 12 3 1 2 2 2 2 1 1 2 4 1 1 1 9 6 2 10 1 12 1 2 35 2 66 3 2 1 2 44 5 2 1 1 2 3 1 9 4 2 2 9 3 1 1 4 1 2 3 8 4 1 1 1 4 15 3 1 1 1 33 1 2 2 1 2 1 1 2 2 1 2 2 1 23 2 7 11 2 3
1 1 1 2 3 2 1 3 3 1 19 5 3 1 1 2 7 4 2 2 2 2 3 1 94 1 2 1 1 1 4 3 1 3 2 1 1 1 9 2 1 3 3 4 3 18 2 5 1 1 1 3 2 1 3 2 2 2 4 2 1 1 12 2 1 4 3 3 5 2 2 1 1 5 2 5 2 2 1 2 5 3 5 1 1 2 2 2 4 1 1 3 2 1 1 2 25 5 2 2 1 2 2 3 1 3 36 2 1 3 2 7 2 8 4 6 3 1 4 3 2 1 1 2 4 2 10 8 1 2 1 1 2 1 1 5 3 5 2 1 1 6 2 2 3 1 1 1 3 2 5 1 4 7 1 2 2 2 3 1 17 1 49 2 4 3 2 1 49 1 4 5 1 2 1 4 1 1 1 20 102 1 1 1 2 3 2 15 4 1 1 1 7 1 3 25 2 3 2 4
2 1 2 6 5 2 2 2 1 1 2 2 3 6 4 5 5 13 3 91 1 1 25 1 3 1 1 2 1 10 1 2 4 13 2 1 1 1 1 6 1 1 9 2 2 2 2 1 1 1 18 3 2 1 2 1 2 3 4 1 13 3 10 65 1 28 9 2 4 3 4 1 7 1 2 3 1 4 2 5 4 1 3 1 2 3 1 4 9 1 14 7 2 3 2 6 4 2 9 1 2 1 7 1 3 3 1 5 1 22 4 13 3 4 5 2 1 5 4 1 1 1 10 2 2 1 1 3 2 1 3 1 3 2 1 1 2 1 7 1 8 6 1 10 1 143 4 1 1 2 17 2 2 1 2 18 21 1 1 3 15 4 2 1 1 2 1 8 2 10 6 1 1 13 5 1 1 1 1 29 3 1 35 3 8 2 3 14 2 28 12 2 3 3 2 4 2 1 1 6
2 2 7 3 2 2 1 28 1 1 3 1 2 2 1 3 2 25 1 5 11 111 2 3 9 1 1 2 6 2 37 1 2 58 5 4 1 12 1 1 2 2 1 2 2 1 2 1 11 1 3 8 2 7 3 7 1 2 2 3 2 3 1 2 6 2 2 2 2 2 1 1 4 1 1 6 1 14 11 2 2 3 1 2 1 1 2 3 2 3 6 5 1 5 3 3 1 11 12 5 1 2 3 2 8 2 4 3 1 7 4 1 1 3 2 2 3 1 2 2 2 1 1 2 3 3 3 1 2 2 3 6 2 3 18 6 4 1 8 2 41 10 3 5 3 3 2 3 2 1 4 4 6 2 2 1 2 8 1 1 1 1 4 2 6 1 2 1 2 3 299 1 17 2 2 1 1 8 1 11 2 1 16 9 1 1 3 14 1 4 3 2 1 6 7 2 4 1 4 9
2 1 2 4 1 3 1 1 1 6 2 14 1 4 2 1 2 25 3 1 2 2 4 3 1 47 2 1 1 8 3 2 2 2 1 15 1 1 1 5 1 3 2 5 2 2 2 1 1 1 2 3 2 1 6 1 3 1 17 2 2 2 1 2 2 1 2 1 1 32 2 4 1 2 5 3 4 2 2 2 2 4 2 3 2 1 4 1 2 2 2 1 1 1 2 101 3 3 4 1 1 3 2 1 1 5 1 1 2 3 1 1 1 1 3 81 3 1 3 4 2 1 1 3 1 1 1 13 2 4 233 2 2 1 2 2 2 15 1 2 1 1 7 1 2 1 1 6 1 1 1 1 3 1 2 2 1 1 6 3 2 16 1 1 2 7 9 4 1 5 2 3 289 1 2 2 1 2 6 3 2 3 2 1 1 4 1 17 1 6 2 4 2 1 2 1 1 2 3 2
3 2 3 3 5 5 3 3 2 5 2 5 2 2 2 61 3 3 1 43 7 2 1 2 1 2 57 7 5 1 5 7 10 2 1 1 1 3 2 1 2 1 2 1 1 4 1 4 1 1 2 34 4 14 4 1 14 1 1 1 2 2 3 7 1 14 1 1 1 20 5 1 2 1 1 2 1 2 3 1 1 1 2 2 5 2 1 1 5 2 2 2 3 1 1 1 1 1 2 4 2 1 4 1 1 1 7 1 1 13 1 1 2 1 2 1 1 3 4 2 22 4 3 1 7 1 1 6 2 3 8 3 3 3 2 2 2 1 2 3 1 4 2 1 1 12 9 2 4 2 2 2 2 1 2 3 1 2 1 1 2 14 5 1 1 1 2 2 1 5 1 1 1 1 2 2 1 3 1 1 1 1 2 2 2 1 1 1 4 2 3 8 2 1 1 22 1 2 23 2
1 50 2 7 1 3 2 3 10 2 2 2 1 3 2 21 25 52 1 4 3 1 1 3 2 73 9 158 1 1 2 2 1 39 2 4 1 1 5 10 52 2 45 6 9 3 1 70 1 1 2 2 2 1 1 1 9 7 15 23 7 1 3 1 4 2 1 2 2 4 2 1 10 7 1 2 5 23 17 1 1 1 2 2 1 2 3 1 16 5 3 3 1 1 39 75 2 2 1 1 1 15 1 7 1 2 2 10 2 1 25 2 2 2 1 1 6 1 2 2 3 1 1 5 1 3 3 2 4 3 2 7 2 1 7 1 5 9 2 3 4 1 4 5 3 45 2 1 3 4 1 9 2 9 1 1 18 2 1 8 1 9 6 1 1 3 1 19 16 1 2 2 1 1 5 1 4 1 1 16 2 3 4 2 1 1 1 1 2 23 26 1 1 1 7 7 3 2 1 2
3 2 3 2 1 1 1 2 18 1 1 2 3 1 1 2 3 2 2 1 2 2 1 5 490 4 2 2 1 1 9 2 3 2 3 1 3 4 2 3 1 2 1 5 2 2 3 6 1 93 1 1 2 37 12 2 4 3 1 4 6 17 3 4 5 2 10 10 1 1 2 1 4 11 1 4 15 1 19 2 2 1 2 4 2 1 1 1 2 2 17 2 14 1 2 21 6 1 1 2 2 1 1 2 1 1 2 1 2 82 1 2 2 1 2 1 6 10 5 1 1 14 2 3 2 1 1 1 2 1 4 1 2 3 2 2 1 2 4 2 6 3 74 1 1 7 11 2 1 2 3 6 1 1 2 1 1 1 4 2 2 1 2 1 1 6 1 3 8 1 5 1 3 61 3 11 1 3 3 1 2 1 1 30 1 2 2 2 1 1 2 96 6 1 2 1 2 2 2 1
2 2 2 1 2 2 2 1 1 1 1 4 2 2 2 2 2 1 13 1 1 2 14 1 2 1 1 20 1 4 4 3 1 1 2 1 3 2 8 2 10 2 2 2 1 6 1 5 2 1 2 1 2 2 1 2 1 1 5 3 2 4 2 6 1 2 2 17 2 3 1 8 3 1 3 2 2 18 5 4 2 4 1 4 1 34 6 2 2 3 17 12 1 12 1 6 1 1 3 1 2 1 5 3 2 3 1 22 9 2 2 1 1 2 23 9 1 1 1 42 2 2 1 1 2 2 1 5 4 2 1 1 14 2 1 1 3 2 1 2 1 7 4 3 3 3 2 42 1 1 3 4 1 1 2 1 4 2 2 4 41 1 2 18 5 1 29 2 1 2 14 2 1 31 4 1 1 1 2 1 2 1 12 2 3 1 2 3 2 1 17 8 1 3 18 2 3 1 1 2
16 2 2 1 16 3 2 2 1 3 2 2 2 3 1 3 4 2 2 1 1 8 2 4 2 2 5 1 1 1 4 4 1 2 2 3 1 1 2 3 2 1 1 1 3 3 1 3 1 2 3 4 3 4 2 2 25 1 2 2 2 2 350 2 10 1 20 15 3 1 4 54 2 2 1 2 2 1 2 1 2 1 1 1 1 1 24 3 1 2 1 2 3 1 1 2 2 5 12 1 8 2 8 3 2 13 2 2 2 2 1 3 2 2 2 1 1 1 2 3 3 3 7 1 1 2 7 3 1 2 6 1 28 2 2 1 43 1 3 1 12 44 1 5 5 3 1 34 1 4 1 1 1 2 4 7 13 2 2 2 1 3 1 2 1 2 2 8 46 1 2 4 1 12 1 2 4 1 1 2 4 1 1 6 2 2 1 2 2 46 3 10 1 1 1 1 3 2 1 2
10 1 1 12 1 3 4 3 1 3 1 1 1 1 8 25 1 4 3 6 5 1 5 2 11 1 3 3 2 1 2 1 2 2 8 1 3 1 2 4 2 2 2 19 1 1 2 2 2 5 5 1 2 1 1 1 1 1 2 1 3 201 2 3 1 1 2 4 4 1 2 27 1 2 2 1 2 2 2 2 2 1 1 1 1 1 1 1 2 4 2 1 2 1 4 2 3 2 2 1 2 2 369 1 1 1 18 15 1 9 1 2 4 2 11 25 4 1 5 7 15 2 2 2 3 1 1 1 2 3 36 3 1 1 2 2 3 2 2 6 1 2 2 34 1 1 6 17 2 3 2 1 2 1 2 12 1 1 1 1 3 1 2 2 6 1 2 3 2 1 2 42 1 1 4 2 1 1 2 2 2 2 3 1 2 1 3 4 2 2 4 4 3 4 2 8 2 9 2 2
2 1 1 3 2 1 3 29 3 1 2 2 5 1 2 3 1 2 2 1 2 3 25 1 8 4 11 4 1 2 2 5 1 1 1 2 1 1 5 2 2 2 3 3 1 1 1 1 1 2 1 1 2 6 1 1 1 4 2 9 2 2 1 1 2 2 23 1 2 2 3 2 1 1 1 23 34 1 1 2 5 2 2 2 2 1 1 2 4 1 1 19 2 1 2 79 2 2 1 10 5 1 5 2 17 16 2 1 3 1 4 10 7 1 1 4 1 1 1 1 15 2 1 2 3 2 1 3 2 1 4 6 1 2 2 3 1 1 7 5 4 2 10 1 4 1 1 2 2 1 3 1 35 2 4 1 5 5 1 1 2 2 3 6 15 1 2 4 24 2 2 2 3 1 1 1 36 3 1 2 1 2 3 1 4 1 22 3 2 2 1 1 7 4 1 1 3 9 1 5
2 6 2 3 2 4 5 23 2 3 3 2 11 2 36 1 2 1 2 1 6 1 1 85 2 2 4 3 4 1 2 16 1 2 2 2 1 1 1 1 2 1 1 6 3 2 2 35 1 2 2 2 1 2 1 15 6 1 1 1 2 2 2 1 1 3 2 2 2 10 2 2 4 1 1 1 15 11 2 1 2 3 4 4 1 2 1 1 1 2 1 9 3 8 1 1 1 2 11 1 1 3 2 1 3 3 3 1 1 2 1 1 20 1 1 5 1 3 1 1 1 2 2 17 2 2 2 1 1 17 4 3 1 1 1 2 2 2 1 2 3 9 1 9 1 1 1 9 1 1 1 2 4 482 2 3 6 2 2 5 1 17 17 2 2 2 1 5 1 3 1 1 3 2 1 3 2 1 8 5 36 2 2 2 4 10 2 1 7 28 3 1 4 18 2 36 1 2 1 7
1 2 2 1 1 2 1 3 18 6 2 1 2 1 3 3 2 6 1 8 3 2 1 2 2 1 2 1 35 4 2 2 5 10 45 18 3 11 2 3 1 6 4 4 2 1 3 1 18 6 2 4 2 3 6 5 2 2 1 3 2 2 1 1 2 2 1 4 4 31 4 2 1 7 1 1 2 9 3 3 3 2 1 2 2 23 2 3 1 2 2 7 2 3 1 6 2 3 24 1 2 5 1 4 12 2 2 5 3 1 1 17 4 1 2 4 2 2 2 2 4 6 1 1 2 3 2 6 3 1 1 2 1 40 2 2 1 1 2 13 2 2 5 2 3 1 104 4 2 3 1 6 10 5 9 2 1 1 1 4 2 2 2 2 1 13 7 2 1 2 1 11 1 1 21 2 2 1 2 6 3 1 1 1 2 2 2 9 4 1 2 2 2 10 2 30 2 1 69 2
3 1 2 1 2 1 2 1 4 1 5 3 2 2 2 4 1 1 1 11 3 1 9 128 1 3 1 6 16 1 3 2 1 3 12 1 1 491 2 1 7 2 5 3 4 1 1 1 2 2 4 1 1 2 3 3 15 2 2 8 21 1 1 2 1 4 3 5 3 2 6 3 4 1 1 3 2 19 1 18 3 2 2 2 3 2 2 2 2 1 1 1 2 14 3 3 13 2 1 1 1 1 61 3 3 12 1 5 2 12 7 1 2 3 1 1 8 1 17 2 5 1 10 4 2 2 1 2 1 3 2 9 1 1 4 1 1 3 4 2 2 1 5 6 1 1 1 3 5 1 2 64 1 1 1 1 2 8 1 1 1 16 10 23 7 2 6 5 1 1 3 3 1 1 9 2 2 2 2 2 1 1 2 2 1 9 8 16 5 2 5 1 1 1 106 7 10 1 3 2
2 2 3 3 2 2 3 2 2 1 3 1 3 3 2 1 1 41 1 2 5 1 1 2 1 1 33 7 1 1 1 2 2 2 49 5 1 2 2 26 72 1 1 1 13 3 1 1 3 1 2 2 5 3 37 1 2 9 2 3 2 63 2 8 2 4 12 28 5 2 1 2 2 2 4 2 3 3 3 1 2 1 4 2 4 7 2 4 7 5 1 2 5 1 1 2 1 4 2 1 1 1 2 1 11 2 4 1 2 2 26 20 3 2 1 1 55 2 3 11 2 1 6 14 2 2 3 1 4 8 1 1 17 1 16 3 1 1 3 2 2 1 1 1 4 1 12 1 2 1 2 2 2 4 11 3 31 1 1 3 2 2 1 1 2 1 2 1 1 7 3 2 6 3 1 3 1 3 2 1 1 3 11 2 3 3 1 1 2 1 3 11 2 1 4 2 2 3 2 1
2 1 18 4 2 1 1 1 2 10 1 1 2 36 2 4 2 5 2 3 1 7 40 2 2 1 2 1 5 1 59 2 5 8 2 3 1 2 6 2 2 29 2 11 5 31 1 1 2 6 4 1 1 4 1 1 1 3 3 2 3 17 3 1 2 5 1 2 16 1 5 2 18 4 4 5 2 1 2 12 1 13 1 2 5 1 2 3 1 20 1 2 3 2 2 5 1 2 1 5 1 1 4 2 3 2 26 30 10 2 3 1 4 6 1 2 4 2 3 11 2 3 2 2 4 7 16 10 2 1 5 36 6 2 8 1 2 2 1 3 3 2 36 4 1 14 2 14 7 34 4 3 1 3 1 2 2 39 4 1 5 2 7 1 1 2 1 2 2 1 2 1 2 2 2 2 1 1 1 5 1 1 1 2 2 8 4 1 17 2 4 1 2 4 1 2 2 2 2 3
5 3 2 1 1 2 1 5 2 1 1 1 1 2 6 1 239 1 3 3 2 2 5 1 2 7 3 27 2 1 25 2 1 3 1 2 2 2 14 2 3 30 14 1 1 2 1 2 1 5 3 2 4 1 16 1 1 6 3 10 4 2 3 2 1 5 1 34 2 2 1 4 3 2 1 1 40 8 5 6 5 1 4 218 3 1 2 12 3 2 1 1 2 6 8 2 58 1 1 2 1 2 21 1 3 10 1 2 2 8 2 12 1 2 1 2 1 2 2 2 1 3 1 2 23 1 1 1 1 1 2 2 4 6 1 14 1 3 1 2 2 15 4 3 11 1 2 3 3 1 3 10 2 1 5 1 3 1 5 2 1 1 1 1 5 1 3 16 1 1 1 5 17 3 5 4 14 1 1 3 4 5 8 2 2 2 1 1 2 1 2 3 2 2 9 1 2 1 2 1
2 1 1 8 1 1 2 1 1 6 1 4 2 4 3 1 1 4 3 2 2 1 1 2 2 4 2 6 100 2 1 1 9 1 1 1 2 4 2 6 2 2 3 1 1 6 1 2 1 6 5 16 1 2 2 2 12 3 3 1 1 1 3 2 1 5 1 2 4 2 1 1 1 5 3 7 1 1 7 1 14 1 16 2 1 7 3 6 1 1 3 1 5 13 2 5 3 7 4 64 1 1 1 1 2 3 7 24 11 4 1 8 29 2 4 1 3 9 2 7 2 2 9 16 7 6 2 1 1 1 253 11 2 2 1 9 2 1 2 1 5 1 5 1 2 10 11 1 8 4 1 2 1 11 1 2 1 1 1 1 1 40 2 5 1 10 5 4 1 1 1 3 2 2 2 1 1 2 4 2 5 2 4 7 6 1 6 2 9 1 3 3 3 2 1 11 3 2 8 3
16 4 10 1 2 8 6 1 2 1 1 1 27 2 3 4 1 1 5 1 4 1 4 2 1 1 2 2 1 1 14 2 3 6 4 3 2 1 2 2 1 1 3 4 1 3 54 2 2 1 5 13 16 2 2 1 1 2 1 3 4 3 1 1 2 2 2 5 1 2 10 1 1 1 6 1 5 1 1 2 2 2 78 9 2 2 2 2 1 1 102 1 1 1 1 2 1 2 1 6 1 5 14 1 2 1 2 1 15 1 1 1 1 2 3 1 3 3 7 6 1 2 2 1 1 1 1 3 3 1 21 1 3 2 2 27 2 3 2 2 1 1 2 11 2 1 4 1 2 5 46 2 1 1 1 3 1 4 2 3 2 3 1 5 9 1 5 2 1 4 25 3 3 5 2 2 2 1 2 3 17 2 3 7 1 2 3 2 2 2 1 2 2 2 1 1 3 1 151 1
3 139 10 1 3 3 1 3 4 3 39 2 1 9 2 2 2 5 1 2 2 1 2 6 1 6 2 2 3 3 1 4 2 1 10 11 4 2 1 2 8 2 1 1 3 1 2 1 1 5 8 24 2 2 4 4 2 6 3 2 1 1 2 1 6 1 1 2 2 7 4 1 4 1 2 1 1 1 3 1 1 26 2 1 6 4 10 2 2 1 28 2 1 1 1 41 2 1 1 14 1 3 5 64 3 14 2 1 3 3 2 2 3 1 1 2 3 1 4 9 2 1 5 1 2 1 1 2 25 2 2 2 20 1 1 3 3 1 2 2 9 3 2 5 2 2 4 2 2 1 2 8 2 6 2 2 4 1 4 2 2 9 2 1 6 1 2 9 2 2 2 1 16 2 1 3 6 1 1 4 2 2 4 2 18 3 4 10 1 4 5 23 2 1 1 2 2 1 3 1
19 2 3 1 1 2 2 2 2 7 1 1 17 11 1 3 1 4 1 2 2 125 2 3 4 2 2 3 1 12 1 3 1 2 8 4 1 6 2 1 1 3 2 1 1 1 1 1 3 7 7 1 4 2 1 2 2 3 22 3 4 2 1 4 2 2 4 6 6 1 2 4 1 2 2 1 4 1 2 1 3 1 8 1 3 7 17 1 23 2 5 1 7 4 3 1 1 5 10 3 7 21 4 2 56 2 2 2 2 5 2 1 2 28 1 1 6 2 1 10 3 1 2 2 1 16 3 1 1 2 2 4 22 3 3 11 1 6 1 1 3 2 2 1 1 1 1 2 2 5 2 2 2 2 1 2 2 3 2 3 1 5 3 2 19 6 2 1 4 1 3 1 2 1 1 4 3 3 1 7 13 21 2 4 2 1 6 2 1 4 2 7 4 34 2 1 2 1 1 5
7 2 2 6 2 1 1 1 4 1 2 1 1 1 1 2 47 3 1 1 5 1 1 7 1 1 2 5 4 2 17 1 5 2 1 1 40 1 1 2 1 2 1 6 3 6 8 4 17 2 5 1 5 2 1 11 7 8 2 3 1 3 3 2 2 2 3 2 1 3 3 1 1 1 1 2 3 1 1 2 8 1 3 2 4 10 1 30 1 1 30 2 1 1 2 3 1 6 4 4 3 1 2 2 1 2 3 24 4 1 31 5 4 1 1 2 2 1 2 43 2 1 2 1 14 1 1 1 2 1 1 2 2 5 4 7 40 1 1 1 1 4 1 1 5 9 3 12 23 2 1 4 1 5 10 2 3 6 3 3 1 6 1 5 3 2 2 15 1 4 1 2 2 3 1 2 2 6 1 1 3 2 1 2 4 2 1 1 2 1 11 1 2 2 8 2 2 29 3 2
2 5 7 1 19 5 1 4 2 2 2 2 4 8 1 3 27 1 1 2 2 2 2 2 1 3 1 1 3 6 12 17 1 2 77 2 2 1 1 10 3 2 1 4 6 1 5 1 1 2 2 2 1 3 2 1 21 1 3 4 1 1 50 3 1 1 4 1 1 2 6 6 2 9 4 1 4 1 3 35 1 3 2 5 1 1 1 3 3 66 1 2 2 1 2 2 1 2 8 1 14 1 91 33 8 2 2 3 1 32 1 2 6 2 3 1 2 1 2 1 6 7 1 2 3 9 1 3 4 1 6 2 1 3 1 4 1 2 2 1 14 3 1 1 1 2 43 5 2 1 1 4 5 14 2 3 2 3 3 79 1 3 1 1 2 1 1 64 1 1 1 3 20 3 1 1 14 5 3 1 7 9 2 1 4 5 4 2 5 13 1 1 5 1 4 2 1 14 2 8
1 2 2 1 9 2 4 4 1 3 1 2 2 4 2 1 2 5 7 13 1 3 10 3 2 10 3 1 2 2 2 3 2 2 2 11 3 2 3 1 1 17 1 1 6 14 1 1 2 3 3 4 2 1 1 2 2 3 2 2 3 2 3 2 1 10 164 2 1 13 1 4 11 1 5 1 1 1 2 11 2 2 6 6 5 2 1 2 1 4 1 2 3 2 2 1 3 13 1 2 2 6 2 1 1 1 31 1 2 2 2 2 7 2 4 1 5 2 3 1 1 3 1 2 1 1 3 1 7 3 2 11 3 6 1 3 2 11 2 1 2 2 6 2 5 1 19 8 5 263 7 2 1 8 1 1 1 9 1 2 2 28 2 2 15 1 2 90 3 3 1 2 2 33 1 1 7 1 3 2 1 5 4 7 9 5 1 2 7 1 1 3 5 24 2 1 1 1 2 6
1 2 1 3 1 1 65 3 2 96 8 1 1 3 1 6 3 5 2 2 2 5 8 2 4 4 2 2 2 15 3 192 11 2 2 3 1 4 2 2 2 5 2 3 2 1 9 3 3 6 34 2 1 1 3 1 1 7 2 4 3 23 2 19 13 16 4 1 31 2 1 2 3 5 39 2 1 1 1 1 5 1 1 2 5 2 1 4 4 1 1 5 1 3 24 5 1 1 7 2 2 2 6 2 1 1 3 3 1 5 1 1 2 2 2 1 2 1 11 3 13 1 1 4 1 21 2 1 7 3 3 2 2 7 2 2 2 1 1 23 2 1 15 1 13 3 2 1 1 1 1 1 1 1 2 2 3 1 1 86 270 2 1 2 2 2 7 5 11 1 32 5 21 3 2 3 1 8 3 2 27 1 42 2 2 1 4 2 1 3 2 3 4 2 6 5 2 1 1 114
5 4 1 2 2 4 1 1 3 2 6 1 2 2 2 42 5 3 1 2 1 2 19 1 4 1 1 1 1 1 5 1 6 3 2 1 1 9 1 2 4 4 4 2 3 7 3 1 16 1 3 3 6 12 13 10 2 1 26 44 2 2 3 2 19 8 2 2 2 1 2 4 2 1 11 2 62 6 4 2 9 34 4 14 5 1 15 2 5 59 3 2 1 1 1 1 4 3 2 1 2 1 5 1 6 1 3 4 1 5 1 2 24 1 1 1 1 2 1 6 2 2 1 1 3 3 4 2 1 1 1 3 6 2 18 1 1 2 1 1 1 1 3 3 43 4 1 2 4 1 3 1 2 1 2 38 1 23 4 5 18 1 1 1 3 4 3 1 2 1 2 1 12 2 1 1 1 2 2 1 2 7 1 2 1 1 224 7 3 1 2 2 2 2 3 1 3 1 3 2
