200
188 404 274 220 188 313 268 193 250 182 305 240 183 469 136 245 356 102 102 270 317 295 367 378 453 256 427 159 499 385 373 157 407 478 485 238 403 144 393 189 323 228 366 385 480 386 201 303 453 371 430 104 283 139 249 388 250 100 401 318 217 295 365 490 323 364 284 416 187 145 308 439 301 248 296 309 378 188 196 401 458 200 165 270 481 218 295 443 150 310 391 287 236 491 313 135 150 211 227 100 194 331 129 291 368 469 390 187 183 336 285 471 495 460 192 346 112 431 149 491 120 244 489 331 374 333 373 430 183 223 497 240 401 321 477 196 211 399 217 267 349 259 301 352 194 172 272 198 309 375 195 224 251 317 191 205 214 432 260 453 406 104 422 239 418 101 211 349 192 363 296 291 221 306 252 359 455 457 298 361 452 182 286 127 393 362 111 345 484 268 250 133 403 272 460 481 218 394 465 489
3 5 6 5 6 6 6 4 4 5 1 6 2 4 6 4 1 3 4 2 2 3 6 6 6 4 2 4 1 1 5 6 1 4 4 3 6 3 2 2 1 1 2 5 4 5 3 3 1 4 6 6 1 4 1 5 1 6 1 5 6 4 2 2 6 4 5 2 5 3 4 3 4 1 4 2 4 2 4 2 5 6 2 5 6 5 5 5 3 5 5 5 3 1 5 3 5 3 2 4 2 2 3 5 6 3 1 1 1 3 5 1 3 2 5 1 3 3 1 1 1 4 6 3 6 4 5 2 4 5 2 6 5 2 1 3 4 1 6 5 2 4 5 6 1 6 4 1 5 5 4 6 2 3 6 2 3 4 3 5 1 3 6 6 4 6 6 5 4 1 4 4 4 6 4 5 2 3 6 3 3 2 2 3 6 2 1 6 2 3 6 6 1 6 4 2 5 6 1 6
16 2 3 2 12 2 3 2 5 1 1 10 2 3 3 1 5 1 1 2 1 2 1 7 1 2 2 1 1 2 2 12 1 9 2 1 1 7 2 1 8 8 1 2 3 4 3 1 6 2 15 1 2 7 1 2 3 1 2 1 4 2 3 1 1 3 2 1 2 2 2 1 2 1 2 4 14 1 2 2 1 4 1 1 5 2 2 2 1 5 3 1 8 3 12 2 2 8 2 2 2 9 3 1 1 2 2 35 1 1 2 1 1 1 1 1 1 3 25 1 2 1 2 1 2 5 1 2 1 1 2 1 9 5 12 1 1 1 1 1 2 13 4 2 21 1 1 2 3 2 1 2 1 2 1 41 1 3 1 1 1 2 23 2 1 4 11 1 5 3 2 1 2 2 3 1 1 3 2 4 3 1 1 108 5 2 1 3 1 3 2 15 1 12 4 3 53 3 1 2
1 3 4 1 10 5 3 2 2 1 3 1 1 3 1 1 2 7 140 1 3 4 2 1 10 2 2 6 2 2 1 2 2 6 9 2 4 2 1 15 3 2 2 2 2 2 4 1 3 7 6 3 2 1 1 19 2 2 3 4 1 4 2 2 2 2 1 1 2 1 2 7 1 3 3 50 1 1 2 2 2 1 42 3 2 1 4 2 10 1 6 4 1 23 4 12 18 1 3 3 1 21 2 36 2 2 1 1 1 2 1 5 5 5 5 1 1 9 1 1 2 1 1 1 1 51 3 4 2 7 3 1 1 14 4 1 5 1 2 2 2 2 6 1 2 2 5 2 1 9 1 1 3 4 1 13 1 2 2 2 2 2 1 1 1 8 9 1 24 2 58 2 1 1 5 2 1 39 2 1 2 2 8 1 1 1 1 2 1 2 1 9 1 2 1 108 3 1 2 5
3 34 2 49 3 2 1 1 5 1 1 1 2 6 1 2 8 2 2 382 4 3 3 1 1 2 2 2 1 1 1 1 4 34 2 9 2 6 5 1 1 2 2 1 4 2 4 2 2 2 13 1 6 5 2 4 2 1 2 5 1 2 2 3 1 1 1 2 2 4 1 1 1 1 3 13 2 1 2 1 1 3 2 3 8 25 2 2 3 2 1 2 16 13 1 1 6 8 1 1 2 1 1 5 1 2 1 1 1 1 11 1 23 3 3 1 4 1 14 2 2 2 1 2 2 1 1 1 1 2 2 2 2 10 1 16 2 3 3 2 11 29 2 1 1 1 1 13 2 2 11 1 6 2 1 2 3 4 2 1 1 1 1 1 2 3 1 3 1 3 3 2 1 1 3 1 2 1 3 323 3 9 4 8 1 2 1 4 4 1 1 2 10 10 3 2 5 1 2 1
1 15 1 1 2 4 1 6 1 6 2 1 4 4 2 1 3 1 2 3 3 2 300 1 1 1 1 5 1 4 1 9 1 2 6 2 2 1 1 1 1 4 2 1 1 8 1 7 1 1 4 3 6 1 1 3 2 6 2 2 2 1 2 1 23 12 2 4 3 2 1 1 2 2 2 1 2 8 1 5 6 9 2 2 1 2 1 10 1 2 3 2 5 10 2 7 2 3 10 2 2 2 1 2 151 15 77 2 18 2 9 1 3 1 104 4 1 6 3 1 1 3 2 2 1 2 3 2 1 1 3 1 1 2 3 1 2 1 1 12 1 2 21 26 8 1 5 9 1 2 1 1 2 4 2 1 4 1 1 15 2 2 1 1 1 2 8 5 1 2 1 2 2 2 1 73 6 4 1 1 7 2 1 4 1 1 7 1 4 3 1 2 2 2 2 2 15 1 5 2
14 11 1 2 1 1 3 2 1 1 1 2 2 23 2 1 7 1 3 5 1 101 2 7 1 1 4 1 2 1 3 27 2 6 8 1 1 9 2 2 2 3 2 5 3 4 4 7 4 20 1 2 4 4 1 14 2 25 1 1 2 13 3 2 1 5 3 2 8 2 2 3 8 5 3 1 1 3 4 1 1 1 2 21 2 9 2 4 3 1 2 3 1 1 5 1 2 3 2 4 2 1 3 1 1 1 1 1 1 5 3 2 4 4 2 3 2 3 46 3 4 1 13 1 1 13 45 14 1 1 5 1 3 1 1 2 3 3 2 2 13 3 6 2 4 6 6 6 2 1 4 2 11 2 6 1 3 1 2 2 1 1 1 6 1 1 3 2 10 1 1 2 2 1 2 2 1 1 1 5 2 1 3 7 3 4 1 26 2 2 2 1 7 3 1 2 3 1 1 1
3 2 2 2 2 1 2 1 6 3 2 3 1 1 1 1 4 1 6 12 30 1 2 214 7 3 1 1 2 11 1 2 2 1 14 1 2 3 1 2 12 2 1 53 1 1 1 1 2 1 2 2 3 3 2 24 18 14 3 6 1 2 4 6 7 19 1 4 2 1 1 10 123 1 47 1 2 2 2 36 1 13 2 1 4 4 3 4 39 2 2 2 2 4 5 2 1 2 1 5 2 2 3 3 22 1 2 54 1 5 1 2 1 4 62 7 11 2 4 2 12 2 4 1 54 2 1 3 4 3 2 1 5 2 3 5 2 2 4 1 3 4 77 1 133 1 2 11 8 1 2 18 4 3 1 1 3 1 17 5 1 2 10 1 2 3 1 1 193 4 3 2 1 1 1 1 4 3 2 1 1 2 1 2 1 24 6 2 8 2 2 2 1 3 29 2 33 3 36 3
3 1 1 43 2 5 4 2 3 3 1 2 3 38 1 3 2 22 1 2 1 1 2 2 1 7 1 6 1 2 2 2 3 1 18 1 1 2 2 1 1 428 11 1 4 2 1 1 2 3 3 2 5 7 7 1 1 2 6 1 12 2 2 2 2 2 1 1 7 3 4 2 4 1 1 3 6 2 3 4 3 4 5 3 5 7 2 1 1 1 4 2 2 1 1 2 2 14 1 2 9 6 3 1 4 1 1 2 2 93 13 1 4 4 4 1 7 2 4 11 1 2 1 3 6 1 3 3 2 7 9 1 4 3 1 9 1 3 2 2 4 5 2 2 1 39 4 3 3 1 9 10 13 7 2 3 1 1 1 4 1 17 1 1 1 2 1 1 3 8 2 2 3 2 3 1 3 1 2 1 28 2 11 4 1 1 2 13 96 1 12 3 1 1 3 1 1 2 1 2
2 5 1 6 1 3 1 1 5 2 5 2 1 1 4 4 1 2 2 5 3 1 1 1 2 3 2 3 1 3 48 1 2 5 1 2 2 7 3 1 1 9 2 1 1 2 3 1 2 2 2 45 1 2 2 13 4 4 2 30 5 1 2 1 1 192 2 2 1 1 3 1 2 4 1 2 3 1 1 1 32 3 2 7 2 1 1 3 1 9 2 6 2 1 2 2 3 1 1 5 1 18 3 1 5 2 1 3 3 1 2 9 1 2 3 1 3 4 2 1 3 4 2 2 6 2 2 1 1 2 4 3 3 1 3 2 4 2 2 1 1 1 15 1 1 1 18 1 1 1 2 2 3 2 1 2 1 4 1 1 1 2 3 2 2 2 1 7 2 8 33 116 1 3 2 2 1 222 5 2 3 3 1 3 18 31 1 2 1 18 9 5 6 46 1 2 2 1 2 2
1 5 4 1 1 1 1 3 2 3 2 3 3 1 4 1 1 4 13 1 2 6 2 1 1 2 2 3 5 2 4 2 3 47 12 7 1 1 2 9 2 2 1 2 2 32 6 3 1 9 6 1 1 19 5 1 3 1 2 25 1 2 2 4 1 3 2 2 1 8 2 2 2 71 1 1 1 3 1 1 2 2 2 2 1 2 1 3 2 6 2 3 5 1 13 5 1 3 1 6 3 2 3 1 4 1 2 3 4 2 1 2 1 1 2 4 5 1 2 2 5 2 1 1 6 16 1 3 1 2 2 29 1 1 2 1 1 1 5 1 3 3 2 4 5 2 3 2 4 2 3 1 1 9 3 2 2 12 1 1 3 2 4 4 2 5 2 12 2 2 3 2 6 2 2 18 2 2 85 1 1 9 1 1 1 1 2 17 2 314 7 2 1 2 1 2 1 1 4 13
3 1 13 1 1 8 2 8 1 1 4 1 1 1 1 3 2 1 2 2 3 7 1 1 1 3 1 2 184 1 5 1 1 3 3 4 1 13 9 1 2 5 4 46 1 1 1 2 1 1 1 2 2 4 1 2 1 2 1 2 1 2 1 2 2 1 3 2 5 6 2 2 1 2 8 13 7 1 2 1 4 2 1 2 2 3 36 2 8 5 2 6 2 1 5 1 5 2 2 1 3 5 1 5 1 1 2 6 1 1 1 6 4 1 2 1 3 8 1 1 4 3 33 2 4 2 5 1 7 2 3 4 6 2 2 2 1 1 3 5 2 1 3 3 8 1 4 3 3 3 2 6 2 27 5 1 6 3 3 2 1 1 3 4 2 5 380 3 4 3 1 2 2 1 13 1 2 6 1 2 6 2 1 1 2 1 3 1 31 1 1 2 2 2 2 5 1 3 5 1
21 3 6 2 1 4 8 9 3 2 1 4 2 25 28 1 1 2 1 7 11 1 2 4 8 4 3 6 1 12 33 1 2 2 3 3 5 1 3 5 1 2 1 2 51 2 4 33 2 2 2 2 2 5 1 2 2 1 1 1 2 1 1 7 1 2 2 4 7 3 7 2 3 8 8 2 1 2 2 2 4 19 2 3 5 1 2 2 1 2 23 1 9 4 2 2 1 3 2 2 20 3 3 9 8 2 1 2 3 2 4 1 3 7 1 3 1 1 8 3 20 3 24 2 2 1 1 2 1 7 2 16 3 21 2 2 2 2 2 4 1 2 1 4 3 7 2 1 3 2 7 1 2 1 2 23 1 6 4 3 2 2 6 1 2 1 2 4 4 2 2 1 4 1 3 1 1 2 17 1 1 4 2 1 7 1 2 1 6 2 1 2 2 4 2 2 1 3 1 5
1 2 1 8 3 2 2 1 2 2 1 3 2 1 3 3 1 2 1 2 2 10 28 1 10 2 4 1 1 1 1 3 3 4 5 2 1 4 3 1 2 2 3 8 6 2 1 1 3 2 3 1 1 2 1 2 5 1 6 1 2 2 2 2 3 1 1 2 4 36 3 2 1 1 15 17 1 1 1 24 1 3 3 1 1 3 1 1 2 1 1 1 1 1 1 8 5 1 163 2 2 99 2 83 2 4 9 1 1 7 1 2 1 1 2 1 1 6 7 12 1 4 1 3 5 3 6 1 3 3 4 1 2 3 13 2 2 2 1 2 1 2 3 2 1 1 1 2 13 2 3 16 2 3 3 2 5 5 2 1 1 27 23 3 1 3 2 1 1 1 2 3 157 3 1 2 1 1 1 9 1 2 2 1 3 3 1 11 1 2 3 2 3 6 3 1 2 3 2 10
5 9 2 7 2 1 8 3 7 2 2 2 8 2 3 1 3 2 2 25 5 1 1 2 2 1 3 4 1 1 2 7 1 2 1 2 3 4 25 3 2 1 1 1 1 5 1 8 3 5 3 1 2 3 2 5 1 5 2 7 2 1 5 1 2 9 12 9 2 2 1 3 1 5 1 4 1 15 5 2 2 28 2 2 5 2 1 3 1 1 4 1 22 9 1 7 15 2 3 1 2 3 4 2 13 1 2 1 5 3 3 1 1 1 9 3 2 2 23 2 8 2 2 5 1 2 2 3 5 2 1 1 6 2 1 2 15 1 1 1 1 1 2 1 1 1 11 1 4 2 2 1 2 3 1 2 2 21 2 1 1 1 2 8 3 3 2 1 3 7 1 1 1 4 2 4 8 6 1 2 1 1 18 1 3 3 2 1 4 2 5 2 2 2 1 3 3 3 14 1
2 2 2 4 2 2 1 1 3 2 4 2 2 8 3 20 1 2 2 1 3 1 1 2 1 5 1 1 5 3 2 2 1 7 1 4 2 6 1 5 4 2 5 1 1 2 1 28 2 1 2 3 3 2 2 2 1 5 1 5 3 1 1 5 15 2 1 9 3 1 3 21 4 16 15 1 1 3 1 33 5 2 122 1 2 1 2 1 1 5 3 7 1 14 1 3 1 7 1 3 22 1 4 1 13 2 1 31 1 2 1 3 23 2 2 4 3 1 63 2 1 3 1 2 10 2 2 1 1 1 5 1 2 3 2 1 2 2 3 2 2 4 1 3 1 3 3 1 1 2 1 2 2 1 2 1 2 8 2 4 1 3 2 1 1 3 3 8 7 3 7 2 2 1 2 1 3 2 1 2 1 1 2 1 2 1 1 1 2 19 2 1 10 1 97 1 2 2 2 2
120 1 50 1 4 1 2 2 1 1 1 2 166 1 2 5 14 2 1 1 1 5 1 42 2 1 2 19 1 3 2 1 21 16 3 8 4 2 229 1 3 4 1 1 10 27 59 7 6 2 2 1 12 8 1 7 2 2 2 1 1 2 2 1 3 84 1 1 1 2 1 3 4 9 1 1 2 4 3 2 1 1 9 5 2 1 1 1 7 2 1 1 3 1 1 1 1 1 2 2 2 2 4 2 2 2 34 1 1 2 4 3 12 4 108 2 4 1 10 1 3 2 4 11 2 2 2 1 1 1 6 4 2 3 4 2 4 1 2 2 17 2 2 1 2 2 1 2 2 2 5 10 3 14 2 3 18 1 7 2 2 2 5 3 3 2 78 2 8 3 1 3 2 5 1 6 1 8 4 4 1 2 2 2 1 2 9 2 2 1 2 2 2 1 2 4 1 1 4 8
4 2 4 3 4 1 1 3 1 1 1 1 4 2 2 1 37 3 2 5 38 1 1 1 10 145 1 2 2 4 17 7 1 2 1 1 1 1 3 2 1 3 1 2 2 2 55 1 22 1 2 11 3 1 4 2 5 1 2 3 1 12 1 2 1 17 2 1 2 2 1 2 1 3 2 2 1 2 2 11 5 10 2 2 1 6 2 4 5 1 4 2 3 2 1 2 2 21 2 3 4 1 2 31 4 3 3 2 1 44 4 2 4 19 1 2 1 9 2 6 5 2 2 1 2 2 1 2 2 1 2 1 2 2 20 1 1 2 1 3 2 18 2 7 2 3 24 1 5 1 11 9 6 3 1 1 2 2 1 5 1 8 2 13 4 2 3 4 2 2 2 6 2 1 2 2 1 1 5 44 5 31 5 1 4 8 2 4 2 1 1 2 2 1 2 1 5 17 3 2
2 2 1 3 1 1 4 4 2 1 2 1 2 3 4 3 1 3 1 1 1 2 2 1 1 2 2 2 1 7 1 2 6 5 1 1 1 1 4 2 1 1 2 2 2 10 3 1 4 1 1 3 9 1 97 1 2 16 30 3 1 4 3 2 3 8 8 2 6 2 1 2 2 3 8 6 2 3 1 1 11 4 4 5 8 9 3 8 1 4 3 2 7 2 8 5 2 5 1 2 2 7 1 4 1 16 2 3 3 4 9 2 4 4 26 1 8 2 19 1 1 3 1 1 1 1 1 3 1 1 1 38 2 3 4 3 2 2 2 9 12 1 1 2 4 7 4 2 476 29 1 2 2 2 2 2 2 11 2 1 2 3 4 5 1 2 7 1 1 2 1 1 2 2 2 3 1 1 1 10 9 1 1 26 9 1 19 8 6 1 2 2 7 7 36 1 1 1 8 21
13 2 2 2 1 2 6 36 2 3 1 1 13 17 7 1 58 4 11 3 3 3 1 1 1 2 6 1 4 1 2 2 3 1 1 2 2 3 1 2 1 4 1 80 2 1 2 2 2 2 2 14 6 3 2 1 2 6 11 1 1 2 3 2 31 2 9 2 8 1 2 2 3 1 1 9 1 2 2 2 3 2 2 1 1 6 3 6 1 2 4 1 3 2 5 9 1 2 1 5 1 6 2 2 1 4 1 1 1 2 2 3 2 2 1 1 3 3 9 2 44 1 1 1 3 2 1 4 1 17 3 1 4 28 10 1 2 2 27 1 1 1 1 1 1 2 1 2 2 2 3 3 1 1 2 3 1 3 2 2 2 1 12 1 1 11 3 1 1 47 2 2 1 2 2 1 4 3 13 17 9 1 3 1 15 1 1 1 2 1 2 2 2 3 1 4 1 2 2 13
1 1 2 3 5 2 2 1 2 3 1 2 1 4 4 1 3 1 1 1 3 124 2 4 6 3 18 1 1 1 1 3 1 4 3 2 2 1 4 2 2 1 1 1 1 1 4 3 4 1 1 2 3 2 1 2 1 1 1 4 3 6 1 2 1 3 8 2 1 4 3 1 14 3 10 2 2 1 4 1 1 2 2 1 1 1 1 252 1 4 2 10 2 1 3 8 2 1 4 3 1 3 1 2 5 2 1 12 1 1 1 2 2 2 2 2 1 3 3 4 4 2 88 1 2 8 1 2 2 1 1 1 1 2 1 1 1 2 1 5 1 2 1 37 1 15 1 3 2 1 3 3 1 5 2 2 2 18 1 6 1 2 1 7 2 1 29 2 4 3 1 2 2 1 3 4 32 23 15 5 1 31 6 3 1 5 1 29 1 1 3 1 1 1 8 2 2 3 5 2
1 4 1 1 2 1 34 2 1 5 1 2 1 4 4 1 23 1 2 3 6 3 1 1 1 11 1 3 9 4 3 6 4 4 2 1 4 2 1 1 5 2 19 1 46 75 1 1 6 2 30 2 2 1 3 1 2 1 1 2 3 5 3 3 2 1 4 1 3 1 2 2 2 5 1 1 2 1 5 1 2 3 9 3 2 2 2 1 2 2 1 108 2 2 1 1 3 1 3 4 2 3 2 1 2 2 2 3 1 12 1 1 126 7 25 1 14 1 2 3 7 113 1 2 16 3 1 5 2 1 4 3 1 1 2 2 1 34 4 15 2 1 2 1 1 3 2 2 2 6 2 1 10 156 17 2 2 6 1 3 2 2 1 13 1 1 4 5 12 1 3 4 2 23 1 2 1 1 21 3 149 5 1 4 2 4 8 5 1 9 3 9 3 2 1 10 14 3 2 19
6 1 1 4 1 4 1 2 2 5 9 4 2 4 1 3 8 1 8 3 3 2 1 1 6 2 1 1 5 103 1 4 3 1 1 3 3 2 2 1 1 1 2 2 2 1 1 3 1 3 2 1 1 3 2 1 5 2 11 1 1 8 10 11 1 3 1 13 2 1 3 2 8 3 6 3 2 2 2 4 1 2 2 7 1 1 3 1 3 4 2 3 2 1 2 2 1 1 3 1 8 231 2 4 268 1 3 5 3 7 16 2 2 5 2 1 2 1 1 2 2 2 1 2 2 1 2 1 2 1 1 1 1 6 1 4 1 2 2 2 3 1 13 2 3 4 25 2 3 1 3 16 1 1 2 2 2 2 1 3 3 3 2 1 1 1 6 3 9 2 2 2 1 1 2 4 2 1 7 3 1 14 2 1 1 3 2 2 2 1 2 4 2 2 1 2 1 1 1 3
1 12 1 6 1 3 3 1 4 4 2 18 4 1 4 8 2 7 1 3 3 1 6 1 2 1 2 1 1 1 3 3 1 1 1 1 1 1 7 12 2 3 1 3 1 2 1 44 3 4 20 1 1 2 6 5 1 2 6 1 1 7 1 14 1 3 1 3 5 3 2 7 9 5 3 2 28 2 2 1 3 6 3 1 1 1 4 5 3 1 1 3 2 1 1 1 1 2 5 4 1 1 1 3 11 1 1 5 1 3 10 2 1 1 1 1 5 1 2 2 1 1 1 6 2 2 3 10 49 2 12 1 1 2 6 2 1 4 11 1 4 1 1 4 2 2 6 2 5 10 10 4 1 1 1 1 1 2 1 9 4 2 1 1 2 1 3 2 1 22 1 8 7 99 2 3 6 10 1 2 1 5 4 2 1 1 8 2 2 11 2 2 4 2 33 4 4 1 2 3
3 2 1 7 1 1 1 2 4 12 1 2 2 4 2 3 1 1 1 1 1 1 2 1 3 2 1 1 26 2 3 2 1 115 1 2 2 12 1 3 2 1 1 10 1 3 3 11 4 1 2 1 2 4 1 10 1 1 21 2 3 2 2 8 6 1 8 5 1 1 1 46 2 1 1 10 2 12 1 2 1 18 1 2 1 2 1 1 10 2 1 2 1 1 1 6 1 1 28 2 2 1 1 26 8 5 106 1 2 2 1 1 2 2 1 9 1 5 6 1 4 4 1 1 82 1 2 4 2 3 1 1 2 1 1 4 4 7 3 1 2 2 28 4 10 2 1 1 3 1 1 1 1 38 3 8 1 25 1 1 1 39 2 1 3 13 1 2 3 13 9 9 2 3 5 2 4 1 5 31 2 2 2 11 12 40 1 1 1 2 4 1 3 4 6 1 2 1 2 2
1 3 1 3 2 32 3 3 2 2 2 1 13 10 2 9 2 6 14 2 2 1 1 2 1 1 50 2 4 1 2 1 1 1 1 1 31 1 4 59 2 2 8 1 2 2 2 4 4 4 2 3 2 2 2 1 1 8 3 12 1 7 2 3 1 14 1 1 55 15 2 2 1 2 1 8 1 2 1 2 2 2 2 1 4 1 20 2 2 2 1 2 48 2 1 2 3 16 8 1 1 7 1 1 1 10 1 1 3 4 3 1 2 2 3 2 9 4 4 6 1 7 2 3 2 3 3 16 2 1 2 17 4 4 2 2 3 2 2 1 3 3 2 1 1 1 27 1 1 2 36 26 3 7 2 2 8 5 1 4 7 1 2 153 2 1 5 1 5 2 51 1 4 1 1 2 2 2 2 2 3 2 38 4 1 3 2 2 2 8 3 6 2 7 2 1 15 1 3 1
1 3 2 1 1 3 4 8 1 17 1 1 1 28 1 2 2 5 1 1 1 4 92 1 4 1 2 1 2 1 4 2 2 2 1 1 1 11 19 18 2 4 2 3 2 1 4 7 3 1 5 5 3 59 2 17 2 9 7 1 2 3 1 1 1 14 7 2 5 7 1 2 1 1 1 1 4 1 2 3 6 2 2 1 2 48 4 3 1 1 1 5 15 4 6 2 2 7 1 1 2 2 1 1 2 1 2 2 4 2 5 82 19 45 1 4 2 1 2 1 3 5 11 5 2 51 4 1 2 2 20 1 1 2 2 1 1 2 7 2 2 5 1 2 1 1 2 1 1 2 2 1 1 1 8 1 49 1 4 1 12 1 1 3 5 2 23 1 3 9 1 2 1 16 1 2 2 3 10 1 2 15 1 1 17 1 10 4 3 1 1 1 2 1 1 1 1 2 1 29
2 1 4 3 5 1 2 2 2 1 1 2 2 1 2 37 1 4 2 76 13 2 20 75 2 13 4 2 2 2 1 2 2 1 61 2 2 2 3 2 8 4 7 3 1 1 3 2 1 7 3 2 6 1 7 3 6 2 1 3 5 1 4 2 5 2 1 1 4 17 4 14 3 1 3 1 8 1 1 3 2 11 2 1 3 2 1 4 3 13 4 2 1 1 1 1 1 5 1 21 1 1 1 1 1 10 10 2 1 2 1 1 4 3 7 3 3 1 7 1 3 4 5 2 1 2 7 2 2 2 6 1 2 2 2 2 1 2 1 1 3 1 1 12 21 1 2 3 4 2 2 4 4 2 1 4 1 3 3 1 6 1 1 2 2 2 2 2 1 3 2 2 1 2 2 2 2 3 1 1 1 1 290 2 1 10 5 1 2 2 3 15 3 2 2 2 2 7 8 1
5 3 1 2 4 2 3 2 14 2 1 1 2 209 1 2 2 1 6 2 1 135 2 1 3 3 3 31 1 3 2 1 1 1 1 2 64 1 2 23 2 1 2 2 7 3 4 2 12 4 30 1 1 2 2 9 27 1 1 1 3 1 6 165 3 1 2 3 10 2 4 2 2 2 2 1 1 3 2 1 1 2 1 2 1 3 3 1 2 27 3 2 1 2 1 1 5 10 1 1 2 4 1 16 3 28 1 1 2 2 5 2 2 1 2 12 1 1 1 8 12 1 2 1 1 4 1 1 1 2 52 1 1 3 17 2 2 2 2 1 5 4 1 1 2 1 1 3 1 2 2 1 4 2 1 6 2 2 1 3 2 6 8 4 20 1 3 1 2 12 1 1 2 1 4 2 3 2 55 2 6 34 2 5 1 3 2 1 1 1 1 3 9 1 3 2 1 1 1 1
15 2 1 1 65 1 1 7 1 1 1 1 1 1 2 33 1 5 3 5 3 7 4 2 2 5 2 47 1 1 13 2 1 1 2 2 2 2 1 1 2 7 2 1 1 2 2 7 2 2 10 3 3 1 6 3 35 9 2 318 1 1 10 2 6 4 6 1 1 2 3 1 1 2 1 1 3 2 1 1 4 1 15 1 7 7 1 19 19 3 1 1 1 4 3 5 8 1 4 3 2 1 165 1 3 2 17 8 1 1 1 40 1 3 2 3 4 4 1 2 2 1 8 8 6 10 2 2 1 1 2 13 4 4 2 2 2 1 1 52 15 1 3 1 1 1 4 1 3 2 4 1 1 2 2 1 211 31 1 1 13 2 3 1 1 1 2 1 2 2 1 4 39 6 1 2 2 1 5 2 3 2 1 1 1 1 439 2 15 1 1 2 152 1 3 1 1 1 3 3
2 4 2 6 2 1 1 2 2 2 1 2 3 1 4 5 1 8 1 2 2 1 3 5 2 1 4 3 3 1 2 1 4 2 3 1 3 1 2 1 9 5 1 1 2 1 4 17 1 11 1 1 4 2 9 2 11 4 2 4 1 1 14 1 1 18 1 1 12 1 1 2 13 2 2 1 2 8 3 4 2 3 22 1 3 3 13 2 2 7 31 2 1 1 1 3 1 12 1 3 23 1 16 1 1 5 15 17 2 10 2 4 1 2 3 114 6 7 1 2 9 2 4 1 1 2 4 3 6 2 4 5 5 2 3 3 11 27 1 2 2 1 1 2 1 1 11 2 3 1 1 14 2 2 2 1 1 7 3 1 1 1 2 2 1 1 2 2 2 1 2 1 1 10 1 1 5 2 1 12 3 10 4 2 6 10 1 5 2 10 5 2 3 1 2 1 2 24 2 2
2 1 70 1 1 9 5 14 6 2 3 2 1 3 9 2 2 2 1 1 1 2 11 1 6 2 4 1 3 1 1 2 5 3 2 7 1 25 1 1 2 1 2 3 4 1 1 2 14 2 1 1 4 4 11 2 2 17 1 1 2 1 1 1 2 14 4 3 2 1 1 3 1 6 1 1 2 1 1 2 4 1 1 1 1 2 2 1 1 1 3 7 1 61 2 1 68 5 1 2 4 11 7 2 3 2 26 2 2 1 3 6 11 1 1 2 1 233 2 1 2 10 1 2 9 1 1 1 2 1 4 1 1 9 1 1 2 1 1 1 2 3 2 3 1 2 1 2 2 2 2 1 4 1 1 1 2 2 2 3 2 3 97 2 2 1 2 5 1 2 3 1 2 30 10 1 2 2 2 257 2 1 2 1 1 19 3 1 7 1 7 2 2 41 3 1 2 1 1 42
9 1 91 5 1 1 6 1 1 5 2 19 1 2 4 2 2 3 1 2 3 1 2 1 1 7 2 2 32 4 7 2 1 2 1 2 3 1 11 2 2 3 7 2 12 4 9 2 1 2 1 11 4 13 5 4 2 1 415 1 1 1 5 2 24 16 1 5 1 4 3 2 1 9 3 1 15 2 1 1 1 2 2 2 1 3 3 1 1 15 3 2 1 1 2 1 2 2 2 1 3 1 2 3 5 7 1 1 3 2 8 2 2 2 2 5 1 1 4 12 1 2 1 2 2 8 89 3 5 2 1 1 2 2 7 2 2 17 5 9 1 2 2 2 1 9 1 35 3 5 1 1 1 11 2 2 2 3 2 9 2 3 4 2 1 2 2 3 1 4 1 2 26 2 3 1 1 9 6 1 1 90 21 4 4 1 11 1 5 6 2 5 1 2 1 1 2 3 3 3
3 6 1 1 1 1 2 2 18 3 1 1 5 1 2 1 1 4 1 2 2 3 4 1 3 1 1 4 6 1 1 1 2 8 1 2 5 90 2 6 5 10 2 1 2 1 2 2 1 2 2 4 2 1 3 1 4 1 1 29 2 2 11 4 1 1 1 2 1 31 9 1 3 1 2 15 4 1 8 2 2 2 3 1 1 2 1 2 116 1 1 2 1 2 1 4 3 5 9 3 2 1 9 4 2 12 1 1 2 3 2 4 1 3 8 2 3 33 1 1 2 1 11 2 1 1 1 2 3 3 3 2 3 3 2 1 3 2 2 4 15 2 4 8 1 3 3 10 3 2 1 2 1 6 1 1 3 2 3 6 2 2 5 10 1 2 2 2 3 5 2 1 1 2 49 1 3 1 2 2 1 1 1 2 3 1 2 2 1 2 1 1 2 4 1 3 2 2 1 1
2 1 4 5 1 1 1 2 4 17 4 18 3 4 22 4 2 1 2 1 4 2 1 1 1 2 1 1 1 1 2 16 2 1 1 1 2 1 2 1 3 15 1 4 5 8 4 2 3 1 4 2 1 2 8 3 4 13 1 2 2 2 1 2 1 1 2 2 6 1 1 1 2 1 1 35 34 1 3 2 9 3 2 349 1 1 2 2 1 2 8 3 5 4 5 2 1 3 1 3 15 5 2 2 1 2 3 14 35 22 2 66 2 3 2 1 47 1 1 16 1 3 2 2 1 1 1 3 2 2 1 1 24 1 2 4 4 2 1 1 1 3 2 14 2 2 1 10 1 2 2 91 2 5 2 301 17 1 3 1 2 39 1 2 3 2 1 1 1 19 1 1 1 1 1 3 3 4 2 15 1 3 1 9 4 5 1 21 2 4 12 31 2 1 4 1 3 8 3 3
2 14 2 8 3 2 2 9 4 1 1 4 1 1 3 4 23 4 1 3 2 2 1 3 1 1 1 2 2 2 1 3 5 2 2 2 2 3 1 2 3 1 4 1 4 2 2 5 4 9 4 25 2 2 1 4 2 8 1 1 2 2 1 2 4 2 11 1 2 3 2 1 2 1 6 10 2 4 1 1 4 1 1 1 2 16 1 1 4 20 12 2 1 2 1 2 3 2 53 3 1 3 1 2 2 35 3 1 27 1 1 9 253 2 3 4 5 2 4 9 7 4 1 1 3 1 3 27 2 2 1 3 1 1 164 8 1 8 1 2 5 17 1 1 50 1 21 3 3 3 2 7 3 1 3 2 7 7 1 5 1 142 20 3 20 1 2 3 4 1 2 3 2 2 1 2 1 8 1 3 1 4 2 1 1 7 2 3 1 16 1 1 1 1 2 1 3 5 2 2
3 6 2 3 7 1 3 1 1 6 2 4 1 3 1 9 1 1 1 12 1 5 5 3 1 1 5 1 1 1 1 3 2 8 1 3 3 1 4 13 3 1 1 1 5 19 2 3 3 2 7 1 2 4 1 7 3 4 2 1 2 12 2 2 2 2 1 28 9 7 4 1 2 5 5 4 2 1 60 2 1 2 4 3 1 2 4 24 1 1 2 1 1 4 2 1 5 34 20 2 2 1 1 1 4 2 1 2 2 9 8 1 1 2 2 2 1 1 2 6 2 1 1 4 1 4 3 10 2 1 6 6 1 2 3 1 1 1 2 1 2 16 9 3 2 17 3 4 44 2 1 1 4 2 1 2 2 3 1 2 1 3 3 1 29 17 1 1 1 2 2 1 2 2 2 1 2 1 9 2 4 4 17 8 2 2 1 31 1 2 1 2 1 4 3 5 1 3 5 1
2 2 4 16 1 4 2 1 2 3 3 3 3 1 2 1 3 1 10 4 1 17 1 1 430 1 2 3 3 25 2 3 2 2 2 3 2 2 10 4 3 1 2 2 1 5 2 216 6 1 26 15 4 1 6 4 9 4 1 1 1 2 1 5 2 1 2 2 4 1 13 1 1 24 1 1 5 2 3 1 1 2 1 2 2 2 1 1 1 57 9 38 1 4 7 1 1 7 3 8 3 3 1 2 7 1 3 1 1 4 14 1 2 3 2 5 9 3 3 2 1 5 3 2 6 16 1 4 1 4 2 2 5 3 2 10 1 2 3 20 12 3 2 5 5 2 1 1 2 1 7 1 2 9 1 1 1 18 10 4 1 2 4 4 1 1 1 3 19 3 1 2 75 2 9 1 3 5 6 2 12 2 1 1 2 4 9 177 1 4 5 2 10 17 2 1 2 2 4 1
2 2 2 1 1 1 114 2 1 1 11 3 2 4 2 1 3 2 1 16 7 1 2 2 1 1 2 4 3 1 2 1 2 2 3 6 1 1 1 2 15 1 13 2 10 2 1 1 2 1 2 2 2 2 1 1 3 1 5 2 2 1 2 1 4 2 2 3 1 5 2 1 76 2 5 2 2 4 2 1 2 4 2 2 12 6 1 1 3 1 2 4 2 1 5 1 1 1 6 2 1 23 3 1 28 2 2 4 2 1 2 2 2 8 2 2 1 1 2 2 1 4 1 3 1 2 4 5 1 3 1 2 2 27 3 4 1 4 1 4 1 23 1 3 1 1 3 1 4 5 2 3 1 4 9 8 1 1 2 1 2 2 19 1 1 3 2 3 15 1 12 1 2 2 6 20 2 3 3 2 77 2 24 6 6 2 3 1 2 10 3 20 1 1 9 2 2 3 4 2
1 46 1 3 2 8 2 2 1 3 1 1 1 1 1 7 7 1 7 6 1 4 2 2 6 2 1 9 2 2 1 1 14 2 3 24 2 6 1 3 1 5 2 1 3 1 2 4 1 1 2 13 3 1 3 3 2 1 3 2 2 6 6 4 1 1 4 3 1 3 1 1 1 3 72 5 1 2 14 3 4 4 1 2 5 1 5 3 1 2 29 5 3 58 1 2 4 12 4 2 1 2 3 1 17 4 2 1 1 2 3 1 3 3 1 5 1 5 2 4 60 6 2 1 2 1 8 1 7 22 4 8 1 1 1 1 7 9 1 5 2 2 6 11 21 2 2 5 2 5 5 2 4 9 1 1 1 2 4 1 9 2 1 2 1 1 1 2 3 9 7 7 8 2 5 3 1 17 2 4 4 3 1 2 1 15 1 2 3 4 1 7 2 2 41 2 2 2 1 9
10 1 5 3 2 1 1 2 1 1 2 5 3 2 2 1 1 1 3 4 2 2 2 10 6 2 3 2 5 1 1 4 2 3 2 1 1 12 6 1 2 2 6 5 1 1 1 1 1 2 3 1 1 1 1 2 3 1 2 4 1 4 65 2 7 2 16 15 2 1 1 2 6 1 1 3 46 2 1 2 1 1 1 2 2 7 20 7 12 11 2 1 3 1 4 5 2 2 1 5 2 3 3 2 1 5 1 1 2 5 1 4 6 2 3 11 4 3 2 1 6 2 8 8 1 1 2 1 5 1 4 3 2 2 2 7 1 5 1 1 1 2 1 4 1 2 2 5 7 1 1 2 3 85 1 1 2 4 16 1 1 2 4 2 35 26 4 1 1 1 1 1 2 1 2 6 1 1 7 3 5 1 1 3 1 2 1 1 2 1 6 6 2 2 8 3 6 2 2 2
7 2 1 2 2 1 18 3 3 2 3 4 3 4 2 3 2 1 14 1 6 1 2 2 1 1 1 2 2 23 1 6 2 4 2 2 5 1 2 2 1 1 8 2 2 2 86 2 3 4 1 7 1 2 1 2 15 8 2 1 2 3 10 2 8 4 3 1 2 5 1 1 3 10 12 1 2 2 2 10 2 2 2 3 2 4 1 3 2 1 2 2 3 1 1 4 1 2 3 1 4 3 2 2 2 2 3 3 1 4 13 1 1 4 2 1 1 1 1 2 3 2 3 4 4 8 1 2 2 2 1 11 1 1 2 3 1 1 3 1 1 1 4 1 45 1 1 1 1 1 13 1 1 4 4 2 1 4 1 25 1 1 4 2 3 2 1 1 2 3 3 4 4 5 20 1 2 1 2 1 4 15 16 4 1 1 2 5 1 2 9 3 7 2 2 2 7 2 2 3
1 2 3 2 1 1 2 2 3 3 2 1 4 1 1 8 1 12 1 29 1 2 1 5 3 13 1 3 2 2 1 1 1 3 1 5 9 2 7 2 111 3 5 2 5 2 2 8 2 1 9 1 5 3 2 1 4 3 1 5 1 28 1 2 2 1 1 1 2 2 2 17 2 1 2 1 3 21 1 2 1 2 24 1 1 2 1 1 3 1 2 1 4 2 1 27 2 1 1 5 1 1 1 2 1 4 10 22 3 1 3 3 2 6 2 1 1 3 1 1 3 2 5 6 2 1 2 4 2 1 2 5 140 4 1 1 2 1 2 2 1 1 4 2 2 2 3 4 5 1 24 2 3 2 1 1 3 1 3 2 1 4 38 1 6 2 1 2 1 1 1 2 2 1 1 4 1 1 5 1 1 13 17 1 8 9 4 26 3 1 1 8 2 1 4 2 1 4 1 2
2 1 3 1 3 9 2 2 3 3 2 2 1 1 1 7 2 14 1 1 2 1 9 1 6 4 1 3 8 2 1 2 2 2 3 2 9 1 2 2 1 2 4 4 1 8 43 3 1 1 37 1 5 4 3 13 1 9 2 2 1 5 4 1 3 1 1 2 2 3 2 1 1 3 3 2 2 4 14 2 2 1 1 4 1 1 1 18 2 2 17 2 2 3 10 1 3 3 2 1 1 2 1 5 1 1 1 1 1 5 3 5 5 4 2 2 3 3 2 1 2 4 2 5 1 1 1 2 2 2 1 1 11 1 9 1 2 3 19 30 1 2 1 2 5 4 1 4 1 13 2 1 1 2 3 2 3 4 2 1 4 1 1 1 2 1 3 3 1 40 1 4 2 6 2 1 5 2 1 25 2 3 3 55 1 8 3 57 3 1 8 9 3 3 22 5 1 9 13 4
2 1 2 2 4 4 2 2 149 1 1 1 2 2 3 4 1 15 5 1 3 3 2 2 1 10 5 2 2 2 1 1 1 1 4 9 1 2 2 1 1 2 5 5 1 3 1 1 2 5 2 4 17 1 1 3 18 1 6 6 1 57 2 1 6 2 3 1 2 1 8 1 7 3 9 1 3 5 1 4 1 1 8 27 3 2 2 3 1 1 4 2 25 1 1 5 1 2 4 2 1 7 1 13 3 2 1 3 3 2 2 6 9 1 42 1 2 1 17 1 1 2 4 2 2 4 7 1 2 6 1 1 2 51 3 5 2 11 3 1 2 4 10 11 4 1 4 3 1 1 1 2 2 6 5 6 3 1 3 1 1 1 2 1 6 26 2 3 3 1 2 5 2 7 3 1 2 2 2 8 1 12 1 2 2 4 2 3 3 3 3 1 2 2 5 1 4 2 3 2
1 1 2 13 1 4 1 3 67 3 13 1 1 1 2 2 1 2 2 1 3 1 3 2 1 4 15 1 2 1 1 6 1 2 2 2 2 2 5 1 2 2 2 1 5 1 2 2 1 2 1 5 4 3 2 2 1 2 2 2 2 2 2 1 1 3 2 3 7 1 5 7 11 1 2 2 4 1 1 2 1 3 1 2 2 2 15 5 1 1 4 3 1 4 51 1 2 1 4 6 37 1 1 2 2 9 2 61 10 2 1 2 3 2 2 4 2 1 1 1 2 1 1 3 3 1 1 1 3 4 3 5 2 3 5 5 2 2 3 1 2 26 3 1 1 2 9 3 2 7 2 1 2 1 2 3 1 2 3 1 3 1 1 1 3 2 2 1 13 1 30 8 1 7 4 2 2 2 4 3 4 2 3 17 1 3 3 2 3 3 1 2 2 2 3 1 21 2 2 1
3 2 1 7 2 5 1 2 1 1 14 9 1 1 7 6 1 1 1 2 2 1 1 1 1 2 2 3 1 18 1 4 1 1 2 2 8 2 2 6 4 1 11 91 1 2 1 2 2 2 2 4 1 27 2 4 3 80 3 15 2 2 1 3 2 7 1 2 1 5 1 4 2 1 4 2 3 1 1 1 10 1 4 13 5 2 2 1 34 4 5 3 2 2 2 1 3 1 1 1 2 3 5 2 1 4 5 2 3 10 1 2 6 2 1 1 2 5 3 27 29 1 2 4 3 88 4 2 1 1 2 2 19 1 2 5 6 2 3 1 1 6 6 25 2 1 2 10 1 1 2 3 1 1 1 1 2 7 2 1 1 2 1 2 2 1 2 4 21 3 1 1 4 2 2 3 4 34 3 1 1 1 2 11 2 10 1 1 2 7 1 4 30 8 6 24 2 1 3 1
2 1 1 1 2 3 1 3 1 3 2 1 10 1 3 2 1 2 2 7 30 1 5 1 3 3 1 2 2 3 29 403 3 1 3 1 1 3 4 1 10 3 1 5 1 2 5 1 5 1 1 1 3 7 1 3 118 1 3 1 5 1 1 1 5 2 8 1 1 3 1 1 3 3 5 18 1 1 2 2 1 2 4 19 2 2 1 3 1 1 6 2 2 3 2 1 4 3 2 1 1 4 1 2 6 2 3 2 5 6 2 1 1 4 30 2 2 2 2 25 1 65 1 12 6 1 3 1 2 5 1 2 13 1 1 2 7 4 1 6 10 7 3 1 2 2 1 6 2 8 2 1 2 18 2 2 1 19 2 2 2 1 14 8 2 1 2 75 2 2 2 1 3 1 278 4 2 5 3 1 3 2 1 4 2 1 5 1 4 3 1 2 5 1 3 1 6 7 4 1
3 5 11 2 1 10 3 2 2 2 10 1 1 7 2 124 1 4 2 8 6 1 26 8 2 7 1 5 18 15 5 2 4 2 122 1 1 1 2 1 8 1 20 1 2 2 1 1 15 3 5 1 2 5 2 1 9 3 2 1 1 2 3 6 203 4 2 2 3 2 1 47 2 1 2 19 2 2 2 2 15 5 5 2 3 3 2 4 2 1 2 1 1 3 2 3 1 2 5 2 4 1 7 2 26 3 1 1 1 6 1 2 8 1 1 2 2 1 1 3 30 1 2 1 2 4 1 4 3 1 11 1 5 4 1 6 1 2 16 1 10 1 1 2 2 5 1 1 7 1 2 1 110 1 1 1 1 3 7 4 2 2 2 4 2 12 1 3 2 1 1 9 1 1 1 1 2 1 1 2 2 1 1 2 1 1 3 2 7 1 3 2 2 3 1 2 64 1 1 1
1 12 5 1 1 1 1 1 3 1 1 9 9 1 7 1 1 3 5 1 2 10 28 1 4 1 1 4 5 2 1 1 4 2 3 1 6 1 5 2 6 1 1 6 2 3 3 1 2 1 15 15 3 2 2 4 7 1 2 3 2 1 2 1 2 1 1 2 5 17 1 1 1 2 2 16 3 3 4 4 8 2 2 2 2 1 2 4 1 3 1 6 1 1 2 1 1 3 4 24 9 1 1 3 3 3 12 3 1 1 1 7 1 2 5 1 2 2 2 1 6 37 1 4 13 2 2 1 3 1 1 1 1 1 1 1 2 1 4 2 1 2 2 4 4 1 2 1 11 1 1 1 2 2 1 3 9 1 2 1 12 2 1 68 5 5 3 2 2 1 2 147 1 1 2 2 6 2 5 8 1 3 1 2 2 1 1 1 2 2 2 3 4 1 3 3 2 1 9 1
2 2 2 1 4 4 3 166 1 2 1 2 2 2 2 2 1 7 1 2 1 2 2 6 1 3 3 1 2 2 1 1 21 1 1 1 3 4 1 1 2 2 1 1 5 1 37 2 3 4 13 2 2 2 1 1 9 2 2 3 2 4 3 13 2 1 3 3 1 2 1 3 1 1 1 2 3 5 2 7 20 7 3 3 2 1 2 122 1 2 3 13 6 5 12 1 2 12 2 14 4 2 1 22 6 7 1 2 2 3 1 1 1 1 17 1 1 18 1 6 1 2 1 1 3 8 17 13 2 1 2 3 9 1 2 2 5 1 3 2 1 5 33 1 3 2 1 1 3 2 2 1 1 2 3 2 53 1 2 1 1 22 8 3 2 1 1 2 4 5 3 1 9 1 1 1 1 1 17 2 1 5 2 1 4 1 5 2 4 1 5 2 1 1 2 1 1 4 9 1
2 2 1 11 2 4 1 36 6 2 6 6 2 1 3 1 1 3 2 1 2 1 1 57 9 8 10 5 3 3 2 20 2 3 1 5 1 6 1 12 1 1 1 2 1 2 2 7 16 3 4 1 2 1 1 1 3 98 1 2 1 2 1 2 2 1 1 6 3 4 3 3 3 1 2 1 1 7 2 1 1 13 2 1 1 2 2 53 4 1 1 1 1 1 2 2 1 1 2 1 5 2 1 8 1 2 1 5 1 1 1 10 23 11 2 1 1 3 2 1 7 10 3 2 1 1 4 5 9 2 1 1 7 1 2 45 1 1 2 4 1 1 2 46 1 1 1 6 2 2 2 2 11 18 3 34 2 2 14 2 3 3 27 1 1 2 1 1 116 6 1 1 151 1 2 2 5 1 1 1 14 16 1 3 34 2 1 3 1 1 1 3 1 1 2 1 7 4 4 2
1 4 1 3 1 1 1 2 50 1 1 1 3 4 2 2 1 1 14 2 1 1 4 1 7 3 1 5 2 2 5 2 3 1 1 2 2 6 3 1 8 1 6 7 2 2 1 2 2 2 34 4 1 4 4 1 1 4 3 24 8 11 2 6 1 1 6 5 1 1 5 3 5 1 8 103 5 17 4 8 8 8 2 10 1 3 3 1 7 5 2 10 3 3 1 3 1 3 1 5 1 1 2 1 2 2 2 3 2 3 3 1 1 3 1 2 2 2 1 2 2 1 5 3 1 2 1 1 1 2 2 1 10 88 3 1 1 83 1 3 1 2 5 3 2 2 1 1 2 2 2 3 2 1 35 1 2 2 1 4 2 12 2 5 2 10 2 1 2 1 5 1 2 1 1 1 2 1 35 3 5 2 2 2 2 15 1 2 2 1 2 1 2 47 1 49 14 17 21 2
5 1 3 1 2 3 2 2 1 4 1 1 1 2 4 18 1 45 4 2 2 1 8 2 1 10 4 2 3 3 2 2 1 3 1 10 1 2 1 2 3 2 4 1 2 5 2 1 1 1 19 5 1 1 2 1 2 2 1 1 3 2 11 3 2 7 3 15 2 1 20 2 1 2 2 1 1 1 2 1 1 3 1 1 5 2 3 3 10 2 8 4 2 2 4 2 1 1 3 1 98 13 9 4 7 1 1 24 9 10 4 2 2 3 7 1 2 2 1 1 2 3 3 7 2 3 7 2 2 5 1 1 2 15 2 16 2 34 1 2 1 1 1 2 2 2 1 3 2 4 2 3 3 1 9 3 3 2 2 1 1 49 3 5 1 3 9 4 1 1 5 2 2 15 3 6 1 48 1 24 1 2 1 1 3 4 1 26 1 2 6 1 1 9 2 1 1 2 30 3
2 1 3 3 2 2 2 1 3 11 1 2 2 3 2 1 5 6 1 3 2 2 2 1 3 1 3 1 1 3 3 2 2 10 3 2 1 1 1 1 4 2 43 1 2 1 1 1 2 80 1 1 3 1 1 17 7 6 1 2 1 2 1 4 2 1 1 1 11 4 1 9 2 1 3 1 3 4 1 6 5 2 2 1 6 1 11 10 1 2 1 5 1 1 2 6 1 5 2 2 1 1 3 2 1 1 2 2 1 4 1 16 67 3 1 1 3 8 1 2 1 3 2 3 3 1 2 2 5 3 1 2 2 1 1 17 1 1 1 2 1 6 1 1 99 3 1 6 4 8 8 1 1 3 1 2 3 1 1 4 1 2 2 1 2 1 2 2 40 1 2 9 1 1 1 3 1 7 1 11 2 1 9 10 1 7 3 1 1 3 1 2 11 1 2 5 3 2 2 11
4 3 198 2 3 1 11 1 1 2 2 2 1 2 1 2 1 5 5 3 1 1 3 2 219 2 6 3 2 25 3 1 2 1 3 1 2 1 2 2 7 1 3 1 1 2 4 2 1 1 2 1 3 1 5 4 2 2 1 1 7 19 1 1 3 15 1 1 2 1 2 5 2 6 2 3 2 4 2 6 3 4 7 1 24 1 1 33 2 2 13 4 5 5 1 4 3 2 4 14 6 1 2 3 1 10 1 2 5 1 4 2 2 3 49 2 18 3 4 3 2 9 2 2 2 4 3 1 1 2 2 2 2 4 2 5 2 1 1 1 1 3 10 7 6 3 10 1 2 1 2 1 2 4 3 1 344 2 221 1 1 1 2 2 1 2 3 73 1 2 2 7 50 2 1 2 1 2 2 2 1 3 3 2 2 1 1 1 14 2 3 1 2 2 1 1 3 2 1 1
3 2 1 4 3 2 2 1 5 2 5 2 4 1 2 1 6 23 1 6 1 1 3 6 1 11 6 77 1 77 4 9 25 1 2 3 1 2 2 1 3 3 2 8 4 2 4 4 2 1 1 3 1 2 1 2 9 35 2 1 3 27 2 1 1 4 4 23 2 7 2 2 8 2 2 4 1 1 2 1 2 1 1 2 2 1 1 1 1 3 12 3 10 2 1 28 1 2 15 1 1 2 17 2 35 1 1 3 5 11 1 2 2 2 10 2 2 1 2 2 12 1 1 4 1 3 2 2 3 4 2 2 12 13 6 1 2 2 2 2 1 1 3 2 10 1 2 1 6 40 2 3 12 1 1 1 1 6 3 3 3 3 2 4 1 17 2 10 1 2 3 11 33 1 36 2 2 3 2 1 3 1 1 2 2 1 2 2 3 8 1 1 1 2 5 1 4 10 1 16
2 1 2 5 1 13 2 2 2 1 2 3 2 6 1 2 1 2 2 1 193 2 4 2 4 9 2 2 1 5 1 2 91 3 2 1 3 16 2 1 3 1 2 2 2 1 6 4 1 1 1 1 3 9 2 2 2 1 1 1 1 2 1 13 3 2 1 5 1 3 2 2 19 2 4 2 2 7 1 1 3 10 1 3 1 1 2 7 38 1 5 1 2 2 4 2 37 2 4 7 3 11 3 1 1 5 6 2 1 2 1 7 2 2 4 1 3 8 3 8 3 3 3 1 2 8 3 1 6 1 1 10 1 3 1 2 1 4 2 2 1 11 2 33 76 8 1 1 15 14 4 2 94 9 1 1 1 2 2 12 2 1 1 3 3 1 3 93 2 7 2 2 1 1 1 1 2 1 4 1 5 5 5 2 1 4 2 1 114 2 2 10 11 1 2 2 1 1 2 22
4 2 1 1 1 4 1 2 5 2 1 3 25 1 2 1 1 2 1 10 1 5 3 2 5 2 3 1 2 2 1 1 2 6 10 2 2 3 2 13 1 12 1 3 2 1 20 5 2 3 1 1 1 1 1 5 1 2 7 4 1 2 5 3 1 1 1 2 2 2 1 54 2 1 1 1 2 2 1 1 1 7 2 1 3 2 3 1 22 4 1 135 2 9 2 2 2 1 1 3 1 2 2 3 3 1 2 6 3 1 2 2 4 11 2 4 2 3 1 1 1 3 2 1 1 1 3 11 1 2 1 2 1 4 1 1 1 2 1 2 3 2 2 4 1 2 2 1 1 1 5 1 36 1 3 6 1 3 5 5 5 1 3 1 4 3 2 2 1 3 2 9 2 53 2 1 2 2 5 1 8 1 3 2 1 10 2 1 2 2 1 2 5 3 2 2 3 17 2 18
3 1 1 2 2 2 1 1 5 1 4 1 5 31 1 15 10 2 1 2 4 1 4 1 3 1 1 1 1 4 9 1 1 3 7 5 1 2 1 1 3 1 2 1 1 1 1 2 2 1 1 2 2 11 1 1 1 7 1 13 1 1 2 3 1 1 1 4 1 2 10 1 4 1 1 2 3 2 1 2 2 1 3 1 3 1 2 6 17 4 4 2 1 12 1 1 1 5 3 1 1 1 1 1 2 55 3 5 4 2 1 2 1 4 7 1 2 2 1 1 1 1 4 2 1 5 2 1 2 4 1 2 1 1 1 9 1 2 3 1 1 1 11 1 2 28 1 1 3 8 4 1 2 5 1 1 2 13 1 1 1 1 3 1 1 2 2 17 8 1 5 2 2 2 36 2 1 4 1 1 4 3 1 1 1 2 1 4 6 2 6 6 1 1 3 14 1 10 8 1
4 3 2 1 2 4 2 1 1 16 1 1 12 2 1 2 2 1 7 4 2 1 1 1 3 2 2 2 3 1 1 4 10 150 1 1 1 2 61 4 21 1 2 2 15 24 1 4 5 3 6 3 8 1 2 26 2 1 1 7 1 2 7 7 1 5 11 1 2 6 2 2 1 2 39 4 8 4 4 2 1 1 2 1 3 154 5 3 1 1 1 1 1 14 4 60 8 1 1 2 2 21 4 1 3 2 20 2 10 1 1 5 4 2 2 2 2 5 2 1 4 3 3 3 4 4 1 1 4 2 1 9 2 126 6 2 3 9 2 1 5 1 1 5 6 2 4 2 3 1 7 1 4 1 14 20 1 3 1 1 1 1 1 4 1 1 4 1 5 1 3 2 2 2 3 1 2 1 2 5 3 2 1 1 1 1 3 2 1 1 1 1 5 2 10 2 2 4 2 5
2 1 1 2 9 2 2 1 4 1 2 2 4 6 1 1 3 16 1 80 2 7 1 78 1 6 1 1 5 2 7 17 1 11 5 2 4 1 119 11 2 1 3 1 2 2 1 1 2 1 2 6 3 1 1 2 1 3 1 3 2 12 3 1 9 2 128 3 1 7 7 18 10 1 2 2 1 8 1 1 2 1 2 1 2 6 5 1 1 1 1 2 3 1 3 5 3 1 2 1 4 2 7 1 2 13 1 2 6 3 2 48 1 2 2 33 2 3 4 9 2 5 6 83 2 1 1 3 5 9 2 2 4 2 9 4 4 1 2 2 377 1 7 3 5 3 2 11 5 1 1 2 2 32 1 4 12 5 3 2 4 4 2 2 2 2 3 2 3 2 1 1 2 2 8 1 3 3 1 2 3 2 2 1 4 6 1 1 33 1 2 2 2 3 1 3 6 2 4 4
10 2 2 1 2 4 2 8 3 1 2 1 1 3 1 2 1 2 2 2 1 1 6 1 10 3 1 8 1 4 3 1 1 3 3 1 1 8 3 2 91 1 3 2 2 9 1 2 4 1 1 2 3 5 1 3 2 3 9 2 2 1 1 3 8 1 1 4 1 1 3 3 7 3 2 2 5 2 3 5 19 1 13 2 106 3 2 1 2 2 2 2 1 7 8 1 2 2 1 4 2 3 4 8 2 1 1 3 2 10 1 6 2 1 1 118 6 4 1 1 2 4 1 8 2 1 1 2 1 78 1 7 7 4 1 3 3 2 1 4 2 3 2 1 4 1 4 3 1 4 1 3 2 4 2 2 1 2 3 1 14 3 1 3 3 3 2 1 1 3 1 2 2 3 1 1 1 1 2 1 1 2 16 1 1 2 71 1 16 6 1 2 1 2 2 6 46 2 1 1
1 1 4 1 4 11 2 1 3 5 23 2 1 1 2 10 2 3 4 4 2 2 1 1 1 2 2 2 1 3 11 1 1 3 265 1 1 5 2 3 5 1 1 1 1 3 1 1 12 5 1 2 1 1 2 1 2 1 1 2 1 2 8 6 9 2 2 23 2 2 1 1 2 1 2 1 5 2 1 2 2 2 1 1 3 1 3 3 2 1 1 1 2 9 33 4 21 2 3 1 1 2 38 2 5 1 1 1 1 1 1 1 2 3 4 3 2 1 1 3 5 3 4 46 6 2 1 1 2 13 1 3 1 2 1 7 21 2 1 3 7 2 23 2 1 1 5 2 17 2 2 1 1 3 4 2 3 66 1 2 3 2 2 9 2 2 5 1 3 44 1 5 2 1 3 4 2 1 1 2 1 2 1 1 3 10 2 1 2 4 1 2 1 2 1 1 2 1 2 3
2 1 3 18 6 4 1 1 1 1 8 3 1 2 3 4 1 1 15 2 10 13 3 102 10 87 1 2 1 5 3 3 1 134 1 2 1 1 1 1 1 4 2 17 1 4 9 6 1 2 1 2 3 2 8 1 1 1 5 1 4 8 2 1 3 4 12 1 2 1 2 6 2 2 2 2 2 2 2 1 1 2 2 2 1 1 3 1 20 2 2 1 1 2 1 131 4 2 4 18 1 1 18 5 269 208 27 2 5 3 5 1 1 1 8 30 2 3 2 7 2 6 2 8 2 17 1 1 2 1 1 1 14 17 2 2 1 3 2 7 2 1 2 1 1 41 1 5 1 5 1 4 1 1 1 2 2 7 1 2 3 8 2 1 1 3 2 18 1 14 3 2 1 147 5 1 2 4 1 8 3 4 1 1 1 2 2 3 2 1 4 1 2 4 1 1 3 1 2 2
3 8 3 1 1 128 1 1 5 2 4 2 4 1 15 1 7 4 4 8 1 3 3 4 1 2 1 3 45 3 4 1 2 214 2 10 3 3 2 91 1 1 1 2 1 1 1 3 11 1 15 3 3 3 3 55 1 4 13 10 1 28 2 19 3 2 2 1 1 1 8 1 5 8 1 1 1 1 45 4 3 1 3 2 1 3 1 1 9 2 1 4 2 5 1 2 1 3 1 2 3 1 1 7 14 7 4 2 16 5 5 4 2 1 4 4 1 2 1 4 1 2 4 3 2 6 1 2 1 1 1 1 2 3 3 1 2 6 4 1 1 5 1 1 1 1 1 4 2 2 6 2 1 4 3 7 2 16 1 5 1 1 2 15 1 1 2 5 1 6 1 3 1 4 2 1 6 9 1 4 1 9 1 1 74 4 2 1 2 9 1 2 1 3 8 10 2 3 1 2
2 4 2 5 3 2 2 2 1 2 1 133 9 2 2 4 6 1 3 1 2 1 61 1 2 4 4 1 82 17 2 3 2 1 3 1 2 1 3 1 1 4 11 1 1 1 19 2 1 3 1 2 2 28 3 1 1 2 4 1 2 3 3 1 1 1 2 9 1 13 4 2 1 2 1 10 2 1 50 2 5 2 2 1 2 5 2 1 1 2 5 1 6 266 12 4 1 2 1 2 3 1 4 2 1 19 1 2 4 1 6 1 1 6 3 1 2 2 45 1 2 11 11 3 30 4 2 1 1 1 5 1 3 3 1 1 1 1 9 3 3 1 1 1 1 1 3 17 1 1 1 1 3 7 4 1 7 3 2 7 4 1 1 2 3 1 1 2 1 1 2 1 1 24 6 1 3 1 2 5 2 1 1 2 1 3 2 1 4 1 2 2 1 3 1 1 2 2 2 1
2 1 1 2 2 2 2 9 9 9 1 3 2 5 1 6 2 3 1 3 3 26 2 2 1 1 1 3 1 89 2 1 1 2 2 1 3 1 2 3 2 6 8 1 3 6 1 10 2 165 1 25 1 1 166 16 1 1 5 3 1 106 11 5 2 8 2 1 3 1 3 1 2 2 1 6 2 1 1 5 2 1 2 1 2 1 121 1 3 4 1 1 2 3 50 16 1 2 9 1 2 1 2 3 67 1 27 3 5 2 2 128 1 1 1 3 2 1 4 6 5 2 1 2 2 1 2 2 2 1 14 2 3 1 6 2 1 1 3 1 2 3 1 2 5 1 2 14 2 1 23 9 5 2 1 3 1 3 5 3 1 2 1 2 4 3 5 2 3 1 2 3 4 1 6 11 4 3 1 1 2 2 3 1 1 3 2 11 2 4 1 8 1 3 2 3 1 2 10 2
2 1 1 1 1 1 3 4 5 3 2 2 3 2 8 4 324 2 3 7 1 2 4 5 47 33 1 3 3 2 8 2 1 1 8 1 2 1 1 1 2 1 1 11 2 4 3 1 1 1 1 1 4 3 1 1 2 12 1 8 1 2 5 1 1 1 2 3 10 1 2 2 2 5 1 2 1 2 3 25 18 7 1 2 3 4 2 1 2 2 2 1 10 25 18 24 1 1 1 1 2 2 1 1 1 2 3 1 1 1 1 3 2 1 7 3 2 2 2 1 2 33 3 1 1 1 2 2 3 3 4 1 3 27 2 1 46 1 4 1 1 2 1 1 5 3 2 2 2 1 3 3 2 2 2 2 2 2 2 1 3 1 2 3 1 1 1 2 2 1 5 1 2 9 1 2 2 3 1 1 1 1 2 2 2 6 3 3 2 2 3 2 1 1 4 2 2 14 1 2
4 1 1 3 2 1 3 1 1 1 7 1 8 1 1 6 2 2 3 1 3 1 126 8 2 1 1 2 1 1 4 3 1 15 3 6 2 2 1 1 1 21 4 1 2 2 1 1 6 2 3 3 3 1 2 4 1 2 1 6 1 3 2 5 5 2 1 4 2 1 6 2 2 2 1 3 104 1 2 5 27 2 1 2 4 1 2 5 1 2 9 6 1 1 2 1 2 1 3 2 4 2 1 2 4 3 9 1 2 5 2 5 1 2 2 6 5 3 3 11 2 2 4 4 2 4 2 3 2 1 5 1 11 2 2 1 2 1 2 1 1 2 2 16 2 2 20 6 2 1 4 3 5 5 3 4 1 1 5 2 24 6 1 4 5 3 9 1 1 4 1 2 2 2 2 2 2 2 1 17 1 2 2 1 14 1 3 4 1 3 26 39 1 2 2 4 2 3 1 1
2 1 5 1 2 1 1 2 2 1 1 2 2 1 1 2 1 1 1 6 2 2 7 1 1 2 5 3 6 1 1 9 1 2 6 1 6 1 3 9 3 4 1 2 1 3 2 2 1 2 1 1 6 1 1 1 1 2 11 1 1 2 2 32 1 3 4 1 1 5 1 2 2 1 1 7 132 2 6 1 5 1 2 5 8 1 1 4 2 2 5 1 1 4 1 3 1 1 1 2 1 32 1 1 1 4 1 28 1 2 1 1 1 4 1 1 1 1 3 1 1 8 2 26 2 1 2 3 3 2 2 1 1 5 1 23 1 1 2 1 4 6 2 12 2 1 268 20 3 1 7 1 1 2 1 1 3 2 1 6 3 1 4 5 2 10 2 2 1 2 2 13 2 13 2 2 10 1 3 2 1 2 1 2 5 1 1 4 2 2 2 139 1 50 2 3 5 1 1 5
2 2 1 1 2 2 10 2 2 2 3 1 57 1 52 6 5 1 9 4 1 10 1 2 1 2 2 1 1 2 3 2 1 3 2 2 1 2 1 4 4 11 3 2 2 1 4 2 1 1 1 148 2 2 2 2 1 5 1 2 9 2 2 6 3 1 7 1 2 7 2 1 1 6 3 2 6 5 2 12 3 3 1 8 11 2 7 1 1 1 18 1 16 3 1 8 1 6 2 1 6 4 4 5 3 2 2 15 31 1 3 2 1 16 2 2 1 1 1 2 9 1 2 1 30 3 3 2 4 57 8 2 3 3 1 14 3 2 5 1 1 1 3 78 1 2 6 1 5 16 4 1 5 1 1 8 1 2 2 2 2 1 1 1 2 1 3 2 3 4 1 1 4 5 13 2 16 6 1 1 2 1 8 2 4 1 1 2 2 1 11 1 1 1 4 1 1 5 1 4
1 2 2 1 2 1 9 1 11 8 6 1 16 14 1 2 1 1 2 7 130 1 1 2 5 3 1 2 341 2 2 1 10 3 6 1 2 1 2 9 3 18 2 6 2 2 1 2 2 2 1 2 17 2 17 5 1 24 1 26 2 1 2 1 8 1 2 1 3 4 12 5 3 1 1 2 3 3 2 1 3 1 28 1 4 1 2 64 1 8 2 43 2 5 2 1 5 2 2 1 2 3 1 1 1 2 9 1 1 4 2 3 2 2 1 6 1 1 3 1 4 1 2 2 2 2 17 2 1 1 2 1 2 44 1 3 6 1 1 1 1 1 1 11 484 1 3 1 1 1 1 12 4 1 2 1 2 1 1 1 1 1 2 19 3 1 1 3 1 7 4 1 4 3 1 9 2 2 2 2 3 2 1 5 1 4 1 2 2 8 3 1 7 1 2 1 2 59 6 2
2 1 4 2 6 3 3 6 2 1 9 1 11 1 4 3 2 1 7 2 1 1 1 3 1 3 3 1 3 2 1 7 2 1 5 2 2 4 35 2 1 1 1 2 15 2 2 2 1 2 2 2 1 1 5 2 3 4 1 1 1 16 1 1 1 1 2 2 1 7 6 2 1 1 2 4 1 13 1 3 4 2 20 4 1 1 2 55 2 5 3 5 2 138 1 5 2 10 3 1 3 3 1 9 6 1 1 6 9 1 2 1 2 3 2 1 5 1 1 1 1 5 1 1 3 1 2 5 4 2 4 35 1 5 1 1 2 2 1 2 7 2 2 1 1 1 2 4 2 3 2 1 2 2 3 1 5 2 1 6 2 2 30 4 2 1 1 2 2 2 1 2 9 18 2 2 2 3 1 2 5 2 6 2 1 1 1 1 1 4 2 4 1 1 1 8 2 3 5 1
2 1 2 2 3 1 3 9 4 2 1 1 10 4 2 2 3 4 1 4 1 1 13 1 1 1 1 1 1 1 1 3 2 1 1 1 5 5 2 2 2 3 9 2 2 2 1 7 1 2 2 1 1 7 2 3 1 2 2 7 16 4 1 3 1 15 2 42 8 8 1 53 3 1 82 2 2 2 1 1 3 10 1 3 61 1 1 2 2 2 2 2 4 1 1 1 2 2 1 8 28 2 1 35 1 2 1 2 1 5 1 1 1 1 1 78 1 1 16 2 6 2 5 1 1 12 1 2 2 7 1 1 5 2 2 2 1 3 3 2 1 9 1 11 1 1 8 1 4 2 2 2 1 1 124 1 2 1 24 1 21 1 1 2 2 2 1 1 3 2 1 8 11 3 5 2 2 1 1 1 1 18 7 15 1 2 1 1 1 1 7 3 4 1 1 3 2 1 9 2
2 1 7 2 2 1 3 3 1 8 1 3 2 3 18 2 3 2 1 3 14 2 1 2 80 6 15 3 3 2 12 6 6 17 14 2 1 1 3 2 6 3 8 2 7 1 2 4 3 2 2 4 2 4 3 2 27 5 1 1 43 2 2 3 1 9 3 4 4 5 2 2 11 17 25 1 1 21 1 2 22 2 1 1 21 3 2 1 9 2 2 1 2 2 4 1 1 1 5 1 2 1 2 2 1 6 1 1 1 7 2 3 1 1 3 1 13 1 11 2 6 1 42 1 2 2 1 1 21 2 2 1 1 3 114 6 1 2 7 6 2 2 1 7 4 1 2 147 4 2 9 1 4 2 3 1 4 2 2 3 6 1 3 2 4 10 1 1 1 1 2 11 2 1 1 1 2 3 3 1 4 2 1 2 10 1 1 3 2 1 2 10 2 2 3 3 24 1 1 1
7 5 11 1 1 1 4 1 2 3 5 1 3 2 1 3 3 2 7 5 3 1 1 4 5 2 1 5 2 1 3 19 35 1 3 51 1 1 2 2 10 3 1 3 4 20 2 1 3 1 1 1 1 5 1 1 1 2 1 1 2 4 1 1 7 13 2 1 4 2 1 1 2 1 1 3 1 2 2 169 1 19 4 2 2 1 1 13 1 1 80 2 1 1 1 3 1 1 3 1 7 1 3 1 5 28 1 2 2 3 2 140 2 2 7 12 6 1 2 1 2 8 1 4 3 3 3 2 1 6 3 1 2 3 3 3 5 14 5 16 6 3 2 1 2 7 1 1 1 2 2 7 4 4 1 6 5 61 2 4 1 2 2 5 3 4 1 3 1 10 2 5 2 2 11 2 9 2 3 2 5 22 148 2 2 5 2 3 1 5 3 1 2 1 11 1 3 2 1 10
1 1 1 1 1 25 1 8 3 2 1 1 11 8 8 23 1 1 3 3 2 1 1 1 1 4 3 9 2 4 10 9 3 37 2 1 2 1 2 2 7 1 2 3 4 4 3 1 6 1 1 6 2 3 3 1 2 62 14 24 1 1 2 3 1 3 1 4 2 2 6 1 2 5 3 1 1 3 2 2 4 2 75 1 1 6 5 1 5 1 1 62 1 3 2 1 6 5 2 2 1 3 3 6 19 3 2 1 2 1 1 1 7 1 1 3 10 1 1 3 2 10 2 1 5 7 1 2 91 3 8 2 11 1 17 2 1 1 3 1 3 2 4 4 2 2 1 2 1 6 1 3 1 5 1 8 1 1 2 2 3 2 1 2 2 1 1 1 2 2 3 2 2 1 2 1 2 2 2 1 3 2 1 1 2 5 3 1 1 1 1 1 1 1 1 30 2 5 2 10
1 10 5 5 2 4 1 2 1 14 1 1 4 1 1 17 1 10 1 3 2 3 4 3 1 4 11 7 6 1 8 2 1 2 2 1 4 3 8 1 4 13 3 3 244 1 5 1 3 3 1 2 3 2 2 2 1 3 2 1 3 1 7 9 1 4 1 10 1 1 2 2 8 2 2 1 2 8 1 16 5 10 1 1 2 3 6 3 2 3 1 1 1 1 1 5 2 1 2 2 322 2 1 2 3 2 2 2 4 8 3 1 4 1 4 8 1 2 1 5 2 3 11 8 4 115 2 2 8 1 5 3 5 12 3 23 2 7 2 5 1 4 55 3 1 1 1 5 2 2 3 4 1 2 1 4 1 10 2 11 44 10 3 3 10 1 3 2 1 23 2 4 1 4 1 2 3 3 4 29 7 36 4 2 3 3 3 1 1 3 1 2 2 1 2 1 1 1 11 1
3 1 7 3 2 1 2 1 1 1 1 1 12 1 1 2 2 2 40 3 7 1 1 7 12 19 2 2 2 4 1 1 1 1 11 10 2 1 1 1 4 10 13 3 3 1 1 3 2 4 1 21 1 2 2 2 1 15 1 3 3 5 10 1 1 1 3 2 3 2 14 92 2 2 1 8 6 1 1 2 6 2 2 4 8 1 1 5 6 1 1 4 3 1 2 1 1 2 1 4 2 1 2 26 2 5 4 2 3 1 4 3 1 7 10 2 2 3 3 1 2 2 3 6 62 1 10 1 9 2 1 2 7 4 1 1 4 6 1 2 2 1 5 1 1 1 1 1 2 1 1 1 3 1 2 5 1 2 2 3 3 2 3 2 3 1 1 3 4 1 1 5 16 1 1 3 1 61 6 8 2 4 1 2 8 3 5 4 1 1 1 24 4 15 3 2 9 1 3 7
1 6 2 21 9 3 2 2 3 5 1 3 2 6 4 2 1 3 2 2 2 2 2 2 2 53 2 2 1 5 2 17 3 7 6 2 1 441 4 1 4 5 7 5 2 2 1 1 3 4 1 2 4 2 1 2 36 2 1 1 1 1 2 20 2 4 1 2 1 4 2 4 1 9 1 3 3 6 3 1 2 2 6 1 1 1 2 1 2 3 8 2 2 9 1 22 2 2 3 9 3 2 2 1 80 3 2 2 6 2 1 2 2 1 4 1 2 142 2 40 1 1 1 1 2 2 3 2 3 1 2 88 6 1 2 2 1 18 32 8 2 8 7 4 2 2 1 5 3 2 2 2 2 12 2 1 2 2 4 3 1 1 5 1 2 32 4 1 1 7 3 2 1 1 2 3 3 2 2 2 1 1 2 4 1 3 2 3 1 2 1 7 1 2 8 2 2 3 3 14
1 2 5 8 3 2 198 1 17 1 2 1 2 2 2 2 1 48 1 1 2 1 2 4 3 1 2 4 13 22 2 3 1 1 4 2 5 20 1 3 2 1 1 3 84 4 2 1 2 2 2 1 5 3 8 3 5 1 3 1 7 3 2 4 2 3 3 2 7 2 2 1 2 9 2 1 7 3 2 1 4 1 1 2 4 1 2 2 4 5 3 1 2 7 3 4 3 1 2 1 2 2 1 184 2 15 5 24 2 2 23 20 5 1 5 1 91 2 3 2 6 20 2 1 5 4 1 1 2 1 1 1 2 2 1 6 6 2 173 7 19 3 2 1 4 2 1 2 2 1 2 2 1 1 2 3 2 1 2 1 16 2 2 2 1 6 1 2 2 100 30 8 1 1 1 1 2 1 1 17 17 2 3 9 2 21 2 3 2 40 3 2 4 2 2 2 3 3 1 2
10 1 2 7 5 3 15 2 1 2 9 4 4 16 2 2 3 1 2 1 1 1 1 1 1 7 2 6 1 4 1 5 1 1 2 222 2 6 2 2 3 4 1 7 2 3 1 4 2 2 1 70 1 1 8 2 4 2 3 3 1 2 2 7 2 2 2 1 1 6 2 3 44 2 1 1 2 9 3 9 2 5 2 2 1 82 2 2 1 3 4 2 2 4 1 3 1 1 4 2 1 6 16 1 1 2 4 3 7 1 1 3 1 2 1 4 3 1 2 13 1 1 38 1 1 1 2 1 1 1 1 2 2 2 18 3 2 1 1 2 2 1 1 15 4 1 1 1 1 2 3 2 1 2 1 1 7 1 2 4 1 4 2 1 3 10 29 2 1 1 2 1 4 1 2 2 1 1 7 3 6 5 1 2 2 1 2 16 3 2 4 2 3 1 2 9 2 7 2 2
3 2 1 2 1 2 17 8 1 1 7 1 2 1 1 1 3 1 4 1 2 3 2 1 1 2 32 4 1 2 1 1 1 19 1 9 2 8 1 32 9 7 2 2 1 2 5 2 1 2 2 7 2 1 2 1 2 2 5 3 2 6 21 3 6 1 4 3 1 4 2 1 2 3 2 1 3 4 3 1 7 2 2 2 17 1 5 2 2 2 4 2 1 4 2 20 1 2 2 2 2 3 1 3 1 2 12 15 2 12 1 2 1 1 1 5 41 1 9 2 2 1 1 1 4 1 1 1 4 5 2 2 3 1 202 180 12 2 20 2 146 5 23 6 1 2 3 7 4 25 2 1 13 2 6 4 2 1 1 1 1 3 2 23 4 1 4 5 27 4 2 6 6 5 4 2 2 2 4 1 3 1 2 1 4 2 3 2 3 82 1 1 10 2 1 1 2 3 3 1
8 3 1 1 3 1 6 7 1 87 3 11 1 1 1 7 1 2 38 4 12 2 2 3 1 11 1 49 5 2 2 2 2 1 1 1 17 1 5 1 6 1 3 4 1 1 3 1 2 6 1 1 2 4 4 1 2 2 2 2 1 1 1 6 14 14 2 4 1 1 1 2 5 26 16 2 2 1 1 1 43 1 1 3 4 3 1 2 3 1 3 1 8 3 1 2 76 2 1 2 2 1 4 1 2 9 5 4 2 1 2 1 1 1 1 2 2 6 1 1 2 2 3 4 6 2 1 5 2 22 2 1 84 4 1 2 2 1 2 4 6 3 2 2 1 3 12 5 5 1 1 11 1 1 4 8 1 12 14 2 3 2 1 13 5 2 1 1 5 2 1 3 3 2 3 2 1 2 3 4 2 2 4 5 11 4 1 1 2 1 5 1 1 5 7 2 13 2 6 4
1 4 2 1 4 3 2 1 5 2 2 1 3 6 1 1 2 4 2 1 1 17 1 3 1 3 2 1 2 1 1 17 2 1 58 23 6 6 2 2 2 1 3 8 1 100 1 1 2 10 6 1 3 4 3 3 1 2 2 1 2 2 1 2 1 1 1 10 2 2 11 5 4 7 2 2 7 2 1 12 1 1 6 9 20 15 1 2 9 25 1 4 260 4 1 3 2 3 4 1 5 2 7 4 1 2 2 10 1 1 2 2 1 3 1 25 4 1 3 7 1 2 6 6 9 2 2 7 2 11 2 4 2 32 2 1 1 4 1 1 1 5 1 2 4 3 1 1 3 1 2 2 1 1 5 14 1 5 10 2 2 4 1 2 2 3 4 1 9 10 2 1 2 4 2 1 1 2 1 1 2 26 2 4 1 3 1 4 1 3 1 1 11 15 6 2 2 1 5 3
2 4 1 17 3 2 2 19 1 1 1 3 2 2 5 2 2 7 3 2 2 2 1 3 1 1 6 18 1 7 17 15 1 1 4 1 2 44 3 7 3 1 2 1 5 9 3 2 5 2 1 3 6 2 1 1 1 1 3 3 3 10 1 5 3 2 1 3 1 2 3 1 1 1 24 3 2 1 2 4 2 2 1 3 50 31 3 1 1 2 4 1 2 3 1 3 1 2 1 10 1 1 22 3 2 1 2 7 3 1 36 5 7 2 6 3 1 3 2 1 1 3 1 4 3 1 1 7 1 2 2 2 1 1 11 4 78 1 2 1 1 1 3 2 1 2 2 2 2 131 1 10 1 2 1 3 3 114 1 3 1 4 1 8 2 1 1 9 3 4 1 1 3 1 1 2 1 1 4 2 3 1 1 19 6 2 1 1 1 4 1 1 1 2 2 1 1 5 1 36
1 1 1 3 1 3 2 2 3 2 9 15 6 2 1 1 1 1 7 1 1 1 1 1 2 3 4 3 1 3 1 3 8 2 4 1 3 6 2 1 2 2 5 2 1 1 1 1 4 2 1 1 2 3 1 6 5 2 2 5 4 18 5 2 1 5 15 1 114 28 1 2 1 2 5 12 2 2 1 2 6 4 2 1 6 2 1 3 5 1 10 2 1 5 2 2 75 2 1 4 1 2 4 6 4 1 2 1 2 1 1 1 1 1 2 1 1 2 22 4 4 130 1 1 1 1 2 5 2 1 1 3 2 3 1 2 3 2 13 1 2 2 1 7 2 3 1 1 3 2 4 10 23 3 2 2 1 1 1 4 1 3 1 1 1 1 99 1 2 2 4 5 16 1 5 3 1 9 2 1 3 1 1 12 9 1 1 1 6 1 4 3 4 9 2 2 4 5 4 2
2 1 2 11 1 11 27 1 2 3 3 3 3 1 2 1 2 1 1 1 1 2 2 4 1 1 7 4 10 1 1 3 2 1 3 4 3 2 2 2 1 1 3 1 14 1 4 11 3 1 1 3 6 1 1 5 3 2 6 6 2 1 1 5 28 2 2 2 2 2 2 50 3 1 3 2 1 2 4 2 2 1 8 1 26 3 4 4 1 1 6 3 3 1 17 3 1 2 1 1 2 2 3 2 2 3 3 1 1 3 2 4 1 1 1 2 1 6 4 3 2 1 2 1 1 4 1 7 1 1 1 13 2 1 2 2 9 2 10 1 25 2 1 1 1 3 6 7 2 2 3 1 1 1 3 1 4 4 5 1 9 2 2 2 2 1 2 1 6 2 2 1 2 2 3 1 1 2 1 1 3 2 2 1 5 9 2 5 1 1 2 8 1 2 4 1 1 2 2 1
5 20 1 1 3 2 2 1 3 2 4 2 1 1 2 54 1 2 2 1 2 4 1 3 1 1 1 1 6 1 2 3 3 2 1 3 1 1 4 1 10 2 14 11 3 6 2 1 1 2 9 1 1 2 2 2 1 1 1 1 2 3 2 1 2 2 1 2 19 1 1 2 2 1 2 2 3 6 1 3 1 1 6 3 1 1 2 6 2 2 1 4 2 44 2 2 2 8 1 2 6 1 3 2 2 4 1 3 5 1 3 8 3 1 3 9 1 3 1 2 1 1 1 13 1 10 2 3 2 23 2 2 11 2 5 3 1 11 69 1 1 4 2 4 3 1 4 4 1 3 3 2 1 2 5 59 1 2 2 1 3 3 1 4 5 3 1 9 2 3 2 5 15 4 2 1 3 2 3 1 1 2 6 4 27 2 2 8 1 1 3 1 1 10 9 39 2 2 1 10
1 2 2 3 9 21 1 2 1 1 4 1 2 5 6 1 3 70 2 1 1 1 11 2 1 1 2 4 1 3 3 4 1 1 7 1 2 2 1 2 4 1 1 1 1 2 2 4 6 2 1 3 1 1 1 5 3 1 3 1 2 4 1 1 1 3 40 3 9 1 1 1 1 1 95 7 1 13 1 1 2 1 8 1 2 2 1 1 1 2 12 1 11 2 3 1 2 2 2 1 3 2 1 3 1 2 19 1 1 2 2 1 19 1 10 2 2 16 5 4 2 2 1 1 4 8 1 1 1 1 1 78 1 3 3 2 1 24 2 43 6 50 5 2 3 2 2 2 4 1 2 2 1 8 2 2 1 1 1 3 42 1 2 2 1 4 4 1 1 1 2 59 6 30 1 24 2 4 2 1 2 1 12 1 1 3 1 1 3 1 1 1 4 1 3 1 3 1 1 3
10 2 2 8 3 2 4 3 3 1 4 2 1 4 1 1 20 4 7 2 1 1 2 1 1 1 1 1 8 1 4 4 7 1 17 1 2 1 1 1 3 9 2 1 1 24 6 2 3 1 2 2 6 1 1 1 1 192 1 3 4 11 1 1 1 2 12 6 2 2 2 1 2 1 7 3 4 1 2 1 2 1 1 1 1 1 2 30 3 2 2 7 4 2 1 4 2 1 2 2 3 1 2 3 1 2 11 13 6 2 6 144 2 2 2 6 3 1 2 24 1 11 48 5 7 3 2 8 1 2 2 1 1 2 1 1 4 1 2 1 2 26 3 1 1 6 1 2 2 3 4 2 3 2 3 4 1 5 1 3 12 6 3 2 7 1 5 2 2 1 2 13 2 1 2 1 2 8 45 6 2 1 2 1 2 15 1 1 3 3 3 2 2 1 4 8 1 2 3 3
1 2 3 6 2 51 4 1 1 16 1 4 3 15 2 1 3 6 1 2 1 1 2 3 2 1 341 1 1 1 3 2 7 2 2 2 3 16 1 1 10 2 64 17 19 1 1 2 2 2 10 3 2 1 2 2 6 2 7 4 2 7 3 1 2 1 3 1 2 14 15 3 4 3 28 1 2 7 4 2 121 2 1 3 1 1 3 4 2 1 2 1 6 4 3 3 2 2 2 2 5 4 2 1 4 1 2 3 1 1 1 4 2 1 1 1 1 1 1 1 1 2 2 3 2 1 1 1 6 7 6 2 2 3 1 1 2 2 1 2 2 3 1 7 2 13 1 1 1 1 3 8 1 2 2 1 6 25 8 14 2 3 16 1 50 2 11 2 1 1 1 3 1 5 1 8 2 1 5 84 2 1 2 1 1 4 2 7 2 1 7 10 13 1 1 8 3 3 2 3
3 2 11 1 2 2 2 2 12 2 4 3 1 5 2 7 247 1 7 1 1 2 1 2 16 1 1 1 12 5 2 2 1 1 5 2 2 1 2 9 1 8 2 2 3 3 2 3 2 2 1 6 9 3 7 3 1 4 3 1 1 3 3 2 3 2 1 4 1 1 2 1 4 2 6 2 1 2 1 42 1 2 1 7 1 1 3 2 2 1 7 3 1 3 1 2 10 1 2 2 1 5 3 1 2 7 1 3 1 1 8 2 1 4 28 2 3 6 3 3 7 1 2 3 12 1 1 3 1 2 6 1 23 1 1 2 11 2 2 1 32 1 9 25 1 3 2 2 1 4 3 8 2 1 3 2 10 2 2 1 1 4 1 12 14 1 1 2 8 1 6 4 1 9 2 1 1 229 2 3 2 10 3 3 2 4 2 1 2 12 31 2 28 1 1 2 22 1 3 53
1 2 2 1 2 17 3 1 1 94 2 1 1 2 1 4 1 1 8 2 2 2 1 1 2 1 2 3 2 1 8 2 8 1 4 3 3 2 1 3 1 4 2 2 1 3 11 2 2 17 4 14 2 6 3 4 3 2 1 2 1 1 1 11 2 2 1 1 3 2 3 1 1 2 1 1 1 1 4 16 3 4 5 3 2 2 3 11 2 1 1 4 3 11 1 3 2 9 1 2 2 3 1 1 4 6 2 2 1 13 3 1 2 1 3 1 2 2 165 7 4 64 2 3 2 2 5 2 4 7 5 1 1 2 37 2 3 2 3 4 9 1 2 1 1 3 2 1 1 1 1 2 9 24 1 2 1 16 2 1 1 3 2 2 3 2 2 2 2 2 6 67 3 1 8 2 3 1 2 2 6 9 2 5 2 1 3 4 8 2 1 1 15 12 1 423 5 5 1 3
1 1 12 2 15 2 2 1 1 3 219 38 1 3 5 12 4 11 1 2 2 3 2 3 2 1 4 1 1 1 1 2 2 59 3 1 1 6 2 3 3 2 3 4 3 1 2 10 1 1 1 2 16 6 5 1 3 45 1 1 2 2 1 1 1 50 1 1 2 6 1 8 1 4 1 1 16 4 1 5 2 4 2 15 1 19 5 2 1 1 1 1 14 2 38 1 2 2 14 3 3 8 2 4 2 2 9 3 1 4 3 3 2 1 3 1 3 2 3 1 2 2 9 3 2 4 1 192 2 10 3 2 2 1 19 11 5 59 2 2 1 3 1 2 3 1 8 2 1 2 2 1 10 11 3 5 9 2 14 18 2 1 2 1 38 2 4 1 2 1 2 1 22 2 1 23 3 1 2 1 5 4 2 4 34 4 79 1 2 1 2 1 3 1 2 1 2 6 1 2
4 2 3 3 5 12 2 2 2 2 2 3 2 1 1 4 5 5 1 2 3 41 1 10 1 3 2 2 1 5 26 3 8 6 1 2 3 2 2 8 2 35 2 22 2 3 14 3 1 2 6 1 1 1 2 2 2 1 1 1 1 1 2 1 2 1 1 2 1 1 1 3 1 21 3 17 26 3 2 2 8 2 29 1 2 1 10 3 3 1 4 1 3 1 1 6 6 2 2 3 6 12 2 5 2 2 3 4 7 1 2 1 1 17 4 4 96 3 1 1 1 1 9 3 1 2 6 1 1 1 1 1 4 4 1 1 16 1 1 4 2 2 2 18 2 1 2 16 1 1 5 2 2 4 2 5 11 4 1 4 1 5 4 6 4 4 2 2 2 1 1 4 5 5 2 2 1 4 2 2 112 6 1 37 5 1 1 1 2 39 2 2 2 1 1 3 2 5 6 1
3 1 1 12 2 1 2 1 3 2 2 1 2 3 2 1 3 2 1 1 2 1 2 6 4 3 4 1 2 2 1 1 6 1 2 2 3 25 1 2 24 10 5 2 2 2 2 28 1 2 1 4 4 2 3 10 9 3 2 3 1 6 65 1 1 1 4 3 6 4 1 15 2 5 1 1 8 5 66 3 2 1 1 1 2 1 1 1 17 7 12 1 2 1 5 2 3 3 3 2 20 2 126 2 1 2 2 5 4 3 2 3 2 1 2 3 2 2 1 1 2 2 5 5 5 2 7 3 8 1 14 9 1 1 2 15 1 4 13 4 8 1 2 1 2 5 1 2 1 1 2 14 1 2 1 2 1 1 3 1 1 12 8 11 1 14 3 1 7 1 3 10 2 2 1 1 1 2 4 3 4 1 21 8 1 2 3 1 1 3 1 9 11 1 4 1 20 4 3 2
3 1 3 6 2 22 4 4 2 2 1 1 2 2 8 2 4 3 1 1 3 4 1 2 1 3 2 3 16 5 1 6 3 2 1 10 2 2 1 5 6 1 4 2 1 2 3 1 2 39 1 2 2 2 7 10 1 3 2 16 7 2 2 3 3 8 2 1 1 3 1 10 2 1 1 7 1 1 9 1 1 5 2 1 3 1 1 1 2 2 4 3 1 2 4 1 1 7 7 4 5 2 3 2 9 3 3 3 1 12 11 4 9 12 4 1 2 1 7 6 15 1 1 1 3 257 2 1 26 19 2 2 1 2 2 30 7 1 2 1 1 5 2 3 1 4 1 39 1 5 1 2 3 5 1 2 6 4 1 2 1 3 1 2 2 1 8 1 2 1 1 1 1 1 3 2 2 16 3 1 2 13 2 1 10 1 35 2 23 1 1 1 2 2 26 2 2 1 1 4
5 3 98 11 3 2 1 2 7 2 6 1 1 1 2 16 2 1 1 5 12 2 1 2 2 3 1 6 1 43 2 1 4 16 3 1 33 34 3 2 1 2 2 3 1 2 5 3 1 1 2 1 3 1 20 1 2 1 2 4 1 11 1 2 6 11 1 1 5 1 1 3 25 2 2 1 2 2 1 1 51 1 2 71 2 2 1 1 2 8 3 8 2 24 1 2 1 2 27 9 2 1 4 1 3 5 3 1 3 5 4 1 3 5 4 1 1 2 2 1 2 6 9 3 2 4 7 4 2 2 2 1 4 2 2 2 2 1 4 2 1 3 1 8 2 1 1 2 1 6 1 1 1 1 5 2 3 2 3 1 1 18 8 1 26 1 2 2 2 7 2 2 13 1 1 83 2 2 3 1 19 1 2 2 1 2 2 3 2 1 2 1 126 4 2 1 1 1 1 3
1 1 2 5 1 2 7 1 2 1 9 1 8 2 1 2 2 3 5 4 7 3 2 2 1 8 4 4 3 1 2 4 4 3 3 1 1 1 3 1 3 2 1 3 5 2 2 1 2 2 3 2 2 3 2 1 2 2 10 2 2 3 1 2 4 2 1 1 2 2 2 1 1 1 1 2 1 3 1 1 1 4 1 1 1 3 2 1 12 1 4 5 3 2 2 13 1 13 3 2 4 3 1 15 1 3 1 30 2 7 3 1 3 2 1 11 1 2 3 1 4 1 5 2 2 2 3 2 4 1 2 1 2 1 3 4 9 1 2 17 2 4 2 2 4 2 4 6 1 6 1 5 3 4 6 1 11 3 3 1 2 2 2 3 4 38 2 76 2 3 2 3 61 1 2 1 1 2 1 1 2 2 65 1 12 3 1 2 1 4 1 1 3 5 1 1 1 1 4 1
13 1 2 8 3 2 2 1 1 1 2 2 5 2 1 1 2 5 1 1 1 2 1 2 10 1 3 1 10 3 1 12 2 7 4 3 24 2 2 1 414 2 1 1 4 2 12 1 1 34 13 35 2 7 2 2 1 11 3 2 1 1 4 4 2 3 2 1 2 1 9 3 4 2 1 2 18 1 3 4 2 1 2 3 1 2 6 1 1 1 2 3 5 1 1 1 8 1 5 1 39 1 2 2 4 10 5 23 1 2 5 2 1 1 5 7 5 5 3 2 2 2 1 5 3 2 6 1 2 2 1 1 1 2 4 6 1 2 4 1 1 1 42 1 2 1 2 12 1 2 17 111 2 1 1 2 1 1 5 1 12 2 3 1 2 2 5 3 4 2 7 14 1 2 1 3 34 1 2 19 5 1 1 4 1 27 5 2 4 3 1 2 2 12 3 3 2 4 2 5
3 1 4 5 1 1 2 5 2 4 1 1 1 1 1 2 2 10 1 4 2 3 3 1 3 5 1 8 4 1 4 2 2 7 1 1 2 1 1 1 1 1 2 2 31 1 11 1 2 11 7 3 1 4 10 3 3 6 5 3 1 5 1 1 1 5 1 1 1 2 2 2 1 1 2 2 1 1 2 1 3 3 1 2 2 1 1 3 5 1 2 5 1 2 2 1 1 1 1 2 32 1 3 2 2 2 2 9 2 2 14 3 1 4 1 1 1 1 4 1 3 1 3 3 3 2 1 3 2 5 1 2 5 1 1 2 1 2 2 5 5 2 6 1 23 4 4 3 10 11 1 1 1 2 3 1 2 1 5 5 1 3 1 3 5 1 1 5 2 1 4 3 1 1 3 3 3 8 1 14 1 1 1 1 2 41 1 5 4 20 3 8 5 1 2 1 1 2 13 8
4 14 1 2 2 18 2 5 3 14 2 3 6 3 2 3 1 4 1 4 1 5 4 1 2 2 243 17 3 3 1 1 3 2 3 5 1 1 5 2 2 1 1 23 1 1 6 18 3 4 1 2 3 1 2 1 5 1 1 2 31 4 1 2 2 4 4 66 384 10 14 2 5 6 1 7 2 1 12 1 1 2 17 2 63 4 7 28 1 2 1 2 2 2 5 16 4 1 3 1 7 1 1 7 5 7 4 1 1 2 3 3 2 2 4 5 9 2 2 3 12 3 1 2 5 1 4 3 14 7 1 3 2 2 2 7 3 2 2 1 2 2 1 6 1 1 2 1 2 1 1 21 1 4 2 31 12 126 1 4 3 1 1 2 2 7 2 6 3 1 4 1 2 1 1 6 3 1 1 2 1 2 1 2 4 1 2 6 1 3 1 2 3 3 2 4 1 1 1 4
3 1 2 5 4 1 28 1 2 9 17 1 2 2 6 4 5 1 1 3 1 2 1 1 5 20 3 1 8 3 2 1 1 2 1 7 1 2 1 2 1 1 13 1 2 2 2 2 3 1 1 3 6 4 4 13 1 3 22 3 9 4 1 1 2 1 12 1 3 13 2 2 3 10 3 2 1 1 1 3 1 4 2 1 1 19 3 13 4 3 2 1 1 15 69 4 2 1 6 2 10 2 3 8 1 1 1 13 3 1 1 2 2 3 2 9 4 4 1 7 4 2 8 1 1 1 1 1 1 3 1 1 2 1 2 6 4 1 2 1 4 2 1 1 399 4 2 1 7 1 16 2 1 1 1 1 1 2 8 2 1 2 1 1 2 2 1 2 19 1 1 1 14 2 1 2 2 2 1 1 4 2 5 1 3 2 3 3 19 9 2 3 1 3 2 2 2 25 1 2
1 3 2 2 2 1 1 1 7 16 3 2 1 38 2 4 22 1 2 1 27 1 1 2 4 20 5 2 1 1 3 1 2 3 1 11 1 4 2 1 8 4 1 36 13 3 1 2 1 10 1 2 1 2 30 41 2 2 4 4 1 4 1 1 10 5 2 1 2 124 16 3 13 10 5 4 1 3 10 2 1 4 1 1 1 2 1 7 3 5 1 3 3 56 4 1 2 1 1 2 2 2 2 1 49 75 4 7 2 1 1 2 1 3 5 16 1 2 5 8 3 1 2 1 2 8 2 2 2 3 4 3 1 1 2 72 1 2 4 1 1 1 12 2 1 3 13 1 5 2 2 5 1 5 3 2 1 5 1 2 2 2 2 20 3 6 4 2 24 2 5 2 1 2 10 2 2 1 16 1 2 14 2 1 1 5 3 2 41 2 1 1 1 2 8 3 4 9 5 2
1 1 3 2 1 3 1 1 1 1 6 1 1 4 2 1 2 1 2 1 4 9 2 4 2 2 2 1 3 2 8 1 1 1 3 3 1 1 4 2 4 2 4 1 3 2 1 1 38 5 1 2 2 29 8 2 2 6 38 98 4 1 7 6 2 2 3 2 1 1 1 1 3 2 3 2 1 3 6 14 2 1 1 2 2 1 2 5 1 1 2 3 2 2 1 1 1 2 3 1 29 6 1 2 5 8 2 2 35 16 1 2 1 1 12 2 3 3 1 1 9 1 1 14 6 5 2 20 2 2 1 2 1 2 2 1 1 8 4 2 28 2 6 9 1 2 1 2 1 4 1 1 1 1 2 2 1 3 1 1 4 2 2 3 2 1 2 1 1 4 2 3 3 1 5 8 1 9 1 2 2 1 3 2 2 2 2 7 267 4 5 3 3 2 2 3 2 1 1 2
3 2 1 7 2 3 1 2 1 34 4 8 2 1 5 1 1 3 2 4 32 2 1 3 5 7 27 2 1 6 2 2 1 5 7 2 5 1 2 2 2 7 5 1 3 5 1 3 1 2 20 1 2 1 3 1 2 3 1 2 6 2 34 1 1 2 1 1 3 12 2 5 1 4 1 23 2 2 3 2 5 2 2 1 6 1 8 4 2 5 1 2 1 5 1 2 1 3 1 2 5 5 2 2 8 11 1 13 2 2 1 1 2 2 2 2 67 2 6 2 3 2 84 2 5 5 2 8 2 5 1 2 3 2 3 2 3 2 1 2 11 4 1 3 1 2 1 1 2 1 1 1 1 3 8 3 1 1 2 1 2 2 246 2 2 5 2 3 2 9 2 3 1 2 1 10 2 1 1 1 1 13 1 27 1 2 22 2 2 3 7 1 14 1 1 1 3 1 2 2
2 1 4 7 1 1 9 157 13 5 1 11 2 2 1 8 4 1 1 2 1 6 1 5 1 1 11 2 2 1 2 3 1 2 9 10 4 3 2 2 7 1 4 15 2 1 14 26 1 2 12 1 2 2 4 17 1 1 1 3 2 1 2 2 25 4 1 1 2 1 4 3 1 12 1 2 2 3 85 1 3 1 48 1 7 1 4 5 1 4 1 2 8 1 3 1 1 2 5 7 2 1 1 2 3 1 3 13 1 4 2 1 1 4 2 3 1 2 2 8 1 1 1 1 15 2 1 5 2 1 1 2 1 1 1 6 3 3 1 4 2 1 3 1 1 2 1 2 1 33 2 1 1 1 1 11 1 3 5 2 12 1 1 3 1 10 8 3 2 3 4 5 71 2 5 1 2 1 2 2 1 1 20 1 2 1 2 3 1 4 3 14 2 4 15 1 1 17 1 2
1 1 1 8 2 1 6 5 10 2 3 4 2 1 16 21 7 5 6 3 1 1 4 1 1 2 4 1 4 1 3 3 3 2 4 3 4 3 2 2 2 2 2 3 2 1 1 8 2 1 3 4 1 5 3 1 2 2 1 68 9 1 2 8 1 1 2 86 8 2 13 73 6 1 2 1 1 3 1 66 8 6 2 2 1 3 1 2 1 1 2 6 1 1 2 2 2 1 2 4 1 7 14 3 2 2 1 1 1 4 1 1 2 60 8 4 12 1 1 1 1 5 21 1 2 1 4 1 4 2 6 1 11 2 3 22 2 1 23 10 1 2 1 1 2 1 4 2 244 5 4 2 8 2 8 2 2 1 2 2 1 1 2 5 1 1 1 1 7 17 2 4 2 3 2 5 1 3 2 6 5 2 1 2 122 1 5 7 2 2 12 1 2 6 2 6 7 1 1 6
1 1 10 2 4 2 1 2 1 1 1 3 2 2 2 20 1 1 9 1 2 8 4 1 4 1 1 1 1 2 1 2 2 4 1 1 2 5 5 7 4 1 7 1 2 1 5 1 2 1 2 2 2 4 2 2 1 3 2 3 1 2 2 2 2 1 1 5 22 1 2 3 1 1 1 6 2 2 33 4 91 5 1 1 1 3 3 2 3 2 1 2 2 1 5 2 3 1 1 2 1 1 4 1 1 7 2 4 4 1 2 2 1 7 2 2 1 1 1 1 4 25 3 2 1 1 3 1 112 2 6 9 5 1 3 4 2 2 1 1 1 9 2 13 1 3 1 1 1 1 2 1 1 26 2 2 2 2 5 2 2 4 1 6 5 2 79 2 2 35 2 5 1 3 4 1 4 1 3 2 1 2 2 1 6 2 11 2 3 1 3 1 3 1 1 1 4 14 1 1
3 2 1 2 3 2 1 9 10 6 2 1 8 6 1 5 9 27 1 1 45 1 2 3 24 7 5 1 9 1 3 3 6 2 179 1 5 4 7 1 3 2 1 3 4 3 2 1 2 1 1 19 1 2 4 5 1 1 5 5 1 2 2 2 3 1 2 2 2 1 3 1 8 12 2 2 2 1 3 4 1 2 1 32 2 4 1 5 1 3 2 2 1 3 3 3 2 1 2 2 4 3 1 3 5 4 1 1 3 1 1 34 1 9 12 4 2 9 2 6 2 2 1 1 2 11 18 1 3 1 1 2 4 2 2 1 2 12 3 1 3 4 2 22 3 1 2 1 2 2 1 1 9 2 2 7 5 1 2 1 2 1 1 1 2 2 1 18 1 3 1 8 1 1 3 3 6 1 2 11 2 1 1 18 3 1 5 1 1 2 15 3 27 2 2 2 1 1 2 1
1 3 4 2 1 1 2 8 1 2 3 1 11 1 1 2 2 1 1 1 2 2 14 2 2 2 5 1 2 1 1 3 2 1 2 4 6 1 2 1 2 1 15 2 13 52 4 1 2 2 1 1 2 1 1 5 3 1 2 2 1 1 1 5 5 3 1 1 2 1 1 2 8 2 1 2 166 2 2 2 2 2 9 6 2 3 2 3 1 21 2 1 1 1 1 2 2 1 1 2 1 2 3 2 6 6 1 13 2 3 3 2 1 14 3 1 2 1 1 2 2 5 1 1 6 3 168 1 2 4 3 2 1 1 4 1 2 9 1 2 8 7 1 3 10 5 5 7 1 2 3 1 2 2 1 2 2 3 1 1 2 3 3 3 4 5 2 3 2 2 9 2 1 4 6 5 2 1 2 1 1 2 1 3 23 3 1 2 7 3 2 4 2 3 2 2 2 12 2 2
2 2 2 1 1 7 125 3 2 1 2 14 1 2 2 1 2 2 7 1 5 3 11 1 3 1 9 3 8 2 1 23 3 2 1 2 1 1 3 23 2 1 1 2 1 2 1 2 1 2 2 4 3 1 2 1 2 64 1 2 2 2 3 1 2 3 2 3 1 1 1 1 1 1 3 4 6 2 15 4 1 41 183 10 3 6 1 2 2 1 58 2 4 1 2 2 8 2 5 2 2 1 1 3 2 1 3 4 2 4 1 10 1 2 2 1 2 15 8 2 1 1 3 3 6 1 1 4 1 3 1 1 5 2 5 2 1 1 8 2 6 2 1 2 2 3 2 2 2 1 1 2 7 30 1 1 2 7 2 2 2 1 3 2 2 9 2 1 1 3 3 1 3 4 3 1 2 2 2 2 4 5 1 10 3 2 2 1 2 1 1 1 11 2 2 1 2 5 1 3
10 3 1 3 24 7 1 2 6 5 1 7 2 2 2 1 1 6 9 4 4 1 2 1 4 3 1 4 1 1 3 1 4 9 10 4 1 1 12 1 10 1 5 1 5 15 1 2 1 1 2 3 2 3 2 16 2 1 3 3 6 2 2 2 8 1 2 1 40 1 2 1 1 3 1 1 1 9 4 1 1 2 1 1 2 4 43 3 1 1 1 4 2 6 8 2 1 5 1 1 2 2 1 2 1 7 4 3 7 11 1 19 1 11 3 3 3 1 3 13 1 3 3 1 2 3 2 1 1 4 1 4 3 3 2 56 2 7 3 2 11 1 1 2 3 1 3 2 1 2 2 1 2 2 2 1 1 1 1 6 3 4 5 1 2 2 2 4 3 1 1 3 6 2 6 1 1 4 1 7 38 4 6 153 2 2 6 1 2 27 1 1 3 159 3 6 6 1 5 1
4 1 2 3 1 2 3 4 2 3 14 1 5 4 3 2 14 7 2 1 1 1 2 2 8 1 2 1 1 3 3 1 3 7 22 3 2 4 1 1 1 6 5 3 1 1 6 1 17 2 2 4 2 16 1 2 2 1 3 1 1 11 2 1 3 1 2 1 3 9 1 9 6 3 1 11 4 7 3 1 2 1 1 3 1 1 2 1 4 3 2 1 2 1 17 4 1 7 1 1 2 14 5 2 5 6 3 3 1 7 1 8 1 2 2 4 17 13 1 1 2 2 11 1 2 3 1 1 1 1 2 7 3 7 2 1 2 1 1 11 1 1 1 18 2 4 2 1 15 1 23 4 1 6 3 1 1 1 4 6 9 1 2 1 2 3 26 1 262 3 14 1 2 1 2 1 5 1 2 2 2 4 2 4 1 13 4 2 2 6 1 23 1 1 3 12 3 1 4 2
1 2 4 1 2 1 1 2 5 7 8 3 2 3 1 5 1 2 2 1 3 2 3 20 1 7 1 4 1 1 2 1 2 14 2 5 2 2 2 3 14 1 2 4 2 2 1 3 19 7 9 3 2 1 3 1 8 3 132 2 2 7 2 3 1 2 4 1 3 5 2 7 19 2 1 5 1 2 6 1 21 2 30 1 2 2 3 2 17 2 1 1 4 2 2 2 1 1 3 1 2 2 3 1 1 2 32 1 1 1 6 2 3 1 1 5 1 1 20 2 4 3 2 15 188 1 1 2 2 1 1 17 1 2 1 2 3 2 2 1 5 4 106 1 1 2 13 12 1 3 1 1 2 1 1 8 21 5 1 1 2 1 1 6 13 1 2 4 2 9 1 6 2 1 3 1 1 3 1 3 1 8 4 5 1 11 2 1 2 3 1 7 1 2 1 4 5 4 133 3
2 1 1 15 23 3 3 2 2 1 3 1 1 10 1 3 1 129 1 1 1 2 2 2 5 1 2 1 1 1 1 1 18 2 1 1 18 5 2 1 4 3 13 1 11 6 2 4 1 1 17 1 9 11 1 15 7 1 1 3 2 9 2 2 9 2 2 1 423 2 1 1 1 1 4 6 50 1 1 1 2 2 2 1 3 1 6 3 1 1 2 1 2 6 1 2 2 2 1 1 1 5 6 2 1 2 2 3 1 1 68 2 2 1 5 2 2 4 1 4 3 6 1 1 2 1 2 2 1 1 4 2 3 2 2 1 1 1 69 12 2 1 2 23 4 2 1 2 1 3 2 4 2 5 3 2 3 1 1 1 2 2 1 2 1 3 1 1 5 3 2 3 1 4 2 2 2 9 12 2 1 1 3 2 207 2 1 1 3 1 4 2 2 1 5 132 1 1 1 3
1 36 1 3 2 3 6 2 1 3 1 1 3 3 14 2 2 1 1 5 5 1 2 2 2 1 2 2 1 384 1 2 2 2 2 11 3 2 3 5 2 7 9 10 5 7 5 3 6 1 2 7 2 32 4 2 1 3 1 1 2 1 2 1 1 1 18 1 26 4 5 1 2 2 2 1 61 2 15 2 1 2 1 2 2 1 2 2 4 1 2 2 1 1 1 4 5 9 2 3 2 2 2 2 3 1 2 5 6 1 3 3 2 6 7 1 2 1 2 10 9 42 1 2 6 10 2 2 5 1 1 31 2 7 2 3 3 1 2 2 3 1 2 8 2 2 1 1 2 2 3 3 2 48 3 1 1 3 1 2 2 4 3 1 3 2 1 1 2 1 3 5 4 1 1 3 1 1 4 3 8 3 2 3 1 1 4 2 14 5 10 1 1 1 1 4 1 5 1 3
1 2 3 3 2 1 17 6 1 2 3 2 2 9 5 2 2 8 4 1 3 19 2 4 2 1 2 2 3 1 4 4 5 2 2 1 2 19 1 1 2 3 14 3 1 4 1 1 2 5 2 1 1 1 3 2 2 3 1 2 15 19 22 2 12 2 1 2 4 3 1 2 2 2 2 1 5 10 1 1 1 1 4 20 1 14 3 4 3 1 2 5 2 1 3 1 1 3 4 3 3 1 3 108 1 2 2 4 1 2 5 2 5 1 28 4 4 8 2 3 2 2 4 6 7 1 2 11 6 2 1 2 6 1 2 2 1 2 17 3 1 2 1 3 2 1 1 9 1 2 12 1 1 7 3 1 1 2 6 2 2 1 4 1 1 1 9 1 2 3 1 1 6 4 15 1 1 4 1 1 1 1 1 1 3 1 2 1 2 20 3 12 3 10 2 2 9 2 2 1
11 2 3 2 3 6 3 2 2 1 14 5 19 5 1 2 3 1 3 1 4 3 1 5 1 7 1 2 1 2 2 29 5 1 1 1 1 1 1 1 1 5 4 6 1 1 1 1 11 3 2 5 2 2 3 1 1 2 1 2 4 1 1 21 277 5 3 3 4 2 1 8 101 1 3 2 92 6 3 2 5 4 7 6 5 2 11 2 4 2 3 17 2 1 2 2 3 1 4 1 1 1 1 3 2 2 1 23 3 2 12 3 2 1 1 1 1 2 2 6 13 13 2 2 1 2 3 3 2 2 3 3 3 1 2 51 2 1 6 2 2 1 13 2 5 1 1 10 3 3 2 10 1 1 16 4 1 24 1 1 1 2 11 2 2 2 8 2 18 3 2 3 4 12 2 1 6 12 2 3 3 10 2 2 1 2 1 2 4 1 1 1 23 6 19 3 1 3 2 4
2 6 2 1 1 22 1 9 1 1 1 3 4 1 2 6 1 2 2 2 8 4 1 2 1 3 2 2 1 2 1 158 18 1 16 1 2 2 15 1 2 4 1 2 1 177 1 7 2 75 15 2 3 3 1 21 14 8 2 6 3 4 2 99 2 1 2 9 1 6 1 8 1 11 5 42 2 4 3 2 8 1 2 3 4 34 1 1 2 1 3 7 2 3 4 1 3 1 1 1 3 2 2 1 3 1 1 2 4 13 16 22 41 2 2 2 4 5 3 6 2 1 2 4 1 5 9 3 2 1 4 1 26 28 2 1 2 15 1 1 1 2 2 1 2 2 8 3 54 90 2 1 8 1 4 3 12 2 1 4 2 11 2 12 2 5 1 1 1 4 9 5 1 1 4 3 1 1 1 2 1 3 1 1 1 1 1 2 1 4 2 4 2 1 1 1 1 1 1 6
9 2 1 2 2 5 1 1 4 1 2 3 4 3 3 25 24 2 1 2 3 2 1 70 1 2 2 3 5 1 2 2 8 4 6 2 2 10 2 3 3 2 3 1 1 3 3 1 3 6 1 4 2 4 1 4 1 2 1 3 1 2 39 2 2 1 2 2 1 1 1 1 3 1 5 4 4 2 4 5 2 7 1 9 7 2 1 2 3 2 1 1 2 15 3 1 12 1 4 1 2 26 1 1 3 2 2 1 2 4 1 1 8 1 2 1 4 2 2 3 1 5 5 8 1 2 1 2 2 1 2 1 1 2 7 6 2 5 2 2 3 8 1 3 3 2 2 2 4 2 3 2 1 1 1 3 1 1 10 13 3 2 12 1 2 5 2 1 3 20 2 5 1 2 2 2 1 3 4 1 1 2 2 2 1 1 2 2 2 4 2 1 7 2 1 28 1 3 1 2
1 19 3 3 3 1 3 2 2 5 4 1 2 2 1 1 3 3 1 1 72 1 2 4 1 1 2 1 2 5 5 3 17 5 1 1 2 2 3 3 1 12 1 31 9 2 1 2 2 6 3 9 1 2 2 34 7 5 1 1 2 5 1 3 2 2 1 4 43 2 4 2 1 4 2 12 1 1 1 5 1 1 2 1 2 2 1 8 1 2 10 1 4 2 3 5 63 2 2 1 2 15 1 6 1 2 1 2 5 3 2 6 7 4 1 2 1 1 2 2 3 7 2 5 1 2 6 2 1 1 4 1 1 1 27 1 1 2 1 2 1 2 2 2 3 1 3 5 2 2 1 5 7 6 1 2 1 8 1 3 19 3 2 3 10 3 73 170 5 4 1 1 1 13 3 4 4 2 3 7 2 3 3 1 4 1 1 3 4 4 1 2 7 1 2 3 1 11 15 1
1 1 2 4 1 1 1 3 2 9 1 4 1 11 4 1 27 2 6 8 19 1 4 1 6 1 2 1 1 1 1 2 3 4 1 1 2 4 1 71 2 4 96 1 13 1 1 3 2 4 1 2 3 4 2 1 75 2 4 7 2 32 16 6 5 8 3 2 14 1 23 1 2 3 1 6 2 1 1 1 9 2 2 7 1 1 1 1 2 1 1 2 2 1 3 1 1 2 2 1 3 7 2 25 1 6 1 2 1 4 1 1 4 4 2 2 6 26 8 2 1 4 1 1 2 2 1 5 4 2 4 2 1 1 2 2 1 4 2 1 1 2 5 1 5 5 14 2 7 5 24 2 4 2 1 5 2 3 2 2 4 2 5 4 1 6 2 14 2 1 2 1 16 19 17 1 1 3 1 1 1 13 1 4 1 2 5 1 4 1 2 3 1 5 7 4 1 1 2 2
2 2 3 2 2 9 1 1 4 2 4 2 2 10 1 4 1 6 1 2 3 1 2 1 4 1 6 362 8 3 1 3 5 2 3 14 2 1 2 4 5 2 4 5 3 9 27 1 1 7 1 3 10 2 4 4 1 1 5 1 2 14 1 2 2 1 2 1 1 1 1 1 2 2 23 1 5 3 1 1 2 2 1 1 1 2 5 8 2 4 4 2 2 1 6 4 1 7 6 1 1 2 3 6 3 1 1 1 11 3 17 12 7 2 2 2 2 1 4 5 10 6 2 4 2 3 1 3 2 1 2 5 1 5 8 1 1 5 2 3 1 2 1 10 2 1 1 3 5 3 1 2 2 4 2 1 2 2 2 2 1 2 2 3 2 2 1 4 1 2 2 1 6 3 1 10 3 2 1 3 3 1 2 11 16 1 52 11 1 1 2 2 1 7 1 5 1 2 4 3
1 8 2 4 2 8 17 1 1 17 2 1 1 1 1 3 2 2 3 1 4 1 2 2 7 7 1 14 3 1 2 8 1 4 2 2 1 3 1 37 8 1 2 3 3 1 2 1 2 2 3 3 2 3 1 1 40 12 1 9 7 1 8 1 2 2 2 1 1 1 1 12 2 5 31 1 3 13 1 2 1 3 1 3 15 3 1 1 1 1 4 1 1 2 4 2 1 1 2 3 1 20 2 2 1 8 7 2 1 1 1 1 2 1 4 4 2 6 1 2 6 6 25 1 3 2 1 2 2 2 3 2 4 1 1 4 8 1 2 2 3 1 7 1 1 1 1 20 1 4 4 4 1 5 2 9 2 4 4 2 1 58 1 1 9 1 1 2 1 1 5 2 1 2 6 3 2 1 2 2 2 1 4 2 9 3 2 8 2 6 3 1 1 3 1 1 1 3 4 3
1 4 2 1 63 1 1 1 1 1 4 19 1 2 8 1 19 2 1 1 1 8 1 2 12 16 1 2 2 2 2 3 41 1 69 3 2 3 12 2 3 12 1 11 7 1 1 1 73 17 1 3 19 1 9 11 4 1 18 2 5 1 4 1 4 3 4 3 4 1 1 1 4 1 1 8 7 1 41 4 2 3 1 2 1 5 3 2 2 1 1 1 3 1 2 2 2 2 3 1 5 1 1 3 6 1 1 1 4 3 1 1 2 4 2 1 2 1 1 2 2 1 1 2 20 4 2 4 38 2 1 2 6 1 2 2 1 2 2 2 3 3 2 2 3 3 3 2 1 2 1 2 1 11 5 1 3 2 9 1 2 2 2 1 2 8 2 1 2 18 7 2 8 2 2 16 16 2 1 2 1 2 3 1 1 1 2 14 1 1 2 1 15 1 3 2 2 7 7 31
3 1 1 4 3 1 3 3 3 5 1 2 1 4 4 3 2 2 1 3 2 3 2 4 1 2 3 5 1 2 1 1 8 3 1 1 2 67 1 2 7 4 2 1 2 1 2 3 5 19 3 2 4 1 2 2 4 6 1 14 2 2 1 1 6 2 4 2 3 2 7 2 2 2 3 1 3 6 5 1 1 4 4 1 1 9 1 2 10 2 5 3 8 1 9 2 175 5 1 2 8 19 1 1 2 6 3 3 2 2 6 1 2 1 11 18 3 2 1 1 2 2 2 1 3 4 6 2 1 1 2 1 22 2 1 3 1 1 1 4 15 17 163 8 1 2 1 3 1 8 2 3 1 2 1 1 5 2 1 1 2 1 9 1 9 2 4 5 20 2 1 2 2 1 3 2 2 3 2 2 3 1 2 12 10 2 2 3 6 1 1 1 1 4 8 2 1 2 1 3
1 1 13 3 68 1 2 4 9 1 1 5 2 3 1 2 2 1 7 3 2 13 1 2 1 2 2 2 2 2 4 1 6 3 2 1 1 1 80 2 1 1 2 3 4 1 1 2 1 6 4 1 31 1 19 2 2 1 4 4 1 12 1 2 1 14 2 1 2 2 1 1 2 1 15 14 9 1 18 3 1 10 3 5 1 1 3 1 3 2 42 2 2 2 1 1 13 12 1 1 9 14 3 26 1 3 1 4 1 7 2 4 1 3 4 2 1 2 5 5 5 5 11 2 1 1 1 4 2 1 1 3 21 5 2 72 32 1 1 1 39 2 6 1 1 5 20 2 1 1 1 3 3 2 2 2 2 2 3 9 6 1 1 2 4 1 3 6 9 2 1 1 1 1 2 2 1 1 2 2 3 20 2 1 1 4 3 2 7 41 4 11 6 4 6 299 1 1 2 2
2 4 2 2 7 1 1 3 2 2 8 2 4 14 19 4 3 1 13 3 2 1 1 4 5 2 3 1 33 1 3 5 1 2 4 2 2 8 14 15 2 18 2 3 3 1 3 3 20 4 5 3 7 2 1 1 7 2 2 88 1 1 2 44 2 4 1 4 5 2 10 6 2 7 2 2 2 1 5 1 12 3 1 6 17 2 2 3 12 6 1 1 2 7 2 4 2 10 1 5 1 3 4 7 1 13 1 6 2 1 5 2 1 1 2 1 32 1 4 6 4 3 1 1 2 2 1 9 2 1 3 11 3 2 1 1 2 2 3 2 1 2 3 6 1 12 1 4 2 3 1 2 1 2 2 8 1 1 1 16 2 2 4 2 5 10 2 1 19 1 2 2 2 2 2 1 2 2 9 2 2 42 1 1 1 1 11 2 1 1 2 1 27 2 3 1 1 1 4 11
2 1 62 77 7 1 1 2 2 5 2 18 2 4 6 2 3 2 3 2 1 2 4 2 1 3 2 1 1 7 2 2 2 4 1 2 8 8 1 3 44 23 2 4 3 2 4 59 11 2 1 2 3 1 1 2 3 2 1 2 1 15 1 2 6 92 2 1 3 1 7 2 1 9 1 1 187 4 2 1 1 37 1 1 1 2 1 3 1 1 5 4 2 1 6 2 3 2 24 1 4 2 2 2 1 40 3 2 1 1 1 1 1 4 10 4 1 56 7 3 1 7 4 1 2 1 2 6 2 2 1 2 8 30 1 2 3 1 1 17 26 3 1 1 186 23 28 1 6 1 4 1 5 1 1 1 1 3 5 1 1 2 1 6 1 4 2 1 1 1 1 2 2 2 1 3 2 4 2 53 1 4 1 2 2 4 1 22 3 1 3 6 4 24 50 4 3 1 2 3
13 1 1 20 1 2 2 2 1 2 1 1 2 6 9 2 1 2 2 6 1 2 1 2 1 2 3 2 2 4 2 1 1 3 2 1 5 1 2 3 2 6 1 2 3 1 35 1 2 1 13 1 4 2 2 2 1 1 4 2 2 1 3 1 2 3 1 2 2 3 1 1 3 2 2 8 1 1 1 1 8 1 5 11 30 57 1 12 3 1 1 1 1 51 1 3 3 5 13 1 80 10 18 4 1 1 1 60 1 1 2 1 3 2 2 1 1 6 1 1 3 1 1 4 1 1 7 1 1 17 2 1 34 1 3 20 1 4 2 7 1 3 3 1 2 1 2 6 1 1 1 1 2 30 2 3 6 2 3 3 4 2 1 22 13 3 1 2 1 1 2 39 2 3 4 1 1 2 1 2 5 3 15 2 3 2 2 2 2 6 1 1 2 2 4 8 2 10 3 2
15 3 1 4 3 4 1 2 1 6 3 2 1 6 4 1 2 1 2 2 2 16 1 1 2 3 1 2 1 3 12 4 2 1 1 1 6 1 12 3 3 1 2 2 1 5 14 1 31 6 5 1 1 2 2 6 1 5 4 1 1 5 1 90 2 1 1 2 8 2 2 1 1 1 1 1 4 1 1 1 3 2 1 2 1 1 16 3 9 2 5 2 5 1 5 1 12 1 1 1 3 3 4 2 1 1 3 1 3 2 2 1 1 5 4 2 3 1 16 5 1 6 2 3 1 2 3 1 375 3 2 2 1 2 3 4 3 1 1 2 2 2 2 3 3 8 1 5 2 1 4 3 27 2 5 41 21 7 1 2 1 6 2 4 1 4 1 1 6 8 9 1 10 2 2 3 1 6 6 4 1 1 1 1 5 1 1 2 2 2 10 1 6 12 3 2 4 2 1 1
2 2 3 1 6 1 2 2 1 4 27 1 6 1 2 2 2 3 1 2 2 2 4 2 2 2 3 34 2 8 12 28 1 8 1 6 4 2 1 5 2 4 6 29 1 30 3 1 1 149 2 2 9 4 1 2 1 2 1 3 1 1 2 6 2 2 8 1 3 46 2 1 32 1 1 2 2 1 1 4 1 6 487 2 1 5 25 1 1 1 1 1 1 2 1 2 5 7 4 1 1 1 1 2 35 2 3 6 1 1 2 1 1 2 3 4 2 2 4 2 1 7 3 2 2 1 1 15 1 2 2 5 1 1 1 1 1 1 3 4 2 3 6 3 2 10 1 6 2 5 4 2 1 2 4 2 1 2 2 3 2 10 1 3 1 8 3 1 4 400 36 7 1 1 2 2 1 6 1 2 2 1 2 6 4 2 4 4 1 3 1 27 1 1 1 3 2 1 3 7
2 1 1 8 2 1 2 3 1 1 1 8 5 1 2 2 2 1 1 1 6 2 1 1 1 4 6 1 1 2 2 1 3 1 1 2 2 1 4 9 2 1 2 3 31 2 1 1 1 4 1 5 3 2 6 1 4 2 13 1 5 1 2 1 2 6 3 2 12 4 2 1 4 1 1 3 2 1 1 2 1 4 2 2 2 2 2 23 6 3 6 43 3 3 47 1 1 57 1 5 2 2 5 2 4 1 2 3 4 2 5 1 1 2 6 1 1 2 1 2 2 1 6 1 1 5 3 3 4 1 5 1 4 5 2 1 6 1 7 1 2 4 3 3 1 11 2 2 5 1 5 1 2 3 3 2 3 3 1 1 1 1 2 2 1 1 3 1 3 1 1 1 1 1 5 98 3 9 2 74 2 1 2 3 3 1 2 1 3 7 2 1 2 1 1 3 4 6 11 2
4 6 4 1 1 2 2 6 5 2 1 259 4 7 2 2 1 2 3 8 1 6 3 1 2 11 2 2 1 39 3 7 2 3 1 1 4 2 2 201 2 4 6 1 2 1 1 2 2 3 1 2 1 46 2 1 2 1 1 1 2 1 17 1 1 61 2 2 1 7 2 26 1 41 3 1 3 1 4 1 25 1 2 2 1 1 1 1 2 3 1 2 2 4 10 1 2 1 4 1 2 4 1 2 12 6 1 1 25 22 19 1 1 2 2 1 1 9 1 2 3 2 11 2 3 12 1 2 1 1 2 1 2 1 1 5 2 4 2 2 1 1 2 3 1 1 3 1 2 1 7 2 3 1 1 4 2 1 2 3 6 2 2 5 2 2 2 4 2 2 2 1 1 1 42 1 2 20 4 2 17 9 2 2 2 6 5 2 1 6 1 2 2 1 1 2 1 1 1 1
25 273 1 1 2 23 37 264 2 1 2 5 2 1 2 1 2 2 5 3 1 1 3 1 2 5 1 2 1 2 1 1 2 1 2 1 11 1 2 4 1 4 3 1 1 2 1 1 3 2 3 1 3 1 4 2 1 10 2 8 4 2 2 2 59 26 1 1 3 2 1 3 7 2 1 4 2 1 2 1 1 3 1 1 1 3 1 1 4 2 8 1 2 1 2 2 2 8 1 8 1 22 2 4 3 7 4 5 3 1 1 1 2 3 11 1 2 1 4 1 1 5 9 2 2 1 5 2 4 2 1 1 1 3 2 7 1 1 3 12 2 1 3 21 2 1 7 4 1 2 29 1 1 10 7 3 11 4 3 6 1 5 1 1 1 3 1 2 3 1 4 5 1 2 4 1 1 1 7 1 12 4 18 2 2 18 13 1 2 1 17 2 4 3 1 8 1 22 3 1
11 1 3 6 2 3 2 2 156 19 12 3 16 1 2 2 2 16 1 2 2 1 2 10 1 4 2 3 8 2 1 4 2 8 1 9 1 3 3 7 1 2 2 2 2 9 1 4 13 1 1 2 2 3 2 3 2 1 3 1 2 29 1 10 1 2 29 16 7 1 14 1 3 2 1 2 5 1 1 2 1 1 6 4 2 1 2 4 2 2 13 3 4 5 2 3 1 4 2 1 2 1 5 2 7 3 2 1 1 2 7 2 1 3 2 1 5 41 2 1 1 1 2 1 60 2 2 4 17 1 2 42 2 1 16 1 2 9 2 1 1 1 6 4 2 9 1 1 4 3 1 2 1 3 1 2 2 1 1 2 1 4 1 1 2 1 2 2 2 2 13 1 1 5 25 1 1 2 2 1 4 104 4 4 20 1 2 2 2 2 2 15 5 2 1 2 2 1 1 2
2 3 63 3 9 8 2 1 1 9 2 1 2 2 3 2 1 3 1 3 2 4 7 28 3 4 1 2 2 3 1 2 1 2 2 3 1 3 1 1 1 1 4 1 2 2 2 3 1 3 1 1 1 1 2 1 2 2 3 7 30 24 1 1 35 1 1 4 1 4 1 2 49 1 1 2 2 3 1 2 3 1 1 1 3 3 1 4 18 2 1 1 13 2 2 2 1 11 3 7 3 89 2 2 2 1 2 16 1 1 1 3 9 2 1 2 2 5 2 1 32 1 2 1 2 2 33 1 1 2 5 1 4 1 1 3 1 11 1 2 5 5 3 2 23 1 1 3 3 1 2 2 1 2 1 1 2 3 61 26 11 3 3 1 14 4 3 5 6 1 3 1 3 8 1 2 2 2 1 4 2 2 6 4 3 3 3 8 1 1 2 5 1 2 1 1 2 1 3 1
6 2 2 1 2 1 4 7 160 1 4 107 4 1 3 2 1 2 1 1 3 1 2 3 2 2 2 10 3 2 3 1 2 2 2 1 2 2 4 14 1 2 2 1 1 2 7 9 2 6 21 2 1 1 2 1 1 7 2 3 1 1 1 1 1 2 1 1 2 1 8 5 5 2 2 13 6 12 1 1 18 3 1 3 7 1 3 2 6 1 1 4 3 22 13 7 2 30 5 2 3 2 1 5 2 2 2 1 12 1 1 2 3 47 2 1 7 6 2 1 3 1 1 3 2 1 1 3 5 2 3 11 1 21 3 31 1 2 1 1 8 9 1 3 18 1 2 2 1 9 4 2 14 1 1 2 2 2 1 24 2 1 6 1 8 2 6 14 4 5 1 4 2 6 2 1 1 1 4 346 1 1 2 1 1 4 2 1 1 1 2 1 1 15 1 3 5 2 7 1
1 1 2 2 2 3 1 2 62 4 2 96 19 13 1 1 21 2 1 1 9 2 4 9 2 7 1 1 10 2 4 5 1 1 6 2 5 1 1 2 2 4 7 3 8 4 1 2 1 2 1 1 1 1 2 3 2 2 1 3 66 2 1 1 2 7 1 2 2 1 2 2 5 462 3 6 8 2 2 3 2 5 1 3 2 3 2 19 10 2 2 2 1 1 8 2 61 3 1 1 20 3 4 5 8 1 2 54 2 2 1 1 1 1 5 8 2 2 82 3 1 1 2 6 2 5 2 1 6 1 4 1 1 1 1 1 2 24 1 26 3 2 44 1 1 1 6 3 7 2 1 2 1 2 2 14 2 1 2 2 5 1 1 1 32 3 1 1 2 6 1 6 15 4 2 2 4 2 2 1 5 1 1 1 2 4 1 1 2 6 1 2 1 3 3 1 2 4 2 4
2 2 2 1 1 130 4 1 1 2 2 1 3 2 4 2 1 1 1 3 4 2 7 3 1 2 6 1 2 1 3 5 1 2 1 4 1 1 1 225 3 11 2 1 4 1 2 1 2 1 4 19 2 1 1 26 10 2 1 6 1 2 1 2 3 15 2 3 2 1 20 2 2 7 1 3 2 2 4 1 1 1 3 1 3 7 3 2 3 13 28 2 2 1 10 2 5 1 1 1 2 2 2 2 1 1 16 1 9 3 1 1 2 1 5 1 2 11 1 1 5 1 2 2 12 1 1 5 2 1 1 1 1 1 2 1 9 6 2 39 2 1 1 6 2 2 1 2 7 2 3 15 6 3 6 1 1 8 1 5 1 12 2 10 29 1 3 2 1 1 4 1 1 15 11 1 6 2 2 12 3 15 3 6 4 3 3 4 3 3 2 5 6 1 3 17 8 8 1 1
1 2 1 6 1 33 3 2 10 1 2 2 9 28 2 2 5 5 2 4 2 2 3 7 2 2 3 2 1 2 4 6 2 1 1 1 5 2 2 1 5 2 3 3 3 3 1 1 17 1 1 1 5 2 3 3 1 3 2 4 2 2 9 1 6 3 2 2 17 15 1 5 7 3 1 5 1 2 2 1 1 27 5 1 2 1 1 13 1 1 1 5 9 4 1 2 9 1 1 2 6 6 1 11 1 2 8 1 1 3 2 17 2 2 2 3 1 3 3 6 3 2 2 2 3 1 2 1 2 4 1 7 1 2 2 1 1 1 1 3 2 1 1 14 3 6 3 1 2 1 4 2 4 1 2 2 2 2 2 2 3 1 14 1 2 1 1 1 1 1 12 2 4 1 1 2 1 4 1 3 1 8 4 4 1 1 1 3 2 13 3 1 2 1 45 7 2 24 1 1
3 4 4 2 2 2 2 3 5 1 1 1 4 2 4 1 49 2 1 3 5 2 3 4 1 1 2 12 2 26 1 10 13 3 6 3 10 1 1 1 1 9 1 1 3 1 2 2 5 2 3 2 32 3 3 3 2 14 1 5 1 45 10 30 1 3 2 1 8 1 1 61 1 37 1 2 2 5 3 2 2 7 1 1 3 1 2 4 4 5 3 1 1 3 1 2 3 41 2 1 8 1 3 7 2 2 1 2 1 1 1 1 5 83 2 1 1 2 1 1 3 2 1 30 2 2 2 1 3 16 1 3 1 6 42 1 21 5 5 1 12 1 18 1 15 8 1 1 7 3 9 1 1 1 12 5 10 1 1 1 6 2 1 1 1 2 7 1 1 1 28 1 3 1 1 2 2 2 1 4 6 1 1 1 2 20 1 17 10 1 1 20 3 3 4 2 2 3 6 1
1 1 2 5 1 3 1 8 20 2 1 1 4 2 3 34 2 3 2 1 1 2 1 9 1 1 2 1 1 2 6 3 12 1 1 1 15 2 1 1 136 1 2 1 3 4 1 2 2 35 1 3 1 1 1 6 30 9 5 2 1 1 1 11 4 2 7 3 1 2 1 2 2 1 1 1 1 1 2 9 1 1 3 12 2 3 2 29 4 5 1 6 28 3 1 4 2 2 1 2 1 2 9 1 5 2 3 7 1 4 7 3 1 1 2 107 2 5 2 2 4 2 2 1 1 2 3 1 4 1 1 1 17 6 1 3 4 1 1 1 10 1 16 1 7 1 1 1 2 2 1 5 3 1 29 15 1 20 2 1 1 4 52 1 1 1 2 2 3 3 4 10 2 2 5 1 1 3 2 1 3 1 3 1 9 1 3 2 2 2 2 5 1 1 1 3 1 2 2 1
3 7 4 1 3 2 1 4 1 1 2 2 1 4 6 20 1 3 3 1 1 1 4 2 1 2 2 8 2 4 1 3 3 2 1 6 1 17 42 1 1 1 4 1 1 2 8 72 1 1 2 4 2 2 2 1 1 2 3 1 8 3 1 2 7 13 2 16 7 1 11 11 1 262 4 19 6 12 1 1 1 12 49 15 10 52 2 3 5 1 2 5 1 3 4 1 1 5 12 4 74 408 1 9 1 1 1 1 2 3 22 1 1 2 2 1 1 4 1 5 1 5 7 7 4 1 1 16 1 2 3 3 1 5 3 3 1 2 2 3 1 1 2 1 165 1 3 7 1 1 2 1 8 4 5 1 1 4 12 5 2 6 3 1 1 1 3 2 11 2 1 1 2 12 1 2 1 5 37 1 4 1 1 1 43 1 2 3 1 6 2 1 120 7 1 1 7 3 2 1
1 3 1 29 1 4 15 1 2 20 4 1 1 1 165 1 1 1 3 11 1 1 2 9 8 35 1 2 1 1 3 3 2 1 1 2 1 3 12 6 4 2 1 1 1 3 2 1 4 4 6 1 30 2 7 1 2 2 2 3 10 2 2 1 2 1 2 1 1 1 1 2 35 3 9 1 1 3 5 2 5 2 3 2 10 13 2 1 5 296 1 1 9 2 5 1 1 2 2 1 1 10 2 1 4 1 44 1 2 2 1 2 5 2 17 3 3 2 1 1 4 2 2 6 1 7 20 1 4 2 2 1 4 2 3 1 1 2 4 3 8 2 4 2 3 3 2 2 1 1 1 3 1 1 18 12 1 1 1 9 1 13 1 2 22 9 2 2 17 4 2 2 1 2 6 17 2 7 1 35 184 2 2 3 4 2 4 1 5 2 2 3 24 2 2 2 4 8 1 3
1 26 2 3 7 4 2 1 1 1 2 1 2 2 1 3 2 1 2 1 6 10 1 2 2 42 2 7 1 1 1 1 2 1 4 4 12 1 2 5 3 2 1 3 3 1 1 2 2 8 2 2 1 2 2 1 1 1 3 3 4 2 2 2 1 2 5 9 3 1 4 51 2 79 4 1 1 1 14 2 2 1 1 1 2 2 2 1 7 11 4 1 1 7 2 1 3 2 2 1 2 2 1 2 19 6 1 2 23 1 9 1 2 2 6 2 2 3 1 5 1 1 1 217 8 1 3 11 3 1 1 12 1 1 2 3 2 2 2 1 3 1 1 4 4 1 1 1 1 1 3 3 2 1 1 1 9 3 4 1 2 6 1 2 3 2 2 1 2 1 4 2 5 2 1 6 2 3 1 4 1 1 5 3 1 1 2 1 2 1 1 2 1 2 2 1 5 28 2 2
3 68 1 1 2 1 1 1 2 17 2 2 1 2 5 1 36 1 6 1 3 1 1 2 2 4 1 1 9 1 1 1 2 6 2 2 1 3 2 1 1 3 2 10 1 7 9 1 206 1 2 9 2 200 1 2 6 1 1 1 3 1 2 1 1 3 1 1 1 12 3 1 2 7 1 1 2 3 1 10 1 2 4 1 3 7 1 3 1 4 1 3 1 4 3 1 7 2 1 5 1 1 2 1 2 1 28 1 56 1 2 3 1 6 1 1 1 1 1 1 1 3 1 8 2 2 2 5 1 3 2 30 2 21 3 2 2 2 1 4 3 1 5 3 1 4 2 3 1 1 5 2 1 19 1 4 14 8 3 3 1 56 5 4 6 1 6 3 16 2 1 3 17 2 1 2 4 1 2 1 1 1 1 2 3 33 1 1 1 1 2 7 1 3 1 2 2 1 5 1
2 116 14 3 10 3 1 1 1 4 2 4 2 1 1 1 2 7 2 134 2 1 3 3 1 9 43 2 6 1 1 1 2 2 1 1 1 6 4 1 1 1 1 4 1 1 2 2 3 1 3 2 14 1 3 4 7 4 7 1 7 2 4 2 1 34 3 3 1 2 2 2 3 1 6 2 2 3 15 2 3 2 5 2 11 6 5 7 1 1 1 53 3 2 2 13 1 33 2 2 2 2 2 1 64 1 3 2 2 1 1 1 2 1 2 1 1 44 41 2 5 2 2 1 1 2 6 1 8 87 283 1 3 2 3 1 1 2 2 7 63 5 3 1 6 1 2 7 2 4 1 2 8 2 3 2 1 21 1 10 1 95 1 2 3 2 6 2 2 1 6 1 1 3 2 9 1 2 4 1 1 2 330 3 1 4 2 1 1 1 2 1 3 7 9 1 12 2 2 1
8 1 1 2 4 2 2 1 15 1 6 4 2 1 1 2 2 1 1 1 1 3 1 10 2 23 1 6 2 15 3 1 2 2 2 2 2 1 3 19 2 1 4 1 5 5 2 3 2 1 16 2 1 1 2 1 1 5 1 403 1 6 3 2 1 2 1 1 1 1 2 3 1 12 12 1 2 2 2 1 2 1 1 1 6 109 2 1 1 1 1 5 1 2 2 1 2 2 5 1 2 2 1 128 23 2 1 32 7 2 4 6 42 1 2 1 3 8 59 1 5 2 1 6 1 1 1 1 5 10 1 4 7 2 2 3 2 6 4 11 2 5 2 1 42 218 11 5 2 4 1 2 2 2 1 2 2 2 2 54 37 2 1 1 1 3 4 3 1 2 3 2 5 1 14 9 2 3 1 2 3 2 2 19 1 1 14 1 1 10 2 2 5 5 23 13 1 13 1 2
2 149 1 2 4 1 1 2 6 2 2 1 2 3 1 5 5 3 3 1 1 3 1 12 2 6 10 2 2 5 4 5 1 3 3 15 1 10 5 1 2 19 1 2 1 2 2 4 1 6 3 1 1 4 1 2 2 1 2 2 6 1 7 3 2 3 1 1 8 2 1 121 3 3 3 5 1 10 1 1 19 1 2 3 1 3 11 2 1 3 3 2 4 1 1 1 5 1 2 1 1 1 2 2 1 2 2 2 1 13 2 1 4 2 2 2 10 19 1 2 1 1 2 50 2 1 1 3 2 2 9 1 8 5 1 4 1 1 52 13 11 2 1 2 5 1 3 1 1 1 4 2 2 1 156 6 7 2 4 4 1 2 2 2 2 1 5 1 2 3 2 2 3 2 3 1 1 1 2 7 1 3 2 1 3 2 1 1 7 2 1 2 2 2 2 78 1 1 3 1
4 15 2 9 11 3 10 6 5 3 1 5 2 3 1 1 2 1 2 1 2 5 2 2 3 2 1 1 2 5 2 10 4 1 1 1 3 2 84 1 1 2 2 1 1 89 13 3 7 1 5 2 6 11 9 2 127 14 2 7 4 4 1 1 2 2 1 4 1 2 1 3 2 1 2 7 2 1 14 1 1 22 22 2 1 5 2 2 6 2 17 1 3 2 1 1 1 5 4 1 1 4 16 1 2 5 1 1 6 2 4 55 65 2 2 1 1 1 1 2 1 1 3 2 2 5 2 6 3 2 1 1 1 17 4 3 2 2 1 3 1 3 35 2 1 2 2 1 1 3 5 5 2 174 7 153 2 7 7 1 2 2 2 1 2 1 1 1 2 4 83 2 17 1 2 1 4 1 2 2 1 8 2 3 2 3 1 6 2 3 15 2 10 2 13 13 2 5 2 2
1 1 2 5 1 3 1 2 1 4 3 4 2 3 2 3 5 2 3 4 2 1 1 2 2 1 5 1 35 4 3 2 2 1 3 1 4 2 4 2 1 1 6 1 1 1 11 12 1 2 2 2 8 2 2 2 46 9 2 1 2 1 4 1 2 2 1 18 5 7 1 1 12 7 1 2 6 1 1 1 1 4 1 1 3 3 1 2 2 2 7 1 3 13 1 6 6 3 1 1 1 2 1 5 4 1 1 2 1 4 1 2 2 3 12 189 3 2 1 13 2 3 3 2 7 31 2 3 6 1 1 3 3 1 6 2 1 1 90 1 1 1 1 6 1 5 2 2 1 5 3 1 2 2 8 4 8 2 1 6 1 2 2 3 2 2 3 2 3 1 3 2 3 1 2 2 1 1 29 2 123 6 1 2 2 2 20 2 4 2 30 2 1 5 1 4 1 6 1 2
4 27 2 2 2 10 4 1 2 1 1 4 1 2 3 1 2 2 1 16 14 22 5 15 3 1 1 3 26 1 2 15 2 2 4 4 8 1 6 12 1 1 1 2 5 1 3 2 3 1 2 2 1 1 24 13 2 19 2 4 2 1 1 2 8 2 1 3 1 1 1 5 2 1 2 4 5 2 1 2 2 2 3 1 2 2 3 1 4 1 6 2 6 5 1 1 2 9 1 8 1 1 2 4 1 2 11 3 2 3 8 1 3 1 2 3 3 2 2 47 1 2 78 1 2 3 1 3 15 6 1 2 2 1 1 1 5 1 3 2 1 4 6 15 1 2 3 5 1 2 2 2 1 1 4 1 1 11 1 2 5 1 3 16 3 1 12 7 1 1 4 2 1 1 2 3 2 4 2 3 2 1 4 5 4 4 9 2 1 3 47 2 2 3 1 1 4 2 1 7
5 2 1 9 2 2 2 145 1 1 1 1 1 1 7 2 3 3 1 1 1 1 2 5 21 16 1 1 3 2 12 2 4 4 4 3 2 1 3 2 1 2 1 1 3 3 2 14 7 1 5 1 4 15 1 2 2 3 3 5 2 1 1 18 6 30 1 10 4 4 1 2 5 4 4 3 3 5 5 3 3 2 1 2 1 3 1 1 1 1 12 1 16 5 4 1 2 2 10 16 1 1 2 4 3 13 2 3 16 2 2 1 2 3 3 2 6 20 3 2 1 21 9 9 4 4 1 1 3 16 1 1 53 1 10 2 28 4 4 1 1 3 4 1 1 1 3 2 2 2 2 4 2 1 2 1 2 2 7 2 1 3 1 18 1 1 1 2 3 97 1 27 2 16 1 2 8 2 1 4 2 7 2 1 5 4 130 3 8 2 3 3 2 1 2 8 21 2 119 2
2 1 2 2 1 2 2 2 6 4 1 8 3 6 1 12 3 6 2 4 8 2 3 3 1 1 2 17 3 34 15 9 6 2 7 2 2 11 2 3 3 2 2 2 3 2 2 2 1 7 2 19 1 3 2 7 2 5 2 1 4 10 2 12 4 2 2 2 1 4 2 341 2 2 1 2 36 3 1 29 2 9 3 2 1 2 2 6 6 1 1 1 3 8 3 2 21 3 1 2 2 2 7 1 15 2 1 1 1 16 2 1 3 1 1 2 1 2 9 1 1 14 1 2 2 27 1 2 1 4 3 2 2 2 6 8 3 4 3 1 2 1 4 7 107 3 1 11 1 35 14 6 2 2 5 10 1 2 1 7 11 3 2 3 1 34 2 15 2 1 1 3 2 6 1 5 2 1 2 105 2 3 9 1 2 2 2 1 13 1 2 86 1 7 3 15 6 26 1 2
1 2 2 1 3 2 2 2 1 1 1 2 1 40 1 3 10 2 4 3 1 1 1 5 454 1 3 2 2 7 11 2 1 4 1 1 1 1 2 3 8 1 3 8 2 14 1 3 1 2 2 4 1 2 1 3 3 1 2 27 2 1 1 4 2 2 5 3 12 1 1 1 1 3 2 3 2 2 1 1 2 1 8 2 1 2 1 17 10 1 2 102 1 1 2 2 2 2 2 41 1 1 1 1 2 3 1 1 1 2 1 1 2 1 1 4 6 2 1 2 3 4 1 2 1 2 1 1 4 7 5 3 1 2 2 1 1 1 3 8 1 1 5 5 2 1 17 25 3 18 1 2 184 1 4 1 12 8 2 2 1 2 1 1 2 6 1 1 3 2 1 7 2 14 6 7 7 131 1 3 1 7 34 5 1 2 16 1 4 2 2 13 1 4 4 5 72 9 9 1
1 10 5 2 5 17 2 2 1 1 3 2 1 5 1 6 1 1 1 10 1 1 2 1 3 7 2 6 3 15 2 5 1 2 1 3 3 3 87 2 1 2 3 1 9 2 2 5 8 1 17 4 3 1 1 7 1 11 6 1 5 2 11 1 2 2 2 1 17 4 1 8 3 2 38 10 6 1 1 3 1 1 1 8 1 3 2 2 1 1 1 2 2 8 14 2 4 4 2 2 1 1 2 2 2 7 2 6 3 1 3 1 144 1 5 7 1 4 2 1 1 11 2 1 2 1 3 8 2 199 5 7 41 1 3 2 5 21 23 2 2 3 1 1 1 2 13 2 2 20 1 7 3 1 1 423 2 1 1 97 1 6 2 74 4 4 4 1 2 40 4 36 6 2 3 4 5 2 1 2 3 5 2 5 7 6 2 3 3 3 1 3 1 2 2 1 2 1 5 3
1 2 1 4 11 1 1 3 1 2 2 1 1 1 19 120 1 9 4 1 2 6 1 2 2 3 1 4 3 1 3 2 1 1 2 2 1 1 40 3 2 7 5 1 5 1 2 48 2 1 3 2 12 1 29 4 2 4 3 1 1 7 3 2 1 36 14 30 21 2 1 1 2 4 2 1 1 1 22 2 59 1 4 1 1 5 1 3 3 1 2 1 1 11 2 2 7 13 2 4 1 4 1 1 1 2 5 2 20 1 2 5 4 7 26 12 42 2 260 13 2 2 56 4 2 10 3 1 4 2 3 3 3 1 1 2 1 1 4 1 1 3 4 1 3 4 3 2 1 23 5 2 2 2 1 42 6 1 1 3 2 1 6 3 2 2 5 2 2 1 16 1 2 2 2 1 3 1 21 2 1 1 1 4 2 1 2 2 1 2 5 1 2 1 17 2 2 3 4 6
5 2 91 1 6 2 2 1 1 1 6 13 14 2 1 2 1 1 1 1 2 1 4 1 2 1 2 2 3 6 2 14 10 1 2 11 1 1 1 1 3 1 6 1 1 1 1 11 5 5 53 1 2 2 19 1 2 2 16 2 25 2 2 2 1 5 2 7 2 3 2 1 4 1 3 5 2 1 1 13 1 3 3 1 2 1 2 2 2 1 5 6 1 4 8 5 1 2 15 3 2 8 6 3 2 2 7 3 2 11 2 8 5 2 11 23 5 5 1 31 1 1 3 28 4 4 1 2 2 1 2 1 4 1 4 3 5 2 16 1 8 3 24 1 183 40 1 1 1 2 2 2 1 1 1 9 4 2 2 1 5 1 2 7 1 1 1 39 2 5 2 1 2 4 1 3 2 1 2 2 6 2 2 3 1 1 2 10 4 1 1 10 7 1 19 3 23 3 2 3
2 1 1 2 1 2 2 17 3 2 3 1 2 1 2 1 30 2 11 6 5 1 1 5 4 2 3 4 17 2 1 3 13 10 1 8 19 1 1 4 5 4 2 5 6 1 2 1 4 1 1 1 1 2 10 1 2 1 6 3 14 1 1 20 1 24 2 34 11 1 39 3 1 4 14 2 1 1 3 3 1 2 1 2 7 4 12 14 6 4 1 4 2 2 1 1 4 3 7 1 1 5 1 1 2 5 1 6 2 3 2 1 7 2 1 2 3 2 2 1 4 4 4 2 1 1 15 1 1 3 2 2 3 2 5 2 2 1 2 350 2 3 3 4 2 4 1 2 3 2 1 3 9 2 1 1 3 1 2 6 4 1 3 2 22 42 2 3 3 1 2 2 1 2 1 30 1 3 2 1 2 2 4 2 5 2 2 1 8 2 2 3 2 8 2 8 2 2 10 5
1 3 3 138 3 5 4 11 8 2 10 3 1 1 1 1 343 2 9 46 1 2 2 1 6 2 14 3 2 2 6 4 2 2 1 1 1 2 2 2 2 2 2 1 1 1 1 3 1 3 9 9 19 4 2 9 5 1 2 12 1 3 2 1 2 2 1 1 1 1 1 2 1 78 1 7 23 5 3 1 2 2 2 1 1 2 4 3 2 21 2 2 1 1 8 3 2 14 1 2 1 3 3 1 2 8 3 3 3 2 1 7 2 1 3 4 3 14 1 1 17 4 3 3 17 2 7 1 2 2 1 1 2 1 26 1 2 4 3 1 1 42 1 1 2 2 3 2 1 5 1 23 1 1 2 16 2 4 1 13 1 1 1 3 1 1 3 2 1 2 2 1 3 4 3 1 3 2 2 4 1 2 4 3 1 2 1 3 4 3 1 1 1 1 4 2 4 2 1 10
1 1 2 1 2 1 1 1 1 3 2 2 2 7 2 2 5 2 2 2 2 3 1 13 21 17 1 1 6 1 7 1 1 3 2 3 4 1 2 8 2 2 75 22 5 2 4 2 17 17 37 1 33 2 2 1 1 3 2 7 8 3 3 2 403 5 3 1 2 2 2 5 1 3 4 5 1 15 2 1 1 5 4 1 2 1 1 10 2 10 1 2 1 3 1 3 3 11 2 1 1 2 7 1 4 4 5 3 1 4 2 2 2 1 2 5 2 2 3 2 5 1 1 1 3 2 2 22 3 1 1 2 1 1 1 2 6 1 1 2 1 2 2 27 2 2 3 1 2 2 1 1 29 1 2 1 2 2 4 1 2 9 1 7 1 2 1 2 3 1 1 2 1 11 17 1 5 8 35 1 1 3 2 1 2 3 2 1 9 37 4 1 15 1 8 1 45 1 1 10
1 2 1 1 1 1 8 9 3 3 1 2 1 1 2 1 2 2 1 5 1 4 2 1 3 1 4 2 6 6 2 1 3 11 2 3 1 1 2 2 3 2 6 1 1 2 1 2 2 4 3 2 1 1 4 1 2 1 7 2 3 4 2 4 1 12 1 5 31 14 1 9 1 2 2 2 2 1 2 28 1 2 24 1 1 1 1 4 1 6 1 31 2 1 12 1 1 3 1 3 1 10 6 2 2 1 31 1 2 32 1 5 10 3 1 1 2 1 9 6 4 15 1 1 1 1 2 2 1 2 1 3 1 1 2 17 1 1 1 19 1 2 1 46 8 1 3 2 2 2 3 3 2 2 1 1 6 2 4 2 7 5 3 1 4 1 2 2 2 7 43 1 44 3 2 1 1 1 3 2 2 2 1 2 2 4 9 1 2 3 12 1 2 1 2 1 1 2 5 1
1 1 2 2 4 2 3 4 1 2 3 6 2 4 22 2 2 1 1 5 9 1 2 2 5 2 1 48 2 1 1 3 4 1 1 2 2 1 1 1 9 4 62 2 2 1 2 2 231 1 1 2 12 2 1 7 3 1 1 2 92 1 2 2 2 2 5 18 10 4 16 21 17 12 2 5 1 1 89 1 2 7 1 3 1 5 1 5 11 1 2 2 2 7 2 99 4 33 3 2 5 2 9 1 2 2 2 6 1 1 2 3 2 2 2 1 3 4 1 1 4 1 3 1 1 2 2 2 4 1 2 1 1 2 1 4 2 2 2 2 1 10 3 1 2 1 1 10 4 68 3 1 2 1 1 4 1 1 198 4 1 2 2 1 1 1 1 4 3 2 2 2 2 1 1 2 2 2 3 1 1 1 5 12 14 3 1 1 3 3 1 2 2 2 1 9 1 2 10 2
1 6 4 4 2 3 9 2 2 2 5 2 1 12 441 60 1 1 1 46 3 2 66 5 4 1 5 1 1 15 4 4 1 9 1 2 1 2 1 5 1 3 3 4 2 6 2 5 2 148 1 3 3 2 16 6 2 2 1 25 3 1 1 7 1 28 1 1 3 1 1 4 20 2 6 1 1 2 4 1 4 3 4 1 1 2 3 2 1 1 1 2 1 2 7 1 1 2 15 4 2 34 22 2 1 5 5 2 2 1 3 1 2 14 1 2 2 1 1 5 2 1 2 1 1 5 1 2 3 3 2 2 5 2 2 8 7 2 5 21 15 2 1 3 4 8 2 12 1 2 1 1 3 2 1 116 1 2 3 4 2 2 1 1 1 5 1 4 1 1 1 1 2 4 1 2 1 9 3 2 1 1 4 7 2 1 3 1 4 3 4 1 1 2 4 3 1 3 1 2
1 1 5 1 2 1 3 3 1 18 2 1 3 3 2 1 1 2 8 13 1 3 9 104 258 2 10 2 28 2 3 1 2 3 1 5 3 3 2 2 3 1 2 2 1 8 3 2 2 5 1 1 4 3 2 2 4 3 4 2 27 19 6 3 2 1 1 1 6 1 5 1 1 1 2 1 1 4 1 2 2 6 2 3 3 3 2 1 1 2 2 1 17 2 2 6 1 2 11 3 1 3 1 2 1 3 4 63 1 2 3 5 2 1 1 2 2 2 1 10 1 1 2 1 2 1 10 1 3 7 2 4 3 4 3 2 1 2 1 2 2 6 1 7 1 2 1 1 1 2 2 6 29 2 2 1 1 6 2 52 5 8 3 1 2 1 12 5 5 109 4 5 1 1 2 1 1 3 1 2 23 7 4 7 2 2 94 7 3 2 1 2 12 1 1 9 1 1 3 2
5 15 7 5 3 4 2 5 12 4 7 1 1 2 4 2 2 1 1 1 2 1 1 12 3 9 2 1 2 2 2 2 1 1 1 2 233 1 1 2 1 1 1 3 2 1 4 3 1 2 2 1 2 31 12 25 1 2 4 2 1 9 7 2 1 1 10 2 2 1 1 2 2 3 1 2 5 7 6 3 3 5 1 1 1 9 3 1 1 1 3 1 2 2 2 2 1 1 1 4 3 14 1 3 4 5 14 2 382 5 1 1 1 167 1 1 12 2 1 2 1 1 4 2 7 5 2 3 2 1 3 2 1 1 6 1 1 6 2 2 7 3 1 1 1 1 1 1 1 18 3 3 3 2 1 3 29 1 2 11 8 2 9 2 2 1 2 7 5 2 1 1 2 3 1 2 1 1 1 1 2 20 2 1 2 2 6 2 1 33 7 3 1 1 8 4 2 1 1 1
2 1 2 1 1 5 1 1 1 2 1 2 2 2 1 5 4 2 4 5 6 3 3 1 1 2 3 6 1 1 2 15 2 1 1 6 15 7 5 3 4 2 2 3 57 1 1 7 2 12 1 7 2 2 2 3 19 2 13 7 3 2 6 15 3 40 1 1 1 4 3 2 1 1 2 2 1 1 2 1 1 2 1 1 3 2 21 2 4 2 3 2 3 3 2 1 5 1 1 4 34 2 1 2 1 4 2 4 1 2 2 1 2 2 3 1 3 1 1 67 9 2 5 4 3 4 2 7 4 1 7 1 1 1 4 1 2 4 5 2 2 1 92 4 1 3 3 8 10 5 1 3 6 5 5 1 8 6 4 9 1 2 1 8 18 1 14 1 2 1 2 3 1 2 2 1 1 2 4 17 20 1 4 6 3 1 2 5 1 1 1 3 2 1 3 2 1 9 4 2
1 1 17 2 1 5 14 1 2 1 2 6 5 7 2 1 1 2 2 3 2 6 3 1 1 2 7 1 3 3 1 1 3 2 1 3 1 7 2 10 2 1 13 5 1 15 3 20 80 23 4 14 16 1 1 3 64 8 1 4 1 39 41 1 1 1 5 2 67 3 3 3 2 2 2 48 3 2 2 4 3 1 2 56 1 355 3 9 1 2 1 2 2 7 2 2 1 2 1 2 1 1 18 1 21 7 2 7 1 4 2 2 4 9 2 1 1 1 2 3 8 16 4 334 3 2 5 3 2 4 5 3 4 2 5 2 1 8 2 1 1 1 1 1 2 1 7 36 3 2 1 12 2 1 3 7 4 1 1 1 1 2 2 1 2 2 5 1 3 2 4 2 1 1 4 3 1 2 1 15 1 2 12 1 2 1 2 2 1 3 3 9 1 3 2 3 1 1 5 2
3 2 2 7 2 2 13 2 2 2 1 3 1 1 3 1 12 1 79 3 1 1 1 2 127 1 1 4 3 1 3 4 3 1 10 2 1 1 3 2 3 3 2 1 4 1 4 1 2 5 1 8 2 2 2 5 3 1 2 5 1 1 3 1 2 2 1 12 1 1 4 2 1 3 5 2 2 16 1 1 5 1 2 4 4 7 2 1 25 10 3 5 1 1 1 8 3 1 1 1 2 2 8 8 2 1 1 1 3 5 6 2 1 7 7 8 1 2 1 1 2 1 1 271 3 1 3 4 4 1 1 2 1 5 12 16 1 1 2 2 1 2 3 3 4 1 1 2 1 2 1 1 3 1 1 1 1 1 1 4 3 153 1 2 1 2 2 1 1 2 2 2 2 2 2 1 1 4 15 76 1 3 12 2 1 2 4 4 1 1 1 4 2 2 2 3 1 2 32 3
2 1 7 2 2 2 2 1 2 2 2 4 3 34 2 2 7 1 2 9 1 1 2 4 3 41 3 1 3 1 1 4 1 2 2 1 5 2 5 2 5 6 2 8 18 8 1 1 5 3 7 1 7 1 2 6 3 88 3 4 1 41 3 2 1 3 1 1 10 4 4 1 6 2 3 2 1 3 3 2 1 3 1 2 1 2 2 7 1 1 1 1 2 2 4 1 1 12 2 3 1 1 79 34 1 2 1 2 15 3 4 1 1 10 2 1 3 2 2 4 1 3 6 52 1 8 1 2 6 31 1 1 2 1 2 2 5 2 6 3 1 4 1 1 6 3 76 1 1 39 1 3 1 1 2 1 2 2 1 1 4 2 2 2 1 3 1 1 1 2 11 5 2 1 4 1 1 1 2 5 1 1 2 4 1 2 10 2 7 12 4 11 10 3 3 1 3 1 49 2
7 1 4 1 58 2 1 1 6 1 1 3 1 2 1 2 27 1 2 9 1 3 3 1 2 9 1 2 1 5 1 2 4 1 1 2 1 1 1 2 1 1 2 1 8 1 1 1 3 25 2 4 1 2 1 2 3 1 1 3 2 1 7 3 2 1 3 5 2 1 2 2 1 1 1 4 2 4 1 1 1 4 2 33 2 1 2 1 4 2 1 1 30 7 2 3 2 8 1 3 1 4 1 1 2 1 1 7 7 1 1 1 3 1 2 1 1 3 1 3 8 1 1 1 1 1 2 1 6 14 1 2 1 7 9 23 1 2 1 1 1 1 1 8 2 2 2 2 2 1 1 1 4 1 1 1 1 2 2 3 1 1 1 1 1 1 2 2 3 1 1 2 1 1 1 1 1 2 1 3 5 1 2 1 3 17 20 2 2 2 13 2 1 2 5 1 1 5 3 2
3 1 1 4 4 2 1 2 1 4 4 1 7 5 2 2 1 2 1 1 1 1 2 1 2 2 1 8 1 10 1 1 5 15 3 11 5 6 9 1 2 19 1 1 3 2 1 23 1 3 7 1 3 5 1 1 11 5 2 3 3 2 1 5 3 2 1 1 1 1 3 1 1 1 5 1 1 8 2 1 3 11 9 1 1 5 1 1 3 1 2 2 9 2 14 29 3 2 1 1 2 12 4 2 5 3 2 5 2 3 3 1 2 1 2 1 1 9 2 4 1 4 2 1 2 1 2 2 1 2 2 1 3 2 3 3 12 12 1 1 1 13 4 6 2 11 2 4 6 9 1 1 3 1 5 1 1 2 2 2 4 1 3 4 1 1 3 41 3 3 1 2 1 3 3 1 115 5 1 1 1 1 2 2 2 3 2 3 1 5 3 1 1 33 1 1 38 5 2 2
1 370 1 1 2 1 1 2 1 2 2 6 6 2 3 3 1 2 2 2 1 2 1 2 3 32 2 1 17 1 1 6 5 1 1 2 33 2 1 1 3 6 1 2 1 2 3 2 2 38 16 1 1 2 1 2 2 2 24 2 1 3 2 2 26 1 1 18 201 3 4 2 1 8 2 4 1 3 2 2 1 2 2 1 2 2 1 1 1 3 2 40 1 8 2 1 108 1 5 1 2 1 2 1 3 2 2 1 15 6 2 1 1 12 4 3 94 5 5 16 3 1 4 3 2 1 1 1 2 2 3 1 2 2 1 3 1 1 1 4 1 1 1 1 2 1 1 3 1 1 4 3 8 1 3 17 12 5 2 2 1 3 1 5 2 13 2 1 2 2 7 4 1 10 1 2 1 111 3 2 10 3 1 7 4 1 2 3 2 7 1 4 28 14 1 1 1 2 2 3
6 2 2 2 2 6 4 1 2 4 1 3 1 5 1 2 3 1 1 2 2 2 6 1 29 3 1 1 10 11 3 1 1 4 3 20 121 11 1 4 3 2 2 1 1 1 3 2 1 8 2 2 4 6 12 2 4 1 2 2 2 1 4 1 3 1 5 1 7 1 2 1 4 3 8 1 1 4 19 1 3 1 19 7 3 2 1 2 1 1 3 1 2 1 2 4 4 2 16 1 3 1 1 5 1 2 2 19 8 1 3 2 2 4 1 2 1 1 1 2 4 2 1 1 1 13 6 2 2 18 3 2 5 2 1 18 2 1 1 1 5 1 3 2 2 2 5 20 3 105 1 6 1 1 1 1 2 1 3 3 4 1 8 45 2 1 2 2 4 1 2 3 2 1 7 5 2 2 3 1 23 6 2 2 1 3 1 2 3 3 2 1 2 4 1 1 2 2 1 1
1 1 2 9 3 11 1 72 2 1 2 8 4 2 2 15 3 1 2 3 70 4 2 1 17 2 1 1 2 1 2 1 2 7 1 2 4 2 3 4 1 2 2 3 14 2 1 1 1 1 8 2 3 5 4 1 23 1 1 2 4 1 1 1 1 7 37 2 1 3 2 2 2 3 4 2 1 5 1 2 16 1 3 1 1 1 2 1 2 1 6 3 1 397 1 6 5 3 2 1 1 3 2 1 1 10 8 2 5 11 232 2 1 7 2 1 1 7 2 1 31 23 34 2 2 3 8 1 3 39 2 5 1 2 2 6 3 3 1 107 1 1 1 4 32 9 2 1 2 3 2 1 2 12 3 118 2 13 2 4 2 1 3 10 2 1 4 1 1 5 2 4 12 21 2 4 11 1 4 2 2 4 12 2 17 1 1 1 1 1 9 2 1 4 3 204 3 1 2 64
3 2 1 2 1 1 1 5 4 2 1 1 5 10 1 1 2 27 2 8 2 1 1 3 1 3 1 1 1 3 4 1 19 2 1 3 18 3 2 7 2 1 1 8 3 3 2 3 2 8 3 4 2 2 4 1 3 31 4 2 3 2 1 4 1 2 1 1 2 1 1 4 5 2 1 2 2 1 1 2 3 1 3 2 5 4 2 3 4 1 7 1 1 2 1 3 1 5 4 1 1 4 2 3 4 2 1 2 3 3 1 2 2 9 2 10 1 3 1 12 7 2 1 21 2 2 8 1 45 3 4 4 2 4 8 1 17 1 4 2 3 14 6 2 1 1 30 19 3 3 3 3 1 3 1 2 2 2 1 9 3 6 1 1 2 2 1 1 2 3 2 3 1 3 2 2 1 2 1 1 5 1 1 1 1 2 2 1 2 2 1 2 1 2 3 2 2 3 2 3
1 1 1 5 2 10 1 3 2 1 1 4 2 4 1 1 3 5 2 2 1 1 1 2 2 1 2 1 5 1 1 2 1 1 2 2 2 30 2 3 3 1 2 1 3 62 2 28 1 30 1 4 2 1 1 2 1 2 1 2 2 2 2 2 1 16 2 2 14 2 18 1 14 6 7 3 20 4 4 13 1 6 1 338 1 3 2 5 7 2 7 3 20 2 83 1 1 3 1 4 2 2 3 1 1 1 2 1 3 1 1 14 1 8 2 2 2 3 7 2 1 1 37 2 2 2 2 1 6 6 1 4 2 2 2 1 2 5 2 2 24 1 1 4 9 26 23 1 2 1 3 1 1 1 1 1 5 2 3 1 2 85 2 1 11 1 3 1 11 2 1 5 6 1 1 2 1 5 4 31 1 3 4 1 27 10 2 1 3 1 2 2 2 3 2 37 7 4 1 1
1 4 174 2 2 8 2 2 2 5 2 2 1 5 3 1 2 2 4 2 2 2 3 3 1 2 1 1 1 1 1 3 6 17 2 3 2 4 20 3 1 2 481 25 1 1 7 1 3 2 1 1 2 2 3 46 2 1 1 1 24 1 32 7 3 1 2 2 1 1 3 10 5 1 3 2 2 34 7 12 2 18 2 4 2 1 2 2 2 1 19 1 1 9 2 2 35 2 3 2 1 1 1 2 2 2 2 4 1 2 6 4 1 4 3 1 17 1 1 2 2 1 1 2 88 2 23 2 1 3 30 4 2 1 2 6 8 1 29 5 5 1 3 2 3 1 3 4 2 6 2 15 2 2 2 1 1 1 2 1 4 4 8 2 12 32 1 4 1 9 1 1 2 1 5 4 6 9 5 1 2 2 4 1 1 1 1 3 2 1 1 1 2 9 4 1 1 2 2 2
3 1 1 9 1 2 1 1 6 2 2 7 11 2 6 165 1 4 1 7 6 32 7 6 1 3 3 2 1 2 3 2 9 1 2 2 5 2 1 1 2 2 1 2 68 3 7 5 2 1 2 8 3 3 2 4 8 4 1 5 1 4 3 2 14 1 1 2 3 1 10 1 2 1 1 2 1 2 6 10 3 2 1 1 1 3 10 26 8 1 3 1 1 2 1 2 9 8 1 1 3 3 3 4 2 2 1 2 4 2 2 4 2 5 4 9 15 1 3 3 1 1 5 8 3 2 1 2 1 2 3 1 1 2 1 4 1 2 5 1 2 2 3 2 1 2 4 2 1 1 4 1 1 1 4 1 4 5 1 7 5 6 1 2 1 1 48 1 2 1 2 1 1 4 2 2 3 2 4 2 1 2 2 1 1 10 2 1 1 13 1 2 4 1 1 1 1 3 1 20
2 2 1 1 2 1 6 2 1 16 1 5 14 1 1 1 2 1 4 1 1 9 20 4 2 5 53 1 5 2 2 1 7 2 3 2 2 1 3 177 3 1 1 13 3 64 2 1 2 2 2 2 1 1 2 2 3 1 1 2 6 1 4 7 2 9 1 2 2 1 4 1 2 1 79 10 1 2 4 3 2 3 2 1 2 1 11 4 1 11 6 1 2 2 1 2 1 24 17 11 8 14 5 2 2 2 2 2 1 2 3 20 7 1 1 1 1 2 19 1 13 1 2 13 4 1 1 1 1 1 4 5 3 2 1 1 42 3 3 1 2 1 27 1 4 2 1 1 2 1 9 2 2 25 3 2 1 4 1 307 2 1 5 2 4 2 1 1 25 2 2 2 1 1 1 8 1 1 4 2 1 11 1 55 6 1 2 2 4 1 1 4 3 2 11 2 1 8 3 1
2 1 1 1 1 2 4 2 3 2 5 1 216 2 2 3 8 9 23 1 1 3 6 31 2 4 1 2 11 1 1 12 5 5 2 1 18 1 3 2 3 4 17 1 1 1 1 4 70 4 3 8 3 3 1 2 1 13 6 94 2 2 2 1 2 1 2 3 2 1 2 5 35 2 11 1 2 2 32 4 1 2 1 1 1 3 6 3 1 1 2 5 7 25 2 1 22 7 3 2 3 1 2 2 1 2 1 3 4 1 5 1 2 1 1 2 2 2 2 1 1 2 2 1 1 1 2 1 2 1 1 3 7 6 1 1 4 6 2 1 7 1 22 1 2 2 1 2 1 5 1 3 4 6 2 2 2 6 1 3 9 1 2 21 8 8 1 1 1 1 1 3 1 4 10 2 1 4 3 2 1 3 2 1 5 5 1 2 1 1 2 63 1 4 4 3 3 8 1 1
2 7 6 2 29 2 14 1 12 2 2 1 3 3 6 5 1 2 6 1 5 5 4 1 14 5 2 2 68 1 1 2 1 1 2 1 2 1 4 1 2 67 1 34 46 2 3 6 1 2 3 2 1 72 1 1 8 1 5 2 6 26 1 22 18 1 2 3 6 4 3 2 2 3 5 2 4 4 3 4 1 4 1 2 1 3 2 1 10 11 1 1 2 2 2 1 1 3 5 5 28 1 1 1 1 2 7 1 1 1 2 3 1 2 3 1 2 1 1 3 1 3 2 1 2 11 1 1 2 2 10 1 1 3 2 6 36 1 1 2 1 2 3 2 6 1 1 6 27 1 1 10 1 9 9 1 2 5 4 8 2 1 3 10 1 2 1 1 34 4 4 2 1 12 2 2 2 4 1 2 1 2 1 2 8 1 4 1 2 6 1 1 1 3 2 2 64 1 7 1
5 4 2 1 1 1 3 10 3 2 1 2 6 10 1 1 33 3 3 21 3 2 1 24 1 1 2 4 4 1 2 1 1 4 1 2 14 1 1 1 1 2 2 2 1 1 3 1 2 1 1 3 1 1 2 1 4 2 2 2 2 1 1 2 13 4 1 5 1 2 2 4 3 2 19 8 4 2 1 1 2 2 1 1 2 1 5 12 1 1 2 1 7 3 5 2 7 18 19 2 6 1 5 3 2 2 1 1 1 1 9 1 1 11 4 4 1 3 2 1 5 5 21 4 2 4 1 2 1 58 3 2 2 8 1 2 1 1 2 1 4 1 5 14 2 2 1 1 3 4 1 1 2 7 1 3 6 1 2 1 1 2 2 2 1 2 2 1 2 64 4 5 22 2 2 2 4 2 13 2 1 2 1 4 3 1 9 2 10 3 2 12 3 2 2 2 2 1 2 2
10 3 2 2 2 2 2 3 2 2 1 2 2 4 3 2 4 2 2 3 6 1 1 1 2 1 2 2 1 5 1 2 4 9 7 1 1 6 2 3 5 4 2 7 33 5 1 2 2 13 1 3 2 21 3 1 1 2 1 2 1 1 1 5 41 10 2 1 15 1 1 3 1 2 1 6 1 1 2 1 2 3 2 1 2 2 8 4 2 2 4 5 2 2 5 2 1 2 3 3 3 2 1 3 1 5 2 2 1 3 3 30 1 1 35 4 2 1 1 1 16 1 1 1 2 3 3 5 2 1 3 15 4 4 1 38 2 3 5 11 5 2 1 4 1 3 22 1 4 2 2 1 1 1 1 7 3 6 2 1 2 1 1 2 4 3 4 2 17 7 1 1 2 2 3 4 8 14 8 1 1 2 6 2 3 13 1 3 1 1 2 5 8 2 15 1 1 1 3 1
10 2 3 9 2 2 1 3 1 1 2 2 4 2 3 2 1 1 2 25 1 49 5 1 3 1 5 1 4 2 1 4 3 1 1 13 1 11 11 3 23 87 3 7 2 1 5 2 1 3 2 2 5 3 6 1 40 1 1 2 1 2 1 22 1 1 5 2 2 4 7 9 3 5 3 1 3 2 2 1 2 4 2 2 4 1 1 1 2 2 3 1 2 2 3 2 2 1 1 2 7 2 7 1 2 1 1 2 1 2 3 2 1 3 2 2 2 1 16 5 2 2 1 4 1 2 4 15 1 2 1 1 27 1 1 1 2 4 2 2 1 1 1 1 2 9 7 43 1 2 2 3 2 1 6 1 1 4 2 1 2 2 1 2 7 2 63 3 6 11 1 91 2 1 8 1 2 4 2 1 5 31 3 35 1 2 2 2 2 2 2 2 1 1 4 7 1 7 336 15
18 1 18 1 1 2 1 3 1 2 2 1 3 2 1 3 3 2 4 10 3 3 9 2 4 20 55 2 1 2 3 2 22 6 54 2 6 2 6 2 1 2 2 1 1 4 2 1 3 2 4 18 1 3 2 4 1 2 1 1 6 7 4 1 3 2 2 9 1 25 3 2 1 14 3 1 1 2 4 1 2 1 1 1 21 5 5 2 1 4 2 1 2 1 3 1 1 2 1 2 4 4 2 4 1 44 1 1 3 4 2 2 3 28 1 1 1 1 2 1 3 1 10 3 2 2 1 2 1 1 4 34 4 1 2 1 2 7 2 13 3 7 2 3 1 4 5 2 1 2 2 2 1 1 8 2 2 2 3 1 3 3 1 79 1 19 13 1 5 1 2 2 1 1 2 1 2 2 1 3 2 1 1 2 9 2 2 2 2 3 14 2 1 1 1 4 9 2 3 1
1 1 2 2 1 3 3 2 17 1 2 1 3 1 2 3 2 6 19 2 1 2 4 32 3 2 4 2 3 1 1 1 9 77 2 12 2 6 4 2 2 4 58 1 4 11 3 1 10 4 3 5 1 74 1 1 3 6 3 1 1 1 2 3 3 1 2 10 2 4 2 7 7 1 4 1 3 1 25 8 1 9 7 7 6 1 11 1 9 1 1 2 1 3 3 1 2 1 2 4 1 2 1 1 1 1 7 2 6 2 11 1 1 3 2 2 3 3 1 2 233 1 4 4 1 1 1 2 2 28 2 2 1 1 1 10 1 2 1 2 1 8 2 2 165 2 1 4 2 2 2 7 2 2 18 1 1 1 1 107 14 5 1 2 2 10 2 1 1 1 2 4 1 1 1 1 1 1 8 1 2 3 10 7 2 2 95 1 3 2 13 1 2 1 1 3 2 1 4 1
5 1 1 3 2 1 21 8 1 2 7 1 1 11 3 2 3 2 2 5 2 3 2 2 2 1 7 2 5 2 1 1 15 2 8 3 2 5 5 3 1 3 1 1 23 2 1 3 20 5 9 3 3 3 5 1 1 15 1 10 73 4 3 2 1 1 2 3 1 3 4 10 5 2 1 4 2 1 2 2 54 3 1 76 129 2 27 1 20 2 1 2 2 2 2 2 4 2 1 1 3 3 1 194 16 1 3 2 10 5 1 6 1 2 1 3 1 15 2 13 5 1 4 3 3 8 3 2 4 6 3 1 1 41 2 2 1 1 2 2 1 10 1 1 2 2 18 2 1 4 3 2 1 10 1 1 2 9 1 1 3 6 1 2 2 1 2 1 2 1 21 5 1 2 1 1 1 2 2 2 1 1 2 9 2 7 11 2 1 1 3 3 2 1 7 1 2 2 3 3
1 2 4 1 4 1 2 1 1 7 11 2 1 1 3 3 2 96 9 1 1 4 3 44 1 1 3 2 3 25 6 2 2 1 12 2 2 6 78 6 4 2 2 2 1 3 1 1 1 1 1 1 6 2 2 1 3 4 2 3 1 2 3 23 4 9 47 1 1 7 1 1 2 4 2 5 1 2 8 6 9 3 8 3 2 1 2 11 2 10 2 1 1 3 1 2 1 2 8 2 1 1 1 2 3 2 1 1 1 1 1 3 2 2 1 1 5 2 1 1 13 14 1 11 3 10 1 2 1 5 1 2 9 5 4 3 7 8 41 1 2 1 1 6 1 2 1 4 3 1 19 4 2 4 2 2 3 2 2 2 1 5 12 2 1 1 5 2 2 1 3 1 3 9 4 1 1 2 2 2 1 5 3 4 6 5 3 11 1 28 1 175 2 6 2 2 2 1 3 1
1 4 2 4 3 2 2 2 2 8 2 2 1 2 2 3 11 7 18 2 2 1 4 2 1 2 1 1 2 2 1 1 4 2 1 2 1 20 10 3 5 5 3 2 2 6 8 2 5 4 396 1 1 11 1 3 2 5 7 1 3 1 9 10 2 5 3 1 2 56 26 2 9 3 1 12 3 1 2 8 3 2 1 22 1 2 2 1 110 8 1 1 5 2 3 2 6 2 8 17 1 3 2 3 1 1 1 2 1 2 1 4 3 3 7 2 1 2 3 3 1 1 3 87 3 2 1 1 2 1 2 5 1 2 1 5 1 16 6 2 1 1 41 2 1 118 1 1 2 3 24 1 3 1 2 1 1 1 1 1 18 2 1 2 2 2 4 1 1 4 1 1 3 14 4 1 1 2 2 2 2 32 3 5 4 6 1 2 2 7 1 1 16 1 7 2 10 1 6 1
13 2 11 2 3 10 1 1 13 49 1 1 1 2 1 3 5 6 1 1 2 2 2 1 1 2 1 6 2 1 2 1 3 1 11 3 1 2 1 1 2 3 9 22 6 1 3 4 1 4 6 9 11 5 7 4 5 1 10 4 2 1 2 1 1 10 12 4 2 1 17 54 4 2 2 1 1 7 3 2 3 2 3 1 2 2 24 2 2 2 2 5 2 2 1 1 1 5 1 8 1 3 3 7 10 15 4 4 2 2 1 1 16 1 2 7 5 5 2 148 9 1 20 2 3 1 4 2 2 1 6 28 1 1 66 1 2 2 2 4 1 5 17 18 1 14 1 2 1 2 2 2 1 2 2 3 3 1 6 2 3 2 1 2 2 2 2 2 4 2 1 4 2 2 3 2 3 9 1 2 5 8 1 1 1 2 1 2 1 1 2 1 1 2 2 1 1 1 2 2
4 3 1 1 8 9 1 2 4 2 2 1 1 16 9 2 1 1 5 3 2 3 1 2 9 2 1 1 1 1 1 4 2 1 2 1 29 3 2 6 124 2 14 1 47 1 6 3 3 28 6 3 2 1 1 2 4 296 2 1 1 1 1 2 2 1 2 3 5 2 8 2 1 1 5 30 4 2 3 2 7 1 1 1 1 4 2 1 1 2 97 6 4 3 1 2 1 3 2 9 3 1 2 3 1 3 4 2 2 1 2 10 1 1 2 6 10 1 1 1 1 46 1 8 1 18 3 5 1 2 1 4 3 2 2 1 18 3 1 1 11 2 1 2 3 1 5 1 2 2 2 52 2 49 4 2 1 3 2 2 2 2 1 2 6 2 1 2 4 1 1 1 1 21 2 2 11 3 2 4 3 1 5 17 4 29 1 2 1 1 6 2 2 1 2 2 1 1 1 1
2 2 2 1 1 30 1 2 2 1 1 7 1 1 2 10 2 1 8 2 2 2 4 2 2 1 78 1 3 1 1 6 3 3 2 1 1 3 2 4 1 3 1 6 1 3 1 2 4 2 1 3 48 2 6 1 3 3 1 2 29 4 2 3 2 1 2 1 3 7 1 6 2 3 4 1 2 2 5 2 2 2 1 1 3 21 2 2 8 3 1 1 1 13 3 1 4 2 1 2 7 7 2 3 1 1 1 2 3 2 4 10 1 2 2 1 1 2 2 1 1 1 1 3 2 2 17 1 43 2 1 3 1 1 1 4 3 3 2 22 2 19 1 7 2 1 1 1 2 1 5 7 2 2 10 2 1 2 1 2 2 1 4 2 1 6 2 6 5 19 61 1 1 1 4 1 1 2 1 5 3 1 4 2 2 1 1 1 1 1 5 1 1 13 2 204 5 2 1 3
1 2 7 1 4 1 4 1 7 2 269 7 4 18 4 6 1 5 1 1 2 2 2 1 2 30 2 3 1 1 2 2 7 1 1 10 3 20 4 2 3 2 2 1 4 2 3 2 2 2 2 1 3 1 1 1 1 1 26 3 19 1 1 1 1 76 2 7 1 3 2 2 2 2 1 4 1 2 3 2 1 126 1 2 2 2 2 1 107 4 2 3 2 3 4 2 2 15 82 2 2 5 1 4 3 7 4 4 1 2 1 12 2 1 2 2 2 3 2 1 1 119 1 1 8 1 3 1 3 1 1 2 1 6 1 1 2 2 1 4 1 2 4 1 1 16 1 1 2 2 3 3 3 4 1 1 1 5 2 3 2 3 6 102 1 2 4 4 5 10 3 2 5 2 3 6 2 2 37 1 1 3 1 2 1 14 12 8 1 8 2 4 2 4 3 1 2 2 2 1
2 2 6 2 2 1 1 2 2 10 1 1 4 1 4 2 1 1 2 1 3 3 24 1 1 13 1 1 1 4 12 2 2 1 4 2 14 16 5 1 6 2 1 2 1 3 3 1 7 2 2 2 3 1 2 1 2 2 4 3 3 3 4 2 1 3 2 3 407 4 2 2 9 1 4 1 2 3 2 1 7 2 10 2 5 6 2 3 3 2 2 2 15 2 3 2 3 3 3 2 1 3 1 2 10 2 25 3 2 2 3 1 1 2 2 1 15 5 3 1 5 1 6 3 1 2 4 2 1 17 1 1 3 2 8 1 2 1 1 2 7 1 2 2 3 2 21 1 32 1 1 1 1 2 1 12 2 1 11 4 1 1 2 1 1 2 2 3 11 2 1 1 5 7 4 1 1 3 2 1 1 3 1 2 4 1 1 172 1 17 1 3 2 1 3 1 5 4 2 2
2 1 5 3 1 3 4 3 25 2 3 1 5 1 1 1 2 6 1 2 2 2 2 2 9 3 2 1 38 1 10 4 3 5 2 2 5 1 2 4 1 2 2 3 1 3 1 2 1 2 12 4 4 2 3 1 6 1 2 2 2 4 5 1 5 1 8 1 9 1 4 2 6 1 6 2 16 9 9 2 9 2 2 5 3 1 2 2 2 3 1 3 8 2 1 2 2 1 2 2 4 2 10 7 1 1 2 2 3 1 2 4 22 2 3 2 3 2 3 1 7 1 3 5 2 1 1 2 2 3 1 3 1 1 5 2 4 1 3 3 1 1 6 1 1 5 1 1 2 1 7 2 2 3 26 2 1 2 76 1 3 31 1 1 4 1 5 2 14 2 3 2 4 2 1 1 45 1 2 2 1 92 3 2 3 5 2 1 1 1 1 8 3 2 7 2 2 2 2 3
2 8 3 2 21 2 5 4 1 1 1 1 2 5 3 2 2 5 3 1 1 1 2 4 11 2 2 1 2 69 3 3 3 17 1 8 2 3 7 1 5 31 1 10 10 2 1 1 1 1 10 1 3 6 2 1 1 2 2 9 2 2 28 1 2 1 1 2 3 1 1 4 1 2 1 2 5 38 1 2 6 2 1 1 1 2 1 18 2 1 3 3 17 2 3 2 2 1 1 2 9 1 2 5 2 4 3 6 2 1 1 3 1 4 2 1 6 4 1 2 2 5 7 1 23 11 1 5 3 1 2 3 5 2 1 19 1 1 3 2 1 3 2 1 1 1 2 1 1 11 2 7 2 1 2 2 18 1 3 1 3 2 2 3 36 10 3 6 2 1 1 1 127 11 2 2 2 9 1 3 9 3 1 15 1 11 3 21 8 1 3 2 1 2 1 10 2 2 4 2
1 64 1 6 11 2 3 6 1 1 1 2 2 2 3 1 2 3 4 2 1 10 1 4 1 1 29 2 3 2 1 1 2 6 1 1 2 1 2 1 1 2 3 2 1 2 1 3 1 1 5 1 6 10 2 2 1 1 1 2 4 17 1 2 17 1 2 1 2 2 2 1 2 3 1 5 3 4 7 1 9 3 2 4 2 10 3 2 1 2 1 1 1 1 1 1 2 1 2 3 4 2 2 6 5 1 1 1 1 2 1 1 1 3 1 24 40 1 13 5 1 2 2 3 2 1 2 1 2 16 16 4 2 2 7 4 2 2 2 12 2 2 3 10 1 6 6 4 1 1 1 2 2 2 23 2 57 2 18 2 2 4 1 1 1 125 1 5 2 3 1 3 1 7 2 1 2 8 4 8 7 1 2 4 1 1 2 9 4 2 2 4 1 3 5 1 1 68 263 2
