200
498 360 232 465 115 234 455 500 334 169 486 375 490 122 249 238 191 478 366 106 305 444 240 418 173 468 488 203 326 221 174 424 379 205 243 150 108 464 297 251 177 193 299 334 455 152 485 236 238 308 117 189 151 240 173 352 477 492 452 266 379 480 462 179 230 415 323 281 179 343 437 248 252 322 193 147 404 156 133 251 409 438 351 124 349 218 285 163 374 244 181 240 193 383 488 335 453 250 234 160 464 232 308 465 109 177 168 209 201 124 212 499 406 307 390 452 247 295 198 442 235 134 200 398 228 211 123 318 164 191 276 265 113 118 495 282 428 382 464 442 387 240 166 181 464 301 343 390 114 405 169 497 451 449 383 119 210 413 341 219 179 473 105 308 409 308 482 311 466 344 407 299 483 418 495 300 202 315 131 437 419 111 492 471 410 394 275 158 318 187 426 347 243 184 137 303 275 167 361 322
3 5 4 3 6 3 2 2 6 6 2 2 3 5 4 2 2 2 2 2 3 3 6 6 2 5 4 6 6 5 1 1 2 2 5 6 4 3 2 4 4 1 5 5 4 4 6 6 2 4 2 3 4 3 5 3 3 6 1 4 3 2 6 2 6 5 5 2 3 5 3 6 6 5 6 4 5 1 3 3 1 3 2 4 1 2 2 3 4 2 1 4 2 4 1 3 4 4 5 1 4 2 5 3 4 5 2 3 4 5 3 6 1 4 5 1 5 6 4 2 3 1 5 5 5 6 4 3 1 1 4 5 5 4 1 5 2 5 1 5 2 3 2 4 4 1 5 2 4 4 5 5 6 3 4 5 6 3 3 6 1 3 5 2 4 5 5 2 4 1 4 3 4 2 1 3 4 3 3 4 3 5 4 2 5 1 2 5 1 6 6 2 4 2 1 2 6 5 5 1
1 3 1 1 1 6 9 2 1 3 23 3 2 7 5 1 2 2 1 2 1 2 5 2 8 10 1 2 3 1 7 1 1 37 11 1 1 5 1 4 3 2 1 1 1 2 3 2 23 1 2 2 7 1 10 21 1 5 1 2 1 3 1 1 1 6 7 1 2 1 3 2 4 1 5 3 1 4 1 3 2 2 6 2 5 1 1 2 8 2 1 1 1 2 6 4 2 5 1 2 4 1 4 1 2 16 17 3 2 2 1 5 1 336 2 3 1 3 5 1 1 2 6 309 2 1 1 2 1 1 4 3 1 2 1 1 16 1 53 1 22 5 4 2 1 3 1 13 2 2 1 1 3 8 6 3 1 3 125 2 4 2 5 1 1 1 2 3 14 10 4 1 1 1 3 12 18 2 2 1 5 1 2 1 2 2 14 1 3 2 1 19 4 1 1 2 2 10 3 7
6 2 311 4 3 12 30 2 2 2 4 3 1 1 2 7 2 3 1 2 2 1 1 8 4 280 2 4 3 1 1 1 2 2 5 9 1 1 2 1 141 1 1 1 1 6 2 3 1 10 2 3 5 1 2 1 3 13 2 4 2 1 2 4 2 1 14 9 1 1 2 4 1 3 1 1 1 1 1 325 1 9 1 1 1 2 7 27 1 4 1 18 3 4 2 4 2 1 1 5 1 3 2 4 2 1 5 1 253 2 6 3 2 6 3 3 6 2 2 1 4 1 1 2 15 13 2 2 2 2 3 2 2 2 3 2 1 1 1 7 1 6 5 1 1 32 1 10 5 1 2 1 1 13 3 1 1 7 30 5 5 1 1 2 3 2 3 3 2 7 6 1 2 12 1 3 4 2 3 3 5 1 1 1 15 25 3 2 1 3 1 1 140 1 210 1 2 18 3 6
2 9 3 1 5 2 1 2 3 5 2 2 3 5 1 3 1 2 2 271 4 1 1 1 7 1 1 4 3 2 8 2 10 37 17 8 41 7 3 4 1 1 5 2 1 2 7 9 34 1 1 5 3 2 2 2 1 8 3 1 2 1 2 3 13 1 1 17 2 4 3 2 5 1 1 2 3 2 1 3 7 1 3 3 112 7 5 2 9 2 1 1 6 2 94 1 1 6 5 14 1 14 2 5 1 1 2 8 2 1 4 1 1 1 10 2 1 2 2 15 1 2 6 2 3 1 2 8 4 1 13 1 1 3 20 2 1 2 1 2 1 1 1 1 12 3 2 9 1 3 1 2 6 1 1 1 1 3 1 4 1 1 6 1 2 2 2 7 1 2 3 2 2 12 1 1 2 2 7 2 3 7 3 1 30 3 1 5 2 2 3 1 2 4 2 8 3 2 1 2
15 2 12 4 1 1 13 1 1 2 2 1 1 1 1 1 1 6 1 1 2 2 1 1 2 1 14 1 1 1 1 2 1 7 12 1 1 2 2 1 1 1 2 5 2 2 52 3 28 2 2 4 2 7 1 1 2 2 1 4 1 3 1 1 2 2 1 1 1 1 1 2 1 5 2 1 2 1 1 2 4 1 1 3 3 1 2 11 1 1 2 4 12 33 2 1 7 6 3 2 3 2 1 2 2 3 48 1 1 2 6 1 1 2 1 1 2 1 4 2 3 1 3 1 2 1 2 3 3 2 9 1 5 3 7 3 1 1 1 13 3 10 6 1 2 2 1 2 42 1 2 2 2 2 12 4 21 3 1 7 3 5 2 2 8 21 5 4 3 2 4 1 3 2 2 1 1 2 8 2 12 1 1 1 1 1 2 45 2 3 2 8 4 3 29 12 2 5 3 5
7 1 5 2 5 2 2 1 1 3 15 2 2 2 2 1 1 2 1 18 2 1 4 1 3 6 2 1 1 1 1 1 3 424 2 2 1 101 6 5 4 6 3 2 2 5 2 12 1 4 2 6 6 2 10 2 1 2 4 2 2 1 3 2 1 1 2 2 3 1 2 2 2 1 3 2 2 2 2 2 9 2 7 43 2 4 2 1 1 2 3 3 3 2 2 1 12 2 3 1 1 9 1 3 3 4 9 6 1 1 1 2 2 10 5 1 1 6 2 1 8 4 1 11 2 2 1 2 4 1 1 3 1 6 1 2 1 3 7 5 1 4 1 3 1 24 3 24 4 3 47 3 1 1 3 2 2 4 1 2 2 2 1 5 6 1 3 4 3 9 1 2 3 8 1 3 1 2 1 1 2 11 2 12 2 2 2 1 1 7 23 1 1 4 15 2 34 2 1 2
1 1 2 2 6 5 3 1 6 2 4 6 2 2 3 1 2 8 1 3 1 1 2 4 1 14 6 2 1 2 5 2 5 7 9 2 4 185 3 2 2 1 18 2 2 13 2 1 2 1 1 7 1 5 28 3 3 2 1 2 16 1 2 2 1 2 17 1 109 9 8 2 9 1 1 1 1 35 1 1 2 1 1 1 1 1 2 3 4 9 2 1 3 1 20 6 2 1 1 3 2 1 3 2 3 18 3 2 2 1 4 102 3 2 1 1 2 5 2 8 1 1 1 1 5 2 3 22 2 3 12 2 4 1 2 3 2 6 3 2 1 4 1 1 2 2 10 6 1 2 2 39 2 2 3 2 1 1 3 5 1 1 1 1 6 1 5 1 1 1 1 4 18 103 3 6 3 1 5 5 3 2 6 4 1 2 2 6 3 4 3 163 1 2 2 9 1 2 1 11
4 3 10 1 3 6 1 2 4 1 1 1 2 2 4 39 1 2 19 9 8 7 2 1 2 9 1 2 4 10 1 1 3 1 2 3 1 2 6 1 26 1 1 2 2 1 2 2 1 2 6 3 7 1 1 22 2 1 3 2 17 4 5 1 35 2 8 1 1 1 2 10 1 1 5 4 3 1 1 12 3 2 14 1 1 12 2 3 4 2 1 12 1 1 6 1 1 1 2 15 2 6 3 2 2 5 1 1 5 6 1 2 4 24 10 3 19 3 1 1 1 3 45 2 2 28 1 1 8 2 2 3 2 1 13 1 2 29 1 2 14 2 2 2 1 2 2 2 8 2 31 3 2 27 1 2 5 3 1 17 6 2 2 1 3 1 2 1 3 1 1 3 70 3 1 11 2 32 2 22 10 3 2 2 1 2 10 1 3 3 1 4 13 2 3 7 2 1 14 4
2 3 1 8 10 1 2 2 1 10 1 1 10 2 1 1 5 1 13 1 1 10 1 10 2 1 1 2 3 1 1 1 30 1 8 1 3 2 2 4 2 1 6 6 1 3 1 2 2 3 1 1 2 2 1 3 14 2 2 3 2 1 1 3 2 2 2 8 2 2 8 1 23 4 3 30 3 3 2 1 2 1 13 1 2 7 6 3 17 1 2 1 2 2 2 3 1 1 1 11 11 1 14 2 1 2 36 7 2 13 4 1 2 50 1 3 1 1 1 1 3 2 1 1 10 1 1 2 3 7 1 1 3 3 1 1 3 3 4 2 2 2 1 8 4 3 4 3 3 3 2 1 1 5 1 5 58 1 7 1 14 3 2 1 1 1 1 2 1 4 15 3 6 1 13 1 2 9 11 1 1 2 3 3 3 1 2 2 1 2 3 1 1 2 5 8 7 6 1 2
1 2 1 1 1 2 14 2 2 1 16 1 1 1 3 3 1 1 1 3 1 2 3 1 64 2 1 1 1 2 9 1 3 1 2 2 2 1 1 5 1 237 1 2 18 3 1 1 4 2 4 1 9 3 4 4 1 2 1 3 1 2 20 2 1 2 1 2 1 1 2 7 3 4 1 2 1 2 2 1 7 4 9 18 2 11 1 1 2 1 1 1 2 1 1 2 4 1 1 2 1 2 1 1 2 2 1 5 5 2 2 1 4 2 5 1 2 13 4 2 157 1 1 3 7 3 1 2 2 3 1 1 12 2 1 1 1 2 2 1 1 2 1 2 2 1 1 1 4 31 6 2 1 4 1 5 3 1 1 3 1 1 45 1 1 17 2 1 2 5 19 2 6 2 1 1 4 1 1 4 1 1 5 5 3 1 1 1 1 1 12 4 4 3 1 1 3 11 4 2
1 1 1 2 1 1 2 2 1 19 2 2 3 1 3 1 1 2 3 1 1 4 1 6 1 9 9 2 17 1 5 2 1 2 2 2 3 16 3 6 4 2 2 3 23 3 1 1 7 1 3 4 6 1 2 1 1 7 43 2 2 2 7 18 1 1 2 2 2 1 1 7 1 3 5 1 1 1 4 4 3 48 2 10 1 3 1 1 4 6 5 1 4 17 1 2 3 1 1 1 2 1 2 2 2 5 6 1 9 9 1 2 2 2 20 2 6 1 6 2 1 2 2 3 1 3 42 8 1 1 1 1 3 1 2 31 4 5 2 2 2 2 5 2 2 6 5 7 1 1 1 2 1 1 3 2 1 6 3 1 2 1 4 2 1 1 4 8 2 2 2 2 45 1 1 37 4 12 2 3 3 2 10 1 1 2 2 2 1 2 1 64 9 3 1 7 2 19 4 1
2 2 1 1 3 1 4 1 5 2 7 2 1 1 43 8 2 1 2 4 2 1 3 8 2 2 1 1 2 1 1 1 3 2 48 2 3 12 1 2 3 1 1 1 1 6 8 2 2 1 3 1 9 12 3 3 2 10 1 2 1 2 29 4 1 2 23 16 2 2 3 3 8 1 1 4 3 3 1 6 2 2 2 3 1 2 2 15 1 3 3 1 3 3 1 2 7 4 2 8 5 1 9 2 1 2 2 1 3 2 4 1 1 1 16 2 2 2 1 2 1 1 2 1 1 3 1 2 4 10 9 2 2 7 2 5 2 4 4 2 5 1 17 1 2 1 1 2 14 2 1 1 1 1 3 3 3 7 2 2 3 1 1 96 9 12 2 11 31 1 1 1 5 2 2 2 1 3 12 1 4 2 1 2 3 1 80 2 2 9 2 1 52 2 2 69 189 1 4 2
2 1 2 2 1 1 2 2 1 5 2 1 2 2 1 2 3 3 1 1 4 2 2 8 3 2 4 1 7 4 2 1 4 2 1 2 7 3 3 3 1 1 2 7 2 2 1 2 4 1 3 3 2 19 1 29 18 1 1 2 1 2 3 8 2 15 1 3 11 3 1 3 2 5 1 4 1 1 3 1 2 1 1 10 2 1 2 5 288 1 11 2 6 3 3 1 1 1 5 2 8 1 5 1 1 1 8 2 1 1 5 2 2 1 4 5 1 2 3 2 8 7 2 4 2 2 1 2 4 2 7 1 12 1 1 1 3 10 3 4 18 1 1 2 1 20 2 13 2 1 10 4 26 5 1 1 3 1 10 1 1 1 2 1 2 1 2 11 1 2 11 1 2 2 3 1 4 4 1 1 1 4 13 2 262 2 5 1 2 1 59 1 8 4 9 5 10 2 2 4
1 7 20 1 4 12 6 1 4 7 2 2 2 2 2 1 1 3 1 3 2 1 1 2 1 2 2 23 2 4 6 1 4 4 1 2 2 3 5 7 2 5 10 2 1 10 2 1 25 11 4 4 4 1 3 6 1 1 2 2 1 9 11 20 1 1 2 1 1 7 1 1 2 2 4 14 2 2 5 4 1 1 1 1 2 1 1 1 7 2 3 9 7 4 6 338 4 1 1 3 2 2 2 4 1 3 1 2 7 1 2 2 151 3 1 1 1 4 4 2 2 8 6 1 2 11 1 1 1 2 1 3 1 10 1 1 6 11 3 1 2 3 25 1 1 1 2 2 1 1 1 1 7 14 7 5 11 1 1 1 4 2 2 4 1 9 6 1 5 6 1 2 5 2 2 1 1 1 2 2 1 2 1 5 4 2 3 2 6 2 1 7 1 2 1 2 1 1 2 2
3 2 1 1 2 2 4 6 3 2 2 1 2 10 4 2 1 14 3 14 2 3 4 1 3 2 1 1 2 70 1 2 1 3 7 33 1 1 1 1 2 6 1 1 12 2 4 1 10 1 7 2 1 1 18 2 10 3 2 1 4 1 1 4 4 1 1 24 3 2 1 1 1 2 4 2 2 3 3 13 2 3 2 9 17 1 4 16 2 5 1 2 2 2 2 1 2 1 1 1 1 1 1 4 2 7 3 2 4 1 2 1 1 2 3 2 1 2 16 8 2 1 2 2 5 2 13 8 2 1 276 4 1 2 17 1 48 1 6 2 49 3 2 1 1 7 2 1 2 4 1 2 2 1 1 3 2 71 1 29 1 2 4 3 2 3 1 1 12 1 1 5 2 1 1 1 93 2 7 7 1 1 7 8 1 2 1 2 5 1 3 1 1 1 1 3 3 1 7 5
2 1 6 1 1 3 1 1 1 1 2 1 1 5 7 2 1 5 2 1 1 6 1 1 2 1 2 1 1 1 1 5 2 1 26 33 1 19 3 3 2 3 2 5 2 4 2 2 2 1 3 1 3 1 4 1 3 2 1 15 7 2 1 1 2 2 2 92 1 20 3 2 2 1 2 2 10 18 1 6 2 11 2 2 1 2 101 33 4 319 5 9 7 3 4 1 3 3 1 2 5 1 3 2 1 1 9 3 1 1 6 2 2 1 1 1 5 2 2 1 2 7 23 4 2 1 2 7 4 1 2 2 1 4 1 1 2 2 3 1 1 1 3 66 3 2 12 1 2 1 22 5 1 5 2 2 2 8 1 3 3 2 4 1 15 1 2 2 1 2 3 1 1 6 4 3 2 2 1 5 1 2 2 10 1 4 4 32 1 2 2 1 5 2 1 5 3 3 4 3
2 2 10 3 2 4 2 2 3 16 2 8 3 3 1 4 4 8 4 1 2 3 1 1 1 8 2 4 2 17 1 2 1 3 2 11 3 2 1 1 32 1 3 1 3 1 1 4 14 1 2 5 2 5 1 5 2 155 1 1 4 6 1 2 3 4 1 3 4 1 1 1 2 2 1 2 1 1 1 1 1 2 8 3 2 1 1 5 6 2 2 10 2 1 2 1 2 5 3 2 6 1 3 7 7 3 3 2 1 2 4 1 2 1 1 2 7 2 2 1 4 7 1 2 2 1 19 18 2 1 5 13 1 2 2 2 4 1 1 73 1 2 10 7 1 22 3 1 3 3 2 1 1 2 5 2 1 1 3 1 1 2 7 3 35 2 1 2 2 1 2 7 2 3 3 6 1 2 2 1 1 2 2 1 1 5 2 4 5 6 1 2 3 4 2 5 2 2 1 2
2 1 1 2 1 2 1 1 1 1 1 4 2 2 2 3 2 3 1 2 1 7 2 9 7 2 2 2 3 3 2 2 5 5 3 2 1 7 1 4 2 3 1 1 1 6 5 1 5 3 1 2 4 1 5 4 1 24 2 2 3 7 11 2 1 3 1 2 1 15 2 1 2 3 1 1 1 1 6 1 1 2 2 1 4 1 3 2 2 1 2 1 2 17 3 1 2 1 54 3 2 1 2 1 2 2 4 2 1 1 11 1 2 4 45 2 2 1 1 5 1 3 14 6 1 2 3 1 107 1 1 3 2 2 2 1 2 3 2 4 2 2 2 2 2 7 3 2 2 2 1 1 4 7 5 5 2 1 3 5 2 1 9 2 3 3 2 2 99 10 3 2 1 1 2 1 3 1 2 1 2 2 2 1 2 1 1 30 79 2 2 2 2 3 1 1 1 1 4 2
2 7 2 1 2 2 4 1 2 2 47 5 2 9 2 5 2 4 8 1 1 1 1 2 1 2 5 7 1 1 2 2 2 2 95 3 5 1 20 4 24 2 6 2 2 1 1 5 3 1 4 2 2 7 1 1 3 1 3 1 1 3 1 1 1 1 1 2 1 2 3 2 1 1 27 4 61 3 2 2 3 3 45 1 2 12 2 2 4 377 2 2 1 1 1 1 2 2 1 2 1 1 1 1 1 3 1 4 4 2 4 1 3 2 7 6 2 1 1 1 36 6 1 1 5 2 2 1 2 2 1 1 1 3 13 1 6 1 3 2 1 1 2 1 4 1 2 3 2 2 2 2 7 29 1 2 3 2 4 7 2 7 3 8 3 7 3 1 1 1 2 2 3 2 3 2 2 1 18 2 4 2 1 1 4 1 1 3 2 3 4 2 2 3 2 4 2 1 1 2
4 4 7 2 1 1 2 2 2 3 3 25 1 2 1 3 2 13 17 6 5 2 2 2 5 23 1 1 2 1 84 1 2 2 2 2 3 3 2 2 2 2 5 1 3 3 2 4 1 3 9 1 1 1 11 29 1 1 169 1 2 2 4 1 1 2 3 2 2 3 3 2 2 3 2 2 3 2 1 3 1 3 1 2 1 1 1 3 3 8 3 3 35 2 2 12 2 3 4 2 1 3 1 1 2 27 1 2 2 2 16 2 1 2 7 1 22 1 5 3 9 3 1 2 2 4 1 2 1 2 1 5 1 1 2 2 12 3 2 2 1 3 2 8 1 6 1 2 1 2 2 1 51 3 1 1 2 1 1 1 1 2 1 1 2 9 2 1 2 3 5 5 2 1 1 1 2 2 2 4 3 1 1 6 4 1 6 15 2 1 3 2 2 1 1 2 1 5 2 2
1 5 1 12 2 1 1 1 1 1 1 1 1 2 4 20 2 1 3 1 2 1 3 1 1 1 220 3 1 1 77 18 38 3 2 3 1 2 4 3 1 2 1 2 7 3 1 2 1 2 4 2 1 2 19 3 3 4 9 7 20 1 3 1 2 6 9 2 2 2 1 1 12 6 1 1 3 3 3 2 1 3 6 1 21 2 3 3 2 4 4 3 1 2 2 8 5 1 1 1 1 12 1 2 5 1 1 2 7 2 2 4 1 4 1 1 1 1 1 1 2 5 4 2 3 1 1 1 1 1 3 1 2 1 5 4 2 1 1 1 2 4 4 20 1 22 1 10 1 2 2 2 2 3 1 1 2 35 1 2 11 2 3 3 1 1 3 5 2 4 1 2 4 1 1 2 6 10 2 2 5 2 8 7 10 3 4 2 2 4 1 1 10 2 3 2 3 3 5 1
8 4 1 8 13 2 4 2 1 8 1 1 6 1 1 2 1 1 1 2 78 2 2 1 1 13 13 1 5 3 3 8 1 30 2 1 2 1 2 1 2 3 30 2 53 5 1 14 2 1 8 5 4 63 1 15 3 1 13 2 2 1 1 1 3 1 34 4 10 2 4 1 19 10 1 3 1 2 1 3 1 3 1 2 1 3 1 29 3 6 3 2 3 2 8 2 3 18 2 2 1 1 6 2 2 2 5 1 7 5 5 6 3 2 2 1 19 2 3 1 1 1 7 1 2 1 223 2 3 8 1 2 4 1 3 7 1 2 3 3 1 5 5 2 11 3 5 2 2 1 4 2 1 1 9 5 1 10 5 2 3 5 1 2 1 1 4 5 3 4 13 2 3 1 1 2 1 2 29 4 1 92 2 11 27 1 12 2 2 1 1 16 2 1 2 2 1 2 5 3
1 2 1 5 1 8 3 2 1 1 2 2 2 28 4 6 2 4 2 3 4 2 2 1 2 6 2 2 1 2 11 3 3 6 1 1 2 2 4 1 21 1 5 2 2 3 1 7 2 4 3 5 3 9 4 2 2 1 1 2 11 1 3 1 7 2 1 5 100 1 2 1 3 4 3 2 1 4 1 1 1 1 1 2 9 1 8 4 3 3 2 1 2 1 9 2 11 3 2 1 3 4 6 1 10 2 3 3 1 2 4 4 2 2 1 2 2 1 2 1 1 1 1 1 5 1 1 2 1 1 12 1 1 55 1 2 3 3 1 1 2 1 2 3 1 5 8 1 4 2 1 8 2 1 2 3 2 2 2 1 2 2 1 2 3 1 6 1 1 79 3 2 2 1 2 4 1 2 1 2 5 47 2 12 1 4 2 2 1 1 2 11 2 3 1 2 2 12 3 25
12 6 4 14 9 2 1 1 3 7 8 2 2 11 9 1 2 3 1 2 5 2 1 3 3 1 2 2 1 3 1 9 2 2 6 1 1 4 1 1 5 4 9 2 1 2 2 2 5 8 2 1 1 9 10 1 2 26 3 2 2 3 2 2 3 6 2 1 2 2 1 5 6 1 1 2 1 4 7 3 3 3 3 2 1 38 6 1 3 4 2 14 2 1 1 5 1 2 1 5 2 1 3 1 1 3 1 5 1 25 3 6 1 1 4 6 1 1 2 3 9 8 80 1 106 1 2 1 1 6 4 2 2 2 1 2 2 1 3 6 1 26 2 4 1 31 5 1 2 1 2 50 1 35 21 1 1 1 2 6 2 1 2 9 3 5 1 2 2 1 14 10 1 3 4 6 50 2 2 2 4 3 2 1 2 2 5 3 2 34 1 2 2 2 2 1 1 1 10 3
3 1 54 1 4 1 3 2 1 1 4 1 7 1 3 6 2 1 1 2 1 1 2 4 15 4 1 30 1 2 5 3 25 5 2 1 6 1 3 1 1 5 2 1 1 2 1 2 12 3 10 1 1 4 1 1 2 13 2 9 2 1 12 1 1 4 2 1 1 2 10 3 1 1 1 4 2 1 1 3 13 7 5 3 2 2 1 11 2 4 2 1 3 2 4 2 5 1 2 2 2 2 3 4 1 1 2 2 3 1 3 1 7 3 3 2 7 2 2 1 1 2 4 1 1 1 1 2 8 1 1 1 2 27 4 1 7 3 2 2 2 1 1 4 3 2 1 2 3 4 1 6 1 2 26 2 1 1 2 3 2 1 42 1 1 1 8 5 3 1 1 3 2 1 6 4 1 9 5 1 8 1 11 7 2 6 3 2 2 2 3 1 2 9 1 2 1 1 1 1
3 3 197 2 1 2 8 6 2 12 1 158 14 4 2 1 2 1 4 12 1 4 1 2 1 2 2 2 1 7 1 1 15 2 1 2 3 2 9 2 1 1 13 3 1 2 1 3 1 1 1 2 1 2 2 5 2 2 1 2 1 2 2 1 1 3 7 2 4 2 4 1 1 1 1 1 1 1 1 1 2 5 3 10 2 1 1 3 1 1 7 2 6 3 16 4 2 1 11 1 1 11 1 9 2 2 1 4 8 1 1 2 2 2 1 1 39 3 2 7 2 3 1 1 3 2 2 1 1 14 2 13 4 10 11 3 5 1 1 1 1 1 1 2 1 7 4 1 82 2 7 3 1 2 2 5 1 2 1 1 14 3 1 5 1 1 2 1 1 2 2 1 1 4 3 2 2 2 2 3 2 7 7 2 3 6 1 6 1 2 2 10 2 1 3 2 1 3 1 8
6 2 2 5 1 2 1 11 1 1 1 1 1 1 3 339 3 2 3 9 4 1 1 1 1 1 1 46 2 1 2 5 1 6 1 7 1 5 2 2 6 1 12 1 1 2 1 178 1 11 2 8 18 1 1 11 1 25 5 3 5 1 1 13 1 2 1 31 2 1 2 1 2 2 1 83 1 5 12 2 2 1 2 3 20 1 2 3 1 1 1 4 3 2 1 2 5 4 2 4 3 3 1 11 2 19 2 132 1 1 1 6 2 2 2 19 2 1 167 50 1 1 2 2 1 2 6 3 2 10 1 1 19 3 13 2 1 41 164 3 2 6 3 2 1 1 2 1 2 2 1 1 14 2 2 3 3 1 7 2 10 3 8 7 1 6 138 1 1 13 1 83 1 3 4 2 2 1 12 2 1 1 10 1 1 2 4 2 39 1 2 1 1 2 4 1 4 5 4 3
2 22 11 2 4 2 3 9 1 1 1 168 9 2 2 1 1 42 4 2 9 1 5 9 3 1 4 2 27 6 2 13 3 10 1 30 2 3 1 2 13 2 1 2 1 22 1 1 2 2 1 2 8 2 1 4 1 1 2 2 1 3 1 2 4 2 2 1 1 1 8 6 1 13 2 18 3 1 12 2 2 8 2 4 1 19 3 4 2 4 1 3 1 2 1 3 3 1 2 1 1 3 3 13 1 1 1 2 3 2 2 4 1 5 3 2 2 40 2 2 1 228 2 2 2 2 3 11 9 3 2 2 28 1 1 4 2 1 5 7 1 2 4 2 1 4 2 2 1 2 1 4 6 2 2 1 3 2 1 3 2 1 3 1 3 2 1 1 2 1 1 1 5 2 86 6 17 4 11 2 5 2 4 15 11 2 1 1 2 10 2 2 3 3 1 2 2 1 10 2
4 31 7 3 1 7 2 3 14 1 8 5 2 1 2 1 2 5 4 2 1 1 12 1 1 1 3 1 8 2 4 3 2 2 2 2 2 21 4 1 1 2 1 3 1 1 2 2 9 14 1 2 2 12 3 12 33 123 1 1 2 2 12 3 2 2 1 1 2 1 29 2 1 10 2 1 2 2 1 2 15 1 1 1 4 8 4 1 1 7 1 1 2 3 1 1 4 4 3 1 2 3 1 2 9 27 2 2 2 7 1 1 1 9 4 10 1 1 2 1 1 3 1 3 2 9 1 5 26 36 3 2 2 1 5 3 3 1 9 1 2 2 27 28 1 1 2 2 2 2 2 1 1 1 2 2 4 3 2 4 5 1 1 1 3 2 1 2 2 1 1 1 20 2 4 1 1 2 2 6 3 1 1 5 61 2 3 1 16 3 3 5 8 1 2 7 3 2 1 1
2 1 2 7 2 3 1 93 5 1 2 4 2 7 3 1 1 2 4 5 1 11 5 3 9 16 4 7 1 1 7 2 6 1 1 2 2 1 2 1 4 1 2 1 1 1 4 2 2 3 5 2 118 1 3 3 1 1 3 1 2 2 2 1 2 3 1 2 3 2 4 3 2 9 52 2 3 1 2 13 4 1 4 3 3 39 4 1 1 2 3 4 1 1 6 3 2 2 5 8 1 4 1 1 7 1 1 2 1 2 2 1 4 3 5 15 2 1 45 1 6 2 1 2 2 1 5 19 2 1 2 1 2 1 8 9 3 1 2 1 2 14 4 5 1 2 1 3 2 1 2 2 2 2 2 2 59 1 2 2 2 2 12 10 3 2 1 1 1 31 4 3 5 203 4 5 1 2 1 1 2 32 1 11 5 31 3 2 3 3 2 2 2 234 1 4 1 4 4 1
1 1 3 1 2 17 9 3 2 7 16 10 1 2 2 1 1 1 2 2 2 1 4 1 1 1 2 2 1 2 4 5 3 3 1 3 2 1 2 1 1 1 3 5 2 19 3 1 2 2 1 2 5 1 17 3 2 8 2 3 2 2 2 37 1 1 2 2 5 1 1 3 11 2 62 1 4 2 2 1 1 1 1 1 1 4 5 2 1 2 2 7 2 2 6 15 1 7 5 1 2 2 3 2 1 8 1 2 8 2 7 1 1 1 11 2 2 1 1 1 1 1 2 3 1 1 4 1 1 1 9 1 11 1 2 2 3 1 4 3 1 5 1 4 2 2 1 2 2 76 2 3 2 1 7 2 6 1 1 1 3 2 2 1 33 3 3 2 1 2 11 1 1 1 1 1 3 2 1 4 1 1 1 2 1 1 3 2 2 11 1 15 1 3 1 2 474 1 2 2
1 2 1 1 2 9 10 1 1 3 1 1 11 3 1 8 3 2 2 1 1 1 9 2 1 2 2 1 2 1 3 2 2 1 2 1 27 1 9 1 3 4 4 2 2 1 2 1 1 3 2 7 1 2 2 3 1 2 1 2 2 1 1 2 2 1 2 2 14 44 3 13 1 4 4 2 3 12 3 1 91 17 3 44 14 6 3 2 7 2 5 1 2 2 5 5 2 2 9 1 2 2 1 5 6 1 2 1 2 9 1 1 1 1 1 5 1 2 2 2 6 1 1 2 1 1 1 4 13 1 2 2 3 2 1 11 1 5 3 2 1 4 6 2 5 7 2 2 1 2 2 3 57 1 4 3 2 2 4 7 2 2 2 1 1 1 20 2 1 1 1 1 3 4 1 3 34 2 3 3 1 2 1 9 2 2 1 5 3 3 1 3 5 6 2 2 1 24 7 28
1 2 2 1 2 1 5 5 8 2 12 2 2 1 1 1 2 7 6 1 1 15 1 2 1 2 2 1 9 3 1 2 2 2 2 1 1 1 4 2 1 4 2 3 1 6 13 3 1 5 1 2 3 1 7 2 6 2 2 1 3 10 15 1 1 1 15 1 2 2 3 1 2 2 25 1 1 3 6 39 2 2 16 2 1 8 11 6 1 250 3 7 18 4 13 11 12 1 2 9 2 3 3 21 3 1 2 1 2 2 2 167 1 1 2 2 2 1 1 2 1 2 12 1 1 1 1 1 3 2 1 443 20 1 2 1 9 1 1 2 4 2 1 15 2 13 2 152 3 7 2 14 1 1 1 29 3 3 1 9 1 1 1 3 2 4 2 7 2 2 2 1 2 2 40 3 23 11 2 7 1 3 10 2 16 3 2 6 1 2 2 7 154 18 4 9 1 2 1 3
1 1 5 1 2 20 1 2 16 1 3 2 2 3 1 13 1 1 6 2 3 4 2 1 2 1 23 4 2 54 1 7 6 4 1 5 4 56 5 1 5 1 2 2 2 2 3 1 3 3 4 15 29 3 2 2 2 4 1 7 1 2 1 1 1 3 1 1 4 1 2 1 3 1 2 3 2 1 4 2 1 5 1 1 1 1 4 1 2 1 94 3 1 6 7 2 5 26 3 6 1 4 1 3 3 3 2 1 26 3 1 2 8 1 70 2 1 47 1 11 3 3 1 3 2 1 1 2 2 2 4 3 7 1 2 1 2 3 3 2 4 2 2 1 6 6 1 6 8 17 1 2 2 10 6 2 3 5 1 3 227 3 1 4 2 3 2 1 6 2 11 3 1 7 3 2 2 7 2 2 6 1 3 1 2 3 1 4 1 2 2 1 14 2 17 5 1 1 2 2
5 2 2 28 10 1 5 1 17 13 2 2 11 2 2 5 3 1 1 18 23 1 3 2 1 1 1 2 6 1 1 1 1 1 5 2 1 4 1 4 1 2 2 1 4 1 1 3 4 58 2 3 1 1 2 11 2 3 2 1 12 2 2 1 8 7 2 4 4 2 8 1 2 1 2 2 2 2 6 10 3 64 3 1 2 6 1 4 6 4 7 4 3 3 1 4 1 2 4 6 2 187 1 2 1 3 1 6 35 2 1 2 1 1 1 4 1 4 3 1 2 4 1 3 4 3 4 3 1 1 2 2 1 2 38 1 2 21 1 1 2 3 1 9 2 2 3 5 1 2 1 10 3 2 1 1 2 14 1 1 1 1 18 3 1 2 2 1 1 2 1 2 2 3 3 1 3 1 1 1 3 2 4 2 2 4 1 12 1 1 1 1 2 1 2 2 1 2 1 10
1 20 2 1 1 6 1 2 2 2 12 2 4 1 1 1 1 2 1 6 1 1 3 2 3 3 17 3 1 5 1 1 12 19 9 1 2 1 1 4 1 19 4 1 1 1 1 4 1 5 18 5 1 5 6 1 7 5 1 1 1 9 15 2 2 2 15 2 1 2 12 1 2 1 1 1 13 4 1 2 1 1 1 11 1 1 2 1 3 3 1 7 2 2 7 3 1 2 41 16 2 1 2 1 17 4 1 5 3 1 3 1 1 1 3 14 4 2 1 1 1 2 1 2 2 1 1 8 4 46 3 3 3 2 14 1 5 1 2 1 1 3 170 2 1 3 1 1 2 1 4 1 2 2 9 2 3 1 9 1 4 1 1 4 2 3 2 3 3 2 2 1 1 3 3 1 2 1 1 2 3 1 1 17 16 2 2 4 1 1 4 5 2 20 1 1 1 2 10 1
2 1 4 1 2 6 1 1 2 2 1 32 1 1 1 3 2 3 2 1 2 33 2 1 8 58 37 1 2 1 11 1 12 2 50 1 1 2 2 1 3 2 5 5 89 5 2 2 1 15 1 2 3 3 5 2 3 2 3 1 1 1 2 3 1 1 10 2 1 2 1 4 62 6 1 2 1 11 21 8 4 1 5 2 36 1 1 3 1 1 1 2 3 4 2 1 4 1 2 1 2 1 3 4 1 3 1 2 3 3 1 1 7 3 1 11 11 2 2 3 2 7 1 4 51 2 3 4 2 10 2 14 3 6 2 1 2 1 22 3 2 1 3 3 1 4 1 2 3 4 1 2 1 1 2 2 2 1 2 5 1 1 18 7 4 1 1 1 1 1 2 1 1 2 6 1 1 13 7 3 10 1 9 1 3 22 1 2 2 3 2 201 2 1 2 1 7 1 2 3
5 5 56 1 2 1 4 2 1 11 5 1 1 2 1 32 4 2 2 2 3 4 3 1 5 2 1 1 2 2 1 2 4 1 1 2 1 2 3 23 13 3 77 1 3 4 2 14 3 2 3 2 2 2 5 2 2 20 3 3 7 1 1 1 2 1 2 18 1 5 7 1 42 1 3 1 73 5 5 2 1 2 9 2 1 2 3 2 6 1 7 62 1 3 4 8 3 1 1 5 3 1 1 5 3 3 2 2 1 10 3 2 1 1 1 2 1 3 2 2 13 1 2 1 3 2 1 1 1 1 5 13 2 1 1 5 2 1 3 1 1 5 2 1 6 2 1 3 1 1 3 1 4 1 2 1 8 2 4 3 63 2 2 10 1 3 2 2 15 13 2 3 9 1 5 3 4 4 21 2 1 3 2 2 2 1 1 3 1 111 1 1 5 1 2 1 3 17 1 11
2 2 2 12 1 1 3 1 2 1 1 1 23 2 2 39 2 2 3 7 1 1 11 5 2 2 6 6 1 2 5 2 5 12 8 2 191 3 2 2 1 1 3 18 2 8 6 4 1 1 2 5 2 215 2 2 1 1 2 1 3 5 4 1 22 1 1 2 3 2 1 2 2 2 3 1 2 1 2 2 1 2 1 2 5 1 2 1 4 1 3 1 3 1 2 1 2 1 2 1 6 10 49 2 2 7 14 1 2 1 18 1 3 7 24 2 2 1 2 1 1 2 2 1 3 4 2 2 1 2 2 3 4 3 1 3 1 1 3 2 7 4 1 31 1 4 2 3 14 1 5 2 4 14 4 14 6 2 18 2 2 2 3 2 2 1 6 2 1 5 2 1 1 2 6 1 1 2 4 1 1 1 16 10 3 10 1 2 2 4 6 1 9 4 2 2 60 52 1 3
2 1 1 4 2 2 2 3 1 2 2 1 2 1 1 2 9 2 2 26 1 4 5 4 3 2 1 21 1 2 2 1 8 2 1 1 1 3 2 3 1 8 2 2 2 3 1 2 2 2 2 4 1 6 3 2 10 4 6 2 4 1 1 3 8 2 3 1 3 1 6 1 2 1 1 3 1 5 2 7 1 2 1 1 4 2 3 2 2 1 1 1 3 1 1 1 2 7 6 2 3 19 2 6 2 1 4 5 6 1 1 4 5 6 3 2 12 1 1 2 2 1 120 1 7 2 1 1 1 3 4 2 2 5 1 4 3 1 1 1 2 3 3 2 3 10 1 41 496 5 2 67 1 2 1 1 9 6 1 3 3 2 2 1 25 2 5 1 1 1 1 18 10 1 1 2 2 7 2 1 8 2 2 2 8 3 1 3 29 4 1 1 1 5 1 4 26 1 2 1
3 1 3 2 2 1 3 1 2 1 1 1 47 3 1 3 2 3 1 1 2 5 3 2 1 3 5 1 1 1 1 1 10 11 1 3 2 2 2 1 1 4 1 2 8 1 2 1 16 2 4 3 1 2 1 5 4 1 2 2 1 4 1 1 3 2 7 2 2 2 2 2 2 1 4 3 38 3 1 2 1 1 2 1 1 1 176 15 1 1 3 1 1 11 1 2 1 4 5 1 1 3 1 1 2 2 1 1 4 2 2 2 1 6 3 8 1 1 4 2 6 4 4 3 48 2 5 19 1 1 1 3 2 6 50 20 17 1 3 12 1 34 1 1 3 39 2 6 3 2 9 5 6 1 2 1 1 2 1 1 2 2 2 1 1 3 4 3 4 1 1 7 1 3 2 2 3 4 21 49 3 3 6 2 4 2 1 2 1 4 1 3 4 2 4 5 1 3 4 1
3 4 1 3 3 1 2 1 1 1 1 1 2 3 1 3 1 3 1 1 2 1 4 2 9 21 1 6 1 1 6 12 4 5 6 1 5 1 1 2 5 2 2 2 2 3 2 2 2 1 1 3 2 2 2 2 2 11 2 1 2 7 2 5 1 2 10 1 1 7 3 1 1 1 1 1 1 10 4 11 3 1 2 9 1 1 1 3 3 1 2 1 1 8 5 2 2 1 1 5 1 3 1 3 2 2 2 1 18 1 1 1 2 2 6 2 1 1 2 4 1 9 20 4 4 4 2 34 4 1 2 3 2 75 2 1 9 2 8 2 2 1 9 2 11 2 1 6 2 1 2 2 5 3 1 170 22 2 1 3 1 1 1 3 5 3 1 2 11 3 1 1 2 2 4 3 4 2 3 1 2 1 35 7 4 2 2 1 24 1 3 2 1 5 1 3 1 1 2 1
2 1 4 7 1 3 7 3 3 2 1 3 1 2 1 3 1 1 1 2 32 1 10 2 1 1 6 3 1 2 1 4 2 3 1 7 2 2 7 5 2 1 2 2 2 10 1 1 1 2 2 2 4 1 1 4 41 2 1 3 2 2 4 2 3 6 1 38 1 2 1 4 185 2 1 8 1 1 2 19 5 6 2 1 2 4 1 1 2 2 2 3 2 47 8 4 2 1 1 1 2 2 4 1 12 25 2 2 1 1 1 2 1 2 2 7 4 2 1 4 1 1 14 1 3 1 2 1 2 1 1 3 1 1 2 1 1 8 3 6 3 1 15 3 2 18 3 1 3 3 2 2 3 8 1 5 93 8 2 2 2 2 1 3 2 3 1 1 1 1 2 27 1 1 1 2 2 1 3 1 1 4 3 3 9 1 1 2 4 1 1 19 1 1 12 1 1 2 2 2
2 9 2 1 5 1 3 1 6 14 3 1 2 1 2 203 2 1 1 3 48 2 11 2 2 1 4 2 19 2 1 2 1 6 3 1 2 2 2 1 5 3 2 12 1 1 42 2 2 12 1 1 5 1 1 2 2 3 2 4 1 1 3 1 2 6 2 3 2 1 13 2 4 1 1 1 1 6 1 2 15 11 98 7 3 2 2 2 2 1 1 3 2 1 1 1 1 1 1 3 37 2 7 2 3 31 1 3 2 2 4 4 5 5 2 5 1 1 17 2 4 10 7 1 3 3 1 2 12 6 5 11 2 3 2 8 1 2 2 1 2 3 14 2 10 1 2 6 4 8 2 3 1 5 3 2 1 2 56 6 6 4 4 1 2 2 3 1 5 34 7 3 1 1 1 2 1 2 1 1 1 3 1 1 380 4 1 2 1 1 1 1 3 41 2 1 2 3 2 1
5 21 5 4 4 1 1 1 1 2 1 2 1 7 2 2 4 2 7 2 9 27 5 1 1 5 3 5 128 3 4 3 2 1 2 2 5 3 4 2 6 4 2 1 8 2 84 1 3 11 1 41 1 1 2 2 4 3 3 4 1 26 4 2 1 2 2 1 6 5 1 4 4 2 2 1 1 6 5 1 4 2 1 1 4 1 4 1 13 30 1 1 1 2 1 5 2 4 5 1 1 2 19 1 9 21 8 1 2 1 2 1 109 10 2 3 1 1 1 6 4 2 2 1 1 5 1 1 1 1 3 20 2 5 6 2 9 4 9 1 4 41 2 1 149 11 6 2 1 2 2 2 2 1 3 5 1 1 1 3 7 1 1 6 2 2 1 1 1 1 3 1 3 2 1 298 3 2 2 2 1 1 2 2 2 1 1 1 2 2 2 2 1 5 4 9 1 1 1 1
4 1 19 1 2 1 5 1 1 2 1 3 1 2 3 1 2 1 1 2 2 1 4 1 1 4 1 3 1 1 1 11 4 2 1 2 1 1 6 1 1 7 16 2 33 3 2 4 1 1 1 2 4 9 2 3 1 1 39 8 2 2 6 19 2 2 1 4 1 9 2 1 8 2 2 7 3 9 2 2 1 1 1 2 2 3 4 2 2 1 8 5 15 19 2 1 17 14 3 2 2 2 2 3 16 2 1 3 3 12 2 2 1 1 1 1 4 3 9 2 4 3 2 1 1 1 2 3 2 1 1 1 3 4 2 3 1 9 1 1 1 1 1 2 10 1 1 6 4 7 100 2 17 1 1 1 1 3 2 1 1 2 2 6 2 2 1 1 3 4 1 1 5 1 25 1 3 2 3 4 4 9 13 5 120 1 65 2 1 4 1 2 4 1 1 2 2 5 8 2
2 2 3 5 2 2 2 2 5 2 7 1 7 3 3 1 2 2 11 2 3 3 1 3 7 4 3 5 2 3 1 1 2 3 2 5 1 1 3 2 15 1 4 1 1 2 2 1 1 8 2 36 1 2 1 1 2 1 1 1 1 1 1 1 2 2 3 16 3 1 1 42 17 5 2 2 2 1 6 1 1 20 2 2 29 3 1 1 2 2 1 2 2 3 2 3 1 2 1 38 2 1 2 2 65 1 1 2 1 16 11 3 5 1 1 3 2 1 1 8 2 1 2 3 2 2 23 1 6 16 14 2 3 2 5 1 1 8 8 2 17 3 1 1 2 2 1 1 2 1 68 2 1 1 1 1 4 1 1 5 5 3 6 1 3 1 3 2 4 6 1 300 54 2 3 1 1 2 45 1 1 3 1 3 1 3 27 3 1 2 9 1 3 1 16 2 3 2 2 3
11 1 16 1 1 1 1 2 1 4 1 1 2 6 64 2 1 1 22 2 4 3 1 3 7 2 1 5 2 5 1 13 1 2 2 1 2 6 3 3 7 105 3 2 1 1 1 20 2 2 8 49 12 1 2 2 2 1 1 1 1 1 2 1 2 2 1 6 12 1 13 3 1 1 1 6 1 1 12 2 2 2 1 2 3 12 1 2 4 2 4 3 1 6 6 1 2 1 2 5 5 2 4 5 4 1 1 7 3 1 5 2 8 2 2 1 14 3 1 2 4 2 13 3 1 2 2 2 1 6 2 12 1 4 3 1 24 3 10 1 17 2 3 13 21 1 5 2 1 6 3 3 3 1 1 32 5 1 2 2 3 1 1 2 2 28 1 2 5 2 1 1 1 3 1 4 3 1 4 1 3 3 14 1 1 2 1 4 2 1 2 2 1 28 2 18 26 3 6 2
2 4 4 3 1 12 1 2 3 1 1 3 12 1 2 1 228 3 3 2 3 2 4 1 2 2 1 1 1 1 1 7 1 4 4 12 5 1 2 8 2 4 1 15 1 1 71 3 2 4 1 4 9 3 6 3 7 2 7 10 3 1 2 1 7 1 28 9 2 1 1 1 4 1 1 2 1 2 1 1 39 2 3 2 3 2 1 1 1 1 19 3 1 1 3 2 3 3 7 2 2 4 4 1 3 1 3 1 1 4 2 9 1 1 1 2 4 1 1 1 2 2 2 9 1 1 1 1 1 4 4 1 3 1 55 14 2 4 19 1 2 1 3 1 1 6 2 1 1 2 1 1 2 1 4 2 21 1 1 3 2 2 5 3 13 2 2 1 1 6 4 5 5 2 1 1 2 2 1 1 1 2 3 2 1 7 4 6 40 3 3 2 2 35 7 9 1 2 2 3
2 4 2 1 10 1 2 2 30 2 2 5 2 1 6 2 1 4 4 7 5 5 1 4 3 3 4 5 3 203 11 77 2 1 4 7 1 3 24 1 1 2 4 1 4 1 2 3 2 1 1 87 1 2 1 12 3 6 13 5 3 1 2 7 8 1 2 2 3 6 22 3 2 123 3 1 1 1 2 2 40 4 6 1 2 1 10 6 2 2 3 6 16 4 7 3 1 6 5 10 1 1 2 4 1 7 7 1 2 2 1 1 3 2 1 2 4 1 25 4 4 11 2 9 2 1 1 9 45 7 1 7 5 2 1 1 1 1 2 1 5 1 2 4 2 6 2 17 1 2 9 2 2 1 2 2 3 1 1 5 4 1 2 32 2 1 1 4 2 2 6 2 7 10 4 3 50 1 3 1 17 4 7 1 7 2 1 58 6 1 4 3 3 2 2 22 2 3 4 1
4 3 4 9 9 3 7 27 27 1 2 2 1 3 12 4 11 6 1 28 2 1 8 4 1 11 3 6 1 2 1 1 1 3 2 1 2 1 2 2 2 2 1 18 2 4 1 5 99 1 2 2 6 2 3 6 3 2 2 3 1 3 2 4 1 2 12 3 2 2 2 12 1 1 2 2 16 2 1 1 3 6 5 2 21 1 1 5 2 1 2 18 2 5 1 100 1 1 1 1 2 2 11 5 1 3 2 1 22 1 1 2 9 2 3 18 52 2 1 1 2 2 1 1 3 2 1 1 3 1 2 32 1 2 2 5 4 5 2 1 1 2 2 2 1 1 18 2 1 2 2 1 5 23 1 1 1 1 3 1 6 1 2 1 1 83 1 2 2 3 1 7 2 3 1 2 1 2 1 10 2 2 49 1 2 1 44 5 7 1 12 1 3 4 6 7 2 38 3 9
2 1 14 2 42 1 3 1 3 1 1 3 13 20 5 2 1 3 8 1 83 232 1 18 2 1 7 1 4 1 7 9 3 42 19 2 5 3 1 21 4 1 2 4 1 1 3 1 10 2 75 2 1 2 1 1 2 4 1 3 4 2 4 1 2 1 12 4 1 1 2 1 121 12 1 2 1 3 1 1 1 1 1 1 1 5 4 2 2 9 13 1 1 3 1 1 3 4 2 2 1 3 4 1 21 14 2 1 1 3 2 2 1 1 2 1 2 5 27 2 2 1 2 2 7 3 1 6 2 1 1 7 1 2 5 4 1 2 1 47 3 5 2 1 2 3 2 2 1 2 3 3 2 1 8 2 2 9 1 3 5 1 8 2 10 1 1 14 1 2 3 1 2 1 1 1 2 9 3 8 4 6 2 2 4 12 1 1 1 1 2 2 11 1 16 3 4 1 2 2
4 3 2 5 1 3 6 2 3 2 1 4 1 1 1 1 1 4 5 2 1 1 1 5 7 2 7 4 1 3 2 2 2 3 20 2 2 17 11 2 1 2 2 2 1 2 1 32 2 1 2 1 1 1 4 1 2 5 1 5 7 2 1 6 1 7 1 2 19 4 1 4 2 2 3 1 11 4 1 2 1 3 2 1 2 3 4 3 2 1 2 1 1 1 2 1 2 9 2 2 2 1 5 1 2 2 1 2 2 1 1 1 2 2 2 1 2 2 8 3 3 1 3 63 3 1 1 40 4 1 4 1 18 7 1 3 1 1 2 3 1 14 4 3 10 2 4 1 2 1 2 3 24 3 3 2 2 2 8 2 2 6 1 1 276 1 2 1 1 5 1 1 5 1 2 3 16 61 4 4 23 2 1 2 2 1 2 3 2 1 2 1 2 2 1 27 1 2 3 25
101 1 2 2 5 45 11 3 3 3 7 1 4 1 2 3 4 2 1 2 1 2 1 5 4 2 2 2 2 1 1 1 1 2 2 1 1 2 2 3 3 9 2 2 3 11 2 1 2 1 8 2 5 1 3 1 2 2 1 15 1 3 1 2 1 2 1 2 4 3 2 3 2 19 9 2 1 2 8 2 3 2 28 2 1 1 4 5 2 2 9 3 5 42 11 2 2 1 2 1 1 7 11 1 8 1 5 3 2 1 2 28 2 3 5 1 3 11 7 8 2 1 1 1 2 2 1 1 8 5 1 8 1 8 3 2 2 1 11 5 11 2 4 26 1 1 1 1 16 3 1 1 1 20 52 1 58 2 1 1 4 14 4 2 6 7 1 2 67 18 34 1 4 6 16 1 1 1 2 1 6 1 5 7 5 1 4 8 2 25 1 1 5 2 8 3 1 2 1 4
1 2 2 1 1 4 1 3 1 2 1 2 1 1 3 1 1 1 2 3 1 7 4 1 2 2 4 2 2 2 1 2 2 1 2 22 1 2 1 1 3 2 1 2 5 2 1 1 1 3 3 1 10 1 5 13 7 3 1 59 2 5 5 2 1 9 48 49 4 2 4 4 1 51 2 4 1 2 2 2 9 1 1 6 2 1 2 1 1 2 2 1 3 1 2 6 1 1 1 1 2 4 27 1 10 3 2 1 2 1 8 1 1 7 1 1 4 1 1 1 4 2 2 1 1 2 2 22 2 1 1 8 4 1 1 1 2 1 3 1 1 1 3 2 2 2 10 3 1 2 2 1 1 1 1 1 7 2 10 1 2 4 1 7 2 29 2 2 10 3 2 1 4 3 1 3 2 2 3 6 1 4 5 2 2 22 1 1 1 39 45 1 1 2 5 2 4 3 1 3
3 1 1 1 1 4 3 1 6 2 2 4 3 8 24 1 24 4 2 2 1 2 16 2 2 2 1 2 2 2 2 7 4 1 1 1 3 18 5 1 1 2 2 2 1 89 5 2 3 1 1 1 2 2 1 6 5 1 2 2 4 18 3 9 2 11 3 5 11 2 2 1 6 1 2 7 2 40 6 6 2 9 2 2 2 1 2 2 1 1 2 2 3 1 2 1 1 2 1 37 1 1 7 3 1 38 2 1 1 2 1 2 1 4 1 2 2 2 2 13 12 1 1 2 1 12 2 4 1 1 2 1 9 2 2 1 1 1 2 2 1 2 70 21 37 2 8 6 4 1 1 2 1 7 1 1 1 1 6 3 2 2 1 4 12 1 438 2 5 7 1 3 1 1 1 4 2 9 14 2 5 2 14 2 1 2 1 1 2 5 1 2 1 6 1 361 1 2 3 3
3 5 1 7 2 1 1 2 3 3 4 6 1 6 2 3 28 2 1 2 5 1 8 7 1 14 1 15 1 4 1 1 7 9 5 1 2 2 2 2 4 6 8 37 3 16 1 4 1 2 3 5 1 34 3 4 2 5 1 4 3 1 1 1 1 1 4 1 19 2 2 1 5 1 1 2 1 2 4 3 1 2 7 3 5 2 1 56 5 6 325 4 2 17 5 4 1 1 3 2 2 5 1 2 2 25 3 3 5 8 3 1 1 2 1 1 2 3 1 2 13 1 3 6 3 2 8 5 2 8 21 1 1 3 1 75 5 1 4 18 1 1 4 3 2 1 1 3 1 1 1 3 13 1 2 13 25 1 7 5 1 5 2 1 65 81 1 1 2 7 19 1 1 3 4 2 1 1 1 1 2 3 2 6 1 2 1 11 1 7 61 51 1 2 6 4 2 9 4 2
1 7 3 3 1 1 1 12 2 2 6 2 2 3 1 3 2 1 1 2 18 2 5 1 6 2 1 2 1 2 1 3 1 5 4 2 3 6 1 1 19 2 8 19 2 1 1 12 1 1 1 2 1 4 1 4 1 1 20 1 7 269 1 5 1 2 5 5 7 1 3 5 36 2 3 1 6 5 1 1 4 2 2 3 16 1 9 3 27 32 5 2 3 2 1 1 16 2 16 1 1 1 1 2 1 2 1 5 2 1 1 2 100 2 11 52 5 7 1 2 3 2 4 1 2 47 5 1 1 9 2 4 1 4 4 7 2 2 2 1 2 1 2 1 4 3 2 2 1 1 1 3 1 4 1 1 2 2 1 1 1 1 2 7 1 2 8 1 1 67 34 8 6 2 2 31 1 3 7 1 2 2 2 6 7 2 2 6 2 1 2 36 2 2 17 3 2 1 90 10
1 1 7 4 2 2 2 4 2 2 1 5 2 6 2 3 4 1 13 3 1 1 2 1 2 2 1 1 3 1 1 1 1 1 6 1 6 2 5 3 1 2 10 1 4 18 2 2 1 5 1 4 1 5 4 1 2 1 1 2 3 2 2 2 1 12 6 1 8 2 2 2 1 17 1 2 1 2 3 3 1 2 1 1 19 49 1 1 4 1 1 1 1 1 127 2 1 10 110 1 1 11 1 2 1 1 28 22 2 1 5 1 38 3 2 2 2 6 1 2 2 3 1 12 3 1 1 2 3 1 1 3 2 6 1 1 8 5 2 1 4 1 2 1 2 2 3 2 3 1 3 1 3 4 17 2 2 90 1 7 1 2 5 1 1 1 1 3 3 23 3 1 4 1 8 1 1 1 4 2 2 1 2 12 1 1 2 2 1 1 2 5 2 1 1 1 2 1 2 2
4 2 1 3 2 5 1 1 6 2 4 1 2 19 2 2 3 1 2 3 1 1 2 1 6 2 2 4 11 5 5 1 2 1 1 11 1 20 1 3 19 1 260 4 3 1 10 2 2 1 4 7 4 7 3 2 18 4 1 30 2 7 8 2 1 2 1 1 1 1 4 3 1 4 30 1 1 1 1 1 2 1 11 1 6 2 4 9 1 9 1 3 9 3 3 1 1 2 2 48 1 2 2 2 1 13 1 11 3 1 3 5 2 1 2 2 2 2 22 1 1 2 6 3 25 3 5 2 11 1 1 2 13 2 4 4 2 3 1 1 1 1 1 1 1 1 10 3 3 5 1 5 4 2 52 6 3 1 1 1 2 1 4 5 2 1 2 1 6 1 8 1 1 2 5 1 2 4 2 1 6 18 2 5 4 1 8 2 2 2 2 2 50 13 24 1 1 2 2 1
1 2 2 16 7 23 1 2 1 13 3 1 1 2 1 2 4 3 2 4 2 1 2 1 1 2 8 1 6 3 1 2 25 1 1 2 2 1 2 7 3 1 3 1 2 2 3 4 1 4 1 1 2 19 2 23 16 1 1 2 8 1 1 5 2 1 2 1 27 2 1 1 1 3 4 1 2 3 6 1 1 2 1 2 12 3 1 3 2 1 1 4 8 3 3 1 2 1 17 1 1 1 7 2 14 4 3 1 5 2 1 3 1 7 12 1 1 2 2 5 3 1 1 2 8 2 3 2 1 4 1 1 1 1 2 1 8 3 2 2 1 1 7 5 3 1 4 1 2 1 1 1 1 34 2 3 4 1 1 1 1 1 8 6 1 1 15 1 2 3 2 10 2 59 1 4 4 1 12 2 2 2 3 5 2 2 2 2 5 2 15 1 1 4 1 2 2 1 36 1
2 1 1 1 1 5 1 68 3 2 2 1 1 10 2 2 2 17 79 2 1 3 12 4 5 8 2 3 2 1 7 150 2 1 3 2 1 2 35 1 22 2 2 4 1 3 13 4 1 5 4 1 8 3 4 4 2 3 7 7 3 1 8 2 2 1 2 3 2 3 1 1 2 7 2 4 2 4 2 2 1 1 27 2 1 10 1 3 3 2 1 3 2 11 17 1 2 1 2 60 1 3 4 1 1 1 2 26 4 3 2 2 1 4 7 286 1 1 1 1 455 8 1 1 2 3 1 9 2 2 8 2 6 1 2 2 1 1 3 24 5 2 3 1 8 1 2 1 7 2 7 1 3 1 3 6 1 1 2 1 1 1 1 2 1 1 2 2 2 1 1 2 3 1 496 2 10 1 1 1 45 2 12 3 1 1 2 2 1 7 3 6 21 3 6 1 1 6 2 78
1 1 5 1 1 42 1 3 2 1 1 1 11 2 1 2 8 10 1 2 1 5 2 1 1 1 5 2 3 3 1 1 1 2 1 1 3 2 7 1 1 2 2 1 1 2 1 21 1 4 2 1 6 1 2 1 1 1 2 1 2 1 30 2 2 6 5 3 2 2 2 2 9 1 3 1 2 1 1 2 3 2 16 1 4 2 2 5 5 1 1 2 1 8 2 7 1 3 1 1 2 1 3 1 1 1 10 2 2 4 2 1 2 2 11 1 1 3 2 3 2 15 1 2 1 1 2 3 2 2 1 2 1 2 3 5 16 1 18 1 1 27 53 4 1 1 1 2 2 4 9 1 5 2 2 1 2 8 15 9 2 2 9 11 2 2 2 2 3 5 2 3 10 2 1 216 4 2 2 12 1 1 1 1 3 1 2 1 8 5 3 3 38 2 4 2 2 1 3 2
5 1 4 1 2 2 2 4 1 7 1 3 1 2 1 5 1 2 2 3 2 1 3 7 1 1 2 1 2 3 2 1 5 12 2 1 1 1 2 1 7 8 5 2 2 2 3 1 2 1 39 4 5 2 2 1 7 19 3 6 3 13 2 5 1 1 2 17 2 44 2 1 3 29 1 30 4 13 2 1 1 2 24 5 23 1 63 35 1 1 8 6 4 2 2 1 1 25 2 3 1 1 2 4 2 3 1 1 2 1 1 1 4 2 4 2 3 2 3 2 22 1 7 1 2 1 2 1 2 1 4 7 1 2 7 2 1 1 2 1 3 3 5 4 2 2 6 1 2 2 2 46 1 6 2 3 1 1 3 5 1 4 3 1 1 106 2 1 6 4 1 9 2 2 7 1 2 3 2 4 2 1 5 1 2 8 1 1 18 13 1 1 2 2 3 3 3 1 1 1
4 2 15 4 1 1 1 2 7 4 2 6 1 2 15 2 2 1 5 11 82 1 4 2 1 4 2 3 2 92 6 1 7 2 2 1 1 3 1 1 6 5 1 2 2 2 1 15 1 13 6 69 2 2 1 2 2 3 1 2 2 1 2 3 2 2 1 2 3 7 3 88 2 1 2 1 5 1 29 2 2 1 1 2 2 1 36 2 6 26 2 1 2 2 3 1 4 2 2 1 2 9 1 38 2 2 7 1 2 4 2 4 1 7 1 1 1 1 29 1 1 4 2 3 2 2 1 2 5 18 2 5 3 2 5 1 1 2 9 1 6 2 2 1 2 3 2 3 1 1 5 18 3 14 1 3 1 2 2 1 2 10 3 3 3 1 4 12 1 19 2 45 2 41 4 2 2 2 2 1 2 1 2 4 4 9 4 2 2 2 3 8 2 5 2 1 2 227 1 2
11 2 2 149 27 5 2 1 4 46 1 4 1 1 5 2 2 15 5 6 1 9 1 3 2 2 10 3 1 12 2 3 1 1 3 1 7 1 1 2 5 1 2 3 4 2 27 159 1 3 2 9 2 2 4 2 3 5 3 2 2 2 3 3 37 1 1 1 31 5 3 116 2 1 2 2 4 3 1 4 2 1 1 11 2 2 1 1 4 3 1 1 22 1 1 3 1 7 7 11 2 3 15 4 1 1 3 1 5 1 1 2 2 1 21 2 2 2 1 1 3 5 3 1 1 5 1 6 2 2 3 2 5 5 13 2 1 2 2 3 4 2 2 2 10 1 5 1 2 1 7 2 8 2 1 1 2 1 1 1 2 5 3 7 8 2 1 1 7 1 1 3 2 164 1 170 1 5 1 30 2 1 3 2 5 1 1 4 2 3 11 40 1 3 2 10 23 3 2 2
11 2 4 2 1 1 2 1 1 11 2 1 2 2 1 2 2 12 4 3 1 1 1 64 5 5 1 101 2 2 1 12 1 2 1 1 2 1 2 2 2 90 4 4 5 1 2 1 3 1 2 1 4 2 2 3 3 1 2 1 2 4 1 1 1 2 2 1 4 2 3 1 2 1 6 3 1 4 4 2 3 12 1 2 2 9 10 1 5 40 9 31 4 2 1 1 3 1 5 1 2 1 2 2 1 1 2 3 1 2 4 2 4 1 3 1 2 2 1 1 8 15 2 3 3 6 1 4 1 2 1 6 4 15 5 83 2 1 1 1 3 5 2 1 1 1 5 2 4 1 2 1 2 39 2 1 4 2 1 2 1 2 4 2 2 2 137 3 7 2 2 2 2 27 3 5 1 2 1 3 6 3 2 1 2 16 11 1 4 3 9 2 1 2 2 2 1 1 2 1
2 2 3 2 2 1 13 2 1 4 50 1 1 2 38 3 55 2 1 7 135 11 4 1 9 2 1 2 1 4 6 1 2 2 9 1 4 2 2 1 1 8 1 1 1 3 1 2 5 1 3 2 41 1 7 2 3 2 26 1 1 1 1 1 3 1 84 9 1 19 2 2 2 1 1 4 10 5 5 2 1 2 2 2 1 24 3 2 1 5 5 1 2 1 1 1 10 4 2 1 1 18 2 2 1 2 1 2 4 7 1 2 9 9 2 8 4 155 1 5 1 1 4 1 2 1 4 1 10 1 2 2 2 1 1 1 1 2 6 3 1 1 2 2 1 2 6 2 2 1 3 3 30 2 3 1 1 13 2 5 1 2 2 4 2 1 30 1 1 5 3 2 8 1 1 1 21 4 1 2 6 4 22 2 3 7 1 2 3 41 1 2 1 5 10 1 4 3 6 2
2 1 3 2 2 1 52 1 2 1 4 2 2 9 4 6 1 1 1 3 1 1 1 3 2 1 1 3 2 1 8 1 7 5 1 3 1 1 2 1 3 4 3 1 4 1 5 1 3 1 2 1 4 2 1 1 18 2 1 1 1 1 1 3 15 1 1 15 12 2 6 3 1 17 7 3 1 3 22 1 4 3 1 3 2 2 3 7 5 5 2 2 1 3 2 2 3 6 118 1 1 2 2 1 13 11 3 2 2 5 2 1 2 6 4 4 1 2 1 2 1 3 2 1 2 7 3 2 1 3 1 2 1 32 2 2 3 1 3 57 1 1 19 2 1 5 1 1 3 10 1 7 2 2 4 26 5 3 5 1 1 13 1 2 1 3 16 1 8 1 1 1 2 1 3 1 1 1 5 1 2 2 2 8 3 20 1 1 5 25 3 1 3 2 2 2 1 1 5 8
3 17 1 2 2 2 4 1 77 1 1 1 2 1 2 2 12 5 1 1 2 2 1 2 1 3 4 2 3 1 1 13 21 3 2 10 5 2 2 1 2 1 1 1 3 1 4 3 1 2 2 1 4 3 2 13 2 4 4 1 1 2 1 2 3 2 2 2 2 2 1 3 2 1 1 7 1 4 2 2 2 2 4 2 2 1 4 1 1 3 1 2 1 2 1 4 10 2 2 3 1 2 4 3 2 2 5 4 3 4 1 4 1 1 1 2 1 1 3 1 2 2 2 1 2 1 1 2 1 2 5 10 2 2 2 1 3 2 2 2 2 2 1 1 1 1 45 2 6 23 2 25 11 1 2 2 62 2 40 4 5 2 4 1 2 6 1 32 2 1 1 1 1 1 4 1 1 2 2 1 3 9 2 11 2 1 4 2 55 18 3 3 1 2 3 1 1 2 2 4
2 35 2 2 5 1 3 2 1 2 2 1 5 2 3 2 1 2 2 4 2 1 2 1 4 1 2 33 2 1 4 2 32 2 1 2 1 3 1 2 3 4 1 2 52 2 2 2 16 1 32 1 3 7 4 14 1 3 1 1 2 1 7 4 1 2 18 7 1 3 2 2 6 3 1 3 1 2 3 1 1 2 8 2 2 4 2 2 1 1 3 2 1 2 1 27 8 4 1 3 26 2 2 2 139 2 5 2 1 1 7 6 2 3 1 2 1 4 2 5 7 2 4 3 4 2 3 8 1 1 3 1 1 2 10 8 1 3 2 2 4 5 1 2 1 5 3 2 1 1 3 6 3 16 2 2 1 1 1 5 1 1 1 9 3 1 1 2 16 1 2 1 1 1 3 39 8 1 3 2 8 1 2 2 2 2 1 1 1 2 27 2 3 1 2 1 2 30 1 2
1 2 3 4 1 3 1 7 1 2 4 3 1 4 1 2 3 2 3 6 1 8 1 1 14 2 3 5 2 3 1 1 5 1 1 1 2 2 2 8 13 1 1 3 2 1 1 2 2 3 2 2 5 2 2 2 1 1 2 2 4 1 2 2 32 6 1 1 3 1 2 3 1 2 2 2 1 2 2 2 1 22 1 2 1 4 18 2 1 105 1 3 2 21 1 4 31 1 6 2 1 1 3 2 2 1 2 2 3 2 1 7 2 9 8 5 1 10 2 43 1 3 3 5 1 3 1 1 6 2 2 121 2 2 1 1 2 1 1 5 2 4 1 1 2 6 1 1 1 2 1 27 1 13 1 3 1 1 1 4 3 2 1 2 1 3 4 4 1 1 5 2 1 1 3 5 2 5 2 2 4 2 2 2 1 1 6 1 10 1 3 1 1 5 1 1 1 2 1 4
1 1 1 7 1 3 3 3 2 5 7 3 1 2 1 2 3 8 1 6 2 4 2 2 17 2 9 2 2 6 2 4 10 3 10 4 3 2 1 1 16 1 2 3 1 2 2 82 1 4 1 262 2 2 3 2 2 1 2 1 1 4 3 2 1 3 1 2 8 1 1 5 1 13 2 2 17 3 2 5 2 1 1 1 2 1 2 1 5 5 2 1 4 2 1 6 1 2 121 10 1 6 2 5 1 1 2 2 2 1 3 5 4 25 9 2 1 3 8 20 15 2 1 74 1 1 1 15 2 2 6 1 1 4 9 2 1 2 2 1 1 2 6 1 4 1 1 1 1 7 33 1 2 4 1 1 1 1 1 3 3 2 1 16 3 4 1 2 1 3 2 15 1 5 10 1 56 9 2 4 13 27 1 6 23 5 1 12 4 3 1 36 5 7 1 1 4 4 1 1
1 2 1 2 1 2 2 3 6 42 2 1 1 2 2 1 2 3 1 3 1 465 4 1 3 2 1 2 2 1 1 40 186 3 2 1 2 3 8 5 3 2 2 15 3 1 3 1 3 1 3 1 1 1 5 1 1 1 2 7 1 2 3 1 2 1 1 1 6 1 16 1 7 1 14 1 2 8 3 3 13 2 1 2 11 1 2 6 2 1 3 2 2 1 1 1 1 1 2 4 2 1 1 1 1 1 1 2 3 2 15 2 4 1 11 1 5 1 1 3 4 1 8 2 3 4 2 6 2 1 2 9 1 1 35 2 2 3 2 1 2 2 4 15 2 1 1 3 2 1 2 1 1 5 2 2 8 2 1 1 18 1 13 54 1 6 1 1 7 2 1 3 2 3 1 1 5 1 21 7 13 6 2 34 2 1 1 4 1 1 3 2 1 1 9 4 16 5 3 1
95 2 2 1 40 2 2 2 1 2 13 1 2 7 1 4 2 15 1 4 1 1 1 2 2 1 2 8 14 1 3 2 3 1 9 7 6 2 2 9 2 1 9 2 2 5 1 2 6 5 2 3 4 3 4 1 2 1 11 2 1 1 1 11 3 2 3 3 2 2 1 2 1 3 1 4 2 8 2 1 1 1 2 2 12 1 1 2 2 2 6 2 2 1 3 2 2 2 3 9 6 2 1 3 1 1 1 8 1 2 2 1 4 1 1 2 2 3 2 1 2 4 3 2 412 20 1 2 7 1 7 3 2 4 1 1 3 2 2 1 2 4 1 1 1 13 2 1 13 1 3 4 1 1 2 2 8 1 2 2 9 9 2 2 2 1 6 6 3 6 1 1 2 3 2 2 1 1 1 5 1 4 1 2 1 2 2 1 2 4 7 3 1 1 2 2 8 1 1 11
1 1 1 1 7 3 2 10 4 40 2 1 2 41 2 1 2 3 6 2 11 1 2 6 1 3 4 2 6 2 2 7 2 3 2 1 1 1 1 7 46 2 2 1 4 2 137 7 3 1 1 2 2 2 1 1 1 10 1 2 2 3 1 2 3 4 33 3 1 1 2 1 4 1 6 2 1 3 2 1 1 3 1 1 2 2 1 1 2 5 3 1 1 2 1 1 265 3 1 1 1 34 1 1 1 2 6 2 2 1 1 2 7 19 2 1 1 2 1 1 1 1 4 1 1 5 3 2 1 2 1 2 2 1 2 4 2 1 2 1 51 2 1 1 1 1 1 8 1 1 6 2 2 3 1 8 2 2 2 4 2 2 8 9 1 1 2 1 1 4 3 3 4 6 1 1 1 2 1 2 4 1 1 1 10 3 5 2 6 1 2 4 1 25 1 2 2 3 5 1
6 1 2 1 12 2 4 1 1 11 2 1 1 4 2 2 1 5 7 3 1 1 2 2 2 1 1 10 3 5 2 12 1 41 3 7 1 1 7 1 3 4 2 5 1 1 5 5 8 3 4 5 4 1 1 2 2 2 3 2 2 2 3 1 1 10 3 1 2 2 1 9 5 5 1 2 2 2 1 11 2 1 10 1 35 5 2 3 20 8 1 73 2 4 4 1 4 1 1 5 11 1 1 1 2 3 2 1 1 1 2 12 5 5 2 2 2 1 1 34 1 5 6 5 1 5 8 28 2 2 1 2 2 1 4 1 4 1 2 3 2 1 3 7 1 2 1 17 7 28 1 2 3 9 2 1 1 1 1 2 3 3 2 1 2 4 1 1 1 2 9 6 3 2 1 11 2 1 1 1 4 5 1 2 1 1 2 6 11 3 1 4 1 1 1 3 1 11 4 2
3 1 4 1 2 2 1 5 2 10 1 2 3 1 5 2 3 1 44 2 2 1 2 1 6 1 4 2 5 3 3 2 5 3 2 3 2 3 5 1 4 2 1 12 4 1 1 5 1 1 1 3 12 2 5 3 21 11 9 1 2 45 20 2 4 3 46 2 5 13 1 2 1 2 16 2 13 2 4 3 3 1 4 21 3 2 2 2 2 2 2 20 1 1 2 3 1 2 4 4 1 1 2 19 7 1 2 3 13 6 1 2 5 1 1 1 1 1 1 4 5 2 4 8 1 2 2 13 2 5 1 4 18 2 1 2 12 13 2 17 1 2 1 1 3 2 7 3 4 1 2 2 1 2 11 2 1 3 3 1 1 1 3 2 20 1 13 7 9 1 2 2 2 2 1 2 1 2 3 1 19 2 1 2 1 1 3 2 1 2 4 2 3 2 3 3 1 1 1 5
2 28 6 3 9 10 2 1 1 1 7 1 2 2 1 1 14 15 68 4 3 2 1 2 1 1 4 3 6 1 1 3 3 1 3 1 1 3 8 85 1 4 2 1 1 1 9 6 2 6 2 2 7 2 4 1 4 1 4 3 2 1 4 11 7 49 1 1 2 2 5 1 1 1 15 4 2 1 2 11 2 5 2 11 8 7 2 1 2 4 3 2 4 1 1 4 7 10 2 4 2 1 3 1 1 8 9 2 1 2 1 4 1 1 4 3 1 3 103 1 7 1 106 2 2 2 1 2 2 1 1 3 3 1 1 1 8 1 8 2 6 2 1 1 13 2 2 1 3 1 6 3 1 1 1 2 2 2 2 2 2 1 2 2 1 2 3 3 7 1 1 4 3 3 2 2 1 3 5 2 1 1 1 1 12 1 2 2 5 2 4 9 2 11 2 1 7 2 2 1
3 8 6 2 52 1 3 2 3 1 4 1 1 1 2 2 18 1 3 2 18 3 1 1 7 4 4 2 1 3 1 2 1 3 2 1 1 1 3 1 1 2 2 4 22 1 2 1 1 33 1 6 1 2 5 1 1 3 1 1 1 2 2 1 1 2 1 4 3 3 3 1 2 1 1 6 2 4 42 6 2 8 3 4 4 7 3 2 1 2 2 2 86 1 2 21 2 1 4 2 2 1 10 5 2 2 2 1 2 5 1 1 1 1 40 140 3 13 2 8 4 8 3 1 1 2 3 20 3 3 3 2 1 2 1 3 9 7 1 2 1 1 2 3 1 2 3 13 3 2 2 4 2 1 73 3 32 3 2 31 2 4 61 3 4 77 2 3 8 1 2 4 1 2 2 5 1 4 6 1 1 1 2 5 1 2 2 2 1 4 2 2 6 2 1 6 2 1 9 8
1 2 16 8 1 3 1 4 4 6 1 96 32 1 5 2 1 3 2 3 2 3 1 2 4 1 1 8 2 8 83 22 2 2 2 2 4 22 3 1 4 3 1 1 4 1 1 1 1 1 15 1 2 1 4 1 1 9 1 1 1 31 1 2 1 4 43 6 3 14 1 7 4 4 2 1 2 1 3 8 1 2 1 1 1 1 2 3 2 3 8 2 1 15 1 29 4 2 1 2 2 1 2 4 1 2 1 1 1 3 12 2 1 2 5 7 2 20 40 3 11 2 1 1 2 1 9 3 1 5 4 2 1 2 48 1 11 10 5 8 3 6 1 3 1 1 2 114 8 2 2 1 3 21 1 1 2 4 2 12 1 2 56 5 17 1 1 2 2 6 11 7 23 9 4 4 1 1 2 5 6 1 2 4 3 1 2 1 5 14 2 13 1 1 3 1 1 3 2 1
1 3 17 2 3 2 1 2 3 1 18 1 11 1 17 28 2 2 1 3 4 1 2 2 1 7 5 1 2 226 3 1 1 73 10 1 1 1 5 52 3 6 3 9 1 4 1 9 7 2 2 7 5 1 4 15 1 2 11 55 1 1 3 1 2 4 2 2 13 1 5 2 2 27 1 1 1 2 1 1 3 3 6 2 1 4 2 2 1 1 1 190 148 6 1 1 3 11 5 44 3 1 1 2 72 2 2 1 1 8 2 8 5 1 1 2 2 2 1 2 3 2 5 3 2 4 4 2 3 3 20 82 2 2 1 1 4 2 2 1 5 1 39 8 1 1 2 3 2 4 2 1 1 3 2 7 2 9 7 3 2 2 22 1 2 2 1 1 3 1 15 4 5 2 1 1 1 4 2 2 1 1 1 5 3 1 4 5 2 2 1 3 1 3 13 2 7 3 1 1
1 3 1 1 2 2 2 1 3 1 1 6 8 1 1 2 1 2 3 2 2 1 2 1 1 2 3 2 2 5 1 4 1 3 2 3 3 6 1 1 2 1 3 3 1 1 1 1 85 1 3 1 27 1 2 1 1 1 3 1 22 1 2 1 1 5 19 1 10 53 1 2 3 1 1 2 1 9 2 2 1 3 280 2 1 3 5 1 7 12 2 4 1 1 12 2 2 2 6 1 1 7 3 6 5 4 14 3 1 3 2 1 2 1 12 9 13 2 1 6 6 2 1 9 1 2 27 2 1 2 3 13 4 4 2 3 2 2 1 2 2 3 1 1 1 3 2 2 2 4 2 6 2 2 27 16 1 1 1 2 9 2 5 1 2 2 5 1 6 2 1 1 1 2 15 2 1 43 2 1 1 3 1 1 2 2 1 4 1 1 2 4 1 2 5 4 1 2 6 2
1 16 1 1 1 2 6 11 3 1 1 3 2 1 2 1 2 1 6 1 5 3 8 7 10 28 11 1 27 1 3 4 4 30 1 6 5 2 3 18 1 2 3 3 1 20 1 4 1 2 1 5 5 3 2 4 2 2 1 5 2 1 8 3 2 2 2 1 2 1 2 2 2 1 3 11 2 2 1 2 1 5 5 1 1 2 2 3 2 3 3 2 6 1 83 3 5 4 62 6 2 3 1 1 1 5 39 5 1 2 3 31 11 1 1 4 4 437 3 3 4 6 2 199 2 4 59 3 2 2 1 2 1 9 15 2 7 5 1 1 1 3 2 1 3 4 1 2 4 4 3 3 1 1 1 2 3 12 5 2 1 4 24 2 4 10 14 6 2 2 3 1 2 1 4 3 6 1 3 4 1 1 1 1 3 2 16 5 3 1 2 2 2 1 190 3 5 6 2 3
4 6 2 1 1 2 2 2 2 3 5 2 1 3 1 24 3 3 1 2 1 1 10 2 1 63 5 4 1 2 3 1 2 2 40 1 1 4 1 1 5 1 3 1 6 7 1 2 1 1 4 2 1 2 3 4 2 1 5 3 2 2 1 9 2 2 16 6 2 2 7 2 1 7 2 1 2 3 2 1 2 1 1 52 1 1 7 3 2 6 1 5 3 1 16 1 10 60 2 7 6 7 1 8 34 3 3 1 7 4 2 161 3 12 3 2 1 3 2 3 1 1 2 1 1 1 1 1 2 1 9 4 2 2 2 3 4 1 2 1 2 1 2 9 37 5 1 1 1 26 2 1 6 2 3 5 5 1 1 128 1 2 1 1 77 2 1 1 16 1 1 8 1 8 3 2 2 2 1 3 3 2 4 1 40 4 2 2 2 4 26 1 1 4 1 5 8 1 5 3
1 1 2 1 2 1 1 9 5 1 2 14 1 1 5 1 1 1 1 1 2 2 1 2 1 2 3 1 1 2 5 5 5 2 4 2 2 1 1 1 2 4 2 8 29 1 11 1 48 2 5 1 2 19 10 3 2 1 2 3 2 1 5 29 2 28 2 3 1 25 23 2 1 1 2 1 5 1 4 2 2 3 5 2 2 8 1 3 2 2 1 1 9 1 16 3 4 1 1 5 2 5 1 1 9 1 2 2 1 1 1 2 3 4 4 1 2 2 1 2 1 1 7 3 29 2 1 3 14 2 1 4 2 1 3 2 3 2 2 11 2 1 1 7 1 3 10 4 1 4 2 3 2 1 7 1 9 8 1 5 2 6 2 19 2 7 8 6 1 1 2 1 1 2 2 23 2 2 6 61 2 31 1 7 1 2 2 3 4 3 1 2 2 3 1 2 3 2 1 1
3 86 6 1 1 2 3 9 10 2 11 1 1 1 3 2 1 1 1 1 1 1 32 3 1 2 2 2 12 2 12 1 1 6 4 3 1 1 2 1 2 1 2 4 1 4 3 1 2 3 2 1 3 2 1 2 4 2 2 1 2 3 6 3 15 2 3 2 3 2 30 2 1 2 45 2 4 1 5 1 11 3 2 4 2 11 1 2 2 4 1 2 8 2 1 9 1 1 4 34 1 8 1 6 3 3 2 1 32 2 2 3 1 2 2 5 2 2 3 12 2 1 4 3 1 13 1 2 6 4 1 5 1 3 1 1 2 3 6 1 2 2 1 1 3 1 4 9 3 8 2 2 3 1 2 7 1 2 25 2 2 3 2 1 3 2 2 2 4 2 4 2 1 2 10 4 1 1 1 2 3 56 5 2 3 4 5 1 1 3 5 5 1 1 50 2 3 1 1 2
9 1 2 2 1 4 1 1 2 3 2 2 2 1 5 2 15 8 1 4 13 1 1 2 1 1 1 2 2 2 1 29 2 2 3 1 2 36 11 1 1 2 2 2 9 1 3 2 4 27 1 1 2 2 1 1 2 1 2 1 2 6 8 4 112 4 46 58 1 2 1 3 1 1 1 6 4 1 3 3 3 1 1 2 2 2 2 4 2 1 2 3 23 2 3 3 3 44 2 9 5 6 3 2 2 2 3 1 2 25 1 1 1 1 3 2 1 1 2 2 3 9 3 1 2 1 2 2 1 1 1 1 1 3 1 116 1 1 3 2 1 1 3 27 1 1 3 3 17 2 1 10 4 1 1 2 6 1 2 7 4 2 1 1 1 1 2 4 2 1 1 2 97 1 2 7 1 3 2 1 6 4 165 1 16 3 4 1 3 4 2 2 2 1 2 10 1 1 5 1
4 1 12 1 2 2 5 5 2 5 2 8 1 3 1 4 1 2 2 22 11 3 5 2 2 2 5 1 5 2 12 18 2 7 1 1 2 1 6 1 3 1 3 1 14 4 10 4 16 1 1 5 2 1 2 2 2 6 373 1 1 2 4 3 11 4 4 1 2 1 6 1 2 1 4 3 1 1 2 7 1 2 2 2 1 259 1 2 6 1 2 1 2 6 2 9 1 2 1 3 4 1 3 2 1 3 4 29 1 2 1 1 8 4 2 4 4 3 1 3 2 1 1 1 3 5 1 1 3 2 2 1 2 3 2 2 2 3 1 3 1 1 4 80 3 2 5 15 8 3 1 1 1 1 1 1 2 1 1 14 5 2 1 3 18 1 7 1 1 3 3 12 3 1 5 1 2 5 1 1 1 6 1 2 1 1 1 3 1 1 1 14 3 1 1 2 5 1 5 3
1 4 2 6 2 1 14 3 1 1 19 1 3 1 5 2 8 4 4 36 2 8 2 2 1 2 1 1 5 54 1 5 2 7 1 3 2 1 2 1 1 2 1 1 5 4 2 1 4 80 1 4 4 8 1 1 1 2 3 2 8 2 1 10 2 2 3 4 3 1 2 1 1 4 2 1 4 1 3 2 17 3 4 2 5 1 1 1 1 34 1 11 2 3 2 3 4 4 143 1 3 1 1 1 1 3 3 6 2 6 1 3 7 1 2 1 1 1 3 1 2 5 15 2 2 1 6 1 3 3 6 1 1 2 8 1 1 1 3 2 2 1 2 1 11 34 7 4 2 23 1 3 4 3 4 1 1 1 1 4 7 2 1 63 1 1 1 2 2 2 10 2 3 6 183 2 4 2 5 2 1 5 1 3 3 5 1 2 2 1 4 4 5 10 4 1 1 5 4 34
8 2 2 18 2 2 5 4 3 311 2 2 2 2 2 1 2 21 1 5 1 1 2 1 1 1 5 1 12 1 3 9 1 2 1 5 2 6 2 2 76 1 2 1 2 2 10 9 1 2 4 2 2 6 1 2 2 3 19 4 2 3 3 2 3 1 5 1 5 2 2 1 1 2 1 9 1 1 2 5 3 2 2 5 2 1 3 1 1 3 2 6 2 3 2 2 1 3 3 1 4 1 1 2 9 2 2 1 2 16 1 1 1 3 1 1 1 7 1 1 2 1 2 2 8 3 5 2 1 3 2 1 2 3 3 8 2 16 3 2 9 1 14 2 1 2 12 1 1 1 3 76 1 5 2 2 2 2 5 4 1 2 2 1 22 3 2 42 1 2 2 2 2 1 14 5 1 1 2 5 2 2 2 42 1 1 1 3 1 1 3 6 1 3 5 1 18 1 3 2
2 8 4 27 2 1 1 2 1 1 2 1 7 5 2 3 3 1 6 2 1 1 5 8 1 1 1 4 1 6 6 24 1 1 1 4 2 6 1 1 6 1 2 1 2 1 16 1 11 1 4 1 9 2 3 22 1 1 5 1 4 1 2 4 2 1 3 3 2 1 2 1 24 3 1 1 5 3 100 1 4 2 5 3 58 5 4 2 8 1 1 2 9 4 3 2 3 1 7 3 2 1 8 3 2 2 3 1 2 2 7 31 20 20 1 3 1 3 4 2 1 21 54 1 3 8 1 1 2 2 1 2 2 1 2 2 3 1 2 10 2 1 1 1 3 2 2 1 2 13 2 3 1 2 9 2 8 6 1 1 1 2 1 1 3 1 5 1 3 2 1 5 132 33 1 35 4 5 3 1 1 3 1 1 1 1 1 1 3 3 1 1 11 3 1 1 1 3 88 3
13 1 2 1 2 1 1 4 2 8 1 1 23 2 2 1 2 1 1 17 9 31 1 1 2 2 4 6 3 2 12 3 2 2 4 3 2 7 2 6 2 2 3 21 2 1 4 2 8 25 1 2 1 26 32 3 3 2 1 4 1 1 4 3 9 2 1 1 2 1 1 3 16 2 2 3 3 4 2 5 10 3 11 2 143 18 8 87 1 1 4 1 2 1 1 2 1 1 1 11 4 1 2 2 8 1 2 2 1 5 1 1 1 3 1 1 4 1 5 2 1 2 1 43 1 4 2 1 1 13 8 2 84 1 1 3 3 1 3 58 2 5 1 1 1 1 6 2 2 2 4 2 2 1 19 27 1 6 4 1 54 1 4 15 3 2 1 8 2 1 3 2 3 2 2 4 1 1 44 1 2 15 2 79 2 5 1 2 1 3 1 5 1 3 2 2 2 4 2 2
4 3 7 2 3 2 2 2 1 2 2 4 18 1 2 1 6 1 4 2 3 5 1 1 2 3 9 1 1 1 4 1 4 1 2 1 1 10 3 2 2 7 2 1 1 14 1 7 7 2 2 1 2 2 1 3 1 1 1 2 6 3 3 3 1 2 106 1 2 10 9 2 3 1 2 1 1 2 1 40 9 1 2 3 2 3 3 1 18 1 2 4 61 13 1 2 3 2 7 3 1 1 8 1 2 2 2 2 1 1 2 1 2 301 1 1 2 1 9 1 14 5 1 9 66 2 2 2 1 5 8 12 3 1 1 1 13 2 2 4 13 41 6 3 3 3 1 15 1 5 8 1 1 2 4 1 1 24 1 5 6 2 1 4 1 5 2 1 31 1 1 3 1 2 3 148 1 2 1 4 2 2 2 4 1 2 10 2 2 3 4 1 13 3 1 3 1 2 3 1
1 6 3 21 5 5 2 1 9 1 27 1 34 5 4 2 7 3 2 12 1 1 2 1 2 1 28 1 1 1 21 1 12 2 1 1 2 2 1 1 1 2 2 7 5 6 2 3 1 4 4 1 4 5 2 7 3 3 2 1 1 2 3 1 3 2 1 2 1 3 15 1 1 8 2 1 8 11 4 2 2 2 2 2 2 3 1 1 5 2 3 2 2 1 1 3 1 1 1 1 2 2 2 1 1 2 1 1 4 1 1 7 2 2 19 2 10 2 5 1 2 2 1 1 2 5 1 5 1 5 1 1 1 3 4 2 5 1 35 2 84 2 1 4 2 2 2 13 2 4 1 7 5 2 2 5 2 6 1 3 19 1 15 8 6 2 2 3 21 2 2 1 1 1 3 4 2 1 4 2 4 2 4 1 1 1 3 12 1 2 5 3 2 1 2 1 1 2 2 3
1 1 2 1 3 3 2 3 2 2 2 1 1 2 2 2 2 1 1 4 1 5 1 1 3 1 4 4 1 2 1 2 3 1 2 3 2 2 2 11 4 3 3 9 1 13 4 1 1 1 1 14 71 8 3 70 2 2 12 2 18 2 1 3 1 2 33 52 1 1 4 2 6 1 2 2 4 1 6 7 9 2 1 1 2 2 1 1 11 2 1 2 2 5 2 2 5 2 1 23 2 1 1 1 6 1 2 2 1 2 5 1 3 1 2 6 2 2 1 2 1 3 8 27 2 8 3 2 1 30 4 3 2 1 1 1 1 2 2 4 3 1 3 2 1 11 1 3 1 30 2 2 3 2 2 1 1 2 1 24 2 14 4 1 1 1 5 2 2 2 5 2 1 1 4 2 1 2 1 2 5 1 2 1 3 3 2 2 2 2 4 1 5 1 5 3 29 1 1 4
6 15 7 3 1 3 4 1 1 4 1 2 2 2 3 1 13 10 1 1 1 1 3 1 2 4 6 2 2 4 5 1 3 4 3 3 6 5 21 3 1 1 5 4 1 7 2 1 8 47 4 8 2 1 1 2 1 1 17 1 1 3 31 1 2 1 1 8 1 1 2 8 9 1 1 2 49 6 53 1 2 1 20 18 19 1 3 1 1 1 5 17 1 1 1 1 2 9 11 2 36 10 1 5 2 4 4 33 1 1 1 1 1 2 1 1 3 1 2 2 3 2 3 2 2 2 1 1 2 2 2 2 2 2 3 3 5 2 4 5 1 23 4 1 14 11 1 15 4 2 2 2 11 4 2 5 5 2 2 2 2 2 6 1 2 1 2 2 3 3 2 1 1 2 2 2 2 1 3 1 2 1 2 27 2 2 2 6 1 1 2 10 1 3 1 1 3 1 1 7
1 9 2 2 1 2 1 4 1 2 1 1 3 2 1 12 1 1 5 5 1 1 2 2 2 2 1 5 1 1 2 3 1 9 2 1 1 2 1 2 5 2 2 76 2 2 6 3 2 2 1 1 2 1 11 4 1 4 1 2 2 1 1 3 1 1 3 2 1 7 2 1 1 4 4 2 1 6 3 10 1 1 1 6 2 2 11 5 1 6 1 2 1 10 12 4 3 1 2 2 12 2 1 1 1 2 3 3 2 1 1 1 2 8 3 14 1 3 2 2 1 2 3 7 2 1 2 2 13 1 1 15 3 1 2 2 3 39 2 1 1 9 1 2 3 5 2 1 1 24 4 2 7 8 2 43 2 1 10 3 14 2 2 12 22 8 5 13 1 1 36 3 1 9 2 4 3 2 44 1 1 2 1 3 5 2 6 4 1 2 3 2 11 1 5 2 1 9 2 1
2 4 2 5 4 1 2 4 5 36 2 3 3 1 1 1 2 1 1 25 1 1 5 1 5 5 1 2 2 1 1 1 1 17 1 2 3 1 31 131 1 1 1 1 1 2 7 2 1 3 1 2 7 1 5 2 2 2 1 6 1 2 1 4 1 2 5 2 1 15 4 2 6 2 14 1 1 1 3 1 1 5 2 3 1 1 1 1 4 3 3 1 2 5 1 4 21 7 10 2 3 3 4 1 7 18 1 2 1 2 1 5 2 1 10 1 4 1 1 7 1 18 1 1 1 2 1 9 2 1 9 2 1 2 3 1 3 4 2 2 6 1 3 3 2 1 4 2 2 2 1 5 1 1 2 1 20 6 38 1 8 6 6 7 7 1 4 6 1 2 2 1 8 1 1 5 2 1 2 12 3 2 11 1 2 12 7 46 4 1 1 4 2 1 1 1 2 2 2 3
2 1 1 1 1 2 1 2 1 1 1 2 1 15 1 2 2 1 6 1 3 2 1 1 4 11 1 2 2 4 18 3 3 2 15 1 2 27 8 10 2 1 8 14 2 20 11 1 2 7 2 4 3 2 4 3 4 1 4 3 20 1 12 1 1 1 1 17 2 1 1 2 1 2 1 1 3 1 164 1 2 1 2 3 2 2 1 2 1 3 2 2 5 1 5 4 3 2 2 2 2 6 6 5 1 1 1 1 10 1 95 1 2 3 1 3 1 1 2 1 1 2 3 5 2 4 3 5 3 1 30 4 1 2 5 2 44 3 147 3 1 6 143 3 1 10 2 5 1 1 1 1 12 7 3 1 1 2 1 448 4 1 3 1 2 11 1 2 1 2 2 1 1 37 2 5 3 1 1 1 2 2 1 10 2 1 1 1 2 2 2 7 2 7 2 8 4 1 36 1
1 6 4 74 8 2 1 4 3 3 1 2 2 10 12 1 3 6 7 2 2 3 1 4 1 3 8 1 1 6 1 5 38 1 1 4 4 2 2 3 1 54 1 2 9 1 1 4 1 2 3 4 2 1 2 1 6 1 3 13 1 1 6 2 28 2 1 1 13 2 4 5 2 3 2 1 8 1 80 2 2 2 4 4 7 4 1 3 4 3 6 1 1 1 24 3 2 2 1 1 11 7 2 13 2 2 4 2 2 3 8 3 1 2 1 2 2 3 2 1 2 1 17 24 2 3 4 46 1 1 123 1 2 6 1 1 3 10 3 1 1 1 46 1 1 1 1 126 13 2 5 2 2 8 7 2 1 44 3 3 2 1 50 3 3 1 2 5 2 1 6 1 2 2 5 2 19 4 1 12 8 2 1 15 1 2 2 5 4 9 4 5 2 1 56 2 1 20 6 5
4 31 8 1 10 6 2 6 5 1 1 3 10 1 6 2 4 5 3 2 3 1 2 1 4 2 10 2 9 9 2 3 1 1 2 1 12 3 57 1 4 2 1 2 1 3 2 3 1 3 10 1 1 2 1 2 3 1 3 2 9 8 2 1 5 2 2 3 2 2 10 1 4 2 1 1 3 1 1 1 1 1 3 5 5 1 2 6 1 5 3 3 1 7 1 3 1 1 3 1 3 5 6 1 1 2 1 1 2 17 4 5 3 1 7 7 3 3 3 3 2 1 1 1 1 1 1 1 2 3 17 2 2 1 2 37 26 26 3 1 2 5 4 2 1 1 1 7 36 1 1 1 1 1 2 2 9 2 1 1 6 1 1 1 1 1 1 1 2 5 2 6 1 2 1 5 1 1 1 3 4 1 3 2 5 2 1 2 6 8 2 1 15 1 1 5 1 17 1 3
3 1 3 1 2 4 13 2 2 3 7 1 4 67 2 1 4 3 2 1 1 1 6 2 2 2 2 1 3 3 1 1 1 1 4 13 1 3 1 1 1 2 2 2 5 12 1 3 2 2 4 3 1 1 1 77 1 7 2 2 1 59 1 2 1 1 1 2 3 4 1 3 13 1 3 12 1 9 2 1 3 1 2 4 13 3 2 1 2 1 2 3 2 7 1 1 14 3 2 2 2 4 1 4 1 1 2 9 2 2 9 1 3 2 2 2 2 3 3 142 2 2 2 1 1 2 33 2 11 2 6 4 2 2 2 1 15 1 20 5 1 2 4 2 3 1 11 4 2 3 1 1 1 2 1 1 2 2 2 1 3 1 1 1 3 1 4 2 2 2 1 3 36 3 4 2 14 1 1 1 1 10 4 1 2 15 1 1 1 3 3 5 1 3 2 3 1 4 1 3
2 1 2 2 17 25 39 1 13 4 2 3 7 2 2 2 2 1 4 3 2 2 19 2 2 3 2 1 1 1 2 6 3 10 12 1 3 4 1 1 2 2 4 1 1 2 2 4 3 24 4 1 11 2 2 6 1 1 2 2 4 1 1 1 1 2 2 1 2 1 1 2 1 21 2 3 12 1 6 1 2 3 2 1 1 2 3 2 3 2 1 18 5 52 1 1 16 5 13 1 8 2 1 23 3 3 2 1 12 3 9 2 1 1 2 3 2 8 6 1 1 1 2 7 5 2 4 2 3 1 37 9 1 1 1 1 3 1 2 1 2 3 2 17 7 6 2 2 10 4 14 10 2 1 3 3 2 16 4 1 1 2 1 4 1 2 2 2 1 1 2 43 2 7 1 5 1 3 4 2 1 11 1 29 2 1 3 1 4 3 1 1 1 13 1 10 22 1 2 7
3 1 3 5 3 10 2 1 1 7 1 2 2 3 2 4 9 54 2 1 2 1 5 3 4 1 5 2 2 58 1 2 2 1 3 5 2 2 4 1 1 2 12 1 27 1 2 1 1 2 42 4 3 2 4 1 1 1 1 2 1 2 196 3 2 2 1 4 4 1 3 3 23 2 2 2 21 1 3 2 1 5 9 8 1 1 2 2 1 1 2 3 1 1 1 1 1 2 1 2 2 8 59 13 1 1 3 18 1 30 2 1 2 2 2 5 7 1 2 1 1 2 1 3 3 17 1 1 1 2 1 2 2 2 3 1 1 3 1 1 1 3 2 3 10 4 2 3 2 1 1 5 2 159 2 34 1 30 2 3 1 2 2 13 2 1 10 1 8 1 2 11 2 2 1 1 2 6 2 20 2 2 2 6 5 1 1 3 1 6 3 1 1 1 3 1 12 1 12 2
1 1 6 1 2 2 2 10 1 2 1 4 12 6 2 3 4 1 15 1 24 1 1 2 2 2 2 1 2 2 1 2 1 2 1 1 7 32 8 1 5 6 1 1 2 1 1 3 7 19 1 1 90 1 7 4 1 7 1 4 12 2 1 2 1 5 1 1 1 13 2 2 2 11 2 28 1 2 4 2 2 2 3 4 1 15 1 7 3 3 27 2 2 1 2 2 1 8 1 7 15 3 2 5 2 2 1 1 14 4 1 22 32 2 3 9 1 5 3 6 7 2 6 1 4 1 62 2 8 2 5 2 16 1 5 1 1 1 1 3 1 2 2 6 1 1 1 2 2 2 1 4 3 2 3 1 54 4 3 3 1 83 1 7 14 1 1 2 2 3 9 6 1 2 1 4 4 3 13 3 2 22 25 6 2 12 2 5 1 3 1 1 2 3 3 2 3 2 1 3
2 5 1 1 1 3 1 4 2 2 2 118 3 1 2 2 2 2 2 15 2 4 8 8 1 9 4 2 3 4 2 2 2 34 1 1 3 8 3 2 2 3 6 2 94 2 1 3 1 4 4 2 2 2 3 2 15 3 1 6 2 3 1 5 99 2 1 1 1 10 1 1 4 2 9 1 2 3 4 1 1 3 1 2 1 75 1 3 2 1 4 4 1 14 2 2 1 1 1 1 10 2 1 1 1 2 4 1 3 1 2 1 3 3 1 2 104 1 2 2 3 2 2 2 1 2 7 2 2 2 9 1 1 3 3 22 7 2 1 1 4 1 1 2 2 9 7 1 5 2 2 4 2 1 1 1 4 1 1 1 6 4 2 6 1 1 1 24 1 4 1 1 2 2 2 15 1 1 1 3 9 7 7 2 2 22 1 2 1 5 1 1 8 1 3 2 3 8 2 2
1 2 2 4 6 2 15 2 3 2 1 2 2 2 2 51 1 1 2 1 1 2 4 2 2 1 1 1 1 1 3 1 2 1 2 1 1 2 1 9 1 7 3 11 50 4 1 2 16 2 2 3 5 1 2 1 19 2 1 1 2 2 1 6 2 11 2 2 6 1 3 1 3 4 5 2 2 1 1 3 2 6 1 4 1 3 1 1 1 1 1 3 1 1 1 1 3 2 5 1 2 2 4 3 2 4 1 2 22 1 3 17 1 15 1 1 10 1 2 1 1 1 2 2 3 1 4 2 2 1 2 2 1 3 2 1 8 2 2 1 1 2 1 2 2 1 2 2 2 1 2 1 2 5 2 4 2 2 1 1 2 7 11 2 2 4 7 1 1 1 1 5 2 1 1 8 1 1 3 4 2 3 2 1 4 1 5 3 5 6 1 1 1 7 1 1 22 1 2 1
2 1 2 1 2 2 1 1 9 12 1 3 3 1 1 40 6 35 1 5 2 2 2 11 5 38 1 1 4 2 5 3 1 3 2 4 2 1 4 4 19 3 2 56 15 5 1 2 6 1 4 4 1 1 22 1 4 1 5 2 8 4 15 1 1 1 1 2 3 1 7 2 1 1 4 2 2 1 1 3 2 2 5 1 2 5 1 2 71 5 5 3 1 16 2 3 4 2 8 2 1 2 3 1 3 1 4 1 2 1 1 2 1 4 5 1 2 1 4 1 2 1 5 3 3 1 8 2 8 4 14 27 12 2 1 4 2 10 4 2 1 2 24 1 1 16 2 2 1 4 42 4 2 1 1 4 3 6 1 5 2 1 1 1 2 4 4 3 1 1 2 2 3 2 1 2 1 2 2 1 1 3 2 1 1 2 1 2 2 4 5 2 1 1 1 3 54 12 1 1
106 1 1 47 2 1 3 3 1 5 3 6 1 18 11 5 2 1 2 1 12 21 7 1 1 2 6 88 387 1 2 4 12 1 2 3 2 1 1 5 1 18 2 1 3 7 1 204 2 2 1 1 1 2 2 2 2 3 10 5 1 6 2 7 12 2 1 1 1 31 2 4 2 12 1 2 1 24 4 3 4 2 2 4 1 5 2 4 7 1 2 4 7 1 2 1 1 2 1 2 5 1 1 5 1 6 1 2 3 1 2 1 2 1 3 1 10 1 1 7 1 1 2 5 2 12 1 26 1 1 5 2 1 3 9 8 20 3 3 5 1 6 1 2 1 3 5 2 2 1 2 43 2 17 4 3 7 1 5 83 7 2 5 2 6 2 1 1 11 2 3 2 4 120 3 10 42 1 3 1 1 4 2 4 1 1 2 2 11 2 2 5 2 2 1 4 1 2 1 4
2 1 1 2 1 2 1 1 2 8 8 2 1 1 2 5 2 7 2 2 1 1 2 2 2 1 3 1 1 5 9 1 57 3 1 3 5 1 3 1 3 1 7 381 2 8 2 4 1 3 11 13 1 26 7 3 1 1 6 2 2 1 1 1 2 3 5 4 5 1 1 5 1 3 15 1 2 10 2 5 2 4 10 2 1 6 1 1 1 1 6 2 1 7 1 2 1 2 3 2 1 1 2 2 11 1 2 1 2 3 1 1 7 1 11 1 10 3 1 2 3 1 3 2 1 3 1 6 2 1 1 14 14 1 1 3 3 2 3 4 3 1 2 1 1 1 1 1 3 16 1 1 2 12 45 2 10 21 1 1 3 1 11 1 2 7 2 2 3 1 2 1 3 1 2 3 1 2 24 2 2 1 11 1 1 2 1 3 2 6 2 2 3 2 1 6 10 1 6 3
8 17 8 2 1 2 9 1 1 2 2 7 1 4 4 91 2 1 1 1 1 5 9 3 17 2 1 1 5 2 1 211 2 2 10 152 3 1 6 6 1 4 14 2 1 4 2 10 2 2 1 4 1 2 3 1 13 4 2 1 4 8 1 1 1 3 1 1 2 5 2 4 1 12 43 121 5 2 2 8 1 18 2 2 1 2 3 1 2 31 1 11 1 9 4 21 2 1 5 5 28 1 19 6 3 7 2 3 3 3 3 20 6 3 1 16 10 1 2 3 1 4 1 1 3 2 1 1 1 2 11 4 2 1 6 1 2 2 2 2 49 6 1 4 2 2 8 1 2 3 148 2 2 1 15 2 126 11 1 2 1 1 1 1 1 2 1 4 15 1 62 1 3 1 2 2 1 1 2 9 9 9 160 2 6 1 1 1 2 5 2 7 1 1 2 5 2 3 4 58
1 8 1 1 2 2 2 1 4 58 2 11 2 1 2 3 2 1 2 6 11 2 4 3 33 3 1 2 2 7 1 2 2 12 2 7 31 3 4 5 5 1 1 1 1 13 1 1 2 1 2 1 2 1 3 4 42 2 2 5 1 11 1 1 2 1 1 2 32 2 9 7 2 1 2 1 1 2 5 1 2 1 3 11 1 2 25 3 1 1 8 2 1 2 1 73 1 6 2 1 2 2 2 7 2 1 24 2 2 5 1 3 2 1 101 2 2 1 3 11 12 3 1 4 8 16 1 2 2 3 1 1 2 2 3 2 1 3 3 3 4 13 1 7 1 3 1 3 3 3 3 1 1 1 2 2 61 20 1 1 1 1 1 5 4 3 1 2 1 1 3 11 1 1 1 3 13 2 2 5 1 3 1 106 26 1 1 2 2 1 2 2 1 1 1 1 1 9 2 1
2 1 13 4 2 17 2 2 2 1 2 1 1 29 1 1 1 1 2 2 1 2 1 2 2 8 1 1 1 3 8 3 2 2 2 2 22 1 1 1 1 1 1 1 2 10 4 2 8 8 6 2 1 1 3 42 3 5 2 5 3 1 18 17 2 1 2 3 1 1 2 3 1 2 1 1 3 4 3 1 5 11 1 1 2 1 1 47 1 2 2 3 2 4 7 5 2 2 2 2 1 3 1 15 1 11 1 2 2 1 1 2 4 9 2 1 7 5 7 2 1 5 2 3 1 3 1 1 1 7 2 2 2 3 2 1 2 7 2 3 1 1 1 2 3 1 2 5 1 2 8 4 1 2 2 2 2 1 1 2 2 2 18 6 9 3 3 1 20 1 1 5 1 1 1 4 2 6 3 1 2 2 2 2 2 2 1 4 3 2 3 2 18 2 9 8 2 2 10 2
1 13 1 4 3 3 1 1 2 10 2 2 13 2 1 4 1 23 3 3 41 2 6 1 2 2 1 23 4 4 21 1 3 2 1 1 2 5 2 1 1 2 2 1 2 1 2 1 3 1 2 1 2 8 1 2 2 3 1 1 2 3 1 3 2 1 5 5 7 1 2 2 1 170 2 3 6 7 1 1 4 2 5 2 4 1 1 18 10 3 1 1 8 1 49 26 1 2 4 1 12 1 10 1 7 1 23 1 1 1 16 4 1 3 1 26 5 1 1 5 1 2 1 7 1 2 7 9 2 2 3 1 1 2 2 3 5 1 2 1 2 2 5 2 1 2 7 11 1 1 5 3 3 2 4 13 15 1 2 2 1 2 3 6 2 2 9 1 1 2 2 2 2 1 3 2 3 30 2 1 3 1 5 4 2 3 2 2 3 6 2 56 1 2 1 3 2 1 8 1
1 1 1 1 2 1 34 2 1 11 28 2 2 1 1 2 18 5 12 2 1 3 1 1 2 1 63 12 6 10 1 2 1 10 28 3 2 1 4 20 2 3 2 2 4 3 1 3 3 1 1 2 6 2 2 1 1 151 96 152 1 3 1 2 10 2 1 5 2 1 1 4 4 2 8 1 21 2 1 2 3 2 1 1 1 5 2 10 6 190 7 3 3 20 2 1 4 9 1 2 2 1 1 50 1 2 1 1 14 33 1 2 228 2 3 2 3 1 131 1 5 1 2 2 2 3 3 1 3 1 62 10 3 2 5 3 2 1 168 2 3 2 1 7 2 1 7 18 1 5 2 3 3 4 1 1 1 2 1 2 1 7 2 3 3 2 3 3 1 2 3 5 3 1 1 1 4 3 1 1 5 1 4 3 6 28 4 1 3 3 1 2 1 3 1 20 2 1 1 37
8 25 2 4 1 1 5 2 13 8 1 2 3 1 3 1 2 4 2 1 44 2 1 5 3 2 4 28 1 11 1 2 1 2 38 2 2 1 1 1 2 4 2 3 2 1 2 5 7 4 5 1 5 1 1 1 2 1 3 1 7 1 4 19 1 1 2 31 1 1 12 2 2 1 1 2 1 1 4 1 4 2 3 2 1 2 1 10 1 1 1 1 7 1 4 51 2 1 2 1 1 2 3 2 1 1 2 4 3 1 1 2 3 2 2 10 1 3 1 3 3 2 34 2 4 34 2 2 3 3 2 3 2 4 2 6 1 9 3 2 3 2 3 3 2 15 2 9 2 3 4 2 1 1 1 2 1 5 2 1 2 66 1 1 1 3 4 1 2 13 2 1 1 4 2 1 1 1 18 1 1 10 2 5 9 8 2 2 1 1 150 19 2 38 9 13 3 2 4 7
1 1 1 7 3 2 2 2 1 1 24 3 2 2 2 8 2 3 4 7 1 2 1 1 3 3 6 1 1 1 1 4 5 1 1 1 1 45 28 4 6 90 1 1 15 3 1 2 1 1 11 7 4 2 3 3 4 6 3 1 10 59 2 7 1 4 2 1 3 1 3 2 2 1 2 8 3 4 5 6 5 5 2 2 1 2 1 2 4 9 2 1 2 2 2 5 2 2 2 17 1 13 28 2 2 1 6 3 1 40 1 1 1 2 1 1 100 2 1 2 4 1 2 2 2 1 1 1 2 91 19 3 1 2 1 2 3 4 1 2 3 4 3 2 7 3 5 2 6 2 2 6 2 2 69 9 5 1 1 1 1 1 1 2 4 1 1 3 2 13 1 1 2 4 1 8 2 1 3 75 2 3 5 2 5 1 3 2 2 2 4 6 9 2 3 12 1 1 2 2
3 1 13 2 1 2 2 3 1 3 2 1 3 3 9 7 1 1 10 1 2 6 2 106 2 7 1 1 3 141 1 2 1 11 2 1 1 1 4 2 4 3 4 1 6 1 5 6 4 2 3 1 3 3 1 3 2 1 2 7 4 2 3 1 1 2 1 8 5 2 2 2 21 7 16 2 4 1 2 1 6 2 2 27 2 3 4 13 8 2 2 9 1 3 1 94 2 2 5 2 3 5 1 14 2 1 1 3 2 1 1 4 1 1 1 4 1 1 1 2 3 1 1 1 2 2 1 5 56 54 2 1 1 4 2 1 6 1 1 1 3 20 1 1 4 1 1 1 2 1 6 2 2 1 13 3 5 20 2 1 4 1 2 2 1 11 398 2 1 1 2 3 6 2 7 1 1 1 5 1 2 1 1 1 2 1 11 5 1 3 3 3 1 2 17 3 5 2 1 1
4 1 3 4 6 3 1 3 3 2 5 3 1 2 4 2 1 34 1 1 11 13 5 5 2 1 4 1 2 3 107 6 4 1 1 2 1 1 103 1 1 1 3 2 2 1 1 1 5 3 2 11 2 2 2 2 12 1 1 1 1 1 1 2 2 2 13 1 2 3 3 1 2 23 1 4 33 3 3 3 1 2 1 1 8 1 1 60 4 1 2 2 2 1 1 7 5 1 1 5 21 2 2 2 1 2 5 3 1 5 3 10 106 1 5 2 1 1 1 13 1 4 1 2 2 10 1 3 3 13 2 3 2 10 14 1 1 2 5 1 36 2 7 2 2 2 16 1 1 1 1 2 11 1 2 1 7 1 1 15 1 2 1 3 1 4 2 2 2 1 7 2 1 6 16 4 1 1 6 1 7 2 2 9 5 2 6 1 1 1 1 3 67 2 1 3 2 1 5 10
1 3 3 1 1 2 1 1 5 2 2 2 1 3 1 3 2 3 6 2 2 2 4 1 2 15 2 2 5 7 2 4 1 3 2 1 126 1 2 54 2 3 3 1 320 2 1 1 3 6 2 12 5 3 3 1 11 2 2 3 2 2 13 8 12 42 3 2 2 7 74 1 2 2 2 3 1 1 9 17 1 14 1 1 1 8 2 2 3 4 14 1 3 1 2 1 1 1 15 1 2 2 3 5 5 7 2 3 3 17 1 1 2 2 1 2 1 3 2 1 2 5 1 9 2 5 1 4 5 11 2 2 4 3 61 1 2 2 2 2 1 1 1 2 1 2 2 1 1 1 4 2 2 2 1 3 9 2 2 1 3 1 3 3 1 3 1 1 1 2 1 4 2 3 2 2 3 4 1 6 1 2 1 2 1 1 3 5 2 2 3 1 1 4 4 3 65 3 92 7
7 3 2 2 47 1 10 1 4 3 6 6 6 191 1 3 2 1 4 3 1 27 3 2 2 2 5 3 29 1 3 6 2 52 6 2 3 2 2 4 4 2 3 5 2 1 1 1 4 9 9 2 2 2 4 4 2 6 35 2 2 7 1 7 6 3 1 22 2 5 1 83 2 2 1 1 32 2 3 1 2 1 45 2 1 1 3 8 17 3 1 1 1 1 1 3 12 3 1 3 1 4 1 5 12 4 2 3 1 1 1 1 3 8 1 49 4 2 4 1 2 2 2 1 2 2 17 1 2 96 3 2 1 1 11 1 1 2 1 5 3 4 1 1 3 1 48 2 1 2 4 10 1 1 2 5 2 2 1 8 1 3 2 1 1 1 3 2 1 2 3 2 2 1 1 1 3 41 4 2 2 1 1 2 6 2 27 4 1 2 3 2 1 1 1 2 2 7 2 1
7 2 2 58 3 1 3 2 1 1 2 4 43 11 2 1 2 6 1 2 1 1 17 2 5 5 2 1 2 2 2 3 3 1 1 1 1 3 17 2 4 1 1 1 18 1 1 3 2 2 3 1 2 2 5 2 1 2 1 2 18 1 2 1 3 3 2 1 3 3 1 2 1 17 2 4 2 1 1 1 2 1 2 3 1 3 3 1 2 2 2 1 3 3 1 2 3 2 1 62 1 1 4 3 1 2 4 2 3 2 2 12 1 4 70 6 1 1 3 1 1 2 2 1 1 3 2 13 2 1 3 27 1 1 1 2 2 2 2 11 2 1 18 1 2 4 1 1 1 1 3 1 4 2 2 3 4 2 3 1 18 2 1 8 1 1 1 2 2 17 1 5 3 1 1 1 1 1 2 12 2 2 8 1 1 1 1 2 80 16 1 2 4 1 1 1 3 3 1 2
1 22 2 3 1 13 1 3 9 1 4 1 7 1 2 6 1 2 1 3 3 4 1 3 3 5 1 5 2 4 2 3 1 17 1 6 1 2 4 8 25 1 1 5 2 2 2 7 8 2 1 3 2 2 8 4 6 2 1 2 3 1 2 2 1 2 1 2 1 14 3 2 6 1 1 1 2 2 1 2 12 2 2 1 2 4 1 3 1 3 1 34 2 3 237 1 8 1 1 2 1 2 3 2 3 4 4 1 2 6 14 2 2 1 4 22 1 33 4 1 2 2 2 4 2 3 8 4 5 1 4 1 1 1 2 2 1 1 1 1 2 2 1 1 1 2 1 2 2 9 2 2 2 1 76 1 3 2 10 16 26 4 3 2 2 4 2 1 3 3 6 5 2 1 2 2 1 7 14 2 5 5 1 3 3 1 1 4 3 2 2 1 2 2 2 17 1 2 8 1
3 2 3 1 3 5 2 4 2 2 2 11 3 1 12 4 7 8 3 9 11 16 1 1 2 2 1 4 1 1 1 2 2 3 8 3 2 8 1 2 1 3 13 2 2 2 3 2 4 4 5 2 1 6 1 2 1 2 1 2 2 2 2 1 2 10 2 1 2 2 27 1 1 1 2 2 2 2 2 2 3 2 2 3 1 1 1 2 1 9 1 2 44 290 12 1 2 2 2 2 2 1 3 26 2 2 7 10 1 7 1 2 3 1 1 2 3 107 1 10 1 2 1 6 1 2 1 41 2 8 19 1 5 2 4 4 2 2 1 1 1 17 1 3 2 1 1 2 2 1 11 6 1 2 2 3 2 4 1 1 3 13 5 1 1 1 2 2 1 4 21 2 1 1 2 93 2 1 2 2 3 1 1 2 4 1 1 39 54 2 49 17 3 2 16 1 2 2 7 4
1 4 6 20 3 3 1 1 6 1 2 3 2 4 24 3 2 1 9 1 7 40 2 4 1 2 2 1 2 1 5 8 4 1 2 1 4 1 65 2 2 1 1 1 23 1 2 1 49 6 1 15 3 111 5 1 2 53 1 4 2 1 1 4 5 3 2 2 102 1 2 2 12 18 12 1 9 18 1 2 2 36 2 1 6 1 3 2 4 6 21 4 2 1 39 2 2 1 2 3 4 84 2 3 2 1 3 3 30 32 2 5 5 2 2 1 2 1 1 1 3 8 1 3 1 2 1 1 7 9 6 4 2 4 15 2 6 3 4 3 1 1 2 4 87 2 3 31 1 1 3 2 2 2 1 3 13 4 2 35 2 7 1 2 1 2 10 3 4 4 10 1 7 4 5 1 1 1 2 1 2 12 1 3 1 21 1 17 2 1 13 2 1 2 2 2 1 11 2 2
1 1 2 4 7 1 24 2 7 85 10 2 10 5 1 5 3 3 1 9 1 2 5 2 5 1 10 3 1 4 3 2 3 2 3 3 31 2 1 3 1 1 1 3 4 1 4 1 1 4 2 2 1 2 25 1 1 10 2 6 2 2 8 1 2 1 5 1 2 3 3 8 2 3 1 1 1 2 1 5 1 6 7 48 3 1 2 1 1 2 2 2 2 67 1 2 1 9 2 1 2 58 3 407 1 8 5 1 1 6 1 1 2 8 4 3 2 2 3 6 1 1 3 4 3 1 1 5 1 1 2 2 1 1 1 3 2 8 2 2 2 3 5 1 11 3 1 3 3 3 1 1 20 3 18 1 3 5 1 12 2 146 1 8 2 3 30 2 1 2 2 1 1 2 5 14 2 2 8 1 6 2 4 2 3 2 3 1 7 5 2 3 4 2 1 1 1 7 3 9
2 2 7 1 4 2 7 1 4 17 3 5 3 2 1 3 53 1 2 1 1 1 3 21 1 5 18 1 1 18 4 2 1 5 76 1 2 13 1 1 3 4 19 2 1 3 5 6 1 6 1 2 5 2 1 2 2 2 6 2 2 3 15 1 11 1 2 1 1 3 2 2 1 3 15 20 2 1 9 8 2 1 2 12 2 1 38 3 10 1 1 2 8 1 2 3 3 2 1 2 3 4 1 2 3 7 1 231 2 9 4 1 3 2 6 20 3 3 2 1 1 1 2 2 2 2 9 2 1 1 23 2 3 2 1 3 2 1 1 3 8 1 1 2 35 2 17 2 1 1 4 2 2 3 2 13 2 1 72 2 1 2 1 2 1 3 3 1 1 2 1 1 2 1 33 3 8 3 4 1 6 1 2 2 2 1 5 7 3 2 1 2 1 2 1 2 1 21 1 1
1 4 9 1 3 2 3 1 2 3 13 1 5 1 24 2 1 54 1 3 1 4 3 2 39 1 1 5 2 64 1 2 1 3 2 6 8 1 1 1 3 2 3 1 3 10 1 1 3 3 1 6 1 3 1 1 2 6 2 8 2 2 1 9 2 8 1 2 1 36 1 1 4 1 1 4 5 3 2 1 3 7 1 3 2 2 3 2 1 12 1 2 4 3 1 1 5 1 10 3 1 13 1 2 5 1 4 2 4 3 1 1 3 2 3 1 1 3 9 1 1 1 1 4 25 5 2 2 1 2 1 1 1 3 1 1 2 5 1 11 1 4 2 1 4 3 2 6 11 82 9 5 3 2 4 5 1 3 1 1 1 13 1 1 3 2 163 12 12 4 2 1 1 2 1 1 33 2 1 2 5 2 1 1 2 5 15 2 2 1 2 5 1 4 2 1 2 1 1 4
3 2 2 1 2 1 3 2 4 2 1 1 1 1 2 81 7 2 1 3 3 11 3 4 2 7 2 4 1 1 3 2 4 5 1 2 1 3 5 1 1 2 1 6 1 1 1 3 4 12 2 2 1 30 1 2 2 9 6 1 1 2 2 2 1 82 1 3 3 1 2 2 11 2 5 3 1 2 1 3 4 1 2 9 4 1 2 7 2 9 1 2 3 2 10 39 28 46 1 5 4 1 3 3 2 1 1 24 3 1 10 2 45 4 2 2 5 1 2 8 1 2 1 2 3 1 4 1 1 2 2 3 1 1 3 2 2 2 2 3 1 2 2 2 2 1 4 2 3 11 3 2 2 18 11 2 1 3 2 1 4 8 11 2 2 1 2 1 1 3 2 1 2 2 2 3 2 1 8 1 1 6 1 3 3 2 2 3 14 2 1 2 1 1 2 3 2 1 2 1
5 4 69 1 1 5 2 1 2 1 1 1 5 6 1 3 2 3 155 1 1 8 8 2 31 1 4 1 2 2 6 1 3 2 1 1 2 2 1 2 3 5 25 34 1 1 10 1 48 4 2 2 8 1 9 20 1 2 2 15 10 24 2 2 2 1 1 8 2 1 1 8 1 2 15 18 2 1 1 1 2 2 2 6 3 3 6 1 5 2 84 1 8 3 5 2 2 1 3 1 4 4 1 1 3 10 28 4 4 54 4 4 16 8 118 3 2 4 3 2 1 1 1 2 2 3 5 1 10 2 1 2 5 1 1 2 2 10 1 43 2 4 5 1 2 1 1 7 4 1 12 2 4 14 3 1 6 1 3 7 1 2 1 8 1 11 2 5 3 2 1 2 1 2 15 2 3 1 2 1 45 68 1 3 1 2 2 5 25 2 3 2 9 8 8 1 1 2 1 1
6 1 1 5 6 34 2 1 9 1 7 1 1 1 7 6 1 1 1 1 1 2 3 4 2 23 10 1 4 2 1 3 3 2 1 2 2 1 2 3 8 8 16 1 1 1 1 1 2 1 2 2 7 21 2 22 1 1 1 49 1 10 1 2 4 1 1 5 7 1 3 4 1 19 1 3 4 2 2 1 36 7 5 4 3 1 2 2 24 4 5 3 1 1 3 1 2 1 2 3 1 2 2 1 7 1 1 2 2 1 6 25 2 12 1 1 2 2 1 2 2 1 99 2 2 2 1 3 2 2 3 2 8 9 2 3 43 2 6 1 1 2 1 37 7 1 3 7 3 2 2 1 23 2 3 1 5 1 6 5 1 2 3 1 2 3 4 7 2 1 20 1 4 2 6 2 1 2 6 2 1 11 1 1 3 1 3 10 13 7 2 1 3 2 1 1 3 1 34 2
1 2 17 4 9 14 1 2 9 1 2 3 1 1 2 1 3 3 2 2 2 1 8 1 6 2 1 12 6 5 3 2 3 1 1 1 2 2 1 2 1 3 16 2 3 2 1 2 1 2 1 1 2 1 1 6 2 1 2 1 3 1 1 1 2 2 2 3 13 5 3 2 2 22 2 1 8 4 127 1 17 10 14 2 1 5 5 1 2 2 3 2 2 1 1 2 71 3 12 8 1 1 2 2 1 2 3 34 1 1 4 2 4 3 3 3 7 2 36 1 14 2 2 6 1 2 3 2 3 3 1 3 2 4 2 2 8 2 1 1 17 3 2 2 6 2 4 5 1 16 2 11 5 45 2 1 2 1 3 74 154 1 2 2 3 2 3 1 9 2 14 6 2 1 1 2 1 1 3 10 1 6 2 2 8 9 43 1 8 14 2 1 5 1 2 1 2 2 1 2
1 4 2 1 1 1 1 1 1 1 1 3 1 2 2 1 8 2 10 1 1 3 4 2 4 5 8 5 2 2 2 2 4 2 2 1 4 2 9 2 4 2 3 2 1 3 2 15 3 3 2 129 12 1 3 1 10 3 3 8 2 2 2 2 1 1 2 3 17 5 3 1 1 7 1 5 1 1 5 1 1 2 1 2 1 1 30 2 1 2 1 3 2 2 2 50 7 2 3 2 2 7 6 2 2 1 7 3 2 2 1 1 2 3 1 1 2 4 2 11 6 23 1 1 10 1 14 35 3 2 1 3 1 1 11 2 1 5 2 1 2 3 1 3 1 3 105 8 1 1 178 8 2 2 1 2 2 3 48 3 2 3 1 2 2 3 57 2 1 2 1 1 3 2 1 35 1 2 1 1 48 1 1 1 3 5 1 8 5 4 1 1 2 4 2 2 3 3 2 2
1 2 1 1 2 1 2 8 1 1 5 5 1 2 2 1 7 355 7 1 2 4 2 2 1 1 21 1 8 7 3 1 4 2 2 6 1 2 1 1 1 1 45 1 2 2 3 3 2 2 1 2 10 6 1 2 6 1 10 1 1 1 4 2 8 7 2 2 9 1 2 2 1 1 1 10 1 24 6 13 1 2 2 7 1 1 2 1 1 1 3 10 8 3 1 2 5 1 4 198 2 1 1 1 1 2 2 1 2 1 1 1 21 16 3 3 5 1 1 2 4 3 3 1 2 1 6 1 1 2 1 1 1 23 1 2 74 5 2 1 1 6 2 1 1 1 1 3 1 2 1 6 466 6 1 5 19 2 1 1 61 1 2 1 2 1 10 2 2 2 2 4 2 3 1 4 2 3 2 3 1 2 1 2 5 1 2 2 2 2 3 2 20 2 1 1 233 7 6 3
2 2 1 3 9 3 4 1 1 1 1 1 1 2 1 1 2 1 2 1 1 2 1 2 2 1 3 2 40 1 4 1 1 4 2 3 2 2 1 1 7 2 2 6 23 3 2 2 8 4 1 11 2 2 1 1 1 4 1 2 2 1 1 1 1 1 1 3 2 2 4 2 1 2 2 1 31 3 4 1 1 4 1 5 3 1 1 2 15 1 1 3 2 3 42 6 1 2 1 2 1 1 1 3 3 1 7 2 1 4 2 2 4 2 1 7 29 10 2 5 2 1 1 5 9 2 2 1 4 1 1 2 1 1 3 2 2 3 1 1 1 9 10 2 1 1 4 1 2 1 27 2 1 2 12 5 9 2 11 3 10 4 2 5 4 1 2 1 6 1 17 7 2 6 20 3 8 1 3 1 1 1 4 2 1 2 5 1 3 7 1 2 2 4 5 1 1 3 1 3
2 1 2 1 1 3 3 2 3 1 1 1 2 2 165 2 1 1 3 3 2 1 3 12 4 1 5 29 2 5 1 1 2 163 1 2 13 2 1 9 4 2 2 2 1 7 2 5 2 2 3 21 5 2 3 2 3 2 5 1 1 1 3 1 1 21 2 7 5 2 2 12 1 1 1 1 24 1 1 5 1 1 3 2 3 22 1 2 1 4 5 5 2 3 1 5 2 66 2 4 1 1 1 2 24 2 2 1 4 1 4 6 2 2 55 2 1 1 1 2 2 1 1 19 1 1 4 3 1 1 2 2 1 3 2 1 8 4 8 2 1 3 3 1 2 2 100 4 2 6 1 2 1 1 3 2 5 3 2 57 4 2 2 2 6 3 4 6 61 5 8 2 2 2 2 1 1 2 1 2 4 1 5 1 6 1 1 2 9 1 3 2 1 1 1 4 14 5 5 2
6 1 2 1 4 2 1 1 2 2 1 2 2 1 8 1 3 2 2 2 4 2 1 3 2 3 3 134 1 2 2 1 1 1 3 2 3 1 40 1 2 3 3 2 1 2 1 6 7 3 2 9 1 2 26 5 1 140 11 14 1 1 6 21 2 16 3 2 2 10 41 3 1 1 1 3 1 7 1 1 4 25 5 2 2 1 1 2 3 3 2 2 2 3 1 2 1 2 14 6 10 16 8 1 1 6 17 4 2 1 1 4 2 1 2 2 1 2 4 8 3 2 2 1 2 5 12 4 4 2 1 9 2 2 2 7 2 1 3 1 1 2 4 2 1 3 15 3 2 1 2 2 3 4 1 1 1 2 2 1 1 2 1 2 1 1 133 188 3 112 1 3 4 1 1 2 2 1 3 2 2 1 4 3 4 12 1 68 75 2 1 1 2 12 4 1 34 2 1 16
2 84 5 4 2 16 3 4 2 3 2 1 3 2 3 1 3 5 1 4 1 2 14 1 2 2 5 2 1 2 1 1 1 1 2 2 3 3 1 8 1 1 6 17 6 1 2 2 1 15 2 1 2 3 2 19 1 3 2 2 4 1 9 4 1 2 2 2 1 2 2 2 2 6 1 1 1 1 3 1 6 2 1 13 1 15 1 4 2 3 25 5 8 1 1 1 4 2 8 2 4 3 2 3 3 6 1 2 1 1 7 1 3 2 1 1 2 2 1 1 1 1 1 1 2 3 5 1 2 3 2 1 3 310 4 1 3 1 4 6 3 10 26 3 3 2 1 9 2 5 2 10 11 4 3 2 2 1 51 3 1 8 11 16 3 1 1 1 2 5 1 1 2 5 2 2 3 2 7 3 8 4 35 5 1 4 2 3 2 6 1 1 1 170 1 1 10 2 2 19
8 4 1 2 2 1 2 2 24 2 3 2 11 2 1 1 2 4 1 38 1 1 2 4 7 2 1 1 1 3 3 1 5 2 2 2 1 6 7 4 1 4 2 1 1 1 3 4 1 28 1 1 20 1 10 4 3 2 3 6 1 2 1 2 2 14 1 1 11 9 5 6 12 2 2 1 2 2 270 3 1 1 3 2 1 4 1 12 1 2 1 2 1 3 1 4 2 13 4 2 7 1 24 3 7 109 6 2 2 1 4 4 4 2 2 2 3 1 3 16 1 22 7 2 2 2 7 2 422 5 3 3 1 1 2 6 1 2 8 3 4 2 1 1 1 2 2 7 2 2 2 5 2 1 1 2 2 3 1 1 1 1 1 2 27 1 1 2 1 1 2 3 1 1 3 1 6 2 3 4 2 1 59 1 2 3 1 2 5 3 2 5 1 1 1 1 2 2 17 6
1 1 1 2 2 2 6 1 1 2 16 3 1 3 1 6 6 1 2 1 1 2 1 2 2 4 1 90 9 10 1 1 1 1 11 2 1 1 27 4 15 7 4 4 2 1 2 19 2 4 1 7 1 1 3 1 3 2 22 2 166 6 1 4 6 1 11 1 2 3 1 1 1 2 1 1 4 3 1 34 4 1 10 3 17 1 88 1 1 1 11 7 1 2 6 1 2 1 2 49 2 4 4 6 1 3 1 1 238 1 1 3 1 13 3 1 1 2 6 5 1 2 2 1 1 2 4 7 3 2 1 2 2 1 3 23 15 1 4 2 15 2 4 1 1 3 3 5 22 18 2 1 2 2 1 1 2 1 1 1 13 6 13 2 2 2 4 1 35 2 1 1 2 1 1 1 1 3 1 1 2 34 1 5 1 3 2 2 2 2 21 2 35 2 1 1 5 1 2 1
17 1 1 1 5 1 2 8 11 1 1 5 4 4 3 3 9 2 1 2 3 1 1 1 2 3 1 2 1 2 1 2 2 1 5 4 3 6 1 3 1 1 3 6 1 2 4 1 1 3 2 1 36 1 3 1 1 2 1 8 1 3 1 8 14 2 2 5 2 13 4 2 1 2 3 3 1 3 15 64 1 14 1 1 1 2 1 4 2 10 2 2 1 1 1 1 49 10 15 1 2 12 4 6 1 6 2 21 5 2 5 10 2 2 2 1 2 19 97 2 2 9 2 4 1 2 2 51 1 1 1 3 2 1 3 1 1 2 1 25 2 6 1 1 2 5 2 2 133 2 1 1 5 3 2 12 3 2 1 4 1 3 2 1 4 1 1 2 2 4 1 1 2 1 2 3 1 1 5 4 2 1 1 16 1 7 4 1 2 3 31 1 2 2 3 1 2 1 4 5
1 2 19 1 2 2 1 412 1 4 2 1 47 1 3 2 17 9 1 2 1 7 15 1 2 4 1 7 4 2 2 4 8 2 12 2 2 8 2 2 9 4 3 2 2 11 1 4 2 27 1 3 2 3 2 2 8 1 6 2 6 1 6 1 7 2 3 1 1 2 4 3 8 2 1 3 1 1 2 18 1 1 3 2 3 1 1 5 1 4 3 1 2 1 1 7 2 2 11 2 1 2 5 2 2 8 1 5 1 1 1 1 13 2 1 2 2 11 1 2 39 3 22 1 2 15 1 3 1 3 2 17 1 1 1 2 1 1 4 2 1 3 8 1 3 1 1 4 2 2 1 2 1 1 2 6 2 2 2 1 3 18 1 2 1 4 2 82 2 2 4 2 19 1 2 2 2 4 2 1 2 6 2 1 3 1 2 15 2 1 2 2 2 2 8 10 2 1 1 2
2 2 3 4 2 2 1 2 28 1 83 1 3 5 2 2 1 1 4 2 2 1 3 1 2 39 39 1 2 14 3 1 5 2 1 1 1 2 1 1 1 1 4 4 2 2 1 120 1 1 1 1 1 1 1 2 1 1 2 1 3 4 4 34 6 2 4 1 2 4 3 1 2 5 2 1 1 2 11 1 1 6 2 4 1 1 8 3 2 2 1 2 1 4 1 4 2 2 3 1 18 1 7 1 2 4 3 22 2 18 2 1 2 2 4 2 7 5 4 1 20 1 1 4 6 13 2 4 2 1 2 1 1 1 1 5 1 2 2 3 2 2 1 1 2 14 2 15 3 1 2 1 2 1 2 3 2 2 1 1 1 2 29 5 6 9 3 1 2 3 1 2 1 2 1 2 1 3 69 1 2 4 8 1 2 1 11 4 1 7 5 6 2 5 4 1 3 2 14 1
5 9 1 3 3 2 1 4 2 20 1 18 2 1 2 5 2 1 20 2 1 1 11 3 3 1 3 1 3 10 1 1 2 25 89 1 1 1 3 2 12 1 2 2 2 1 1 2 14 7 1 1 1 2 21 11 1 2 1 3 2 4 61 2 1 1 1 1 13 1 3 8 1 8 1 48 36 1 1 2 2 2 2 2 1 5 3 3 3 52 6 7 1 1 5 1 5 1 2 7 15 4 1 4 2 1 2 1 2 3 2 2 1 1 3 11 3 3 1 1 2 7 1 42 2 2 3 1 1 2 13 2 1 3 1 3 2 1 2 3 1 1 1 2 1 5 1 3 2 20 8 3 2 1 2 49 2 10 3 8 3 1 1 2 4 2 4 1 8 1 2 1 25 1 1 9 1 1 6 2 3 1 1 3 1 14 4 1 2 1 1 1 2 11 3 23 4 1 134 1
1 1 2 38 1 2 2 1 1 3 3 6 36 21 1 1 1 2 3 10 2 1 2 4 2 2 5 1 7 1 3 3 17 3 2 5 4 14 20 2 1 1 39 1 1 12 5 3 1 2 8 5 2 2 1 1 5 3 17 4 1 5 5 5 1 14 1 2 2 3 6 3 6 1 3 1 2 5 4 1 1 9 27 2 4 2 5 5 18 2 2 1 1 2 1 1 1 1 2 2 2 1 5 1 1 4 13 34 1 3 1 1 9 2 1 1 1 2 7 2 1 2 2 3 4 3 1 2 1 2 5 5 28 1 1 2 1 3 2 5 3 11 2 1 1 2 5 31 1 2 1 3 4 2 3 10 9 1 1 2 2 1 1 1 2 3 8 2 1 1 1 5 4 5 9 2 1 2 22 1 1 1 1 399 1 4 20 1 3 28 2 8 1 1 3 1 3 2 1 1
2 1 2 3 1 2 1 2 1 2 3 24 5 8 1 3 2 2 3 4 3 4 2 1 3 2 2 3 1 1 18 2 3 2 17 1 4 1 1 2 1 3 2 2 2 6 7 1 5 1 3 1 2 11 2 67 1 3 7 4 2 2 2 1 3 3 1 1 2 3 2 3 1 10 1 3 3 1 1 4 1 7 3 1 3 2 2 11 1 2 1 1 2 1 68 8 1 1 3 1 1 1 3 4 5 2 8 1 4 6 3 1 1 1 2 1 2 1 2 2 93 2 2 2 1 1 5 1 1 6 1 7 20 2 7 4 1 4 1 5 2 3 4 1 12 2 1 4 2 2 1 2 2 77 4 3 1 1 1 2 2 3 5 2 2 3 1 1 2 4 8 2 3 1 1 3 2 2 26 117 1 1 2 1 2 3 1 1 2 1 1 4 1 2 1 4 2 1 3 5
1 2 1 3 6 2 1 4 1 2 2 1 4 28 1 3 1 3 1 1 2 4 2 1 1 1 5 1 5 2 2 1 1 3 2 17 1 2 2 3 5 2 3 1 22 1 1 2 2 2 2 12 1 2 1 2 12 7 57 2 2 2 2 6 2 2 28 2 1 2 1 2 2 2 1 2 13 3 3 1 24 1 1 1 12 3 4 3 3 2 5 7 9 7 2 2 16 13 2 4 2 6 2 1 91 3 2 3 3 1 14 2 4 10 5 2 3 2 2 2 1 2 1 1 9 2 3 1 1 2 3 1 18 2 7 1 3 1 4 2 3 1 2 2 3 7 1 1 2 2 2 5 2 3 8 3 2 43 2 1 1 1 1 3 1 2 1 4 6 5 1 4 2 2 1 3 3 1 1 73 6 6 2 2 1 4 4 1 2 2 1 2 6 1 2 1 3 2 2 1
1 4 1 1 2 2 1 3 8 18 5 3 2 1 1 2 5 1 60 3 14 3 2 2 1 2 1 1 3 1 1 2 2 1 1 1 16 2 1 3 2 2 2 2 1 2 3 8 1 12 5 2 9 2 31 2 4 2 2 2 1 3 1 14 3 2 1 2 2 1 11 2 1 1 5 13 3 15 2 2 1 1 4 1 3 1 1 1 1 4 397 5 1 1 2 3 6 2 5 4 1 131 2 17 14 15 2 7 1 9 2 5 4 4 7 2 2 6 2 1 2 7 3 1 25 2 44 36 2 2 3 1 76 3 1 2 1 1 2 2 9 4 2 2 2 2 13 1 6 3 3 5 9 2 4 22 1 44 2 1 2 2 1 2 13 5 40 105 11 1 2 1 2 2 1 2 6 1 1 7 2 4 3 2 2 9 1 21 2 64 2 5 2 8 1 258 2 1 1 2
2 1 2 2 1 1 1 38 7 1 1 4 7 3 1 1 8 5 3 6 1 1 5 6 7 1 1 1 3 1 3 6 2 4 3 1 2 1 3 1 23 8 1 12 2 1 4 5 4 2 13 2 1 8 2 1 5 3 1 1 5 7 3 1 1 1 1 3 3 1 2 1 1 1 1 1 7 2 1 1 4 30 1 3 1 3 12 3 1 3 1 2 1 2 1 2 5 9 3 6 1 1 2 4 1 14 4 1 1 5 20 9 1 1 3 2 2 4 3 1 2 1 4 23 2 1 3 1 8 4 2 1 2 2 3 2 2 2 2 1 2 3 4 3 3 1 6 4 5 3 1 1 2 1 1 4 1 5 13 2 1 7 2 1 4 3 2 8 16 1 2 2 3 14 5 2 1 7 2 1 2 10 12 1 3 2 1 2 5 2 2 115 2 1 2 3 1 7 2 3
1 7 2 1 7 2 8 11 1 2 16 1 1 2 2 1 45 2 1 1 1 13 2 1 6 15 1 2 2 3 2 13 1 1 3 1 1 1 1 3 45 1 6 4 3 6 2 1 1 2 10 3 5 1 4 2 2 3 1 9 3 2 10 2 6 2 1 1 1 2 2 1 1 1 1 1 1 7 1 4 3 2 1 3 4 1 1 1 2 1 1 3 3 3 20 1 1 13 1 2 2 12 37 2 1 2 6 1 1 34 2 6 1 1 1 37 26 2 5 1 19 11 1 3 1 1 4 3 1 5 1 1 2 2 1 2 2 1 1 3 20 1 3 3 1 1 2 15 6 2 2 4 53 1 103 32 4 1 2 2 2 5 1 4 2 1 1 1 1 1 2 5 4 2 1 3 2 3 2 11 5 1 2 1 1 6 9 2 2 2 1 2 4 8 6 1 2 5 1 2
3 2 6 3 2 1 4 2 2 1 2 5 133 4 5 1 15 1 5 2 1 1 3 4 1 1 6 4 2 1 2 4 1 1 2 1 6 2 2 1 31 2 2 246 1 23 1 1 1 1 2 1 1 1 1 2 2 4 3 3 1 1 5 4 3 1 3 1 3 30 8 1 2 1 1 6 10 2 1 4 3 2 2 2 3 2 2 1 3 7 2 1 2 1 3 4 1 1 2 6 3 2 7 4 33 2 8 11 6 1 1 6 1 1 1 19 18 3 1 2 20 2 9 2 1 2 2 1 2 1 3 3 2 5 3 1 2 1 2 1 3 1 2 6 3 1 64 1 11 1 1 2 3 2 117 1 25 3 5 5 2 1 2 1 4 1 1 2 1 1 1 58 3 2 1 39 13 3 8 3 5 1 1 4 16 2 12 8 4 2 1 1 1 5 2 3 1 2 1 2
4 2 1 12 2 7 2 2 1 3 1 1 1 3 1 1 59 6 3 11 3 1 3 1 14 7 3 4 75 134 1 1 2 2 1 23 2 2 1 2 2 1 2 9 1 1 10 1 4 12 4 2 6 4 1 11 3 4 2 1 6 2 2 17 1 12 1 3 1 1 1 3 2 1 4 2 5 1 1 6 1 6 2 1 4 1 19 2 30 1 1 58 2 4 1 1 1 3 55 10 2 5 2 1 3 1 1 2 1 2 2 2 96 3 2 1 1 3 3 3 6 2 2 1 1 2 1 5 45 1 1 7 1 1 1 2 1 13 2 3 25 1 1 3 2 2 1 4 1 1 11 1 2 2 2 2 2 8 5 1 21 2 2 1 4 2 428 12 2 4 13 2 2 1 2 1 2 1 4 1 51 2 2 7 1 2 4 1 13 7 19 3 1 1 3 1 1 1 1 8
1 6 1 2 2 5 7 3 2 1 5 2 13 2 2 2 2 3 5 2 4 2 2 2 2 3 1 1 2 2 2 2 3 7 2 2 7 2 11 1 5 10 1 4 1 1 1 10 25 2 1 3 2 14 8 1 1 1 2 23 3 1 3 1 1 14 2 1 1 3 1 1 10 3 2 3 1 1 2 10 1 1 7 2 3 3 2 2 6 2 3 2 1 37 1 2 13 1 1 23 11 3 2 1 2 5 20 1 3 3 1 2 13 1 1 1 2 5 1 1 2 8 2 2 27 2 1 1 6 2 1 5 2 292 3 1 18 3 1 3 2 1 3 11 1 4 1 3 3 1 3 1 3 1 1 15 2 3 3 2 1 1 1 65 2 4 1 1 5 2 6 1 1 2 15 1 1 1 3 5 2 2 2 1 5 1 3 1 1 2 4 1 3 1 1 3 1 3 3 1
1 7 1 4 3 2 12 1 46 3 3 17 1 2 15 1 3 48 3 2 2 1 77 1 2 19 12 4 11 2 2 5 3 1 2 7 4 1 1 3 2 1 2 3 3 2 1 1 2 3 4 3 3 2 2 2 8 1 2 4 5 4 373 2 3 3 1 7 17 2 4 5 1 6 1 4 4 39 5 2 2 12 1 1 1 2 2 1 2 3 3 1 1 1 7 1 1 1 3 1 2 6 1 3 4 2 3 1 7 1 2 32 1 3 3 1 3 34 2 4 8 2 1 2 1 1 2 1 5 6 1 4 4 8 14 1 6 1 2 3 1 7 3 3 1 3 2 2 3 22 10 2 1 1 1 2 2 1 1 4 3 4 1 3 4 6 2 3 20 1 1 1 13 2 3 1 2 2 3 4 2 2 1 77 1 3 2 16 1 4 1 1 4 1 1 15 1 6 2 1
1 2 5 19 3 2 2 1 1 2 6 1 2 1 1 2 1 2 1 2 2 1 2 1 3 2 95 63 4 1 1 1 13 2 1 31 16 3 7 1 2 2 4 1 1 1 79 2 3 1 7 1 2 1 4 6 1 2 2 2 2 2 1 67 1 2 5 3 4 2 1 2 1 1 2 1 24 2 1 5 3 1 3 2 1 1 39 2 2 2 1 4 1 4 3 2 1 1 3 1 1 4 1 3 2 2 5 1 1 2 1 1 6 4 1 1 4 1 2 1 10 1 1 1 2 3 1 6 1 2 4 1 5 3 2 1 4 2 1 1 2 158 7 2 1 40 21 1 8 8 2 2 1 1 2 7 6 4 1 5 17 1 1 1 3 5 1 3 1 3 1 2 7 3 1 3 2 2 1 2 1 1 1 8 1 1 1 1 7 1 2 1 4 18 4 1 2 3 4 1
1 3 6 2 3 3 1 1 1 4 1 24 1 56 2 7 1 1 2 1 1 2 1 2 7 2 5 63 1 1 3 3 1 1 2 1 1 1 6 3 2 1 1 4 64 1 1 4 62 2 2 2 2 2 1 1 1 15 4 2 6 1 3 5 4 1 1 1 5 1 3 10 8 9 2 4 1 2 4 6 2 7 1 1 1 3 1 1 2 1 24 2 18 1 3 1 2 2 1 3 2 1 2 1 1 1 1 2 1 1 4 2 1 1 1 2 1 3 5 2 2 13 1 29 3 1 2 4 9 8 2 13 2 3 3 1 1 1 1 1 2 5 12 3 1 1 1 2 1 3 12 1 4 2 11 6 1 2 1 1 1 2 2 4 3 3 2 1 21 22 1 4 7 2 1 1 2 2 2 2 1 1 4 4 1 398 8 1 1 6 2 3 1 1 1 3 1 39 3 2
13 7 1 3 8 1 2 2 1 2 1 12 2 2 16 1 2 16 1 1 2 2 19 1 3 1 2 3 1 1 10 2 208 2 1 1 2 3 3 4 3 2 1 2 3 2 1 2 17 3 1 13 2 1 1 2 1 2 3 5 4 3 1 2 5 15 28 1 2 3 3 32 1 2 1 4 2 2 2 3 3 2 2 4 2 2 1 2 3 1 1 2 1 1 13 2 2 1 1 8 1 3 2 2 1 3 2 7 1 1 2 4 26 2 2 7 2 3 2 7 4 4 1 2 2 1 1 1 8 2 9 2 2 2 2 1 1 1 1 3 10 2 1 6 5 7 3 2 8 2 5 2 4 1 1 1 1 3 1 2 1 2 8 2 1 2 4 2 4 1 2 3 13 1 1 2 2 1 2 3 1 1 1 2 1 2 3 2 4 1 2 1 2 1 2 10 1 3 3 4
2 1 1 1 162 2 3 5 2 1 1 1 8 1 1 1 1 1 1 1 2 2 3 1 3 1 2 5 1 4 2 3 8 2 1 2 4 9 4 1 4 1 1 6 1 2 2 1 2 3 2 4 56 7 4 20 1 1 2 1 2 2 2 1 2 11 2 2 6 2 11 2 5 3 1 2 6 2 19 3 1 1 2 1 1 2 1 1 5 4 5 1 4 2 3 2 1 2 4 2 1 1 1 1 1 1 1 2 2 2 1 2 2 13 3 3 2 4 5 1 3 1 1 2 27 1 4 1 5 1 1 2 2 1 1 4 2 5 2 1 2 6 2 2 1 5 1 34 2 2 79 1 1 1 2 1 2 4 5 1 2 3 2 2 1 5 3 5 3 1 1 1 2 2 3 2 4 1 1 1 2 2 22 1 2 15 1 3 2 1 11 6 5 23 70 3 2 1 2 2
2 21 1 5 2 2 1 2 4 2 1 23 1 1 1 1 5 9 2 1 12 21 5 1 1 9 2 1 1 4 1 22 2 26 1 3 1 4 3 1 2 8 3 1 3 3 3 4 3 15 21 2 1 2 7 2 2 3 11 3 1 2 5 1 2 2 2 2 5 1 3 2 9 2 1 1 1 1 7 6 5 1 2 1 5 2 7 1 14 1 2 4 5 1 2 2 3 2 2 1 1 13 4 2 2 19 1 7 6 1 16 68 33 1 1 5 5 1 1 2 1 2 3 2 1 3 30 1 4 2 1 7 6 3 7 1 2 3 5 3 106 4 2 2 1 1 3 2 51 1 1 4 2 4 5 1 14 2 1 277 59 1 2 1 3 3 5 2 1 1 4 1 2 1 1 1 1 1 53 1 3 2 2 2 1 1 5 3 1 3 2 1 2 1 1 8 6 2 1 4
5 1 2 1 1 2 9 3 2 13 6 3 17 15 1 2 4 3 9 21 41 5 1 19 52 2 1 2 2 3 7 2 4 1 4 1 7 1 1 3 22 3 1 2 3 2 2 1 9 3 7 6 1 1 3 3 1 1 22 2 1 1 2 1 6 2 2 4 2 1 2 5 2 1 13 1 7 1 2 1 2 2 1 3 1 6 6 2 5 2 1 2 3 2 3 1 56 4 3 2 2 2 3 1 2 2 1 3 2 3 2 2 1 2 1 2 1 1 10 1 8 2 5 1 1 2 2 1 1 1 2 4 4 2 4 3 7 3 3 3 2 2 3 2 1 2 3 2 10 2 2 1 4 4 1 19 11 3 4 2 1 12 1 9 1 1 5 1 12 2 3 1 3 2 2 11 2 2 2 6 1 2 7 1 3 2 3 2 4 2 3 9 3 1 4 4 3 2 1 2
2 8 1 1 1 2 1 1 6 1 4 1 2 1 18 2 30 1 1 5 2 2 1 5 1 1 2 1 1 3 2 1 3 1 17 1 1 1 1 14 2 2 1 1 2 2 64 2 6 1 3 2 4 1 4 1 2 3 2 1 28 1 2 2 1 2 1 3 1 1 1 2 2 1 1 1 4 1 2 6 1 2 7 3 2 5 25 31 2 1 1 2 2 1 1 1 1 1 1 1 7 1 1 2 2 1 50 1 1 2 4 2 2 45 2 1 2 4 2 2 2 3 2 3 6 1 1 1 12 1 5 1 2 4 2 12 1 2 3 2 1 1 2 3 9 1 2 3 2 50 17 1 1 2 11 3 1 5 2 1 2 2 1 2 1 9 1 1 1 2 3 1 1 51 1 8 14 4 2 2 5 5 3 1 2 15 3 7 1 3 13 1 1 27 1 2 3 9 2 4
3 1 8 1 2 3 1 1 1 3 69 1 7 1 51 11 1 3 1 3 10 1 3 1 1 4 1 2 4 2 1 1 2 1 15 4 2 13 4 2 1 1 1 1 1 1 2 4 2 2 2 3 1 14 1 9 3 1 1 1 3 1 2 1 2 2 1 93 14 3 1 2 2 36 5 2 1 2 1 23 2 1 2 2 2 3 3 1 2 15 5 2 3 1 2 4 1 3 2 27 2 2 2 10 2 1 6 3 4 2 1 1 2 3 3 2 3 1 5 1 1 6 2 4 1 3 1 6 1 1 2 2 2 3 3 2 4 3 4 5 10 2 2 1 1 2 7 3 1 1 2 1 8 6 1 1 1 3 2 1 6 2 1 6 3 3 34 2 2 4 6 1 2 13 2 2 3 5 3 3 2 1 4 2 1 5 12 7 3 1 2 7 2 1 16 12 1 1 1 2
4 4 1 1 16 9 6 1 3 5 1 4 1 1 5 1 3 1 3 2 1 4 1 2 4 4 1 4 13 2 2 10 2 1 19 1 3 1 2 10 3 1 1 2 6 2 1 4 9 3 2 3 2 2 2 5 5 1 1 3 26 1 2 3 2 17 1 2 1 2 4 1 13 60 1 4 1 63 8 7 1 2 2 2 1 2 2 3 2 1 2 1 1 2 2 225 19 2 1 3 2 1 1 1 21 2 1 1 2 2 41 1 2 2 1 1 2 2 1 1 2 2 7 2 5 2 1 1 2 2 15 1 2 1 2 3 280 1 5 7 2 2 2 1 7 4 1 5 2 3 6 2 1 1 1 1 6 1 3 5 1 2 1 3 3 10 2 2 2 1 1 2 1 1 2 5 2 9 3 1 5 2 33 2 3 4 1 3 3 1 1 2 2 1 3 2 1 1 3 4
2 8 1 5 1 6 1 5 2 9 3 1 2 13 2 2 2 1 1 10 2 30 1 41 3 4 1 3 2 2 3 2 25 2 1 1 1 1 4 1 9 9 1 2 2 2 12 2 1 2 1 2 2 4 2 4 2 1 1 2 1 39 3 10 2 1 39 7 3 1 3 4 7 2 4 2 1 3 1 7 1 3 10 2 1 4 4 2 1 6 19 1 2 2 2 2 2 6 2 5 2 2 2 1 3 5 2 9 1 1 1 2 1 6 2 2 3 1 1 4 1 1 2 1 1 4 2 2 3 1 2 3 3 16 9 7 1 1 1 2 2 1 8 1 2 18 1 2 19 2 2 4 5 8 1 2 1 1 1 2 17 1 25 4 1 2 2 2 1 1 3 5 2 2 1 11 7 22 1 4 1 4 3 1 7 7 1 1 14 5 4 2 1 2 2 21 13 4 3 2
2 2 1 2 4 2 3 8 1 2 2 1 2 14 2 1 2 17 2 17 1 2 2 10 2 6 2 3 6 1 7 1 13 3 1 10 2 3 2 3 8 2 1 4 41 2 2 5 2 5 2 2 2 1 1 5 5 1 2 3 1 1 1 4 2 2 1 3 4 21 1 1 2 3 2 8 3 1 3 17 2 221 10 5 3 1 3 2 2 10 11 3 2 1 9 5 5 3 3 1 1 1 2 3 2 1 1 2 5 5 3 9 2 6 3 2 17 1 2 2 2 7 1 2 1 2 3 2 1 2 9 1 2 1 2 2 2 5 3 2 2 1 2 2 4 4 2 9 2 2 1 1 17 4 2 30 32 1 128 1 8 5 1 4 1 10 4 1 1 2 1 11 1 2 3 2 1 1 2 3 8 7 2 1 2 1 1 1 1 2 2 1 2 3 1 1 3 1 1 12
2 1 2 1 3 1 4 3 5 1 3 1 3 3 4 1 8 2 2 4 2 4 1 2 1 1 5 17 1 1 10 1 3 2 52 1 4 2 1 4 2 1 2 1 2 2 24 3 5 2 3 4 4 2 3 2 2 1 4 2 2 107 2 2 3 1 12 1 3 2 1 2 2 1 1 1 2 4 1 2 1 1 6 2 12 2 2 1 2 1 1 2 3 4 3 1 2 2 13 3 8 2 2 1 4 2 1 4 1 1 1 5 4 4 2 2 2 26 8 1 3 1 1 34 2 2 2 13 1 1 1 2 1 21 2 2 2 1 17 1 1 1 2 12 3 5 2 6 1 2 1 23 49 1 1 3 6 2 1 2 3 1 1 3 5 9 2 1 2 2 2 2 1 1 5 1 3 2 3 3 4 4 2 1 1 1 1 4 20 2 4 4 2 3 2 1 7 4 4 1
2 2 4 1 14 4 2 8 1 3 6 1 47 1 7 1 1 1 1 2 1 2 2 2 1 3 1 2 2 2 2 1 2 1 1 1 2 1 3 2 8 2 12 2 2 1 10 2 1 3 2 4 2 1 1 295 11 1 37 1 5 1 2 1 1 1 5 2 4 1 1 12 2 2 5 2 2 2 2 4 3 1 26 1 10 5 2 1 3 2 2 2 1 9 4 2 2 1 8 2 2 2 1 2 2 2 1 1 3 2 1 2 10 1 3 3 240 3 3 1 1 1 3 6 3 3 2 4 1 2 5 23 1 4 1 2 2 2 5 2 2 96 1 1 2 2 5 4 2 2 1 3 2 3 3 42 2 1 1 6 117 5 1 1 1 4 19 1 2 1 1 2 9 3 1 3 1 76 2 9 1 1 1 15 1 9 1 9 4 2 2 1 2 1 3 11 3 2 2 1
1 1 2 7 1 8 2 5 1 5 1 11 2 2 1 3 1 4 1 2 2 6 1 1 3 3 1 1 3 3 1 1 22 1 2 1 3 4 2 2 4 5 5 2 1 3 1 1 3 1 3 1 2 1 2 2 2 1 1 2 1 5 1 2 5 2 103 2 4 2 11 1 2 1 2 4 1 1 5 2 2 2 4 2 43 2 7 6 2 16 9 6 1 11 9 2 1 2 7 7 2 7 5 13 1 8 1 2 1 5 10 1 1 2 2 19 7 5 1 2 6 3 2 1 1 2 1 2 2 1 4 2 16 3 1 1 2 2 2 4 12 1 5 2 1 7 5 1 2 4 5 14 2 1 2 1 2 13 12 3 2 3 2 1 2 2 1 1 1 1 2 1 40 2 23 3 25 1 2 9 4 5 2 12 3 1 1 7 3 1 2 5 2 1 1 1 3 9 6 2
1 78 1 2 3 1 2 2 60 1 8 3 2 1 5 1 2 2 2 10 2 1 3 2 2 1 1 4 16 5 1 1 1 13 2 26 3 1 2 2 2 1 3 4 2 1 6 5 22 1 10 1 8 3 3 2 2 3 4 6 2 1 47 3 1 3 1 12 3 2 1 3 3 1 4 1 1 1 7 8 2 14 8 1 3 2 1 1 1 1 2 1 1 4 2 3 2 3 1 3 1 3 1 4 16 4 3 1 1 2 3 1 2 2 1 3 2 3 1 2 2 2 7 1 2 1 2 6 2 1 2 47 2 59 1 2 1 12 4 1 1 3 1 4 6 2 2 1 5 7 2 2 1 2 1 1 3 3 4 2 3 1 2 153 2 3 23 13 2 2 4 2 2 4 11 1 1 1 3 1 1 31 4 1 1 40 1 2 1 6 2 18 2 2 1 1 1 4 2 8
6 2 3 288 2 2 2 4 23 2 1 2 3 1 9 1 3 3 2 27 2 17 1 7 20 3 1 5 1 3 2 6 2 9 2 1 3 1 3 2 51 10 3 2 5 1 6 13 1 1 2 3 2 2 2 4 1 1 2 8 3 2 3 1 1 6 2 5 1 1 4 1 1 2 2 4 1 2 9 1 13 3 2 1 1 16 2 4 3 2 13 4 10 7 9 4 2 6 1 4 2 2 4 22 1 1 14 68 1 1 1 2 2 2 1 2 3 1 2 1 1 1 1 1 1 1 4 10 1 1 7 5 23 2 19 4 5 25 1 1 8 1 2 2 1 6 27 2 1 2 1 2 3 1 9 3 9 2 1 2 2 1 2 1 5 3 8 1 9 1 12 3 4 2 7 3 2 44 160 2 15 3 3 4 1 3 2 4 3 1 3 2 2 15 2 3 1 3 7 1
1 1 4 3 2 1 2 20 6 1 2 2 3 12 1 2 1 2 1 3 6 17 6 12 1 2 4 1 2 3 1 1 1 4 4 1 2 2 3 2 2 2 7 8 2 2 2 8 5 10 2 1 5 2 3 2 1 2 1 7 42 1 5 1 1 14 26 2 2 5 2 2 1 2 3 1 2 4 3 3 3 1 3 2 38 1 1 2 2 38 2 2 2 2 247 2 2 1 2 1 13 1 2 9 2 4 1 2 16 14 1 1 3 1 1 1 2 2 5 1 2 3 1 4 3 13 6 1 3 2 6 26 4 1 1 2 8 2 1 3 1 2 15 6 13 3 3 3 2 1 5 5 2 4 2 3 1 1 24 3 16 1 2 1 2 2 10 1 2 2 34 1 3 5 58 2 2 1 4 1 3 1 1 4 1 1 4 1 1 3 40 13 2 2 5 3 2 1 7 1
2 3 48 1 2 1 1 3 1 2 1 9 5 3 3 2 3 1 2 1 2 2 2 5 10 4 2 2 5 3 1 1 10 1 2 2 2 1 4 1 4 1 1 27 1 3 26 2 3 4 1 2 1 2 5 8 16 7 2 1 2 12 3 2 14 1 8 3 2 4 2 2 7 5 4 15 1 3 2 50 1 1 2 1 1 1 1 3 155 48 4 1 1 2 2 11 6 7 1 3 3 3 1 5 3 1 23 1 1 18 1 2 4 7 11 3 2 11 1 8 2 1 3 1 2 1 17 10 3 3 2 2 3 2 3 173 8 2 12 10 2 5 2 2 1 7 2 1 11 1 2 1 4 2 1 1 1 7 4 2 5 1 3 2 161 7 3 2 2 2 1 1 2 14 258 2 2 2 11 2 2 10 10 1 2 2 107 1 2 1 2 1 1 1 5 1 2 2 1 1
3 4 7 1 2 26 2 2 2 9 1 1 1 14 6 2 1 1 33 4 9 8 22 3 1 4 1 4 8 1 1 1 15 1 2 4 1 7 1 1 4 1 1 2 1 196 1 1 1 8 6 4 4 3 1 2 12 6 2 1 1 1 3 2 2 1 1 1 9 1 5 34 4 2 3 2 3 5 3 2 366 7 1 2 1 1 1 2 7 2 3 1 1 4 1 6 2 2 6 1 1 4 3 1 1 1 1 2 3 10 3 2 2 3 11 9 1 2 2 1 4 2 1 4 2 2 1 1 7 3 5 1 3 4 1 2 1 1 2 1 1 3 2 2 1 2 1 8 1 2 24 13 2 27 1 1 1 2 2 3 3 6 2 2 1 2 1 1 6 2 1 25 1 2 1 3 1 12 6 1 2 2 1 1 21 1 1 2 1 2 4 6 3 2 6 1 2 2 2 1
1 1 1 2 2 1 5 4 2 1 2 1 5 2 1 2 2 2 40 12 4 2 2 7 2 3 2 3 2 16 2 1 1 2 1 1 1 6 2 11 5 5 2 1 2 2 1 1 1 25 2 2 1 2 2 5 4 1 1 1 1 3 2 3 5 1 3 9 1 1 5 1 1 5 5 116 5 2 5 241 8 2 2 6 2 7 1 12 4 1 11 2 6 3 2 1 3 2 29 1 2 19 2 1 5 1 2 2 4 3 3 4 1 5 3 6 1 2 2 7 1 1 3 1 13 1 1 2 2 16 3 8 1 1 42 21 2 1 1 4 5 2 2 1 19 2 1 6 296 3 3 2 2 165 2 1 1 3 5 4 2 3 107 3 3 3 2 69 7 1 1 1 1 3 1 8 5 3 1 9 6 2 28 3 2 6 8 5 1 2 1 1 2 2 1 1 4 13 4 3
2 2 5 3 1 2 4 2 1 8 19 3 1 3 1 23 2 2 3 2 2 5 9 7 1 1 3 9 1 2 4 43 1 2 1 2 2 1 2 4 2 8 1 2 2 1 98 1 1 1 5 4 2 2 2 1 1 3 2 9 1 2 4 1 2 12 4 1 3 1 3 1 1 1 14 3 2 1 2 7 4 8 2 1 8 2 1 1 1 1 1 2 3 1 2 7 1 1 1 1 2 1 1 4 4 1 1 5 1 1 1 2 2 1 1 1 19 2 1 2 1 1 15 19 3 1 4 3 1 1 15 2 8 19 4 1 3 5 4 31 1 1 7 2 1 2 1 2 1 3 2 5 2 2 1 1 1 14 2 2 1 1 1 3 6 1 1 2 1 2 1 2 1 11 1 2 5 1 5 40 11 1 3 2 1 2 3 2 3 3 1 1 29 1 2 2 4 1 4 1
24 4 6 13 6 1 5 1 2 9 2 2 1 3 17 3 1 2 1 7 1 1 59 1 1 21 2 2 1 8 5 7 1 1 3 2 1 2 2 2 1 5 2 2 2 1 1 5 2 13 1 18 3 1 1 1 1 1 1 5 2 2 1 4 2 1 2 168 2 1 5 2 2 3 2 2 2 2 5 3 6 5 2 1 2 2 4 5 2 2 3 5 1 2 5 5 11 3 3 8 7 14 6 8 1 3 1 1 1 2 2 2 1 3 7 13 2 4 1 1 3 2 2 1 14 2 43 2 3 3 1 1 2 1 6 2 11 1 1 1 19 1 2 2 2 4 1 2 8 7 2 3 1 1 6 2 8 2 4 7 1 4 46 6 2 6 1 3 1 2 2 1 3 1 1 3 2 1 1 4 2 1 1 10 5 2 1 1 6 1 3 3 2 5 2 1 2 3 1 4
3 10 1 9 8 2 2 4 3 2 2 1 3 5 52 5 1 3 2 8 1 6 2 3 3 1 12 3 2 4 76 1 3 4 1 4 3 1 4 1 7 1 1 1 9 1 2 2 1 1 1 1 1 7 1 1 1 2 1 1 1 6 1 2 6 6 5 5 2 5 2 2 1 1 30 15 2 2 2 2 2 131 3 2 6 3 9 1 2 2 1 4 5 3 1 27 3 1 1 28 1 1 6 2 1 3 1 1 1 11 11 4 2 4 9 1 3 3 4 1 2 4 45 2 3 9 1 4 3 2 3 6 1 1 2 2 5 3 1 3 1 2 1 2 2 3 2 2 2 4 1 1 1 1 17 1 33 4 5 1 13 2 1 2 14 1 2 1 7 9 1 1 1 1 1 2 3 7 8 3 1 3 2 1 2 6 1 1 1 2 3 15 4 4 2 5 6 1 14 1
4 1 4 7 3 1 1 9 5 1 4 4 42 2 1 2 1 3 1 4 3 1 4 1 2 2 5 1 2 1 9 55 1 6 3 1 7 3 3 3 7 8 2 5 1 1 1 48 5 3 4 4 1 1 2 4 3 3 2 2 4 3 2 1 1 1 2 1 1 3 2 2 2 2 1 1 3 1 3 1 2 3 1 2 6 73 1 1 2 1 3 2 1 3 4 3 1 4 3 5 5 1 2 1 2 2 7 1 5 2 4 3 23 6 2 3 2 1 1 2 2 2 1 2 3 1 2 4 2 8 2 1 1 2 1 1 10 9 1 3 1 6 3 6 8 2 2 1 1 6 3 2 5 2 4 5 1 4 2 1 1 2 3 2 1 2 2 2 4 2 3 4 2 1 2 3 2 2 8 2 1 6 4 1 2 4 2 2 3 1 1 4 3 2 1 3 43 1 5 1
1 2 2 59 4 10 4 3 2 1 2 90 42 1 3 1 1 4 1 2 2 8 2 2 1 1 6 5 6 4 4 1 2 3 2 1 4 1 6 27 1 2 6 3 5 2 1 14 2 21 2 2 3 4 1 192 3 1 2 1 1 1 1 11 215 6 1 3 1 1 2 1 2 1 1 2 1 2 1 1 1 2 5 1 1 1 2 2 1 10 24 4 21 1 1 1 2 1 2 6 2 6 1 2 3 2 2 2 1 1 1 1 7 3 20 3 8 19 2 1 2 3 2 3 2 1 1 2 4 6 1 2 1 2 2 2 2 28 6 2 157 1 1 36 2 2 3 2 2 2 2 1 7 29 1 1 1 3 10 3 3 1 1 26 1 1 2 5 1 2 2 3 4 1 4 1 3 2 1 1 13 2 1 1 1 16 3 4 2 3 4 1 4 1 11 1 12 4 2 1
59 1 12 4 1 1 2 4 1 2 1 7 1 1 5 3 1 1 2 2 1 2 2 3 2 1 2 14 3 2 3 5 2 4 1 1 2 1 1 1 1 1 2 2 2 2 1 52 1 14 3 1 6 7 1 1 3 1 1 7 1 1 1 5 1 1 2 1 1 1 1 2 43 1 4 57 1 3 3 3 2 1 1 6 6 2 2 1 11 1 9 2 32 4 1 2 1 3 5 24 1 5 3 2 1 6 1 18 36 21 1 2 1 3 1 1 1 4 4 1 1 2 2 1 5 1 4 1 1 2 2 1 8 3 2 3 1 1 3 8 4 5 1 1 7 1 6 1 1 5 2 1 3 3 3 7 2 2 1 1 2 1 1 1 9 8 3 2 5 3 2 2 15 4 5 6 18 1 1 2 2 9 1 1 15 33 3 2 3 1 1 1 3 2 2 1 2 2 1 6
21 5 1 32 2 1 2 5 2 2 4 1 4 4 1 3 1 1 1 1 1 19 6 4 6 2 1 6 3 13 2 1 2 2 2 4 3 1 1 2 2 6 1 1 2 1 10 57 1 2 3 1 1 92 8 7 13 17 1 37 7 1 13 1 10 2 1 3 1 51 1 1 5 15 1 1 3 2 2 2 3 2 1 4 1 1 2 1 2 1 2 13 2 1 1 2 7 7 2 3 2 2 2 7 1 2 1 6 1 2 1 2 35 1 1 5 2 2 1 2 3 4 2 1 2 2 1 1 1 28 5 2 48 1 1 3 1 3 30 1 2 5 10 136 44 2 33 3 1 2 2 6 1 18 2 3 7 1 2 1 2 1 1 1 2 1 3 1 10 1 5 1 2 1 1 1 1 1 4 2 5 6 2 2 10 4 2 5 1 1 1 1 6 2 44 4 7 1 1 1
2 4 1 3 2 2 2 2 1 5 1 3 1 4 1 2 2 1 1 2 1 5 2 3 1 3 10 1 3 3 6 1 10 1 1 45 4 1 2 1 1 2 2 2 4 1 1 4 1 2 1 2 1 1 10 12 1 2 1 2 1 1 5 2 1 2 2 1 1 2 4 1 5 1 1 5 2 83 1 5 13 4 2 9 2 2 1 2 1 1 2 1 2 2 16 1 2 1 2 1 2 2 1 1 2 2 2 2 1 3 1 1 1 12 2 2 9 8 3 1 3 2 1 1 4 1 1 2 2 2 1 2 1 3 1 4 1 1 1 1 172 1 5 3 4 3 1 2 1 2 3 1 2 2 2 29 1 2 32 3 1 4 1 1 2 5 2 1 3 5 4 3 1 3 1 3 2 3 3 2 5 2 1 8 2 82 2 1 4 2 1 1 1 32 1 2 2 5 3 6
2 2 4 1 408 3 1 1 1 3 3 1 9 2 2 5 7 2 3 8 5 21 8 2 1 1 1 3 5 1 3 6 1 2 5 8 5 1 1 2 12 1 6 28 2 1 1 1 1 4 24 1 4 2 2 2 5 89 3 4 1 2 1 1 1 2 6 1 1 2 4 3 5 4 3 2 13 3 1 2 2 3 9 1 1 5 2 4 2 1 2 1 2 3 2 1 1 137 1 4 5 2 2 1 1 2 1 2 136 1 2 1 1 2 6 89 2 2 1 1 2 19 1 1 2 2 4 2 2 3 4 3 1 1 3 2 25 4 2 2 2 1 2 11 5 1 1 5 2 3 2 6 8 5 7 1 10 1 1 3 2 1 18 6 3 2 16 1 2 2 1 21 1 12 2 2 4 2 2 1 2 288 1 1 4 8 4 2 2 2 1 3 9 1 9 4 2 3 2 4
13 2 2 1 3 16 4 1 298 3 4 1 11 1 2 1 5 1 2 12 1 10 2 1 9 6 94 4 1 1 1 1 2 1 1 1 4 1 15 1 1 48 2 5 2 11 4 1 2 6 1 1 2 1 1 2 1 3 2 4 3 7 2 1 2 5 1 92 1 5 1 3 3 3 1 3 2 4 1 11 1 3 3 9 3 2 2 1 2 3 2 1 4 8 2 2 12 22 2 1 2 2 32 2 3 2 56 1 6 7 3 32 1 2 2 3 2 3 1 1 3 6 2 4 2 3 7 6 5 10 20 1 217 2 2 2 3 2 2 2 4 6 18 8 1 2 11 7 3 3 43 1 6 50 2 3 3 3 1 1 2 2 1 1 8 1 1 1 1 24 2 2 4 1 5 3 8 2 3 1 1 6 2 3 5 2 1 1 1 9 1 3 1 1 1 2 2 19 4 2
1 3 4 4 3 4 2 12 4 15 4 1 3 1 2 53 2 3 1 2 3 2 1 2 22 1 47 7 1 1 7 1 10 2 8 2 17 12 2 5 19 1 1 4 1 2 4 5 1 33 5 3 289 5 4 5 1 5 2 1 1 2 2 4 1 2 1 2 1 1 2 2 28 1 1 3 14 2 3 3 1 1 1 11 6 2 1 2 3 1 3 2 10 1 2 1 3 3 1 2 8 4 1 1 2 1 15 4 5 2 1 1 4 3 2 2 2 25 2 2 4 1 3 1 4 2 1 6 2 27 1 2 35 2 2 2 2 2 30 5 2 7 3 2 3 5 4 1 1 5 1 1 1 3 2 2 2 4 1 2 1 2 2 1 2 2 36 1 1 2 1 9 1 2 2 6 7 2 2 1 11 1 10 1 5 2 4 2 3 1 5 1 1 3 3 2 1 1 6 1
1 1 5 1 7 2 1 1 2 2 2 3 1 1 1 1 4 2 1 1 1 4 2 1 1 1 4 1 1 1 2 14 2 1 6 9 1 2 2 2 1 1 2 1 4 2 1 13 8 1 2 2 1 2 2 3 87 4 3 4 1 15 5 2 1 1 3 2 1 1 5 2 1 2 2 1 2 1 4 1 1 1 16 8 1 2 2 3 2 6 2 2 5 4 1 2 1 2 1 1 4 2 16 2 1 3 2 1 1 2 1 2 5 1 1 1 2 2 2 1 5 2 22 2 1 3 2 2 1 5 36 22 1 3 1 1 2 2 4 2 1 1 8 2 3 2 1 2 6 12 5 2 2 2 1 2 2 64 2 6 1 1 1 1 2 1 2 1 1 1 1 8 7 7 1 1 14 3 1 3 16 11 2 1 26 1 1 6 2 1 1 2 4 2 3 4 1 4 2 1
2 2 58 1 1 1 7 11 1 1 1 3 37 3 3 1 1 1 1 1 2 2 7 3 1 2 19 2 2 3 3 2 1 2 73 2 1 38 2 13 1 7 1 11 4 1 1 9 3 2 1 1 1 1 3 6 2 3 1 71 1 3 7 2 5 2 1 1 3 1 13 5 1 4 2 4 2 2 170 2 1 16 4 1 1 5 5 1 2 1 1 2 1 4 2 2 1 3 1 2 1 1 2 1 1 1 4 1 2 1 1 3 2 8 4 1 2 5 2 1 2 1 1 2 1 1 2 1 1 2 3 11 1 8 4 43 3 2 1 2 3 1 1 1 52 1 2 2 1 1 2 2 6 1 3 1 4 4 2 1 3 1 1 7 2 2 13 3 1 4 39 4 10 2 1 1 1 1 1 4 2 2 1 2 1 2 1 4 2 2 2 2 6 8 2 2 2 1 1 5
1 4 8 2 1 6 1 1 2 3 2 1 4 3 1 17 8 1 1 112 2 1 3 2 2 1 1 6 11 2 2 2 1 1 2 1 2 6 1 18 1 1 1 4 4 2 12 2 1 1 1 1 1 3 3 13 3 2 2 3 1 2 2 5 3 5 7 3 2 1 1 3 1 1 2 2 1 38 3 1 1 4 2 1 1 4 1 1 1 2 2 8 2 1 2 2 40 2 1 1 4 1 3 70 2 1 10 1 1 2 44 2 3 16 49 5 1 1 1 1 1 2 6 2 4 2 13 2 1 1 1 2 10 2 2 4 6 3 14 2 1 1 2 2 2 3 1 1 2 4 3 4 13 2 6 4 2 3 1 18 4 2 6 2 2 2 1 2 8 6 2 38 3 3 2 1 1 3 5 2 2 1 1 1 2 4 2 5 2 7 2 1 4 2 4 1 3 2 1 7
1 14 2 1 2 7 1 2 1 2 1 3 2 8 4 1 4 10 3 2 5 3 1 2 4 1 1 8 2 1 1 9 3 2 1 5 2 8 1 2 1 4 1 3 4 2 1 4 1 2 1 2 2 3 2 2 1 2 3 4 2 5 1 1 2 23 2 3 2 3 2 3 7 2 11 6 2 1 2 1 2 3 8 1 2 1 23 2 11 2 1 5 1 6 1 1 11 3 43 5 1 5 1 2 1 1 1 2 2 2 20 5 3 3 2 1 3 1 9 4 4 2 1 1 1 28 1 1 1 3 31 6 1 2 7 2 1 4 4 5 22 1 2 2 1 2 2 4 2 6 1 24 1 2 1 3 2 1 3 4 10 1 1 1 1 1 1 2 1 43 2 2 3 4 1 1 2 14 2 1 1 1 1 1 2 1 2 3 12 2 5 2 1 1 1 2 3 1 6 5
16 6 8 1 3 2 2 2 4 2 143 1 1 2 2 1 2 3 2 3 1 4 1 2 1 2 1 2 1 1 4 5 7 2 3 2 2 4 2 2 4 3 1 3 2 8 4 5 1 2 35 1 2 3 2 9 1 2 1 2 4 1 4 7 8 4 1 4 4 1 7 56 2 2 5 1 11 3 11 1 2 2 1 2 1 3 3 2 1 1 1 2 3 1 3 2 1 2 4 3 9 1 1 1 1 3 1 4 2 2 18 273 2 1 4 13 1 22 1 3 2 1 1 2 2 1 14 4 2 1 4 1 1 3 2 1 1 2 5 3 2 1 1 1 2 1 6 2 36 5 1 2 1 1 3 3 3 1 1 1 1 2 2 1 4 1 1 1 1 1 2 20 4 2 2 2 3 2 1 2 5 1 1 3 4 1 1 6 2 8 2 1 12 1 108 1 1 2 2 39
2 3 8 18 2 2 5 1 1 2 1 3 71 3 4 1 3 7 1 6 8 1 2 1 40 1 12 3 30 1 2 1 1 3 2 13 1 2 13 10 3 1 1 3 3 26 2 1 3 1 4 11 20 2 1 4 23 2 1 1 44 1 5 1 2 2 195 1 10 16 4 3 1 11 2 2 1 1 2 3 1 1 3 2 1 1 1 1 2 1 2 2 140 3 1 2 66 4 1 2 1 6 7 104 11 10 19 1 5 5 1 1 1 11 1 1 55 7 3 3 2 3 4 1 7 1 1 2 1 2 1 2 4 1 1 9 2 1 15 3 2 1 2 5 3 1 1 12 1 1 24 1 2 6 2 2 1 2 4 3 2 4 10 1 3 3 2 3 18 1 1 2 1 2 1 2 2 1 3 2 1 2 1 9 3 1 6 3 2 5 2 1 1 2 1 32 2 2 5 25
1 1 4 1 1 1 16 2 200 17 2 1 1 7 1 5 20 1 2 2 1 1 1 2 4 10 3 7 5 69 1 7 2 1 11 6 1 2 2 2 1 3 4 1 3 2 4 2 2 2 3 1 3 1 2 1 2 1 2 5 1 3 1 2 1 3 2 2 3 1 2 8 1 1 3 1 2 2 1 3 3 1 1 22 1 4 1 11 5 7 1 4 2 2 2 1 3 5 9 1 4 69 3 2 2 1 2 9 4 3 5 1 1 8 6 35 6 4 3 1 3 2 9 2 25 4 15 2 1 2 5 5 1 1 5 4 4 2 10 2 5 3 4 1 2 5 2 1 1 1 5 10 2 1 7 3 1 2 2 2 4 8 2 6 2 1 3 2 6 3 1 1 36 1 1 2 1 2 3 10 3 2 2 1 7 3 10 9 1 1 19 1 1 2 2 7 4 1 2 2
1 6 3 2 7 1 16 4 6 1 1 57 1 2 1 2 5 1 1 1 1 2 1 2 1 1 1 4 1 4 1 2 2 1 4 4 24 6 15 24 2 4 3 8 16 10 1 4 1 5 4 2 5 6 1 2 2 3 2 3 2 3 22 4 6 1 1 1 290 7 2 1 21 2 1 2 3 2 1 1 3 3 2 2 2 1 2 2 1 1 12 1 1 4 1 10 2 2 4 3 1 12 2 1 6 1 3 1 1 2 2 10 39 3 1 1 2 4 21 1 1 26 3 3 6 2 1 4 7 6 1 2 1 7 2 2 1 3 1 6 2 1 1 5 3 2 3 2 65 27 5 8 2 7 2 16 1 1 2 1 6 2 1 1 2 2 2 6 2 2 1 4 15 13 2 1 2 20 11 2 1 2 2 5 10 1 1 1 1 4 1 4 1 5 2 1 6 9 4 13
4 12 24 1 2 1 2 2 1 1 1 1 1 2 2 1 1 4 3 1 1 5 63 4 2 3 5 12 1 13 7 10 31 1 2 2 2 1 6 2 25 2 4 5 3 3 2 1 1 1 2 2 13 6 1 2 8 1 1 5 2 1 2 1 1 42 2 1 4 3 1 2 5 1 2 2 2 2 2 1 2 4 1 2 1 3 2 37 1 8 13 4 5 3 5 5 11 7 3 6 4 2 1 7 2 2 2 4 1 3 2 3 5 1 1 17 7 2 3 1 1 13 8 1 2 2 3 2 1 1 3 1 2 1 1 3 5 1 2 10 8 4 3 18 1 2 1 1 1 25 1 2 1 2 3 1 1 9 7 1 2 1 2 2 3 1 8 1 6 13 3 2 3 19 1 3 4 1 2 2 1 6 1 14 1 9 3 3 2 4 1 2 1 6 1 2 1 2 4 1
6 1 4 2 3 11 1 1 2 1 1 1 1 48 3 5 1 3 5 2 2 3 3 1 1 2 25 1 2 2 2 1 1 4 5 1 1 2 2 5 3 2 16 1 3 20 2 2 1 1 1 1 2 1 56 1 4 3 2 2 2 1 5 7 2 5 1 1 14 1 1 2 3 13 1 2 13 1 1 5 7 4 1 1 25 1 1 1 2 2 7 1 1 2 1 1 11 4 3 1 33 2 2 2 3 2 1 1 1 2 1 1 191 2 1 2 2 1 3 33 4 2 2 1 1 39 2 1 8 3 2 2 5 3 8 12 1 2 1 1 2 1 10 10 1 1 1 1 14 1 1 1 2 4 4 1 4 1 6 7 2 14 1 3 11 8 1 2 1 2 5 1 1 1 6 6 1 1 9 4 3 9 1 14 1 3 2 2 2 2 2 2 1 4 3 5 6 22 2 5
89 25 2 5 2 1 2 8 1 1 3 2 10 1 2 3 2 1 2 1 1 7 1 2 370 20 5 5 2 1 115 2 1 3 24 1 2 3 3 1 1 3 42 23 11 2 3 2 16 2 6 2 1 1 1 2 3 3 3 8 1 2 1 1 2 1 12 19 2 3 2 27 2 1 1 4 2 2 1 4 31 5 2 147 12 1 1 2 8 3 43 2 73 8 2 2 3 2 4 1 106 2 2 1 3 2 2 8 46 5 1 6 4 3 9 2 5 2 1 1 1 3 2 3 1 4 1 5 149 5 7 2 1 3 2 1 3 3 4 1 1 4 1 1 1 2 1 1 1 1 4 1 3 2 7 2 4 9 1 3 7 17 2 2 1 23 1 12 2 2 2 1 10 3 8 3 1 11 1 15 2 1 1 1 2 1 1 3 4 2 3 2 3 8 6 3 2 3 6 6
1 3 2 2 5 12 3 2 2 4 2 1 1 2 8 5 1 10 3 2 1 5 2 7 1 81 5 1 2 3 1 1 6 3 4 1 3 2 1 2 1 2 5 16 3 4 4 10 5 2 4 36 4 7 4 3 1 1 2 2 3 2 1 13 2 2 4 2 13 32 3 2 1 3 2 3 1 1 4 1 1 1 1 5 3 4 7 4 1 1 36 1 1 2 1 32 38 1 6 9 2 2 2 8 2 1 18 2 2 1 2 8 1 1 2 25 1 1 1 2 2 1 7 1 2 6 4 25 2 5 1 34 3 2 2 5 1 1 2 1 1 11 2 4 3 2 1 9 2 3 2 10 6 8 3 1 3 3 1 1 7 3 6 2 1 1 2 15 3 2 2 2 2 7 1 1 1 4 2 1 1 4 2 1 2 1 2 21 1 1 2 3 9 4 1 5 2 2 2 2
4 1 12 1 2 2 1 1 1 6 1 1 2 1 1 3 3 1 5 3 2 1 68 2 1 1 2 2 2 1 2 2 3 1 2 2 4 2 1 1 5 1 2 2 2 2 1 2 1 2 1 4 3 4 3 20 2 2 34 4 4 1 1 16 1 2 2 1 6 1 28 1 2 1 1 1 9 2 4 3 2 3 8 2 13 2 2 9 2 1 3 2 3 64 1 3 1 1 19 2 1 1 1 1 1 8 11 2 2 79 1 1 3 2 1 3 2 2 2 9 2 2 1 3 2 9 42 1 12 1 1 2 1 7 16 6 2 30 4 1 2 1 2 4 1 2 3 1 1 3 1 11 1 27 4 2 3 6 6 5 8 3 3 2 3 1 1 1 3 2 1 77 1 2 2 1 12 1 2 1 5 1 2 1 2 4 1 3 2 2 4 3 1 4 2 1 1 2 1 2
5 5 2 1 2 3 2 18 1 2 4 13 1 18 1 2 1 2 1 1 3 3 3 1 3 1 1 1 1 5 3 2 3 1 1 1 2 41 4 1 2 12 1 1 1 1 4 2 2 2 1 2 130 1 14 2 2 2 3 2 3 2 2 1 2 1 1 2 3 1 4 2 2 1 1 4 1 3 8 1 2 1 1 2 5 2 1 1 1 1 1 1 19 1 2 3 1 1 1 3 4 31 1 2 4 9 4 1 2 5 1 129 2 2 2 8 2 3 1 5 2 2 1 4 1 10 1 21 1 12 1 9 1 2 1 1 5 1 2 1 1 1 1 1 2 2 5 2 2 4 3 1 12 125 2 3 2 1 1 33 1 1 6 1 1 2 1 2 3 2 2 1 27 4 3 1 2 1 3 3 256 1 1 4 76 3 1 17 11 1 4 7 1 4 4 45 1 2 1 2
2 1 3 1 2 2 2 2 2 2 5 4 2 1 3 2 180 3 1 3 9 2 2 4 3 2 23 5 4 5 2 2 1 2 2 1 2 3 2 2 1 1 1 21 2 1 4 4 1 1 5 2 2 2 2 2 2 1 3 2 3 2 1 10 4 2 2 2 12 2 2 3 1 38 1 5 2 3 2 4 1 1 1 2 1 1 1 1 12 9 1 8 2 46 2 18 1 1 2 19 1 2 4 2 1 5 5 2 2 2 1 3 2 2 1 1 5 1 2 2 7 1 7 4 4 29 8 3 3 1 48 10 7 2 3 17 2 1 2 1 3 16 1 5 1 5 2 3 1 3 1 3 4 1 2 1 1 1 1 4 2 2 3 1 2 1 1 4 3 1 1 23 3 1 6 2 1 1 4 7 3 9 1 3 1 2 2 1 3 1 5 3 1 7 2 2 2 2 2 6
