200
116 436 292 390 266 139 422 204 152 358 227 177 269 415 487 302 470 423 412 171 473 120 346 473 422 244 468 383 476 456 111 383 467 244 157 156 459 141 496 314 176 393 276 341 114 350 313 500 230 320 479 219 203 286 397 175 313 455 210 407 415 316 426 300 182 253 260 447 354 267 301 341 127 357 433 196 191 472 492 120 302 202 240 162 259 228 289 162 228 454 375 473 203 468 303 317 289 102 182 381 242 193 161 473 250 192 194 493 372 473 388 422 153 249 223 160 378 290 178 480 180 333 333 254 347 447 171 184 149 139 255 225 334 434 338 201 396 420 236 396 109 170 217 114 157 417 395 363 387 141 158 323 115 454 177 231 206 418 434 417 398 183 312 238 356 293 265 483 367 173 163 332 102 459 205 319 315 213 280 339 221 273 485 327 254 369 333 383 323 260 332 407 361 107 457 469 181 367 308 365
3 3 4 1 5 3 2 1 3 3 4 4 4 2 6 2 1 1 4 1 5 2 4 4 3 4 5 6 1 4 4 4 5 5 4 3 3 6 6 6 3 5 1 2 5 6 6 4 1 6 4 1 2 3 2 1 5 4 3 3 2 2 3 3 3 5 3 4 6 5 3 6 2 4 6 1 6 1 4 1 3 1 2 4 3 2 3 3 1 4 6 1 6 4 4 5 3 4 6 1 2 4 3 5 5 5 6 1 4 3 3 4 2 6 6 3 3 4 3 3 6 6 3 2 2 3 1 5 3 5 1 2 5 5 1 1 2 5 6 6 6 4 4 5 2 1 1 4 5 3 1 6 1 2 4 4 1 2 5 5 5 6 3 4 2 5 5 4 6 3 4 5 3 6 6 2 4 6 6 1 2 5 1 1 3 5 6 1 5 5 6 5 3 6 3 1 1 3 4 3
1 4 2 16 1 2 2 1 2 3 1 4 3 2 1 10 4 6 2 5 45 5 1 1 4 179 1 1 2 2 4 3 2 2 2 1 7 2 2 2 3 2 2 2 6 1 2 4 6 2 2 5 2 1 36 2 2 7 2 4 2 3 1 1 1 22 1 1 5 2 1 27 84 2 4 15 3 1 2 4 1 1 5 2 2 1 1 8 5 1 3 1 2 1 2 1 3 3 2 3 1 2 3 1 1 1 3 6 2 3 2 106 2 1 1 2 47 2 1 1 3 1 4 1 4 1 2 4 2 3 2 3 7 1 2 1 8 1 1 3 1 2 1 2 5 2 1 2 8 4 1 2 3 15 23 6 2 1 2 2 3 1 1 1 1 2 2 4 2 1 4 1 2 4 1 2 2 4 3 5 1 1 2 1 2 2 2 4 2 3 2 1 6 1 6 2 1 16 2 2
1 8 2 1 2 3 7 5 8 2 1 3 2 1 4 77 1 2 3 1 4 9 1 10 1 5 4 1 3 11 1 2 1 1 4 3 1 3 3 2 2 1 1 2 1 2 5 3 1 7 4 2 1 2 10 3 2 14 2 5 6 1 9 3 2 1 3 1 10 4 2 3 1 5 2 5 2 5 4 2 2 1 2 7 1 3 6 4 1 2 2 3 2 1 6 5 2 1 2 1 1 224 8 2 3 1 4 1 7 3 3 3 2 2 3 3 3 3 5 2 2 2 2 1 1 12 2 1 16 1 1 1 4 46 3 2 2 1 25 8 9 2 7 1 1 6 1 1 25 1 1 40 3 10 3 2 2 1 1 15 1 29 20 1 2 1 2 2 1 6 1 3 1 1 1 2 2 1 6 1 1 1 11 3 1 13 2 21 9 1 1 2 1 5 1 1 1 7 2 1
2 1 3 2 1 2 61 3 1 6 2 1 1 1 1 2 1 1 1 3 1 1 2 10 12 3 2 1 2 4 5 1 2 2 17 3 2 2 1 2 7 2 1 10 3 1 4 1 2 1 3 1 5 2 1 3 18 2 3 2 2 2 2 29 55 1 2 3 1 1 1 1 12 2 1 21 2 5 2 2 2 1 3 1 4 2 28 1 1 1 3 1 1 24 2 1 6 1 2 1 1 1 2 1 1 2 2 1 3 1 1 1 8 4 4 2 1 3 1 1 2 3 9 1 1 8 1 2 2 11 4 1 2 7 2 11 2 2 4 1 3 3 2 1 3 21 8 2 2 3 8 1 19 1 30 2 4 1 8 9 10 29 1 4 1 2 3 3 1 3 1 1 3 1 1 42 5 86 1 18 2 2 2 5 2 2 1 4 24 2 8 4 3 1 2 3 1 2 9 2
6 2 2 23 5 2 1 3 1 3 1 6 5 1 2 1 2 21 6 2 1 2 2 6 1 457 2 1 3 2 4 2 1 4 4 3 184 2 63 1 8 1 2 1 8 2 10 6 1 80 1 1 1 11 2 2 1 1 1 2 11 5 2 1 10 5 4 1 25 1 1 3 7 3 5 14 1 58 7 3 1 1 1 3 1 2 3 11 1 29 1 5 2 2 3 2 4 1 2 2 4 14 1 4 1 2 4 3 4 3 1 2 4 1 39 1 3 3 1 12 8 1 1 2 2 2 4 1 2 5 1 4 2 1 1 371 1 1 1 3 1 3 2 1 2 16 10 8 1 1 3 2 4 7 1 3 1 4 2 1 2 6 1 4 7 51 1 1 46 3 1 2 3 2 2 8 68 2 3 3 2 1 1 1 1 2 2 2 62 49 1 3 1 3 7 1 3 3 2 2
47 2 18 2 4 17 1 1 1 5 1 1 6 2 1 1 4 1 283 1 2 3 7 4 2 2 50 4 3 11 3 18 2 1 1 2 2 2 2 16 6 1 1 4 1 2 1 48 4 4 6 1 1 9 2 1 6 1 1 3 4 1 23 1 2 3 8 2 1 1 1 1 2 2 1 20 2 2 2 2 4 4 2 2 1 3 6 3 3 2 1 2 2 1 1 1 3 3 2 2 1 2 4 8 5 2 2 3 2 3 1 1 2 1 2 4 1 1 5 2 43 2 2 1 1 2 2 1 3 2 2 2 1 2 2 2 1 2 7 1 1 10 18 1 4 1 2 1 5 19 2 1 2 5 2 2 2 2 1 2 6 1 5 15 8 2 2 2 1 2 2 2 1 2 6 1 1 3 2 2 9 18 2 203 2 17 2 2 4 1 4 7 3 1 1 3 6 2 4 3
4 4 2 3 2 1 1 2 9 2 2 2 1 1 6 12 2 2 3 1 9 3 1 1 1 2 2 1 2 2 1 1 30 1 5 3 9 1 5 2 1 23 5 6 10 83 3 2 1 4 1 1 1 1 2 1 3 1 3 12 2 1 1 3 3 1 2 3 9 1 14 1 1 12 2 4 1 6 21 4 1 1 11 3 6 1 11 6 13 1 5 1 2 1 1 2 1 2 14 3 4 3 1 3 1 2 6 4 5 1 4 2 1 3 1 3 1 1 2 3 1 2 1 2 2 2 105 11 1 1 2 2 1 1 2 2 1 1 1 1 1 2 9 3 1 9 2 2 1 2 1 2 1 2 3 28 4 29 6 5 9 1 1 1 2 4 1 2 45 10 3 1 2 4 1 6 1 2 1 5 2 14 1 1 1 4 3 5 2 1 1 2 1 19 3 1 1 2 2 3
1 16 3 2 1 1 1 1 1 1 2 11 2 2 1 5 1 4 1 1 1 3 1 3 2 3 17 2 4 1 1 2 1 1 7 4 3 1 2 10 1 6 1 7 2 3 2 1 1 1 1 1 3 4 3 2 7 7 2 2 1 2 2 1 4 7 2 2 14 2 2 1 8 3 10 5 2 2 7 2 6 1 1 5 3 4 5 2 1 1 2 1 2 1 1 1 1 10 2 2 1 5 7 3 3 7 2 3 1 2 1 4 8 1 1 12 1 2 12 1 2 2 2 2 8 1 1 4 33 9 4 1 7 285 2 2 1 1 56 2 1 1 2 2 3 1 1 3 2 3 17 6 1 1 1 2 1 2 1 3 13 3 1 1 25 2 1 2 6 2 2 1 17 1 1 1 10 1 2 1 3 5 3 1 4 5 3 1 1 1 1 1 3 1 7 2 13 1 1 1
1 8 11 5 10 1 3 11 3 2 2 1 2 19 1 4 2 1 1 1 2 2 1 1 1 1 2 2 3 1 10 2 1 3 1 31 4 7 3 1 3 2 2 4 3 2 2 4 3 2 4 17 1 1 116 3 7 1 2 2 1 2 3 3 2 4 1 7 2 9 1 8 2 1 6 2 2 2 10 3 2 8 1 2 1 1 7 1 2 1 3 6 12 4 9 2 1 2 3 1 1 2 2 2 4 3 2 3 15 7 2 3 2 1 2 1 1 41 2 1 2 2 1 2 6 2 2 1 1 8 1 3 1 3 4 5 1 1 12 9 1 5 1 3 1 2 1 2 2 1 1 1 9 20 2 2 1 1 3 2 1 3 2 2 2 1 2 2 2 1 2 1 5 2 1 14 1 2 1 2 75 1 2 2 3 4 1 1 2 5 1 1 2 3 2 5 1 1 2 2
2 3 2 1 2 10 1 2 5 3 2 2 1 2 2 1 1 2 2 5 4 2 2 22 3 1 2 2 7 2 1 37 1 2 1 1 335 1 1 1 8 2 9 2 3 2 2 3 6 1 1 2 1 2 18 1 2 1 3 1 8 3 1 8 3 1 3 1 1 3 1 3 18 1 2 15 1 2 17 1 1 3 9 1 3 2 2 2 86 1 57 2 1 2 2 4 3 1 1 4 3 1 2 5 27 2 1 3 2 1 2 3 7 5 4 2 4 15 1 2 1 21 3 1 2 1 1 2 2 3 3 2 2 2 9 1 1 4 2 3 3 3 4 2 2 1 1 2 1 2 36 1 3 2 3 3 1 59 2 1 12 2 1 2 12 1 3 2 1 1 6 2 5 1 17 2 15 2 30 14 1 8 2 2 1 4 2 2 3 4 3 1 1 1 10 2 1 2 6 3
3 1 1 4 3 2 3 6 1 1 1 1 2 1 2 10 3 1 1 1 2 3 1 2 1 1 2 2 1 10 1 2 1 6 4 3 16 1 4 11 1 1 4 3 6 1 3 40 1 2 2 6 1 11 4 5 3 1 5 40 1 47 3 1 1 1 3 1 3 18 2 2 2 1 1 6 17 1 1 1 2 2 2 7 1 1 1 1 1 26 2 3 1 1 2 2 3 2 4 1 2 2 1 5 4 4 2 1 51 1 1 87 1 1 2 9 1 1 1 1 2 1 3 2 3 1 6 3 2 1 2 32 1 1 90 9 1 5 5 2 3 1 1 13 7 2 2 4 1 1 2 18 1 1 1 2 3 1 1 6 2 2 2 1 1 2 3 4 1 1 2 7 3 2 2 2 2 8 1 3 3 9 2 2 3 1 1 3 11 2 2 1 1 4 4 1 4 2 2 7
3 15 1 2 1 1 1 8 1 1 4 2 1 2 4 2 28 1 1 1 1 2 2 1 2 7 2 1 20 1 2 3 5 1 2 5 2 2 41 3 2 11 10 2 14 2 3 9 2 1 4 3 10 4 23 1 3 1 3 1 2 1 1 3 3 5 9 2 8 1 5 2 5 7 2 4 3 3 2 2 8 2 3 1 3 3 13 3 1 4 2 2 6 1 1 5 3 31 3 2 13 1 6 25 1 2 3 76 8 105 1 3 1 2 2 3 1 3 6 1 2 1 2 2 4 3 9 1 1 15 42 1 6 1 13 3 1 2 1 2 3 6 2 2 2 2 1 3 3 2 1 2 2 1 1 2 1 2 4 2 6 2 2 2 26 1 2 1 1 1 1 2 5 4 4 8 4 3 6 2 4 1 1 4 1 2 3 1 2 1 2 2 3 2 5 4 3 1 2 1
2 1 22 1 3 2 3 21 2 2 3 8 3 2 2 7 2 7 107 19 1 2 8 1 2 24 1 1 3 6 1 161 1 1 2 1 4 1 1 2 2 30 18 3 2 15 5 2 2 2 4 1 1 1 2 15 1 1 1 1 1 1 2 3 2 3 243 2 4 3 1 1 5 1 3 2 15 3 1 3 1 5 5 1 1 2 71 2 1 4 3 2 2 4 2 1 1 1 1 2 1 1 2 2 2 1 2 1 2 1 1 2 1 1 1 1 1 31 21 1 5 1 4 32 5 7 3 8 4 1 5 2 10 1 22 3 3 1 2 17 2 2 2 2 3 2 1 1 1 3 5 2 3 4 2 2 2 2 5 3 9 3 4 2 1 44 1 1 4 1 3 1 2 1 1 2 1 6 2 3 2 2 2 4 1 1 5 2 1 3 1 1 8 2 5 1 5 1 1 4
1 3 1 2 2 4 2 138 1 2 184 1 4 2 1 3 1 1 3 1 2 2 60 15 8 6 6 1 1 2 25 1 6 1 4 3 2 3 1 2 1 1 1 8 1 3 1 2 1 2 1 2 1 2 2 3 2 1 2 1 3 41 6 2 2 1 2 17 6 1 27 10 1 1 2 1 4 21 3 4 3 2 2 2 3 75 2 2 2 3 1 8 3 1 1 3 5 8 3 2 3 7 1 19 1 2 1 1 2 2 37 2 3 2 15 2 1 1 1 3 2 1 2 36 3 1 2 1 10 1 2 5 2 1 19 1 20 1 1 6 1 2 5 1 1 2 1 1 2 25 3 8 5 2 2 1 139 4 1 9 1 1 2 2 1 3 5 2 3 2 1 1 2 6 8 1 10 2 90 6 6 3 1 6 1 10 133 3 7 1 9 1 2 3 4 1 56 1 4 2
1 9 2 27 1 5 3 3 1 3 3 2 3 2 1 3 1 8 10 2 1 3 3 9 117 3 2 2 9 9 1 1 1 5 2 2 1 275 1 15 1 5 1 8 2 5 7 1 2 97 14 1 4 2 2 1 1 3 1 8 13 4 2 2 1 2 3 24 3 4 2 1 3 1 2 2 2 2 1 3 1 4 1 2 1 5 37 1 2 2 4 5 1 1 1 2 3 4 1 18 1 6 1 10 27 8 2 8 2 3 1 2 12 5 12 2 5 3 2 1 3 7 1 2 27 1 1 4 2 1 3 1 2 4 1 1 2 1 2 1 1 1 10 1 2 2 2 1 28 1 7 15 1 2 2 2 1 19 6 18 14 21 1 3 64 1 4 3 2 1 1 3 2 1 1 1 4 1 3 10 3 1 10 1 2 2 2 2 1 1 10 1 2 3 1 3 1 4 12 1
2 2 6 3 4 2 1 1 2 1 2 1 7 7 161 1 2 11 3 7 4 3 3 2 9 2 3 10 2 3 3 17 1 1 1 4 2 16 2 42 2 1 1 7 2 2 2 6 4 2 10 7 5 3 4 3 1 2 2 6 3 3 3 2 3 1 5 12 2 2 2 1 2 1 3 2 1 1 1 1 1 2 12 2 2 2 1 36 3 4 2 1 2 1 33 1 35 25 3 3 4 3 1 2 1 2 2 1 2 1 1 1 2 1 3 1 6 4 5 2 1 2 17 1 2 1 15 1 2 2 4 2 19 2 7 1 2 6 4 1 2 1 3 6 2 2 1 2 2 3 1 5 103 1 15 1 2 3 1 7 3 1 1 1 1 4 3 2 1 1 10 2 5 1 3 1 1 2 1 2 7 2 3 1 18 8 1 1 5 2 15 2 2 5 19 1 2 1 58 2
3 1 17 1 2 15 6 3 4 23 1 23 1 4 2 15 2 2 11 2 3 1 3 5 1 1 1 2 2 5 1 2 2 2 2 2 3 2 2 1 2 6 4 1 3 3 19 27 41 1 15 4 2 1 1 4 1 10 1 2 1 2 11 2 3 1 1 1 38 12 1 1 2 2 3 11 1 1 6 2 1 4 1 8 1 1 2 4 2 1 2 1 1 1 1 1 5 2 11 3 16 22 2 6 3 1 1 5 12 1 2 3 1 12 9 2 1 1 1 1 6 20 2 1 1 1 2 2 2 2 2 2 2 2 3 2 1 3 6 6 2 4 1 1 2 2 6 1 2 4 1 2 1 5 6 4 5 1 2 2 2 1 1 2 2 3 12 2 1 1 2 1 2 2 4 2 1 1 2 2 2 2 9 10 2 12 3 1 2 2 1 1 3 65 51 1 1 2 2 3
28 1 1 10 3 1 31 28 1 4 12 1 1 2 10 11 1 3 1 2 1 2 1 57 30 12 10 4 20 2 3 2 4 3 2 3 1 2 1 1 4 10 6 75 1 2 3 3 79 2 6 3 3 133 1 20 2 1 2 1 1 1 1 3 12 9 12 6 3 1 2 2 2 1 9 1 10 1 1 4 9 2 3 5 2 3 1 1 1 1 2 1 1 3 1 2 38 5 54 1 2 3 10 2 1 3 2 49 25 2 2 6 2 2 6 2 2 2 3 10 2 7 2 1 1 2 1 1 6 2 1 5 2 1 5 1 3 7 9 1 1 2 1 1 1 1 4 2 1 6 12 3 3 2 3 4 4 7 3 1 7 2 4 2 4 5 1 1 1 1 1 1 1 1 1 2 2 4 1 1 11 2 2 1 5 1 39 1 1 4 2 3 3 2 1 1 9 2 2 2
1 1 5 5 2 2 4 2 1 1 19 6 3 3 5 1 7 3 1 1 4 2 4 3 2 4 4 1 2 3 3 3 2 41 1 2 98 2 1 1 2 8 7 4 2 1 2 2 2 1 1 1 4 1 5 1 2 1 1 1 2 19 2 1 4 1 4 4 49 4 2 1 1 1 2 1 2 5 10 4 1 6 2 5 5 1 9 1 5 6 2 1 4 4 1 13 2 1 1 1 2 2 1 4 2 3 2 1 1 1 5 1 5 1 2 1 20 1 1 2 2 3 2 7 3 75 7 1 1 2 1 2 6 9 1 10 1 2 1 1 1 2 1 4 2 2 1 5 3 3 3 2 14 6 1 2 18 19 2 3 4 5 2 1 1 1 2 12 12 43 12 1 2 4 5 2 6 5 1 2 2 6 2 44 3 2 1 67 4 1 4 3 99 1 1 1 3 4 1 2
1 1 2 3 1 5 3 1 2 2 2 151 1 2 3 1 1 1 3 2 3 6 2 3 3 2 2 31 1 2 1 1 1 2 1 2 1 2 13 4 3 1 2 1 7 1 4 1 1 2 1 7 1 12 2 1 3 53 2 2 1 1 2 3 8 3 2 1 2 3 2 1 1 1 1 6 2 2 1 2 1 6 1 2 4 1 1 1 5 5 1 3 1 48 2 3 112 2 1 2 2 1 1 30 2 6 21 19 1 2 2 402 16 1 4 1 4 2 3 21 2 1 1 2 1 1 2 2 1 2 11 1 2 1 2 3 2 2 6 1 7 5 2 2 4 2 12 2 4 16 4 2 9 1 2 1 1 2 1 1 2 2 2 2 5 5 6 2 1 12 1 5 4 1 2 6 1 2 2 1 1 2 4 1 20 1 3 1 2 2 4 1 1 8 4 3 5 2 2 4
1 2 2 1 1 1 1 4 1 3 1 2 2 2 10 23 3 1 38 1 3 7 2 1 8 2 21 3 3 121 2 1 6 2 5 4 3 6 3 2 4 1 2 2 1 5 3 1 3 1 1 2 3 3 1 3 1 2 4 4 1 6 1 2 5 2 3 1 3 9 1 1 2 2 1 2 2 1 54 1 1 2 2 3 2 7 4 2 3 4 1 3 3 2 1 24 1 1 1 1 2 2 1 2 1 2 12 5 3 2 1 2 2 8 1 2 2 2 1 153 1 2 1 28 47 5 1 2 4 4 5 2 2 1 1 3 2 1 1 1 11 53 4 2 6 2 1 3 1 1 9 1 1 2 1 6 2 3 2 1 1 1 5 37 2 3 3 3 1 1 12 2 5 1 1 2 5 8 2 1 2 5 3 1 1 1 7 4 1 2 1 15 2 4 102 2 2 5 2 1
1 3 1 2 11 5 1 5 2 1 1 2 7 1 5 2 8 2 1 3 1 2 5 2 2 1 1 1 1 2 2 1 1 6 13 1 2 1 2 5 2 2 2 2 2 2 2 1 6 3 1 1 1 1 1 1 7 2 1 4 2 1 5 5 12 1 1 10 1 2 1 2 2 9 4 1 2 1 2 1 2 1 2 1 1 5 3 1 1 259 1 2 1 2 2 17 2 1 4 5 1 11 1 2 4 2 2 1 2 2 3 1 4 9 1 2 3 1 1 2 2 9 6 4 1 1 27 1 3 41 1 2 6 2 1 7 1 1 1 1 1 3 1 2 1 1 1 1 2 12 2 2 1 1 2 8 4 8 2 1 1 1 2 27 1 2 2 4 3 2 2 2 2 3 7 2 10 1 2 3 33 1 3 1 16 4 1 1 1 4 2 2 1 5 6 6 17 1 2 1
2 31 3 10 1 1 2 2 2 1 2 2 2 2 1 7 86 1 8 1 38 3 1 1 2 1 2 4 2 3 2 1 2 6 1 4 4 1 2 1 10 6 2 2 2 4 4 1 1 1 1 9 1 2 3 3 2 1 1 3 2 2 2 4 2 2 6 4 2 4 1 3 7 1 2 2 1 1 1 2 1 2 2 5 4 1 1 1 1 1 2 1 3 1 8 8 1 1 4 3 2 1 7 2 1 2 2 2 1 2 2 1 5 23 1 6 1 5 8 1 1 2 2 3 4 2 3 2 2 6 2 1 2 1 4 12 1 23 2 1 5 1 1 1 2 1 1 3 7 3 2 1 2 3 1 1 2 6 3 1 2 1 3 1 2 2 1 1 1 3 83 3 2 1 1 4 1 1 3 3 2 1 6 8 2 1 2 1 2 4 3 1 14 1 1 2 2 8 3 10
1 3 5 1 14 1 4 3 2 5 5 2 1 2 1 2 2 30 1 3 13 3 6 2 2 3 2 1 13 1 1 1 2 2 3 3 1 5 2 3 1 2 2 2 6 22 1 2 2 3 1 7 2 1 2 2 1 4 3 4 1 7 1 2 1 2 2 2 3 54 3 4 1 3 2 1 2 2 10 3 1 7 1 1 2 1 1 2 14 3 3 2 2 4 7 24 2 1 1 2 6 8 1 1 32 3 4 8 2 2 2 2 2 1 3 3 10 2 5 2 1 1 2 1 16 2 1 2 1 2 4 2 2 1 1 24 5 9 1 2 6 1 1 4 1 4 1 1 3 2 1 3 2 2 1 2 2 23 2 3 1 2 9 1 2 9 3 2 4 1 1 1 1 2 1 9 1 3 3 3 1 2 2 2 1 25 3 1 1 3 4 2 1 4 11 2 2 14 2 8
1 3 1 2 3 2 2 8 1 3 7 1 2 2 86 2 1 1 1 1 1 3 1 4 1 3 1 2 64 1 14 1 1 1 2 45 2 1 3 2 5 8 2 2 1 2 3 1 2 1 30 2 1 4 53 1 2 1 7 1 2 1 1 3 2 1 7 3 1 2 2 2 1 4 2 1 1 1 9 2 2 6 3 2 3 1 1 2 3 7 7 2 1 3 1 3 1 8 4 2 1 1 1 16 4 2 2 2 1 1 1 6 1 3 3 6 6 4 1 1 1 1 1 3 1 2 3 1 8 2 1 78 3 2 2 2 1 2 1 1 1 6 1 2 1 2 36 1 2 1 3 3 3 4 3 24 3 1 2 1 1 37 1 1 6 1 1 5 24 3 1 9 2 1 29 9 1 1 1 7 52 8 2 10 4 2 6 1 1 1 5 1 2 1 4 15 5 4 2 3
1 4 2 2 3 1 2 2 2 1 4 3 1 2 2 12 1 1 4 9 4 1 1 1 5 1 1 1 1 6 4 1 1 2 1 2 1 1 4 3 5 3 3 1 2 92 1 2 114 5 2 2 2 1 1 1 6 1 2 1 2 19 3 2 25 5 5 2 8 1 2 2 4 1 1 2 1 7 5 1 2 1 1 9 206 2 3 6 96 1 47 2 32 1 1 3 2 8 2 1 2 3 1 1 1 13 2 3 7 1 6 2 2 2 3 4 3 10 2 1 2 2 5 2 2 1 1 2 9 2 3 6 14 2 3 1 1 1 1 2 1 1 1 13 2 4 2 1 1 3 2 2 5 2 1 2 2 1 2 36 2 4 1 3 1 2 2 1 3 6 19 1 1 2 2 1 3 1 4 2 1 1 88 1 1 1 1 2 2 2 2 3 4 266 3 3 1 7 2 1
4 1 2 2 25 2 1 2 1 1 2 2 1 2 4 6 1 1 2 1 2 1 14 1 8 1 1 1 2 12 2 1 4 4 6 2 1 4 2 1 2 7 1 2 1 1 3 2 1 1 1 1 5 2 2 1 22 11 2 1 5 7 1 3 9 3 2 4 1 2 1 5 2 2 1 1 3 6 1 2 3 1 5 3 1 1 2 6 1 2 1 4 1 1 1 2 3 2 1 1 3 2 6 7 5 1 4 2 1 2 10 6 5 3 6 5 3 1 8 1 5 3 1 232 1 70 2 2 2 2 1 1 1 1 1 2 1 3 1 2 2 3 5 1 1 1 4 2 17 7 16 4 2 1 1 2 1 1 3 1 1 1 3 2 7 1 5 3 1 1 5 2 6 2 1 7 1 4 6 5 1 2 1 4 1 2 8 3 1 24 2 4 3 9 3 2 6 1 1 21
3 3 1 3 9 1 1 18 2 1 1 4 2 7 5 1 3 6 6 1 4 1 1 5 1 2 2 2 1 2 8 1 6 2 2 6 3 2 5 20 1 3 1 2 31 118 16 6 2 1 1 6 8 3 1 2 3 2 11 2 2 1 7 10 3 88 1 9 3 2 2 7 4 1 19 6 1 1 2 34 9 1 1 2 2 1 1 2 1 2 6 3 3 15 2 6 2 1 7 1 12 1 2 3 1 2 2 1 23 1 1 1 4 2 1 4 1 3 3 1 2 8 2 2 10 9 1 2 4 1 1 2 1 1 4 2 5 2 2 5 1 1 1 2 4 2 5 3 2 2 2 5 4 3 1 1 2 2 1 1 17 3 3 1 1 3 3 2 15 3 1 3 2 1 4 2 3 3 4 2 1 3 2 5 1 4 2 2 3 2 2 1 2 2 4 5 2 2 2 8
6 2 2 8 6 2 3 2 2 4 2 6 1 5 2 2 1 3 9 3 5 5 3 1 4 14 1 8 6 2 45 1 2 4 1 1 1 8 1 9 14 1 6 1 1 4 3 2 1 13 1 7 3 4 2 1 2 1 2 2 1 2 2 5 2 2 2 1 5 8 8 1 1 2 1 1 2 14 2 3 1 22 1 1 3 1 4 1 1 1 1 12 21 2 1 3 1 1 4 39 104 1 1 2 4 5 4 3 3 2 1 4 1 109 4 2 2 1 2 2 1 5 2 4 1 3 2 5 10 2 4 8 1 2 4 3 4 1 1 1 2 2 44 1 5 2 1 2 2 2 1 3 7 4 124 14 24 2 1 2 1 1 1 3 22 1 9 8 1 1 23 44 2 3 5 1 2 2 3 7 2 4 2 28 2 2 2 24 2 3 2 82 18 4 1 56 10 2 189 1
8 1 1 2 3 1 1 2 4 2 1 1 4 2 20 1 2 1 2 2 2 1 1 2 2 3 2 1 2 1 1 2 3 2 6 2 2 21 1 2 1 4 2 21 1 1 4 2 2 2 2 38 1 3 1 8 1 3 3 3 1 2 2 3 1 2 1 6 6 2 11 2 12 1 2 1 1 2 2 143 8 1 1 8 1 1 2 1 1 1 1 1 9 1 1 40 4 5 2 1 2 1 8 1 1 1 4 5 3 3 8 5 7 2 1 2 2 2 4 1 2 2 2 1 7 5 3 11 5 1 4 2 137 10 1 1 3 1 2 2 3 1 1 1 2 21 1 1 3 111 1 2 1 3 1 11 1 3 1 22 6 20 1 3 2 1 5 2 3 6 1 1 5 10 7 2 1 9 2 1 1 1 5 6 1 12 1 3 2 10 2 2 1 2 2 3 1 2 2 2
7 5 1 1 1 3 4 5 1 1 1 4 2 4 2 17 1 2 9 2 2 1 1 2 1 1 18 2 2 3 1 1 1 1 1 5 2 5 2 1 3 2 2 4 3 2 14 6 1 1 3 6 3 10 7 7 2 28 2 1 1 1 1 1 2 1 1 5 1 2 5 7 1 3 1 25 8 5 4 1 1 8 2 2 6 6 2 4 1 1 2 4 2 7 9 1 5 1 7 2 2 2 1 2 2 32 9 10 4 1 1 1 1 4 1 11 3 2 2 2 2 2 3 2 2 3 1 1 4 2 2 101 2 3 3 1 2 2 7 8 4 3 27 1 1 1 2 2 35 1 2 1 4 15 43 8 2 2 31 2 5 1 2 2 65 2 1 1 1 18 1 1 4 3 2 4 2 1 10 1 5 2 2 5 2 64 1 2 1 1 3 2 4 3 3 3 1 2 2 1
5 1 4 1 1 11 1 2 7 1 2 1 1 3 45 5 2 2 4 13 1 1 13 2 1 5 1 2 2 1 1 4 1 4 1 2 2 1 1 4 1 2 1 8 1 1 2 17 2 7 2 3 3 1 2 4 1 1 1 4 2 2 1 1 2 22 1 1 2 7 3 1 4 1 1 4 9 2 15 1 1 1 1 2 2 6 1 1 9 3 7 8 2 3 2 1 22 2 1 3 6 22 2 2 55 5 4 2 1 5 4 2 2 4 1 5 1 3 3 2 3 2 2 1 1 1 1 2 2 1 2 1 1 2 2 8 2 1 1 1 2 12 2 1 1 1 61 6 2 3 1 1 1 1 7 2 2 1 1 4 1 9 2 22 1 1 3 4 3 1 1 2 2 2 1 1 2 2 8 1 1 5 1 2 15 2 1 5 4 6 4 2 1 1 2 5 5 2 3 2
2 1 4 1 1 2 4 18 2 5 8 5 1 1 49 1 1 1 1 4 1 1 2 1 1 1 3 1 1 1 1 3 2 2 2 4 2 2 3 4 1 2 19 1 8 6 66 3 3 4 7 2 2 1 1 10 3 2 2 3 4 2 2 3 1 1 1 1 10 1 1 1 1 2 2 4 2 1 2 1 1 1 2 6 1 1 1 1 3 5 6 9 1 1 4 2 8 3 1 12 2 15 1 1 7 2 3 3 3 3 1 2 1 1 3 2 3 1 2 4 2 2 1 1 8 2 8 1 1 4 1 1 1 1 9 1 2 2 4 3 1 2 1 1 1 9 1 1 4 4 4 19 1 3 3 1 3 3 1 1 4 8 1 1 3 4 9 1 1 4 2 7 4 2 2 2 2 3 2 2 1 5 198 3 2 2 3 1 1 1 2 3 90 4 2 3 1 1 7 2
2 3 1 2 3 3 5 4 2 1 1 2 6 2 5 2 1 34 12 4 2 2 3 2 1 1 2 1 2 2 1 3 1 4 1 1 10 1 2 8 6 4 2 1 4 3 3 1 3 3 15 1 3 16 5 1 1 2 1 1 12 10 1 2 5 1 3 24 2 2 179 2 55 4 3 66 1 1 2 2 3 3 1 1 4 3 3 72 1 4 4 5 1 3 9 2 13 1 3 3 3 6 2 65 2 1 2 4 2 1 8 13 13 1 27 2 1 3 1 1 7 2 3 2 6 6 1 6 1 4 2 2 1 1 1 22 5 5 34 1 2 7 1 1 4 79 2 4 1 1 3 1 2 1 1 1 34 2 52 2 4 2 2 1 13 2 2 1 2 6 18 2 2 2 4 6 3 10 1 3 4 1 1 19 1 1 1 1 2 2 5 5 2 1 2 1 2 5 1 5
10 36 1 2 40 11 2 14 1 22 22 1 4 2 4 2 2 3 2 1 2 8 1 13 2 2 3 1 1 2 1 2 22 2 2 1 7 1 1 1 2 2 1 1 1 2 1 7 1 1 2 25 4 3 3 1 7 2 2 1 1 18 26 1 3 2 2 1 2 1 2 7 13 1 172 3 2 1 31 2 3 2 6 1 2 1 1 1 2 5 2 4 7 3 1 1 5 2 1 6 1 2 3 1 35 1 2 2 1 2 9 82 6 6 3 2 1 2 1 22 2 5 1 3 1 2 6 6 3 1 2 1 1 12 1 1 4 2 5 2 3 2 1 1 2 2 17 2 2 2 1 1 1 8 11 2 1 2 1 9 5 1 1 1 15 2 83 1 1 13 22 1 1 2 22 3 1 2 1 2 4 1 2 2 2 2 1 2 81 1 3 2 1 2 8 2 1 4 2 2
1 2 5 15 6 4 1 3 1 1 3 4 1 2 3 1 2 1 2 3 8 24 1 1 15 2 7 1 2 2 1 1 3 3 2 1 2 1 4 2 3 1 1 2 3 2 6 1 2 2 2 3 10 19 1 2 3 2 1 2 3 2 2 58 4 3 1 11 1 2 9 3 1 1 8 1 3 2 7 22 2 2 2 1 6 1 5 12 3 4 2 10 4 1 4 1 1 2 1 1 1 2 1 3 12 5 15 5 22 4 2 1 1 7 3 1 2 4 4 1 3 21 4 24 5 1 1 3 2 2 1 32 3 4 2 2 2 1 3 14 1 4 2 9 2 4 6 2 1 10 14 4 2 1 10 4 2 1 1 2 4 4 1 4 7 3 1 2 1 2 2 2 1 2 1 2 5 32 2 1 2 11 2 2 5 2 1 1 18 2 4 2 5 1 3 1 5 6 16 1
3 2 2 3 7 2 9 12 1 2 3 1 3 23 4 1 1 2 1 1 4 1 1 4 1 1 2 3 2 1 30 1 18 2 3 12 3 2 1 1 6 3 1 2 2 32 3 3 1 2 2 1 7 7 2 1 2 7 8 5 5 23 2 4 7 1 3 1 44 4 1 2 1 3 3 1 2 3 1 3 6 1 2 1 2 4 1 2 2 2 1 2 2 2 1 3 1 2 6 1 138 2 1 42 18 2 1 1 3 3 1 1 2 1 2 2 1 1 5 2 22 1 15 2 5 2 2 1 1 14 41 2 4 1 1 7 2 1 5 3 1 2 1 5 1 2 3 4 6 2 1 7 1 1 5 2 1 9 2 2 2 4 2 2 1 2 3 1 2 5 1 2 1 1 2 1 1 1 1 2 1 3 5 177 1 3 32 1 38 2 1 1 1 8 3 1 2 1 1 2
1 4 2 4 107 2 1 11 3 2 26 7 1 2 4 14 3 2 1 3 1 7 1 1 2 1 15 1 3 1 2 5 1 2 6 2 1 2 2 1 83 18 1 5 1 13 2 2 1 1 1 3 3 2 4 5 1 2 2 2 1 1 3 1 2 2 4 58 2 4 3 1 2 1 1 1 2 1 1 1 1 1 3 12 1 3 1 1 5 1 1 1 2 1 1 4 2 1 7 2 1 6 1 7 1 2 2 10 1 3 2 2 3 1 1 1 1 2 4 4 8 3 11 4 7 1 1 1 4 3 2 24 2 1 4 5 2 3 3 2 2 2 1 2 3 3 1 3 7 14 1 1 1 3 1 4 1 2 1 2 2 1 3 9 169 4 2 2 1 1 1 3 1 4 4 3 8 1 11 11 2 1 2 1 4 3 3 3 2 4 1 1 2 2 4 4 1 1 2 1
2 1 1 7 1 2 4 2 2 1 1 37 6 3 1 2 1 9 2 2 1 1 10 5 3 1 3 7 2 30 8 123 10 2 14 2 2 7 37 1 6 4 2 1 3 2 2 3 3 3 4 4 1 31 2 2 2 2 2 2 4 11 2 3 4 2 1 2 2 2 9 4 3 1 1 2 3 5 1 3 2 1 2 85 7 15 1 2 4 1 1 3 3 1 5 6 13 6 1 1 1 17 1 2 2 19 1 6 117 9 1 2 8 3 9 7 33 1 2 1 1 1 1 17 9 3 1 1 10 14 2 13 1 4 3 7 2 15 1 62 2 2 1 1 2 4 4 2 3 20 2 5 1 3 2 6 1 148 1 3 16 15 20 1 1 1 1 5 1 2 1 3 1 7 2 2 3 2 3 1 1 6 2 10 4 2 5 6 8 1 1 1 1 1 3 1 1 1 2 8
1 2 8 3 2 9 2 4 3 4 2 2 37 1 1 1 4 1 1 3 12 6 1 4 5 9 1 3 1 3 2 3 1 2 3 8 11 12 2 3 6 13 2 9 4 1 2 1 1 1 4 1 2 3 1 2 5 2 1 1 1 2 1 2 2 1 1 1 1 10 1 1 1 4 1 2 1 1 2 1 10 4 3 1 1 2 207 2 11 10 3 5 2 1 16 1 2 3 2 4 2 1 3 1 5 1 2 2 1 2 1 5 4 2 7 2 6 1 3 42 1 4 1 2 1 2 7 2 2 18 3 1 1 1 6 1 2 1 1 3 15 2 4 1 3 2 4 9 6 1 7 2 18 2 1 1 2 86 6 2 1 1 3 2 6 4 6 2 2 2 8 1 1 1 1 2 3 1 5 6 4 2 1 4 2 1 5 2 4 4 1 1 2 2 1 1 1 3 1 5
1 9 2 1 4 10 4 1 1 3 5 8 1 2 8 20 1 11 1 1 4 1 24 3 1 1 1 5 16 15 5 2 2 2 6 2 4 16 1 1 1 4 47 3 6 1 1 4 1 6 2 5 1 1 8 4 2 2 4 13 11 1 2 36 2 7 2 1 1 7 1 5 1 3 2 6 6 1 1 4 1 2 3 1 14 2 20 6 4 2 1 2 2 64 1 1 3 1 3 1 1 1 1 3 1 2 1 6 1 2 18 2 2 1 5 2 2 7 2 6 1 2 4 1 2 9 2 1 2 1 1 1 5 3 7 8 1 2 2 3 2 1 16 9 9 1 1 1 1 1 2 5 8 1 2 2 2 1 1 3 3 3 4 1 7 1 11 4 2 9 1 4 2 43 2 2 1 1 1 1 25 2 1 4 5 1 18 8 1 2 2 6 10 5 2 6 2 1 1 1
15 2 1 3 1 2 3 2 2 3 1 3 3 1 1 1 5 1 4 2 4 1 1 3 2 2 1 5 2 2 2 16 4 2 1 2 11 14 3 2 2 2 1 9 3 2 1 4 1 5 3 7 3 1 2 1 3 24 2 2 1 1 2 2 3 2 2 2 11 6 1 8 22 6 51 2 3 9 2 2 2 4 4 1 1 2 1 1 13 4 3 1 2 3 4 1 2 2 2 1 1 1 2 3 2 5 1 2 5 1 11 2 4 2 1 8 2 2 1 2 2 2 1 8 2 4 2 1 1 2 1 1 2 4 4 9 1 2 2 2 1 2 2 1 3 4 1 107 20 1 1 1 2 1 4 1 1 6 6 2 5 6 2 2 5 9 4 5 2 6 1 2 377 11 1 6 1 2 4 2 1 218 2 2 1 2 2 2 2 1 5 1 4 2 3 2 9 34 1 150
2 1 4 3 1 5 1 23 2 1 4 2 3 4 1 1 17 4 4 1 2 5 42 3 1 3 181 1 2 1 2 4 1 2 3 23 1 1 2 2 19 1 3 7 6 1 1 3 2 1 1 1 1 3 2 1 3 3 2 4 1 15 4 3 1 3 2 2 1 9 1 2 1 2 1 2 3 2 4 3 12 1 3 2 2 1 5 6 2 3 3 4 7 5 6 2 2 1 5 1 2 1 23 16 2 1 2 2 1 2 9 1 4 99 1 3 1 5 2 2 2 5 2 2 9 16 1 3 1 3 3 1 1 1 1 1 10 1 4 6 2 1 1 1 3 2 2 15 2 2 3 7 2 1 2 1 6 10 1 2 4 2 2 1 2 3 302 6 2 1 311 3 1 1 1 1 23 1 15 8 1 2 2 2 119 2 2 40 1 207 1 3 2 2 1 2 2 3 1 3
3 7 3 1 1 3 1 1 2 2 2 11 1 4 9 3 1 1 3 2 2 1 4 2 2 1 3 6 1 4 1 5 2 3 5 1 8 3 2 2 3 5 2 14 1 1 3 2 9 1 2 21 8 2 1 3 5 5 305 2 6 2 3 3 3 1 12 1 1 7 3 2 2 3 1 1 2 8 3 1 2 6 1 2 1 13 1 1 2 1 3 2 1 3 1 1 1 3 1 1 3 2 2 2 2 2 1 2 2 1 3 4 2 2 3 2 2 1 2 1 3 2 1 1 1 1 14 1 3 2 4 1 32 2 1 2 1 1 2 9 1 6 1 1 1 1 15 3 1 2 2 4 1 2 3 1 1 1 3 4 3 10 91 24 1 2 2 1 4 1 2 1 6 3 1 18 2 14 1 3 4 2 1 1 1 8 1 1 5 1 1 34 1 8 2 1 3 6 1 62
4 2 1 6 2 2 10 11 2 3 3 1 5 2 1 1 1 3 1 2 7 4 13 1 1 2 1 2 2 10 3 1 2 2 1 3 2 2 21 1 5 5 2 10 4 7 2 2 1 1 4 2 8 1 3 1 4 1 2 5 14 3 5 5 1 1 14 1 1 1 1 2 3 1 1 2 2 4 1 3 1 1 2 2 1 3 1 4 4 1 2 2 1 2 1 2 4 24 3 3 2 2 3 7 2 2 4 3 2 4 1 5 2 2 1 10 5 2 2 4 3 1 1 1 3 2 5 2 2 1 1 14 1 489 10 2 20 4 2 9 1 2 2 1 3 11 6 1 3 1 2 2 12 8 2 6 1 2 2 117 25 6 1 3 5 1 2 1 1 2 5 3 1 5 1 9 3 68 1 2 1 100 1 86 2 8 2 5 2 2 4 3 2 1 4 1 1 1 2 20
2 4 1 2 3 1 3 6 5 5 20 2 1 1 1 1 7 1 1 1 1 2 2 1 2 4 1 2 11 2 15 7 3 3 3 6 1 1 1 5 1 4 2 2 4 16 1 12 1 1 1 22 10 2 23 1 1 1 2 1 2 2 30 3 6 1 3 3 5 2 1 10 2 6 3 2 1 2 1 1 1 1 2 3 2 1 2 4 2 16 4 6 1 120 1 2 6 6 2 1 1 1 2 57 9 1 2 8 3 6 1 2 50 2 7 4 9 2 1 2 24 2 1 2 1 2 9 1 1 4 3 1 1 1 3 4 3 1 7 2 1 2 1 3 1 2 1 1 2 3 2 16 3 1 1 1 1 1 1 1 21 1 1 3 2 4 1 7 9 4 2 1 1 2 7 13 7 8 1 1 79 2 2 4 1 2 1 21 1 2 1 3 1 4 1 18 4 101 3 4
5 2 1 1 1 5 1 1 2 23 1 3 1 2 1 1 1 2 17 1 3 2 19 4 4 64 4 1 2 2 1 2 56 2 2 2 3 3 2 1 4 8 2 3 2 8 2 1 3 18 1 3 1 4 1 46 1 34 5 10 1 4 1 2 1 2 2 3 73 3 2 3 3 1 1 1 3 3 104 2 1 8 2 2 4 4 3 1 1 2 16 1 2 2 1 1 4 1 2 2 2 2 1 3 17 2 2 2 3 3 3 2 7 4 3 1 3 3 1 2 19 297 1 2 66 85 2 1 2 1 1 18 3 1 2 1 1 2 16 1 1 2 4 9 1 1 2 1 2 40 1 4 1 1 1 1 2 2 1 12 6 1 1 1 4 1 7 2 1 19 3 5 2 9 3 1 6 1 1 2 2 3 3 7 1 2 3 2 1 5 4 1 3 2 2 2 1 2 2 8
1 2 1 1 42 4 3 7 9 1 1 1 6 3 1 3 1 2 1 1 1 2 93 11 3 3 3 3 6 3 3 2 2 4 3 5 5 1 14 1 2 1 2 3 2 1 2 2 2 2 2 11 4 221 1 2 21 2 3 1 2 1 1 13 3 2 1 10 4 2 1 4 1 1 9 1 2 1 2 2 2 2 1 4 1 2 2 1 1 1 1 1 1 1 1 2 1 2 1 1 1 1 2 5 1 1 2 3 1 7 2 3 8 5 1 1 3 1 1 7 5 2 8 2 2 3 5 1 2 1 2 1 3 3 5 5 1 1 4 4 4 2 26 1 2 3 2 2 3 1 2 1 2 1 3 76 2 1 1 5 2 2 1 2 3 2 17 1 2 2 6 5 1 10 3 19 16 2 4 1 4 7 3 3 9 27 1 1 15 11 58 1 1 2 1 2 15 1 2 44
2 30 1 2 2 2 2 2 1 1 1 1 25 2 1 3 1 2 5 1 1 1 5 1 2 6 1 6 1 9 1 2 1 2 2 1 1 4 1 36 3 5 5 4 4 2 2 1 6 1 27 10 5 2 2 4 1 4 1 15 1 2 6 2 4 1 4 2 10 1 1 2 1 2 2 258 11 1 3 1 2 2 1 4 2 1 1 4 14 5 1 1 2 11 1 135 1 3 2 2 2 5 3 11 1 1 3 28 2 1 1 2 1 2 1 1 1 6 3 4 4 6 1 1 1 1 27 130 2 4 3 1 1 2 2 3 35 6 1 1 1 3 1 1 1 3 11 5 1 2 3 2 9 10 3 2 9 3 1 7 1 2 1 1 60 2 1 2 1 12 1 1 4 7 2 2 1 1 1 6 3 2 10 3 2 3 1 2 3 50 143 10 50 2 2 1 2 3 7 12
2 2 2 6 2 7 1 2 3 1 3 2 2 1 9 1 37 1 9 1 3 2 3 4 4 43 3 2 7 2 2 13 10 1 2 3 2 3 1 1 2 3 5 1 1 2 3 1 1 18 1 4 1 2 2 5 1 3 4 3 4 157 2 1 5 1 6 2 2 4 2 2 4 2 2 2 1 1 2 3 4 1 1 1 2 2 5 1 4 3 2 1 1 5 2 9 2 12 1 2 2 2 3 3 1 103 17 15 1 1 2 2 2 1 1 5 1 7 6 3 13 6 1 2 17 1 1 8 5 1 10 1 7 1 4 4 3 1 1 7 2 3 21 2 1 1 4 2 14 1 1 5 61 1 13 2 2 1 23 8 1 1 2 1 1 5 2 2 1 3 2 4 4 1 6 2 1 2 1 9 9 57 2 3 1 4 1 3 1 1 3 1 1 1 10 1 5 18 2 1
2 1 1 1 8 1 20 1 10 1 4 1 3 2 2 1 59 22 1 2 1 6 3 3 3 1 1 3 2 1 3 2 2 1 2 3 1 1 1 2 3 1 2 2 7 15 4 2 2 3 3 3 1 2 2 2 5 1 4 7 2 5 6 6 1 2 9 2 2 2 4 1 1 1 1 2 14 2 1 4 1 4 1 3 1 2 1 45 1 4 2 12 2 1 4 7 6 5 1 1 1 2 2 12 2 1 8 3 10 1 73 1 5 2 1 2 12 9 11 15 6 4 17 2 2 2 1 2 1 1 1 1 2 2 2 1 4 1 2 1 5 4 2 7 1 1 1 3 2 3 2 2 1 4 1 1 2 1 3 2 4 3 1 1 9 3 2 6 3 3 3 1 9 1 12 4 2 5 3 1 3 2 3 2 1 8 2 5 3 4 1 2 2 2 1 5 8 2 1 4
22 1 2 1 7 1 1 3 1 2 4 8 2 2 18 9 1 7 3 1 5 2 3 1 2 17 8 4 2 5 10 4 2 1 1 2 1 1 1 2 2 1 10 2 2 19 13 1 3 2 4 12 1 2 5 2 6 1 2 2 2 6 1 76 4 3 5 1 1 2 3 4 277 1 2 25 2 3 9 7 3 1 3 1 2 1 1 1 1 12 2 2 3 1 21 2 1 1 1 3 3 2 2 1 1 1 12 4 3 2 1 1 6 2 1 1 1 1 2 1 2 1 1 6 3 2 5 3 1 2 3 1 2 5 5 2 1 6 2 2 2 10 2 1 1 4 2 1 150 2 2 2 1 1 2 1 2 4 1 2 2 2 2 3 3 2 2 5 1 3 1 3 2 1 2 2 1 1 4 1 19 3 2 2 1 1 1 2 1 1 9 1 2 9 2 2 1 6 6 190
1 1 2 2 1 3 2 5 4 1 2 9 4 5 2 4 1 1 1 2 30 7 1 10 2 3 5 2 1 2 1 3 3 52 4 2 3 12 13 3 7 2 8 14 1 1 1 1 1 4 1 3 2 5 2 2 6 2 3 1 4 2 1 1 3 1 2 1 2 1 2 1 2 63 1 10 4 1 1 2 5 4 1 1 18 5 1 5 9 6 4 1 13 2 68 11 15 5 1 2 1 1 2 3 55 1 2 5 1 3 2 85 4 2 8 2 81 1 1 3 1 10 1 5 5 2 1 6 2 2 2 1 2 3 2 1 3 7 1 2 2 5 1 1 2 4 2 2 1 1 2 8 1 6 2 2 1 1 2 2 2 8 1 2 6 1 6 1 30 43 3 3 2 1 3 3 2 1 6 2 8 1 18 1 1 1 1 3 5 9 27 1 2 1 2 2 1 5 2 1
1 127 2 5 2 1 2 14 4 2 2 2 1 3 1 3 14 4 5 5 1 3 5 2 4 1 1 6 4 1 2 3 1 1 2 1 7 1 1 3 38 1 4 2 4 113 2 2 2 3 2 6 9 3 9 3 1 1 5 6 1 1 5 9 2 1 1 9 2 1 9 9 4 6 2 1 1 5 1 6 1 2 1 1 1 1 13 1 11 1 2 3 2 2 1 1 2 30 1 1 2 3 2 3 1 2 2 15 4 1 2 4 2 2 1 1 1 2 6 4 1 1 2 1 1 1 33 2 1 5 1 4 9 4 3 2 2 1 5 6 1 28 1 32 2 2 1 5 25 1 8 1 1 1 3 3 2 7 2 4 2 4 2 2 15 2 1 2 2 1 5 1 4 2 1 8 1 1 5 1 3 43 8 1 1 1 1 1 2 1 1 3 28 2 1 5 1 2 2 1
4 2 1 1 1 2 1 2 8 3 1 1 3 1 1 1 1 2 2 1 1 32 2 324 2 1 4 3 1 2 1 2 2 1 3 3 5 1 3 82 7 1 2 1 3 2 1 1 2 6 1 1 1 2 3 8 3 3 2 1 7 2 4 2 2 2 2 3 9 1 2 1 1 3 2 3 1 1 12 3 6 2 1 2 2 1 2 3 2 3 1 1 6 1 2 5 6 1 1 5 2 1 3 2 3 2 2 1 5 100 2 3 1 3 6 2 27 1 1 4 1 5 2 2 9 22 7 2 170 3 1 1 1 1 1 3 1 2 2 15 2 2 2 1 5 2 2 1 1 4 7 4 2 1 1 1 3 1 1 5 5 4 2 1 6 2 13 1 3 1 14 2 15 2 9 50 1 7 2 1 3 1 2 3 4 2 1 1 2 1 2 2 1 1 1 1 3 1 27 2
17 1 2 4 1 1 4 46 1 9 1 1 15 1 10 1 2 5 1 1 2 3 1 2 2 12 1 1 2 1 1 2 1 1 5 2 6 2 2 6 15 2 1 3 7 2 2 1 2 2 1 22 5 1 8 2 2 3 6 7 1 1 5 2 3 2 1 58 1 1 9 2 3 1 3 1 4 4 3 2 3 1 3 1 5 1 2 2 7 2 3 9 2 3 3 1 2 2 1 2 1 1 8 7 1 2 1 2 1 2 1 2 8 11 14 1 2 2 6 1 2 2 78 2 1 3 18 2 2 8 7 2 2 4 4 2 4 1 1 2 1 2 53 3 2 13 1 1 1 4 2 3 1 2 2 7 2 2 1 2 1 1 33 2 2 2 1 1 3 1 4 3 2 1 5 2 1 9 2 2 1 2 1 2 2 2 1 2 3 2 1 2 1 6 1 2 2 1 1 1
2 1 2 7 8 1 5 1 11 3 9 4 1 1 3 2 2 1 3 3 1 2 1 11 2 2 1 7 2 9 1 1 2 1 4 5 2 3 1 482 4 1 4 16 1 6 362 9 1 32 24 2 1 2 1 1 7 3 4 10 1 1 4 1 6 3 2 2 2 3 2 4 5 1 81 3 1 16 2 2 1 3 2 37 1 23 2 2 1 1 5 1 1 3 1 2 2 1 3 43 2 1 1 1 1 2 6 8 10 5 3 1 2 1 6 3 10 5 1 1 1 1 2 8 1 1 2 1 1 1 4 51 20 3 54 6 1 2 5 3 2 2 8 4 2 10 1 2 9 2 22 4 1 358 2 1 5 2 1 1 1 2 1 8 1 2 1 1 3 7 3 4 5 17 3 5 2 2 186 16 3 1 3 5 2 1 9 1 8 2 4 8 2 1 19 3 1 2 18 6
2 16 1 2 3 2 2 4 4 2 3 4 2 7 2 4 4 11 1 2 5 3 42 4 141 3 1 1 2 59 1 2 1 2 1 2 3 1 2 3 3 7 3 1 6 1 1 2 1 1 19 5 3 2 2 5 3 10 2 1 2 4 1 1 1 2 1 2 1 4 8 1 4 3 1 1 1 1 1 2 2 2 2 2 4 1 1 11 2 1 2 2 1 1 3 3 1 2 12 1 2 27 1 2 1 1 3 1 2 22 2 4 3 2 1 5 2 2 1 2 2 1 3 4 7 1 2 1 5 1 1 3 1 5 1 1 7 7 2 7 1 2 7 2 3 2 4 1 1 2 8 35 13 41 3 2 1 1 4 1 5 1 2 1 76 1 1 1 2 5 1 2 3 1 2 1 3 1 1 4 1 1 1 13 4 1 2 1 1 7 2 1 1 39 3 2 3 2 2 2
4 1 1 4 1 4 1 3 5 32 1 21 3 1 2 1 1 3 1 1 16 1 1 16 9 1 6 2 7 1 3 1 2 2 1 1 234 7 2 2 2 1 2 2 3 2 1 2 2 1 2 1 3 6 1 2 1 1 1 4 2 1 8 1 5 6 1 3 1 29 2 2 2 3 9 2 4 1 1 1 18 2 1 1 1 1 1 2 1 4 1 3 1 3 1 1 4 2 1 5 1 3 4 3 1 1 1 2 1 3 5 6 2 1 3 2 3 7 1 2 1 1 4 1 1 1 2 1 2 2 2 2 4 4 1 4 1 1 1 2 2 2 1 1 1 26 2 1 3 2 4 3 2 23 1 1 2 8 1 1 1 3 18 1 1 3 1 2 2 2 2 1 32 2 2 2 1 1 2 2 2 2 1 2 4 4 8 2 2 2 1 6 2 2 9 15 1 1 1 1
4 1 10 4 1 2 2 3 3 3 5 6 9 17 1 6 4 2 2 2 4 2 1 25 2 2 4 1 11 1 2 1 26 1 1 2 1 9 1 2 1 6 4 1 1 2 1 4 4 1 70 2 1 2 2 1 12 2 1 3 1 22 5 3 2 4 2 1 1 3 1 5 10 1 4 5 9 2 7 2 2 1 235 3 11 8 4 3 2 18 4 2 33 2 1 2 3 11 6 3 6 1 1 2 2 1 25 1 6 3 3 1 1 2 3 3 3 98 2 1 6 25 2 1 2 6 5 2 3 2 2 2 2 5 2 1 2 2 1 1 1 2 2 1 1 1 1 5 2 1 3 2 2 3 1 1 5 2 7 28 3 3 1 1 285 1 2 4 1 1 3 1 6 7 3 1 3 1 1 6 2 2 11 2 3 7 1 13 2 2 1 2 2 2 11 1 1 4 1 3
1 2 33 39 2 3 2 30 8 1 3 11 1 4 1 1 3 1 1 1 2 2 1 3 1 1 3 4 1 6 2 4 1 2 1 4 1 8 1 2 2 4 1 5 4 2 5 35 1 1 1 7 20 1 7 2 2 7 6 1 2 1 1 1 6 1 1 1 1 3 2 114 4 2 1 27 5 2 3 1 1 2 6 2 1 3 3 5 4 1 2 4 20 2 2 1 3 2 1 3 4 2 1 20 9 2 2 1 2 3 1 1 2 25 1 3 1 8 2 3 2 33 3 1 6 1 3 1 27 1 19 4 2 4 2 2 2 1 1 2 1 2 6 2 4 1 2 1 18 1 15 1 39 1 2 3 1 1 1 1 1 9 3 1 3 6 10 1 28 4 3 1 1 2 48 2 1 5 1 1 1 1 3 2 3 25 12 2 1 3 2 2 5 1 5 7 3 1 1 2
2 1 6 1 2 2 1 7 5 1 2 8 2 6 1 4 7 4 2 4 1 53 2 2 4 3 1 1 12 2 2 2 8 1 6 12 1 1 2 1 3 2 4 1 3 4 9 47 3 3 102 1 1 10 4 3 20 1 31 15 1 6 1 1 1 3 2 2 1 1 1 8 1 2 1 1 5 3 2 1 2 2 3 7 1 2 4 2 1 1 1 1 2 2 1 1 1 1 1 6 3 1 2 2 2 2 8 6 1 1 2 7 3 3 2 2 2 1 2 3 2 1 3 8 3 2 1 1 1 3 1 2 5 1 2 1 1 14 7 6 25 4 1 2 2 2 2 45 2 8 1 1 4 1 4 3 1 8 2 2 3 16 33 7 2 2 2 1 1 2 2 1 2 6 2 21 1 2 2 2 7 2 1 1 1 1 1 1 10 1 1 2 19 2 1 6 1 79 1 1
1 1 3 1 4 1 3 3 2 3 4 2 6 1 3 2 1 4 6 4 1 27 3 10 2 2 3 2 1 47 1 23 6 8 1 1 1 2 24 2 2 1 2 1 4 5 12 14 1 3 1 1 12 2 1 16 1 1 3 8 1 1 30 4 1 12 1 1 19 4 4 1 2 11 12 2 1 2 3 1 6 1 1 1 55 2 2 1 2 12 1 1 2 7 2 1 2 2 9 2 9 8 3 19 4 4 1 4 41 1 3 1 19 3 2 2 4 10 1 5 4 1 11 2 18 1 2 5 37 1 13 1 4 3 3 2 3 2 98 2 4 2 2 7 3 2 2 2 6 1 5 3 9 5 7 1 3 1 1 1 1 1 2 11 1 3 1 2 2 2 1 12 1 45 1 3 1 1 1 3 4 1 5 3 4 3 3 5 2 2 2 1 1 3 2 4 2 2 2 5
2 2 2 1 2 6 2 4 2 3 3 2 2 4 24 1 4 3 1 3 1 8 1 1 1 2 4 1 3 1 1 7 3 2 9 3 5 2 5 1 2 2 4 1 8 1 3 1 13 1 2 3 2 24 3 5 2 3 2 5 2 2 1 27 1 1 3 4 4 40 4 1 4 39 2 3 8 3 3 2 3 1 2 7 2 5 5 8 3 2 10 2 2 1 15 2 6 3 3 1 46 1 2 1 5 36 2 1 2 9 2 2 5 2 2 3 2 2 22 22 1 3 2 183 4 1 4 1 3 6 1 1 2 4 12 2 2 2 6 1 1 5 2 3 2 1 59 2 1 1 1 4 5 1 13 1 3 1 2 2 2 1 2 1 1 3 2 1 1 2 1 5 52 2 1 2 1 1 3 4 3 1 14 37 2 2 3 1 3 5 6 2 1 3 36 2 1 14 2 1
3 2 1 2 2 1 2 1 2 2 1 2 2 1 1 3 2 2 2 11 1 13 5 2 19 5 2 6 1 2 2 2 4 2 2 4 1 3 2 6 2 32 3 1 1 4 2 23 2 3 2 1 60 3 11 1 1 10 1 1 1 1 3 2 18 155 1 1 16 2 3 2 65 3 1 3 2 1 1 3 2 1 25 3 3 2 5 4 1 1 9 1 1 2 4 1 1 1 4 1 33 1 2 15 1 1 1 4 2 1 4 1 1 2 1 3 1 6 2 2 5 1 1 5 2 1 2 16 2 2 2 9 1 2 1 1 1 8 8 1 1 2 5 1 5 1 5 1 3 1 29 2 2 1 2 2 1 1 3 5 1 2 1 28 2 3 28 2 2 2 3 1 2 7 1 1 1 2 1 1 1 1 2 1 191 2 1 4 1 5 2 2 1 15 2 2 3 1 5 7
10 5 2 2 3 1 1 3 2 2 1 2 2 1 3 2 3 2 1 3 1 76 1 4 1 13 2 1 1 12 10 2 1 4 3 1 13 1 1 3 2 43 4 3 3 3 100 1 2 2 1 1 1 1 6 2 1 2 1 12 10 34 2 11 1 1 3 2 1 1 7 1 2 1 4 1 2 2 5 1 2 4 1 25 6 1 1 3 5 2 1 2 36 2 237 3 2 3 1 26 2 4 1 2 16 1 2 2 3 2 1 60 11 2 3 2 2 1 57 4 2 3 1 2 4 1 2 1 1 79 2 2 2 1 9 5 1 5 4 3 1 4 1 1 3 2 18 8 3 3 4 1 1 2 3 3 2 6 1 1 2 5 2 3 2 2 2 4 25 8 2 28 1 7 2 1 9 1 1 2 2 2 9 14 1 2 14 2 19 3 1 1 194 3 4 2 1 1 1 4
2 1 2 1 7 3 6 2 2 1 3 1 2 1 1 3 11 2 1 17 4 13 1 9 3 16 2 2 6 1 5 4 4 1 3 21 1 1 27 13 1 1 2 1 2 5 17 6 5 7 37 2 1 1 4 1 27 4 1 61 2 1 3 6 2 1 1 10 13 2 1 3 2 1 1 68 21 1 2 2 2 2 1 1 8 2 4 1 2 1 13 6 28 1 1 3 2 4 2 2 7 1 3 2 2 2 2 3 14 3 1 1 4 4 1 3 3 1 1 2 3 12 4 1 2 1 2 1 1 3 2 3 4 1 2 4 2 1 2 2 2 3 2 2 2 32 2 2 2 1 4 5 1 5 7 3 1 4 2 7 2 7 1 6 2 43 2 10 2 1 3 3 4 33 2 2 1 2 17 1 1 1 7 4 13 1 2 8 32 1 8 3 2 8 1 1 1 2 2 2
121 4 1 1 2 1 2 1 2 1 2 1 1 3 1 1 4 9 1 22 1 2 1 3 2 1 1 2 32 2 1 1 2 1 2 2 2 1 2 1 2 3 9 1 1 5 4 1 1 5 2 4 1 1 2 1 1 4 1 2 2 10 3 1 1 6 5 1 4 2 8 2 4 4 5 1 2 1 2 2 1 4 12 2 1 5 3 2 2 2 1 2 1 1 2 1 53 3 8 5 2 1 4 1 1 4 1 2 22 2 6 2 10 1 1 2 2 2 1 2 1 6 6 2 23 1 2 6 2 5 1 1 10 1 1 1 48 1 2 2 9 5 11 1 2 1 1 3 14 36 9 5 1 1 1 2 1 1 1 1 3 6 1 2 1 1 2 2 1 1 14 2 1 5 2 2 2 9 10 1 1 1 1 4 2 1 1 3 2 1 2 10 1 2 2 5 1 60 4 5
2 6 1 1 2 3 6 1 2 2 1 5 1 4 4 1 1 42 18 1 2 3 7 1 3 1 2 4 1 1 19 4 9 1 5 5 2 1 2 1 3 2 2 2 1 6 2 15 1 7 13 5 1 14 2 4 10 1 6 2 2 11 3 2 1 1 1 3 1 2 1 1 8 1 1 3 1 4 1 2 2 2 4 1 1 67 2 2 3 3 1 3 1 6 1 1 2 2 2 1 2 1 6 8 2 1 2 11 1 69 2 1 2 37 1 1 2 2 14 3 2 2 1 6 4 10 4 1 3 2 2 2 2 5 2 1 2 20 1 2 4 3 45 4 2 1 2 44 2 2 1 2 2 2 2 8 2 2 5 1 2 3 7 3 1 1 5 3 1 2 67 1 3 1 5 2 2 5 2 3 1 1 3 1 1 4 1 2 1 3 1 6 1 3 2 2 7 1 1 2
5 4 3 3 5 1 1 2 1 4 2 1 1 72 1 3 2 3 1 4 4 1 1 1 1 2 1 2 22 8 2 2 2 2 1 2 12 1 3 8 2 3 4 1 3 1 6 2 3 1 1 2 4 1 12 7 4 8 1 3 3 1 2 10 13 2 3 10 24 1 6 1 1 2 11 1 6 1 2 3 3 1 2 5 5 1 3 3 2 1 1 2 2 14 1 3 1 4 1 5 11 2 7 2 1 1 3 4 6 2 3 1 69 1 2 1 1 7 1 1 1 2 1 4 1 3 3 2 1 2 3 3 3 3 1 1 2 1 3 1 30 2 4 9 6 2 1 5 1 2 4 2 3 3 2 2 1 6 1 7 2 3 2 1 11 10 1 2 4 2 2 2 10 2 1 16 4 8 5 1 2 2 1 1 1 6 4 3 1 2 3 1 3 2 3 3 3 2 2 8
2 3 10 2 1 2 1 2 1 1 1 7 2 7 17 2 2 1 2 1 1 311 2 1 5 7 1 2 1 1 2 3 2 2 1 1 1 5 2 1 14 1 3 1 2 2 57 3 16 4 1 1 3 3 4 2 3 2 2 18 10 1 2 2 2 2 4 1 1 2 2 1 2 2 3 2 2 1 3 3 3 5 2 3 2 494 2 1 1 1 11 56 2 5 8 22 1 3 3 9 2 8 1 2 2 18 1 1 3 4 14 3 2 4 9 2 2 2 24 2 4 2 8 6 4 3 2 1 1 2 1 9 4 3 7 2 1 38 2 6 3 2 1 1 1 2 1 2 1 4 1 1 2 1 20 1 2 2 2 1 9 5 2 1 1 5 3 1 2 1 1 1 4 1 2 3 1 1 2 2 5 2 4 1 1 5 12 2 6 7 2 1 1 21 1 2 4 1 1 3
1 3 13 1 1 4 3 1 3 5 1 3 1 4 2 2 2 6 5 1 1 1 1 2 3 3 1 3 1 2 5 23 1 1 1 473 3 9 3 1 2 2 1 3 1 2 1 3 4 3 8 3 2 3 3 1 1 5 2 2 9 1 14 1 6 2 3 14 2 1 4 60 2 2 1 10 58 38 1 3 2 11 1 1 1 19 146 4 4 9 2 2 1 2 6 7 1 1 9 4 3 22 1 1 1 1 3 2 1 1 2 1 3 2 34 4 4 2 4 1 1 3 2 1 1 1 2 5 5 2 5 3 2 3 1 1 8 76 2 5 2 1 8 1 2 2 5 1 2 5 1 3 1 4 47 1 1 2 2 1 1 2 1 1 4 1 3 4 8 1 1 1 9 7 1 5 2 3 4 4 1 1 25 4 1 1 1 3 3 1 1 4 3 3 1 2 1 2 4 1
3 5 4 5 10 1 221 8 2 1 2 2 2 1 1 2 4 26 1 1 1 2 2 2 1 4 346 2 1 2 1 1 1 1 16 9 2 3 1 2 5 2 3 1 2 7 5 4 1 5 2 1 2 2 2 2 1 1 2 11 10 1 41 1 1 15 1 1 1 3 4 1 2 1 1 1 3 4 1 30 2 3 3 3 1 1 1 2 12 2 1 1 2 1 2 13 1 2 3 6 2 15 2 2 1 27 1 1 1 1 1 3 1 2 4 3 1 1 179 4 3 3 1 4 1 1 22 1 3 50 3 3 1 1 1 3 16 1 7 3 11 1 4 2 1 3 58 1 2 2 1 1 3 2 2 1 1 466 1 2 3 3 5 5 1 2 2 25 2 3 2 5 5 1 1 2 10 2 1 1 1 2 1 2 1 2 1 2 249 1 4 3 17 11 3 5 2 30 1 1
3 2 1 2 251 1 4 2 2 1 2 1 2 1 2 1 11 2 3 5 1 22 5 2 1 2 52 1 2 1 2 3 1 2 6 6 2 35 27 2 7 2 1 1 8 4 8 2 1 4 2 7 1 2 1 2 2 4 2 1 5 1 14 1 6 2 3 2 5 1 2 2 3 8 1 2 4 9 1 1 1 7 4 1 1 3 3 1 4 1 7 4 1 2 6 9 2 2 1 2 2 2 2 2 3 1 1 2 3 9 1 1 4 10 4 2 13 3 2 2 7 9 9 3 1 2 2 2 2 2 3 20 1 3 5 1 3 1 25 2 1 2 14 2 2 2 2 5 14 1 1 5 1 1 13 1 2 2 4 3 2 1 2 3 5 11 2 3 1 4 1 1 7 4 5 4 3 9 1 2 1 3 10 4 1 3 4 4 3 1 2 5 2 3 1 84 1 2 2 1
1 3 2 22 3 1 10 15 3 6 2 2 2 1 3 18 1 2 1 4 2 2 2 2 9 3 1 2 1 1 2 4 4 7 5 4 1 1 2 7 1 3 2 1 4 3 8 9 2 1 2 2 12 2 2 1 1 1 4 2 3 3 3 1 1 3 11 3 2 14 61 2 2 2 1 1 67 5 4 1 144 2 4 1 4 1 9 1 6 1 2 2 4 1 1 4 3 1 2 1 10 2 3 2 3 1 1 3 1 5 1 1 3 5 1 1 6 62 2 2 3 52 2 1 1 1 1 2 1 2 1 4 2 1 1 6 2 1 1 1 2 2 8 3 2 2 1 2 3 20 1 1 2 2 69 7 8 1 1 2 3 2 1 3 6 1 3 5 1 1 1 1 2 3 9 1 13 12 1 1 1 4 3 1 3 1 1 2 3 12 2 4 1 2 1 2 1 2 6 2
1 18 3 3 1 4 2 18 2 2 3 1 12 3 2 1 1 1 2 9 1 18 1 2 1 2 1 1 1 2 1 1 1 4 2 2 13 17 3 1 3 5 3 1 2 2 2 1 1 1 1 6 2 4 1 1 3 2 1 1 1 1 2 2 2 1 1 1 1 2 2 126 1 1 2 1 2 1 1 5 2 4 3 10 2 2 4 1 1 5 1 3 2 9 2 2 6 2 6 4 2 2 1 4 1 2 32 2 1 2 1 9 2 1 1 1 2 2 6 35 3 1 1 2 2 1 4 3 2 6 7 9 2 2 16 2 2 4 1 2 1 7 3 2 6 10 2 1 2 2 2 5 1 2 2 12 3 2 5 2 3 3 1 1 2 1 7 2 2 1 9 9 2 2 1 1 1 6 14 2 1 5 6 2 1 2 1 3 4 5 4 1 2 2 25 5 2 2 2 5
78 2 1 53 2 1 1 2 5 4 9 6 3 1 4 9 1 24 4 6 1 2 1 1 1 1 1 12 1 19 3 2 20 4 3 11 1 9 1 1 8 4 2 2 1 1 4 1 5 8 1 2 8 5 1 2 1 234 1 1 1 1 4 1 1 1 1 2 6 5 3 1 1 1 5 1 6 2 1 2 6 2 1 2 6 1 2 1 1 1 1 3 1 4 2 1 7 1 1 2 4 3 1 1 1 2 3 1 2 3 14 1 2 2 2 7 1 7 2 5 2 1 32 2 12 1 2 1 1 31 29 2 1 1 10 2 11 3 1 10 8 3 3 1 6 2 2 1 2 2 2 3 1 2 3 2 2 1 1 1 2 8 1 11 17 2 2 1 4 2 1 11 4 1 1 1 4 7 9 10 4 12 33 21 3 1 15 4 5 2 1 2 1 10 1 3 3 4 2 4
1 1 1 1 4 1 1 1 6 2 2 2 2 7 4 3 6 4 1 1 4 2 26 10 2 4 2 1 1 4 1 1 1 1 2 11 138 2 4 2 1 5 1 2 5 6 7 1 4 1 2 2 1 49 7 1 13 1 7 1 3 1 2 13 1 4 2 3 1 2 2 5 2 2 2 6 3 1 2 47 1 3 56 3 6 1 3 3 3 1 1 2 2 3 1 3 10 1 1 2 1 1 1 2 2 2 1 1 2 1 1 1 30 4 1 1 8 1 5 2 1 6 32 2 6 1 2 6 4 7 2 1 1 1 1 2 1 3 3 7 4 2 2 1 1 2 1 5 2 2 2 2 2 2 2 1 7 1 2 1 1 1 4 1 2 4 4 3 2 4 2 2 9 1 2 1 15 2 2 4 2 26 2 2 8 2 4 2 5 244 1 17 2 1 1 4 2 2 1 4
2 2 2 2 3 3 61 2 14 1 1 1 1 1 1 1 1 10 1 2 1 1 2 27 1 76 2 2 2 2 1 1 2 5 5 1 1 1 1 4 1 1 1 1 4 6 4 1 6 1 2 2 2 1 1 2 1 2 1 2 1 2 2 9 3 1 2 1 3 3 3 2 4 2 1 3 2 1 1 2 2 1 1 2 5 8 1 5 1 3 2 28 12 5 14 19 2 2 4 1 1 1 2 2 9 2 1 1 3 1 15 2 2 5 3 1 5 14 1 2 4 1 3 1 15 2 3 4 1 3 4 2 2 1 2 3 1 4 4 1 1 2 2 4 3 1 1 2 2 2 2 3 2 2 1 1 28 1 2 2 3 3 17 45 3 1 4 1 6 46 1 1 1 16 1 3 1 1 49 14 5 2 5 1 21 2 4 2 2 1 1 2 1 1 1 1 2 5 2 13
4 2 1 2 1 1 1 7 2 2 2 3 3 1 1 1 3 2 15 1 2 2 2 5 4 5 12 48 2 1 2 2 21 4 6 1 1 1 127 1 2 2 1 1 1 7 7 7 2 2 1 3 1 8 7 1 2 1 2 2 18 1 2 1 1 2 2 1 13 54 1 21 2 2 3 1 5 2 4 2 6 1 5 1 1 1 1 2 2 3 2 3 6 5 5 1 13 8 1 1 5 1 1 3 1 2 2 2 1 131 1 2 1 4 1 2 1 6 1 1 5 1 2 3 1 2 12 6 2 26 2 2 2 1 28 3 5 27 1 1 1 1 8 7 5 5 3 1 7 1 2 2 1 278 3 2 10 2 2 1 2 2 3 2 1 2 8 11 1 1 10 2 2 2 1 5 63 1 1 1 2 2 3 3 1 1 4 10 2 2 1 1 2 1 2 2 5 2 2 1
3 1 4 1 1 1 2 2 1 2 4 1 1 78 2 2 1 2 1 1 3 1 3 16 3 2 2 3 3 1 2 2 1 14 1 3 1 1 5 1 1 2 1 1 1 4 13 5 1 1 5 1 3 3 2 1 1 9 2 20 2 26 8 1 2 4 4 8 2 1 3 4 3 6 1 2 1 4 74 1 103 2 1 1 3 5 1 9 5 2 2 1 1 3 4 1 1 2 2 2 2 1 5 17 2 1 2 3 11 3 1 3 2 4 2 2 4 2 1 3 1 2 1 1 1 2 1 4 9 1 1 6 2 2 1 2 2 1 1 4 4 1 1 1 2 9 1 1 5 1 60 5 2 2 1 1 9 3 3 1 5 3 2 2 4 25 2 1 7 2 1 1 5 2 2 2 24 4 1 1 5 2 1 7 2 256 1 1 1 6 2 1 1 11 10 2 4 2 2 8
6 2 3 2 1 1 2 3 1 10 273 1 2 1 1 2 1 2 1 1 3 7 22 2 1 3 4 3 2 3 4 5 20 7 2 1 10 1 2 1 2 3 1 4 3 9 13 5 2 3 3 1 4 2 2 11 3 6 1 1 2 1 2 2 5 2 21 1 7 27 1 1 1 2 1 3 3 1 2 147 2 1 1 10 1 3 8 33 6 2 3 2 1 1 1 2 1 2 1 1 4 28 2 21 1 2 2 3 2 2 1 3 1 11 1 1 3 2 2 1 1 1 1 3 1 1 2 1 1 1 2 2 2 2 4 1 2 7 4 5 2 2 1 2 3 2 2 2 1 2 2 6 5 4 1 2 1 4 4 2 3 1 2 1 4 2 4 1 1 1 2 2 1 6 3 2 2 2 1 3 1 1 3 1 4 1 3 1 2 1 2 1 1 4 1 2 3 2 1 3
2 1 11 10 2 1 1 13 2 2 3 13 1 1 5 3 9 4 1 10 2 5 8 1 3 3 2 4 2 3 3 2 2 2 2 1 2 6 2 1 1 3 2 1 2 1 2 13 1 3 1 2 2 1 1 1 9 1 2 2 2 1 3 2 26 2 1 6 2 13 40 3 1 2 1 2 2 4 4 1 2 13 2 3 1 11 1 5 2 2 2 2 1 3 1 1 1 1 1 1 2 1 1 1 4 1 6 5 1 1 2 1 2 4 17 1 4 3 12 2 1 1 1 2 3 1 1 2 1 2 2 1 5 4 17 4 5 22 1 1 1 6 5 1 2 3 1 3 1 1 3 2 1 1 2 3 1 1 2 1 3 2 2 1 21 2 1 2 2 6 3 2 2 1 1 4 10 1 18 6 2 8 3 1 2 2 2 6 4 4 1 6 1 1 254 2 2 1 2 7
2 1 1 3 1 1 2 3 1 2 6 10 1 1 3 2 1 23 2 2 7 2 1 1 1 4 1 2 3 2 42 1 8 1 5 2 2 2 2 1 8 3 1 1 2 1 7 1 2 2 1 1 1 6 1 51 1 1 1 2 2 4 1 3 2 182 1 2 2 1 1 3 3 2 2 4 1 2 2 1 1 1 1 2 2 3 3 19 3 1 1 3 14 2 3 2 9 1 8 2 1 3 4 2 2 2 18 3 1 1 3 2 3 2 3 4 1 2 3 1 1 2 25 1 2 2 1 3 6 10 1 2 10 1 1 5 3 3 1 3 1 3 2 1 1 1 1 1 17 18 2 1 2 2 3 2 2 2 1 1 7 2 18 1 5 2 3 3 4 1 2 1 8 1 1 3 1 3 1 2 3 3 3 32 1 22 1 4 1 2 2 12 2 1 25 1 14 3 1 32
7 13 2 2 6 1 1 3 1 10 1 2 5 45 1 1 4 4 3 6 1 1 9 6 3 3 2 1 1 2 2 8 15 3 1 9 6 2 2 4 1 1 1 2 12 3 1 4 7 1 3 1 240 3 12 1 1 2 2 18 1 2 1 1 2 12 1 41 1 17 2 1 2 2 1 1 2 1 13 15 1 4 6 1 11 33 4 6 1 1 5 9 13 2 1 3 3 1 2 5 7 4 1 3 1 2 2 2 4 1 7 114 14 1 51 1 1 3 3 1 1 1 2 1 3 1 1 2 3 2 1 1 1 2 2 1 2 5 1 1 1 4 1 3 1 2 92 11 3 3 2 2 484 4 1 2 1 4 2 1 3 1 1 2 6 6 2 2 1 12 1 1 4 3 3 1 3 48 1 1 1 1 2 1 2 3 12 1 2 2 16 2 14 1 4 9 2 3 4 1
9 4 2 3 3 1 2 6 1 1 3 1 1 1 1 4 1 2 5 3 3 2 2 3 2 1 4 2 1 7 2 1 1 1 3 1 4 6 4 1 20 3 4 4 2 1 2 1 1 2 3 11 2 3 7 16 4 5 2 2 1 1 16 1 2 1 1 2 5 85 1 5 1 1 3 4 3 3 4 1 2 11 1 2 2 2 3 3 1 1 1 1 1 1 7 1 8 10 2 1 1 18 1 2 1 2 6 2 1 3 1 2 2 4 2 1 2 5 2 2 1 1 2 2 2 42 1 1 1 2 3 2 39 1 2 4 7 1 7 5 2 2 1 1 3 2 1 1 7 1 2 2 3 4 2 3 16 7 3 1 11 1 3 2 16 1 1 1 2 3 1 1 1 7 1 1 2 1 10 1 2 2 1 2 2 5 2 3 2 1 1 2 1 2 15 4 2 30 4 2
22 1 2 3 2 4 5 3 7 20 1 2 9 3 51 3 2 2 1 2 5 1 2 2 1 4 1 2 1 1 10 2 2 1 17 2 2 1 1 2 5 6 1 1 4 8 1 3 2 2 3 29 6 2 1 2 4 5 2 10 19 9 2 2 1 1 3 2 10 1 1 5 1 9 1 1 3 2 1 169 1 18 1 1 2 3 4 4 2 2 2 2 1 3 2 3 2 5 9 2 4 1 4 29 6 1 1 1 2 17 2 2 6 2 1 11 1 31 2 2 3 1 2 3 2 2 1 3 1 14 1 2 1 1 1 5 1 3 1 9 1 10 2 1 6 1 11 4 2 1 2 2 2 1 13 1 39 4 3 5 8 2 3 1 3 1 83 2 2 1 2 2 3 40 2 1 12 1 1 2 4 4 5 2 5 1 45 2 1 1 1 8 2 1 2 3 4 3 2 1
2 5 1 1 2 16 1 1 2 4 2 2 15 8 1 2 2 1 2 2 3 2 2 1 2 1 20 1 10 6 2 4 4 1 3 2 2 14 1 3 3 32 1 2 1 2 2 1 1 1 59 10 2 3 6 2 5 2 22 2 3 2 2 1 3 2 2 10 1 2 2 1 2 4 2 3 18 11 4 2 3 4 4 2 3 5 6 2 2 1 2 4 2 1 2 3 6 2 1 1 1 1 36 3 2 2 24 1 1 3 7 3 2 1 2 1 2 6 2 2 1 2 1 1 7 458 2 12 7 46 1 2 1 1 1 1 20 2 29 2 2 3 1 1 1 4 2 1 6 2 3 9 1 8 10 5 3 1 2 1 2 10 2 12 4 2 1 1 2 2 2 1 1 1 5 2 3 4 2 8 1 2 1 3 1 2 1 84 2 5 45 8 10 1 2 1 2 1 1 14
2 2 31 1 10 3 2 8 2 1 2 1 1 1 8 1 3 1 4 3 2 1 1 1 6 3 1 1 4 1 1 20 2 5 6 1 1 7 11 12 2 1 13 1 1 23 3 1 1 1 2 18 2 2 3 3 2 1 28 1 1 1 2 1 3 11 1 1 9 3 2 7 4 1 1 2 1 2 1 1 3 3 2 2 1 7 3 3 2 1 1 2 7 1 22 3 1 2 4 1 2 3 1 2 2 2 1 4 1 2 1 1 77 1 13 3 1 11 1 2 1 2 2 1 1 1 3 1 1 3 1 1 29 1 1 4 1 5 2 1 1 1 2 1 2 2 3 1 8 1 6 4 4 2 3 5 1 1 1 7 2 6 2 1 2 1 1 1 1 1 80 3 2 2 1 2 2 19 9 2 3 4 8 1 4 2 1 70 1 1 2 3 3 1 3 5 3 1 4 2
1 8 3 10 81 2 1 10 2 7 3 1 1 2 2 1 1 1 1 1 2 6 4 1 162 1 1 2 5 4 1 6 2 1 1 9 2 1 1 9 3 2 13 3 2 2 2 1 2 5 1 54 3 3 11 4 2 2 3 3 4 1 1 1 1 1 2 2 5 2 2 3 8 3 2 2 1 1 1 2 1 10 3 9 2 1 2 3 6 1 2 1 1 4 6 1 1 1 1 1 11 1 1 2 3 6 11 2 1 1 2 6 2 1 7 14 2 2 1 1 2 1 2 5 3 7 3 2 1 1 47 1 4 20 2 1 8 4 2 4 31 1 4 1 14 4 5 2 1 1 1 83 1 2 2 7 1 2 23 4 2 4 5 2 1 5 2 2 1 3 1 1 3 2 1 3 2 2 1 2 2 4 2 1 9 10 13 2 1 14 2 5 1 10 1 23 1 3 5 1
2 2 2 26 1 1 10 1 2 1 2 2 1 6 1 6 9 4 2 2 2 2 2 1 7 3 2 83 3 2 4 2 1 4 25 1 1 35 4 5 1 2 1 2 2 2 4 7 2 3 2 2 13 1 3 3 7 2 9 20 1 2 1 2 3 1 1 2 2 2 4 1 2 53 3 2 3 5 84 3 2 1 4 1 6 5 1 3 11 1 1 2 1 2 4 2 2 3 2 2 1 1 2 7 15 2 1 3 2 2 2 2 1 2 2 1 1 1 11 2 2 2 1 2 4 2 5 6 3 1 1 1 1 4 2 1 1 8 4 2 1 2 1 10 2 4 2 2 3 1 1 4 6 1 1 1 5 1 4 2 1 2 2 2 2 1 132 19 10 1 1 2 4 2 1 1 3 42 25 1 1 2 1 17 2 1 2 22 18 17 2 18 4 13 2 1 1 2 1 64
2 1 16 3 2 2 2 11 2 2 1 20 5 5 5 1 2 1 23 1 1 2 2 6 1 1 5 27 10 2 6 193 1 2 7 1 2 1 12 2 1 44 1 8 1 1 4 1 3 4 2 1 1 1 1 2 10 1 2 3 1 3 3 3 1 2 2 4 2 1 3 1 1 2 2 2 10 8 1 1 1 1 2 2 6 2 1 1 2 1 1 6 13 1 1 5 2 5 1 1 1 1 1 2 4 8 88 1 4 3 2 1 1 3 2 3 1 2 4 95 1 2 2 1 2 2 32 2 2 2 5 2 2 6 1 3 1 2 7 1 3 22 2 2 3 5 8 2 1 4 1 6 3 1 1 2 2 1 1 12 5 3 2 1 52 3 3 1 2 2 3 4 1 3 3 2 1 2 2 2 4 2 1 1 13 2 1 2 2 3 1 1 2 64 3 54 1 8 110 1
10 7 9 1 1 1 9 6 1 2 4 2 1 1 4 3 1 1 24 3 2 34 11 1 4 2 2 2 3 1 2 2 12 1 4 4 1 5 1 7 2 2 1 3 1 2 1 2 6 2 2 2 3 7 2 2 2 2 2 1 2 4 2 1 1 23 2 8 1 2 4 5 1 2 3 3 2 6 4 3 1 1 1 4 2 4 1 12 3 2 1 1 2 2 3 1 6 1 1 1 1 5 8 6 1 1 1 1 1 2 3 3 1 2 7 3 2 23 2 2 4 1 1 1 5 1 2 2 1 9 3 4 1 2 1 4 1 2 2 2 2 1 4 3 2 2 2 2 2 1 7 5 2 3 11 17 2 5 7 1 9 1 171 7 1 1 3 3 8 1 1 2 3 249 94 2 2 6 1 6 3 1 4 6 2 13 2 12 4 1 1 1 2 1 1 2 1 2 1 2
2 2 2 1 2 9 1 1 2 5 96 2 2 5 5 2 4 3 8 1 2 5 4 1 2 2 1 4 2 8 2 1 1 1 5 6 1 1 2 11 2 4 1 10 17 1 1 5 1 2 1 1 5 12 2 1 17 3 21 1 3 7 2 7 37 3 2 1 5 1 1 15 2 1 1 2 2 2 1 1 2 1 2 40 1 1 2 1 13 1 1 2 1 1 1 4 1 3 4 1 2 1 2 5 3 1 1 1 4 2 1 1 1 29 5 1 4 1 1 2 1 4 9 6 2 1 1 1 1 10 2 1 6 1 2 1 2 4 1 5 39 2 1 2 1 3 4 1 2 4 1 6 1 2 2 2 4 2 2 2 7 5 1 73 2 1 13 2 1 6 2 3 1 1 7 2 58 3 2 8 2 3 2 2 10 29 10 3 157 2 4 4 2 1 1 2 1 2 12 1
2 1 17 2 4 2 1 3 1 1 1 3 5 18 1 4 2 4 5 2 3 1 2 3 1 3 2 1 25 2 9 2 4 1 2 1 1 7 1 6 1 3 2 7 33 3 2 2 5 1 1 2 3 1 2 3 2 2 1 1 1 2 26 28 4 3 2 2 1 1 33 1 2 2 3 3 1 1 3 101 2 3 1 1 1 22 1 3 11 2 2 1 1 3 1 2 1 1 47 1 2 5 1 3 7 2 2 8 2 8 6 1 10 2 1 2 1 2 1 1 2 1 2 6 4 10 1 1 8 6 5 1 3 1 4 1 93 2 2 3 3 2 1 2 2 1 2 3 1 3 2 2 9 10 2 3 3 2 2 1 3 4 2 6 25 20 28 2 4 8 2 1 3 3 2 2 1 1 11 76 3 1 1 1 6 1 2 1 1 1 4 4 1 2 1 4 2 4 1 17
2 4 4 15 1 4 5 1 2 32 1 3 2 1 2 2 9 1 3 2 4 2 3 1 1 75 2 2 2 4 2 8 2 1 4 1 2 1 5 2 2 3 3 6 1 1 2 4 8 2 6 1 1 3 2 3 4 1 2 1 2 2 1 2 1 2 2 2 1 4 10 3 1 2 2 30 1 1 1 4 4 2 1 2 1 2 2 2 1 1 2 2 1 2 1 5 6 1 1 1 27 5 34 2 3 1 1 7 2 3 1 1 1 2 9 2 2 2 2 1 3 1 2 1 2 1 1 2 1 58 1 5 10 2 6 5 5 2 1 1 1 12 4 3 2 3 1 1 1 6 1 3 2 4 2 3 2 1 3 1 2 1 2 16 2 3 5 6 2 1 10 3 4 3 5 6 11 1 3 1 8 57 1 1 5 1 2 4 1 4 16 2 1 1 8 2 2 3 2 2
2 1 2 2 1 4 2 4 2 4 2 2 1 2 30 1 2 1 1 3 6 1 5 2 1 3 4 4 1 2 2 3 3 1 23 1 2 2 1 2 4 2 1 1 1 2 6 4 9 32 1 2 2 40 1 1 9 2 5 3 4 1 3 2 1 10 1 1 2 6 11 1 2 1 5 1 1 2 2 1 2 2 2 1 15 2 16 3 6 1 3 1 4 1 2 2 9 1 2 1 1 5 4 1 1 1 3 2 1 15 1 21 1 1 2 1 1 1 5 12 1 2 19 1 3 1 10 6 2 2 1 22 1 5 2 12 2 2 1 2 3 24 1 2 1 2 4 2 1 1 1 6 2 26 2 1 1 3 3 2 5 2 3 5 1 1 2 1 14 2 2 1 2 1 19 9 2 1 1 1 45 5 21 15 6 3 5 3 4 2 1 1 7 2 1 2 43 2 2 14
4 2 3 1 2 1 2 1 21 2 1 1 2 1 1 7 1 2 5 10 2 1 2 2 1 7 33 54 11 2 1 1 1 8 4 12 1 2 4 2 1 2 1 1 2 2 12 5 1 2 6 28 1 5 1 1 2 6 2 1 5 1 6 1 7 1 5 1 2 1 1 2 3 2 4 4 5 26 1 4 3 1 2 1 2 2 1 2 2 8 20 2 4 2 1 2 2 6 11 2 2 1 1 3 6 1 1 2 2 1 9 44 141 4 3 1 1 2 2 1 1 1 2 1 1 1 3 1 5 2 2 1 2 3 1 4 2 3 2 1 54 1 1 1 5 2 1 68 2 46 1 2 13 2 4 3 4 3 2 2 3 26 1 2 2 2 4 2 5 1 2 1 1 2 2 1 8 2 2 2 4 2 1 2 1 2 3 3 2 5 3 3 2 9 3 2 2 1 1 1
2 3 7 1 8 3 1 1 5 1 1 8 3 5 3 3 2 10 2 5 7 4 3 2 10 1 1 1 32 2 11 1 3 23 2 3 57 134 1 6 1 1 1 1 7 2 1 1 2 1 1 2 1 4 3 1 1 1 2 2 1 2 1 18 1 1 1 9 2 3 1 2 1 4 1 2 2 1 2 6 2 2 17 2 1 3 1 2 2 3 2 1 1 3 1 1 1 1 2 2 3 3 3 7 1 2 1 1 2 4 2 2 1 2 5 5 2 2 3 10 2 5 6 1 2 3 14 3 4 2 1 10 1 1 1 9 22 2 2 3 1 3 1 4 1 102 2 2 1 13 1 3 16 28 2 10 1 1 1 2 6 2 1 2 2 1 1 4 3 2 1 1 2 3 1 3 6 15 2 1 2 2 3 1 2 2 1 5 1 27 1 3 4 21 8 1 2 1 1 2
8 2 1 2 1 2 1 1 2 1 3 1 14 3 1 1 34 2 1 1 5 1 2 2 1 2 58 2 7 1 1 5 3 2 2 2 9 5 3 4 12 9 1 4 2 1 5 2 2 2 20 2 2 3 2 19 2 1 1 1 2 3 2 2 18 2 1 1 1 8 1 2 3 2 6 6 3 1 4 1 2 22 1 26 4 2 8 4 9 7 2 1 1 5 4 2 1 233 1 1 5 1 2 1 63 25 2 1 1 1 3 10 2 5 2 21 1 2 1 1 3 3 69 3 2 1 9 1 2 3 3 2 2 1 2 16 2 7 1 1 2 2 11 3 1 1 4 3 2 32 2 2 2 4 1 1 12 1 3 2 3 1 1 4 2 7 7 7 4 3 4 1 4 1 1 2 2 1 1 19 2 2 2 2 34 2 1 4 2 3 1 1 6 13 119 35 2 31 1 1
2 2 1 1 1 2 2 1 1 2 1 2 2 11 2 6 1 2 14 2 2 2 1 3 3 418 2 5 1 78 3 1 2 2 47 1 1 2 1 2 4 4 5 2 1 9 1 1 4 33 18 8 1 4 2 2 1 1 5 3 29 2 1 12 2 2 2 104 5 8 1 60 42 1 1 1 2 11 4 2 3 2 1 5 5 1 1 2 3 3 1 27 2 1 1 3 8 1 2 1 2 1 3 1 1 2 2 2 3 34 9 2 2 4 2 1 1 1 10 1 1 7 2 1 1 7 2 2 3 10 13 6 2 1 7 2 2 2 1 3 8 1 2 3 2 3 3 3 2 13 2 1 1 1 1 1 12 2 19 2 3 1 2 1 1 1 3 2 1 1 12 2 68 3 5 1 2 1 11 1 2 1 1 5 15 3 2 5 2 5 7 6 1 2 2 4 2 6 239 1
1 1 1 1 1 1 9 2 2 1 3 4 1 6 5 2 5 2 5 3 2 4 2 2 2 1 2 1 7 1 1 2 1 2 2 2 2 1 17 4 8 9 1 3 6 2 2 5 1 28 2 4 1 3 3 1 16 4 15 5 2 1 4 2 1 1 3 163 2 1 8 2 4 1 7 2 9 2 1 1 1 1 1 7 1 1 2 5 1 1 10 21 2 2 8 3 1 13 1 2 2 2 6 5 2 1 1 1 2 1 1 3 1 17 1 10 1 1 19 2 6 2 10 1 3 1 3 3 1 1 2 3 18 5 2 1 1 5 1 3 2 2 3 14 2 15 4 1 6 7 1 2 1 6 1 1 2 3 5 1 18 14 7 1 2 1 1 2 1 2 1 1 1 2 2 53 1 2 1 1 1 1 9 4 1 8 1 2 1 4 2 1 1 1 1 1 1 1 3 1
2 1 2 1 2 3 7 2 1 1 7 2 1 4 5 6 2 2 2 1 6 4 2 5 10 15 4 2 3 1 1 1 5 3 2 21 4 1 3 5 1 1 8 8 2 5 1 2 1 1 2 4 1 2 10 13 5 3 26 1 2 1 1 1 1 23 1 2 2 1 1 4 23 6 1 17 1 7 2 2 1 30 5 2 1 2 1 1 1 1 3 2 2 4 10 2 2 2 3 41 2 1 2 1 5 1 2 2 3 2 15 1 1 4 2 14 1 1 4 1 1 3 4 1 1 3 8 7 2 1 2 10 3 2 129 14 5 1 3 1 3 2 8 1 3 1 1 2 5 1 2 5 3 3 2 1 2 1 3 1 2 1 6 1 1 2 4 1 12 2 3 1 1 1 63 2 1 1 6 2 1 5 1 1 2 35 3 1 2 9 3 6 1 3 20 2 2 3 3 8
2 71 2 1 2 1 2 1 1 2 1 2 5 2 1 2 2 24 3 3 4 1 1 1 1 1 4 2 2 2 3 1 1 6 1 3 3 1 2 4 1 1 1 4 1 1 2 3 13 2 3 1 2 2 42 2 1 5 1 2 1 8 2 2 1 1 7 3 18 1 1 4 1 6 2 8 2 3 3 1 1 2 1 1 3 1 2 4 2 1 3 3 1 1 1 2 2 1 5 14 2 4 1 1 2 1 3 1 6 12 2 1 1 2 1 13 2 2 2 2 1 3 1 1 2 3 1 8 17 1 2 3 9 7 3 2 2 6 1 2 6 8 2 1 1 2 2 7 1 2 1 9 2 1 1 2 12 4 2 2 2 4 1 2 1 3 1 12 1 7 3 1 1 1 2 1 4 1 2 2 2 6 3 1 47 10 1 3 2 5 14 1 4 1 1 2 3 3 2 2
3 2 1 1 5 25 3 3 2 3 1 1 1 1 10 1 4 2 1 2 1 6 1 6 2 1 1 10 92 2 1 168 6 4 2 2 4 1 5 3 1 130 2 3 5 3 1 1 4 3 4 1 7 6 2 1 4 71 1 37 4 1 2 16 12 1 2 1 3 2 3 1 9 2 6 2 4 1 1 2 15 2 1 1 242 2 66 4 1 2 1 2 3 2 51 8 3 2 2 1 1 2 2 2 4 1 4 2 1 1 5 2 1 2 1 4 5 1 1 2 9 2 1 2 2 23 1 2 1 1 6 3 1 1 1 3 2 4 2 1 6 2 2 2 6 3 4 65 1 2 6 6 2 1 7 4 3 2 1 1 67 4 1 3 1 1 4 4 1 1 2 13 2 1 2 1 4 1 2 8 2 2 6 1 1 2 3 1 2 1 2 7 4 1 3 3 4 1 3 1
27 2 3 2 3 4 1 1 1 1 3 3 2 3 1 18 1 2 1 2 3 2 4 24 1 1 2 4 1 3 1 1 3 2 1 1 1 1 2 4 1 2 2 2 3 6 1 1 1 2 4 2 1 1 16 1 3 2 1 1 1 18 2 1 1 1 1 2 1 3 1 6 1 1 7 1 1 2 2 1 3 3 3 1 5 1 2 11 1 3 2 6 1 1 1 1 1 1 3 3 6 1 8 9 2 2 5 8 40 1 2 5 2 2 4 1 2 3 2 1 1 2 6 4 2 2 6 37 1 1 2 1 2 1 2 2 1 4 1 1 9 2 1 1 1 3 1 2 16 47 15 1 1 2 2 4 8 5 3 2 1 2 9 1 1 2 2 1 2 20 3 1 3 11 6 2 4 1 6 1 13 2 3 2 2 2 11 3 13 2 1 4 1 1 3 3 4 11 3 1
3 3 2 1 5 2 12 1 4 1 2 1 2 4 2 13 2 1 4 1 5 1 1 2 1 4 1 7 4 5 2 1 2 2 2 3 2 2 2 3 1 13 5 2 5 2 2 1 3 1 2 2 2 2 1 2 2 16 5 1 3 2 3 2 2 2 1 7 3 3 11 1 1 1 1 2 4 13 2 1 4 9 2 204 3 1 8 1 1 2 8 1 1 3 3 2 10 2 3 2 3 3 1 1 6 1 1 11 1 2 1 1 1 1 2 1 2 1 1 1 1 3 4 10 1 3 3 31 1 3 4 2 24 2 4 1 1 2 5 1 24 1 1 1 6 3 2 1 1 2 1 6 2 1 15 1 7 22 1 6 1 2 9 1 6 2 2 1 1 2 2 1 7 5 3 2 1 7 1 7 49 79 22 2 2 2 1 1 6 4 5 1 1 3 3 2 2 1 3 1
1 4 3 2 1 3 2 2 2 2 10 9 2 4 10 5 2 1 4 3 7 4 1 1 6 1 2 4 3 2 1 4 3 1 2 1 2 3 2 1 2 1 18 3 1 1 2 3 2 2 3 1 4 4 1 5 1 8 1 1 6 2 3 3 1 10 1 1 1 2 42 32 6 1 13 3 4 2 9 2 1 3 2 8 4 2 3 1 43 9 2 13 1 4 19 5 5 2 5 21 1 1 2 12 1 2 5 2 1 2 2 4 2 3 2 2 1 22 1 2 2 1 1 5 2 3 4 2 3 1 3 1 3 2 1 1 1 2 1 3 1 1 2 5 1 9 3 5 4 2 1 7 1 2 2 1 1 3 2 19 6 7 2 3 11 2 1 4 3 2 2 24 1 8 1 1 3 1 4 1 3 43 1 5 1 1 1 7 3 6 5 1 1 6 1 4 2 1 2 21
7 45 3 3 1 1 1 2 1 7 1 1 2 2 4 1 1 2 2 3 1 1 1 1 1 2 2 3 2 1 8 2 2 1 2 1 94 1 8 6 1 1 2 1 5 3 1 3 2 5 1 10 2 13 1 20 1 1 3 1 6 2 3 2 3 1 6 3 1 3 1 5 1 1 1 2 2 1 16 21 6 2 4 29 6 1 14 2 2 1 1 3 2 2 1 2 2 2 11 1 2 2 2 1 3 1 2 31 2 11 2 5 1 1 1 2 4 2 4 2 7 2 2 3 6 1 7 4 2 2 11 1 1 3 3 1 2 1 2 1 2 1 2 6 2 8 2 5 4 2 328 3 2 5 2 27 3 3 1 6 3 3 5 5 2 1 2 2 2 1 2 3 11 2 5 1 10 2 2 2 1 2 5 30 1 6 3 4 21 1 2 3 1 1 2 2 1 2 1 2
2 2 1 1 2 2 3 6 4 5 3 2 4 1 5 1 28 3 3 8 2 8 5 1 6 15 1 1 2 1 2 13 98 7 3 2 1 11 2 23 2 4 10 1 1 1 4 2 2 2 3 4 2 1 2 214 1 2 2 40 1 1 4 3 5 1 1 2 5 2 4 1 1 1 2 3 4 2 1 1 1 2 3 12 1 2 3 4 5 7 1 20 1 8 1 2 2 56 1 1 1 2 2 2 2 11 24 2 1 13 40 3 22 1 1 2 1 1 10 3 2 2 2 2 2 1 8 1 2 1 17 8 10 2 2 3 37 4 2 2 3 2 1 1 8 2 1 1 4 1 1 8 1 1 1 2 4 2 3 1 1 2 2 2 2 5 2 1 4 56 2 2 1 1 2 2 3 4 2 1 10 2 1 7 1 2 24 1 6 2 1 3 1 3 2 10 3 1 2 2
1 3 1 2 3 1 21 1 17 1 3 7 1 6 3 6 3 2 2 18 5 6 7 1 3 1 8 1 3 2 1 2 1 2 1 2 1 3 1 1 1 1 2 7 6 2 4 3 2 2 1 1 1 10 1 2 1 2 1 3 11 129 2 7 5 2 3 1 12 14 4 2 2 2 2 21 41 2 4 1 2 7 4 2 2 2 1 8 1 9 27 1 5 4 3 2 1 1 6 1 3 1 4 2 20 2 5 19 3 3 1 1 2 1 4 2 10 2 13 1 25 3 1 1 1 2 5 2 2 2 1 1 1 4 1 18 18 1 4 1 2 4 32 2 2 1 1 6 4 4 2 4 1 1 40 2 16 3 3 2 2 3 11 2 7 1 29 4 2 39 2 1 5 1 1 2 5 23 1 5 3 2 20 16 3 2 3 2 1 8 2 1 2 20 1 1 1 1 2 2
3 2 7 1 2 3 1 12 13 2 25 10 1 4 1 18 36 12 2 3 1 3 2 75 14 1 1 1 3 1 1 1 3 1 5 1 2 3 129 1 13 1 1 2 8 1 3 1 4 2 1 2 9 2 1 1 5 5 2 1 4 8 7 2 1 2 2 11 1 12 2 2 2 3 3 1 1 2 15 1 1 1 1 8 2 2 1 18 4 3 2 1 1 3 1 2 1 1 1 3 5 1 2 14 4 5 8 1 4 2 9 6 1 1 1 2 12 2 30 2 1 8 1 2 1 20 13 2 2 9 1 2 1 3 1 2 2 1 2 2 1 3 2 1 2 3 3 2 5 1 1 2 2 2 100 5 1 3 1 11 1 2 4 1 6 3 1 2 6 1 2 4 2 1 3 1 2 1 2 1 2 2 6 7 2 5 3 3 1 1 1 5 1 3 4 1 2 2 3 1
7 1 8 4 3 1 2 8 7 1 6 2 1 30 1 23 1 2 2 1 76 1 7 2 21 1 1 40 23 2 3 1 2 6 3 1 2 1 7 2 1 1 2 1 17 16 1 1 3 4 3 1 3 1 14 2 2 1 1 1 2 28 5 1 2 1 2 2 1 2 1 1 5 1 1 2 10 1 1 3 2 1 13 1 4 1 2 4 1 4 39 2 2 1 1 2 2 2 1 2 2 5 1 3 2 12 1 1 1 2 44 2 2 2 7 21 1 2 13 2 2 8 10 1 1 4 4 6 1 2 2 3 18 3 2 1 4 1 2 1 36 1 1 1 6 5 1 1 1 3 3 2 1 1 3 1 6 1 1 2 7 5 7 2 2 5 2 13 1 1 1 3 1 1 17 2 9 1 15 2 2 1 2 2 1 3 2 2 2 2 2 1 5 2 2 2 5 2 2 1
1 2 8 6 1 1 8 1 1 3 30 2 4 6 2 1 26 1 1 4 1 2 3 1 16 3 1 1 5 2 2 6 25 2 1 2 2 4 10 3 1 1 1 2 1 2 5 3 2 2 2 1 2 1 1 1 8 3 1 1 6 1 3 3 1 8 2 3 3 2 3 2 2 1 8 1 2 3 1 2 2 15 1 5 4 4 6 5 6 1 2 2 9 3 2 1 1 3 2 3 4 3 1 3 2 6 6 1 3 7 1 2 2 2 1 2 41 1 1 2 12 1 3 4 2 2 5 1 3 1 2 19 3 2 4 1 11 2 1 27 5 1 1 1 8 3 67 4 55 3 2 1 2 2 2 1 1 3 7 1 13 1 2 32 1 2 4 1 1 3 1 11 26 2 37 1 1 15 2 5 1 1 4 1 1 1 1 20 18 2 4 5 1 2 15 1 3 18 16 2
5 1 1 4 3 7 1 2 7 2 1 43 3 2 3 3 2 1 2 2 2 1 1 3 1 1 20 1 1 17 2 8 25 1 1 2 6 1 5 2 2 3 1 5 3 2 2 2 1 2 6 1 1 1 1 2 1 1 4 5 1 8 1 1 4 3 2 2 3 2 2 4 4 1 2 1 1 3 1 29 2 3 7 2 3 6 2 1 4 2 4 1 1 1 2 1 1 15 4 2 2 3 1 1 3 3 3 1 4 4 1 2 1 1 5 3 52 1 3 1 18 3 2 2 7 1 1 2 1 1 2 2 2 1 2 3 2 1 4 1 1 1 1 35 4 2 2 1 2 3 3 2 1 9 10 1 3 2 2 1 7 4 1 2 2 3 14 2 2 1 2 4 4 6 8 2 2 7 10 1 2 256 2 6 1 3 14 10 2 1 11 1 4 1 101 6 1 7 117 3
1 7 1 4 24 9 12 15 2 3 3 2 7 2 1 5 1 1 1 50 1 2 5 1 1 4 2 2 8 20 2 3 1 1 79 1 21 1 5 2 3 1 12 1 1 1 1 2 4 1 3 2 3 1 8 3 2 4 3 1 2 3 2 2 2 277 1 1 1 3 10 14 2 2 4 13 2 1 7 1 1 1 2 1 1 2 4 157 22 2 1 3 7 6 1 3 2 2 3 14 1 1 1 5 2 2 1 1 2 1 3 1 3 5 2 2 2 3 3 14 2 5 1 8 3 4 6 2 3 1 8 1 1 1 2 1 3 1 4 9 3 1 4 2 3 1 2 1 5 2 47 2 5 2 1 2 22 2 9 2 2 14 1 5 1 1 2 11 1 1 3 1 1 2 13 17 1 1 2 6 1 1 3 4 1 10 1 2 10 2 1 2 1 2 10 3 1 20 29 1
2 4 3 2 1 3 1 1 4 3 3 2 5 1 2 5 3 1 1 4 1 2 3 15 5 1 6 1 12 4 421 4 1 1 4 1 2 1 2 4 2 1 2 2 2 2 2 3 1 1 1 2 1 8 1 3 2 2 44 2 2 3 2 1 3 8 2 2 1 8 1 3 47 1 2 3 1 1 6 1 1 1 108 6 1 2 2 2 4 1 13 1 2 1 6 2 1 3 25 10 4 2 2 3 26 6 1 2 4 2 1 1 31 1 1 3 2 1 3 11 2 18 2 2 13 1 4 8 3 2 2 2 2 5 4 2 4 1 1 1 1 1 6 1 4 4 3 2 7 3 6 2 1 1 2 1 5 7 3 4 1 3 1 1 7 2 1 2 1 1 1 2 6 1 4 2 1 66 2 2 1 2 1 1 3 4 8 2 1 2 3 5 2 2 1 3 6 1 10 1
4 19 1 11 1 14 6 2 2 2 1 1 1 1 3 2 3 4 1 64 1 1 101 2 1 2 2 265 2 8 1 2 2 1 37 2 10 7 1 1 27 3 3 1 2 1 14 2 3 1 8 371 1 1 1 1 5 4 2 1 1 3 11 21 2 2 2 1 1 1 1 2 1 2 45 2 3 1 2 1 2 1 2 15 6 2 8 3 1 1 8 4 1 2 1 1 2 2 2 1 3 1 1 4 2 5 4 1 7 3 2 7 8 2 1 1 1 6 1 4 1 2 4 2 1 1 15 1 1 29 4 1 8 3 1 3 21 1 2 14 15 1 1 6 2 1 2 2 44 4 2 2 7 42 1 1 1 3 3 1 22 2 2 1 4 4 6 1 3 5 3 3 3 9 1 3 1 3 3 27 1 1 1 2 3 6 1 3 3 6 7 3 5 5 2 1 2 2 1 2
2 9 3 25 3 1 2 1 1 1 1 2 1 2 1 6 1 2 3 3 2 4 8 348 6 2 2 1 1 3 1 1 2 4 2 1 2 2 1 2 40 6 1 2 2 7 1 1 3 2 3 1 4 2 3 3 1 1 9 2 2 1 2 2 2 2 3 1 1 3 2 1 2 5 2 4 1 6 1 31 1 1 1 1 1 1 2 2 3 2 1 13 3 11 1 2 2 1 1 2 31 6 1 5 4 1 2 2 1 11 1 2 1 28 7 3 2 24 2 3 3 2 5 1 2 41 33 2 1 1 4 3 5 26 1 1 1 6 2 11 1 3 3 1 2 1 2 11 2 2 2 2 4 3 3 3 6 1 3 3 1 1 2 7 1 5 76 4 6 2 2 2 10 1 2 5 1 4 22 25 1 1 2 2 1 1 2 18 2 15 1 3 5 1 3 3 1 1 1 1
1 1 35 1 11 4 5 1 2 3 2 2 9 2 1 66 2 4 9 2 2 2 1 4 1 1 1 3 1 2 2 2 1 8 4 1 3 7 11 4 2 10 86 2 1 2 2 3 2 2 2 2 1 2 3 4 2 7 2 2 1 1 1 1 1 3 2 2 1 14 7 2 6 1 2 3 10 4 1 2 1 3 1 10 3 4 4 11 3 2 7 1 2 1 1 1 2 3 5 4 2 1 8 2 3 4 15 3 27 3 2 5 2 7 4 168 13 1 15 1 1 1 1 2 1 1 1 1 1 31 1 1 1 4 2 2 2 1 2 1 1 2 7 1 2 4 3 8 1 3 1 1 1 20 4 1 3 1 1 1 1 4 15 2 8 1 1 2 13 4 4 2 1 86 18 11 1 3 4 2 4 8 3 2 2 2 5 1 2 1 1 5 2 1 1 4 3 1 3 5
1 3 1 5 3 1 13 2 1 2 1 2 1 2 9 1 2 19 3 2 2 4 4 43 6 3 1 1 6 2 1 2 2 12 2 12 2 2 3 1 9 2 3 1 4 8 1 2 1 1 13 1 1 1 4 2 1 32 10 2 1 1 12 1 1 4 4 4 1 1 4 1 2 15 19 1 7 7 1 32 3 4 2 2 1 8 1 1 1 5 61 2 1 6 4 3 1 4 5 2 2 2 2 1 1 4 2 2 25 1 1 19 131 7 2 2 5 1 1 1 2 2 1 4 1 3 2 1 1 3 2 2 2 3 3 5 2 2 7 2 2 1 3 6 2 3 2 2 2 1 7 4 2 2 3 1 1 1 4 1 2 1 2 3 2 1 5 5 2 1 7 9 1 3 3 1 2 1 13 21 2 1 10 2 1 42 4 1 1 2 20 4 1 15 5 2 7 1 2 1
8 3 1 1 2 2 1 3 4 2 1 1 5 9 2 7 7 1 2 1 10 17 4 1 2 2 8 1 1 7 4 1 2 2 1 10 3 1 1 4 2 2 1 34 1 10 2 1 3 83 2 2 2 13 1 3 3 1 2 2 1 2 44 3 2 3 3 1 1 5 1 12 2 1 1 2 3 2 1 5 1 1 2 2 1 49 4 13 5 2 11 4 4 3 3 1 1 1 1 10 1 2 2 3 2 2 2 6 4 2 2 1 2 6 22 3 7 2 2 11 6 1 11 1 3 13 1 3 10 8 1 5 1 2 1 1 3 3 8 1 3 4 1 6 8 5 4 1 1 1 5 2 3 59 14 1 2 1 1 4 1 1 1 3 1 2 2 4 1 2 9 1 1 1 9 1 3 11 2 11 2 12 18 2 11 2 1 2 3 10 1 10 1 1 2 7 2 13 1 2
5 5 4 1 1 2 3 1 1 1 3 1 1 6 8 2 1 2 1 7 4 4 1 3 1 2 1 11 2 1 2 2 4 7 1 1 2 6 2 20 3 6 2 2 13 1 3 1 2 12 1 5 4 2 16 2 3 3 6 2 2 9 1 2 2 1 7 2 9 13 2 1 1 2 2 2 2 1 1 1 17 6 2 1 3 5 2 3 1 1 1 5 10 2 2 5 1 1 1 2 2 2 4 5 13 1 1 13 1 1 1 2 2 3 4 2 2 8 1 2 1 38 2 1 1 1 7 2 3 3 1 9 4 1 7 25 3 2 3 2 6 3 2 2 1 4 3 2 3 2 1 6 9 2 1 8 1 2 2 1 2 20 9 3 1 2 1 5 1 2 1 2 5 1 3 1 3 2 2 6 2 2 2 2 1 1 1 1 17 1 2 1 6 2 54 3 1 1 7 12
3 5 1 11 1 1 30 3 3 2 3 3 2 5 1 2 7 15 1 2 2 8 1 2 1 1 1 1 8 2 1 3 1 1 2 1 3 1 8 6 30 1 4 2 1 11 1 1 9 4 8 2 1 2 3 4 2 1 1 1 1 1 2 6 3 1 2 19 8 4 1 2 1 6 2 1 2 1 1 10 1 2 9 2 3 2 1 1 1 2 2 3 2 1 3 1 123 12 3 3 15 1 4 4 8 7 29 1 5 1 1 1 1 4 2 2 2 2 3 1 1 2 5 4 8 2 3 1 22 1 3 1 2 15 16 2 5 2 14 1 1 7 5 1 16 2 3 114 1 6 2 1 43 1 8 3 5 1 4 14 1 26 2 2 1 3 4 2 4 1 3 2 5 4 2 1 4 1 1 1 2 8 1 2 1 2 7 3 1 2 78 1 1 2 2 1 2 2 2 1
2 4 1 1 3 19 8 1 2 1 1 1 3 2 3 2 1 2 4 1 1 9 2 2 26 8 3 1 2 1 3 5 2 2 2 1 70 1 3 6 1 3 2 1 3 7 2 3 3 2 1 1 3 4 2 3 1 3 1 5 2 3 1 20 5 2 2 4 7 7 1 1 2 17 1 10 3 1 4 1 1 1 11 1 2 1 8 4 2 6 1 1 2 3 1 3 4 1 2 8 1 9 2 13 2 29 4 2 1 112 6 1 2 3 3 8 1 2 2 4 1 7 6 1 2 2 69 1 2 3 2 2 2 1 2 4 1 2 1 4 1 4 6 3 2 1 11 2 1 1 4 12 11 4 1 2 1 5 2 9 50 7 1 1 20 2 1 3 2 24 2 1 10 2 2 2 1 4 3 2 2 3 5 1 7 1 1 3 1 6 1 2 4 2 2 2 1 1 2 5
2 10 2 1 2 3 1 2 2 16 1 1 21 54 8 8 2 2 2 2 1 2 4 1 5 4 1 1 2 11 2 4 2 16 2 3 2 1 1 2 2 14 2 6 5 5 1 2 3 6 2 2 3 1 3 1 2 8 2 3 1 3 1 1 1 2 10 2 2 2 15 6 345 2 5 3 2 3 1 1 7 1 5 1 1 1 1 2 2 25 1 2 1 3 1 1 8 1 2 1 1 10 1 1 1 1 4 16 1 1 7 11 12 4 1 9 5 1 3 1 1 94 8 2 1 1 1 2 1 16 3 1 9 47 1 3 1 11 1 1 1 4 1 1 2 1 1 37 1 77 1 3 7 27 1 2 2 22 1 3 11 7 2 5 1 1 2 16 2 2 4 2 4 1 4 2 1 2 1 2 1 2 1 1 3 2 3 1 1 2 2 8 5 1 2 6 1 1 115 2
6 2 1 2 1 1 1 2 3 1 4 12 3 24 3 4 2 1 4 27 2 1 1 1 1 1 3 1 3 1 51 2 1 1 40 4 20 1 2 1 1 2 3 2 1 6 3 5 4 1 3 1 1 1 8 3 3 34 5 7 1 2 3 3 1 6 2 12 7 21 14 4 1 4 2 2 1 4 5 2 2 2 3 2 4 1 1 2 36 2 15 2 18 2 3 4 3 1 1 2 3 1 3 5 2 1 11 1 1 1 3 2 10 2 25 2 15 2 1 51 1 3 34 1 2 1 2 27 1 3 1 1 1 2 5 2 6 8 3 31 1 1 3 2 2 1 2 2 1 8 3 2 3 1 1 2 1 1 1 1 2 1 1 6 2 2 3 3 7 4 4 5 2 1 13 2 1 13 2 5 3 3 2 2 2 3 1 1 38 5 2 2 3 1 2 2 1 1 1 2
2 1 1 8 1 3 2 1 1 3 8 4 2 44 1 3 4 1 1 2 2 5 2 1 2 2 4 2 1 1 3 1 2 2 1 1 7 2 1 1 2 2 1 1 1 2 3 1 2 1 1 5 4 1 1 2 2 1 4 6 1 1 13 1 2 5 2 2 1 1 2 1 81 5 1 2 11 2 2 2 5 2 3 2 2 8 1 3 5 11 2 1 2 1 4 1 4 85 4 5 1 1 1 1 2 2 1 2 2 8 7 2 3 5 2 2 2 2 1 1 4 3 3 10 2 2 2 1 1 2 1 4 1 6 2 5 2 2 1 3 2 1 2 1 4 2 6 1 2 1 2 2 2 11 6 2 1 1 1 4 2 2 19 1 4 35 8 6 8 1 1 2 2 3 1 3 2 2 1 1 3 19 2 1 4 2 11 2 6 2 2 1 7 3 1 2 6 46 1 1
3 2 11 1 1 2 9 7 2 1 2 1 9 2 2 1 2 5 11 2 1 2 1 18 2 3 2 2 4 1 1 8 1 1 2 3 2 3 31 1 3 1 1 1 1 4 3 2 1 2 1 2 3 3 27 1 5 1 7 2 2 1 2 1 1 2 1 5 2 1 1 1 3 8 3 4 1 2 4 1 2 2 3 1 5 1 1 1 2 2 3 1 2 64 1 50 2 5 4 1 1 2 1 1 1 5 3 3 2 4 2 6 1 3 6 1 3 5 3 1 1 1 2 5 2 1 33 2 1 4 2 4 1 2 1 2 2 2 16 2 1 3 3 3 1 7 3 1 1 2 2 163 1 4 2 3 2 1 4 6 3 15 2 2 1 1 12 3 1 14 2 2 1 2 1 1 13 3 1 14 2 4 4 2 1 1 3 1 2 2 81 3 3 3 1 3 1 5 28 1
2 3 4 1 4 4 1 2 9 1 2 2 4 4 16 31 1 8 2 2 4 137 20 6 1 7 2 1 3 2 1 4 4 9 2 4 1 2 1 2 2 1 1 1 4 2 2 1 2 5 1 6 3 2 1 3 3 11 3 4 6 3 17 1 1 1 1 2 5 1 2 1 4 2 2 15 1 1 1 2 1 1 1 2 2 1 2 5 4 2 3 1 2 7 3 3 2 1 2 3 2 78 2 1 2 1 2 1 1 2 11 9 2 1 2 2 1 2 2 1 11 2 2 1 2 3 2 2 2 1 24 2 2 2 3 3 4 3 1 1 7 1 22 6 5 1 10 2 3 1 1 1 1 7 1 2 4 3 2 2 1 12 1 1 5 1 3 2 1 6 1 2 5 1 1 6 2 2 3 1 3 2 1 1 15 2 4 1 1 1 6 3 1 22 2 3 2 128 4 11
2 2 4 2 1 1 1 1 3 2 1 5 4 12 2 10 2 1 1 5 10 9 2 22 3 3 5 1 1 3 6 54 2 2 2 2 4 3 3 2 4 2 2 2 26 1 2 1 2 1 1 3 2 9 1 93 7 2 1 4 1 6 1 2 23 5 28 1 3 3 3 134 1 2 2 39 1 2 9 5 1 1 7 1 1 1 1 5 3 3 1 2 1 4 3 1 7 2 4 3 2 1 2 2 3 1 1 5 2 2 3 1 2 1 10 1 4 1 151 12 2 2 1 23 3 2 16 1 1 6 4 4 3 1 2 5 3 1 1 7 9 2 2 10 9 2 4 135 3 1 9 1 1 6 2 5 1 1 1 1 2 1 1 6 1 4 1 1 41 1 4 3 2 4 3 2 2 1 2 13 3 15 2 2 1 2 1 1 6 4 11 1 2 1 1 2 27 2 2 40
9 161 3 3 2 1 1 2 2 14 1 4 3 1 2 1 1 3 1 1 2 2 9 3 4 1 3 1 2 4 1 2 3 3 3 3 12 4 3 1 1 1 3 20 2 1 2 3 2 1 2 6 1 11 3 2 1 8 1 3 5 2 2 1 2 6 2 3 1 1 3 14 3 1 55 2 12 6 1 12 3 1 1 6 2 2 2 3 2 3 1 4 15 1 4 2 1 3 2 1 7 2 4 1 10 7 6 2 2 16 2 1 16 2 14 3 2 18 6 1 1 2 1 1 4 1 1 7 2 4 9 2 1 1 3 2 2 14 1 2 1 4 2 3 4 1 2 4 1 3 2 20 9 3 1 5 2 2 1 1 2 7 6 10 1 3 1 2 43 2 1 4 1 3 2 2 2 4 3 1 2 7 1 1 1 2 1 4 1 32 1 3 1 6 5 1 2 1 1 2
4 116 5 2 1 2 6 7 3 27 13 1 1 5 1 14 171 2 1 1 18 2 1 1 3 2 5 3 1 5 3 1 2 3 11 2 1 2 3 2 2 4 1 2 2 1 1 94 1 5 2 1 1 3 5 2 1 3 2 1 2 1 2 2 3 1 2 2 19 2 3 3 1 2 1 3 1 5 4 2 3 1 28 20 2 3 4 4 1 1 4 2 3 1 1 1 11 1 3 3 2 5 2 3 1 2 3 1 1 2 4 4 2 1 1 11 1 6 6 3 4 2 1 4 2 2 1 7 2 25 1 3 11 3 3 3 1 1 8 6 1 4 1 2 1 4 142 6 1 10 1 3 1 1 2 2 1 1 1 2 1 2 1 2 2 2 1 1 1 1 5 1 6 2 4 4 1 11 17 2 7 17 242 2 2 3 1 3 3 1 2 19 13 1 1 2 5 1 1 2
7 1 6 1 1 1 1 1 1 1 3 4 1 14 1 1 1 2 4 2 7 2 36 6 1 5 2 8 1 1 5 10 1 3 1 6 2 6 3 1 4 5 14 11 1 23 11 14 2 2 2 2 1 1 2 1 1 2 2 1 2 2 3 2 3 4 6 2 47 2 2 1 7 2 2 1 1 1 5 1 3 1 2 2 1 3 1 1 10 1 2 2 2 2 2 1 2 1 1 3 3 2 1 1 4 1 2 1 1 1 2 3 38 1 1 2 9 2 4 3 8 1 2 2 2 3 7 1 1 3 3 1 1 6 1 5 1 4 1 1 1 4 1 4 1 2 2 4 6 2 3 1 5 2 1 1 1 3 1 1 4 1 5 6 4 21 2 37 5 2 1 10 3 3 2 1 1 5 2 2 4 1 3 2 2 1 4 9 5 2 4 2 1 8 1 1 2 1 4 1
2 7 1 5 1 53 1 1 2 20 1 3 2 27 1 3 11 2 1 2 2 2 1 1 2 1 2 1 3 3 2 1 1 7 1 4 1 3 3 4 1 1 2 4 1 1 14 24 10 2 3 2 2 3 9 1 1 3 16 5 20 1 2 1 4 2 23 3 4 2 4 15 6 2 2 2 58 1 2 1 2 2 5 1 39 2 2 1 1 1 3 3 2 2 2 1 2 2 3 2 3 8 1 5 7 3 6 2 10 21 4 4 16 2 3 2 66 57 1 10 1 6 9 1 1 2 1 2 2 3 3 1 3 6 24 1 1 1 6 2 9 1 1 11 2 2 1 1 6 1 1 1 6 1 1 4 1 2 1 5 8 9 6 2 17 3 1 12 2 2 2 2 2 12 1 2 1 7 4 2 2 1 2 1 1 1 1 3 4 1 3 9 1 2 1 9 1 2 2 15
3 1 1 2 4 1 1 3 1 4 8 2 2 2 2 1 1 3 8 1 3 2 2 2 2 4 2 1 1 1 4 344 1 1 1 2 7 2 6 2 3 1 3 4 1 4 1 2 31 1 6 17 5 2 10 1 1 2 2 1 3 1 1 1 1 17 1 1 1 4 2 6 1 3 5 1 2 1 1 1 12 2 15 1 3 2 1 51 2 1 1 4 1 1 8 2 2 1 5 1 2 1 1 1 1 2 4 1 1 2 2 2 1 28 6 3 2 1 3 1 4 1 1 1 1 7 3 2 2 4 12 9 2 3 1 5 8 59 1 1 1 7 2 2 1 2 6 2 5 2 81 1 2 2 14 2 2 2 2 1 19 5 9 1 2 1 12 2 15 22 4 1 1 3 2 16 1 2 3 3 1 1 14 3 6 2 2 74 2 1 11 3 1 7 2 3 2 5 3 1
2 5 2 1 1 3 2 7 1 2 3 2 152 33 2 1 2 3 2 1 2 3 1 1 2 1 2 5 1 5 1 3 2 1 2 1 1 1 1 3 2 2 1 1 1 2 2 32 5 1 2 5 1 7 2 1 23 79 6 1 11 4 1 2 1 1 1 1 1 53 2 2 2 2 4 5 1 2 1 3 2 1 3 1 2 8 1 4 11 1 5 3 1 1 2 7 6 2 3 7 11 3 1 3 2 1 1 4 5 1 3 16 4 2 17 2 57 3 1 3 1 1 2 1 6 1 3 2 1 2 1 4 13 1 2 2 2 1 5 1 1 1 1 1 3 2 2 1 1 14 2 3 2 1 3 2 28 3 1 1 2 2 1 1 4 1 1 1 4 3 1 1 4 1 1 2 1 1 1 8 21 18 2 3 2 7 4 1 4 2 2 58 1 1 2 1 1 2 1 4
2 31 2 1 3 7 3 1 1 2 5 8 3 5 1 2 2 8 1 1 2 1 1 2 2 36 1 5 4 1 58 14 1 1 1 1 1 30 1 1 20 2 4 1 4 4 3 1 2 2 10 1 3 2 3 2 6 1 1 1 1 2 3 11 2 1 2 24 1 3 2 2 3 1 5 2 6 2 1 3 3 1 1 3 2 10 9 75 1 5 1 2 2 6 1 1 4 1 3 2 2 3 5 7 4 4 21 2 3 10 1 1 1 3 2 1 2 1 2 3 50 1 5 2 1 6 2 2 1 2 1 6 1 2 2 9 4 1 31 10 1 3 2 2 2 2 1 3 1 1 1 1 3 2 2 7 14 1 3 1 10 2 6 2 3 1 4 1 3 3 7 4 4 2 3 5 2 1 10 2 9 2 1 2 1 3 1 18 3 2 1 1 1 1 5 30 2 5 1 2
8 3 2 2 10 1 1 5 6 21 2 1 3 19 2 3 2 1 1 4 1 4 1 5 9 47 1 2 1 12 2 2 2 1 1 29 1 29 3 1 2 1 5 2 1 1 1 1 2 2 1 1 1 1 1 7 2 5 2 2 31 3 3 2 2 2 2 2 1 1 6 2 32 4 1 1 2 2 3 2 1 11 4 2 2 9 2 2 3 20 2 1 2 4 1 9 1 2 2 1 3 3 7 19 1 2 10 2 14 1 2 2 6 2 1 1 1 3 17 4 1 5 1 1 1 3 6 2 1 3 1 7 1 2 7 3 6 2 2 1 1 3 1 1 5 1 6 1 11 8 1 1 1 2 92 2 1 2 1 1 1 12 26 1 1 3 2 1 8 2 1 12 1 2 15 9 44 2 1 1 1 2 12 1 7 2 2 2 4 2 1 2 2 2 3 3 4 3 2 2
1 3 7 1 2 11 6 2 1 3 2 1 1 8 1 1 12 1 2 1 5 14 1 1 1 2 34 2 3 2 1 6 6 3 5 11 2 4 4 1 4 2 1 3 3 10 3 22 2 1 1 132 2 1 2 2 4 1 1 2 3 6 1 26 17 2 1 3 2 2 1 3 1 2 2 6 15 3 2 3 6 2 2 3 24 1 5 1 1 1 2 1 1 1 4 2 2 3 2 2 5 3 2 1 2 2 2 2 2 3 2 1 1 1 2 28 2 4 1 6 34 3 3 1 2 2 5 1 3 1 1 2 1 4 1 1 2 1 1 2 1 7 3 4 1 2 1 3 2 1 20 1 1 3 2 3 1 2 2 1 4 2 5 1 2 6 5 2 2 12 1 66 2 3 3 2 1 2 5 1 1 6 1 3 1 4 5 1 2 6 2 2 3 5 4 2 1 9 2 5
118 3 4 64 1 1 4 5 2 1 1 1 1 3 11 26 2 3 2 2 9 2 3 2 1 4 2 3 2 1 2 2 1 2 1 2 1 6 5 2 2 3 4 3 4 5 2 1 9 38 1 1 1 3 262 2 3 10 2 12 1 6 4 2 2 1 2 5 2 3 2 18 3 2 2 2 7 1 81 6 4 2 2 1 4 6 2 2 2 2 3 1 6 1 2 1 18 3 2 2 1 5 2 2 1 1 3 37 2 1 14 20 3 3 1 6 1 2 2 2 1 1 8 2 1 1 1 1 4 1 1 4 3 1 2 3 2 4 7 2 2 2 2 3 8 2 2 2 6 18 2 3 1 2 1 1 1 1 1 2 8 2 1 10 7 2 1 1 1 16 1 1 4 1 2 1 7 2 1 5 2 1 1 1 2 2 2 2 2 6 2 48 1 3 15 1 2 5 1 3
2 4 6 1 1 3 6 1 1 2 1 2 7 2 3 2 2 11 13 5 12 3 1 1 4 1 2 43 4 4 13 2 2 137 1 4 2 2 1 1 3 14 2 1 1 1 2 1 2 4 2 2 2 1 1 2 1 1 2 1 2 4 1 1 2 3 2 2 7 1 174 46 6 1 1 1 5 11 1 10 28 1 2 1 2 4 2 1 1 3 2 1 1 3 2 1 2 5 2 2 1 8 2 2 4 1 1 2 2 2 8 1 2 2 2 1 1 1 2 2 1 3 1 1 1 10 2 1 5 17 4 29 1 4 4 1 1 2 43 1 6 2 6 1 11 2 1 2 2 10 72 1 1 4 8 2 77 1 3 5 20 1 2 3 17 2 4 3 7 1 2 1 2 13 2 2 2 2 7 5 1 2 6 247 6 10 6 3 6 3 1 1 1 2 9 40 2 1 2 1
1 1 1 1 3 2 1 3 4 1 1 2 5 2 4 2 3 2 18 4 1 2 7 2 4 1 1 1 1 2 2 4 3 2 6 1 2 1 1 1 83 6 1 3 5 1 3 1 4 1 2 37 5 3 3 39 1 1 2 36 21 1 2 4 2 4 2 2 3 1 6 1 5 4 34 1 1 3 23 5 6 6 5 4 2 2 1 2 3 9 64 1 2 1 1 2 1 1 3 1 3 1 2 2 4 6 3 1 11 4 1 84 1 1 2 3 3 4 1 1 1 6 1 1 1 5 23 4 1 2 2 2 2 1 2 1 3 2 19 3 2 3 2 6 1 1 26 2 1 3 2 4 1 2 2 3 3 1 6 4 42 4 1 25 1 2 2 8 1 2 20 1 2 10 4 5 6 16 1 3 3 7 4 5 2 3 13 5 2 2 5 5 1 1 1 1 3 1 2 2
1 2 1 5 1 26 2 1 2 2 1 1 6 5 1 4 3 2 1 2 5 3 1 29 2 1 4 2 3 4 1 1 13 1 1 1 6 12 2 3 2 1 1 2 2 2 3 2 2 4 6 2 2 3 8 8 2 1 2 9 1 3 5 1 2 2 2 1 2 3 1 5 1 2 7 2 8 2 2 3 1 3 3 1 1 2 5 1 3 1 1 1 2 1 1 1 1 1 1 3 4 1 2 7 9 1 3 4 1 2 2 6 6 15 1 4 2 2 1 2 3 1 2 1 2 2 3 2 1 4 1 1 2 4 1 2 1 1 1 2 7 3 1 2 1 2 4 1 2 5 7 3 1 1 2 4 4 9 2 3 1 2 2 6 2 1 2 2 1 18 2 2 6 2 1 14 1 1 2 1 44 2 1 3 2 1 1 3 14 2 1 3 5 1 3 1 18 1 3 16
1 21 2 5 1 1 2 6 82 1 3 1 3 1 1 2 1 2 1 1 1 2 3 2 3 1 327 1 4 2 2 1 1 1 2 5 6 1 5 3 6 1 1 1 1 1 107 18 2 9 1 1 4 2 3 2 1 1 1 3 1 9 2 1 2 2 2 7 1 1 1 2 1 2 14 3 1 1 2 67 18 5 1 1 1 1 1 4 7 1 2 4 2 13 2 2 1 3 2 2 2 2 1 1 4 4 2 4 8 3 1 1 3 2 1 4 4 1 9 2 1 4 24 4 1 2 1 1 1 1 8 8 2 4 2 1 5 2 196 9 2 1 3 4 1 2 1 7 2 1 2 1 3 3 1 2 2 1 2 15 3 3 1 7 2 4 1 7 1 7 39 1 2 3 1 8 2 1 2 1 1 1 2 1 1 6 41 2 2 1 1 1 8 2 5 1 1 1 5 4
1 1 1 6 1 3 1 2 1 2 1 1 1 2 1 3 22 1 1 3 3 3 2 1 1 66 4 11 2 7 1 2 1 1 13 10 1 2 1 2 2 4 2 1 2 2 33 3 16 6 1 3 1 2 1 2 6 2 2 33 3 2 1 1 11 53 1 15 7 2 12 1 3 1 18 3 3 1 10 4 8 1 3 16 1 1 1 2 7 2 1 4 1 10 3 2 2 7 2 1 26 1 2 4 2 2 1 9 1 2 11 1 1 1 6 3 2 14 2 3 1 46 2 23 35 2 22 1 4 2 5 6 2 2 2 2 6 1 1 4 2 18 1 1 5 3 2 3 21 3 1 1 40 1 3 1 5 1 3 1 5 3 1 1 2 5 1 1 1 3 1 1 1 10 2 8 1 1 1 3 4 1 1 2 1 1 1 3 44 2 39 14 2 4 1 4 17 2 3 2
1 481 1 1 1 1 1 13 2 3 1 2 3 1 5 3 1 4 4 4 8 3 2 97 1 1 1 1 2 15 5 1 3 1 1 3 3 3 4 2 1 1 1 2 22 5 2 1 2 7 1 2 2 2 1 6 2 2 57 2 2 2 2 3 2 4 2 2 2 1 6 4 2 3 1 11 1 1 1 4 4 3 59 1 1 3 2 3 4 2 2 24 1 4 3 17 3 1 1 1 2 1 1 14 1 2 2 2 6 2 2 5 1 1 3 7 2 9 2 3 1 6 1 1 3 7 1 14 1 115 8 3 1 1 1 2 1 2 1 1 1 3 1 2 1 3 53 7 2 6 12 2 13 2 1 3 3 2 3 2 2 2 2 1 3 2 3 1 1 2 2 13 4 2 1 2 2 8 2 3 7 8 4 2 4 2 2 6 1 1 7 2 12 2 1 1 139 2 1 2
2 5 2 1 80 9 1 2 3 1 3 13 1 2 2 1 2 2 23 2 4 2 1 1 2 1 12 2 3 43 2 2 2 1 14 2 1 1 5 1 29 5 12 2 7 3 3 4 5 2 2 3 8 1 17 1 14 1 2 2 3 1 5 2 2 1 1 5 3 1 1 2 44 1 73 15 2 1 10 1 1 3 1 2 2 1 1 2 8 3 2 57 7 3 6 1 5 4 13 1 2 2 1 2 7 12 1 2 2 2 6 2 3 4 1 5 11 1 1 2 13 5 2 1 1 2 14 9 1 9 5 1 2 1 3 1 2 4 6 3 2 2 3 2 1 1 1 2 2 1 2 2 1 3 2 2 2 6 1 1 1 2 1 3 2 35 1 4 1 1 1 1 1 1 2 1 25 1 2 6 5 1 2 2 1 1 28 2 1 4 1 1 1 3 1 1 6 1 2 1
2 6 1 1 4 1 1 1 1 2 3 1 3 1 2 11 1 2 3 1 1 1 4 2 1 2 3 2 2 2 3 12 15 1 2 4 2 4 2 34 1 1 5 2 2 2 1 2 8 4 3 2 1 3 6 1 1 6 5 3 2 1 2 2 1 1 2 1 2 1 3 3 4 1 1 4 2 1 1 3 5 83 16 2 2 2 13 2 1 1 1 4 4 5 12 2 1 1 1 1 8 1 2 2 6 3 1 1 1 4 1 1 7 2 2 1 1 1 2 1 3 13 1 2 2 2 2 2 1 8 4 4 1 1 1 1 1 11 6 8 1 1 14 1 4 1 2 1 4 7 1 11 1 9 2 22 9 1 1 5 2 4 1 1 1 6 3 5 1 4 6 7 1 2 2 2 3 15 1 1 15 1 2 2 16 1 11 59 2 4 6 1 6 14 2 5 1 2 1 1
9 2 2 4 1 1 1 22 9 1 1 2 5 3 9 10 2 1 2 2 2 2 6 2 1 1 1 3 1 12 4 11 20 13 76 7 1 13 4 4 2 2 1 1 14 2 7 4 1 9 2 41 46 1 1 7 1 28 1 2 4 3 3 1 2 4 3 201 1 13 3 2 1 1 2 5 3 2 2 2 1 9 1 6 1 1 3 1 2 1 1 5 1 2 1 5 2 1 2 2 2 11 14 5 1 2 3 1 1 5 12 1 1 2 13 5 2 20 2 2 3 1 13 2 14 1 16 29 1 2 6 5 11 2 1 2 3 5 1 4 1 1 4 2 4 2 1 2 5 1 13 1 2 77 2 7 4 2 1 1 7 1 4 1 5 8 2 1 1 6 3 6 3 2 1 5 42 3 2 1 2 2 1 33 1 1 4 1 2 60 2 38 1 11 23 1 1 1 1 1
1 1 1 1 9 8 2 11 3 2 2 1 2 1 1 15 1 1 3 24 2 4 1 1 1 1 1 1 1 1 1 2 2 2 3 9 1 5 2 3 1 2 2 2 3 6 1 9 1 2 2 2 45 1 1 6 1 1 2 2 5 4 3 2 1 2 3 2 1 2 3 1 1 1 31 2 7 4 2 7 2 2 3 2 3 1 3 2 3 2 1 2 3 1 2 1 1 4 2 41 7 1 3 3 1 59 2 9 3 2 2 3 5 2 3 1 2 2 4 1 1 7 2 58 9 2 1 1 3 3 2 41 1 2 10 3 1 1 18 2 2 8 3 1 12 6 1 1 1 1 4 2 2 2 2 1 9 6 2 5 8 7 12 2 8 1 1 1 3 1 4 1 1 1 3 6 2 1 1 4 1 3 6 1 3 1 1 7 1 5 24 1 37 47 1 13 14 13 1 4
3 1 2 2 4 3 45 6 23 2 2 1 1 2 1 3 2 1 2 4 3 2 9 2 2 2 1 2 1 2 6 2 19 1 1 15 5 2 1 1 1 9 2 1 41 6 12 8 2 20 1 1 1 5 34 3 3 3 7 10 1 2 1 2 2 2 10 1 1 2 3 2 3 1 4 5 1 1 41 54 8 7 2 5 3 3 2 1 1 4 2 1 4 5 2 1 8 1 1 1 1 4 12 2 2 2 1 2 5 4 41 6 1 2 1 2 5 2 1 3 1 5 2 1 62 1 1 7 1 1 1 10 1 1 1 4 4 1 2 1 7 1 5 5 6 1 3 2 2 2 1 3 37 1 6 20 1 2 2 83 3 2 1 3 2 1 2 8 2 10 1 47 3 1 3 33 5 2 1 1 13 2 6 2 1 2 6 1 1 9 1 1 6 2 3 1 1 3 3 1
3 2 4 2 3 3 4 2 2 12 6 1 2 7 1 1 2 3 23 2 1 1 101 1 2 3 1 1 1 1 2 1 7 2 4 4 2 4 1 3 3 2 101 2 2 15 2 1 2 2 1 2 3 1 5 3 4 12 1 2 4 10 1 2 1 2 5 2 2 1 5 4 2 347 78 1 2 4 8 1 2 3 1 41 13 1 1 1 1 2 3 1 2 1 2 1 2 1 2 2 10 1 3 4 68 2 1 4 2 15 1 2 3 3 1 1 1 6 2 1 2 4 5 2 8 10 1 2 66 9 3 4 4 1 2 2 2 4 6 2 1 5 5 2 1 1 2 4 1 2 1 1 2 1 9 61 2 2 1 2 9 1 2 13 1 3 2 1 2 1 1 4 1 1 2 3 1 4 1 1 1 1 1 2 2 10 1 2 8 1 2 2 1 1 2 1 1 1 105 1
1 2 7 6 3 1 22 2 13 2 2 1 4 2 1 1 3 2 26 9 5 8 1 4 1 2 1 10 2 5 2 2 2 2 3 3 1 1 4 15 1 1 3 1 2 7 2 1 1 7 2 2 1 5 1 1 1 27 1 26 1 2 2 5 4 1 6 2 1 2 4 1 1 3 4 1 1 1 2 1 4 2 11 7 3 3 3 1 1 22 4 1 4 1 6 8 82 2 14 5 1 1 18 5 1 1 1 3 3 1 32 3 4 1 3 3 5 2 2 1 5 3 2 5 13 1 3 2 8 1 1 2 1 3 5 3 46 2 1 2 1 3 1 2 5 2 1 40 5 2 17 7 1 1 8 4 2 3 2 11 3 1 4 1 3 5 42 2 1 3 1 1 2 2 2 1 2 2 2 1 1 1 1 277 2 8 2 3 7 4 3 2 2 1 6 2 1 2 72 2
2 9 3 4 2 2 4 3 15 1 22 1 2 6 16 2 1 1 1 4 2 2 1 1 1 1 1 2 1 1 1 1 9 6 4 1 14 2 5 2 11 1 1 1 5 1 2 1 9 2 20 2 1 1 14 1 1 13 8 1 1 1 1 1 1 2 1 1 3 2 2 1 2 1 3 1 6 2 2 2 5 5 1 1 2 4 3 3 8 3 2 1 2 1 2 2 14 1 3 3 3 1 3 3 2 2 2 2 2 1 1 2 2 1 2 4 1 1 1 1 2 1 1 1 8 2 2 4 2 2 1 9 1 1 3 2 2 78 1 1 1 8 44 1 1 2 3 2 18 1 3 5 1 4 1 4 1 1 2 3 2 1 1 1 1 25 1 6 1 1 3 2 2 1 5 1 15 9 4 1 2 6 2 49 1 1 16 5 5 1 107 3 1 1 46 1 6 2 1 2
2 3 1 2 8 2 2 3 3 8 1 11 1 6 3 2 2 2 1 1 5 5 28 4 1 1 1 3 3 3 1 7 1 3 2 2 11 2 2 2 9 1 1 1 2 7 1 1 1 1 2 59 2 1 1 6 1 11 2 2 1 2 52 7 9 1 2 1 15 1 4 1 1 4 1 1 6 16 2 2 4 2 2 12 1 2 5 3 1 6 1 1 1 1 2 6 1 1 2 2 2 6 1 4 2 13 2 187 3 1 3 1 1 4 2 6 1 6 5 3 5 7 8 1 2 2 2 1 12 1 1 1 23 1 3 2 23 12 1 1 5 1 1 1 4 1 3 2 1 7 1 2 2 1 14 17 3 7 167 10 3 3 1 1 5 1 7 2 5 5 2 6 1 7 1 1 8 1 2 4 1 19 2 1 4 2 1 4 1 6 2 1 2 17 2 2 1 2 2 1
1 1 1 19 14 7 1 1 3 1 1 5 1 5 4 4 1 1 2 34 1 9 5 2 1 2 1 11 2 2 2 1 21 1 2 1 2 2 1 1 2 4 1 1 1 2 2 2 1 1 5 2 3 1 2 1 2 2 1 4 1 1 2 52 2 2 2 2 41 2 11 3 1 6 4 4 3 1 1 1 1 2 1 3 2 5 1 1 3 2 1 37 17 1 2 6 47 2 1 2 1 22 2 1 17 2 1 3 2 1 4 11 5 2 28 1 4 1 10 3 1 2 3 1 1 2 2 3 1 2 6 5 2 45 1 2 3 2 27 1 2 1 32 2 8 2 5 2 2 2 26 1 3 2 1 2 3 1 2 2 1 3 1 2 2 1 2 3 6 2 1 4 14 76 1 6 1 23 4 2 6 2 6 12 2 8 4 10 1 21 2 1 2 1 1 5 1 1 2 2
2 3 11 6 1 2 1 1 1 2 2 3 6 1 15 4 2 2 12 78 3 2 6 37 1 3 6 1 21 1 1 1 1 6 2 2 1 41 2 4 1 2 2 2 6 3 2 2 1 3 1 2 2 2 4 1 2 4 5 1 1 2 3 5 2 2 3 2 2 1 2 2 23 2 2 3 18 1 2 11 2 3 7 4 2 19 2 2 2 3 1 3 18 3 59 1 2 2 4 51 2 1 66 6 1 2 5 15 1 2 3 1 1 1 8 2 7 4 1 5 5 1 2 2 29 1 20 1 1 1 1 1 2 1 126 1 2 349 1 7 1 3 24 9 2 2 8 5 17 1 1 1 8 52 2 1 1 1 3 1 52 28 1 4 2 2 7 3 3 3 1 1 2 2 2 5 1 1 4 1 7 117 8 4 3 1 1 34 2 3 4 19 5 2 4 2 4 1 3 2
4 1 11 4 3 2 1 24 1 2 1 2 4 1 4 31 16 4 3 1 10 2 1 15 3 2 1 17 7 88 1 1 1 6 5 2 1 16 1 65 3 3 3 3 1 2 2 5 4 1 3 9 5 3 1 2 4 2 7 3 1 2 1 5 2 1 1 2 1 1 171 1 1 1 2 4 1 5 5 1 5 52 4 2 2 3 24 4 2 2 4 2 5 5 2 2 14 5 2 4 4 2 4 9 2 2 43 18 2 1 12 7 1 7 3 1 1 1 1 1 1 2 2 7 2 2 10 7 2 1 6 1 1 3 1 8 1 1 1 4 2 1 1 4 1 8 2 1 1 4 1 4 1 17 3 9 1 10 11 7 2 2 15 39 2 8 1 2 3 1 77 2 2 7 2 2 1 2 13 4 2 2 1 2 5 2 2 17 1 2 1 1 2 1 1 2 5 2 2 1
1 1 4 1 3 2 4 1 1 1 4 2 1 2 17 2 1 1 7 1 1 2 2 2 1 1 6 2 4 1 2 2 2 3 1 1 1 1 3 3 3 6 2 3 3 59 1 2 15 1 4 2 2 1 3 1 11 1 5 4 1 1 4 3 2 2 1 5 1 2 1 1 1 2 3 3 3 2 3 1 10 6 4 9 40 2 1 5 6 2 3 4 8 3 22 33 1 1 1 1 6 5 2 1 2 4 1 6 5 1 26 3 1 1 1 1 2 102 19 1 1 2 14 2 2 13 12 3 9 5 3 2 1 1 4 3 4 1 32 1 1 3 1 1 3 3 1 2 1 3 1 14 2 2 1 1 1 4 3 2 1 1 2 7 9 2 8 1 1 1 3 3 9 1 16 2 2 7 2 3 1 2 2 3 2 1 10 5 1 4 2 2 7 1 5 4 10 1 9 28
1 3 20 2 2 3 26 1 1 1 1 2 1 91 1 2 3 1 1 2 2 2 76 1 19 3 2 2 18 2 1 1 1 1 2 3 1 4 10 2 38 4 1 1 5 2 3 1 7 1 1 3 1 319 17 1 1 3 6 31 2 1 2 3 4 2 1 2 2 16 3 3 3 2 1 133 5 2 4 1 5 17 2 3 18 2 1 3 2 11 6 276 2 1 5 2 3 1 1 2 2 1 7 1 2 4 3 2 1 1 2 3 7 6 1 3 1 3 4 3 2 1 1 2 2 28 6 1 7 2 1 2 3 2 3 1 3 4 6 2 2 3 6 1 1 3 2 5 2 1 2 15 1 2 1 1 2 3 1 3 1 2 4 1 3 1 1 5 1 1 2 1 2 1 1 1 2 2 3 1 2 3 22 2 2 1 13 1 1 2 2 3 3 3 2 1 5 1 5 8
1 1 6 1 1 2 3 1 1 2 1 1 3 1 1 1 8 2 6 2 5 2 1 3 1 1 4 3 2 7 2 4 3 6 1 105 2 7 3 3 1 1 3 1 39 1 1 1 4 14 10 1 2 5 9 2 2 2 2 1 2 2 6 2 1 1 3 2 1 84 4 5 3 16 30 2 4 3 4 1 1 2 2 2 1 1 1 4 3 15 2 8 1 2 5 36 1 2 1 1 2 4 1 5 2 1 1 1 6 46 2 3 3 3 1 5 2 1 2 1 1 3 2 2 7 2 2 1 41 2 1 6 2 7 50 1 1 1 5 17 5 1 2 1 1 2 1 5 2 1 1 11 4 2 1 1 2 2 1 2 3 2 23 3 5 13 3 9 2 42 2 2 2 3 2 2 1 1 1 2 3 6 21 1 2 6 1 2 131 14 1 2 1 1 1 3 2 6 2 7
6 2 1 1 1 1 2 2 2 3 3 1 3 6 2 1 5 3 3 9 4 2 5 6 1 2 1 1 2 1 9 5 2 10 1 2 1 3 1 2 5 2 2 3 1 2 3 2 1 1 47 12 1 1 3 2 1 1 50 2 3 2 1 9 2 1 3 4 1 2 29 11 4 5 1 4 5 10 1 10 4 1 4 1 2 1 2 1 10 1 1 1 1 2 1 1 2 2 46 2 5 1 2 13 1 8 2 1 1 2 3 2 1 24 2 2 5 7 1 1 2 3 1 16 1 5 2 1 2 2 126 3 1 2 2 8 3 7 1 1 6 3 1 10 18 2 1 11 1 2 2 74 2 2 1 9 1 1 2 4 3 10 2 21 2 3 1 6 23 1 1 1 1 1 2 1 2 2 2 2 3 3 2 2 3 1 4 1 19 11 51 2 1 4 8 12 1 2 2 2
1 11 1 2 4 4 1 3 1 6 1 2 1 3 2 1 15 2 2 1 5 2 1 1 2 26 1 22 1 2 1 1 6 1 10 1 4 3 2 4 2 1 2 9 8 3 1 5 2 1 1 6 4 3 1 1 2 1 7 17 2 2 2 7 1 1 2 3 2 5 6 9 1 3 84 1 3 52 3 1 2 2 2 1 19 2 5 1 1 1 1 1 2 157 4 1 2 1 1 2 22 2 6 2 1 2 1 6 3 6 4 3 12 1 2 3 4 2 2 11 1 1 3 1 2 11 10 2 1 3 1 111 3 1 3 2 3 8 2 2 39 3 1 5 2 3 1 3 5 2 1 2 1 1 3 6 3 6 1 1 3 5 3 2 2 3 2 3 6 1 6 2 3 2 2 3 1 63 13 2 3 4 2 9 3 1 1 1 1 1 11 4 2 2 18 3 1 1 2 2
14 2 1 3 5 1 1 7 7 2 2 2 1 2 3 4 5 1 2 1 1 2 1 1 2 2 1 1 2 1 5 1 2 1 1 3 2 2 2 3 1 62 3 51 1 3 2 3 13 1 3 2 1 1 1 1 1 3 17 1 7 2 2 3 1 3 1 1 7 1 3 3 2 1 4 1 9 4 2 3 11 1 1 2 9 1 4 1 1 1 1 3 2 2 2 1 2 2 11 2 6 3 1 2 4 11 3 1 1 2 1 1 1 4 2 2 59 1 3 2 2 1 1 18 3 3 2 2 4 1 9 2 2 2 2 1 2 4 3 1 1 3 4 2 3 2 4 1 3 6 2 3 1 2 1 7 1 4 3 1 3 2 2 1 1 1 10 1 2 2 1 6 2 36 2 5 4 7 1 1 3 1 3 2 18 1 3 2 2 3 30 3 2 3 1 1 2 2 1 7
1 1 6 2 2 2 1 2 1 1 3 3 1 8 3 1 3 2 3 2 2 2 7 3 2 3 2 1 2 1 2 4 1 2 1 1 11 1 1 3 1 1 176 4 2 21 1 1 3 2 10 1 1 5 6 1 2 1 2 5 3 1 20 6 2 1 1 2 2 2 3 1 5 1 3 3 2 1 1 4 2 1 6 2 2 6 4 4 3 6 2 2 2 1 1 2 2 1 4 1 4 203 2 1 16 1 3 2 1 1 2 1 1 4 4 11 1 8 2 2 7 8 2 3 1 2 1 1 1 1 1 2 2 3 5 2 4 2 2 2 5 6 4 3 9 1 2 1 1 2 1 2 3 5 7 2 3 5 3 4 52 1 2 8 5 1 1 5 1 1 1 2 21 2 1 2 1 3 4 1 3 5 1 6 1 41 11 3 2 1 1 1 10 2 16 2 6 5 21 3
1 1 2 1 1 2 3 1 6 7 3 2 3 2 9 7 1 1 1 2 3 3 2 3 1 22 4 1 2 15 1 1 2 8 1 2 1 1 25 3 2 1 2 1 1 1 2 9 1 5 2 1 3 3 3 1 3 2 4 1 1 6 1 3 3 14 3 19 1 2 5 3 3 1 2 2 2 7 2 1 2 4 74 1 1 1 2 2 2 5 3 3 13 4 3 7 2 3 2 9 1 2 2 2 1 1 6 3 1 3 10 1 1 2 1 9 5 7 2 2 2 1 4 1 18 1 1 12 3 1 3 3 8 1 18 1 68 5 1 2 3 5 3 2 1 4 8 93 2 3 3 1 2 2 1 2 2 3 2 1 2 1 1 2 1 2 2 1 2 11 1 2 4 2 2 1 1 2 4 1 3 1 1 1 6 7 5 2 32 9 1 2 2 1 4 2 5 1 1 59
1 1 2 2 3 1 1 1 2 2 2 2 63 15 1 2 5 49 2 5 6 2 6 2 2 3 1 3 1 7 1 2 1 1 1 2 4 1 1 1 2 3 4 11 5 2 6 3 3 3 2 2 5 3 5 6 6 13 1 2 3 1 2 1 4 1 2 3 1 5 1 1 23 1 3 6 4 11 1 5 19 1 2 3 1 2 1 10 2 3 2 3 1 4 4 2 2 1 13 1 4 2 1 5 2 11 3 2 7 2 1 3 3 11 152 4 1 3 2 2 1 2 7 10 2 2 2 5 2 5 163 2 3 6 8 10 1 4 5 20 2 16 1 5 9 3 4 2 2 1 1 1 1 2 11 1 1 5 1 1 2 1 2 2 5 7 2 2 1 1 2 7 6 8 2 2 1 6 5 13 1 7 3 5 1 3 3 2 1 2 2 2 4 3 2 2 8 3 58 2
2 1 4 3 2 6 6 1 1 3 1 1 3 2 62 2 2 1 2 5 1 2 15 2 1 2 6 2 5 1 3 7 2 1 1 42 33 13 1 1 6 33 1 5 1 3 1 2 3 8 1 1 18 1 1 2 1 1 1 1 1 2 2 1 1 2 56 17 7 4 3 3 2 2 14 1 7 2 2 3 38 2 2 1 10 2 224 6 2 6 2 6 4 1 1 1 2 1 1 3 1 12 1 1 1 4 3 2 2 2 1 1 1 2 1 19 2 3 3 2 2 1 104 2 2 65 4 1 6 85 3 2 6 2 1 1 2 1 2 1 1 1 5 3 2 1 2 3 1 1 2 1 1 29 4 2 1 1 1 1 2 1 7 1 2 2 1 2 21 2 2 1 2 1 8 3 9 1 2 13 3 1 1 2 3 1 4 1 340 39 2 2 1 1 1 1 1 1 1 1
2 3 1 1 2 1 2 3 1 13 4 2 2 2 6 2 1 2 1 5 5 2 1 1 2 48 2 39 5 2 2 8 2 5 3 1 1 14 60 2 2 2 24 3 2 1 3 2 6 1 28 62 1 16 2 8 2 3 3 3 1 1 1 6 1 3 2 1 16 2 1 1 7 1 2 6 16 2 4 1 1 1 9 1 4 1 2 2 15 2 1 1 7 2 3 5 2 13 6 1 15 3 2 2 2 1 7 1 2 1 16 2 1 8 2 5 15 3 2 1 1 1 3 6 3 8 2 3 2 4 2 6 1 2 1 2 1 1 2 1 3 11 2 1 3 2 1 45 9 2 8 17 2 1 3 4 1 1 2 15 1 3 2 2 1 3 9 5 1 4 1 1 9 1 2 2 6 1 2 1 1 1 6 10 6 1 1 3 10 1 2 2 2 3 2 111 3 2 3 1
88 3 1 6 9 4 2 7 2 2 3 2 1 3 2 2 3 1 2 2 2 1 1 9 1 2 3 1 1 1 6 2 5 1 1 5 19 2 3 5 1 4 1 1 12 2 7 1 1 2 101 1 1 1 4 1 1 2 1 2 4 5 2 1 2 9 7 5 4 14 2 3 4 2 9 2 2 2 1 1 3 2 3 2 1 2 1 6 1 8 11 1 3 2 9 6 1 200 2 2 3 2 3 17 2 1 1 1 1 2 1 1 7 5 3 5 1 5 1 3 3 4 5 4 1 1 1 4 2 65 2 8 2 21 1 2 4 2 2 46 5 1 3 1 2 36 1 2 5 1 2 1 2 1 21 12 10 1 1 2 2 3 1 4 1 1 1 15 2 1 1 3 2 3 2 1 2 2 62 6 1 8 2 3 3 3 4 3 1 6 2 2 1 4 2 62 1 4 3 1
1 4 33 2 11 1 8 1 1 15 2 2 1 1 1 3 1 2 2 2 4 2 2 1 1 1 2 1 1 2 1 2 1 64 1 6 2 7 2 2 1 2 2 2 2 1 1 4 4 1 2 2 2 1 2 2 1 7 2 3 2 2 3 16 3 3 2 3 1 1 21 2 2 1 11 1 2 2 2 1 1 5 3 1 2 4 3 4 1 1 1 2 1 9 4 1 1 2 1 1 246 1 1 1 2 1 1 2 1 1 2 6 2 2 5 1 3 2 3 2 7 1 2 1 2 8 4 123 2 1 1 19 4 3 3 1 1 1 2 1 2 2 6 3 3 4 4 2 68 5 2 2 1 2 3 11 1 1 1 1 4 4 3 2 21 27 39 3 2 4 4 6 1 1 1 11 1 1 2 1 1 3 2 2 1 1 1 1 5 2 1 2 2 5 3 2 5 2 7 4
1 1 2 2 1 2 1 2 2 3 1 1 2 10 50 4 1 1 2 2 4 2 1 2 5 6 1 1 9 2 1 1 2 2 1 4 4 1 7 3 1 3 2 2 29 2 5 8 3 3 2 1 15 2 1 1 4 3 1 1 2 1 20 56 1 15 3 1 20 3 1 1 2 2 3 2 1 1 3 3 3 1 1 1 1 6 5 2 1 1 8 2 3 2 2 1 1 8 1 1 2 1 17 4 1 4 1 7 3 2 1 23 4 1 1 2 2 2 1 8 19 18 19 15 4 99 4 1 13 2 2 1 1 5 2 3 1 6 1 2 1 1 1 2 4 1 1 38 6 19 1 1 1 2 2 9 2 20 1 2 3 1 1 2 12 2 14 13 2 2 2 1 3 1 2 6 1 1 1 2 1 5 1 1 11 2 2 1 1 3 4 16 2 6 5 2 2 2 2 2
3 1 1 4 32 2 3 4 2 2 8 5 29 1 27 3 3 4 10 12 1 4 2 16 3 36 2 1 2 1 2 4 14 1 3 3 7 2 1 2 15 3 1 1 4 1 1 2 2 1 6 5 1 3 5 2 1 189 3 1 1 1 2 2 7 4 3 2 10 6 1 2 16 2 1 1 2 4 1 14 1 1 10 2 1 4 2 1 1 1 1 1 2 1 2 1 8 2 1 1 2 1 1 1 1 1 6 2 2 2 1 2 1 3 2 2 1 2 4 77 1 4 1 1 2 3 4 3 1 9 1 3 1 1 2 1 2 2 27 2 1 2 3 2 1 2 5 1 2 9 21 5 2 1 6 1 2 8 2 2 3 1 8 7 16 115 2 30 5 2 12 1 2 1 2 2 2 20 1 2 1 7 1 2 1 1 1 2 1 3 6 2 4 1 2 10 11 3 1 7
7 2 4 2 21 10 2 18 4 1 2 1 2 1 1 24 1 1 2 9 3 2 2 1 1 2 2 1 1 3 2 1 2 2 9 1 2 2 2 2 2 1 2 31 5 1 2 2 2 1 1 2 1 2 2 2 1 1 2 1 1 10 2 5 3 2 2 12 1 2 2 9 15 8 2 2 4 5 2 5 5 14 1 5 2 1 1 1 1 1 6 5 6 4 3 2 2 6 6 2 9 9 1 50 1 1 1 5 1 1 1 1 3 1 2 2 5 1 1 1 1 7 2 2 6 2 4 4 1 3 23 3 1 335 1 5 2 1 1 4 2 1 8 2 2 1 4 1 1 1 10 10 127 1 3 2 1 2 1 1 3 1 2 4 2 1 5 1 2 3 4 12 25 2 1 43 3 5 1 1 1 2 2 5 1 1 3 1 1 7 7 1 2 14 2 2 2 1 2 3
3 1 4 1 252 2 1 1 2 2 1 4 2 3 2 5 5 2 10 85 2 1 2 3 14 3 8 3 1 1 4 1 2 1 1 1 2 1 2 1 2 2 1 6 1 2 4 3 2 5 1 3 1 2 2 2 1 4 3 1 3 3 2 1 2 1 1 1 2 2 63 1 1 2 1 1 3 1 3 35 1 2 2 1 1 1 3 7 3 1 4 15 4 7 2 1 1 1 3 2 1 4 1 1 6 2 3 2 1 1 2 2 5 16 2 5 1 2 2 1 1 12 1 2 2 6 2 1 2 1 1 150 1 1 1 2 4 3 13 1 1 145 5 51 2 2 1 4 30 5 2 2 2 11 1 1 4 1 10 2 5 12 2 2 2 6 2 4 1 5 3 1 1 3 20 2 1 13 3 5 3 20 1 6 28 2 2 1 63 19 81 2 2 25 3 5 6 3 1 1
1 2 1 8 1 1 3 21 5 1 3 2 324 1 2 1 3 2 2 2 1 4 1 3 2 1 7 1 2 1 4 1 3 2 1 1 4 9 3 1 2 2 16 64 17 2 2 6 7 2 5 3 23 1 4 5 2 1 1 2 1 8 1 2 2 1 25 1 1 9 1 5 1 1 1 1 43 1 3 1 344 8 7 1 1 12 1 33 7 2 178 1 124 1 2 1 3 94 1 3 8 3 3 1 4 3 1 1 2 5 2 3 2 1 2 2 1 6 2 2 2 4 2 1 2 1 3 3 2 3 2 2 1 1 1 3 29 1 1 2 4 3 6 1 6 2 2 1 1 2 1 2 2 1 2 2 1 1 1 2 1 11 31 7 2 2 4 1 3 1 4 2 15 2 5 340 1 2 1 1 5 53 1 3 1 3 2 1 2 21 1 2 1 2 2 3 3 1 2 44
2 3 1 44 1 1 3 6 3 1 3 2 1 3 1 1 220 24 44 2 1 1 2 2 1 4 2 4 1 4 1 9 8 6 4 1 2 12 1 1 6 4 2 2 1 3 1 7 2 2 3 24 2 5 1 1 11 2 3 2 2 5 2 1 2 8 1 9 3 1 1 2 5 6 31 2 10 2 1 8 2 2 3 1 6 2 13 2 2 1 2 1 1 2 2 3 7 3 3 1 22 1 1 1 4 1 1 1 4 3 3 16 3 1 1 3 2 6 1 2 3 4 7 4 1 4 1 14 1 1 2 2 3 2 2 1 2 2 1 1 1 2 1 53 10 3 1 2 1 15 1 1 2 1 1 5 49 5 1 7 1 1 28 2 2 1 2 1 2 42 3 6 3 1 2 4 2 4 3 6 11 4 1 4 1 2 1 1 2 4 3 1 3 2 2 2 1 7 1 5
1 12 1 1 6 8 11 2 7 2 2 4 1 2 2 2 2 2 1 2 3 1 1 1 1 1 1 4 19 4 7 1 1 1 2 1 3 1 86 2 5 5 2 1 1 3 2 5 3 10 3 2 1 2 2 1 1 3 2 2 4 2 1 3 75 1 1 1 2 39 1 1 2 2 2 1 1 1 5 2 34 4 2 5 2 4 9 109 4 55 2 1 8 6 1 2 2 3 1 164 2 2 2 4 5 2 26 1 1 5 1 8 2 2 5 9 1 1 4 2 1 25 2 2 1 219 3 1 3 4 3 3 1 2 1 2 4 2 3 3 2 1 2 9 49 1 5 1 2 3 3 3 1 3 1 9 2 1 1 1 2 1 3 5 273 2 4 1 1 3 2 4 239 1 1 2 1 1 6 2 2 2 2 2 4 2 1 2 1 4 5 1 4 3 3 1 23 5 2 1
2 3 5 21 1 1 2 3 1 1 3 3 1 4 1 5 1 4 10 2 1 2 1 7 1 10 2 3 1 18 3 2 2 4 5 3 2 3 18 2 3 2 4 3 4 1 1 3 1 2 1 2 56 4 2 1 9 1 1 2 6 3 1 1 1 6 1 1 2 3 1 1 14 1 1 9 3 4 1 2 4 2 5 4 3 1 1 1 1 20 1 1 7 2 1 2 4 6 2 2 1 6 141 3 1 1 4 1 2 3 2 3 10 5 5 3 3 9 2 1 2 6 3 1 18 4 1 4 1 2 1 3 1 4 1 4 2 1 2 1 2 2 2 2 2 1 5 14 2 1 1 1 1 8 1 13 2 2 336 2 1 1 3 2 2 5 4 1 2 3 2 3 29 5 292 1 2 117 6 1 47 2 8 1 7 52 1 2 4 2 1 2 1 2 24 15 1 1 1 3
1 1 3 3 1 3 4 2 26 3 7 1 3 1 1 2 1 2 1 1 5 1 1 3 3 7 2 3 7 2 3 4 1 5 1 8 1 3 7 27 2 1 2 1 1 3 167 8 2 1 2 47 1 2 1 2 2 1 1 3 2 3 3 1 9 4 2 1 1 2 21 23 8 2 1 2 1 13 1 4 8 2 1 1 1 2 31 4 1 1 51 1 1 6 14 1 1 2 1 2 13 77 2 1 2 2 18 1 2 1 10 1 19 2 2 3 1 2 1 5 1 25 3 1 17 1 1 1 2 6 1 6 2 1 9 1 2 1 2 9 1 1 1 1 1 2 1 3 5 15 2 2 2 8 1 3 1 6 4 6 3 1 2 1 1 31 3 3 6 4 8 3 3 1 2 1 4 9 1 1 2 5 8 1 1 1 4 4 8 2 4 1 2 2 2 3 3 5 1 8
1 2 2 18 1 19 9 10 7 1 1 1 24 2 1 1 3 1 2 22 2 3 1 2 7 2 4 1 2 2 3 1 2 2 1 27 5 1 1 1 1 2 2 1 6 2 3 1 1 2 1 2 1 134 3 1 1 8 54 3 2 2 2 11 1 1 1 2 1 6 5 2 2 3 1 1 1 2 16 2 1 3 1 1 3 18 1 1 2 4 12 15 4 15 1 28 1 3 1 1 2 2 7 1 3 3 8 3 1 4 5 1 3 1 4 2 1 1 1 1 1 16 2 1 2 3 1 1 2 2 4 1 4 3 1 53 1 1 1 1 5 1 1 1 4 4 22 4 6 1 2 1 1 3 6 6 3 19 3 1 5 6 1 2 2 1 4 2 4 62 1 1 7 2 1 7 2 9 1 2 36 2 1 3 1 1 3 2 2 1 2 15 1 2 6 1 1 3 2 1
4 1 3 1 2 7 3 1 2 2 1 2 1 3 2 5 2 4 1 1 1 2 2 2 4 4 8 1 2 3 2 1 1 2 4 2 1 2 2 11 4 3 2 2 1 2 4 1 10 1 3 3 6 1 2 2 1 1 4 3 10 5 2 2 1 3 2 3 1 3 1 3 3 4 1 1 1 1 1 2 2 1 2 1 2 7 1 1 2 2 2 18 1 1 4 2 3 1 3 2 3 1 2 1 1 1 1 4 3 1 2 11 1 1 1 4 21 1 1 2 7 1 5 3 4 2 25 11 2 56 1 2 6 1 9 2 2 1 2 1 2 9 1 3 1 1 1 1 1 1 1 2 4 1 3 3 3 1 14 2 1 6 3 1 1 2 4 2 26 1 5 15 1 1 1 36 3 4 2 2 6 3 2 4 14 1 85 2 2 7 2 2 1 3 4 1 1 1 3 4
13 2 1 2 1 1 2 2 7 2 1 3 1 2 1 3 2 3 1 10 3 1 130 2 5 2 11 2 1 1 1 1 12 2 1 1 1 1 1 3 1 29 1 129 1 2 1 4 4 2 4 1 6 1 1 2 1 6 1 1 2 1 8 2 2 2 1 3 4 2 2 4 1 1 3 1 1 1 1 1 1 2 2 3 1 2 15 1 7 3 1 1 1 2 5 15 1 2 2 1 3 14 1 1 1 1 1 2 1 14 2 1 4 2 1 1 1 1 7 2 2 2 4 2 3 7 2 2 16 1 2 2 2 8 1 2 1 4 3 1 1 5 2 4 2 16 1 3 2 2 1 1 2 2 1 2 2 2 1 4 1 5 3 2 1 4 3 1 1 2 5 2 7 6 3 1 2 1 1 3 4 22 2 1 3 1 2 83 2 2 2 2 10 6 2 1 4 3 2 2
1 2 3 2 2 6 3 1 2 4 102 1 2 1 2 2 2 2 2 20 2 2 1 6 10 1 1 2 1 2 13 10 1 1 6 2 1 1 6 4 2 3 4 2 17 2 3 2 4 4 60 7 18 2 2 11 1 5 1 16 1 1 3 4 2 2 3 9 3 2 3 1 1 1 2 1 12 35 1 3 2 81 3 1 6 1 5 16 2 4 1 4 2 2 1 3 2 1 3 1 4 1 3 2 7 1 4 1 1 17 3 1 1 1 6 26 2 1 8 3 14 5 3 2 2 1 2 3 2 3 2 2 1 3 12 12 1 7 2 1 4 1 6 1 3 1 1 1 1 1 1 2 3 6 2 2 4 3 2 5 27 3 3 1 2 4 4 5 1 1 2 3 10 1 7 29 2 15 3 3 2 1 2 2 1 1 12 19 2 36 1 5 1 2 2 2 2 2 5 90
7 1 2 2 1 3 2 1 6 4 2 3 3 2 6 1 3 1 2 6 11 1 7 35 11 2 6 1 1 5 2 1 3 1 1 1 1 1 2 2 1 3 1 2 4 1 2 4 2 1 2 3 4 2 9 1 1 1 5 3 6 6 2 13 2 37 2 1 2 2 3 1 2 4 1 1 10 3 4 63 2 1 4 1 1 1 5 4 4 2 2 1 7 2 2 7 1 8 2 192 2 3 1 2 8 3 88 1 1 1 1 15 1 1 25 5 2 1 1 2 5 3 7 9 1 1 4 2 2 4 2 1 1 1 2 2 7 2 2 1 1 2 2 4 33 4 2 1 1 2 1 5 7 5 1 1 1 2 3 2 4 2 1 1 2 5 103 1 2 1 2 39 1 1 4 16 4 1 6 4 1 1 1 4 16 4 1 1 1 2 1 145 2 3 4 3 1 4 2 2
1 1 3 2 2 1 3 5 2 1 5 1 1 1 1 3 25 2 1 4 4 1 1 3 4 3 1 1 1 2 1 2 1 1 1 10 3 1 2 1 3 284 2 4 2 6 1 2 1 2 2 2 3 1 2 2 1 27 26 2 2 6 16 3 1 1 3 5 32 1 2 35 1 1 1 2 2 2 1 4 1 1 278 1 4 2 3 1 1 1 1 2 3 1 2 3 10 2 2 4 2 1 4 2 2 1 1 3 1 7 8 3 1 1 2 2 3 2 1 1 1 29 5 3 1 1 2 2 2 1 7 4 1 2 75 1 2 1 5 2 1 3 4 4 97 3 1 3 2 11 2 1 1 3 1 1 1 5 1 7 4 2 1 1 6 2 3 29 3 2 4 2 5 2 32 50 1 1 5 2 1 2 4 4 2 139 3 3 2 4 3 2 4 2 2 2 1 3 3 1
2 1 9 2 7 1 2 1 1 1 2 24 2 35 2 2 2 3 3 2 3 1 1 1 1 3 1 55 2 2 6 2 1 3 1 6 2 1 1 6 1 1 4 2 6 1 4 1 1 21 1 31 1 1 53 5 1 1 1 4 2 2 2 1 3 3 1 1 1 21 10 2 2 2 1 1 1 4 1 3 2 3 2 2 1 3 4 20 1 3 2 2 2 3 2 1 6 2 2 3 1 1 8 1 32 59 3 1 2 9 1 9 1 12 3 6 1 3 2 2 2 2 5 1 1 1 2 5 6 1 2 2 2 4 1 1 4 3 2 14 7 1 3 1 30 4 5 7 20 2 1 4 2 3 6 2 12 1 2 2 1 9 3 6 4 2 5 2 6 1 2 36 2 4 3 1 35 2 2 1 2 1 1 2 1 58 2 4 1 2 4 4 2 1 1 1 2 2 1 1
1 2 3 2 4 3 1 1 1 2 2 9 1 1 4 37 2 1 1 61 22 1 1 1 6 4 1 1 3 1 45 1 1 2 2 2 1 2 1 3 1 1 1 1 3 20 1 3 4 1 1 16 30 1 1 6 2 1 8 1 1 2 1 2 11 2 3 9 3 3 1 3 2 2 1 2 14 11 6 3 1 15 1 8 2 162 5 3 2 4 2 4 1 3 1 8 2 3 1 8 2 1 12 3 1 2 4 7 1 6 1 5 10 11 1 2 2 3 3 1 59 4 23 1 2 11 4 1 1 3 8 15 12 1 5 3 5 2 2 3 1 1 1 3 2 4 2 3 1 2 22 2 2 3 2 7 1 4 7 4 1 5 2 3 1 2 2 3 2 5 2 2 1 12 1 3 2 1 5 2 12 2 2 1 4 2 7 1 1 1 4 5 2 8 3 5 1 2 18 4
3 151 1 19 2 1 3 9 7 6 5 4 1 74 1 5 2 1 1 2 1 2 1 2 1 1 4 2 35 4 4 1 3 1 2 327 1 5 1 7 1 1 3 3 1 2 3 6 3 19 2 51 65 1 2 2 2 2 2 2 2 10 2 22 4 7 7 2 1 1 256 2 4 6 5 2 1 5 2 1 2 1 2 1 5 1 3 3 3 2 19 1 1 4 2 1 2 1 6 2 2 3 1 17 2 2 3 1 2 1 19 1 3 48 6 1 6 1 2 1 2 2 1 3 2 1 2 3 3 1 5 2 5 54 3 32 2 7 5 1 3 1 7 1 46 1 1 4 1 1 2 9 1 1 21 3 2 3 1 4 4 1 1 2 1 1 95 2 4 6 39 1 8 2 4 27 1 15 2 1 1 2 1 2 3 3 2 1 10 1 1 8 1 5 1 2 2 2 3 2
5 1 4 4 6 2 1 3 1 1 2 26 2 97 4 1 1 1 1 12 1 6 1 4 2 5 82 2 2 1 4 9 31 1 1 6 1 6 1 6 2 2 29 2 3 2 5 2 2 2 4 1 7 1 7 1 3 4 3 1 2 2 1 1 35 1 1 1 2 1 1 1 1 2 2 1 1 26 19 2 2 8 1 4 1 4 1 5 8 10 2 1 15 5 1 2 1 15 1 1 6 2 2 4 3 3 1 1 2 10 2 1 2 2 2 1 1 3 2 3 2 3 1 1 11 1 18 7 31 1 2 1 1 2 42 2 5 1 10 2 1 1 2 1 2 2 1 1 6 1 2 2 3 2 2 2 109 2 2 1 2 32 13 7 5 1 2 7 4 1 2 2 1 1 1 7 4 1 2 2 1 1 7 2 2 1 14 2 2 2 6 2 5 3 1 2 1 2 2 2
1 1 31 2 1 1 1 4 1 3 2 6 2 1 2 10 1 1 1 1 2 2 2 2 29 8 1 2 1 3 1 1 2 3 1 3 2 3 3 2 3 5 2 1 3 1 1 2 6 6 5 1 3 6 3 2 1 3 6 2 1 1 1 3 8 3 2 1 2 1 2 1 4 1 1 3 1 3 2 2 2 8 1 3 3 2 2 2 3 3 2 2 2 3 14 7 2 2 6 2 2 1 28 2 2 13 2 2 7 3 2 1 2 2 2 4 2 7 1 1 2 10 2 1 1 146 2 3 1 1 2 59 1 7 52 4 7 2 3 4 2 2 1 6 2 2 5 1 1 2 6 3 4 3 2 2 3 1 10 1 2 4 5 1 1 4 4 1 1 1 7 1 1 6 2 1 1 2 2 2 2 1 1 1 1 4 2 3 4 35 2 1 1 13 3 5 1 1 2 2
4 2 2 2 1 1 2 2 3 2 4 5 2 1 1 2 1 7 2 1 5 1 2 30 3 7 4 2 3 2 9 3 2 2 1 3 7 4 3 4 4 1 4 2 1 7 5 1 5 1 1 1 2 6 4 2 1 3 3 6 7 1 2 3 1 1 9 1 4 1 4 31 2 2 1 2 2 2 1 2 2 1 6 13 3 1 2 5 2 3 1 1 3 1 3 1 7 2 1 7 2 3 1 21 5 2 1 1 1 1 2 3 1 7 1 5 2 1 8 9 2 1 2 1 1 2 14 5 1 2 2 1 2 1 4 2 1 1 1 3 2 2 1 4 2 2 3 3 2 1 2 1 2 1 5 2 1 9 1 5 1 1 1 1 1 5 14 3 3 3 1 5 1 1 91 111 1 2 6 1 2 2 1 1 1 6 2 1 1 1 7 20 1 2 2 3 4 10 1 2
2 2 3 2 1 2 2 2 5 2 2 1 208 5 1 2 2 2 3 2 1 2 2 1 1 2 1 1 1 2 19 3 15 1 80 6 8 1 1 2 11 2 1 2 1 3 1 1 3 5 10 1 1 1 4 2 2 7 4 5 7 3 2 1 1 16 2 2 7 3 2 4 6 8 5 2 1 1 5 5 2 2 2 1 2 4 1 4 1 3 3 3 7 2 2 1 1 11 1 4 1 3 2 4 5 2 1 2 2 1 1 11 1 15 262 5 1 2 3 1 2 167 2 24 2 1 9 1 2 2 7 23 2 7 1 10 5 1 5 6 2 7 9 35 5 2 10 1 2 2 1 37 1 2 7 2 6 2 1 1 1 1 1 3 2 1 1 2 2 1 1 1 6 19 1 3 8 1 2 2 2 2 11 2 1 2 4 1 1 1 22 1 4 1 2 10 1 7 2 5
9 2 1 1 2 3 2 3 5 19 2 3 3 3 2 1 3 2 65 2 1 1 3 5 3 2 193 3 3 2 2 6 2 1 1 1 1 3 1 3 4 1 8 4 1 3 4 7 1 2 6 5 1 2 2 4 2 3 3 4 5 2 2 1 1 1 66 2 15 1 19 2 2 1 36 2 2 2 1 37 1 4 3 3 1 1 29 1 31 3 1 2 5 2 1 2 1 21 1 2 1 8 5 3 1 2 1 201 10 6 60 2 17 4 1 2 1 4 4 11 3 3 24 1 1 63 4 4 3 9 1 8 5 16 2 2 2 3 2 1 21 3 5 2 1 1 1 1 1 5 1 1 1 12 1 1 1 6 4 1 2 1 1 1 2 4 61 2 2 2 8 2 1 2 1 1 1 3 3 1 4 2 3 2 4 1 5 2 3 16 3 4 1 3 8 1 17 5 82 6
5 1 66 1 1 2 1 1 7 1 1 7 4 1 22 1 1 3 2 2 4 1 1 1 2 3 1 2 2 1 1 1 3 1 2 2 1 2 13 2 1 1 2 5 2 1 8 1 2 1 1 1 3 2 6 44 10 10 1 8 2 1 4 2 2 2 2 2 2 15 92 8 2 7 6 26 1 2 14 4 3 3 2 1 2 4 2 7 2 1 2 3 1 231 1 4 6 1 7 3 14 3 4 60 10 7 3 2 40 2 4 26 1 7 10 1 2 2 3 2 3 5 2 17 1 1 1 1 1 3 4 3 1 2 1 3 2 1 2 3 3 2 1 1 2 1 2 1 2 9 6 3 2 2 1 2 1 2 1 2 1 2 1 6 248 2 5 2 7 2 8 9 1 2 2 1 3 1 1 23 9 6 8 1 12 4 6 1 3 4 3 1 8 3 3 1 1 3 8 4
12 1 3 2 6 3 6 2 1 2 3 1 2 3 1 1 2 1 1 8 1 4 16 2 3 3 2 1 2 5 1 1 4 2 1 7 1 3 12 14 1 5 2 2 1 2 1 2 2 3 2 1 1 2 2 2 6 6 13 5 2 23 1 7 1 2 1 1 4 14 38 2 2 1 1 3 1 1 2 14 2 1 1 2 11 1 11 2 2 2 2 1 5 1 1 15 2 4 2 1 2 1 2 5 2 57 5 2 2 2 2 3 4 6 1 1 1 2 1 1 1 1 1 1 5 3 1 1 4 52 2 32 30 1 2 2 1 43 8 1 5 1 1 1 7 1 2 2 11 1 3 5 4 5 1 2 3 4 1 2 1 1 1 4 2 4 2 2 2 1 1 1 6 4 2 2 2 1 2 6 2 1 3 2 2 7 13 1 1 5 1 2 1 8 2 1 4 2 6 4
1 3 1 1 19 1 1 16 21 2 3 10 1 1 1 2 2 1 1 1 25 1 1 8 17 4 2 1 3 1 2 2 1 2 1 5 1 3 1 11 9 1 7 2 6 10 2 10 1 3 5 1 1 5 6 1 1 4 1 2 2 3 1 14 3 2 1 39 1 1 1 1 1 7 4 5 4 2 4 2 1 7 2 3 2 3 2 3 2 351 2 14 1 6 2 4 2 2 3 2 3 3 2 3 4 1 3 4 2 4 18 2 1 2 1 1 1 26 1 5 1 2 17 4 2 4 2 3 6 7 2 1 2 2 1 1 3 13 1 1 1 5 2 4 1 1 3 2 2 306 1 4 2 2 1 13 1 1 1 1 5 1 2 20 1 3 12 5 2 2 9 1 1 8 3 14 11 1 1 2 2 1 2 2 4 2 1 2 1 10 3 3 5 8 2 5 14 4 2 5
1 3 2 2 1 2 2 6 2 2 1 1 1 3 1 2 1 2 7 1 1 1 6 1 2 2 1 1 5 3 1 1 1 2 2 2 1 2 3 3 2 2 1 6 1 1 1 4 4 2 1 121 2 1 1 2 2 1 5 22 3 10 2 1 7 4 1 2 2 1 2 2 2 3 3 8 1 1 34 1 70 2 1 4 1 1 1 2 6 4 1 1 1 2 4 1 1 3 2 1 5 2 14 1 2 1 1 3 2 4 5 3 1 1 1 2 4 3 2 2 8 3 1 24 4 85 2 1 3 1 1 8 2 1 4 3 29 7 2 2 2 13 3 2 2 1 2 1 4 7 2 3 1 1 2 7 3 58 1 2 6 19 1 2 5 1 2 1 6 2 1 2 1 3 1 1 1 1 1 12 7 1 1 3 3 3 6 60 2 20 3 2 1 2 3 2 2 1 4 11
1 3 9 1 2 1 3 2 1 2 2 1 1 24 1 4 1 5 2 4 1 3 2 4 2 2 2 10 3 2 1 8 2 5 2 2 1 3 2 13 1 3 1 2 2 1 35 2 1 1 2 1 2 1 15 1 1 1 2 1 3 1 1 4 1 10 1 1 3 3 2 40 5 6 1 5 1 1 5 4 4 2 1 5 1 3 15 2 1 1 2 1 5 3 1 49 2 5 11 2 1 1 3 1 1 2 2 2 70 1 4 9 1 2 5 2 12 13 4 2 1 2 2 1 1 2 1 2 2 5 4 2 6 1 1 3 3 3 2 5 15 9 4 6 2 9 13 13 6 1 3 3 2 2 6 6 3 6 8 12 2 2 3 2 3 1 13 3 6 18 21 2 5 2 1 1 4 10 3 4 2 1 5 1 21 3 8 2 1 1 27 8 3 2 2 1 3 1 2 1
1 5 1 2 14 1 1 2 1 8 2 3 1 1 2 3 1 2 11 10 1 8 1 2 1 1 1 2 1 7 2 7 4 36 4 3 1 3 3 3 1 1 2 13 3 3 7 1 4 1 1 13 3 2 7 3 1 1 31 5 2 1 2 2 5 2 3 2 1 10 1 1 3 2 2 2 1 1 2 2 2 8 6 1 12 10 1 4 5 1 3 2 32 1 1 3 2 2 2 2 2 3 2 10 2 2 4 1 1 4 8 1 1 6 4 1 17 2 1 4 2 2 1 3 2 97 2 1 11 3 1 1 1 2 13 2 2 4 8 6 1 2 2 1 3 3 4 7 2 2 1 2 2 1 4 2 2 2 4 5 1 4 3 2 1 2 1 4 1 11 3 1 2 1 3 12 3 1 2 4 1 19 2 9 2 1 2 1 1 2 4 2 3 2 3 2 1 1 3 2
