200
491 309 240 113 252 404 490 265 216 352 250 245 395 173 164 118 335 229 347 254 161 206 407 236 110 340 162 381 395 169 126 197 453 290 314 246 184 414 379 444 222 396 315 368 157 280 356 381 264 155 372 214 156 184 423 484 350 346 374 250 450 316 446 192 290 480 145 181 132 404 227 136 181 172 183 305 389 335 407 323 222 424 378 299 402 485 414 348 326 247 426 409 381 499 365 214 106 499 162 268 242 261 433 262 439 440 256 500 214 400 185 331 221 389 251 101 362 109 270 427 329 481 354 477 262 269 448 246 130 169 261 395 385 323 220 121 165 414 309 166 374 382 487 161 441 310 318 189 435 435 111 403 169 444 178 314 466 252 304 382 479 188 408 379 298 436 172 177 246 131 108 398 256 257 245 236 487 399 149 110 323 189 267 417 342 414 350 281 379 386 366 165 129 123 327 286 205 279 378 190
6 5 4 1 6 5 2 4 5 2 2 2 4 4 5 2 2 6 2 4 6 1 1 4 5 3 5 1 3 5 5 2 1 5 6 6 4 5 2 1 4 5 5 5 2 6 3 1 2 3 5 6 1 1 1 4 4 6 5 3 6 3 4 6 6 5 4 1 1 3 2 4 5 3 4 1 2 2 5 1 6 2 1 2 1 3 2 2 4 4 3 2 3 1 4 4 4 1 3 6 4 1 5 3 2 1 6 4 2 2 5 2 2 2 6 3 6 6 6 5 1 3 3 4 3 3 5 3 2 4 1 2 1 3 5 4 6 6 6 5 2 4 6 6 4 5 5 2 1 1 1 2 4 3 3 6 6 4 2 1 5 5 4 2 4 5 5 2 5 3 2 5 5 1 2 1 5 5 2 3 2 1 1 3 1 1 2 3 5 2 4 2 6 4 1 5 1 6 2 2
1 6 1 7 8 1 1 1 2 5 1 2 1 1 1 1 3 1 2 5 6 2 2 3 2 1 1 3 4 1 2 99 27 1 5 1 1 2 1 2 1 1 3 11 9 1 1 2 2 1 6 6 1 2 4 6 3 1 1 1 3 3 1 5 2 1 1 3 1 4 84 3 4 2 1 1 1 2 1 2 1 5 206 6 3 2 1 2 1 1 2 2 1 2 5 2 1 1 5 1 31 4 2 1 6 2 2 2 22 3 5 9 3 2 1 1 1 1 1 1 1 3 2 2 2 1 1 2 2 334 3 148 1 1 2 3 2 2 6 3 15 1 4 2 1 1 12 1 2 4 1 2 1 2 6 1 16 11 1 2 2 1 2 1 1 2 1 4 3 7 10 33 3 3 3 4 6 1 3 2 21 1 1 25 9 2 1 1 3 1 4 1 30 2 3 5 2 3 3 1
1 1 2 4 4 1 3 2 1 6 2 1 5 1 40 1 2 1 3 3 2 1 1 1 3 9 28 1 10 2 21 5 18 3 16 7 1 1 4 3 1 4 2 1 2 103 17 9 12 5 1 22 2 2 2 24 2 2 1 6 1 3 1 4 1 2 4 3 2 3 7 1 5 2 1 5 22 2 2 3 1 1 2 1 5 1 3 2 1 15 6 1 2 1 3 3 2 17 1 2 3 21 4 1 2 1 1 1 1 2 4 3 2 1 22 2 2 1 1 1 1 2 1 1 3 1 2 1 2 2 8 1 1 2 1 1 3 4 8 2 2 1 1 1 11 7 1 2 2 1 16 1 13 4 3 2 3 2 1 7 12 31 14 4 2 1 2 2 1 12 2 2 1 2 3 2 4 2 5 2 1 1 1 74 4 3 1 5 3 2 1 1 2 3 1 3 4 45 250 2
2 2 21 2 1 2 2 2 4 307 2 2 1 1 1 43 16 1 3 6 15 1 2 1 43 4 9 1 5 1 1 16 5 2 2 1 2 2 1 1 9 9 1 1 1 1 3 3 10 2 1 2 227 44 90 2 1 2 1 1 3 2 3 1 1 1 2 1 1 2 171 2 2 26 32 1 69 1 1 5 4 2 1 3 2 2 1 1 1 2 1 1 3 7 2 3 1 5 2 2 2 6 1 1 1 1 1 1 6 2 2 7 3 31 2 34 2 1 1 1 1 2 3 1 1 3 2 1 7 2 2 9 1 1 2 1 2 4 1 1 3 21 1 4 3 2 3 3 3 2 16 1 4 3 3 1 1 4 1 2 1 4 1 1 3 1 3 2 1 9 21 1 3 4 1 2 1 2 2 2 1 1 2 3 3 2 10 2 3 2 4 2 1 1 177 1 2 6 18 2
4 3 2 6 1 1 1 13 2 1 2 5 4 2 1 9 1 75 4 4 4 1 2 4 1 4 1 14 13 3 2 4 1 2 5 13 3 9 4 4 1 2 1 1 3 1 2 1 4 8 9 1 2 2 1 1 2 5 4 2 1 3 2 1 1 1 5 1 1 2 1 2 5 1 1 2 3 4 2 1 14 2 1 2 2 3 1 11 2 1 1 1 2 3 3 1 2 14 2 14 8 7 4 1 1 7 1 1 50 2 2 33 2 1 5 1 1 1 13 2 1 1 1 41 8 1 11 3 2 13 3 3 5 5 2 2 31 1 1 2 43 3 3 1 1 1 2 2 5 5 2 1 1 2 1 1 1 2 1 1 1 13 2 3 8 2 7 2 10 1 1 1 3 10 1 7 7 2 3 2 1 2 2 1 3 2 2 1 2 7 2 2 7 4 1 2 1 2 6 132
2 1 27 4 3 1 2 6 1 16 13 3 1 2 1 1 1 4 2 5 8 2 2 3 1 2 2 2 1 1 1 2 2 2 1 3 3 91 3 5 2 4 2 155 3 33 30 6 2 9 1 3 51 1 2 3 5 14 1 2 11 2 10 2 2 1 31 3 5 4 1 6 1 2 3 1 1 1 4 4 1 5 1 109 1 3 1 3 15 1 7 21 3 1 2 3 1 2 1 2 4 1 3 4 3 7 1 1 6 3 3 2 1 4 1 2 1 5 1 3 4 1 2 38 1 16 1 3 1 1 1 2 3 1 4 1 1 4 2 10 9 7 1 3 1 10 1 1 1 1 1 6 1 1 2 1 1 1 2 4 2 5 2 30 1 2 1 11 2 1 1 1 1 1 2 1 4 1 1 4 10 2 4 2 1 4 3 2 2 1 8 1 2 28 1 5 1 1 2 2
1 1 1 2 2 4 3 1 2 6 2 3 6 2 1 5 4 5 7 2 1 2 4 1 13 2 4 1 6 3 2 2 1 2 8 3 4 4 2 1 1 1 2 71 3 2 3 1 1 3 2 4 2 6 2 1 4 5 2 2 3 1 4 4 7 2 1 3 1 2 4 3 3 1 5 2 1 3 1 6 2 2 2 1 1 10 2 7 22 1 3 25 1 1 1 1 2 1 7 1 281 3 3 3 2 2 3 2 1 6 1 2 2 1 1 1 2 2 2 2 1 3 1 2 31 2 8 1 1 2 5 11 9 5 1 1 1 1 1 1 17 2 2 14 6 13 2 2 2 3 2 38 7 2 3 11 1 4 2 2 5 1 1 2 1 1 4 2 14 3 1 1 2 2 4 2 13 1 1 11 8 2 1 2 3 68 6 52 4 2 2 89 2 1 3 4 30 2 2 2
2 3 1 2 1 3 1 7 5 2 1 1 1 3 1 54 4 3 2 1 2 2 3 2 1 14 2 3 7 1 1 1 2 3 17 1 4 2 3 1 2 1 1 1 2 5 1 60 119 2 3 2 2 3 6 3 3 1 4 16 2 1 3 10 1 6 3 1 1 1 2 21 14 4 1 1 1 3 1 9 2 2 1 47 1 2 7 21 4 3 16 2 3 2 2 2 1 3 2 1 5 1 43 3 1 1 2 1 1 1 14 1 2 1 2 9 2 4 2 1 7 2 1 3 2 1 3 1 2 2 2 2 2 1 4 2 2 1 1 3 8 1 2 2 1 7 1 2 13 2 3 2 1 1 1 1 2 22 2 2 13 21 1 1 9 2 1 1 16 12 2 3 10 1 6 23 1 1 1 1 10 2 5 13 3 2 1 2 1 18 3 2 1 10 3 5 3 10 1 2
17 2 2 2 2 2 2 2 2 1 1 1 1 4 2 1 2 1 2 1 1 2 1 10 1 2 2 23 1 2 5 1 18 1 3 3 2 1 2 11 3 2 1 4 2 3 1 16 1 2 3 4 2 2 4 1 1 3 3 1 1 1 7 24 2 1 9 4 2 3 1 2 2 2 3 7 2 1 3 1 2 2 2 3 20 319 1 4 1 1 1 13 10 3 5 9 3 6 6 3 3 119 2 25 2 6 2 31 1 3 1 3 1 6 3 1 2 1 1 1 5 1 2 1 2 10 2 17 7 1 7 1 1 3 2 21 2 1 5 1 1 2 1 1 2 4 3 1 8 1 1 3 1 1 2 1 2 2 2 1 6 3 20 1 2 8 3 2 1 1 2 2 2 1 1 4 5 2 41 1 1 11 2 2 2 5 1 2 1 114 2 1 4 1 1 11 1 2 2 7
7 2 2 15 1 74 2 1 3 1 47 2 1 1 1 3 3 5 3 4 4 1 4 9 3 1 2 3 1 17 2 12 1 1 2 4 2 2 4 2 2 3 1 2 12 1 156 3 2 5 2 1 2 2 3 10 1 4 1 2 6 1 1 2 83 4 2 1 2 2 4 3 1 7 3 1 2 3 4 1 2 2 1 3 3 1 1 1 2 3 1 11 251 1 2 2 1 5 4 1 3 2 4 92 12 3 1 1 1 16 1 1 1 1 9 3 3 1 158 3 1 2 1 3 3 3 11 2 1 1 35 8 4 1 2 3 2 1 2 3 2 3 2 17 1 3 2 3 2 2 2 2 3 12 2 2 2 1 23 5 1 1 6 2 4 2 3 1 34 3 2 2 2 2 1 1 2 3 3 4 3 3 2 4 4 1 2 1 2 3 1 2 1 1 1 2 4 19 1 3
2 2 164 5 2 3 1 1 4 17 4 1 4 1 4 4 2 15 2 1 2 6 3 2 4 3 7 3 1 6 2 2 1 2 1 1 2 1 3 7 11 1 3 3 3 2 2 4 2 2 1 27 4 1 2 2 2 3 10 2 1 1 2 2 7 2 2 439 6 12 17 13 4 2 4 1 1 37 2 2 1 1 4 6 12 2 1 1 1 2 3 1 1 1 8 2 4 66 1 1 3 4 1 1 2 1 5 7 1 2 1 2 171 5 1 3 3 1 10 1 9 2 1 1 1 1 2 2 1 4 2 2 1 1 1 2 2 1 2 2 2 2 1 8 1 8 2 5 6 8 2 2 1 130 4 7 7 2 3 1 1 1 1 6 2 1 2 1 1 1 2 1 11 1 2 19 2 2 1 1 1 3 1 1 2 4 3 1 3 3 1 1 5 2 3 7 3 1 2 2
2 1 1 2 3 8 1 2 3 5 1 1 8 2 1 1 24 2 2 2 5 1 9 4 8 10 2 2 4 7 10 3 1 4 4 1 1 1 5 3 2 4 3 1 2 2 2 2 1 4 2 1 2 4 2 3 196 1 3 53 3 2 5 1 2 4 1 5 2 3 26 2 6 2 2 2 4 1 3 5 3 1 4 13 3 1 14 1 3 3 2 2 1 10 11 2 4 2 2 1 3 2 2 2 1 1 1 1 1 7 1 1 2 1 1 1 1 20 1 8 6 1 2 1 1 1 1 1 1 1 1 1 8 2 3 14 3 1 1 3 2 2 1 3 1 2 2 64 1 1 5 3 1 1 4 1 2 1 2 2 15 4 10 4 2 1 2 3 1 2 1 1 1 5 14 25 2 21 2 2 3 2 1 2 2 3 2 1 2 5 1 2 10 2 2 1 2 2 133 6
7 1 6 2 2 2 2 1 18 1 3 1 1 2 4 2 4 2 3 2 36 82 5 1 2 1 1 12 1 2 11 1 2 2 3 4 2 34 1 1 7 8 3 2 2 1 56 1 2 2 1 2 4 2 1 4 2 2 1 2 43 1 1 1 9 1 1 3 6 1 5 1 2 7 4 8 2 1 4 3 2 2 2 3 12 1 3 1 1 10 7 8 15 2 2 1 2 2 4 1 6 2 6 2 36 2 2 5 1 2 5 2 3 3 1 2 2 1 3 2 2 2 1 1 1 1 1 1 2 7 1 3 13 1 3 1 1 88 17 1 2 23 5 1 2 2 2 1 3 2 2 3 1 1 1 2 1 2 1 2 5 16 21 3 6 3 2 4 1 3 4 7 1 2 2 1 7 1 2 1 3 4 3 1 4 2 3 2 7 5 2 2 1 41 3 2 1 2 8 3
2 1 1 2 55 3 5 2 3 2 75 1 5 25 5 2 1 3 7 23 1 3 2 3 2 1 5 2 2 1 4 1 2 1 2 2 2 24 4 3 1 2 4 2 1 3 1 4 1 1 2 3 2 2 4 1 1 2 1 1 3 1 2 4 1 3 4 1 5 1 4 3 2 5 1 12 3 2 1 1 2 3 1 12 2 5 6 10 2 34 2 1 1 6 3 3 2 1 4 2 1 2 3 7 16 2 9 15 1 1 4 1 1 1 4 6 2 1 12 1 3 1 1 2 2 1 1 7 2 2 1 9 1 2 3 3 2 5 2 15 2 1 2 3 1 21 2 1 1 1 2 2 1 97 14 1 1 4 1 2 3 1 2 3 1 22 1 2 3 1 2 17 3 2 1 1 3 38 2 2 3 1 1 9 1 3 11 13 1 1 1 2 1 1 5 1 1 2 24 2
1 4 6 1 18 7 5 2 5 1 2 5 1 6 3 1 2 30 5 4 8 1 1 9 3 22 5 1 2 43 9 1 16 2 1 2 2 3 5 9 1 2 5 2 3 6 2 156 1 7 10 1 1 3 2 2 9 1 1 5 1 27 4 1 2 2 1 3 6 3 1 3 2 9 1 2 6 2 2 3 27 2 2 1 1 1 6 1 1 1 1 3 3 52 10 2 8 11 2 5 1 2 2 4 1 1 1 6 7 3 1 1 1 2 1 15 2 3 2 17 5 6 1 37 2 2 5 4 3 5 2 2 5 1 10 3 1 1 2 4 3 3 2 2 2 4 1 2 7 1 2 4 2 2 5 1 1 1 3 2 3 18 4 2 2 5 6 1 4 1 1 2 2 3 2 19 1 2 1 51 1 5 3 1 3 1 1 2 2 3 2 12 1 3 1 1 2 1 1 7
1 2 1 1 2 11 2 131 26 3 1 16 6 1 2 2 3 2 2 2 5 1 3 2 3 14 5 5 3 1 1 1 2 5 15 1 1 1 26 16 1 1 12 5 2 3 2 8 3 3 8 1 5 12 1 2 21 42 4 1 2 3 1 1 2 3 2 2 1 11 4 1 3 2 1 17 1 4 1 1 1 2 3 1 9 1 3 3 6 1 2 3 213 2 1 2 2 2 6 1 1 2 2 2 2 1 2 1 1 2 107 5 1 1 2 1 2 3 1 3 3 1 1 2 2 4 1 1 1 1 1 9 14 1 2 2 3 3 12 2 3 14 3 1 1 1 67 2 4 2 1 2 15 14 2 4 2 10 3 1 4 8 29 3 1 3 2 1 1 4 4 3 1 6 5 1 1 6 10 2 1 4 11 2 1 13 1 1 7 7 3 2 1 3 1 2 4 2 5 1
1 1 28 2 2 2 1 1 2 1 1 7 3 1 1 6 1 9 1 3 2 5 5 2 2 6 1 1 1 4 9 1 2 3 2 2 1 6 5 2 36 8 4 1 2 2 1 2 1 8 1 3 1 2 2 9 2 1 3 2 3 1 3 93 2 7 4 1 3 2 2 1 2 3 1 6 3 2 4 4 107 11 2 2 2 2 3 2 2 3 6 2 1 2 2 35 37 1 1 2 1 1 1 1 3 4 1 7 110 1 16 24 5 5 12 1 107 102 2 16 3 12 6 2 2 2 2 1 10 1 4 1 5 5 2 1 2 5 2 1 1 1 6 2 8 1 1 1 8 2 2 3 6 7 1 19 1 2 8 2 1 2 7 1 5 1 3 128 1 2 2 6 1 1 2 5 2 1 2 4 1 3 10 1 1 3 2 1 10 2 3 2 1 5 6 1 6 2 7 4
1 19 7 2 1 2 4 3 1 2 2 1 1 2 9 1 4 4 4 11 1 5 1 1 1 3 3 10 1 8 1 9 2 2 1 2 2 1 1 1 1 1 1 14 2 2 2 2 1 2 1 4 5 2 4 21 2 41 3 1 1 3 2 8 1 24 1 1 2 19 1 1 2 2 6 1 2 1 3 12 2 2 4 1 2 12 3 2 2 2 1 1 2 5 3 1 6 1 4 1 3 1 4 16 5 1 1 5 15 2 5 1 2 1 2 2 27 1 1 1 1 2 1 2 2 2 1 1 1 1 2 1 1 2 9 20 8 6 5 25 2 2 2 2 1 3 1 10 1 10 7 1 1 3 1 9 2 3 2 6 3 3 2 11 3 4 177 2 3 2 3 1 7 1 3 1 5 4 1 7 4 1 3 1 17 2 2 2 2 1 3 1 2 8 1 4 3 2 3 2
1 1 2 1 1 1 3 1 4 1 1 1 2 4 2 11 1 4 4 5 1 30 1 4 4 1 1 11 18 1 2 1 147 2 11 2 1 4 2 2 6 1 1 1 2 27 1 5 1 2 1 14 2 2 1 4 3 11 5 1 8 3 5 1 6 2 4 2 4 1 196 3 3 13 18 1 2 17 1 2 2 4 4 1 1 1 26 2 1 2 2 1 2 2 38 1 2 1 42 5 13 5 3 4 2 1 4 4 2 3 4 1 5 2 1 2 1 3 3 1 2 1 2 3 7 12 9 8 4 2 2 2 21 6 3 1 2 1 1 7 1 1 2 1 2 29 18 18 1 1 1 10 3 1 1 3 1 1 1 1 2 1 2 3 5 3 1 2 4 3 5 1 3 7 2 1 1 6 2 2 4 5 2 2 2 1 8 1 1 22 1 1 2 7 3 1 2 14 3 1
2 1 1 1 1 5 5 5 2 4 1 1 7 2 9 2 2 4 1 3 1 4 24 1 1 1 11 2 1 43 2 9 2 2 1 5 2 7 1 6 3 1 2 1 6 1 2 1 2 14 1 1 2 1 1 1 1 5 2 2 1 1 3 2 5 4 4 2 1 1 2 1 3 1 2 3 2 2 5 6 2 1 7 5 1 1 1 1 3 3 1 3 2 2 2 5 1 1 2 2 1 1 15 9 2 1 2 17 5 2 1 2 1 2 2 1 1 2 3 2 27 1 4 1 2 1 1 2 5 2 1 5 19 1 8 2 1 2 2 9 3 81 2 1 1 2 8 3 3 3 6 2 4 1 3 1 3 1 6 2 2 91 3 3 3 1 3 2 2 1 3 38 9 1 3 1 5 6 2 2 2 6 1 1 1 2 15 8 2 12 1 1 5 1 1 4 1 1 3 1
2 4 2 5 3 1 3 2 2 1 2 2 3 1 2 3 2 1 3 7 106 2 1 16 1 6 1 2 4 9 4 20 2 2 1 1 1 1 2 4 5 14 1 1 4 3 1 5 5 9 2 2 1 1 2 1 12 2 8 8 5 1 1 1 1 2 2 2 1 4 3 3 2 7 2 4 96 1 4 1 1 2 11 1 2 42 2 3 5 2 1 1 2 5 1 1 5 1 1 1 18 1 1 2 2 3 2 1 5 12 4 1 2 1 12 2 2 150 1 4 1 1 2 2 1 18 3 1 1 1 34 3 1 43 6 5 2 1 4 1 2 4 1 3 1 2 1 64 1 1 1 1 10 2 2 1 2 4 4 6 2 1 2 1 2 36 3 2 2 5 13 1 2 2 27 9 2 2 1 1 2 1 2 3 3 7 3 5 2 3 1 2 1 4 2 1 1 1 1 6
4 3 5 185 3 8 1 8 6 13 3 3 1 10 24 4 1 2 2 7 17 1 6 1 1 2 1 1 2 1 1 2 24 1 1 14 2 45 2 2 3 1 7 1 1 2 14 4 2 7 1 2 2 1 2 1 1 3 4 4 2 5 1 2 2 2 1 6 2 3 1 1 6 2 7 2 2 4 4 4 1 4 1 1 7 11 1 2 3 1 2 4 1 17 3 7 8 5 1 1 1 15 3 1 3 2 2 1 1 2 2 6 7 1 1 1 1 1 1 4 1 5 1 38 7 1 1 1 1 3 4 2 3 1 2 1 2 3 1 1 2 2 3 1 1 2 2 3 3 1 1 2 3 1 2 2 5 1 5 1 36 1 10 2 1 1 4 5 2 1 2 2 1 1 3 2 5 2 4 4 3 3 5 3 5 3 4 5 1 7 7 5 1 2 2 3 1 2 2 1
2 2 1 2 7 6 6 1 1 8 31 4 3 1 19 4 2 5 7 4 5 1 2 4 2 4 1 2 1 1 2 63 1 116 1 2 1 14 3 1 4 2 2 2 2 2 5 1 1 2 1 1 2 3 1 1 2 4 11 2 1 250 23 1 2 2 1 4 2 9 2 2 3 17 2 2 1 3 1 1 1 2 1 13 4 16 6 4 1 1 3 1 1 2 3 2 2 1 1 6 2 1 2 2 13 1 7 24 1 27 2 1 1 3 2 24 1 10 22 29 3 1 2 2 2 3 1 124 9 4 3 4 1 2 2 4 1 4 2 9 1 2 2 2 4 2 6 3 1 4 12 56 21 5 6 2 4 1 3 3 2 5 2 3 1 1 6 1 1 13 1 2 2 1 3 7 1 3 3 2 1 3 3 3 1 15 30 2 15 1 2 1 12 2 2 3 1 2 2 1
3 5 2 2 4 5 2 1 13 3 10 2 2 8 1 2 2 2 2 2 1 2 2 2 2 1 5 1 1 7 1 110 3 1 2 2 10 1 2 1 2 4 4 1 7 4 2 7 1 2 1 6 1 1 1 1 1 3 1 1 36 3 5 2 2 1 2 1 3 1 13 8 2 1 2 22 1 2 18 2 4 1 1 3 84 1 8 6 1 2 1 19 1 1 1 52 3 1 2 3 11 8 5 1 36 3 2 12 2 2 3 2 1 1 1 2 1 1 4 2 3 2 5 1 1 8 3 3 1 2 3 13 149 3 3 3 2 1 2 1 2 4 1 17 1 4 1 1 3 1 1 3 4 3 2 1 2 2 2 5 3 2 8 1 2 2 3 15 2 1 2 1 3 1 1 2 1 1 2 14 1 1 3 2 1 3 4 1 1 5 18 2 1 2 2 2 8 1 9 2
1 2 4 3 1 1 2 2 2 1 1 1 1 2 2 1 1 1 1 14 1 1 3 17 2 1 1 2 4 1 2 1 15 6 6 4 1 1 17 2 2 3 1 3 1 3 6 9 9 7 2 2 3 2 5 2 1 5 34 5 6 1 2 1 1 5 3 344 2 2 1 1 4 1 5 1 2 1 2 1 2 2 1 2 1 11 4 2 2 9 2 2 2 1 4 2 10 4 16 1 8 1 1 3 1 2 1 1 1 4 1 2 3 3 1 2 1 2 3 2 1 1 1 2 1 1 4 2 1 1 2 5 2 2 3 14 1 2 3 6 2 2 1 2 28 1 2 1 3 1 2 1 1 4 3 2 3 5 5 2 3 1 7 2 2 1 1 1 2 2 4 2 2 2 4 7 15 1 1 17 9 5 1 3 2 1 3 1 4 6 2 1 1 2 1 2 1 1 6 17
3 1 2 18 4 2 4 12 123 2 4 1 5 2 1 1 7 1 47 4 1 2 1 1 1 1 2 1 1 2 1 2 14 1 2 1 2 1 1 2 1 1 1 2 1 1 6 3 9 12 3 3 4 1 1 5 3 2 7 2 1 1 1 1 8 1 2 1 1 3 4 1 1 1 11 6 39 2 25 1 5 34 9 6 4 9 4 2 2 1 14 1 3 2 3 1 1 2 8 4 9 2 2 12 1 6 3 2 1 2 4 11 4 1 2 2 3 1 2 5 2 12 3 4 2 2 3 1 65 443 3 1 2 1 5 1 1 5 2 2 5 9 3 1 11 8 1 1 2 7 40 2 1 304 2 5 1 3 2 1 1 1 1 5 4 8 1 2 1 2 3 9 1 3 2 1 3 1 1 2 2 1 5 3 5 1 84 1 16 6 2 6 2 1 1 4 1 6 2 2
8 6 7 2 4 11 1 2 2 2 5 3 83 7 72 2 13 14 2 8 7 1 1 6 3 1 1 2 2 2 3 2 2 5 4 3 5 3 1 2 1 2 2 1 1 2 17 3 2 1 2 2 4 2 2 2 2 2 2 1 1 3 2 1 2 2 2 2 2 1 2 1 1 2 1 1 4 3 3 11 2 1 2 1 5 1 2 3 1 1 1 2 2 2 2 1 3 10 5 2 4 1 4 2 6 4 1 1 5 2 3 1 9 4 1 6 2 1 3 1 1 4 3 2 1 2 2 2 1 1 5 1 1 1 45 5 1 2 2 4 32 3 1 1 1 1 2 259 2 2 1 3 1 1 21 1 3 37 3 1 13 7 2 2 1 35 2 2 2 2 1 1 1 1 3 1 4 2 1 4 5 1 2 20 1 1 12 1 3 1 11 4 9 1 1 2 3 2 1 3
30 1 6 1 1 2 2 2 12 72 412 5 1 2 2 1 3 2 6 2 1 2 2 97 4 5 1 1 1 2 13 11 3 5 7 7 1 1 1 4 10 17 10 1 1 1 35 1 2 13 3 2 1 2 6 1 1 1 1 2 3 2 1 30 1 1 1 2 4 1 2 1 2 2 3 3 1 7 2 2 2 3 1 3 17 3 1 2 3 6 1 4 4 46 1 1 4 1 7 2 1 306 1 1 3 12 3 1 1 12 4 2 7 2 1 7 2 5 31 3 1 1 3 11 1 1 1 1 6 1 2 6 2 12 1 3 2 7 2 58 1 12 3 1 3 6 2 2 2 2 2 2 4 29 4 13 3 4 8 3 1 1 6 1 2 2 1 5 1 2 136 4 1 1 2 1 1 3 5 2 1 1 1 11 19 1 2 7 1 6 4 1 8 8 2 1 2 2 2 1
1 3 1 16 1 1 21 3 3 2 7 2 2 2 9 2 3 2 1 1 2 1 2 2 11 1 2 2 149 2 2 1 1 3 1 1 1 5 2 30 3 1 2 6 1 2 1 8 1 7 1 3 1 1 1 19 3 2 2 1 2 10 6 1 4 3 4 4 3 1 4 5 1 4 4 1 2 1 2 3 6 32 2 2 7 1 3 4 2 2 3 4 2 1 7 3 3 2 2 7 4 5 13 5 2 2 16 10 1 2 26 13 8 2 22 2 6 1 1 1 3 1 2 5 2 6 1 1 2 6 1 1 2 2 3 4 1 1 1 1 3 3 2 4 2 8 1 1 1 1 2 15 2 1 1 5 4 6 2 9 4 15 1 3 1 12 3 2 2 139 9 1 2 1 9 1 105 1 1 3 2 2 1 5 2 1 2 2 2 6 25 10 1 2 2 4 3 111 3 3
2 4 1 2 1 1 11 1 2 3 2 5 3 6 2 2 6 2 2 10 6 15 1 19 1 2 4 4 2 2 3 7 4 26 1 2 1 2 1 3 1 7 1 3 4 1 1 1 1 1 25 1 3 2 1 1 2 2 2 19 3 296 1 3 3 5 2 1 2 2 10 2 2 1 1 1 1 6 2 2 1 1 2 6 2 1 2 1 2 5 1 2 1 1 2 1 1 2 1 11 425 2 3 2 1 5 1 2 2 13 2 7 1 1 3 2 1 1 1 13 3 3 2 3 13 2 2 1 42 3 2 2 2 1 1 2 2 14 1 1 10 2 9 1 5 1 21 2 1 4 13 15 1 2 2 3 2 3 26 8 2 3 1 2 2 1 2 2 1 11 1 1 2 2 4 4 2 1 2 2 2 3 1 1 1 361 1 2 1 1 2 1 6 5 2 2 1 2 1 1
1 4 1 3 5 1 1 16 8 1 1 25 4 3 9 1 1 25 3 2 2 2 5 3 23 1 3 1 2 3 3 1 1 1 3 2 1 7 1 1 4 1 3 1 2 1 18 3 2 1 1 3 43 4 3 1 9 14 1 6 11 1 2 4 13 1 3 1 3 1 9 1 1 2 1 1 3 8 1 26 1 1 11 2 1 1 37 6 17 4 6 1 1 2 30 1 2 9 10 1 2 1 16 17 2 1 3 1 2 1 3 6 1 2 3 3 3 3 3 4 2 5 2 9 1 2 2 1 2 1 9 2 1 3 2 2 8 2 4 38 2 13 2 12 2 137 1 1 5 28 2 3 2 1 2 1 2 6 2 4 2 2 25 3 2 3 3 1 2 1 1 2 6 2 1 1 3 10 1 4 2 2 7 8 1 1 2 2 1 7 1 1 2 2 2 1 4 1 1 1
1 1 12 5 35 2 5 2 4 2 1 3 1 1 3 1 1 6 2 1 2 2 3 2 1 1 59 1 1 1 7 2 2 2 2 1 3 2 2 1 4 3 9 2 3 1 2 1 31 1 1 16 1 1 3 24 13 36 1 3 2 7 6 8 1 2 26 1 3 3 2 1 2 2 2 3 2 11 2 6 3 1 1 4 1 3 3 6 3 315 2 1 2 1 2 2 3 14 2 1 2 1 33 11 3 15 1 2 2 3 1 5 1 14 1 4 1 1 1 6 2 2 2 3 2 6 188 1 2 4 2 3 15 5 2 17 2 4 3 13 1 2 2 4 1 11 6 1 4 4 3 3 2 3 1 4 1 1 4 1 2 3 1 2 2 3 3 1 1 2 3 1 1 1 2 32 3 2 1 2 1 3 3 1 1 2 1 2 3 2 1 1 1 2 3 20 4 3 1 6
2 43 1 1 2 1 1 1 1 1 1 2 3 4 2 1 2 8 5 3 1 3 1 3 3 3 4 2 1 1 2 9 1 2 2 2 2 1 2 8 10 1 2 2 3 3 1 2 11 1 1 1 1 1 2 2 3 1 13 115 6 1 1 2 28 1 8 9 2 2 3 1 5 8 1 2 2 1 1 2 3 1 8 1 1 2 1 1 2 6 1 1 1 22 5 34 1 2 2 50 2 2 3 6 5 1 16 5 2 2 5 5 1 3 2 1 1 482 3 1 39 2 1 1 4 2 2 11 15 2 6 6 2 2 1 4 5 5 1 2 1 3 1 2 3 1 1 3 1 2 35 3 2 23 17 2 3 5 3 2 10 4 1 1 70 1 5 1 1 6 16 2 6 1 3 1 16 1 3 2 1 1 3 2 2 2 3 2 5 17 5 3 2 3 5 5 1 2 2 1
2 4 2 2 2 2 2 3 1 2 4 4 9 2 2 1 2 11 1 1 1 1 1 5 1 1 17 1 1 6 1 2 2 2 1 1 1 1 2 3 1 1 2 6 3 1 11 4 2 8 179 7 1 3 1 1 5 1 1 1 1 2 1 2 4 2 1 3 51 2 1 1 12 6 3 10 3 2 2 3 1 1 1 3 1 22 1 3 2 1 1 3 6 2 60 3 1 3 2 1 1 3 1 11 2 2 1 1 10 2 4 2 2 3 2 4 1 3 8 3 1 1 1 3 1 3 1 1 1 1 1 1 3 6 37 1 7 5 2 1 1 2 1 2 2 3 3 2 1 16 3 1 2 5 1 15 3 2 48 1 6 6 1 7 3 2 1 3 1 3 4 3 1 1 9 5 2 3 2 1 1 2 2 2 1 2 74 2 1 4 10 18 1 1 1 4 1 1 2 4
2 2 1 3 1 2 7 2 1 2 4 2 5 5 1 2 3 2 2 98 2 8 1 20 22 1 2 2 55 4 2 3 1 2 1 3 3 3 2 1 3 4 1 4 2 2 2 47 34 1 1 1 2 15 3 44 1 2 2 4 2 5 5 2 1 1 2 2 2 2 1 1 1 1 5 3 2 1 2 1 7 7 8 1 1 2 4 2 2 1 5 2 2 29 4 2 2 4 2 2 1 1 1 1 2 1 3 34 7 1 3 1 2 3 1 1 1 3 1 2 4 4 26 6 1 3 2 19 4 15 4 1 3 2 1 1 3 1 11 4 1 3 2 4 2 1 16 2 2 1 3 2 5 36 3 2 2 3 2 18 1 4 5 2 1 2 2 3 3 1 4 37 3 1 1 1 4 4 1 1 6 30 4 1 3 3 1 7 1 2 1 2 8 1 1 4 2 1 1 5
1 4 22 2 2 5 5 2 1 1 3 2 3 109 1 4 33 1 1 4 3 10 3 2 8 4 3 3 2 5 3 15 6 5 7 4 4 3 2 1 3 1 16 4 2 4 3 2 1 3 2 1 1 2 2 4 2 2 3 1 7 2 2 1 9 4 3 2 1 1 12 7 4 2 7 11 1 2 1 1 2 1 1 3 3 225 2 1 1 2 2 4 2 1 2 1 1 2 1 2 4 3 4 1 6 1 8 1 7 2 2 1 5 3 2 2 2 3 7 4 1 2 14 1 1 6 1 35 4 2 4 1 2 10 4 1 2 1 1 1 1 12 14 13 2 1 1 1 1 2 2 1 1 4 4 43 3 1 5 4 40 36 2 5 1 8 1 1 1 1 1 1 13 2 1 1 4 1 4 1 2 2 3 2 1 1 2 2 2 2 3 1 1 1 1 1 1 2 1 1
1 17 2 4 13 134 4 2 1 2 2 5 2 1 3 1 3 2 2 3 1 2 2 7 2 4 2 4 1 1 3 2 13 4 43 10 2 1 2 1 3 23 3 7 3 111 3 3 1 2 1 3 7 1 1 2 2 3 1 2 2 1 5 1 2 1 1 2 1 2 151 3 2 2 16 2 3 1 2 1 6 1 2 1 2 2 1 1 2 4 1 1 1 8 5 4 8 6 5 3 2 1 3 6 2 2 4 1 51 2 1 3 5 4 19 1 2 1 3 2 2 1 2 17 3 2 1 1 3 2 21 2 2 1 2 2 1 1 12 1 3 1 3 1 1 1 4 4 8 1 2 3 1 2 2 2 1 20 1 1 77 2 9 10 3 1 4 2 29 1 2 8 3 1 1 4 3 2 2 5 1 5 10 5 3 1 1 6 2 4 3 1 10 1 7 1 6 3 10 1
65 1 2 3 2 2 5 2 3 3 1 1 3 1 4 1 1 1 12 2 30 3 2 6 6 7 3 2 1 1 2 1 2 8 1 46 3 2 1 2 2 2 10 5 2 3 3 1 1 5 4 1 2 4 2 29 11 1 2 2 2 2 2 1 1 1 1 2 34 3 1 2 1 2 4 2 2 10 24 2 3 10 1 2 2 1 4 2 2 2 5 1 7 2 15 3 1 2 3 2 53 2 7 1 3 2 1 22 34 1 5 3 1 2 2 6 2 1 2 2 2 1 2 29 1 14 2 2 2 2 213 3 5 2 1 1 2 2 1 1 3 5 2 1 3 2 2 1 1 6 3 7 16 15 2 15 2 2 2 3 5 2 1 2 2 7 2 5 14 3 2 12 2 2 2 2 1 1 3 1 2 3 1 2 2 2 10 2 3 4 2 1 14 2 1 44 3 3 1 1
3 1 2 2 8 4 1 2 1 1 1 1 16 1 1 1 4 1 1 2 1 4 1 6 4 2 2 2 14 10 6 5 3 3 1 2 4 4 2 71 2 1 1 4 1 24 26 3 1 1 10 1 2 49 1 5 1 2 1 1 5 51 1 2 2 8 2 9 1 4 2 2 5 3 1 2 1 13 4 1 2 3 2 1 8 1 2 1 2 6 3 6 3 3 1 8 3 12 1 2 11 1 2 2 3 2 13 1 7 1 2 3 2 10 1 7 5 1 3 3 3 2 1 1 9 4 224 1 1 3 2 13 2 4 1 4 2 4 2 2 1 1 2 1 2 1 7 111 4 2 2 3 1 1 2 7 1 5 1 6 2 1 1 1 4 2 1 5 2 3 1 3 2 1 3 2 1 15 10 15 306 1 1 42 6 18 3 1 1 1 2 22 2 1 1 1 1 1 1 4
2 1 2 6 3 3 5 1 13 1 14 2 44 2 1 1 1 4 2 1 1 2 3 2 2 4 1 16 2 2 4 1 3 2 2 1 5 2 1 37 1 2 3 3 1 1 3 1 18 6 3 1 1 3 2 3 1 3 3 3 1 2 4 3 2 1 2 1 3 23 4 1 14 2 1 1 2 2 7 1 2 9 4 4 2 32 1 3 1 3 1 5 2 1 1 1 3 2 2 1 4 4 2 1 2 2 2 365 1 3 1 3 24 2 2 1 2 1 2 1 68 2 16 4 2 2 1 5 1 3 9 7 16 2 2 1 3 4 3 3 2 33 1 1 2 2 4 16 1 4 2 3 1 1 3 1 1 2 2 9 7 2 1 6 2 62 1 2 3 3 1 1 3 13 2 1 7 125 20 2 17 1 4 1 1 2 1 2 1 1 3 2 3 3 1 4 1 9 1 2
2 1 1 1 3 2 4 7 1 15 4 3 7 5 2 1 7 1 6 1 2 5 2 2 3 2 1 2 5 1 5 1 1 4 6 1 2 2 2 13 3 1 21 1 6 3 3 2 2 15 3 2 3 3 42 3 1 2 1 1 2 1 3 2 1 3 3 1 11 3 19 25 4 2 28 2 342 1 12 2 1 2 3 3 4 2 3 2 2 3 3 5 1 5 5 1 8 8 1 2 1 3 3 7 1 6 2 1 1 5 2 8 1 4 5 2 1 2 1 23 2 1 2 1 4 5 14 2 5 1 1 2 1 1 1 1 4 1 1 12 10 3 4 1 2 1 12 2 4 2 11 1 1 2 2 1 22 2 4 3 2 2 2 3 8 1 3 1 1 19 2 1 1 1 5 3 2 25 6 89 1 6 2 4 2 36 2 37 2 19 2 2 1 4 1 3 2 1 2 10
2 6 6 22 4 10 2 2 11 1 4 3 1 3 3 10 1 4 209 2 4 3 2 1 2 4 17 1 1 4 1 10 2 1 1 4 2 6 62 4 7 1 1 1 2 5 2 6 1 1 1 2 1 3 2 18 2 5 1 2 2 1 3 5 2 1 7 1 1 7 2 3 6 2 10 3 9 4 2 2 1 3 2 1 1 7 2 3 2 2 3 1 2 3 4 3 1 2 1 2 2 2 4 1 4 1 17 2 1 2 2 1 19 1 2 4 2 4 32 3 1 1 2 3 3 1 1 10 4 13 3 5 2 1 5 3 2 1 2 1 14 4 2 1 8 2 2 1 2 1 84 4 1 25 3 1 1 1 3 2 1 8 9 1 4 2 1 8 3 6 6 1 2 3 1 1 143 3 21 1 2 2 1 16 1 13 29 1 2 2 3 1 1 1 4 3 1 18 2 157
3 92 1 1 1 75 1 1 8 4 2 2 3 2 1 1 6 2 2 2 3 4 1 2 2 2 3 3 3 7 5 67 4 2 4 3 1 3 2 29 5 1 15 5 3 1 1 2 7 2 1 143 2 9 1 30 1 2 2 5 2 2 4 44 2 1 2 1 1 2 2 1 4 1 2 9 1 1 1 1 1 1 2 1 5 1 4 4 1 1 1 3 7 2 2 2 4 1 13 60 2 10 1 2 2 1 6 2 2 45 1 2 1 1 1 1 105 1 1 3 3 2 1 4 6 2 2 1 4 2 3 12 4 1 4 2 109 2 2 1 1 1 1 10 12 1 3 1 2 9 1 7 3 2 4 23 12 1 1 6 1 1 2 1 2 22 11 1 3 1 3 2 1 18 3 2 1 4 2 4 4 1 1 6 1 1 51 1 8 1 1 33 1 21 1 1 1 1 5 74
2 7 1 5 2 1 4 3 2 2 4 6 2 5 1 1 2 5 2 4 6 1 2 3 1 2 1 2 1 1 1 2 2 2 1 2 9 23 4 2 19 1 1 1 1 1 3 5 4 3 1 19 2 1 33 1 34 2 9 1 1 5 2 1 3 3 8 2 3 10 2 2 1 1 2 3 4 1 1 1 2 2 3 9 4 5 29 2 3 2 4 2 1 1 2 2 2 1 2 11 2 2 3 1 9 2 3 3 4 1 1 2 1 7 1 3 1 1 12 2 2 14 41 4 2 26 3 2 2 1 1 2 1 1 8 1 1 2 12 2 54 4 22 7 2 4 3 1 1 2 2 1 2 2 2 1 6 3 3 2 1 3 1 10 2 1 5 2 7 2 1 2 1 2 2 1 1 11 1 1 3 4 1 5 1 3 2 1 70 1 1 1 37 5 2 2 1 2 1 19
1 1 6 1 2 1 1 3 2 1 1 1 5 1 2 4 4 4 13 2 4 8 20 2 23 4 4 6 1 2 2 4 2 2 1 4 3 2 20 2 5 1 1 3 6 1 17 8 12 10 13 140 1 3 1 2 1 1 2 2 8 3 1 1 3 1 1 3 38 3 1 2 2 9 2 2 5 1 1 1 3 1 13 2 2 2 1 2 2 1 1 3 2 3 2 3 3 1 18 2 5 7 1 1 2 1 1 1 1 1 6 10 3 1 2 10 3 1 1 1 2 2 2 7 1 1 2 7 2 20 12 2 9 3 1 2 6 2 3 20 1 7 1 1 2 3 2 5 4 2 4 1 2 1 2 4 4 4 2 2 4 1 2 3 1 2 1 4 2 1 1 1 104 2 2 3 1 2 8 1 1 1 3 2 2 31 2 1 1 3 111 2 1 3 10 1 1 2 1 19
2 2 1 2 1 2 1 2 1 2 2 1 3 1 1 1 3 1 4 3 7 5 1 2 1 1 1 2 4 1 3 1 2 3 1 16 1 2 1 2 6 1 2 3 2 1 1 2 5 3 7 1 1 2 5 1 17 2 2 9 3 3 1 4 1 1 1 1 16 4 1 2 1 3 1 2 1 3 13 3 20 1 1 1 3 3 2 2 2 10 1 1 3 13 2 1 2 2 3 2 5 1 2 1 1 8 40 1 8 2 1 1 6 6 2 2 2 8 3 4 1 2 5 1 1 1 2 1 1 3 26 4 2 2 1 16 2 1 1 4 1 3 21 3 1 11 1 13 6 2 1 1 83 1 1 11 2 2 2 11 2 1 10 2 2 3 1 2 6 12 27 2 3 9 6 3 1 1 2 11 3 1 9 4 2 7 2 11 1 4 2 2 1 1 23 7 1 1 1 1
2 27 34 1 2 2 5 1 2 1 6 1 1 18 1 7 2 3 2 8 351 2 2 1 2 1 2 1 2 7 1 2 1 6 51 2 2 2 1 3 1 139 1 1 2 3 2 7 1 28 1 2 2 15 1 2 31 2 1 13 2 3 1 2 7 6 3 4 7 2 1 3 1 4 2 1 8 1 5 1 4 13 1 3 1 6 4 12 3 3 2 3 2 1 2 3 1 15 1 1 1 2 3 6 1 2 1 3 1 5 1 1 1 7 1 2 3 1 2 1 1 10 1 2 3 1 7 19 2 2 5 4 2 2 2 1 1 1 2 9 1 5 1 21 4 1 6 2 12 1 1 2 4 10 1 1 1 1 7 2 2 26 1 3 2 2 1 2 2 1 13 3 4 2 2 3 1 4 2 4 3 3 1 2 3 5 1 3 10 8 4 4 1 1 5 5 5 3 1 4
2 4 4 2 1 4 1 1 1 18 1 2 1 4 5 1 18 2 2 1 3 1 23 4 1 2 2 1 4 1 1 1 3 4 151 1 5 1 1 4 1 40 3 6 1 3 2 2 1 1 1 1 1 2 1 1 3 7 4 1 1 2 5 3 2 3 5 2 5 3 3 1 1 2 11 1 4 5 5 2 4 1 2 2 2 3 1 3 1 3 4 6 19 3 1 2 4 2 1 196 2 8 5 1 1 1 2 4 6 1 4 2 1 1 1 2 4 1 2 1 1 1 1 2 1 3 7 2 15 1 10 3 1 2 2 2 1 2 1 2 2 2 3 1 1 1 11 3 2 9 2 3 6 17 5 3 1 2 3 3 2 2 1 2 1 1 1 2 2 3 2 2 1 1 1 37 3 2 4 8 32 17 4 5 2 1 4 7 1 2 1 1 1 1 1 3 1 16 2 2
87 1 2 14 1 1 5 1 2 58 4 2 4 1 2 4 2 7 11 6 4 1 1 2 3 2 1 3 2 6 3 20 4 1 8 1 3 1 2 1 3 2 1 2 1 3 4 3 3 3 3 1 2 2 1 1 1 1 2 3 1 1 3 3 2 1 2 4 2 1 2 1 8 2 6 1 1 1 1 1 1 2 3 6 6 2 3 2 1 2 4 2 3 8 3 1 1 2 29 1 1 1 2 5 1 1 3 266 3 6 2 4 2 3 88 13 1 29 4 8 7 3 1 1 6 11 1 1 2 9 3 1 2 5 2 2 2 1 1 2 2 1 2 2 12 7 1 1 20 1 2 2 2 2 1 26 50 1 1 6 21 1 3 2 5 1 4 2 1 2 1 2 10 1 4 3 3 7 2 1 1 2 1 1 3 9 2 23 1 2 3 3 3 1 4 3 4 2 4 1
1 5 1 1 5 2 2 2 2 2 1 8 1 1 5 3 1 21 2 2 1 2 24 64 2 1 2 1 1 12 3 10 3 1 2 1 5 1 6 2 1 2 3 2 14 2 1 5 4 1 2 20 3 4 1 1 1 1 1 1 2 1 8 3 2 1 3 2 2 1 2 8 1 10 1 1 3 126 5 2 2 2 2 195 1 2 1 16 12 5 6 1 1 33 2 5 44 6 4 9 8 2 3 4 2 1 5 17 6 1 31 5 4 1 2 1 23 1 2 3 13 2 2 9 1 2 4 1 1 2 1 1 1 1 2 2 2 1 1 1 1 2 12 7 1 5 7 5 2 1 1 4 2 2 2 29 1 6 1 1 2 2 1 252 2 1 12 3 1 1 2 6 3 2 1 1 2 1 6 4 5 1 3 1 1 14 2 2 2 1 4 5 3 6 1 1 1 2 1 2
2 14 1 2 1 2 4 2 3 2 8 1 1 1 1 3 2 4 3 2 3 2 2 1 7 1 2 15 2 1 2 2 1 4 2 1 3 1 1 1 26 2 8 175 2 1 58 1 1 2 1 1 2 7 3 1 3 2 1 2 2 2 1 1 3 3 1 6 27 7 4 1 1 7 18 1 1 8 2 1 2 1 2 7 1 1 1 3 14 5 3 2 13 3 2 10 7 6 1 2 7 8 8 3 2 8 1 33 2 1 5 2 1 3 2 1 122 1 3 2 1 3 1 4 3 2 4 1 1 2 9 2 3 24 3 3 18 32 2 4 1 2 2 2 1 2 1 1 2 1 6 4 2 2 2 2 2 1 1 31 1 1 11 2 20 1 5 1 7 1 1 12 4 1 2 1 1 22 1 204 8 1 2 5 4 2 1 36 1 18 1 1 3 39 49 1 3 1 1 13
1 9 60 1 6 113 2 1 2 7 2 27 1 4 9 2 1 2 1 8 2 2 16 1 3 2 1 2 2 2 2 1 2 4 16 1 2 2 2 1 2 2 6 1 1 1 2 1 2 1 2 2 45 2 1 4 1 2 3 2 1 1 2 1 4 3 4 2 6 3 4 2 4 1 1 2 28 1 4 1 6 3 2 1 1 6 24 4 13 1 1 2 5 1 2 1 1 2 3 3 2 2 1 10 1 9 1 2 1 6 5 2 189 4 48 2 4 8 2 14 2 8 12 5 1 2 2 2 1 1 2 3 1 1 1 1 3 3 1 2 21 73 2 3 1 179 3 63 11 6 10 1 5 3 1 13 11 5 2 8 2 3 1 19 2 2 1 1 2 14 2 6 2 1 3 2 2 1 1 2 1 2 8 4 1 2 2 2 15 5 2 2 1 10 1 2 1 1 2 136
1 9 2 2 2 1 3 1 2 1 2 2 8 1 2 16 7 1 1 2 1 1 1 2 9 2 2 16 4 1 1 13 1 1 3 7 1 2 7 1 1 18 4 6 4 475 1 2 1 2 5 3 5 16 1 3 3 1 2 1 7 4 8 6 6 1 8 4 2 1 1 2 2 4 4 7 3 1 2 20 3 1 2 20 3 2 2 1 4 5 1 1 3 1 1 2 2 5 2 3 4 2 3 83 8 2 1 1 2 1 6 1 5 3 3 1 1 4 3 1 4 1 1 2 2 1 1 1 51 1 3 2 2 1 5 12 11 1 3 2 2 2 209 2 8 1 12 71 4 1 15 2 61 2 1 2 1 168 2 6 1 9 2 2 11 1 6 3 1 1 8 3 1 1 1 1 3 1 13 3 34 2 2 1 53 1 2 1 317 1 1 1 13 1 1 3 5 4 5 11
1 2 2 2 2 4 1 1 45 1 3 3 3 2 1 3 1 1 1 4 2 3 8 6 3 60 2 2 3 2 1 3 1 52 2 5 2 1 11 26 4 2 1 1 2 2 7 3 1 135 1 1 3 2 5 10 1 1 2 1 1 1 9 1 2 1 4 4 13 1 1 1 1 12 1 3 2 5 1 17 1 2 85 1 3 2 5 92 4 3 3 5 3 2 6 2 1 2 1 45 1 1 3 2 1 3 2 18 1 2 2 7 1 6 2 7 3 3 2 2 3 4 1 1 3 1 5 3 13 17 2 1 43 22 1 2 1 16 2 5 1 4 5 1 1 5 1 2 2 1 1 1 2 1 10 1 11 1 1 2 2 3 5 1 5 2 2 3 3 5 7 2 2 42 4 1 2 2 2 6 1 2 1 4 8 2 1 2 12 1 2 1 5 1 2 3 3 2 2 2
2 4 1 2 2 1 3 1 3 2 7 2 4 2 2 3 5 1 1 1 1 2 2 1 1 12 4 1 4 2 2 1 2 1 1 3 2 61 9 2 7 4 2 2 1 3 1 3 8 1 3 7 4 1 1 2 1 3 2 1 3 1 1 2 38 1 11 2 15 5 5 4 7 5 1 4 9 1 26 3 1 1 1 1 8 5 1 4 11 2 14 1 1 5 9 1 2 3 7 1 23 4 1 2 3 24 3 3 1 2 1 17 6 1 43 1 1 3 2 19 1 1 1 1 3 3 1 1 1 6 2 2 1 1 5 3 4 3 4 1 2 2 1 3 1 1 11 1 7 1 4 1 2 2 6 4 3 2 3 2 1 1 1 2 4 1 6 1 1 1 5 10 1 2 4 2 1 5 3 1 18 99 1 1 2 2 1 8 11 2 1 1 1 3 2 2 1 1 2 1
2 2 3 1 2 14 14 15 1 1 2 1 9 3 2 4 3 2 2 5 2 4 1 3 2 2 4 3 1 9 2 13 6 2 2 2 1 2 2 2 1 2 1 2 1 2 1 2 1 6 3 1 2 4 1 5 1 1 1 2 3 1 4 1 16 4 3 2 6 2 1 1 1 5 1 1 9 22 3 21 26 5 2 1 1 3 1 1 10 2 1 1 5 1 4 3 4 280 1 1 1 5 2 1 3 1 1 3 3 3 4 5 1 2 5 1 2 5 2 1 1 2 3 4 28 4 2 6 3 10 1 2 2 2 1 1 2 2 3 1 1 1 1 11 3 5 1 2 2 1 2 1 1 1 4 1 2 7 2 4 1 2 2 1 1 1 1 3 4 1 2 4 14 12 3 4 2 158 1 17 3 1 5 1 4 3 1 2 13 9 5 2 1 6 7 2 4 2 2 29
1 3 2 1 1 10 1 1 4 2 13 4 1 8 3 1 5 3 14 2 2 5 7 2 2 2 4 52 2 11 1 1 3 1 10 2 1 4 1 2 1 4 1 18 2 2 1 2 1 1 3 1 2 1 31 6 1 1 1 8 2 107 1 1 1 1 4 2 1 1 3 2 2 1 1 1 1 1 4 1 8 1 1 1 12 2 2 4 3 2 1 5 1 2 1 22 2 1 1 2 2 3 3 1 2 2 2 5 1 1 22 2 1 2 4 1 1 1 2 2 1 3 2 1 4 8 91 2 1 1 1 1 1 1 2 3 1 1 2 1 3 3 2 7 2 2 1 1 2 1 7 61 11 3 2 11 2 2 1 4 4 1 1 1 1 1 3 1 1 6 1 2 1 1 2 1 5 2 2 11 6 1 2 2 3 1 2 2 2 1 3 6 1 1 2 7 13 22 4 1
4 1 1 3 3 1 4 1 4 2 1 1 2 2 2 8 66 2 4 1 1 2 2 1 5 2 9 1 1 1 16 1 2 1 4 63 3 2 3 2 2 1 2 86 1 2 4 2 3 1 109 2 1 2 2 2 4 3 2 1 2 1 13 2 2 2 4 1 2 3 1 3 4 1 1 2 2 1 3 2 1 2 2 2 1 1 1 2 3 2 5 9 4 2 2 2 1 1 1 53 1 1 1 6 2 2 3 2 4 3 1 13 1 2 1 1 2 8 2 3 4 4 1 3 4 1 9 1 454 3 1 5 1 3 2 2 3 1 1 1 6 16 2 1 5 1 3 1 1 1 1 4 3 7 9 3 18 5 4 37 1 2 1 18 2 2 2 4 1 2 3 1 3 1 2 3 1 4 3 6 4 3 1 1 1 237 1 2 7 5 2 1 1 1 1 1 2 6 4 3
2 2 1 23 1 1 8 4 5 3 13 36 1 1 4 2 3 15 3 1 4 16 1 1 133 11 2 2 1 3 2 1 2 2 2 1 1 14 1 1 17 2 1 3 1 2 1 3 5 2 2 9 3 6 2 3 3 2 2 2 2 5 11 3 2 2 4 1 10 3 1 2 28 1 2 1 3 1 1 1 7 16 2 14 3 1 20 1 2 1 45 2 1 4 7 1 1 4 2 2 52 1 2 1 5 8 1 1 1 3 3 6 17 1 2 5 2 4 7 2 3 2 1 4 4 1 8 1 1 3 3 7 1 10 1 1 12 2 2 2 48 24 1 2 9 1 81 4 3 1 4 1 1 3 188 5 2 13 1 2 2 4 3 1 2 1 2 1 1 4 6 2 11 1 1 3 2 21 6 3 3 2 6 4 1 4 1 2 3 5 4 1 1 1 6 2 10 2 2 1
3 1 1 2 2 1 6 9 1 1 1 2 2 2 1 15 2 2 1 5 2 17 1 2 9 2 3 1 4 1 1 1 1 1 5 7 2 1 1 1 10 5 2 2 2 2 16 2 3 1 2 2 2 9 1 1 2 3 6 4 2 15 3 8 15 4 1 1 1 4 1 4 2 2 5 1 28 14 1 2 2 5 5 2 2 17 2 111 3 4 1 2 1 17 3 4 2 1 2 4 2 5 7 2 4 1 3 7 5 3 2 2 13 3 2 1 3 3 1 4 1 1 2 1 11 2 2 2 26 61 1 1 26 2 7 3 1 5 2 7 2 6 1 1 2 1 1 3 17 8 2 1 1 2 4 1 5 1 2 7 2 3 2 1 2 4 28 1 43 1 9 3 5 1 4 1 19 4 2 9 7 3 2 25 4 3 2 5 2 2 2 1 5 28 13 2 2 1 6 3
2 2 2 2 2 1 2 2 27 197 2 2 2 1 19 15 1 15 5 3 1 2 2 4 2 1 2 1 35 1 2 4 3 2 3 2 3 1 2 1 6 7 1 2 2 2 3 1 1 1 1 4 2 5 2 1 2 5 3 3 7 1 1 1 2 3 2 6 1 4 7 27 2 61 8 2 1 1 5 1 1 5 19 2 14 1 1 21 2 3 4 1 4 1 1 4 1 28 1 2 5 2 2 1 10 1 13 4 5 1 7 1 1 2 2 2 1 2 2 2 6 1 3 3 2 4 4 2 1 1 1 1 2 2 1 1 5 1 2 1 1 1 2 1 1 3 1 1 2 10 1 1 2 1 4 1 1 2 3 2 2 5 3 3 2 1 113 6 2 2 1 1 10 3 3 2 2 4 2 4 1 1 3 2 13 8 1 1 9 10 2 1 1 1 1 2 10 6 3 1
1 48 1 8 1 1 2 1 4 3 1 2 1 2 3 1 2 7 1 1 1 3 2 1 3 3 7 1 2 98 1 64 3 7 7 1 5 2 11 2 2 1 3 5 8 2 1 1 3 1 2 1 1 2 1 3 3 4 2 2 2 1 14 2 1 1 2 2 2 2 1 12 2 2 5 2 4 5 1 3 2 3 8 1 1 1 2 2 1 3 2 1 2 2 2 4 5 1 1 4 5 3 5 1 3 2 2 2 1 2 2 1 2 2 73 6 5 2 1 7 1 8 2 15 4 2 6 1 4 2 4 2 1 1 1 2 1 1 2 13 3 16 2 1 3 3 5 14 1 1 3 4 1 5 4 4 1 5 3 3 2 4 1 1 5 2 3 2 1 2 2 1 7 1 1 5 2 4 1 1 2 11 1 2 1 5 1 1 1 3 4 3 2 2 3 50 9 8 1 4
7 2 4 10 1 1 1 1 1 5 3 6 2 1 1 5 1 26 1 1 1 1 1 2 1 2 3 4 3 4 2 6 1 3 3 2 6 5 8 2 2 4 22 2 2 1 3 2 1 4 4 8 2 3 2 2 12 1 3 6 1 27 6 2 1 2 1 15 2 8 3 7 1 1 6 1 115 2 2 33 1 2 5 1 6 3 1 1 12 13 1 3 2 10 2 2 4 2 2 29 2 8 1 4 1 1 1 1 1 2 1 1 1 2 3 10 1 3 73 1 1 5 6 3 1 1 2 4 2 1 2 1 6 1 2 1 4 5 1 12 3 1 4 3 2 2 3 4 4 7 2 2 1 2 1 3 13 4 2 135 3 1 2 1 1 2 4 1 4 1 4 2 1 1 1 1 2 2 2 3 6 1 8 3 22 2 1 2 1 2 1 1 7 2 2 3 2 2 1 4
4 128 16 2 7 12 44 1 2 10 1 2 1 81 1 1 3 1 2 1 9 3 4 1 5 4 4 1 14 7 1 1 2 2 2 3 1 2 1 35 2 34 1 8 4 1 6 1 3 1 1 3 1 2 5 1 1 10 2 2 5 3 4 7 1 2 1 30 1 1 1 7 26 2 2 1 2 1 3 4 2 3 1 3 2 2 11 1 1 5 5 6 12 4 1 1 3 2 2 18 1 2 9 3 3 1 11 5 1 2 1 2 1 2 1 2 15 5 11 2 4 2 1 1 8 2 4 2 2 1 1 2 2 1 2 3 1 12 4 8 2 1 2 3 2 4 4 2 1 3 2 1 6 4 3 3 5 3 1 4 3 25 9 2 2 1 2 8 24 3 2 1 1 2 2 1 9 1 3 2 2 2 1 2 3 2 2 1 13 1 1 1 1 1 2 4 2 2 4 2
1 4 1 18 1 1 2 12 7 2 1 5 1 1 1 1 1 1 4 4 1 2 12 2 1 3 4 2 28 3 4 3 1 9 1 5 8 1 1 1 1 7 2 1 1 10 4 2 1 1 18 2 4 1 5 2 6 11 2 2 3 1 5 1 1 4 2 2 1 1 1 3 1 8 2 1 5 6 3 92 6 215 1 2 4 1 81 5 2 1 2 13 43 6 2 2 14 2 1 2 6 2 35 1 1 2 2 2 2 3 3 3 24 3 2 4 1 1 45 1 1 24 116 2 2 1 6 5 3 3 1 5 1 4 2 2 1 1 34 5 4 1 2 1 1 79 1 2 1 2 9 1 8 1 1 7 2 2 2 1 1 1 1 3 1 2 1 1 1 4 2 2 2 1 1 3 2 1 2 2 1 1 2 2 2 2 3 1 2 2 1 4 1 3 2 5 1 1 1 2
1 1 1 1 138 1 25 5 2 3 7 4 1 10 5 3 2 3 3 1 4 1 1 5 2 2 1 1 1 10 2 2 1 6 4 5 1 13 303 1 1 1 3 1 5 3 2 3 7 1 15 1 3 10 1 3 3 2 2 3 4 15 2 2 5 3 3 1 3 14 3 1 1 1 2 1 2 50 2 3 3 2 2 4 1 2 2 1 1 2 1 2 1 1 2 2 22 2 1 1 5 3 2 1 2 1 38 3 1 8 5 2 1 1 50 2 1 1 1 5 1 1 1 5 4 1 1 1 1 1 1 1 1 3 2 2 2 2 2 26 77 1 1 3 1 1 2 3 2 97 4 1 2 11 1 1 1 3 1 1 1 1 9 7 1 1 1 1 1 2 5 2 1 3 2 2 5 7 2 1 1 4 2 1 2 1 11 2 1 43 1 6 5 5 13 1 6 4 1 2
2 1 5 1 2 5 5 2 1 2 1 2 3 15 8 1 5 4 1 4 1 2 1 13 1 4 1 1 1 2 2 2 1 1 1 1 2 1 5 2 3 1 1 2 189 102 4 5 4 2 2 10 1 1 7 1 2 1 4 14 2 3 3 2 4 7 2 1 1 2 3 6 2 1 1 1 3 2 3 3 2 2 5 1 13 11 2 1 1 1 1 1 1 2 2 5 11 1 5 2 2 2 2 7 5 1 4 2 4 5 3 2 1 3 17 4 1 18 2 3 3 452 2 2 1 1 2 1 1 2 2 3 1 4 4 2 1 2 1 3 1 33 3 1 37 1 2 2 1 3 4 1 4 9 3 1 1 2 1 1 3 1 3 33 5 1 1 17 2 1 1 4 1 1 2 4 2 1 2 10 2 323 3 1 9 8 1 6 2 9 1 7 3 25 7 6 7 1 2 1
4 2 1 35 1 3 1 1 1 1 29 1 4 9 7 2 1 1 2 4 2 11 1 1 4 5 1 4 2 1 1 2 1 1 6 8 1 5 1 4 2 21 2 4 2 2 4 2 1 1 2 1 1 5 1 13 5 2 2 2 4 5 2 2 2 12 2 1 5 9 4 1 2 2 3 2 3 1 1 3 1 1 3 2 2 6 1 21 2 10 6 5 20 5 7 1 45 3 1 4 6 2 8 1 1 2 1 2 2 1 1 3 1 1 1 1 8 1 11 9 1 8 1 2 1 182 14 3 3 4 24 1 3 2 2 3 1 2 2 3 6 1 4 3 1 1 21 3 1 1 2 1 1 2 2 2 4 1 3 1 30 11 1 1 2 9 3 2 1 2 2 11 1 3 4 2 2 1 3 1 2 2 3 3 2 1 5 7 2 1 4 1 4 90 2 2 3 4 10 1
1 1 1 2 1 1 412 1 1 12 1 2 2 2 1 2 2 2 1 1 1 4 2 5 1 1 9 2 10 1 1 2 2 1 4 3 4 2 64 2 19 4 2 12 10 2 1 1 1 5 1 2 2 2 5 6 1 3 1 4 57 1 21 6 1 1 2 3 2 2 2 5 3 1 5 2 2 1 2 1 2 1 1 1 4 1 89 1 5 2 1 2 1 1 1 2 2 403 2 3 5 2 4 1 3 19 4 1 1 1 1 2 2 9 9 3 2 2 1 1 3 3 2 2 34 8 2 149 8 6 1 2 1 2 5 1 15 8 1 1 5 2 3 1 1 11 13 3 5 1 6 2 1 1 2 2 2 3 1 5 2 1 1 1 71 1 3 2 3 255 2 7 1 4 8 2 37 2 34 1 2 3 1 1 3 4 2 5 2 1 5 157 2 2 2 1 2 1 1 1
4 3 5 1 6 2 3 1 7 2 1 3 2 1 8 16 2 1 1 2 11 5 1 5 2 1 2 19 7 11 3 4 2 2 2 2 42 4 2 2 3 2 1 2 1 4 4 5 22 413 2 9 10 2 7 8 4 1 7 1 3 23 1 2 1 2 1 2 2 8 4 1 6 5 2 15 3 6 1 1 3 1 7 9 1 16 2 4 4 7 1 3 1 11 2 3 2 2 4 3 2 1 2 8 3 1 371 4 99 1 7 5 7 9 44 3 2 2 14 1 2 2 3 38 3 2 1 8 2 2 2 4 2 2 1 1 1 9 2 1 1 160 2 2 1 17 1 3 10 2 1 2 8 2 13 6 1 2 5 2 2 7 226 8 1 3 2 1 1 1 1 330 2 1 8 1 6 1 1 1 3 1 3 1 2 1 1 4 4 2 2 5 1 1 1 1 1 4 2 16
1 2 15 2 8 2 1 1 2 1 1 1 2 2 6 2 4 2 1 7 2 3 4 2 2 2 6 1 2 25 18 5 3 1 7 3 4 2 1 1 3 2 2 3 2 2 1 1 1 43 1 1 1 2 52 1 1 1 2 1 1 2 2 16 1 2 3 3 4 2 2 8 4 3 3 1 1 3 1 1 1 1 10 2 3 1 1 3 1 1 20 2 2 1 2 3 1 1 1 1 4 7 2 2 1 2 2 2 6 4 7 3 22 1 1 13 86 1 1 7 8 1 4 1 3 1 1 2 2 1 1 1 5 2 1 1 2 1 29 2 3 56 2 2 2 2 2 4 3 2 2 2 2 2 5 2 28 4 2 2 92 1 3 9 2 1 2 2 7 1 2 28 2 1 1 1 2 2 1 2 36 2 3 1 2 2 2 20 59 1 3 1 1 1 2 2 2 2 1 3
1 1 2 1 1 4 2 10 1 2 2 9 7 2 2 1 1 4 2 2 2 1 10 3 1 3 3 2 21 1 1 1 3 1 7 14 2 2 1 10 1 2 13 1 2 1 1 2 64 2 1 2 2 25 2 2 13 6 2 13 3 1 1 12 2 5 1 3 5 1 2 1 2 2 2 1 1 1 2 3 1 4 1 3 1 1 3 1 2 1 2 7 1 1 5 111 1 2 2 3 10 3 1 9 8 24 1 1 2 2 4 10 28 1 7 1 2 2 1 1 1 2 1 2 11 6 1 2 1 1 4 4 3 2 2 16 4 7 1 1 3 3 7 7 11 3 3 4 1 22 3 2 4 10 2 4 3 27 1 1 2 3 3 88 20 4 2 1 2 11 1 3 2 2 17 1 3 1 7 2 2 7 1 1 2 1 1 2 2 5 1 33 1 2 1 1 1 3 15 1
1 1 5 3 1 5 3 3 1 1 1 3 4 1 3 1 5 8 2 2 1 3 1 1 1 2 2 4 2 1 2 3 1 1 2 1 1 25 6 5 1 2 7 1 8 1 2 3 2 1 1 3 1 1 3 11 1 35 1 1 2 2 3 15 2 1 5 1 1 11 2 1 3 1 1 2 6 1 21 2 1 1 2 3 1 2 5 1 1 3 7 6 1 2 2 4 7 2 2 2 5 1 2 1 1 140 2 1 3 7 3 2 39 5 35 1 5 2 9 1 2 1 2 2 11 1 63 1 5 1 2 3 4 2 9 8 1 2 2 9 3 1 8 2 1 8 1 1 40 4 1 2 2 2 7 32 1 1 1 21 14 13 6 1 4 2 5 6 1 3 118 9 1 5 5 31 1 2 1 2 2 1 1 3 1 2 2 1 1 1 3 1 8 3 4 7 2 1 1 2
1 1 1 1 82 2 1 1 5 3 3 3 1 10 64 3 2 1 2 7 1 2 2 2 1 1 2 2 4 1 2 4 2 2 1 1 2 1 10 1 1 1 3 2 6 2 2 1 1 1 16 2 85 1 4 4 3 3 1 2 4 2 1 2 3 4 1 1 1 2 2 1 2 2 2 8 80 1 1 1 2 1 3 11 3 5 2 5 4 10 5 2 1 2 1 2 37 2 3 2 3 1 2 2 1 2 3 2 1 1 1 5 2 1 1 1 10 3 3 2 1 2 1 2 1 1 1 1 1 1 7 19 2 1 2 1 2 20 1 1 1 1 1 6 5 1 2 2 7 1 5 1 1 2 4 2 3 3 1 4 12 1 7 1 30 2 2 1 8 1 1 19 1 2 4 1 4 1 1 7 4 1 2 11 2 3 1 1 2 2 31 22 2 2 1 3 1 4 1 9
4 4 2 5 2 3 1 11 1 2 1 1 12 2 2 1 44 11 7 1 1 3 1 137 1 1 5 1 1 1 1 7 4 9 1 2 96 1 1 2 2 1 1 11 3 3 2 2 5 1 2 2 3 3 1 4 3 2 2 1 31 2 1 2 65 2 1 4 4 1 2 1 1 9 1 1 72 7 3 4 39 5 1 3 1 15 4 1 4 2 15 2 1 2 1 2 1 3 33 2 3 4 2 6 1 1 4 2 1 4 1 1 1 8 1 3 4 15 7 1 3 1 7 15 2 8 2 1 28 4 8 2 9 6 2 2 6 1 3 4 7 3 1 2 1 2 1 3 3 2 1 2 2 6 1 3 21 2 1 2 2 9 1 20 1 1 1 4 1 1 5 2 2 2 3 1 1 2 2 1 1 2 2 1 3 4 4 1 7 1 2 1 1 2 1 27 3 2 2 3
2 2 2 19 2 2 4 3 1 2 1 18 2 3 2 2 1 1 1 4 2 5 6 2 2 3 9 1 2 2 2 1 1 1 1 9 4 8 1 43 10 1 1 33 16 10 1 8 1 3 10 1 2 2 1 4 4 1 1 8 8 1 1 1 3 2 2 27 5 1 2 1 1 1 3 17 2 3 2 3 11 1 3 3 3 2 4 1 10 2 1 7 1 3 2 1 19 2 4 8 4 1 1 11 2 2 2 1 7 1 2 6 3 2 12 1 1 1 3 3 2 2 3 118 1 2 2 2 2 2 15 2 1 1 2 2 2 1 2 2 2 80 4 3 1 2 1 3 1 1 23 5 2 3 1 2 2 13 2 6 2 1 2 9 1 1 1 1 3 2 2 2 6 1 2 2 1 1 2 3 1 1 1 1 2 4 1 148 3 1 1 6 1 4 1 398 7 7 2 1
1 3 14 2 1 1 1 6 3 1 1 2 2 1 4 7 2 1 2 13 14 1 2 1 9 7 1 2 38 2 3 2 1 1 2 2 1 2 2 3 12 4 1 1 4 5 1 1 16 10 2 2 6 2 1 1 1 1 1 5 11 1 3 1 1 2 1 2 1 2 1 3 2 3 1 1 1 1 2 1 1 10 2 2 4 1 2 1 1 3 1 9 3 1 2 2 1 1 1 2 2 14 2 3 4 3 2 2 1 3 1 2 1 2 2 1 7 1 1 2 2 1 3 1 5 1 4 5 1 9 3 2 1 2 1 4 2 4 4 2 1 4 4 3 10 11 2 4 1 1 5 3 9 3 2 1 12 22 1 2 2 2 2 1 1 1 2 2 5 1 1 3 7 1 1 4 50 2 1 4 2 1 3 3 1 1 6 2 2 2 1 4 4 1 1 16 4 1 13 1
1 1 2 1 2 1 4 3 3 1 1 2 2 1 3 20 1 3 2 3 1 1 2 2 9 4 3 2 2 1 1 5 6 3 2 1 1 2 6 1 4 1 4 8 2 1 3 3 1 27 6 1 2 5 2 2 1 2 2 1 3 2 1 78 474 7 1 4 2 6 2 2 1 5 2 11 2 3 2 1 2 2 1 2 5 3 1 1 4 68 1 4 1 2 2 1 2 1 1 8 4 4 3 1 10 12 10 1 74 4 1 5 4 2 2 1 5 1 2 2 1 2 1 2 9 1 1 1 1 11 1 4 2 3 2 1 2 2 4 2 3 2 37 1 3 1 2 2 5 2 2 1 2 3 3 1 1 3 8 1 2 28 1 1 12 2 4 1 1 5 25 4 1 5 1 3 1 3 1 2 1 2 1 3 1 1 1 4 5 2 2 4 4 3 1 2 2 7 5 1
3 95 41 2 1 4 1 1 4 2 1 3 2 2 2 1 2 1 1 19 2 2 12 39 3 3 1 1 2 1 2 1 18 1 18 6 2 2 2 1 1 37 27 2 1 31 2 2 1 1 7 2 1 6 2 1 5 1 1 2 2 2 1 4 1 2 3 4 12 27 1 8 2 3 2 126 4 2 3 1 7 2 2 2 7 6 2 1 1 2 5 1 2 1 3 4 2 2 2 3 1 13 2 1 1 1 2 32 1 3 1 2 4 2 4 2 3 3 2 3 9 6 4 2 1 2 3 1 4 14 3 3 3 1 11 2 1 2 2 2 1 3 16 6 8 1 1 4 12 1 5 1 1 15 1 3 173 1 9 41 1 2 18 2 4 1 28 2 3 2 2 2 1 2 2 2 3 5 4 2 3 17 1 2 1 4 2 2 8 1 3 1 1 6 6 1 1 76 4 1
1 9 1 2 1 4 48 2 1 10 3 1 28 2 4 4 2 9 1 7 1 6 13 4 1 5 1 2 7 3 2 11 1 10 5 1 1 2 1 9 2 1 7 1 1 1 1 2 7 1 3 2 1 1 1 43 2 1 10 2 6 3 2 1 2 1 1 5 2 8 2 1 2 1 6 1 30 1 1 2 3 2 1 6 3 15 6 1 7 425 2 4 1 1 2 27 1 3 9 3 3 2 3 1 2 4 1 2 19 3 2 2 10 2 1 2 2 2 2 1 1 2 7 31 2 3 5 1 1 1 3 2 6 1 1 5 2 1 1 8 2 2 11 17 2 4 2 2 1 3 4 2 2 2 1 1 20 1 22 181 5 5 2 1 297 1 1 2 2 7 1 2 2 2 1 1 1 1 1 1 2 2 14 1 13 178 1 4 2 2 3 1 65 163 1 2 4 2 2 10
1 4 3 1 1 1 19 1 1 8 2 2 2 2 5 1 5 1 23 4 4 17 2 1 2 1 1 10 2 5 1 1 1 1 5 2 2 2 2 2 22 2 2 1 6 1 2 5 3 1 2 1 1 7 13 5 4 11 1 13 1 4 1 1 1 10 5 4 3 21 1 1 2 9 31 1 4 1 1 2 113 2 1 5 34 10 1 1 2 5 3 2 1 1 28 3 4 21 2 2 5 2 3 1 1 5 3 6 61 2 4 1 2 2 1 33 2 1 28 1 8 1 14 3 2 2 1 3 1 1 34 2 2 2 1 4 2 2 1 2 3 1 7 18 4 8 1 8 2 1 2 4 1 1 2 2 3 1 4 1 1 11 8 2 6 1 1 1 2 1 1 1 1 8 8 1 3 2 2 18 5 10 1 1 1 4 1 1 1 2 1 2 1 3 6 8 1 3 9 1
5 1 2 1 1 2 4 109 1 3 1 3 3 1 3 3 4 1 3 2 2 2 71 2 5 200 12 1 1 9 1 1 1 3 1 6 1 1 1 1 2 6 76 2 2 2 2 1 7 1 3 2 1 3 6 2 2 3 1 1 1 6 11 3 2 2 26 3 1 1 24 2 2 2 3 1 45 8 2 1 2 2 1 2 2 1 2 7 2 1 1 6 5 1 2 2 4 16 1 4 1 1 6 1 1 1 8 2 4 1 1 2 1 2 13 16 2 2 2 3 8 2 54 5 1 1 9 15 5 2 1 2 1 2 1 4 13 2 2 2 2 2 1 38 5 3 1 4 1 4 3 1 1 1 1 1 1 1 1 1 2 2 2 1 2 1 1 2 1 1 4 4 3 1 3 1 1 3 35 3 1 10 1 146 4 1 1 3 51 9 63 2 2 1 1 5 2 2 1 2
5 14 2 3 1 2 2 10 2 2 4 5 1 1 1 2 2 1 1 3 2 1 1 1 1 5 1 3 3 1 9 1 3 4 61 1 1 3 1 2 4 4 6 20 3 2 32 4 2 3 1 2 27 7 1 1 2 1 2 1 1 3 1 8 3 2 2 17 1 2 2 1 1 1 6 3 1 2 2 9 30 2 2 27 2 1 1 1 1 2 3 2 1 13 3 4 2 1 3 1 7 7 4 2 11 12 12 4 2 11 1 2 1 2 6 1 1 1 1 1 1 1 16 1 1 1 2 3 2 2 12 2 1 11 2 2 1 2 9 1 3 4 2 4 2 2 2 2 3 1 1 13 3 2 2 1 1 23 1 1 3 2 1 1 2 1 2 3 2 2 226 472 2 10 2 1 7 2 1 1 2 1 3 1 2 2 131 2 5 2 2 3 2 1 3 2 7 1 2 2
1 1 4 3 2 2 26 2 1 5 1 1 6 1 3 1 1 4 1 1 3 5 2 2 27 1 1 2 1 2 4 2 23 2 1 6 5 3 2 3 1 3 2 2 2 5 1 3 1 5 2 4 1 1 9 1 1 2 5 2 2 2 1 4 11 3 1 11 4 1 1 1 1 3 1 1 3 4 4 2 1 1 3 1 2 39 3 10 2 3 3 2 2 2 1 3 2 60 1 153 3 17 1 3 2 9 1 15 6 1 1 2 2 1 6 1 26 2 3 3 4 2 1 2 1 1 3 1 2 1 5 2 1 1 1 2 194 1 1 1 3 2 1 4 2 3 1 3 1 2 3 2 3 28 4 1 2 1 1 1 1 1 1 1 1 3 4 8 10 4 2 2 5 2 2 1 2 2 19 3 1 2 4 16 3 4 2 2 1 13 1 1 3 21 2 2 264 2 1 18
2 1 2 1 1 1 1 3 2 2 3 3 2 1 2 1 1 1 4 6 6 7 15 1 14 3 11 2 17 3 5 2 8 25 1 1 1 2 2 4 11 3 5 2 1 5 3 1 1 7 21 2 3 1 3 2 27 1 19 1 1 2 34 4 2 2 1 8 2 1 2 2 1 3 1 3 3 2 2 5 1 2 1 2 3 2 2 1 1 2 2 3 1 1 5 1 2 1 2 2 1 3 3 3 6 3 1 7 171 2 5 1 1 2 2 2 3 1 7 1 1 96 8 1 11 1 2 6 4 1 6 4 2 1 1 2 1 1 1 1 1 1 2 6 2 1 1 1 1 1 1 21 1 6 1 1 2 1 4 2 1 1 4 1 4 1 1 4 1 38 1 2 2 23 3 20 2 16 1 4 13 1 1 30 6 1 4 2 2 2 1 1 2 2 1 2 1 2 8 1
52 1 1 17 2 4 16 124 1 5 4 3 1 9 5 2 2 2 2 3 1 17 1 20 2 1 3 3 4 1 1 2 2 1 2 2 1 1 4 5 8 1 7 1 1 2 3 1 1 3 17 2 2 4 3 13 1 1 3 5 120 1 2 1 6 1 1 2 1 1 1 2 1 2 1 1 2 1 1 2 1 1 3 5 2 1 1 2 1 6 6 1 1 6 2 2 4 2 2 1 10 1 5 3 2 1 1 2 4 4 1 6 15 13 3 8 3 7 3 8 2 1 2 2 1 1 1 1 7 2 1 2 1 2 4 9 4 2 1 11 1 1 1 3 172 2 2 5 5 8 2 2 1 16 2 1 21 2 1 5 3 1 7 27 2 1 7 3 1 1 1 1 3 1 10 2 2 1 3 2 3 2 4 1 2 9 11 4 2 8 2 2 3 5 2 2 1 1 3 1
21 2 18 1 1 1 3 1 1 2 4 2 36 2 4 2 2 20 2 1 17 3 4 8 2 50 2 1 2 7 1 12 1 11 7 2 6 1 3 3 2 1 3 1 1 28 1 1 3 1 17 1 13 2 4 2 1 1 13 1 2 8 1 2 1 3 1 5 2 1 3 1 1 1 3 1 1 3 1 5 7 1 19 6 1 1 1 3 9 2 1 17 1 1 1 8 4 1 3 4 5 3 2 23 5 3 1 5 2 6 1 6 3 2 1 1 10 1 1 2 7 2 4 1 1 8 1 3 2 2 1 1 4 3 11 1 2 1 1 1 1 2 1 2 3 4 2 1 3 1 1 2 3 7 1 10 1 1 1 1 2 1 2 1 1 1 2 1 2 157 5 4 4 2 8 1 2 1 2 2 1 2 1 6 2 4 2 41 2 3 3 3 1 5 1 2 4 2 155 7
2 2 2 2 29 4 1 1 1 4 3 1 4 2 3 3 1 4 40 1 1 2 4 3 5 4 2 6 1 4 2 2 2 6 5 4 1 5 2 1 7 1 2 1 1 2 4 1 1 1 2 1 2 13 2 2 5 3 9 37 1 3 1 3 6 1 1 1 10 23 6 3 2 1 3 1 2 1 2 3 2 1 2 1 2 1 1 3 3 1 2 3 1 1 1 2 7 9 2 1 3 3 4 1 3 2 2 2 6 3 2 1 2 1 1 2 2 3 1 1 3 5 4 2 2 2 8 2 3 19 15 1 1 1 3 2 2 1 12 3 2 1 1 3 2 1 11 2 3 2 2 1 1 2 3 3 6 11 11 2 4 7 1 5 18 1 7 5 1 1 1 1 1 1 1 21 1 6 2 7 2 7 7 1 3 2 5 1 3 1 9 1 1 2 1 5 3 1 1 2
2 1 6 2 1 1 2 2 5 8 2 4 2 1 2 2 2 1 9 1 1 9 5 1 1 2 2 1 2 1 23 3 4 1 1 1 8 14 1 1 3 2 2 3 1 1 1 7 1 9 1 1 2 2 5 1 2 1 2 13 1 2 10 3 1 5 2 4 2 1 35 1 3 1 3 2 1 2 22 1 1 2 2 2 5 82 3 2 8 4 1 1 2 4 6 1 378 1 2 1 4 3 1 1 3 8 8 311 1 13 60 2 2 5 40 120 9 2 2 1 1 1 1 1 2 97 4 3 9 2 2 1 7 3 1 4 1 3 1 2 3 1 26 1 2 1 1 3 2 5 2 2 2 1 4 15 20 2 1 2 2 7 2 143 18 1 2 1 3 43 4 1 2 20 1 1 2 14 1 2 5 2 2 2 7 6 2 1 1 4 3 2 3 3 2 1 3 1 1 2
2 1 1 3 5 2 4 21 2 1 7 1 9 4 2 1 1 2 1 1 3 1 2 9 1 1 1 3 3 10 2 5 2 8 1 14 2 24 3 10 3 1 3 3 2 2 8 1 6 1 10 35 6 4 2 113 2 3 25 2 1 4 4 1 8 2 1 1 1 1 1 1 2 5 7 1 1 28 1 9 12 1 2 1 1 20 40 7 119 7 4 5 38 15 2 5 1 2 2 4 1 2 2 2 2 1 5 8 10 2 2 2 2 1 3 4 2 6 2 1 1 2 4 1 2 10 3 3 7 2 3 3 56 5 4 1 1 1 1 1 1 1 7 2 1 5 1 5 1 1 1 6 2 2 1 3 3 1 1 31 1 41 1 3 33 1 6 5 2 1 1 5 1 13 1 1 1 6 3 2 1 5 3 2 4 1 2 4 1 2 11 7 1 1 18 2 1 1 1 1
4 2 2 1 1 9 1 12 7 2 20 2 1 5 2 50 3 9 2 3 2 6 4 1 1 1 1 4 6 2 6 149 5 1 3 37 1 4 2 2 4 1 10 3 4 1 1 1 2 1 2 3 2 5 2 2 1 1 2 2 1 2 11 1 1 2 4 286 1 1 2 50 2 2 3 1 109 1 1 4 1 89 14 5 1 2 21 2 2 3 1 1 2 2 1 2 10 17 1 1 6 4 1 2 1 4 1 1 2 1 11 2 1 1 2 1 1 16 1 1 3 3 1 8 5 2 4 2 1 2 1 2 2 2 2 3 2 1 1 1 2 2 2 1 1 1 5 1 1 1 18 3 27 1 2 4 3 1 3 5 2 2 1 22 2 1 8 1 2 2 8 1 1 1 2 2 3 189 6 29 1 1 3 1 6 1 2 56 5 1 2 2 22 3 1 2 4 1 1 6
1 1 6 2 2 5 2 2 1 5 1 2 1 2 232 8 2 1 2 1 3 2 13 3 1 2 4 12 1 1 1 3 2 2 2 6 30 2 1 1 7 2 1 10 2 3 1 1 2 1 21 1 3 1 3 7 2 1 1 2 1 5 1 1 1 1 1 1 1 1 3 1 1 2 1 3 1 1 3 1 4 1 19 3 1 2 2 7 6 3 5 2 2 1 16 4 242 1 1 2 2 7 2 10 1 6 2 1 2 2 1 3 1 1 3 2 3 358 1 1 3 7 3 4 1 1 8 2 3 1 2 2 2 1 1 2 1 3 3 5 1 5 2 3 16 32 3 1 6 3 1 1 2 1 3 1 2 1 3 1 1 1 5 1 27 2 8 1 14 37 2 1 3 25 40 1 1 1 2 1 2 25 11 2 1 19 6 5 1 11 2 2 6 2 4 3 3 3 7 2
2 1 2 1 2 2 2 6 1 1 1 2 2 2 1 1 67 1 2 1 2 1 1 3 2 6 1 1 12 2 1 1 2 1 2 26 2 15 53 2 1 2 8 1 1 1 2 1 1 4 7 18 22 1 1 2 1 105 2 1 4 7 2 2 376 2 7 2 7 3 1 5 2 1 2 3 2 2 1 2 1 1 1 3 3 2 9 3 1 25 1 2 1 1 14 3 1 9 1 2 2 1 3 4 3 4 3 1 1 1 5 2 1 1 1 1 1 2 26 1 1 7 2 1 2 1 293 1 1 5 2 2 3 5 5 1 2 4 1 4 6 2 1 2 2 1 3 2 2 3 2 3 4 10 7 1 2 2 9 1 2 3 4 9 1 3 1 8 2 2 13 13 2 2 3 1 1 5 3 3 42 4 1 4 1 2 16 6 2 2 15 3 18 2 6 12 1 1 1 2
3 1 4 25 1 2 4 2 1 14 34 3 1 2 1 174 2 2 2 2 2 4 3 2 1 2 1 10 3 2 3 1 1 2 2 3 2 4 2 2 1 1 1 2 4 2 6 3 1 1 4 2 1 3 3 1 1 4 1 2 3 3 1 8 1 2 4 1 2 3 6 2 10 2 2 5 1 10 8 1 2 3 3 4 1 2 5 19 5 1 1 2 2 1 21 2 2 3 2 29 11 3 44 1 2 2 1 2 2 2 4 2 15 1 2 10 4 2 3 6 15 2 2 13 1 8 1 6 7 4 2 1 2 3 3 5 2 3 1 3 1 5 1 1 1 1 1 1 6 6 1 2 1 3 322 1 1 2 2 2 3 1 7 1 3 3 5 3 3 3 1 1 3 1 1 3 4 3 4 1 10 1 1 2 1 3 2 7 2 10 2 2 1 1 1 11 2 2 5 1
1 5 3 4 1 1 1 2 7 3 4 2 3 3 1 2 1 2 2 1 1 3 1 3 4 1 1 14 1 1 7 2 1 2 3 2 1 1 7 2 1 2 70 2 1 1 4 1 7 5 14 1 2 2 10 3 3 2 32 2 1 54 3 1 1 2 9 3 2 6 7 1 7 1 2 3 4 1 9 2 20 2 12 1 2 4 14 2 7 3 2 2 54 7 3 11 2 7 8 3 1 4 4 3 1 23 3 9 1 1 13 1 1 2 6 3 1 2 5 1 1 1 1 94 2 2 2 2 6 3 2 4 1 1 2 3 2 1 2 4 1 1 1 2 1 3 4 1 3 1 49 1 6 1 1 2 2 1 1 8 5 94 391 1 2 1 1 2 21 1 3 1 1 5 1 1 1 1 1 6 27 10 4 1 9 2 2 30 1 1 2 3 3 1 8 1 2 4 110 1
1 13 1 1 2 1 2 1 2 2 84 10 5 1 1 1 1 13 1 1 11 2 2 2 2 3 1 4 3 1 2 1 2 15 2 2 1 2 12 1 1 5 2 7 1 10 1 4 1 2 1 2 1 2 7 2 2 1 1 1 2 3 4 2 1 1 2 2 13 127 1 18 1 3 14 30 5 2 1 10 1 1 3 2 3 1 2 7 2 1 11 1 1 3 1 2 3 47 1 1 2 1 1 1 1 2 6 2 7 1 1 9 1 2 5 2 1 41 2 5 1 1 4 1 1 1 4 5 1 2 2 6 2 5 2 1 2 2 1 1 1 7 2 4 1 2 3 2 2 2 3 1 3 2 1 3 1 49 2 1 1 4 1 6 1 1 2 1 1 1 3 3 4 1 1 1 1 1 2 7 6 3 5 3 1 2 1 3 1 2 2 4 1 1 7 1 8 2 39 2
3 4 38 2 196 5 4 2 2 2 9 1 1 2 2 5 7 4 3 1 1 5 1 4 3 2 7 5 4 1 2 5 3 2 6 21 1 1 1 54 9 2 2 3 8 1 3 2 1 4 1 8 2 5 26 3 4 3 3 7 5 4 1 1 3 1 9 5 4 6 3 1 3 2 1 1 15 3 3 2 1 4 2 1 4 1 2 2 5 1 2 3 5 5 3 1 14 5 5 3 2 1 2 5 46 1 1 2 1 1 8 3 1 7 471 3 1 1 2 2 1 2 6 4 1 1 2 3 4 1 1 1 2 4 1 1 11 2 4 4 1 1 1 1 17 11 11 6 2 1 11 1 1 1 4 1 8 3 2 9 3 2 2 1 2 1 1 2 4 1 5 15 2 2 2 2 1 1 1 4 94 1 2 40 6 1 1 5 1 7 4 3 2 1 1 3 2 1 3 3
5 1 2 6 1 1 9 1 6 2 2 1 1 1 5 1 20 1 1 2 2 2 12 1 10 2 6 2 1 2 1 2 2 1 1 2 3 15 12 3 2 6 2 1 1 1 3 6 3 5 1 2 3 2 8 2 1 1 5 3 2 5 4 8 1 4 2 1 2 4 2 1 1 1 3 5 1 1 4 3 4 1 1 3 2 1 3 2 1 6 1 8 9 2 8 1 2 3 1 5 2 3 2 2 1 1 1 2 3 3 4 6 14 1 2 2 5 1 3 2 1 1 1 1 1 1 1 1 1 2 2 2 2 2 4 1 2 1 5 4 2 2 1 2 4 2 5 2 4 1 1 27 2 2 4 1 1 2 1 4 1 2 1 2 2 3 2 2 16 3 2 2 4 3 6 2 5 6 3 1 9 1 2 1 1 8 1 2 2 1 2 1 27 3 4 4 2 1 1 13
2 12 12 1 2 2 1 1 1 2 8 3 2 2 2 2 1 13 1 1 2 4 2 1 2 3 1 22 2 2 4 6 2 1 1 23 3 2 2 2 1 4 1 5 2 4 26 6 3 2 2 2 22 1 2 2 6 2 1 4 214 13 14 9 1 1 1 2 2 1 1 55 93 2 2 1 2 1 2 2 5 1 1 2 1 4 1 1 2 1 5 5 40 1 34 1 2 2 2 3 3 3 1 3 3 14 5 1 1 11 1 1 2 1 1 4 1 2 2 1 2 2 3 16 1 3 1 2 2 4 1 3 3 1 4 5 2 1 4 1 2 1 1 2 3 1 1 1 5 3 3 5 1 1 1 1 3 11 4 5 1 5 7 2 1 3 5 1 1 1 2 1 5 2 59 1 2 3 2 205 1 1 23 2 1 3 6 32 2 1 1 4 1 14 1 1 1 1 1 1
2 43 16 2 1 1 3 3 4 5 9 1 73 10 1 1 1 3 1 16 27 2 1 2 7 2 1 2 5 3 1 1 262 1 1 1 1 3 2 1 1 1 2 3 1 1 21 5 3 1 1 17 2 4 3 1 8 2 11 1 2 1 3 1 2 1 1 1 1 3 2 5 1 1 11 1 4 81 1 1 1 1 2 1 7 3 1 19 5 1 36 3 2 10 2 1 10 5 20 2 2 1 3 54 2 1 7 2 2 3 1 1 3 27 2 1 1 2 2 2 3 1 1 8 1 1 2 2 2 3 4 2 1 1 1 7 14 2 8 1 1 2 1 11 9 2 1 2 2 18 2 1 4 4 2 3 1 4 9 91 1 3 4 2 8 2 3 58 6 6 1 1 48 7 24 10 2 2 2 3 3 1 2 1 1 2 1 1 1 1 1 4 4 1 2 9 3 1 2 4
1 1 14 2 1 1 1 2 9 18 1 2 1 6 2 3 1 3 1 1 2 2 8 2 1 1 3 1 4 1 8 10 2 2 4 1 2 2 1 1 4 1 1 1 6 13 2 2 1 2 1 41 4 1 1 4 1 1 4 3 4 2 2 2 2 2 2 2 21 2 5 2 3 3 2 4 1 5 5 3 3 2 1 7 3 2 1 2 1 1 1 218 1 2 9 3 1 1 6 2 1 26 4 2 14 6 2 1 112 1 1 4 1 1 1 6 8 1 1 3 1 23 3 2 1 1 1 2 19 5 1 9 4 4 2 2 2 2 6 3 1 2 1 2 1 1 2 2 1 2 5 4 2 1 2 1 32 1 27 196 1 2 5 2 29 16 1 11 3 9 9 1 1 2 2 1 3 1 4 2 10 33 1 1 2 7 2 3 2 2 2 2 3 3 59 7 1 1 3 5
1 1 1 3 1 3 1 2 1 2 6 2 5 2 11 2 2 1 2 2 1 1 4 2 9 1 1 2 7 1 1 2 1 3 2 1 6 8 2 2 1 14 4 1 5 1 81 2 2 1 2 2 3 4 3 1 1 10 2 1 3 2 1 5 1 3 2 2 1 2 1 11 1 2 1 2 2 2 1 2 1 7 2 3 1 9 7 292 1 1 3 3 2 3 4 1 116 1 1 1 1 1 1 3 30 1 2 6 6 2 1 1 2 1 3 2 2 1 1 1 1 2 1 1 3 1 2 21 1 13 1 2 1 3 2 2 2 1 37 2 1 2 1 3 3 1 2 1 7 3 2 2 2 5 1 3 2 10 2 17 5 39 1 2 3 1 2 55 1 14 230 2 2 1 1 1 42 3 44 5 6 4 1 2 1 2 3 41 12 2 2 4 5 1 1 4 5 2 2 1
1 1 4 2 45 1 8 9 2 4 3 1 1 1 3 2 4 1 2 2 22 4 2 8 9 3 2 1 4 2 2 1 2 1 1 15 1 1 1 3 5 47 2 1 9 3 5 15 2 2 1 3 15 3 3 1 14 4 2 1 1 9 1 1 1 1 138 1 1 9 4 2 2 2 2 3 29 2 21 2 3 1 3 10 2 2 1 10 1 3 13 1 2 2 1 1 1 5 4 2 1 7 1 1 2 2 2 3 3 4 1 1 1 2 2 1 4 14 2 3 13 4 6 1 9 2 7 12 12 82 4 1 4 1 9 1 2 10 2 4 2 77 10 2 9 4 2 2 4 3 2 1 3 1 1 2 1 2 2 8 2 1 77 1 2 5 2 1 2 2 1 3 1 1 4 1 1 4 1 3 5 2 1 2 4 4 1 1 2 4 3 2 1 1 1 7 2 1 6 1
19 2 2 1 13 2 1 2 3 1 1 2 7 5 1 3 6 3 2 2 1 1 4 12 1 1 2 1 1 2 1 6 2 6 13 6 11 2 1 1 1 2 2 2 1 1 2 1 4 2 1 1 2 2 2 8 4 5 1 1 3 2 1 6 1 6 9 1 11 2 3 3 4 1 1 1 3 2 2 1 2 1 3 1 6 5 18 1 5 3 3 1 1 2 1 1 8 1 2 9 5 1 7 3 5 3 19 2 7 2 3 1 3 1 3 2 1 2 1 2 1 2 1 1 6 2 2 21 126 1 1 5 1 1 2 4 2 12 2 2 1 1 82 4 2 2 2 31 1 2 9 3 2 2 3 1 3 2 1 2 1 3 1 2 20 1 2 1 1 2 1 1 2 2 5 2 3 3 2 1 4 3 2 3 5 36 2 6 1 2 2 1 13 48 1 9 5 2 3 4
1 1 3 3 3 2 2 1 5 8 2 2 1 1 1 1 2 2 2 2 1 1 3 3 8 1 2 1 2 1 6 2 3 1 1 4 4 2 26 7 1 1 2 1 24 2 3 1 10 1 1 1 16 2 3 1 7 4 1 7 2 2 4 3 2 10 3 1 5 1 2 2 1 6 1 1 3 2 1 1 3 2 2 2 1 2 4 1 6 3 1 2 1 1 5 1 10 2 1 1 1 13 1 1 2 10 2 1 3 3 1 5 8 1 13 1 5 3 1 4 1 2 3 1 2 1 3 1 1 1 3 6 2 1 1 2 1 1 10 1 3 11 2 1 3 2 1 2 2 3 1 2 7 1 3 5 2 16 4 1 70 10 3 2 17 1 3 1 1 3 1 1 1 1 1 1 2 3 2 2 4 4 1 1 1 1 4 1 8 3 2 2 3 2 2 9 1 1 3 1
6 111 1 1 2 1 2 1 2 3 2 8 5 1 4 2 3 1 1 2 1 33 2 3 3 38 4 1 3 2 2 2 1 3 2 1 1 51 5 6 1 9 2 1 6 2 1 1 1 1 1 2 2 3 7 1 1 2 2 2 11 1 9 2 3 2 1 2 4 26 19 1 8 4 9 2 2 4 2 1 3 4 1 18 60 2 2 2 2 1 8 1 22 2 6 6 1 2 2 2 2 1 1 1 2 3 2 2 1 2 2 1 2 1 2 2 2 1 1 1 1 2 5 1 1 5 2 2 1 13 15 1 2 1 7 2 12 4 1 2 2 2 2 11 2 4 2 1 1 1 1 2 5 8 2 2 1 9 2 2 2 5 2 2 17 3 3 12 4 3 2 1 5 6 50 4 2 2 3 1 1 15 1 1 1 1 61 3 1 104 1 2 1 1 12 4 1 4 2 3
6 2 1 3 1 3 5 13 3 4 1 2 2 2 1 5 1 7 2 13 1 2 4 2 1 63 1 2 2 10 5 2 2 7 1 1 20 6 3 2 2 1 187 1 1 1 3 1 2 1 9 3 2 1 10 1 1 11 2 2 3 1 1 1 2 1 7 1 1 3 2 2 2 2 3 1 2 2 1 1 1 4 2 3 1 2 3 1 1 2 124 1 2 12 3 2 1 13 3 1 1 1 1 4 1 461 2 3 1 2 1 5 12 2 1 2 5 4 1 2 1 1 2 4 3 1 3 1 18 1 1 2 2 3 1 2 1 2 3 1 2 3 4 1 1 1 2 2 1 2 2 3 1 1 6 1 1 3 14 6 9 3 5 22 2 2 2 4 2 1 4 3 1 1 1 1 1 2 4 4 2 1 5 2 5 2 5 1 1 1 7 6 2 2 1 3 4 1 1 1
1 2 2 1 36 5 2 4 1 1 2 1 2 5 1 1 1 2 1 2 2 3 2 2 3 2 20 2 1 1 1 21 4 7 3 2 1 1 1 1 67 2 2 1 19 2 1 13 1 2 1 1 1 4 1 3 2 1 20 2 4 2 38 2 10 3 7 1 1 2 2 8 1 2 4 2 1 2 4 1 1 2 3 2 3 2 4 1 4 2 1 1 1 2 4 1 4 2 2 12 1 8 1 6 2 1 2 3 1 1 1 3 1 3 2 2 1 1 5 1 2 61 3 1 4 6 3 2 2 1 5 32 2 1 6 1 1 2 3 3 2 3 1 5 2 3 50 2 2 6 2 1 4 2 1 5 2 1 1 3 4 1 6 1 2 2 39 1 2 4 2 1 2 1 1 1 2 3 4 2 1 1 3 6 5 2 1 2 2 3 4 2 1 5 3 2 2 8 2 24
2 2 3 1 1 1 1 2 1 12 1 2 10 2 1 2 1 1 1 3 2 2 1 2 2 3 1 3 1 1 2 2 1 1 3 1 3 1 1 7 2 2 1 2 1 2 4 4 1 2 2 1 2 11 2 1 1 11 1 12 3 6 5 7 6 2 1 2 3 2 1 1 3 2 4 1 1 6 3 4 1 1 2 2 2 1 1 2 1 2 1 1 5 4 1 1 2 3 5 21 8 3 1 2 4 2 3 2 3 4 3 1 8 8 1 1 1 6 2 1 2 1 90 2 5 1 4 2 1 3 1 3 2 1 1 6 2 1 2 2 13 4 5 2 2 1 8 3 1 1 1 2 16 1 20 3 3 28 2 2 1 134 3 9 1 1 36 2 1 2 1 2 1 8 3 17 5 2 4 1 1 4 1 2 1 1 2 63 1 2 1 1 8 1 5 20 3 2 1 1
1 1 2 2 2 2 2 1 1 9 1 1 11 1 2 1 3 2 1 1 12 1 3 1 1 1 1 1 4 4 1 2 1 3 1 22 3 1 13 2 3 95 1 4 1 3 1 2 1 7 8 1 6 2 1 1 2 2 11 1 23 1 19 7 1 1 3 1 8 2 1 1 1 2 2 2 5 3 3 13 2 3 1 3 1 1 4 2 2 6 1 10 1 1 3 3 3 1 1 38 1 7 1 3 1 2 148 2 2 21 1 1 1 3 2 18 3 14 1 3 1 7 1 3 2 3 2 1 2 3 3 1 3 3 9 1 1 2 1 1 1 1 3 4 5 1 4 4 7 5 2 11 2 2 2 5 2 2 1 3 2 12 1 1 8 1 4 6 2 3 2 6 5 1 1 1 1 1 2 34 59 1 1 1 2 16 5 2 5 2 6 2 4 4 1 7 1 5 1 1
1 52 11 6 1 1 6 2 1 3 1 2 8 2 2 2 1 2 3 2 3 1 3 1 1 2 37 1 2 3 2 3 9 1 4 2 12 2 1 2 5 9 1 1 1 1 1 5 2 1 1 1 1 2 1 3 3 3 2 20 1 6 3 1 1 2 2 2 2 76 1 4 1 2 4 2 1 3 3 16 3 2 2 1 2 2 2 25 1 1 1 2 3 46 1 1 59 1 3 2 5 2 86 1 2 1 12 1 1 12 1 2 1 8 1 2 1 14 4 1 1 1 3 30 6 4 7 3 1 2 14 1 1 1 3 1 1 4 1 1 1 3 1 1 16 1 5 1 1 2 5 1 9 1 9 1 1 3 1 1 8 5 1 6 1 2 4 2 2 4 7 10 3 11 1 3 2 23 107 2 8 11 9 1 1 2 8 5 2 1 1 1 3 1 10 1 1 1 3 5
3 1 3 28 31 12 1 1 4 5 2 3 2 2 2 3 2 2 1 2 1 8 2 1 2 2 11 2 1 150 1 1 1 1 1 2 54 2 2 4 1 6 1 2 2 4 1 2 6 1 1 1 2 3 4 30 1 2 1 2 1 3 2 1 16 4 1 2 3 6 1 1 1 5 2 1 3 1 209 1 1 2 3 4 1 1 1 8 2 1 10 1 2 1 3 1 1 2 11 3 5 7 1 1 1 3 1 3 2 2 2 4 2 7 4 4 4 1 13 1 3 1 2 1 3 3 7 2 4 1 3 1 2 2 14 1 1 3 23 2 2 5 3 2 3 3 1 1 2 2 7 1 1 1 4 1 9 2 2 1 29 1 6 1 4 19 2 3 2 6 6 2 1 5 1 2 6 2 1 1 1 4 5 1 1 11 1 6 8 2 2 1 10 2 1 2 1 2 2 2
1 7 4 3 1 1 4 2 2 2 2 2 1 2 1 1 3 2 1 2 3 1 1 1 34 2 2 11 1 1 12 1 34 1 1 5 1 1 4 1 8 5 1 6 1 1 1 1 2 7 2 1 2 4 1 1 1 4 2 2 1 2 9 5 3 1 1 14 3 2 1 1 4 3 4 2 1 3 4 3 2 9 1 1 8 3 14 2 4 1 1 4 1 9 1 3 2 1 2 3 3 3 1 1 7 2 1 2 4 2 1 3 1 1 4 4 1 3 1 3 1 2 1 1 1 13 1 1 4 1 1 5 11 2 3 1 1 138 2 8 1 2 2 6 4 37 1 1 1 1 1 18 3 1 14 2 11 3 3 8 1 3 1 2 1 3 4 5 2 8 4 1 1 3 1 1 4 1 3 6 1 3 36 2 2 1 2 3 2 1 2 1 27 1 323 2 2 2 3 2
1 1 3 1 2 2 14 1 3 2 3 3 3 2 1 2 1 20 1 2 2 6 3 2 1 4 6 3 59 7 2 5 2 1 3 3 5 3 2 1 2 1 8 28 4 3 11 4 2 2 6 54 1 2 2 1 6 2 2 3 1 83 2 1 2 31 13 9 3 25 36 1 2 3 2 2 2 1 1 1 2 6 2 1 2 4 1 1 3 1 4 2 2 4 3 2 1 1 2 1 2 2 1 2 10 3 1 5 5 1 4 1 2 1 1 2 2 1 2 4 2 1 2 2 1 1 1 4 1 1 1 5 139 2 2 2 9 2 4 4 9 2 1 1 1 1 5 2 2 4 2 10 2 14 16 17 2 1 1 13 1 1 3 1 3 24 1 2 1 3 2 2 2 2 3 1 2 3 2 29 3 1 2 4 1 4 2 2 4 9 1 6 1 7 9 1 2 1 3 4
1 7 2 5 1 3 3 2 1 1 1 100 1 10 6 1 1 1 2 2 50 1 1 2 2 4 3 4 5 6 3 1 2 1 10 1 1 1 6 2 56 2 3 1 2 1 2 1 5 1 4 5 1 4 2 2 2 1 3 1 2 11 3 1 1 2 15 1 1 2 1 1 1 3 1 2 3 1 1 3 13 3 1 37 3 2 3 3 1 2 2 1 2 2 177 1 2 2 3 8 7 3 1 1 3 2 1 2 2 14 2 2 1 2 1 1 1 2 1 2 7 8 163 14 2 1 2 2 1 2 3 2 2 4 2 11 3 1 1 2 2 1 4 2 2 3 4 2 1 1 2 1 1 182 4 2 1 39 2 1 2 208 2 1 97 3 1 1 1 3 2 3 2 2 3 2 134 8 72 5 5 2 1 1 1 2 13 10 1 7 8 10 1 1 1 2 3 1 7 1
15 16 1 2 32 1 5 5 1 25 2 31 219 2 2 1 1 1 10 1 2 1 442 1 2 1 11 1 2 1 1 1 2 19 22 1 1 1 2 1 1 3 2 1 1 3 2 2 3 2 1 9 1 28 1 4 4 1 2 2 28 1 2 1 1 2 18 6 2 1 2 1 3 3 2 2 1 2 4 7 3 27 2 4 2 2 30 1 2 2 2 2 2 6 14 2 3 2 41 1 2 1 22 3 3 1 8 2 2 2 2 1 1 4 1 1 1 9 1 1 1 2 12 2 3 2 1 1 2 2 1 2 1 1 1 1 1 5 3 1 2 6 4 2 1 1 2 19 2 2 9 1 1 2 3 1 1 2 7 3 12 6 9 10 3 1 1 2 48 1 2 24 1 4 2 6 2 2 1 2 28 1 11 2 1 2 1 9 1 21 2 1 4 1 1 1 1 1 1 5
1 4 2 17 5 1 3 2 80 9 9 7 1 1 2 2 4 3 2 1 1 5 1 4 2 3 1 1 2 2 8 1 1 59 7 12 1 1 1 3 1 2 3 1 2 2 24 1 2 2 42 1 1 2 3 15 5 5 6 59 5 1 1 1 1 2 10 1 3 4 1 3 4 8 1 1 2 6 1 1 4 4 1 2 5 2 64 2 2 2 1 29 6 1 1 2 1 2 4 2 1 1 1 1 5 2 1 60 3 1 2 4 1 2 1 1 2 318 2 2 3 1 1 3 10 3 3 5 6 70 4 1 22 1 1 2 2 6 2 1 10 3 1 1 2 2 79 1 1 2 1 1 8 4 1 1 4 1 1 17 7 2 1 1 2 2 4 316 9 2 3 27 2 1 6 4 2 2 2 1 1 3 3 1 1 1 1 2 4 8 1 4 7 1 2 2 4 9 1 4
3 4 2 2 2 25 1 2 5 1 2 3 1 8 9 1 4 15 2 4 8 1 56 1 2 10 2 18 11 2 1 3 2 3 15 3 2 1 2 8 9 2 2 1 3 1 3 2 2 1 2 6 2 1 1 2 1 2 5 4 2 1 1 1 3 3 1 7 2 1 1 2 1 3 1 5 2 2 7 1 3 7 1 1 5 2 3 2 2 1 30 460 1 5 1 25 3 4 2 2 3 2 3 2 1 5 2 1 2 3 5 3 3 2 1 2 1 15 3 4 1 3 2 1 3 1 1 4 2 1 2 2 1 2 2 1 2 5 4 1 3 1 2 1 23 140 2 6 1 3 13 2 1 3 2 3 11 28 18 1 1 23 1 1 2 2 1 1 52 8 1 1 3 3 1 1 2 2 105 2 2 9 1 10 1 3 1 1 1 4 1 3 2 4 1 7 1 2 2 3
3 1 6 2 1 2 1 15 31 3 1 1 1 22 2 1 2 2 3 1 9 3 2 1 2 1 1 3 3 1 2 55 1 2 16 10 1 1 1 2 5 2 1 2 2 8 3 2 224 10 1 2 4 1 2 6 1 1 1 1 7 2 2 2 1 2 87 8 3 6 1 13 3 2 1 3 1 10 2 1 1 2 3 4 1 7 1 2 1 2 1 1 3 7 2 4 7 1 2 7 1 1 2 3 1 1 2 1 7 3 1 2 14 1 1 1 15 1 6 2 2 1 1 1 1 2 2 2 3 3 2 1 1 3 2 1 36 5 1 1 2 157 1 1 28 2 2 3 1 38 5 1 17 1 1 1 1 3 2 8 9 3 1 1 139 9 12 1 3 1 3 2 1 11 1 1 1 5 3 8 1 2 1 1 1 14 2 4 31 3 3 3 11 2 2 3 1 3 1 5
5 2 2 12 2 3 3 13 14 1 25 2 1 2 2 3 1 1 2 3 2 1 1 1 2 2 2 1 2 13 4 6 3 2 1 1 1 2 1 1 1 1 3 2 1 2 4 1 1 1 1 1 2 1 4 4 1 1 2 2 3 30 3 1 1 1 2 8 3 1 1 2 15 5 1 3 3 2 2 3 2 16 2 24 2 3 2 1 34 1 2 1 19 4 3 7 2 2 4 5 1 1 17 1 1 3 1 2 4 3 1 5 4 1 2 3 12 6 1 55 1 2 6 1 2 1 1 1 2 2 2 12 1 46 2 1 3 3 1 1 163 2 95 1 3 2 4 1 2 2 96 5 2 1 2 1 1 22 1 1 8 1 2 1 2 9 3 2 1 1 3 19 3 1 1 3 1 4 1 4 3 1 2 39 1 2 1 11 1 18 1 1 54 6 1 3 1 1 2 1
2 1 4 8 1 3 5 1 2 2 8 2 322 1 11 1 1 9 2 2 2 2 1 3 1 1 1 1 2 2 2 1 1 3 3 1 8 3 1 5 1 1 1 1 11 1 2 1 1 6 33 6 9 1 3 9 2 2 2 1 5 1 2 3 3 1 2 1 2 2 6 2 6 1 1 1 2 10 2 1 5 1 2 3 4 2 2 1 2 1 10 1 5 2 15 1 6 4 2 2 1 2 3 2 3 2 2 1 1 2 4 1 2 5 2 1 1 2 4 1 3 3 1 1 2 6 10 1 4 2 1 2 13 2 8 1 3 5 6 1 3 1 5 2 3 3 5 3 1 2 1 1 30 1 1 1 1 2 1 6 2 3 3 22 3 1 6 1 2 4 2 2 3 1 2 2 6 5 2 4 4 4 1 1 1 5 2 4 45 1 1 2 3 2 2 4 2 4 9 1
2 1 8 1 1 1 3 4 3 2 10 2 2 1 1 2 8 1 59 2 3 153 4 7 2 12 6 1 5 3 25 2 1 1 3 3 21 2 11 1 2 2 2 1 4 1 3 1 1 10 1 4 2 25 1 1 1 1 2 1 13 5 3 2 2 9 3 6 7 5 4 1 2 1 1 3 2 2 1 7 17 2 3 2 12 9 2 92 1 1 1 2 15 2 2 2 1 1 3 8 1 6 2 4 14 3 3 2 2 6 1 5 1 1 1 3 3 3 2 7 1 1 1 7 5 1 1 4 1 3 2 6 1 3 2 4 4 1 1 1 2 23 1 3 1 2 1 2 3 3 2 1 1 2 46 2 2 1 9 1 21 11 1 1 18 2 2 18 1 8 4 2 5 1 2 1 2 1 5 4 3 3 7 1 8 2 2 16 5 4 2 6 1 1 2 1 1 4 2 2
2 3 9 13 1 2 2 1 3 2 1 2 9 15 1 6 2 1 1 2 1 4 3 4 4 4 1 5 2 2 3 3 2 3 2 2 8 2 5 2 122 1 2 18 416 5 9 1 1 1 11 2 1 1 2 27 17 2 2 12 2 2 15 1 23 6 2 4 14 3 1 1 1 1 2 67 11 4 5 4 1 1 1 3 7 1 136 1 1 11 2 4 2 1 1 3 1 31 2 2 3 42 1 9 2 3 12 1 1 2 15 2 3 2 5 2 2 2 2 2 2 40 4 1 9 2 2 1 1 1 10 2 3 2 2 1 1 1 15 9 5 1 1 14 7 44 1 1 3 11 1 2 5 1 1 2 6 2 2 3 1 5 3 5 1 3 1 2 3 1 1 115 13 3 15 3 1 9 1 4 4 1 4 1 3 1 1 4 2 9 1 1 2 17 1 1 1 2 4 5
2 2 3 86 9 1 2 2 4 4 2 4 2 1 2 3 1 1 7 6 19 2 1 1 2 2 2 7 7 1 20 4 2 4 1 1 1 6 11 5 4 3 26 1 1 2 9 1 1 7 4 2 1 5 1 7 2 2 17 2 19 2 1 1 5 2 1 4 2 3 55 3 2 77 3 1 2 2 4 3 5 3 2 2 1 1 11 95 5 4 1 2 2 1 2 2 1 2 5 2 20 1 1 4 2 1 1 11 1 1 8 1 3 2 2 1 5 4 11 1 1 6 2 4 4 2 1 1 2 2 2 6 2 5 1 5 2 4 2 4 8 24 1 4 2 12 2 11 10 3 1 1 2 3 2 1 1 6 2 284 2 4 1 32 1 4 3 3 2 2 1 1 3 4 1 1 3 6 1 4 5 29 1 1 1 5 2 2 4 2 1 2 1 1 1 3 1 3 3 24
1 2 3 2 1 4 16 1 6 2 2 2 2 2 1 1 2 1 12 1 2 11 1 1 1 1 1 1 3 1 18 2 1 1 28 1 1 1 1 9 37 1 1 1 3 2 1 14 2 5 1 5 3 1 2 2 1 43 2 2 2 2 56 1 14 2 4 2 8 2 1 1 1 1 3 43 1 2 1 1 2 4 2 4 5 2 2 2 1 1 2 1 1 6 2 1 1 4 5 3 8 2 1 1 2 1 1 4 1 7 1 6 2 9 2 4 3 5 7 3 2 3 1 1 2 2 3 3 2 3 258 5 5 2 4 2 2 3 2 2 7 2 2 2 3 1 4 1 2 16 1 2 2 26 4 50 4 1 1 1 1 5 1 1 2 3 6 2 2 1 2 3 37 2 5 3 1 1 7 4 7 2 1 1 2 35 2 2 2 15 2 6 1 1 1 3 9 1 6 1
2 2 5 4 2 1 2 1 1 1 2 1 42 2 2 4 1 1 2 1 4 14 9 18 1 1 1 2 1 10 2 4 2 1 10 2 1 2 1 1 7 1 4 4 3 2 11 4 12 2 2 2 3 1 3 2 2 6 2 1 1 4 3 36 1 1 3 2 12 1 1 2 3 26 4 1 5 1 59 6 1 41 1 2 58 7 1 2 1 3 1 1 7 3 1 4 6 2 1 2 3 2 11 5 2 2 1 2 1 1 2 3 3 11 2 1 1 2 4 2 2 1 1 3 1 3 1 1 2 60 1 1 2 1 14 6 1 1 4 2 1 9 4 3 3 8 2 3 2 3 1 1 2 1 1 1 11 2 1 15 1 32 1 1 4 1 9 1 1 3 4 2 12 11 2 3 2 1 8 2 2 2 2 2 3 9 1 4 2 3 2 12 11 2 17 8 1 2 3 2
2 2 10 23 2 4 2 1 12 2 4 2 1 2 1 14 1 6 3 2 3 1 2 2 1 2 3 2 1 3 96 7 6 3 2 3 2 14 6 2 5 1 2 24 8 2 3 1 1 2 1 1 4 3 6 30 1 1 1 6 1 2 2 5 6 7 27 1 1 2 1 1 2 5 3 3 3 28 1 5 4 1 2 4 2 2 3 2 3 2 32 1 2 5 1 7 1 2 3 2 3 2 4 7 2 51 1 7 3 2 2 4 2 3 2 1 5 3 1 3 3 2 3 2 1 13 1 2 116 2 2 5 98 1 3 2 5 11 1 1 1 6 1 7 1 6 1 1 2 2 1 2 2 5 3 123 18 1 2 2 3 3 2 4 13 11 2 2 1 1 1 1 2 1 1 3 1 30 6 3 2 2 3 3 5 2 1 2 6 2 3 1 3 1 3 59 1 3 2 1
1 2 2 3 2 2 2 1 272 2 2 2 4 1 7 3 1 1 1 1 2 1 3 2 6 1 7 210 7 1 2 3 28 4 4 7 16 2 4 8 1 1 33 2 7 14 10 1 5 1 2 3 174 3 2 21 3 3 47 2 1 1 5 2 2 3 1 1 1 1 1 1 8 3 1 3 2 3 1 2 3 47 2 2 1 2 2 2 3 2 2 10 1 2 2 1 1 4 1 2 3 24 2 2 1 1 1 1 2 2 18 1 4 2 1 2 3 1 1 1 2 2 5 1 5 13 2 2 3 3 3 5 7 2 3 3 1 3 1 2 1 10 10 2 1 7 1 2 2 2 1 1 1 1 7 1 9 2 2 4 2 2 5 4 1 1 1 1 2 1 4 1 1 1 10 6 1 2 4 1 2 2 1 2 4 1 2 4 5 5 1 1 4 3 4 1 1 2 5 6
3 8 1 8 2 2 13 2 2 2 1 1 4 2 5 4 2 4 1 3 1 1 2 4 2 11 2 1 1 2 5 3 1 1 2 1 1 38 12 4 2 17 1 20 4 2 3 2 1 1 3 2 1 1 17 2 2 3 1 2 2 5 3 1 1 2 2 20 1 2 5 5 3 3 7 1 2 2 4 3 6 1 1 8 1 14 4 1 1 32 1 2 5 1 1 1 7 5 2 7 3 12 2 1 3 1 4 1 1 3 1 1 1 4 1 5 2 2 1 7 28 3 11 1 124 2 2 1 3 3 1 1 1 3 295 5 2 1 5 1 1 2 14 2 1 2 1 1 17 1 2 1 2 1 9 2 2 1 2 10 78 1 1 1 2 1 1 3 14 2 2 5 1 1 6 1 1 1 3 10 1 1 11 1 2 5 1 1 2 1 1 1 2 1 2 8 3 4 2 78
1 4 1 1 4 2 3 26 1 1 14 3 3 2 5 1 2 2 1 1 2 2 1 2 1 6 23 1 1 1 1 1 1 2 1 1 1 3 2 7 1 2 1 1 2 2 1 19 5 2 2 2 2 2 1 5 2 2 2 2 1 4 1 1 1 1 3 4 4 2 2 3 3 3 6 3 2 3 7 1 1 8 5 7 4 1 1 3 209 1 2 9 1 1 1 2 2 3 2 2 1 28 1 8 6 154 1 1 4 1 2 3 5 1 4 13 1 2 4 7 18 2 1 3 1 2 2 1 2 2 2 1 6 1 3 1 1 2 4 1 3 21 4 9 1 1 1 3 1 1 4 1 4 2 2 4 12 1 1 1 9 1 3 2 7 1 2 2 1 2 1 1 1 1 87 1 10 1 3 16 2 2 2 1 1 1 4 2 12 1 1 2 2 3 1 1 12 2 2 2
54 1 7 1 1 2 1 1 93 1 8 1 7 4 16 2 2 1 24 4 3 1 2 1 1 14 1 3 14 9 1 2 3 1 2 1 2 1 2 3 3 1 1 9 4 7 2 5 1 2 3 1 1 1 1 1 4 2 3 2 1 1 3 6 5 5 1 1 2 2 1 1 2 5 5 10 1 2 8 1 1 2 2 2 3 7 1 1 6 1 1 1 3 35 2 2 1 2 1 15 1 5 2 26 2 1 9 5 1 3 2 1 1 12 3 2 1 1 5 1 37 1 3 1 1 2 2 1 4 91 1 2 5 2 3 1 1 5 1 7 1 2 1 8 1 2 3 1 1 1 2 2 1 2 1 1 2 2 1 2 2 1 2 7 1 2 2 2 1 4 2 2 1 2 3 2 2 1 1 14 3 27 2 3 4 11 2 1 7 2 4 3 1 3 4 1 14 2 1 4
4 1 4 1 4 1 1 9 2 2 2 1 1 1 2 9 3 8 1 4 3 1 2 23 2 1 6 2 1 3 2 5 39 1 5 2 3 1 4 5 1 3 1 1 2 5 1 2 34 1 12 2 2 32 1 1 1 4 1 1 1 1 2 2 1 2 2 16 3 1 1 1 4 1 1 5 2 1 5 2 1 2 3 6 1 5 2 7 1 6 1 3 2 10 1 1 2 2 1 1 2 12 1 1 52 2 2 2 2 4 1 4 5 5 3 1 1 2 1 2 2 1 1 2 2 5 2 1 2 1 4 2 3 2 1 15 3 2 2 4 2 1 2 3 1 29 4 2 3 4 3 2 1 1 2 2 4 1 8 1 2 1 6 3 1 1 133 2 5 2 5 3 1 1 1 2 9 1 10 1 1 1 6 1 3 141 4 1 9 9 4 1 2 1 19 6 6 6 2 1
2 1 1 1 2 3 147 2 2 2 3 52 1 1 3 1 1 4 6 5 2 2 2 1 2 1 1 1 1 2 1 1 14 1 4 2 1 1 3 3 10 3 6 2 2 1 3 75 3 5 2 4 1 1 2 1 2 1 1 1 2 6 4 1 1 2 4 3 2 8 2 1 1 2 6 1 1 2 1 1 1 1 3 2 1 1 32 1 1 2 32 1 1 24 10 1 2 7 2 2 1 1 1 9 2 1 1 1 1 15 9 1 2 1 3 1 2 1 164 2 1 8 5 2 1 2 5 2 2 2 345 5 2 1 2 2 1 3 5 2 1 1 4 6 23 2 1 1 2 2 1 2 1 1 6 3 2 1 2 3 12 2 2 2 1 1 9 12 4 1 4 2 5 2 1 1 1 3 3 1 3 1 1 2 4 2 2 4 5 2 1 1 2 1 5 2 1 2 16 7
4 6 3 3 1 2 3 3 3 2 1 1 1 2 1 5 3 13 1 2 15 4 1 6 10 2 3 1 2 2 1 1 3 1 8 1 15 11 1 1 2 3 10 1 3 1 2 4 2 5 1 2 1 9 6 6 1 1 3 1 1 1 43 2 5 2 1 4 1 1 1 1 4 2 1 2 2 2 2 1 1 1 4 1 3 2 1 4 1 1 2 7 5 2 1 2 4 55 2 2 3 10 2 2 2 1 1 9 1 2 2 2 2 2 5 1 2 2 1 5 1 5 1 2 9 2 1 22 2 13 7 3 2 1 4 4 1 2 2 1 7 2 3 3 1 2 1 1 1 2 1 4 1 6 1 7 1 1 2 40 4 4 2 5 1 3 4 110 1 54 1 1 4 2 2 1 2 18 3 1 2 2 1 1 1 17 1 8 1 8 1 9 2 1 1 51 1 1 2 1
1 1 3 1 2 7 8 2 1 5 4 6 1 1 1 6 6 1 1 14 4 2 2 1 1 5 3 4 6 1 29 2 2 3 1 1 1 15 38 2 3 1 2 1 1 4 2 49 16 2 2 4 2 2 6 3 1 3 2 3 1 10 6 3 1 1 3 4 1 2 2 1 1 1 2 1 2 4 224 4 4 3 1 8 73 2 11 2 15 2 1 5 1 4 2 1 10 2 2 1 2 1 5 2 4 2 2 1 1 18 2 1 1 2 1 2 2 1 2 6 2 27 5 2 14 1 2 1 1 1 4 2 3 5 3 2 3 4 2 17 1 2 1 6 2 1 1 20 2 2 4 4 2 2 2 1 3 10 5 12 4 2 1 1 1 2 1 2 2 5 1 1 2 2 7 1 3 1 3 9 44 2 1 2 62 2 3 1 3 2 26 2 1 7 1 5 4 1 1 2
1 1 2 1 2 2 1 2 2 3 2 1 5 2 2 1 1 20 4 5 1 4 8 5 3 1 1 1 2 1 3 1 1 1 13 2 5 3 1 2 5 269 29 69 1 1 1 7 2 3 9 22 2 3 1 5 382 1 10 28 2 2 3 3 1 1 150 1 1 1 1 9 1 19 1 4 3 2 2 5 2 1 6 21 1 9 1 1 7 1 1 4 3 1 1 3 3 2 1 5 4 1 2 1 1 80 1 1 8 1 1 2 1 6 1 2 2 1 1 1 7 7 1 1 223 2 1 8 6 28 1 36 19 1 4 2 2 2 1 26 4 1 2 4 1 1 1 4 4 1 1 1 6 2 2 2 1 3 2 1 2 5 3 1 1 12 1 2 1 2 3 3 2 1 3 9 53 3 1 1 8 6 21 1 15 1 7 1 1 2 28 7 1 4 4 1 1 1 1 1
2 10 1 1 1 1 87 1 22 1 2 3 2 1 1 1 1 2 37 1 11 9 2 1 1 1 3 9 1 15 3 2 4 4 5 2 1 1 2 1 1 3 2 2 1 2 3 3 1 12 11 14 1 1 2 2 4 11 3 1 4 1 1 2 2 2 5 2 4 5 2 1 1 7 1 2 1 1 3 2 3 1 1 1 2 1 1 1 7 6 2 1 1 5 3 2 5 2 7 1 2 1 2 5 5 3 2 3 1 2 1 10 2 3 5 7 2 1 3 7 1 2 1 2 1 1 7 1 2 2 1 1 2 7 2 3 3 6 4 1 2 1 5 2 2 1 3 1 2 2 1 1 4 4 2 6 1 1 11 71 3 4 14 10 3 1 4 2 3 3 3 1 5 10 7 3 2 1 2 4 59 1 2 1 10 2 4 2 2 3 1 2 2 1 2 1 1 2 2 2
1 1 1 1 3 3 2 1 5 2 2 1 2 1 4 3 1 1 9 1 1 8 2 3 1 19 3 1 1 8 3 2 12 1 2 3 4 1 1 2 1 3 6 2 1 1 1 112 1 2 1 1 2 1 1 3 2 1 2 2 3 13 1 7 2 1 10 1 1 2 1 2 2 3 1 2 1 4 3 1 3 1 3 1 2 1 5 10 4 10 1 11 1 2 2 1 2 1 3 1 2 1 2 8 1 1 5 30 2 102 5 6 1 1 1 9 2 273 13 5 6 3 2 16 1 3 3 1 1 3 2 2 2 1 9 2 1 1 1 1 11 2 1 4 1 2 1 8 1 1 2 3 1 1 1 1 2 1 3 1 2 1 5 2 3 1 18 1 3 2 1 1 11 2 1 1 4 3 1 11 63 1 16 5 5 1 4 3 29 1 10 1 1 2 2 2 1 2 11 2
1 2 1 15 2 2 1 1 118 14 2 1 3 4 2 2 1 134 1 3 1 4 1 4 1 2 3 13 1 7 24 1 1 3 2 2 16 3 3 3 2 1 1 1 1 1 6 41 24 2 2 1 1 3 2 1 3 2 4 4 3 1 2 1 1 1 2 2 19 1 5 1 17 1 6 1 5 4 1 1 2 2 2 3 1 2 2 2 7 1 7 11 5 2 3 12 138 1 1 2 3 7 19 1 5 2 2 12 1 7 2 2 2 1 2 1 2 1 1 3 2 16 1 30 1 2 8 3 1 9 1 17 1 3 11 1 2 10 6 3 15 1 2 4 2 4 1 3 1 3 1 1 2 2 1 2 2 5 6 1 17 2 2 2 32 1 1 3 1 1 1 2 29 1 1 1 2 2 4 1 7 2 2 4 1 1 2 118 9 2 3 9 7 18 4 2 3 2 11 3
6 1 1 13 6 4 4 2 1 1 2 8 2 1 2 3 5 2 2 1 2 1 1 3 3 3 1 1 1 4 25 1 2 2 2 1 1 2 1 4 2 3 3 3 1 2 1 9 21 4 1 7 3 2 1 236 2 10 3 3 1 3 1 1 1 1 3 1 1 1 1 3 1 1 1 2 1 1 2 5 2 1 5 1 2 1 11 2 1 1 2 3 6 1 2 1 4 16 1 1 2 3 2 1 5 7 2 10 1 3 1 1 1 6 2 1 1 1 8 3 1 20 2 2 1 8 1 2 2 34 3 1 10 4 2 1 1 2 1 1 2 1 2 1 2 2 1 72 1 1 2 1 3 1 2 1 3 1 5 3 1 7 29 2 1 1 1 3 3 10 1 1 2 3 5 4 2 2 5 2 2 3 2 3 2 3 3 1 2 46 2 1 1 2 3 2 2 2 2 3
2 2 2 1 2 10 1 1 76 1 2 2 3 3 1 2 8 1 2 8 3 7 1 1 3 3 2 2 1 2 1 2 2 9 7 5 2 1 2 2 13 39 2 1 1 2 4 2 1 2 1 1 2 1 1 3 1 4 2 1 1 2 3 5 2 2 1 1 2 1 3 5 1 2 1 10 3 2 1 1 1 4 3 1 18 2 1 12 1 8 21 7 2 2 3 2 2 2 2 1 2 4 1 28 3 2 2 1 1 5 2 5 1 2 1 3 2 3 2 10 2 20 2 7 1 10 1 2 3 2 66 33 6 4 2 4 2 1 9 1 1 15 1 1 1 1 15 5 3 1 2 1 2 6 5 1 1 18 3 1 2 2 2 4 4 1 4 8 1 2 3 1 1 2 1 3 2 6 5 1 2 2 2 4 1 3 3 4 2 1 2 4 6 2 1 6 1 6 1 1
2 2 3 2 2 5 1 1 1 2 3 1 10 2 26 1 3 1 2 2 2 2 2 1 1 1 2 8 1 3 1 1 1 6 3 4 2 2 2 2 1 2 2 2 1 48 1 1 1 2 1 2 9 4 1 2 7 7 1 1 1 1 4 62 2 2 1 2 1 4 2 7 3 1 8 7 2 2 4 1 1 1 1 7 3 2 2 18 35 21 1 2 1 2 4 1 35 4 2 1 4 1 1 2 5 3 2 2 11 1 4 1 6 5 1 1 2 10 1 3 4 2 8 6 1 1 3 1 2 9 1 3 4 6 7 2 1 7 5 2 2 3 3 5 3 2 2 1 3 2 2 1 1 9 3 2 2 2 3 6 2 1 4 4 12 12 2 12 2 1 1 3 1 2 3 1 2 5 2 3 11 1 1 2 3 2 1 1 1 9 4 3 2 1 3 2 8 1 1 2
2 11 1 2 7 1 1 1 3 2 44 3 2 3 1 1 5 17 2 1 6 19 5 1 2 1 2 2 2 11 2 2 1 1 8 4 2 2 1 1 52 1 2 3 2 2 2 2 6 6 12 2 2 197 1 2 1 9 33 1 4 2 3 2 1 1 1 3 1 1 1 467 3 1 7 4 2 1 3 1 3 1 9 3 2 4 3 1 5 1 1 1 1 1 1 18 3 2 2 2 2 13 1 2 3 2 1 2 1 2 2 2 1 1 2 2 4 23 4 6 2 1 3 3 12 1 2 14 3 1 1 67 2 2 2 1 1 2 1 41 1 2 11 3 2 4 1 5 1 2 19 2 1 4 1 3 4 2 3 1 2 2 4 1 3 1 2 12 1 3 2 4 1 1 7 1 1 2 1 2 2 2 2 2 2 2 3 1 2 2 4 2 1 6 2 2 27 8 3 1
5 2 1 1 5 1 2 1 2 4 2 1 2 4 6 7 4 1 2 2 2 2 9 5 1 4 7 2 1 15 2 4 1 1 1 1 1 1 6 6 2 3 4 1 4 5 2 6 2 3 2 1 1 3 8 2 8 9 3 2 2 3 14 2 1 5 3 1 16 1 5 1 5 7 2 7 33 1 1 1 9 3 1 2 51 4 3 1 1 1 1 1 7 7 2 2 1 1 6 1 3 2 1 4 1 2 4 1 1 2 2 3 1 1 1 10 2 14 1 4 1 19 2 16 2 1 4 1 4 2 4 2 6 3 5 3 3 2 1 1 1 1 2 21 3 2 4 2 1 1 4 2 1 1 2 1 2 2 1 1 1 2 5 2 7 11 1 2 8 3 3 1 5 1 2 10 1 2 2 1 8 34 2 1 3 2 2 2 2 2 2 2 3 14 5 2 1 2 26 1
2 2 1 2 4 1 1 1 2 1 1 2 4 1 1 1 1 2 3 4 1 2 11 2 1 1 19 2 1 6 6 1 6 10 24 2 10 2 1 1 1 2 1 1 2 2 5 11 2 1 2 1 5 2 2 1 2 1 3 2 4 2 1 8 2 2 1 2 5 1 1 2 3 20 118 2 1 1 4 5 1 7 2 1 20 5 2 6 2 2 1 2 3 27 1 3 3 1 1 7 3 3 2 34 1 11 20 1 2 2 1 2 20 3 1 1 2 3 2 6 1 1 3 3 1 115 1 4 5 2 2 4 1 2 1 2 2 5 1 31 3 2 5 1 2 2 2 13 1 1 1 21 2 2 2 1 2 13 1 1 3 2 3 5 1 1 6 1 1 2 1 3 1 1 1 26 2 1 1 10 1 1 10 1 5 13 1 2 1 1 1 2 3 2 2 9 1 2 2 2
5 1 3 4 3 2 2 2 1 5 1 1 4 5 5 1 2 1 1 8 6 4 3 3 12 21 12 11 1 3 1 2 2 2 1 2 1 1 10 1 2 2 2 2 2 2 1 7 1 1 1 1 2 1 1 1 2 3 4 2 6 2 2 6 1 1 1 1 1 53 17 2 4 2 24 2 5 1 4 4 1 1 6 14 6 4 2 5 3 1 1 1 1 2 5 2 4 1 9 1 1 2 1 1 5 2 1 2 1 3 124 6 1 2 1 2 2 7 2 59 2 6 2 6 4 8 1 1 58 3 8 2 1 3 1 19 2 2 1 1 19 2 1 2 3 1 2 3 4 2 2 1 44 1 6 1 4 1 1 1 2 1 1 3 2 3 1 3 1 1 2 6 3 1 4 6 1 1 4 1 7 1 5 1 4 1 2 3 2 3 6 2 3 3 2 3 2 6 2 1
1 3 3 2 2 3 3 2 5 6 2 3 1 2 1 1 1 8 11 1 3 1 13 8 4 14 2 3 3 3 1 4 2 3 1 1 3 5 1 2 1 2 6 3 2 3 1 1 1 3 6 1 2 3 3 2 2 2 2 64 1 3 28 1 144 4 6 1 3 2 1 12 1 7 2 2 2 32 3 2 1 2 2 2 14 2 2 2 1 4 1 17 1 3 2 1 3 32 3 21 1 1 55 5 44 30 1 2 4 1 1 2 11 1 3 10 5 189 3 1 15 14 5 3 2 1 2 1 34 12 6 2 29 2 3 2 100 1 9 2 3 7 2 6 2 1 1 2 1 3 1 1 3 2 14 2 1 6 15 2 2 2 1 2 4 2 2 6 8 1 2 2 19 2 41 7 3 2 6 1 60 2 1 2 2 2 3 2 2 3 2 2 2 2 2 32 2 284 1 1
3 1 2 1 2 2 4 2 1 2 1 2 6 4 1 148 7 5 18 1 3 1 1 145 2 43 4 1 7 1 7 4 1 1 3 6 12 12 8 1 5 5 1 1 2 1 2 3 6 2 6 1 4 1 1 1 2 2 1 1 3 2 2 3 7 2 4 2 1 2 4 2 2 1 1 2 3 2 3 2 3 1 1 5 7 1 8 2 1 2 5 1 1 2 4 1 1 2 1 1 2 1 16 2 1 3 3 1 2 7 1 5 1 1 6 2 3 15 1 2 7 2 4 4 8 1 4 1 2 1 1 7 1 3 3 1 4 3 1 1 2 1 9 1 5 1 1 2 4 3 1 1 7 1 2 1 1 57 3 2 2 2 1 2 2 2 1 2 20 29 3 3 2 2 7 1 3 43 3 3 2 1 18 1 1 5 3 3 6 1 1 2 1 2 3 1 2 3 1 1
1 3 1 1 2 1 2 1 2 3 4 1 1 3 1 1 4 4 1 5 1 6 1 1 2 4 1 1 1 1 1 2 1 4 3 2 1 1 5 3 3 1 8 4 4 1 3 2 1 3 3 1 2 14 2 2 217 1 1 2 11 8 2 1 2 3 2 5 1 1 1 1 2 25 1 1 4 3 2 2 3 3 2 2 2 2 4 2 1 1 6 1 10 1 1 2 3 1 1 4 1 1 1 14 10 7 7 3 3 3 2 1 2 5 17 2 1 2 1 2 3 60 7 2 9 1 3 1 2 58 6 2 4 1 1 1 46 1 10 1 4 1 3 7 15 1 1 5 26 3 6 1 5 3 2 1 1 2 6 14 2 4 105 5 2 1 14 1 2 9 1 2 3 1 3 8 21 18 2 1 1 1 2 1 2 4 3 15 4 3 3 10 22 1 2 6 8 5 5 4
4 2 1 1 1 2 2 10 4 2 2 2 1 4 3 4 1 204 2 2 8 2 1 16 1 1 21 1 2 2 1 1 4 2 1 1 2 2 4 4 11 1 3 1 1 2 3 4 3 1 20 1 1 58 2 2 1 1 2 3 1 1 2 15 1 1 7 6 32 1 17 1 2 1 4 1 13 10 1 2 4 1 1 2 4 1 1 2 1 2 11 1 9 2 2 3 2 2 2 2 2 3 3 3 2 2 1 3 1 3 3 2 5 1 1 5 1 1 3 2 75 7 11 2 2 27 19 1 48 2 1 21 1 2 5 3 1 5 13 2 1 1 2 25 1 2 30 1 3 4 4 3 1 5 2 1 15 1 1 4 1 3 3 5 3 2 2 1 2 14 1 2 1 1 2 5 5 3 6 3 2 2 1 2 2 2 2 3 2 1 14 26 5 15 1 1 1 4 3 3
7 1 2 2 7 1 1 2 1 1 2 1 5 2 1 9 4 3 1 5 4 1 4 2 1 1 15 1 14 1 1 9 4 1 1 2 1 2 1 1 16 4 6 2 1 6 5 2 6 6 2 2 2 3 8 8 1 7 7 1 2 2 8 2 382 10 2 1 15 1 2 2 3 9 1 3 2 3 14 1 2 9 3 3 1 2 2 2 1 1 1 1 57 3 4 1 1 4 1 2 1 2 2 5 32 4 1 1 2 2 35 2 1 6 1 1 4 1 3 1 6 2 5 1 1 38 13 29 9 1 1 1 8 4 1 2 2 1 2 3 2 1 4 2 2 1 15 2 3 3 2 1 3 4 9 2 2 1 2 2 2 9 3 1 8 3 1 1 2 5 5 5 12 3 1 3 7 4 1 7 3 2 2 1 1 8 2 4 2 6 1 1 28 2 19 1 1 27 4 1
2 2 5 6 3 1 1 4 2 1 1 3 6 13 1 8 8 3 6 2 3 2 2 2 2 1 2 2 1 1 1 1 1 2 2 4 1 8 2 2 2 2 2 2 2 16 3 3 5 1 2 1 26 4 2 2 1 1 2 2 3 1 3 7 4 19 1 1 2 2 5 2 2 21 2 1 1 4 2 2 2 1 5 1 1 2 3 1 1 3 1 2 1 1 2 233 23 8 5 2 2 29 2 1 1 1 2 3 1 10 3 2 1 4 1 2 1 2 2 9 9 1 5 26 2 1 3 2 10 2 1 8 5 4 2 8 2 1 1 4 2 2 1 1 3 5 1 1 1 5 5 2 1 4 3 2 13 1 1 2 2 3 2 1 4 10 2 2 5 6 4 13 5 2 1 2 1 1 13 1 1 3 2 1 1 5 34 2 1 1 2 1 146 6 4 1 1 1 3 285
1 6 1 1 1 1 2 4 1 1 2 4 6 3 1 3 1 6 1 6 4 1 2 1 1 4 2 1 2 1 3 1 1 14 4 1 3 3 1 2 1 2 2 1 2 1 2 13 2 1 2 1 1 2 2 5 1 1 1 4 21 4 1 38 2 2 1 1 1 1 14 2 5 1 5 1 2 6 1 46 33 53 2 2 2 1 5 1 2 1 3 1 4 1 8 15 11 4 6 1 236 58 2 15 6 7 2 3 1 2 1 3 359 1 2 3 2 13 2 10 3 1 2 5 3 21 4 1 4 1 1 6 2 5 1 2 1 1 1 1 16 1 3 9 4 6 1 1 1 1 22 1 3 3 1 3 3 1 2 4 2 3 2 1 1 3 3 1 1 4 22 1 3 2 2 3 1 6 2 5 1 12 4 4 16 1 2 3 2 2 5 2 1 1 1 1 1 1 2 9
6 2 2 10 1 30 2 10 2 1 1 2 1 16 1 2 2 13 15 1 13 1 7 1 1 2 10 2 4 2 1 5 1 2 1 7 12 7 2 1 2 1 3 1 1 1 3 2 17 1 1 1 1 3 1 3 1 1 10 2 1 7 1 2 1 2 2 2 1 2 1 2 2 1 2 2 15 11 1 4 1 1 8 1 1 4 2 1 2 1 3 14 3 17 2 2 6 1 16 1 1 1 2 4 1 1 2 3 22 2 3 25 2 2 1 3 1 2 1 1 13 3 1 2 1 2 2 1 39 1 2 4 3 1 2 1 3 2 3 1 3 1 2 1 6 1 2 1 4 1 2 1 1 2 1 12 1 2 3 2 6 1 4 1 1 2 4 1 2 2 2 3 57 17 12 2 5 1 1 3 15 1 1 2 2 1 1 5 3 2 2 6 1 1 2 2 2 2 4 2
1 2 1 1 2 3 1 1 1 3 3 2 3 11 1 1 2 3 7 3 2 1 1 3 1 2 1 2 12 2 3 2 2 1 2 4 1 2 1 5 1 1 2 1 2 1 1 1 1 4 2 3 3 4 2 1 1 2 8 1 2 2 1 3 1 5 2 1 2 4 3 1 4 1 3 5 1 2 4 12 1 1 23 1 2 3 2 2 1 2 2 2 4 11 2 3 1 2 1 114 16 1 2 21 2 6 2 1 1 1 5 3 1 3 1 2 1 1 1 2 4 2 2 5 24 11 2 8 2 1 2 4 1 2 2 1 1 1 6 2 20 3 1 3 1 2 1 2 2 2 4 2 259 2 1 3 1 1 5 2 1 16 6 1 2 1 15 2 1 1 2 5 28 2 3 1 4 2 29 1 1 2 2 2 3 5 1 2 3 18 2 1 1 1 5 1 2 2 2 1
2 1 1 8 1 3 1 1 2 47 8 1 1 2 3 4 3 2 1 2 11 1 15 1 1 4 2 3 6 1 3 1 1 1 1 28 2 1 2 11 1 4 1 5 3 1 1 2 2 2 1 2 1 4 1 1 1 4 2 1 2 85 1 1 1 2 1 1 6 1 1 2 3 4 1 5 15 43 2 1 18 2 1 2 2 2 3 2 1 3 2 1 1 2 2 4 1 9 4 2 2 1 2 5 4 2 3 2 2 1 2 1 3 17 2 1 102 2 2 1 2 2 2 2 4 2 2 3 3 23 2 1 2 3 6 4 10 9 12 4 1 1 118 2 1 2 2 2 4 1 4 1 4 3 5 7 2 3 4 2 14 1 2 2 6 1 3 3 2 3 1 7 2 90 3 1 2 2 1 2 1 2 10 1 24 2 65 6 2 2 1 1 7 2 1 1 7 2 2 2
1 1 5 11 2 21 6 3 1 83 6 1 7 1 2 1 13 6 1 1 9 124 4 1 3 3 3 1 6 2 1 1 1 1 3 2 1 5 1 3 24 4 1 3 1 1 3 3 1 4 1 2 4 4 2 6 3 1 3 1 4 3 1 2 3 2 2 2 1 1 2 1 2 2 1 6 3 16 2 1 10 2 2 1 1 1 2 16 3 2 3 3 1 22 7 2 4 79 1 2 2 9 2 94 1 2 2 9 5 4 1 3 2 1 59 1 31 2 3 1 40 36 1 2 1 2 6 1 1 2 4 2 4 1 1 2 12 1 6 4 2 3 1 2 2 2 17 2 1 2 2 4 12 4 2 211 1 2 8 2 32 2 1 5 1 1 3 26 2 2 2 1 1 1 50 3 2 1 6 1 1 1 6 6 1 1 2 4 6 1 2 1 1 7 4 3 1 8 3 3
1 2 3 6 1 5 1 1 2 2 6 6 1 2 1 1 1 2 1 1 14 2 1 4 5 4 2 68 2 1 2 1 8 2 3 4 3 2 1 7 121 1 1 3 1 3 1 3 2 2 2 1 10 20 54 2 1 1 7 3 1 4 1 4 1 1 1 1 1 2 1 1 1 3 3 1 2 5 1 1 1 2 5 1 6 1 3 3 4 1 1 10 23 4 3 4 1 1 1 2 1 12 2 3 1 25 1 1 38 2 1 1 2 1 1 2 2 9 8 1 2 2 14 1 1 2 3 2 1 4 16 1 1 9 2 4 1 1 2 1 4 2 2 1 1 22 2 2 1 6 1 48 6 1 1 3 3 3 5 9 15 1 24 1 4 2 2 2 10 5 2 2 2 2 1 1 1 1 4 1 6 1 2 2 2 3 14 8 2 128 1 31 3 8 3 3 2 1 2 8
1 4 1 7 2 4 2 6 1 3 2 3 2 1 8 5 2 4 4 4 2 1 1 3 3 10 2 8 3 6 4 2 3 1 1 3 2 2 1 4 1 3 1 208 3 13 2 3 2 4 1 2 9 10 18 1 5 3 2 8 1 2 2 1 1 3 88 1 6 7 4 1 1 8 2 5 2 1 6 2 2 7 1 2 1 1 8 1 1 1 1 27 2 3 9 2 2 2 3 34 2 8 4 2 20 1 15 2 1 2 2 7 1 1 1 11 8 131 2 9 1 2 1 1 6 4 1 2 1 3 3 2 1 1 2 2 1 2 9 6 1 1 2 1 9 30 1 4 13 4 13 1 2 1 2 1 6 4 2 6 1 2 2 1 2 1 2 5 3 1 12 11 8 1 2 2 8 1 1 2 1 2 2 3 4 1 3 1 1 3 12 1 1 6 7 3 1 1 3 1
1 1 1 1 2 3 42 1 1 1 4 8 4 3 5 2 2 3 12 1 2 1 4 55 2 2 6 9 2 1 1 6 4 3 5 3 1 1 1 2 158 1 13 3 2 2 4 3 10 2 1 1 3 3 1 6 2 1 2 2 3 1 1 8 1 8 5 2 24 1 1 1 5 3 2 2 1 8 1 1 1 5 3 2 2 2 2 25 16 2 2 12 2 9 65 2 2 4 2 1 1 3 3 4 2 4 2 8 6 29 2 1 7 2 2 1 21 2 1 1 9 1 1 4 1 1 1 2 3 1 2 2 1 2 2 2 2 1 2 1 2 3 2 2 1 4 4 79 1 64 2 19 1 14 1 8 2 2 1 1 1 2 3 3 2 1 2 1 1 2 2 2 8 1 2 4 1 1 1 1 2 54 1 2 1 3 2 1 1 1 2 8 1 7 5 4 2 1 7 1
59 3 2 2 2 3 2 12 1 1 6 2 1 37 2 1 1 1 1 1 1 4 1 2 3 4 1 1 2 9 25 2 1 6 2 2 2 5 2 1 6 2 1 2 1 3 5 2 189 2 5 2 5 3 1 2 5 3 3 1 1 2 8 2 5 1 2 35 1 4 2 1 2 1 2 2 3 2 2 1 7 2 11 1 26 3 1 1 2 1 3 1 1 1 1 3 1 32 2 25 5 2 1 1 2 1 2 20 1 2 6 3 250 8 24 6 3 1 1 1 1 10 2 2 1 3 7 1 15 1 2 2 3 17 2 4 1 8 1 1 3 4 20 1 2 9 6 3 1 1 2 1 2 21 111 1 2 11 1 14 2 26 2 3 8 2 1 2 1 4 2 19 2 3 3 1 3 2 1 1 3 3 1 2 6 1 7 2 5 2 2 1 2 3 2 4 8 1 1 1
1 6 94 6 1 2 2 3 6 1 2 3 1 2 3 2 1 1 237 5 1 8 4 5 1 1 1 1 5 2 1 3 1 1 3 1 1 1 4 1 2 1 6 1 1 10 4 2 6 2 1 1 1 9 2 2 2 6 12 1 5 1 1 25 4 16 1 11 2 11 2 2 22 8 1 3 12 3 2 2 1 2 1 1 3 1 18 2 1 12 22 5 3 1 3 4 5 1 1 6 1 3 2 6 1 1 14 2 3 2 1 1 15 2 17 1 1 2 2 1 5 2 2 1 2 13 2 233 7 1 6 1 1 3 1 93 3 4 2 110 1 2 1 2 3 2 9 1 1 4 10 6 3 1 14 1 1 1 3 7 2 1 3 2 1 1 3 7 2 3 1 3 20 31 1 9 1 1 2 1 1 2 8 10 1 1 2 3 6 2 21 3 8 2 22 4 1 1 9 2
1 1 2 1 2 3 2 2 1 7 1 4 2 1 1 1 5 1 3 5 2 1 1 1 4 2 2 1 2 5 1 2 7 1 8 157 1 2 4 1 24 1 1 1 4 1 2 3 3 6 2 103 2 2 4 13 8 2 4 2 4 1 3 7 1 3 1 2 9 7 2 4 4 2 2 1 2 2 2 1 6 6 2 2 2 1 2 3 4 14 3 2 1 3 20 1 5 2 4 1 2 4 56 7 10 2 1 2 9 2 1 6 4 1 3 1 2 3 1 3 2 1 1 4 17 3 7 7 1 1 1 14 2 2 2 2 1 7 1 1 1 3 1 7 1 4 2 1 1 1 1 2 2 2 8 1 2 3 1 2 1 1 3 5 4 13 4 3 3 3 2 7 2 3 2 9 14 20 2 9 5 224 1 1 1 1 1 2 1 2 3 9 28 1 1 14 28 1 3 4
2 1 2 3 1 3 1 26 2 2 2 3 1 2 6 2 2 1 2 2 2 2 6 1 2 11 1 1 7 1 1 20 38 1 2 4 1 4 2 1 2 1 1 2 2 7 5 1 8 2 1 1 5 1 2 3 3 36 3 2 2 1 1 1 2 4 1 1 1 1 7 15 2 2 2 1 2 2 1 2 1 2 4 12 1 2 2 1 2 2 31 1 1 2 7 2 18 47 1 1 1 1 1 2 1 2 3 13 5 2 2 2 1 1 4 2 1 8 4 33 18 2 9 3 4 5 4 8 1 2 1 1 2 2 2 2 1 2 5 2 3 8 1 4 5 5 3 2 2 5 4 4 1 6 3 1 9 2 2 1 1 1 2 1 1 5 3 1 1 6 3 2 9 4 2 3 1 1 2 1 1 1 5 1 4 1 1 5 1 1 1 1 21 1 1 1 5 9 1 2
1 10 2 21 2 2 3 2 9 1 1 6 1 4 2 7 26 3 1 1 5 2 4 16 2 2 16 2 1 1 3 3 1 1 1 1 18 3 4 2 17 1 1 4 1 2 1 3 2 1 2 2 3 2 3 2 2 1 35 6 1 1 1 2 7 5 2 7 1 3 5 1 1 5 2 3 10 1 5 1 10 1 3 5 5 2 1 12 1 1 2 1 4 1 2 2 1 1 69 4 1 1 1 4 1 3 9 1 4 1 3 2 2 1 2 4 4 5 9 2 1 1 2 3 1 1 23 2 2 1 1 3 2 4 1 3 3 1 2 2 1 1 1 1 1 296 8 5 8 2 2 1 2 1 2 1 1 2 1 2 2 1 40 1 1 2 1 3 2 4 2 7 1 4 2 1 2 2 2 5 7 3 2 1 2 4 1 2 25 28 1 17 4 5 1 2 14 1 1 13
5 4 2 2 2 5 3 4 2 2 5 1 2 5 3 2 4 1 2 1 1 1 1 1 2 2 1 3 1 2 1 1 3 1 1 1 4 2 1 3 1 8 2 2 1 8 6 1 1 1 3 5 1 2 2 1 1 1 5 2 1 2 2 1 3 1 1 1 1 2 1 1 2 3 7 6 2 1 5 2 1 6 2 2 3 4 1 2 4 3 2 1 2 2 1 1 10 16 1 3 4 2 10 2 2 2 47 1 12 1 7 2 1 7 2 2 1 2 1 4 2 2 2 1 1 3 2 1 2 1 3 1 7 1 11 11 1 3 5 1 5 1 1 1 4 2 2 5 4 1 9 3 3 3 2 2 2 4 1 2 287 3 3 6 3 3 107 1 5 1 2 3 1 2 1 1 2 4 3 1 1 1 1 1 6 1 1 1 1 1 10 1 4 1 2 1 4 4 1 2
28 1 19 16 10 3 1 1 1 2 4 5 3 2 1 1 2 1 2 2 2 1 1 2 3 13 61 12 1 1 2 1 2 2 1 3 4 9 3 4 3 1 1 1 4 2 1 2 2 1 1 3 2 1 2 2 221 98 1 2 1 2 1 6 1 2 2 5 5 3 2 6 3 2 24 2 1 1 167 1 1 60 105 1 2 4 1 3 1 9 2 1 1 24 2 1 3 1 2 1 2 2 3 3 2 1 1 8 10 1 2 1 1 4 1 5 5 3 3 2 10 10 16 6 1 1 8 2 1 2 2 4 1 438 3 1 1 3 2 2 2 1 4 3 1 397 1 4 3 3 4 2 44 2 1 2 1 3 1 2 4 2 3 2 2 1 2 4 1 1 1 2 1 2 4 2 9 2 53 2 36 6 1 12 5 5 1 6 4 2 5 2 1 6 1 4 114 2 2 7
1 6 2 2 1 6 6 2 4 2 7 2 4 1 1 1 5 8 3 1 2 17 4 2 2 240 4 4 2 8 1 1 7 3 3 10 2 1 1 1 2 9 6 1 1 6 1 3 7 1 3 6 2 1 3 1 1 9 2 2 12 2 2 2 1 1 312 2 83 1 7 3 1 2 1 3 10 4 2 2 2 1 1 2 6 2 155 2 2 2 4 7 4 1 2 3 1 9 1 4 1 2 4 2 2 3 37 4 1 2 1 1 2 5 5 2 6 10 1 2 13 1 1 4 3 6 1 3 20 1 1 2 2 2 4 2 1 9 1 1 1 1 2 2 23 2 4 2 1 1 2 2 2 2 4 6 55 2 5 32 2 4 1 1 5 10 2 4 8 1 10 5 4 1 4 3 7 1 1 2 7 2 4 3 4 4 2 1 1 1 2 1 1 1 2 1 1 1 1 2
2 2 3 1 4 3 3 2 5 2 2 2 9 1 1 2 3 1 1 2 1 1 2 7 8 1 1 2 27 2 1 2 3 7 2 4 2 3 1 6 3 12 2 9 11 2 2 9 1 14 2 4 1 4 2 1 1 7 1 5 29 3 4 1 14 1 3 2 2 5 1 2 2 4 18 6 3 2 4 4 2 1 1 3 1 88 2 26 3 3 3 6 2 24 2 1 4 3 1 3 1 2 7 3 29 18 20 5 3 3 51 1 2 3 3 1 3 2 1 1 2 2 3 1 2 1 2 1 3 11 2 1 4 17 1 2 28 3 1 2 5 1 42 59 3 4 10 1 5 1 1 5 2 2 1 5 3 2 7 3 2 3 1 1 38 2 3 1 1 1 2 2 12 1 1 2 1 1 26 1 1 1 6 1 2 2 3 9 1 1 2 3 2 110 65 4 1 2 1 4
2 7 16 7 3 2 1 2 2 2 2 4 2 2 1 4 3 1 2 24 1 1 1 2 2 9 12 1 4 1 2 1 6 1 4 1 5 2 1 3 2 3 2 2 2 1 1 3 9 3 2 7 3 1 3 1 1 1 1 7 19 3 85 22 4 30 8 1 1 1 1 2 3 1 1 10 3 2 2 2 5 1 1 87 3 5 2 1 4 2 2 1 3 1 2 1 1 2 7 2 1 1 5 4 3 2 1 40 1 2 5 1 9 1 1 3 2 3 5 23 4 1 2 2 6 1 1 1 11 2 1 3 3 1 3 18 18 7 2 1 1 3 3 2 5 4 4 2 5 2 5 15 2 1 2 5 2 1 5 3 5 1 1 11 1 2 6 4 2 2 2 15 4 8 2 2 10 1 2 38 7 2 1 1 1 2 2 5 1 2 4 1 1 33 5 2 5 2 8 4
10 1 1 2 3 2 1 1 2 19 1 3 1 2 2 1 3 3 1 2 1 7 1 1 7 3 13 22 1 1 12 2 6 9 1 2 43 2 13 2 2 6 3 1 155 2 12 9 14 1 2 1 19 1 3 4 1 1 2 2 3 3 3 3 2 3 6 1 1 4 3 6 4 4 2 1 1 2 1 2 2 4 8 1 3 1 8 2 3 3 4 1 70 1 13 1 2 5 50 1 1 2 3 6 2 3 2 2 41 2 2 2 1 1 3 1 4 11 3 2 1 12 8 1 5 4 2 1 6 1 1 1 1 1 2 4 4 2 1 1 1 2 9 1 1 3 1 2 2 2 5 2 1 3 1 1 1 2 1 57 17 2 11 1 1 8 11 2 16 5 3 2 4 1 1 1 2 12 4 8 1 4 10 2 4 3 1 1 11 1 2 1 8 28 2 1 14 3 2 2
1 2 10 1 4 1 2 2 1 3 5 2 2 3 3 1 2 2 1 2 1 9 2 3 3 1 1 3 3 3 1 1 2 1 3 5 3 5 4 1 2 3 1 2 2 1 1 2 2 2 3 8 2 6 129 3 1 1 1 1 1 3 2 2 2 1 17 5 2 2 2 4 1 1 1 1 19 1 32 9 10 1 2 1 3 6 1 2 2 7 1 4 4 11 3 3 6 3 2 5 1 1 2 7 2 1 3 3 18 5 4 2 2 1 5 3 26 18 4 2 4 1 4 4 4 2 9 2 1 1 4 17 8 2 2 2 9 6 3 7 2 1 1 1 49 2 3 2 1 1 2 1 2 4 1 2 1 1 4 1 3 2 3 2 1 1 3 1 1 1 3 2 4 1 6 1 4 2 1 5 1 7 5 2 2 2 4 1 1 1 6 4 1 1 4 1 2 315 2 2
3 2 6 2 5 1 14 2 1 9 3 1 13 2 8 1 1 13 2 2 1 1 1 1 6 1 2 2 1 10 1 1 1 1 5 4 2 2 1 1 1 8 3 4 1 1 2 24 378 2 1 5 2 1 5 2 4 1 1 5 3 1 61 2 2 2 2 1 2 3 2 1 2 40 2 2 1 1 1 1 3 4 2 2 6 2 432 1 3 23 1 2 1 4 1 2 4 2 2 13 65 2 1 1 7 13 4 3 2 2 8 40 25 2 3 2 2 1 2 1 12 2 2 1 2 2 1 2 6 4 2 5 1 1 2 4 1 2 1 1 3 1 7 1 1 2 1 1 5 24 2 6 2 7 4 26 1 7 3 1 73 9 4 2 2 1 2 3 6 3 1 11 1 1 7 2 1 2 4 3 2 1 1 1 4 1 2 2 16 4 9 1 29 4 5 1 6 2 2 2
2 1 2 13 2 1 1 1 2 5 5 10 1 2 4 2 1 12 4 7 1 2 1 2 3 1 51 1 2 1 25 8 2 3 1 1 1 2 1 3 3 6 2 10 6 28 22 1 1 1 1 4 1 1 1 1 2 4 2 1 2 1 1 1 11 16 9 1 6 2 2 2 1 4 1 1 2 5 2 2 2 2 6 1 3 2 1 1 6 13 3 1 2 4 13 2 2 7 1 4 1 2 2 1 1 6 1 2 2 4 2 3 19 2 50 2 3 6 3 7 9 1 1 3 2 1 3 2 2 1 1 1 5 1 1 2 1 6 1 2 4 10 1 25 4 2 3 3 1 6 1 3 1 3 13 3 5 1 3 2 1 1 2 1 2 2 1 9 1 4 1 8 1 4 1 19 2 1 2 7 1 2 1 4 5 3 2 2 1 2 2 2 5 9 38 1 2 215 1 3
2 7 2 4 5 1 1 1 3 2 2 2 2 1 2 4 2 2 5 38 2 2 1 2 13 1 2 2 1 2 2 4 8 4 3 1 3 4 2 1 1 2 1 6 12 1 2 14 2 2 1 1 2 1 4 1 1 2 2 2 2 1 6 3 10 2 2 2 1 6 1 1 2 23 5 3 1 1 1 1 2 2 3 1 4 1 1 4 1 1 2 7 2 5 4 1 2 2 2 8 1 2 3 3 14 2 1 1 2 2 8 2 1 2 2 2 2 1 5 5 2 2 2 1 1 5 1 2 2 9 3 1 3 9 1 2 2 5 25 1 2 2 2 173 3 2 4 4 1 3 6 2 1 4 3 2 1 1 3 2 3 5 1 3 9 1 82 2 2 4 3 2 2 11 1 2 2 4 1 1 2 2 3 1 1 15 2 5 1 2 5 2 5 1 36 1 1 4 1 2
8 1 3 1 1 4 7 3 3 3 3 3 2 1 1 1 1 1 1 2 2 3 3 3 3 2 1 1 11 11 1 1 1 1 1 2 2 2 2 2 1 7 1 3 1 2 2 2 3 1 4 2 1 1 2 11 3 1 1 1 1 12 4 4 8 5 7 1 2 1 1 6 12 3 2 2 2 16 3 1 6 1 1 8 1 4 12 1 1 4 13 1 2 1 1 2 6 2 2 7 1 10 3 1 3 1 2 3 2 2 1 5 2 2 1 3 2 1 6 1 3 6 3 3 102 2 4 49 2 6 3 1 2 4 6 1 2 9 6 2 1 1 2 10 3 14 4 1 1 6 7 2 8 11 2 4 2 5 28 3 2 1 1 2 1 1 2 2 4 5 1 4 2 1 2 1 2 8 1 1 2 4 1 3 40 6 2 20 44 1 1 1 1 4 7 1 2 1 2 2
1 2 2 1 1 2 1 2 8 16 13 5 1 4 2 24 4 2 1 9 1 3 4 14 5 2 1 1 3 2 15 2 2 2 1 28 7 2 40 1 5 9 2 2 1 1 2 41 1 1 2 45 2 1 5 1 1 3 2 2 6 3 1 2 2 19 14 5 3 6 4 2 2 1 1 1 1 2 1 3 119 1 1 2 2 4 1 1 2 3 2 5 1 1 1 4 1 6 2 33 1 2 2 6 1 2 7 7 1 4 2 3 3 2 7 3 1 1 3 6 3 5 1 85 1 2 205 1 3 138 1 1 2 1 1 2 3 22 1 4 2 3 6 13 4 1 2 3 6 1 12 3 2 20 1 1 1 1 2 21 2 4 6 6 2 2 2 1 2 1 7 1 1 2 2 2 2 2 125 1 6 2 3 1 1 13 3 2 1 25 4 2 12 3 1 2 2 4 1 1
4 3 3 3 1 2 2 1 1 10 2 2 3 2 2 61 1 3 4 1 51 2 2 1 11 1 3 1 2 1 7 2 1 2 2 1 8 1 2 4 31 1 33 2 11 1 1 2 3 2 3 1 1 1 3 19 19 1 11 2 1 3 1 1 2 2 1 6 1 2 4 3 2 1 2 14 1 1 5 2 2 2 4 2 1 2 1 12 2 2 3 2 2 6 1 2 1 3 4 1 2 1 2 13 1 8 2 4 1 5 7 2 2 2 1 4 11 3 14 3 1 1 23 3 9 3 1 1 2 2 14 2 1 3 4 1 2 1 5 4 4 1 6 17 1 1 3 2 1 5 3 2 1 2 1 1 3 3 1 2 2 6 2 41 4 1 1 32 3 9 1 2 1 1 2 4 2 9 4 1 1 40 2 2 1 2 7 3 1 1 1 2 1 2 7 2 20 2 3 15
3 45 1 4 1 1 2 2 5 1 2 2 1 3 4 3 4 35 8 2 10 3 1 1 1 1 2 4 3 4 8 6 1 2 2 4 2 2 13 2 3 8 1 1 4 13 1 5 1 2 5 1 151 6 18 4 1 4 3 3 1 1 3 2 2 4 2 3 4 3 4 3 2 3 15 19 2 2 2 1 2 2 9 2 3 2 2 1 7 3 18 1 8 1 8 19 9 1 3 2 4 2 1 2 4 1 2 1 1 1 20 6 2 8 1 2 1 1 5 10 1 16 2 1 2 1 1 58 1 1 2 10 3 1 6 1 1 1 19 1 2 17 3 2 3 4 2 2 2 5 2 1 2 7 2 2 7 4 1 2 216 1 2 2 1 2 3 3 1 2 1 3 2 6 45 2 1 7 2 1 18 2 2 1 1 1 1 1 3 9 1 3 4 4 8 1 1 2 2 1
4 2 1 1 2 3 1 6 2 10 7 2 2 2 1 1 2 2 1 3 19 2 1 2 1 15 1 2 1 1 13 3 10 2 4 1 1 1 3 25 1 3 23 2 1 1 2 46 1 2 7 94 2 3 1 3 5 2 2 1 1 2 7 2 2 2 1 1 2 3 6 17 2 2 2 1 4 1 1 296 2 2 2 2 1 2 14 2 1 1 1 1 1 2 1 1 6 1 9 1 1 15 7 4 10 2 2 2 249 1 1 2 1 3 38 6 4 2 2 3 3 2 2 6 2 9 1 2 2 3 1 3 5 2 2 4 5 1 1 1 3 1 1 1 1 1 33 1 2 1 2 5 14 1 1 2 1 2 2 2 7 16 8 16 1 1 11 2 10 4 1 5 9 1 1 16 3 2 261 5 4 1 76 3 1 2 1 2 6 4 2 2 5 3 12 2 3 3 1 8
3 7 3 2 3 3 4 1 1 1 22 1 63 3 1 7 6 1 1 1 3 1 17 1 3 2 2 4 1 3 4 1 1 2 2 2 1 3 1 6 1 1 4 1 2 1 1 6 1 6 3 1 1 2 1 2 4 1 11 1 1 1 8 2 20 1 4 4 8 2 1 4 3 6 2 16 3 1 2 2 2 2 3 2 1 2 4 2 17 3 2 1 8 2 2 2 1 1 2 14 1 1 1 1 6 2 2 77 2 2 9 17 3 2 3 3 2 2 1 2 2 1 6 5 9 2 2 2 18 6 1 1 1 3 10 1 3 3 1 2 4 5 1 1 371 2 16 3 2 1 4 1 2 6 2 1 2 6 6 6 6 7 3 10 2 3 1 11 2 2 5 4 1 7 2 3 4 8 2 5 3 1 2 2 2 3 2 2 2 1 1 4 5 4 8 19 1 2 1 2
13 2 1 27 1 2 2 1 21 1 2 9 2 1 8 2 4 2 2 2 4 1 2 2 1 2 2 2 2 3 1 16 10 2 20 16 1 4 4 1 1 1 13 1 1 2 3 1 1 2 4 28 1 2 5 2 33 3 1 10 1 39 1 4 1 15 3 4 4 40 4 2 4 34 2 1 2 2 5 2 1 3 51 1 1 1 7 3 1 2 6 2 2 1 4 5 5 1 1 2 1 3 2 9 1 1 1 2 2 2 19 4 14 18 1 3 1 4 16 3 7 8 5 3 2 1 1 7 4 2 4 1 1 4 4 29 1 6 1 8 10 1 1 1 8 3 1 7 2 4 2 5 1 11 1 3 3 2 3 243 2 17 1 1 1 2 12 3 2 1 2 5 4 2 1 4 2 1 5 2 1 2 8 2 1 4 68 1 15 1 3 2 3 3 10 3 9 1 1 3
2 10 6 1 5 22 2 1 9 11 1 3 9 2 1 3 6 2 4 2 1 1 1 3 3 3 3 46 4 1 1 2 2 1 5 5 2 3 2 2 5 3 2 8 2 1 1 4 2 1 3 2 21 1 3 10 9 1 1 1 5 6 2 1 3 3 1 5 1 2 1 1 12 1 2 2 2 4 1 2 8 2 6 2 2 6 1 1 3 4 1 6 1 2 4 9 1 1 1 1 5 8 23 1 24 2 14 2 3 1 4 6 2 1 8 2 2 2 2 1 5 1 14 2 64 2 16 1 2 2 2 1 1 2 290 2 4 2 2 44 1 1 1 2 23 7 5 2 17 5 7 4 1 1 1 1 8 4 1 7 1 1 7 7 2 7 3 2 1 5 1 28 2 1 1 5 8 1 5 5 6 25 1 2 2 1 2 1 3 2 1 1 1 2 1 1 28 11 2 4
6 1 2 19 2 1 3 1 2 5 2 2 2 4 5 2 1 6 11 2 1 3 1 1 21 7 2 4 1 3 9 2 2 24 9 2 3 6 1 6 3 1 1 1 8 1 8 1 2 4 8 1 2 1 8 1 4 1 1 13 7 7 5 6 29 9 1 1 1 2 2 1 2 16 3 8 5 1 18 2 1 74 6 2 2 3 2 36 24 10 3 3 6 1 1 1 3 7 5 1 2 19 3 1 3 4 1 3 19 24 16 3 12 1 1 4 1 8 1 12 21 2 2 5 2 1 9 2 2 12 3 3 99 1 4 2 2 1 1 2 1 292 2 1 2 1 9 1 39 2 1 1 3 3 7 3 2 2 3 1 1 1 21 5 4 2 2 1 1 2 3 1 2 488 1 1 3 3 1 2 1 2 1 4 2 5 1 2 2 2 1 1 1 3 1 1 2 3 5 3
2 1 2 1 1 2 2 1 13 4 2 3 1 6 1 2 1 1 1 1 1 34 16 1 4 2 2 2 1 2 12 8 4 2 2 3 1 3 3 2 2 3 1 1 2 2 2 13 3 2 1 9 2 1 1 1 2 3 2 3 2 2 3 2 3 2 1 1 5 2 4 4 50 1 1 2 2 3 1 1 19 1 1 2 1 11 2 8 1 99 1 5 2 88 1 26 3 4 1 15 2 21 2 1 2 1 2 7 2 13 1 6 5 2 6 1 2 4 3 2 2 1 1 11 3 17 2 2 3 4 2 9 1 5 2 1 3 5 1 1 2 2 1 4 4 3 1 1 3 2 5 2 2 4 3 41 3 3 1 1 35 2 1 214 232 1 19 1 1 2 2 2 2 1 2 1 2 1 2 2 6 3 6 5 2 21 1 3 2 2 78 2 2 1 4 3 2 12 16 2
7 1 2 1 5 5 1 3 10 2 9 1 5 1 6 3 1 1 1 2 8 1 1 2 3 1 2 1 3 1 2 3 1 3 2 1 4 1 6 1 3 1 2 1 2 1 2 2 4 6 1 2 14 2 33 16 2 2 1 6 15 1 4 2 1 3 1 2 4 1 2 3 1 3 16 1 2 2 7 8 4 4 16 2 2 1 2 2 2 1 6 11 3 2 14 1 2 2 3 45 7 7 2 2 2 2 2 1 6 14 2 1 1 6 1 7 6 1 1 1 3 1 1 3 4 127 4 2 4 3 2 2 4 8 7 2 1 161 8 1 1 1 1 1 2 18 1 2 1 8 2 1 7 2 1 1 1 1 1 3 1 1 1 4 1 1 2 1 1 2 1 3 1 3 1 5 2 4 1 3 3 1 2 3 2 1 1 3 1 7 1 8 6 1 1 2 41 3 2 2
3 1 44 1 263 2 9 7 2 2 2 1 3 20 6 1 1 1 1 2 3 39 1 11 2 2 2 2 4 1 1 1 2 9 1 2 2 1 2 6 5 1 2 2 1 8 5 1 18 1 1 2 3 1 3 2 4 13 1 1 1 2 1 3 2 3 2 3 18 5 3 2 9 1 3 2 4 2 1 1 1 1 5 2 1 2 4 14 3 1 1 3 2 2 2 2 3 1 3 2 1 39 9 7 1 2 81 1 3 1 1 3 2 7 4 1 2 3 1 3 4 1 2 1 5 4 1 49 1 28 2 4 2 3 3 14 1 1 1 1 1 4 1 15 2 1 2 4 2 2 1 7 37 1 27 1 2 27 1 3 1 2 1 1 2 1 4 6 169 1 9 4 1 1 1 17 2 3 2 8 4 2 5 4 2 1 2 1 1 1 1 2 1 20 3 2 1 11 3 3
2 1 1 2 1 2 5 3 1 4 2 1 2 2 3 1 1 12 3 3 1 1 2 3 25 2 45 1 3 2 1 4 1 2 5 1 1 4 2 7 1 1 1 2 2 2 3 4 4 2 2 1 1 2 1 2 8 1 2 9 3 12 2 12 1 2 1 2 2 5 2 4 2 3 1 39 1 2 2 1 2 3 2 7 2 2 5 3 2 10 7 2 1 5 1 1 3 2 1 1 3 4 2 3 6 1 1 2 1 3 3 2 12 1 1 56 5 2 3 2 1 1 5 5 2 1 4 7 1 1 1 2 4 8 11 12 1 1 3 2 1 6 2 2 1 3 2 2 3 2 4 1 1 2 1 4 2 10 1 2 1 3 3 2 2 3 3 2 3 9 1 1 2 1 2 2 2 2 37 12 3 1 2 2 1 1 1 14 3 1 2 3 1 2 8 3 1 2 4 3
2 28 6 8 2 3 1 20 4 2 4 1 9 2 2 2 2 2 1 1 5 3 2 1 2 1 11 2 2 2 1 5 12 1 2 6 4 2 1 5 3 5 1 1 6 16 2 3 6 1 2 1 1 2 1 3 2 3 2 4 8 1 3 59 2 1 1 4 8 1 1 2 1 3 2 3 2 5 3 6 3 2 2 3 2 3 2 21 3 2 3 2 5 2 7 2 1 2 1 492 2 1 3 2 25 2 7 2 1 2 1 2 11 1 9 2 2 1 4 8 3 17 3 1 1 2 7 1 1 1 1 1 5 4 2 1 2 6 8 1 3 1 3 3 21 1 1 1 2 2 5 3 2 2 3 1 2 2 6 1 1 2 2 2 1 5 7 3 1 17 1 9 1 1 2 13 12 5 2 1 2 1 2 6 111 2 2 1 5 1 19 1 1 1 2 1 1 1 3 9
23 1 3 1 4 3 4 1 1 2 1 1 100 2 4 2 1 37 7 2 8 2 1 2 1 3 2 2 1 1 4 1 19 1 1 1 4 34 4 5 1 2 2 1 1 2 1 1 3 2 3 2 1 3 1 1 1 5 4 2 21 1 2 16 1 1 4 1 1 6 1 1 3 3 1 1 13 1 2 2 1 1 1 2 2 4 4 3 2 1 3 3 2 4 1 2 2 2 25 2 1 2 1 6 3 2 1 2 2 2 2 1 3 1 5 1 1 3 5 4 2 1 2 6 2 3 2 1 7 2 37 2 4 2 7 1 2 6 2 2 3 2 2 9 1 1 5 2 1 1 11 2 1 1 5 3 2 2 2 1 2 1 2 1 3 1 2 5 5 2 1 16 2 9 2 3 2 13 1 3 5 24 3 1 8 25 3 1 1 2 1 3 5 3 12 2 5 4 1 4
13 100 3 1 2 2 9 2 2 6 2 3 1 4 3 7 10 8 1 45 1 8 9 1 5 2 1 9 12 1 3 1 3 2 5 6 2 2 2 7 1 1 2 3 4 1 2 3 3 2 3 1 1 1 2 10 2 1 1 1 12 2 1 4 1 1 1 3 2 2 4 1 2 3 3 1 1 3 1 2 2 1 20 5 2 4 4 1 2 1 3 2 1 1 5 2 1 3 2 2 1 1 9 1 6 6 1 18 3 1 3 2 2 2 7 2 1 2 2 1 2 3 2 39 2 42 1 2 4 2 1 1 1 47 3 1 4 6 11 65 2 3 1 2 5 3 1 1 1 2 9 16 2 2 2 3 3 2 2 1 2 2 47 1 2 6 2 1 4 3 4 1 1 2 1 2 3 1 8 4 5 4 3 2 2 1 3 1 2 3 2 1 3 3 5 3 3 3 26 1
2 2 1 1 1 3 4 2 1 4 3 2 14 3 2 4 1 4 1 1 1 5 7 1 1 2 2 27 4 2 29 2 32 4 15 2 1 8 1 1 3 2 1 7 3 3 10 2 2 2 4 5 41 8 5 2 6 1 1 15 2 7 82 1 20 1 2 3 1 3 2 16 4 2 2 7 1 1 148 4 3 1 1 3 1 2 1 2 1 2 3 10 1 2 3 15 1 1 5 2 3 2 1 2 3 2 3 3 3 2 1 2 1 8 4 2 3 1 4 2 1 1 1 2 5 1 3 2 11 1 1 21 17 6 2 5 10 7 4 2 2 5 1 1 3 5 3 3 8 4 4 17 5 1 1 5 3 1 1 1 1 1 2 3 7 11 8 1 2 5 13 1 1 7 1 1 1 3 1 2 1 2 1 1 4 2 28 3 5 5 4 1 26 5 40 10 2 2 2 2
2 26 16 2 36 9 1 2 5 1 16 1 1 3 1 1 5 3 3 2 1 2 9 15 24 1 2 5 1 2 2 3 2 1 2 22 5 1 50 1 1 4 2 13 2 1 1 1 1 2 2 3 2 1 24 2 2 1 4 1 3 1 5 2 2 3 2 7 1 9 1 1 1 4 2 1 1 2 1 2 1 3 1 1 4 4 4 14 5 1 2 2 11 4 12 1 3 1 3 2 2 1 1 2 2 4 3 1 2 2 2 1 2 2 2 2 5 2 3 1 2 11 1 11 6 2 3 101 3 7 2 4 3 1 1 1 1 1 1 13 2 37 6 1 2 1 2 27 2 2 3 2 1 222 1 3 1 1 2 11 1 1 2 1 1 1 2 3 1 17 2 1 3 2 5 2 2 1 2 1 3 1 1 12 1 3 4 1 78 7 17 2 1 1 120 1 2 2 1 18
1 3 4 1 1 2 3 1 1 18 20 31 1 1 1 2 2 3 1 2 2 2 1 1 6 10 13 2 77 1 15 1 4 2 2 2 3 42 1 2 3 1 35 102 1 1 2 2 1 4 1 1 3 1 1 111 1 2 4 1 2 2 4 1 1 2 4 19 13 6 2 1 3 2 7 141 1 4 2 2 1 5 8 14 3 8 5 131 3 1 2 8 3 142 1 2 3 3 2 2 5 1 1 2 3 1 3 3 1 3 2 1 2 1 4 10 2 120 7 9 2 5 2 6 2 3 1 1 1 5 21 7 7 27 30 1 2 99 2 1 7 3 1 1 5 2 5 3 4 3 1 21 2 1 1 9 3 2 4 1 2 1 3 1 1 4 1 11 8 1 4 3 2 19 3 3 2 1 6 2 1 6 2 1 9 1 5 9 1 2 1 4 2 2 1 2 6 3 2 12
3 3 4 1 1 1 1 2 9 12 1 1 2 6 1 3 1 2 5 1 2 1 1 1 2 4 2 7 2 1 1 3 58 7 6 3 4 3 1 1 2 6 1 1 2 1 2 2 2 1 7 33 2 6 3 1 5 3 2 13 1 2 2 1 1 1 2 1 1 8 1 2 2 2 2 1 2 9 3 1 1 1 1 4 1 3 2 5 1 1 2 7 1 2 2 5 2 1 2 4 3 4 1 2 2 9 5 4 2 8 2 1 2 1 6 3 1 14 6 1 8 3 3 4 1 3 2 7 3 2 2 1 9 54 1 1 1 5 1 16 1 3 1 2 1 6 1 1 2 1 1 2 6 2 1 4 1 5 2 8 40 1 92 2 13 1 5 1 5 2 2 33 8 2 3 2 1 2 1 8 1 3 1 1 1 7 2 9 1 4 2 7 3 1 4 1 2 2 6 1
3 2 8 2 2 6 5 5 11 2 1 3 3 2 2 27 1 1 3 2 151 2 4 2 2 1 1 1 4 190 3 11 6 2 2 5 28 10 5 1 1 2 63 1 4 2 2 4 2 5 13 83 3 2 5 5 3 3 4 2 1 13 1 1 3 7 3 7 4 1 1 1 2 9 2 1 1 2 1 22 2 4 1 1 1 1 1 4 2 6 19 3 1 5 1 1 2 2 1 15 8 23 1 8 1 2 6 1 5 4 1 1 3 3 76 1 5 2 1 2 1 1 1 1 176 1 6 2 4 2 5 4 1 1 1 2 3 4 1 2 9 8 2 2 1 1 3 1 1 2 8 7 1 1 3 2 4 1 1 1 1 1 1 2 11 2 10 2 1 22 2 1 1 2 11 2 1 4 1 6 1 1 2 2 2 2 1 3 9 2 1 1 1 1 2 1 1 1 19 1
2 1 1 2 2 5 1 2 31 2 5 4 2 4 2 45 11 2 48 1 2 1 1 2 2 1 1 1 8 13 2 2 16 1 1 13 8 1 1 2 1 1 4 1 6 1 1 2 1 1 1 2 1 2 1 8 3 2 1 1 2 2 2 36 10 4 1 3 3 2 20 2 2 3 5 2 8 2 2 30 1 1 3 6 3 1 1 1 1 1 1 4 5 4 5 1 3 2 1 1 2 2 2 1 2 2 1 1 2 1 4 3 23 2 3 2 2 1 1 2 1 2 2 1 1 1 1 1 3 1 5 4 2 3 17 22 3 21 4 2 3 2 2 1 3 5 4 2 2 4 1 6 4 5 6 1 4 2 1 1 15 3 1 1 2 4 3 7 4 1 2 2 2 3 5 1 1 2 1 5 4 1 1 1 1 1 2 2 2 2 7 1 1 1 4 1 2 1 1 2
9 2 5 4 3 1 2 3 1 8 1 8 1 2 1 33 1 3 127 2 29 4 3 1 3 1 23 1 1 6 2 2 2 2 2 3 8 4 2 1 1 3 4 1 1 1 4 1 4 4 2 2 2 6 3 2 2 2 4 2 1 1 1 39 7 10 1 3 9 8 1 1 2 18 11 1 3 4 9 5 2 1 3 3 1 1 2 2 1 2 2 1 9 1 3 2 1 1 3 2 9 3 3 6 1 1 50 4 2 1 3 1 4 1 1 3 2 5 1 1 1 2 1 2 2 1 2 1 2 11 6 4 3 2 1 1 2 3 1 4 4 1 1 11 1 2 4 40 2 1 3 2 2 1 1 2 1 1 3 1 1 2 1 2 2 1 1 1 2 1 10 3 28 1 2 2 21 2 2 4 1 1 4 5 1 1 2 4 1 1 2 3 2 3 8 2 1 2 3 2
1 2 5 2 5 3 3 1 12 2 1 3 2 2 6 3 2 6 1 4 5 2 1 3 10 1 2 4 7 3 9 4 3 1 3 1 7 4 2 5 1 2 1 1 1 24 1 2 75 3 2 2 1 2 2 1 18 2 10 2 6 2 4 1 1 2 9 17 3 2 1 6 2 2 1 1 2 2 2 1 1 1 2 4 1 3 4 7 2 6 2 26 5 1 1 29 1 2 2 1 2 3 4 2 1 3 1 1 1 1 1 1 4 43 2 1 2 1 2 5 4 2 3 3 1 1 3 2 2 3 8 1 1 2 50 1 1 1 4 2 245 3 2 71 1 1 2 1 2 3 1 9 2 20 6 1 3 4 5 4 1 2 2 2 1 4 1 1 1 3 1 5 1 5 2 4 2 17 1 1 5 2 18 1 2 3 1 3 3 2 3 4 6 1 7 1 2 22 5 1
4 2 4 4 1 33 6 3 2 2 2 1 2 7 1 2 4 67 3 1 2 3 2 2 1 1 3 54 6 10 6 3 1 6 4 1 1 3 2 3 2 2 2 3 2 2 2 1 2 1 1 4 1 1 2 2 64 3 1 3 3 1 1 1 1 2 3 2 1 6 16 2 1 1 1 1 2 2 10 1 1 1 7 2 2 10 1 2 2 2 2 1 1 1 1 5 4 2 4 1 1 20 8 3 3 3 2 2 2 8 8 5 475 2 1 6 32 40 2 1 3 1 1 2 3 47 7 1 1 1 30 6 4 4 1 23 2 23 2 4 9 1 1 2 2 1 7 2 1 1 7 1 1 1 4 2 1 2 7 1 8 1 2 4 12 1 3 2 3 6 1 3 35 3 1 5 1 5 1 4 1 16 1 6 3 1 11 3 2 10 2 7 1 1 3 1 14 1 1 2
2 44 13 1 8 7 1 3 5 2 1 4 4 4 1 1 1 1 2 2 1 3 4 2 6 2 1 3 1 1 3 2 2 2 3 1 335 2 1 2 2 2 2 2 2 3 1 8 1 6 28 2 6 8 1 2 1 6 3 5 1 1 2 2 10 26 2 1 2 3 3 1 1 4 6 3 2 2 1 2 3 3 1 3 1 24 1 1 3 5 7 4 1 1 3 3 32 3 1 2 1 4 1 4 6 3 1 2 2 2 1 1 2 5 9 6 1 4 7 24 10 6 1 4 2 1 1 1 2 3 1 3 4 35 1 1 25 14 7 1 2 4 2 2 2 1 3 2 2 17 3 1 3 3 3 4 2 1 2 1 4 1 2 23 2 2 4 3 3 8 33 1 8 2 1 1 1 1 1 1 1 4 3 53 2 4 1 1 2 1 5 2 5 1 5 1 1 2 12 1
