200
220 224 393 160 450 254 372 285 451 439 407 458 100 231 203 238 434 234 458 227 433 193 131 349 177 364 436 407 409 469 116 391 124 380 314 235 500 119 308 459 421 303 241 474 309 381 338 201 173 482 457 481 465 201 406 477 266 293 187 153 454 109 227 252 278 487 142 197 438 228 195 111 461 438 217 371 266 413 298 168 134 488 447 420 321 399 394 255 416 380 109 113 152 182 342 247 160 373 365 465 250 446 324 118 434 179 125 426 447 136 408 460 146 392 165 213 423 491 308 284 438 440 490 379 100 475 403 385 458 147 455 374 494 331 158 467 484 303 334 459 290 218 384 153 278 323 206 271 442 160 116 131 448 248 188 451 320 215 294 351 152 395 317 483 155 419 260 259 352 229 414 424 194 104 205 386 171 368 305 410 184 315 210 342 158 172 356 141 157 110 242 271 376 340 249 197 279 455 257 348
2 4 2 5 5 5 5 5 4 1 5 2 5 4 4 1 1 6 1 2 1 4 6 3 2 5 6 4 6 6 4 4 1 4 1 1 2 2 5 4 6 4 4 4 6 5 5 2 2 1 6 5 5 1 1 4 5 5 1 3 5 4 2 3 3 6 3 3 6 2 6 6 4 5 2 1 5 4 2 2 3 4 4 4 1 6 5 6 4 1 2 5 5 6 2 3 1 4 6 6 4 4 5 3 3 5 5 5 3 2 6 4 4 3 4 6 2 4 2 2 1 5 3 6 6 1 2 1 1 6 5 1 2 2 2 6 3 1 6 5 5 6 3 1 5 6 3 1 2 4 3 4 5 1 1 4 3 3 2 2 2 6 5 4 4 1 2 4 5 2 2 4 5 6 4 4 4 3 5 2 4 6 5 3 3 5 2 1 2 2 4 2 5 3 2 5 2 6 6 2
1 4 1 1 16 1 4 4 1 1 1 1 2 7 3 9 3 4 2 3 2 1 11 1 1 2 2 2 1 13 2 1 34 1 2 8 1 1 1 2 3 1 12 2 1 6 2 2 36 1 4 2 1 2 1 1 4 1 1 2 3 1 9 11 1 2 1 3 2 1 3 2 3 3 4 2 1 18 2 2 2 2 4 4 58 2 9 8 3 2 4 3 2 1 3 6 2 4 1 2 3 5 14 1 69 1 116 1 1 48 33 2 3 2 2 2 1 8 1 1 2 35 4 4 5 1 1 2 4 1 2 1 3 1 2 2 3 1 2 2 2 14 58 14 3 2 2 1 2 2 6 2 1 2 2 1 1 1 2 1 2 67 1 1 73 2 1 2 1 1 1 1 1 36 2 3 4 5 1 5 3 5 1 18 2 2 13 20 2 1 2 3 1 2 6 3 2 1 1 1
2 1 2 1 3 3 1 2 3 1 4 5 1 21 1 4 1 2 2 2 2 88 98 2 2 52 2 2 5 2 1 4 141 2 1 1 4 1 2 3 2 10 1 3 2 2 1 3 1 1 8 1 1 7 3 1 1 4 1 11 2 2 2 2 1 97 1 3 2 2 2 3 73 8 1 1 2 1 1 3 3 2 4 2 5 2 1 13 5 1 6 2 9 4 2 1 2 1 4 27 2 1 3 1 1 1 2 3 1 1 1 8 3 1 2 2 2 1 1 25 3 5 4 1 7 5 2 1 2 8 4 1 12 1 2 5 2 9 1 3 3 3 2 2 2 4 8 1 1 8 1 1 3 3 2 2 1 2 1 3 8 2 5 1 4 2 2 1 2 4 7 2 1 1 2 7 22 1 1 3 15 1 1 2 1 1 3 3 182 4 7 1 2 1 1 1 3 3 4 1
19 6 1 6 6 3 1 1 2 3 2 6 1 1 1 7 2 1 3 1 2 2 4 1 1 1 3 2 7 3 14 1 1 1 4 4 1 3 8 48 4 2 1 45 1 1 3 2 2 1 2 4 1 8 1 3 2 1 2 2 1 10 2 1 1 19 3 1 3 18 5 3 2 2 2 13 1 1 2 1 3 1 1 1 1 3 2 3 3 3 2 228 17 1 3 2 2 4 9 1 2 15 2 3 2 1 2 1 7 7 1 2 2 2 1 2 1 2 5 2 1 3 3 2 8 3 3 12 6 4 1 1 3 1 2 1 1 1 12 3 1 1 4 3 1 3 15 2 1 2 3 24 2 2 1 1 5 1 1 3 7 5 1 3 2 2 1 2 5 10 2 1 9 1 13 2 233 1 5 1 8 2 1 1 5 2 7 2 1 1 5 1 1 1 4 1 2 1 3 13
12 3 9 2 4 4 1 1 5 14 1 1 2 2 3 49 3 1 4 1 1 3 9 15 12 1 1 1 5 1 1 4 10 10 2 3 1 1 2 3 3 1 2 1 1 1 9 1 1 1 8 3 1 1 1 1 1 3 1 2 2 31 9 1 3 1 2 2 18 1 4 1 3 5 2 2 3 1 3 15 3 1 1 1 6 2 1 3 2 2 2 2 5 1 5 2 3 4 2 1 11 38 1 2 2 3 1 2 1 3 8 7 2 3 3 1 1 1 1 2 69 1 5 1 1 23 8 5 1 9 2 1 6 1 2 13 11 1 5 2 3 21 1 1 3 4 1 4 2 1 2 59 2 4 2 5 19 7 1 5 13 5 2 2 23 4 2 1 2 2 1 2 2 3 1 1 2 1 2 2 1 5 1 1 12 1 26 2 1 1 8 2 18 2 9 1 1 1 1 3
2 6 2 22 34 2 5 2 1 11 2 3 2 2 1 1 1 5 3 1 1 1 1 2 3 1 7 2 3 4 10 28 1 1 254 1 2 15 3 3 1 5 2 2 1 1 4 8 3 12 1 1 4 1 2 1 2 3 4 2 1 2 2 6 2 3 2 3 1 1 25 1 4 1 1 2 2 2 3 4 7 6 3 1 8 1 5 2 263 1 2 1 5 1 1 20 7 2 2 2 1 5 16 9 1 2 2 1 4 37 1 2 1 4 3 4 2 2 1 2 2 3 19 1 2 1 3 9 6 5 2 3 13 1 8 8 3 1 15 2 1 11 1 2 16 3 4 5 1 1 1 2 2 1 2 4 1 2 1 4 3 2 1 1 4 2 11 2 1 4 7 1 2 11 1 1 5 1 1 21 1 4 1 4 10 4 1 3 5 2 1 3 20 2 2 2 1 3 1 3
2 2 1 2 1 1 2 4 2 1 5 2 3 1 2 1 1 3 2 2 2 4 17 1 6 2 1 1 6 1 2 4 2 2 2 1 3 5 1 3 2 1 2 2 1 5 2 2 2 1 1 2 7 3 1 13 2 2 1 4 92 1 9 1 1 1 2 10 2 2 3 7 2 2 4 2 2 12 2 4 2 1 2 5 5 1 2 1 4 1 3 2 1 3 1 2 1 4 13 1 2 2 6 2 1 8 17 2 5 1 2 1 4 9 2 1 23 2 1 1 1 1 1 21 1 1 1 4 3 2 2 2 1 3 2 2 10 1 2 1 1 1 3 2 1 2 1 2 1 1 1 1 2 2 2 1 3 2 16 9 1 1 2 3 6 4 1 5 2 2 1 4 3 2 2 1 2 2 4 1 9 1 1 2 2 1 2 4 6 6 6 5 2 1 4 2 3 1 56 1
1 3 1 1 2 1 1 3 2 2 1 1 2 2 1 2 11 1 2 8 21 4 1 3 2 3 2 1 5 1 1 1 5 6 1 2 14 1 1 2 6 2 2 17 1 1 3 3 4 13 34 2 18 29 5 2 1 1 1 1 1 1 10 8 3 1 1 1 3 1 1 5 1 1 2 2 1 1 4 2 35 1 3 1 1 3 2 1 14 8 5 9 6 4 3 89 1 1 4 2 2 2 2 2 3 2 11 8 9 3 1 2 14 2 3 2 2 7 1 3 2 1 3 11 1 1 2 1 1 18 2 2 134 4 1 3 32 2 1 2 4 1 1 9 1 2 4 15 2 6 1 2 1 3 4 4 19 1 2 1 6 7 2 1 5 16 4 1 6 14 1 16 1 2 1 5 4 26 1 1 5 2 1 5 2 4 2 1 7 2 5 8 5 1 2 2 14 3 1 1
2 3 2 1 176 3 1 2 2 2 1 1 2 5 7 1 2 7 1 2 1 2 13 3 1 1 1 1 1 13 2 2 1 2 1 2 2 27 1 1 2 4 2 1 2 1 2 3 8 62 7 2 2 3 8 2 1 1 1 1 2 2 2 1 2 1 2 3 2 18 1 2 4 2 2 8 4 2 2 2 2 1 10 2 1 7 1 2 1 1 10 2 1 1 2 59 1 2 2 2 3 3 7 1 6 2 1 1 8 1 1 2 2 2 2 24 3 2 8 2 2 3 1 1 2 3 2 1 3 3 1 2 1 4 1 1 9 3 5 3 1 1 1 4 26 1 2 2 2 3 3 2 1 15 1 3 1 3 45 1 36 5 2 2 9 1 2 1 4 1 1 2 6 2 5 16 6 7 1 1 1 1 26 1 2 1 2 3 8 4 1 5 1 2 1 2 4 1 2 3
2 4 6 2 1 3 2 12 1 1 5 1 2 1 5 2 1 1 1 3 2 3 3 2 1 2 1 1 8 1 1 1 1 1 3 1 4 2 15 1 2 8 6 3 4 2 6 2 1 2 1 4 1 2 11 2 2 2 9 3 6 2 1 2 8 6 3 6 1 2 2 3 3 1 4 9 4 5 1 2 1 1 156 43 2 2 1 10 3 1 2 2 6 1 1 2 7 6 2 3 1 1 1 2 4 1 1 2 1 1 2 7 8 2 2 6 9 5 4 4 2 11 4 1 2 1 1 1 2 4 2 1 2 2 1 2 25 1 7 1 1 1 1 2 3 1 5 26 1 6 1 5 2 1 2 1 4 3 39 8 4 1 1 4 3 5 6 1 2 2 7 1 4 2 13 2 2 2 2 2 3 3 2 2 20 1 1 5 4 2 12 6 2 1 3 6 2 5 3 8
1 2 10 2 2 2 1 2 2 1 1 182 3 1 2 4 1 1 1 7 22 2 2 3 64 5 1 3 1 7 2 25 1 1 6 90 1 3 403 2 2 2 3 1 3 19 40 2 1 2 1 2 1 2 4 1 2 2 2 4 4 2 1 1 1 14 2 10 2 2 4 1 1 2 12 2 15 1 8 2 38 4 1 1 32 2 1 27 3 6 6 9 1 3 1 3 2 4 3 2 5 5 1 3 3 3 3 2 1 3 1 2 1 1 1 6 5 1 1 1 2 2 1 3 1 3 7 2 3 1 3 1 3 2 2 1 2 1 2 1 2 2 23 2 2 3 14 4 1 1 1 2 2 5 7 5 2 1 10 3 3 1 2 2 1 1 1 1 5 2 1 1 172 1 46 1 2 9 2 4 5 7 1 1 1 2 2 1 2 4 1 1 1 3 4 7 2 2 1 5
3 3 4 2 2 27 1 1 1 1 3 1 2 2 18 2 2 2 11 1 2 3 5 1 38 1 1 2 2 5 1 2 3 1 1 1 3 2 1 1 2 2 2 1 3 2 1 2 1 2 1 1 4 2 6 5 1 3 15 1 2 2 5 2 2 1 1 1 2 2 2 1 28 2 1 46 4 3 1 4 2 2 1 1 18 1 1 1 3 4 2 2 2 2 1 5 1 2 1 3 1 2 1 4 2 1 1 2 4 5 2 14 1 25 2 1 1 2 3 42 2 1 1 2 2 1 2 6 2 6 9 1 7 3 3 1 1 2 1 4 7 14 1 1 1 2 2 5 2 1 3 3 3 3 5 1 2 2 3 3 1 1 2 2 2 1 7 1 3 2 46 1 12 25 1 1 1 1 1 2 1 2 3 1 3 2 1 1 37 4 7 2 1 1 1 3 7 62 1 2
2 2 1 1 17 1 15 1 1 1 2 2 1 17 3 5 396 7 1 2 1 2 2 4 2 2 4 3 2 2 3 2 14 5 2 1 2 15 3 9 1 3 5 2 1 3 8 1 8 1 1 20 1 1 5 1 2 2 1 1 10 3 2 1 10 1 1 1 1 1 5 1 2 1 7 2 3 3 9 6 5 2 1 7 2 5 2 3 18 2 1 3 24 1 2 1 3 2 3 1 10 1 2 1 1 2 1 13 3 3 2 1 5 45 2 1 4 3 2 1 2 1 1 2 5 1 1 6 2 6 1 1 1 1 2 1 2 2 1 6 1 2 14 2 2 35 1 5 2 1 1 3 4 1 1 3 2 2 1 1 3 5 8 2 1 3 3 1 8 2 1 1 1 1 2 9 1 2 10 1 1 7 1 3 20 1 2 2 2 3 1 1 11 1 90 2 3 3 3 1
2 3 4 3 63 2 3 1 1 2 1 2 3 58 3 2 3 2 1 1 2 26 2 4 2 1 4 9 23 3 1 4 1 2 2 1 10 3 1 4 8 5 1 2 2 3 1 3 6 3 1 7 2 5 2 5 1 23 4 2 2 2 5 5 4 4 9 2 9 6 3 2 3 2 2 3 2 7 2 2 9 1 2 1 3 2 2 2 2 2 1 1 3 5 13 8 2 1 23 1 20 12 5 1 2 2 1 3 2 15 1 3 1 1 1 2 3 2 3 1 1 1 2 4 1 1 3 1 1 3 1 1 4 1 7 1 1 5 11 6 1 2 80 2 2 1 3 4 1 7 1 3 2 6 1 3 2 3 2 5 1 2 4 1 4 2 192 2 3 25 11 1 2 1 2 1 2 1 5 2 1 2 2 2 2 3 1 1 1 2 1 9 1 2 1 1 5 3 8 1
3 2 10 37 1 2 2 15 1 1 1 49 3 5 1 3 26 2 2 1 1 1 3 2 1 15 5 1 2 1 2 1 2 2 2 4 3 4 15 1 2 2 1 1 1 2 14 1 27 2 5 2 8 1 1 1 1 1 1 2 3 3 11 8 12 3 10 13 7 2 2 10 3 4 1 2 1 1 2 2 4 1 2 2 1 1 3 1 1 1 2 3 2 1 1 4 3 47 2 2 2 3 21 2 1 5 3 2 1 9 1 2 1 1 9 3 2 2 2 2 3 18 7 5 3 2 2 2 1 1 2 2 2 2 6 2 77 1 1 1 4 2 1 12 3 1 10 1 2 3 2 2 1 4 22 2 2 3 2 1 2 1 1 2 1 4 1 7 2 4 2 2 2 1 1 1 41 1 2 4 1 40 6 3 2 3 1 1 3 6 2 2 5 1 1 1 2 8 2 7
1 2 3 1 1 4 1 7 1 1 2 1 16 1 1 3 2 7 7 4 1 2 1 6 4 26 124 7 2 2 1 3 2 67 1 3 3 1 2 1 12 1 2 2 2 5 5 3 1 2 1 5 2 1 3 2 4 1 2 2 49 2 2 2 307 2 2 1 1 1 5 1 1 1 3 9 1 2 6 7 2 1 20 4 1 4 1 2 3 1 1 34 2 1 2 1 34 1 4 2 3 2 2 2 5 1 1 34 1 1 3 1 1 5 1 1 20 2 2 1 2 1 21 3 7 1 7 1 2 1 2 2 8 2 10 10 1 3 19 8 2 1 2 13 1 1 1 2 1 2 5 2 1 2 1 2 2 1 1 29 3 1 1 1 1 5 3 17 1 2 1 2 3 1 4 7 1 3 2 2 1 3 3 2 2 1 2 3 8 1 2 2 2 2 8 2 1 1 11 4
1 2 2 7 2 3 4 10 1 2 4 1 6 1 1 52 3 1 9 1 2 2 1 14 3 1 1 13 2 3 15 16 2 116 8 2 308 3 1 1 4 3 4 1 1 2 8 1 8 33 1 3 4 2 1 1 1 2 4 1 2 2 2 1 3 1 1 2 6 2 2 19 2 3 1 12 2 2 4 1 6 2 2 1 1 1 1 2 1 1 3 2 3 3 1 2 3 3 2 1 2 3 2 1 2 2 3 1 13 2 2 3 2 1 1 1 6 2 2 1 1 1 6 1 1 1 2 6 1 1 2 1 1 1 1 2 2 2 1 6 7 5 1 1 1 1 2 1 1 11 1 2 3 43 1 1 1 2 1 1 1 2 4 2 2 1 1 4 2 7 8 4 2 1 1 1 1 29 2 1 2 4 335 9 2 7 2 3 5 1 2 2 4 2 21 7 3 1 1 5
1 2 3 2 1 30 1 1 4 2 1 2 5 2 1 2 7 2 1 1 4 6 4 2 2 1 1 1 3 2 3 2 2 3 1 3 4 2 1 1 2 3 1 2 2 5 13 2 3 3 22 1 2 2 1 2 3 7 2 2 2 1 2 1 1 5 2 2 2 1 1 1 1 2 11 2 4 1 1 1 2 1 1 3 2 1 14 1 4 1 4 1 1 5 2 5 16 2 3 4 1 6 5 4 1 1 4 1 27 1 1 1 2 2 1 2 1 1 10 7 6 3 1 1 1 4 2 1 4 48 2 2 6 1 5 2 5 5 2 3 1 1 1 3 4 1 1 1 14 12 1 3 1 1 73 3 4 2 3 3 2 3 4 2 1 1 2 1 3 2 1 2 6 9 3 1 2 6 1 3 35 1 6 2 4 4 2 2 6 2 1 4 1 2 2 31 4 1 1 3
3 1 26 8 1 1 2 2 1 10 1 1 1 1 4 1 1 1 5 15 2 4 2 3 2 4 1 16 2 2 1 1 2 9 1 11 2 1 2 18 2 2 1 15 3 1 1 3 2 3 1 1 3 6 5 2 2 2 1 18 2 1 5 4 5 1 2 1 3 1 1 10 4 3 5 2 3 1 2 6 4 82 14 4 6 3 5 6 1 11 1 6 6 7 7 32 22 2 1 2 2 37 6 1 1 21 1 1 3 5 1 1 1 2 2 3 5 2 3 3 2 1 5 1 1 2 2 6 1 6 3 1 2 4 4 8 1 2 5 1 4 3 2 2 2 2 2 3 1 2 6 1 1 3 1 3 1 2 4 2 16 1 1 2 4 4 1 2 4 1 3 2 2 11 1 1 2 1 2 5 2 1 3 1 2 3 3 1 2 1 8 2 2 1 1 1 6 1 1 1
1 6 1 1 1 1 3 1 1 2 2 6 1 1 4 1 3 3 5 1 1 2 1 14 5 1 3 1 3 1 1 2 3 5 3 2 1 50 1 4 2 3 2 1 2 1 1 1 1 2 7 3 5 2 3 2 2 65 1 3 4 11 1 2 2 2 2 2 339 2 1 3 3 1 1 3 1 2 2 2 7 2 2 3 1 1 2 2 2 2 15 2 14 32 2 3 1 3 1 2 1 11 2 4 1 187 4 1 1 1 32 1 3 2 1 1 4 5 1 1 1 1 2 1 1 2 7 1 1 11 157 1 39 4 1 5 1 1 1 24 2 8 12 1 58 1 1 3 12 4 2 1 1 1 6 38 3 1 1 2 1 2 2 2 3 3 1 1 1 1 8 3 1 2 1 1 3 1 1 2 4 2 1 26 2 1 3 1 1 2 84 3 1 2 1 2 4 1 15 5
18 10 3 4 2 46 5 2 1 2 1 2 2 1 1 1 1 7 3 3 3 2 3 1 2 2 2 1 2 1 1 13 1 1 1 1 8 2 2 2 1 11 7 2 2 2 5 4 2 1 1 2 1 3 1 5 2 1 10 1 1 3 3 1 2 1 3 1 1 4 2 1 1 27 9 4 1 1 2 2 1 1 35 2 2 1 2 1 9 4 5 5 1 1 2 2 1 6 1 1 1 14 1 1 1 3 1 3 2 1 3 2 1 5 2 2 1 4 1 3 3 1 1 2 2 4 3 2 3 1 1 15 7 2 1 3 5 13 2 1 20 2 1 1 1 2 1 2 2 1 4 2 42 2 3 3 19 3 1 3 5 4 1 1 2 43 3 1 1 2 5 2 2 5 12 1 1 6 1 1 2 10 2 2 2 2 26 4 1 1 4 1 2 1 2 2 2 40 1 5
2 10 2 1 1 2 1 3 5 1 1 1 1 2 7 6 1 1 2 1 1 1 1 7 2 4 2 10 1 4 1 1 5 5 4 4 1 3 2 59 4 1 1 2 2 12 1 2 3 1 3 1 1 4 29 2 3 1 6 1 3 3 2 8 1 2 21 2 3 14 3 2 3 6 1 1 4 2 6 3 1 14 3 1 4 12 2 5 2 4 3 2 11 1 1 17 25 10 5 3 7 7 1 1 4 2 2 5 1 9 2 3 1 119 2 2 1 1 2 2 2 1 1 2 2 1 1 1 2 1 2 2 1 2 1 1 1 1 1 3 1 1 1 6 5 4 1 2 2 3 2 3 3 2 3 2 1 1 2 1 2 3 14 3 3 1 2 1 67 8 7 2 36 7 3 3 10 59 1 12 2 1 1 1 4 1 1 3 1 3 3 11 82 2 4 36 2 1 1 2
1 18 10 1 2 1 18 165 2 1 2 1 1 2 2 4 7 2 10 4 13 9 38 2 1 1 1 1 1 2 15 2 1 2 13 1 2 2 1 5 23 2 5 2 3 2 1 3 2 1 2 2 2 1 2 2 3 7 3 3 1 6 64 2 3 1 1 2 4 7 1 5 2 1 4 88 27 2 3 1 2 3 6 3 2 7 1 1 69 3 6 1 3 2 1 2 10 14 1 23 3 3 11 1 8 25 2 1 2 1 1 2 2 3 4 4 35 10 2 2 1 2 3 1 1 1 1 4 4 2 1 1 2 1 1 5 1 4 1 2 3 1 4 3 1 2 2 1 2 2 2 1 10 4 1 1 1 4 1 1 3 2 3 3 3 2 1 2 5 3 3 1 1 5 9 1 4 1 2 4 2 7 23 1 3 12 1 1 1 3 1 2 3 1 3 2 3 2 2 2
1 3 1 3 4 2 4 1 1 3 2 1 1 1 5 1 2 1 4 10 4 3 1 2 1 1 3 1 3 1 1 16 4 1 1 2 6 3 1 3 3 2 1 3 3 9 1 2 1 2 2 2 1 152 1 1 16 1 2 2 2 1 1 2 1 1 2 21 1 10 4 1 1 3 220 8 1 2 2 1 13 1 4 1 4 1 4 1 2 2 1 2 17 1 3 7 3 5 1 4 2 2 1 1 2 1 9 1 6 3 5 12 1 15 3 9 3 16 2 2 8 5 2 2 1 3 19 1 4 90 2 1 1 7 1 1 2 1 12 1 1 4 3 1 16 1 1 2 1 1 16 2 2 2 3 6 2 5 7 3 3 2 2 19 2 3 6 1 4 1 1 7 3 1 2 2 1 1 3 2 1 18 26 4 2 1 3 7 2 1 31 2 4 1 3 39 2 3 1 2
60 2 5 1 2 1 3 1 1 1 1 1 22 1 2 20 3 1 1 5 1 2 3 3 7 2 6 5 1 3 3 1 12 3 1 4 3 2 1 9 2 1 4 1 2 2 2 4 4 3 2 2 4 1 1 2 6 1 23 2 2 4 1 1 1 1 1 7 2 1 1 3 2 1 2 1 1 2 4 8 2 12 2 14 5 3 2 2 1 1 1 2 2 2 2 5 3 2 4 17 3 46 6 1 12 6 2 1 1 1 2 17 5 1 3 2 2 6 2 2 4 6 1 1 2 3 13 2 1 6 1 2 1 1 2 8 2 2 6 2 4 1 16 2 3 1 2 1 1 4 1 1 1 6 4 3 3 4 4 4 3 4 5 27 2 9 1 1 9 2 2 1 2 10 1 2 1 14 4 1 4 3 1 3 3 2 3 1 2 4 1 12 1 1 4 1 2 6 1 4
1 206 2 2 4 1 17 2 1 31 3 5 10 2 2 1 4 7 2 4 3 1 2 7 2 5 1 2 9 4 3 2 1 1 2 1 3 1 5 8 2 2 2 1 2 1 5 1 16 1 11 3 1 3 2 1 1 1 2 2 2 1 1 1 38 1 1 1 3 13 3 6 2 2 18 2 3 11 1 1 1 8 1 2 1 3 10 3 1 2 3 1 5 1 3 5 2 3 3 2 7 2 1 11 7 12 1 1 1 7 3 11 3 2 1 2 3 37 3 2 1 1 4 8 1 2 2 11 4 3 1 2 3 2 2 1 2 3 6 1 1 1 3 5 5 1 1 3 18 1 3 2 3 1 1 21 1 1 1 4 2 3 3 8 2 12 1 1 2 2 4 5 2 2 1 4 2 3 5 2 2 1 3 2 2 1 2 87 1 3 2 1 1 3 9 53 2 3 3 3
2 2 3 10 1 1 1 2 3 1 1 15 1 19 13 3 1 1 1 1 5 1 1 2 3 2 3 2 1 163 2 4 1 4 1 2 1 2 1 1 9 1 19 1 13 10 18 2 1 10 4 9 1 3 3 15 1 4 9 6 3 3 3 2 2 3 5 1 3 2 1 2 3 2 4 2 2 1 18 3 2 2 1 4 2 7 1 2 58 1 4 2 9 3 2 1 1 2 1 3 5 1 1 2 1 1 2 1 3 1 2 6 3 2 9 2 2 6 8 1 3 5 2 5 1 5 1 1 2 1 1 11 3 6 1 2 1 2 1 3 4 1 7 26 1 3 2 1 2 1 1 10 2 2 2 4 1 1 2 1 4 2 2 2 7 3 6 9 3 2 5 5 2 2 4 2 2 6 2 6 4 1 169 4 1 1 2 16 2 8 1 2 2 2 4 3 2 3 12 1
5 1 1 1 2 2 1 5 1 2 1 1 6 9 3 5 1 16 1 3 1 1 30 9 6 2 1 1 1 2 2 1 1 1 3 7 66 5 1 1 5 461 2 2 1 3 3 1 3 2 5 2 6 1 1 1 3 36 1 1 1 5 1 4 2 2 13 1 8 17 6 2 7 1 2 2 1 7 3 1 4 1 2 3 1 3 3 7 2 2 1 4 1 12 1 1 1 4 3 1 1 1 2 4 3 1 1 1 2 9 1 1 3 17 2 1 3 2 6 1 1 1 1 1 4 1 3 1 1 3 2 12 2 2 2 2 14 2 1 1 1 1 2 1 2 208 2 16 4 6 3 2 1 111 3 10 1 1 3 1 2 57 1 212 1 1 1 15 2 2 7 1 77 8 5 3 7 1 2 10 1 3 1 4 5 64 4 6 1 12 10 1 1 31 3 8 1 7 1 2
3 1 2 6 1 1 2 2 1 5 1 2 1 1 7 4 1 4 1 11 2 2 17 2 2 1 1 2 1 1 1 7 2 1 2 1 2 1 4 1 7 2 2 2 13 15 1 2 7 1 1 3 3 2 2 7 1 2 3 2 3 3 2 4 1 2 1 2 3 6 1 5 4 21 5 1 3 2 6 2 3 13 1 1 3 1 9 3 6 1 2 1 3 1 2 2 5 2 2 1 1 18 1 1 2 2 1 2 7 6 1 5 11 1 2 45 2 1 20 2 3 38 1 15 1 2 1 5 4 2 1 1 1 6 3 11 17 14 1 4 1 4 3 2 1 4 1 2 4 11 2 2 1 2 8 10 6 1 15 1 8 1 2 2 19 15 2 4 30 3 6 4 1 1 2 3 1 5 2 2 1 1 2 1 159 1 2 1 3 2 3 2 2 1 1 2 5 1 4 5
1 1 2 4 3 30 3 5 1 27 2 26 1 3 6 13 1 7 2 128 2 1 2 1 1 2 8 5 3 1 3 1 16 8 2 3 2 6 2 31 18 3 17 1 2 2 1 1 1 11 3 1 1 6 3 1 2 16 3 1 3 1 1 1 3 2 1 8 2 7 1 2 4 3 2 18 2 1 2 5 8 2 2 1 1 2 1 2 2 2 6 1 1 2 1 1 2 3 3 1 2 2 2 6 8 1 1 1 2 7 2 68 2 3 1 1 2 1 2 2 5 1 4 2 2 2 1 3 2 16 4 8 40 1 1 2 1 4 1 1 1 9 7 3 8 3 10 2 2 2 11 1 3 4 3 1 1 1 1 8 16 2 1 13 1 2 1 2 1 1 271 2 1 2 1 3 1 1 26 1 1 2 4 1 1 1 2 4 2 9 80 1 3 2 3 1 2 2 9 1
11 2 2 1 6 3 1 1 16 11 3 1 1 1 1 1 2 7 1 2 3 1 3 6 4 1 2 2 1 2 1 43 2 26 3 1 1 2 1 2 2 5 5 3 3 1 1 4 2 4 1 4 4 3 1 1 2 1 1 8 21 1 5 11 1 3 1 1 4 1 5 1 1 5 31 2 3 8 1 2 20 13 12 1 3 2 2 3 1 2 2 2 14 2 68 3 2 2 1 4 5 3 2 1 4 5 1 1 4 1 1 2 1 3 1 1 2 2 2 1 2 3 1 4 2 2 2 2 3 3 1 1 1 3 2 2 1 2 4 3 2 1 2 3 1 62 18 1 10 1 2 4 1 4 1 6 7 3 1 2 8 2 1 3 2 4 2 1 7 3 2 3 9 2 42 1 1 4 11 2 2 4 1 1 3 1 1 8 44 1 1 4 3 3 2 3 2 2 7 2
1 1 2 1 3 8 5 2 4 1 41 4 9 2 1 3 2 3 4 1 3 34 1 5 1 15 1 4 2 10 2 3 2 5 1 2 2 7 1 1 1 1 1 2 2 6 5 5 1 1 4 50 1 38 2 2 2 3 4 3 5 1 2 15 2 3 1 1 1 2 2 3 27 1 1 8 1 6 1 2 2 1 2 2 2 3 2 1 1 2 1 3 2 1 10 6 2 2 6 8 3 1 3 10 2 3 8 2 1 3 4 4 2 1 1 4 2 1 5 1 2 2 2 2 5 2 1 2 7 1 2 1 1 9 1 22 5 2 2 2 2 8 3 12 2 1 1 3 2 19 5 1 1 3 3 4 2 4 3 1 41 2 2 3 3 1 2 8 1 1 1 2 1 1 2 2 3 1 1 3 1 2 1 1 2 1 2 6 1 1 2 3 6 2 5 1 1 2 1 16
3 2 7 1 4 1 1 2 1 2 2 2 7 73 1 1 2 2 12 10 4 3 2 3 20 29 1 8 3 1 1 3 31 2 1 1 2 1 2 1 1 5 8 21 5 1 2 3 3 1 2 1 40 3 2 7 2 5 2 2 2 1 1 1 1 3 3 1 5 2 3 71 1 2 2 1 1 13 2 1 1 16 6 1 2 21 1 2 2 1 3 1 12 1 1 1 9 1 13 2 49 8 2 1 7 1 8 2 3 9 1 1 3 1 1 1 1 1 1 3 6 6 4 1 1 4 1 3 3 2 3 3 1 1 104 2 2 2 340 3 2 1 2 1 2 2 1 1 2 4 3 19 1 3 2 1 1 26 2 2 20 1 2 1 70 5 1 2 2 2 3 1 1 1 1 1 2 1 3 6 2 10 1 1 1 3 2 2 1 7 2 3 2 13 3 2 2 55 3 23
2 1 1 1 5 3 25 12 48 25 2 1 2 1 3 5 2 3 1 10 11 3 1 157 9 5 1 1 1 2 4 1 2 2 2 3 3 1 1 2 2 26 1 4 12 6 1 2 3 1 1 1 8 1 2 4 1 1 6 4 38 2 2 8 1 6 11 2 1 2 4 1 2 2 1 2 2 1 1 18 1 18 25 9 14 2 1 1 1 2 1 1 1 1 3 5 2 1 20 8 2 1 1 3 1 3 3 2 2 3 1 1 1 1 1 2 4 2 1 1 10 1 4 1 25 2 1 1 4 2 1 2 1 1 2 4 2 2 2 10 1 1 1 2 2 1 2 2 1 4 3 1 1 5 13 1 2 1 2 1 17 2 18 2 2 1 1 1 7 6 4 8 1 1 1 1 1 2 2 4 2 1 1 1 1 2 1 2 2 3 2 4 2 2 2 2 4 4 2 3
3 2 4 1 3 1 1 8 5 3 1 3 1 1 2 1 1 1 1 1 1 1 1 1 1 1 1 1 2 3 4 1 2 1 4 2 7 1 13 1 4 2 2 2 2 2 36 4 2 1 6 2 2 5 2 1 1 25 4 4 12 5 2 1 2 11 8 3 4 1 3 2 3 1 3 1 66 1 9 1 2 1 114 10 1 3 2 1 2 2 2 2 4 1 2 1 3 1 49 10 1 2 12 2 3 1 1 6 3 2 1 7 1 3 3 3 14 2 1 4 5 4 2 2 1 2 2 1 12 1 2 1 1 1 2 2 6 1 1 4 5 7 2 3 1 2 4 2 1 2 3 2 17 2 1 2 1 2 2 7 2 11 9 1 1 1 2 3 73 3 1 2 3 1 2 2 2 3 5 23 2 3 2 10 1 1 2 1 1 2 3 2 3 1 1 2 3 5 3 1
17 1 2 4 1 1 1 1 19 1 6 1 3 3 10 2 1 3 5 14 6 2 1 12 7 7 2 2 2 1 1 1 1 1 4 3 1 11 3 2 1 1 1 4 2 2 4 3 4 2 1 2 2 6 3 1 1 1 2 5 2 6 1 2 1 8 6 2 2 2 2 2 2 10 2 17 2 2 2 10 1 2 3 5 2 11 1 3 2 1 1 6 3 10 5 2 3 1 3 34 2 2 6 3 1 3 2 1 2 2 3 1 1 3 7 3 377 2 1 9 12 2 5 5 1 1 1 1 2 5 8 1 2 3 1 1 2 1 7 4 1 1 8 2 1 1 2 5 1 1 1 1 7 2 1 3 2 1 1 2 3 1 2 3 2 10 4 5 3 1 3 1 1 4 1 5 1 1 2 4 2 2 2 1 1 2 91 1 2 1 1 3 2 1 1 1 2 1 4 1
3 8 6 5 1 2 2 1 15 4 1 4 2 1 1 1 2 9 4 4 10 2 5 2 2 3 2 6 1 1 1 1 1 2 2 1 1 1 1 1 1 1 6 2 4 2 7 1 1 1 1 5 1 1 1 7 1 1 2 1 3 2 1 15 2 1 5 4 2 6 2 2 1 92 2 1 13 2 33 1 2 3 2 1 2 1 1 2 3 3 3 2 2 1 2 5 9 12 1 2 2 3 3 1 1 2 3 1 1 2 1 65 2 2 1 2 1 2 2 2 6 2 2 30 4 2 6 2 1 10 1 2 1 3 2 2 2 11 15 1 61 1 3 6 3 3 1 2 3 9 1 2 2 7 1 5 1 2 18 1 3 1 9 3 2 2 54 7 2 3 3 2 11 2 7 4 2 1 3 1 1 1 1 2 1 36 3 1 4 3 22 18 2 2 1 1 2 2 1 2
1 2 1 6 5 7 1 2 3 90 4 3 1 3 1 2 1 2 12 1 4 1 9 3 6 1 15 2 7 39 1 3 54 2 1 8 5 2 1 5 2 8 1 1 2 2 1 6 8 2 1 2 2 3 3 1 2 2 2 3 1 1 4 1 1 3 2 1 3 1 2 2 3 1 7 7 2 1 1 2 3 1 1 1 1 4 2 1 1 2 3 77 72 4 3 6 4 1 2 1 1 26 2 1 4 2 1 7 106 3 7 3 8 1 1 2 1 1 4 6 2 3 6 6 1 1 3 1 2 1 10 2 1 3 1 4 1 40 1 2 4 4 1 1 2 2 6 36 32 3 1 2 6 57 1 6 2 1 3 1 2 1 15 5 4 1 1 2 5 5 2 3 2 2 6 1 2 2 1 2 5 13 2 16 2 21 1 1 3 1 74 6 5 2 2 1 3 1 1 3
3 1 1 1 7 2 7 3 2 7 2 6 1 1 2 6 9 1 4 1 1 45 2 2 2 8 2 1 2 23 2 3 15 10 1 2 1 15 8 3 1 11 3 2 3 169 4 2 1 1 1 2 7 1 1 1 2 1 12 1 3 3 2 3 2 39 5 2 3 2 2 1 2 75 2 2 2 1 3 2 6 10 1 3 1 1 10 1 2 1 2 2 2 5 2 5 2 1 2 2 2 3 1 159 6 4 2 4 38 1 1 2 9 6 1 8 2 3 2 13 2 1 2 1 1 77 4 4 6 4 6 8 1 2 2 1 4 10 2 1 2 2 3 3 2 4 125 1 1 1 5 4 1 7 2 1 1 1 1 1 23 13 2 2 15 3 3 3 1 1 3 3 4 5 2 3 2 6 1 1 13 1 1 1 4 1 9 2 2 7 8 1 5 8 4 1 3 4 2 7
1 1 2 2 1 2 1 2 2 1 1 16 2 1 2 1 5 17 1 1 1 2 1 3 11 1 2 1 5 2 6 1 1 9 6 2 2 1 3 4 4 2 1 1 1 7 4 1 2 2 1 3 1 6 2 2 2 2 20 1 1 3 55 4 2 4 1 1 3 1 2 2 7 1 1 2 1 1 1 1 2 2 7 1 5 4 5 1 1 1 7 1 2 6 1 5 1 1 338 1 1 2 9 2 2 6 5 1 1 10 2 53 3 9 1 2 11 3 10 4 3 22 3 1 1 1 2 4 1 11 2 3 2 3 1 2 9 1 1 2 3 12 1 2 2 3 1 2 4 1 6 1 2 1 2 3 18 1 35 4 34 2 2 2 2 2 5 4 3 2 6 1 79 1 3 2 7 2 1 4 2 3 2 2 3 6 1 2 8 2 1 4 3 1 1 4 2 2 9 3
1 1 12 3 2 3 2 1 2 2 3 1 1 1 4 2 8 2 8 3 1 3 2 1 2 1 3 5 1 2 3 1 3 1 4 25 2 5 16 6 1 16 2 161 1 6 4 32 2 1 2 3 2 13 4 1 2 10 1 1 1 2 2 3 2 21 1 1 4 1 16 5 1 12 2 7 2 2 2 1 1 2 2 2 2 1 3 4 1 4 20 3 2 2 1 1 1 1 1 1 1 3 2 1 1 1 1 4 2 3 8 164 15 1 1 1 8 11 4 12 1 2 2 1 5 3 2 1 7 2 10 10 1 142 1 1 2 2 1 1 1 4 2 1 4 2 5 1 1 1 3 1 18 2 1 2 4 1 2 2 22 1 1 42 1 1 1 1 2 1 2 1 3 1 1 54 2 1 2 2 2 1 3 2 15 3 1 1 1 8 7 2 2 6 1 2 1 14 3 1
2 19 1 2 1 1 2 9 2 1 2 1 1 1 19 1 6 8 5 1 2 2 4 1 2 1 2 1 2 11 2 1 1 2 4 4 1 3 2 4 1 2 1 1 25 2 3 9 2 2 2 4 6 2 2 3 5 2 3 2 3 2 2 1 1 19 2 1 6 6 2 9 3 1 2 5 2 2 1 8 2 3 1 1 2 8 1 1 1 5 1 2 2 2 8 4 3 3 10 2 7 1 3 4 2 3 2 2 1 1 1 2 3 2 1 2 1 141 8 2 20 1 1 1 4 4 4 2 7 419 1 1 1 16 4 6 2 1 2 2 1 1 1 2 1 1 2 5 2 2 2 13 1 3 1 3 5 21 3 1 3 1 1 7 5 4 2 3 1 4 12 6 1 2 1 4 1 3 1 1 20 2 1 46 1 1 5 1 2 2 2 17 1 1 2 4 7 2 6 1
2 6 1 15 1 2 1 2 2 2 2 9 4 3 4 1 3 2 2 8 2 2 4 1 13 9 3 23 2 2 1 2 2 2 8 4 19 5 1 1 2 3 3 33 3 1 1 1 8 3 2 2 2 1 1 2 9 1 62 1 5 1 3 3 2 1 1 7 7 4 7 2 2 5 2 5 2 1 1 1 2 2 1 1 1 1 1 1 1 1 2 1 1 5 9 1 2 36 6 3 1 2 2 3 2 2 1 1 3 1 1 8 1 3 12 4 2 3 2 1 53 2 1 8 3 3 1 1 7 1 1 2 2 2 23 1 3 1 4 1 2 2 3 2 25 2 2 4 2 27 1 1 2 3 2 7 3 1 1 2 9 1 5 1 2 97 2 5 2 5 1 2 4 6 2 1 2 1 13 251 1 1 1 1 2 6 1 2 9 1 1 1 12 1 7 5 1 5 1 5
2 1 2 2 3 25 3 2 10 7 2 1 2 22 4 3 2 1 3 10 2 1 1 1 2 3 4 3 2 1 6 4 9 14 1 1 1 11 2 1 1 14 1 3 2 11 3 5 2 85 15 8 2 1 6 10 2 2 1 6 1 10 2 1 9 2 1 1 1 1 1 1 4 1 2 2 2 5 4 4 1 47 1 2 2 2 2 2 2 1 1 17 3 30 1 2 7 26 2 2 18 4 2 2 3 5 13 7 2 1 8 2 1 2 1 2 1 2 2 5 3 7 3 1 1 2 2 2 1 6 2 3 12 3 1 2 2 3 1 2 4 1 14 3 5 3 1 1 1 1 5 4 2 1 1 3 1 1 2 3 1 2 1 1 1 1 1 1 15 3 2 1 2 5 1 1 4 4 1 2 2 1 189 2 1 1 7 1 1 1 1 1 1 1 1 1 1 1 2 6
6 3 1 3 3 2 1 2 5 1 7 212 1 1 3 2 3 3 4 1 1 16 2 2 4 7 3 1 9 1 2 3 14 1 2 2 1 5 4 2 2 3 1 1 3 3 1 1 1 1 3 1 7 1 3 4 47 16 2 81 2 13 1 2 1 2 3 1 2 2 3 2 2 1 1 1 2 3 2 4 1 2 2 2 2 1 3 6 1 2 6 1 2 2 2 4 1 2 11 3 2 2 2 1 2 4 1 1 1 4 9 3 2 2 2 1 3 2 8 1 2 1 1 3 57 1 1 6 15 2 1 3 4 2 1 1 3 2 2 11 2 6 2 5 2 1 2 5 2 1 4 3 1 1 1 1 4 3 3 1 17 1 2 5 1 2 2 1 66 1 60 2 6 3 1 5 1 2 67 12 2 255 8 3 2 2 2 22 2 4 2 1 1 2 1 5 2 1 1 2
3 2 1 1 2 3 1 2 2 1 1 7 7 1 1 1 10 9 3 2 15 3 2 2 2 5 4 1 1 4 1 1 3 58 2 4 1 1 8 3 2 2 44 2 1 9 2 1 1 5 2 3 3 4 3 2 3 2 1 2 1 3 1 9 11 2 3 1 2 1 1 5 8 1 2 2 9 15 1 2 2 1 1 31 7 1 1 2 2 13 3 3 2 1 1 6 2 3 2 14 2 1 6 1 9 1 4 2 9 2 1 16 3 1 3 10 16 14 1 2 2 1 3 1 10 2 1 1 2 2 4 8 4 2 1 1 20 1 1 12 3 12 2 6 4 1 11 1 3 13 2 2 2 3 2 1 2 2 3 1 2 1 1 1 2 47 2 17 4 3 2 3 3 4 2 2 3 4 11 2 2 4 1 45 1 2 2 2 31 2 3 1 2 2 6 2 1 16 5 2
27 1 2 2 1 2 2 1 2 1 2 11 16 6 15 1 7 6 1 11 4 1 5 2 3 1 1 10 3 7 2 1 7 3 1 49 3 2 2 2 3 2 5 5 2 2 2 1 6 6 1 2 11 1 1 3 3 6 5 1 3 3 2 3 1 4 18 2 1 2 4 2 2 9 8 14 2 1 1 1 50 2 3 2 36 3 6 1 7 3 2 5 2 2 1 4 5 3 5 3 1 3 2 4 2 1 1 16 3 1 11 8 2 2 1 3 1 2 2 42 2 1 1 11 11 1 5 9 2 1 2 3 8 2 3 3 3 2 1 7 1 1 1 4 1 2 20 1 1 1 1 3 2 3 4 2 4 1 3 2 3 3 2 1 10 2 4 2 2 1 1 1 3 5 1 1 40 1 6 2 1 4 1 1 2 1 5 1 5 1 5 1 3 1 2 1 1 2 3 15
3 3 2 3 66 1 2 3 70 1 70 6 19 1 2 13 1 5 2 2 1 1 11 3 3 2 2 1 1 1 5 1 31 2 1 1 3 2 2 1 2 18 2 4 2 2 2 1 2 1 1 1 1 2 8 3 2 1 1 11 2 1 5 2 2 2 1 2 2 2 4 3 4 6 2 29 2 2 3 2 4 320 1 1 2 2 1 1 91 3 1 3 3 1 6 12 2 4 2 1 4 2 1 2 1 1 1 7 7 3 2 16 1 1 3 85 1 6 3 1 1 2 1 3 2 72 24 2 6 2 6 2 1 2 1 1 4 1 6 3 1 2 1 2 7 7 1 2 5 1 1 14 1 1 1 1 2 1 3 33 1 1 7 43 2 1 1 1 5 2 1 1 1 6 4 8 3 1 7 23 1 5 2 1 35 8 8 1 2 2 1 2 1 2 15 1 6 4 1 3
1 1 2 1 1 1 2 1 2 3 2 2 2 2 3 6 2 1 5 1 2 3 1 2 2 1 6 1 7 16 6 2 14 1 11 2 1 1 1 1 2 4 1 2 1 1 5 16 2 1 5 1 1 4 11 1 1 1 9 19 2 2 2 2 5 15 2 2 17 1 139 1 2 1 5 5 1 2 2 144 2 2 1 1 3 3 77 24 5 93 2 3 2 2 2 41 3 1 5 6 1 1 2 3 3 1 2 14 6 1 2 6 8 1 1 1 2 6 3 2 3 1 7 1 5 1 2 3 1 1 16 5 1 6 11 3 3 4 1 1 3 2 1 3 1 2 3 2 2 1 4 14 4 1 323 1 3 4 2 7 1 8 1 1 1 1 2 7 2 4 3 3 7 1 1 2 1 6 16 2 1 1 1 3 3 2 1 16 1 1 1 1 1 1 11 1 1 2 27 2
2 1 3 2 4 45 1 6 1 1 3 1 11 2 4 4 4 2 8 1 2 3 1 7 1 3 1 1 8 1 1 2 1 37 1 1 2 3 58 6 2 5 1 3 98 3 1 8 1 1 2 2 2 3 2 10 1 2 17 4 6 1 1 3 10 9 1 2 2 2 4 1 2 10 1 3 2 1 1 6 2 24 5 1 7 3 3 2 2 3 2 1 3 6 1 2 11 1 1 1 9 11 3 7 2 1 1 4 8 2 8 5 2 4 2 2 2 1 5 2 8 2 1 4 2 1 1 5 2 1 1 2 2 7 2 3 1 1 4 7 3 1 7 1 152 2 3 8 2 2 1 2 6 3 1 1 2 3 2 2 14 3 2 2 1 2 3 3 1 4 2 2 3 1 3 1 1 2 2 1 11 1 4 1 1 2 1 4 2 3 1 1 72 1 3 10 2 5 2 2
1 2 1 6 1 1 2 3 2 1 14 1 1 2 3 4 6 4 2 1 21 4 1 1 7 1 102 2 1 3 2 6 3 2 6 2 1 2 1 1 1 11 1 2 1 223 1 1 5 2 1 19 2 32 32 3 6 2 1 288 1 3 1 1 2 4 3 5 3 4 1 2 138 2 3 3 2 1 1 1 2 2 2 3 8 1 1 105 1 1 1 2 2 2 25 1 1 1 1 11 2 1 2 40 2 7 1 1 2 1 2 2 2 3 1 23 4 14 2 4 2 5 3 8 8 1 1 2 1 2 2 1 2 6 2 3 1 26 2 2 1 1 2 92 1 6 2 1 1 2 5 2 3 3 26 2 5 19 4 17 1 3 3 1 1 2 1 1 2 1 2 84 8 2 2 1 1 9 1 4 4 2 1 1 128 4 1 3 2 1 8 3 1 1 2 2 75 1 1 1
2 1 2 3 3 2 31 2 2 1 2 10 2 19 3 3 1 2 1 1 4 2 1 1 1 1 2 1 2 2 1 1 3 2 1 2 1 3 1 1 9 1 2 2 2 2 1 2 1 1 2 9 2 3 2 1 6 2 1 1 2 3 6 8 5 1 2 4 3 2 1 8 7 2 6 2 2 1 3 15 22 3 5 2 2 1 3 2 2 2 8 9 1 8 2 4 3 3 3 3 1 10 1 2 8 1 2 2 2 6 1 1 4 3 13 3 1 2 3 2 1 2 4 1 9 1 2 3 1 5 1 8 1 1 2 2 3 4 7 3 1 5 2 174 4 4 1 1 3 1 2 2 2 1 1 4 2 1 1 2 9 2 3 1 1 1 3 4 1 2 3 4 7 1 2 2 3 2 1 2 2 1 3 2 1 1 2 4 2 4 2 7 2 1 11 1 2 1 2 1
1 3 1 7 1 2 40 1 3 1 2 1 3 1 3 2 2 1 3 2 1 1 1 13 1 1 2 11 2 2 1 1 9 1 3 2 13 1 2 3 1 17 1 1 1 5 3 3 7 1 11 3 4 2 10 3 106 2 18 23 6 1 1 3 3 1 7 2 2 1 3 4 1 65 3 2 8 1 1 1 7 2 2 1 2 1 1 93 17 2 1 1 5 4 3 2 1 2 3 2 2 5 1 2 2 2 3 9 2 1 6 6 12 4 1 4 1 3 1 1 1 11 2 2 8 13 2 3 7 1 1 3 1 1 1 1 2 1 3 3 1 1 1 1 2 1 16 1 4 1 2 3 3 11 2 8 1 2 2 2 1 2 2 7 7 3 2 4 1 11 36 11 2 8 5 1 3 2 52 10 4 3 1 7 4 5 6 2 2 1 2 3 1 3 4 1 1 1 1 4
1 1 2 3 82 2 3 2 2 1 2 3 1 3 1 3 1 1 2 3 20 3 6 4 39 1 4 1 9 44 2 4 1 26 1 3 2 1 2 1 1 4 27 1 1 1 2 2 3 1 3 2 2 14 1 8 6 2 1 4 5 1 3 2 4 2 1 1 2 4 2 1 2 5 2 2 1 1 1 13 1 2 10 1 2 77 2 1 11 2 4 3 2 18 3 1 1 2 8 1 2 3 1 3 1 64 13 2 86 78 4 1 8 2 1 1 2 3 2 24 9 34 2 8 4 3 13 1 2 1 1 1 2 1 2 17 2 1 2 49 5 3 81 1 1 1 6 3 2 2 10 3 1 5 3 1 6 1 2 16 1 2 2 2 1 5 1 1 12 5 1 1 3 9 5 1 7 1 23 104 1 1 2 1 12 2 2 1 1 1 2 3 1 1 6 2 2 4 3 1
1 1 1 1 4 1 2 1 11 9 1 3 1 1 1 1 1 2 20 2 2 3 17 15 2 1 1 2 1 5 1 2 5 1 2 2 11 1 3 6 4 1 2 3 1 4 1 2 2 1 4 33 3 2 21 2 10 3 1 1 5 2 2 1 1 24 3 4 2 9 1 1 1 2 2 1 2 1 1 1 4 1 2 2 3 1 1 1 4 2 1 1 2 2 3 222 18 2 365 23 1 1 1 2 7 22 1 2 9 1 6 2 4 88 10 1 157 2 5 2 2 1 1 1 6 4 10 6 2 1 1 12 1 2 5 1 1 3 2 2 274 2 2 5 26 4 1 1 2 2 1 2 4 1 2 2 2 2 3 2 1 6 10 7 2 8 14 14 5 3 24 2 2 2 3 2 2 26 1 1 1 1 2 1 5 3 1 1 1 4 2 2 1 2 1 7 1 9 1 1
4 2 1 1 10 2 4 2 2 1 1 10 9 2 18 21 3 1 1 2 1 8 15 14 1 3 2 1 1 1 3 1 1 2 1 1 6 31 2 1 1 5 7 17 4 1 4 115 4 3 2 2 1 3 3 3 1 1 8 2 1 1 1 2 2 1 2 1 3 2 2 29 2 5 3 12 10 22 1 1 3 17 5 1 3 2 16 2 2 4 2 2 1 3 1 1 4 2 1 1 2 2 2 2 5 4 5 2 1 2 1 1 2 1 1 3 2 1 2 2 3 2 4 4 4 5 36 2 4 1 6 1 2 1 2 2 4 3 1 1 2 1 263 12 1 2 1 1 5 6 4 1 5 2 1 3 1 2 1 1 2 5 1 1 8 2 3 135 7 33 2 1 3 3 1 6 1 3 1 1 11 3 1 4 2 2 1 4 2 2 20 1 5 6 1 8 1 1 1 1
2 2 1 147 2 1 3 4 6 9 59 1 5 1 1 4 3 2 2 2 3 2 11 2 2 1 1 3 3 2 17 1 1 3 1 3 1 11 1 6 1 2 1 24 1 5 3 5 10 3 66 16 13 1 4 3 1 1 1 4 1 1 3 1 2 1 1 1 4 5 3 2 3 2 2 1 2 1 7 11 1 28 2 14 1 2 1 100 2 8 2 2 12 1 1 2 2 1 13 3 165 3 1 1 1 2 10 14 1 2 1 5 1 2 1 2 2 5 2 2 2 1 11 1 3 1 1 3 1 2 1 4 3 3 1 2 24 2 4 2 1 2 8 1 3 3 2 2 1 2 3 1 2 6 1 1 6 3 2 4 1 1 4 2 1 6 115 1 3 2 2 3 1 4 1 1 2 3 9 1 25 3 6 7 2 1 1 12 4 1 1 3 1 4 1 1 50 3 1 1
2 1 6 1 1 4 261 1 1 2 1 6 2 1 2 3 3 10 1 7 5 3 5 24 9 1 2 3 2 1 1 34 2 1 2 79 1 3 3 2 3 6 1 2 3 1 5 7 9 1 1 3 2 1 3 1 3 1 6 5 2 3 1 2 2 7 6 3 1 1 36 3 6 2 8 2 64 6 1 2 1 1 2 96 1 1 2 1 9 1 1 9 1 6 1 2 3 1 2 1 1 13 2 3 1 1 2 2 2 3 4 2 4 2 1 2 1 6 3 21 1 5 2 7 1 2 1 5 1 1 3 6 2 1 5 1 4 1 2 8 2 1 2 2 2 2 2 1 2 1 1 3 4 1 1 2 1 3 2 1 1 4 5 5 1 2 9 2 6 1 1 2 16 4 2 2 2 2 5 2 1 10 1 1 12 2 41 2 1 4 3 1 1 7 2 5 1 3 2 1
1 2 2 5 2 4 2 1 1 1 2 1 1 2 1 8 2 1 12 2 1 1 2 2 1 2 89 3 1 2 2 2 1 4 2 1 1 2 1 71 2 1 2 1 1 1 5 2 3 1 2 2 1 1 1 1 1 1 6 2 2 3 5 1 3 1 1 3 1 1 2 2 1 1 2 1 1 43 1 2 1 2 4 1 3 1 4 5 4 1 2 5 1 15 2 1 10 1 1 1 4 1 1 54 1 1 6 4 2 3 1 3 1 2 2 1 4 2 3 8 1 2 5 2 2 1 38 1 17 4 40 2 1 2 2 2 2 2 1 3 4 1 7 2 1 4 4 1 1 3 1 2 2 1 1 2 1 1 2 1 2 2 3 2 2 15 1 4 2 1 3 2 1 4 2 1 2 1 7 1 2 1 4 1 9 1 2 4 1 1 1 3 3 12 3 1 4 1 3 1
10 3 1 1 1 2 1 2 9 2 1 2 2 3 2 1 1 2 2 3 2 4 5 4 6 1 2 4 1 2 4 22 7 3 1 2 3 3 88 1 1 2 5 3 5 1 10 2 2 3 2 5 26 1 1 1 2 2 1 2 1 6 3 2 2 6 2 29 1 4 2 3 1 34 1 1 3 1 1 3 5 3 2 2 138 3 1 1 1 1 69 1 1 1 2 2 1 3 2 1 9 1 1 2 3 32 1 3 9 4 1 13 2 2 1 1 3 2 6 3 1 3 4 3 1 1 2 5 2 12 11 2 9 3 2 1 1 1 1 1 2 1 2 35 3 2 1 2 2 4 1 3 2 3 1 3 2 1 15 2 1 5 1 2 3 1 1 1 5 1 2 2 4 2 1 1 2 6 1 1 2 1 1 15 1 2 2 2 3 4 1 2 2 1 2 9 1 2 1 2
1 2 1 2 1 1 1 3 6 3 1 1 3 7 6 21 2 1 2 1 2 1 1 1 388 4 3 2 4 50 6 4 4 67 1 22 23 1 8 1 3 4 10 3 1 5 5 2 3 1 29 1 2 2 1 2 2 2 9 8 3 13 4 5 1 2 3 3 1 47 4 9 4 5 5 2 1 2 1 2 2 3 1 2 3 2 2 2 2 3 3 11 21 1 58 3 5 1 1 10 71 11 1 6 2 5 3 3 1 12 1 1 5 6 5 1 2 1 1 3 12 5 1 2 1 13 7 2 4 2 1 1 3 2 2 1 2 2 1 2 6 2 2 10 1 2 1 3 1 2 2 3 1 23 7 311 2 3 1 4 9 3 1 1 2 4 1 2 2 2 1 1 1 2 1 4 1 2 2 5 1 1 1 1 2 2 33 4 2 1 1 2 1 2 9 2 3 5 1 3
2 1 1 2 3 4 3 4 4 4 2 7 1 1 2 2 1 12 1 1 2 119 2 1 31 2 2 3 3 2 2 5 1 170 1 3 1 6 1 1 1 473 5 6 2 7 1 3 9 2 1 1 1 3 1 9 13 1 2 1 3 7 2 2 1 2 2 15 3 2 3 7 6 1 1 9 2 2 1 1 1 5 12 2 2 1 5 2 33 2 22 2 152 1 7 1 1 23 2 1 1 14 10 1 1 6 1 2 6 15 2 20 2 1 2 2 2 9 156 4 18 2 4 2 1 3 1 1 2 1 2 1 3 6 2 2 1 2 1 1 6 15 239 3 2 7 1 1 1 1 2 4 1 9 1 2 1 1 2 1 2 3 2 1 3 2 1 2 2 4 11 6 2 3 5 1 2 3 1 1 9 1 2 4 2 2 1 6 23 3 1 2 6 21 2 2 2 2 2 3
1 1 1 2 1 1 2 25 3 1 1 15 2 1 3 2 2 2 1 4 4 1 5 1 2 2 1 9 2 1 5 1 2 1 2 4 2 7 2 1 2 8 3 1 1 2 1 2 2 1 2 1 8 1 2 3 5 5 2 3 3 4 1 19 2 1 6 1 73 1 10 226 31 4 2 1 1 2 1 1 1 7 3 2 3 2 2 17 5 4 3 2 2 2 4 20 334 2 1 3 3 1 25 3 1 1 24 3 3 2 8 4 2 4 1 1 2 1 2 5 4 1 2 5 2 1 1 2 9 2 11 1 1 1 18 3 2 1 2 1 4 4 2 2 2 2 2 2 2 1 2 1 1 1 14 1 1 1 4 7 2 1 1 2 2 2 1 1 2 2 2 2 4 11 3 2 1 17 14 1 3 4 5 1 2 9 2 6 2 3 4 37 2 100 2 2 1 1 8 1
8 4 2 1 1 2 4 1 4 1 2 2 3 2 2 1 3 5 1 1 1 1 5 1 4 2 3 2 1 3 1 1 1 4 1 6 15 1 1 3 1 3 4 6 2 92 1 1 1 77 5 3 1 2 4 1 1 3 1 3 2 1 2 5 1 2 2 4 4 3 6 5 5 1 9 21 1 1 3 2 1 6 11 2 2 3 18 2 2 2 4 4 1 1 14 1 1 1 2 11 1 1 1 2 6 1 11 3 3 7 1 1 2 1 2 1 3 1 2 2 1 1 1 2 1 25 4 1 1 7 5 1 2 1 1 1 1 2 1 2 2 1 5 9 48 1 4 1 10 1 1 1 3 1 6 5 4 1 1 1 3 2 2 3 2 2 2 2 2 17 60 4 1 2 3 2 3 2 1 1 3 40 3 4 8 11 5 1 1 2 1 2 77 4 8 2 3 1 1 2
5 2 2 4 1 2 2 2 1 2 1 5 1 2 1 3 1 1 1 4 64 3 4 2 1 2 4 1 16 1 10 2 1 4 2 5 2 6 51 1 3 1 142 2 2 3 1 3 2 3 11 3 2 2 3 18 2 1 1 3 2 2 69 2 15 5 1 1 2 3 1 2 12 3 13 42 1 3 2 2 1 2 2 7 1 1 2 4 1 2 4 1 1 5 1 3 8 56 1 2 1 4 1 3 1 2 3 25 27 2 34 1 2 1 1 3 6 4 1 13 3 2 28 23 1 6 2 2 3 13 1 2 44 1 4 4 1 3 1 1 20 43 3 31 1 10 2 2 2 2 1 1 3 1 19 1 3 2 2 5 5 1 1 7 1 1 1 1 1 4 1 3 2 5 1 1 7 3 2 2 1 16 14 5 20 2 8 5 1 4 6 2 1 7 1 3 12 2 2 46
1 1 4 4 2 17 2 34 2 22 3 21 5 2 1 10 13 1 1 3 1 2 1 2 3 11 2 5 3 3 1 2 2 2 2 2 1 4 2 2 2 20 2 3 1 1 1 1 6 1 2 1 1 1 1 2 13 36 2 2 4 1 15 2 1 3 2 2 2 1 1 2 6 3 1 2 1 27 1 5 1 6 32 1 1 2 151 1 17 69 1 1 1 2 1 7 2 4 2 1 1 2 3 3 61 2 3 1 1 4 1 2 170 6 1 1 6 1 2 1 5 1 1 1 19 3 2 9 5 32 2 2 1 5 3 5 2 1 2 1 1 5 2 1 1 2 2 3 8 2 4 1 2 10 15 2 1 1 3 3 1 1 1 5 3 3 16 5 2 13 20 2 3 144 1 1 1 2 4 3 4 1 1 1 339 1 3 1 1 1 2 3 2 1 1 8 2 8 2 1
2 3 1 2 3 46 1 110 2 18 13 3 1 1 3 3 3 1 1 1 3 1 1 1 2 22 9 7 1 3 6 4 2 1 1 3 1 20 2 4 1 5 2 2 1 3 2 2 1 1 15 1 7 1 20 1 1 4 4 1 13 11 11 2 1 3 2 3 2 5 10 4 27 1 1 3 6 2 2 5 2 1 1 1 1 2 10 1 29 6 2 1 1 3 2 1 2 3 2 7 2 2 4 4 430 2 3 3 1 3 2 3 16 2 15 2 3 3 2 5 2 13 3 1 4 1 1 2 2 1 2 1 2 2 3 2 1 1 2 6 3 1 2 2 2 1 2 1 9 2 4 2 1 2 3 2 6 1 4 21 3 2 6 1 6 1 10 1 7 81 2 1 2 1 2 1 2 2 4 5 5 13 2 41 1 2 3 2 5 27 8 1 2 7 2 2 2 2 1 6
1 1 9 2 1 2 2 1 1 3 1 11 1 6 4 5 229 2 1 4 1 1 1 23 2 5 4 21 1 2 1 3 4 1 7 1 1 2 1 1 2 2 3 1 2 3 2 1 1 17 3 3 6 2 2 3 1 1 2 2 3 2 2 3 2 3 51 2 3 92 1 2 194 1 61 2 3 6 3 1 58 2 13 2 1 3 7 1 4 4 4 6 10 1 1 2 1 2 18 2 3 3 2 2 6 1 4 4 2 2 2 2 2 2 2 2 1 3 1 2 15 13 3 2 3 1 5 1 4 4 2 1 2 4 2 11 1 234 1 1 2 3 1 2 1 5 3 4 1 3 2 2 3 1 146 2 1 2 1 3 2 2 2 16 1 45 3 3 37 5 2 4 2 1 1 4 3 2 1 2 6 2 2 5 3 1 6 4 26 3 3 1 2 1 1 1 1 1 2 5
1 1 2 2 3 1 27 23 17 4 5 2 2 2 2 2 1 1 2 1 1 101 2 48 4 2 1 2 16 1 1 1 1 1 2 2 2 1 2 2 2 4 1 4 4 2 5 2 4 2 21 2 48 1 4 3 2 2 6 8 2 2 2 3 1 2 6 5 1 4 1 1 3 4 2 1 6 1 3 1 6 14 1 5 8 2 3 1 1 1 4 2 2 147 1 6 2 2 3 3 1 2 9 1 1 1 1 1 2 4 15 16 6 3 1 84 1 1 2 2 6 2 1 1 1 3 109 1 1 1 2 2 6 5 1 1 3 3 1 4 1 2 1 2 1 1 3 14 1 2 1 5 3 2 3 1 1 2 3 1 2 7 1 3 1 2 54 2 8 1 3 1 2 1 3 12 3 2 4 3 6 1 20 6 1 3 5 2 2 9 1 2 2 14 2 2 11 4 1 4
4 3 14 3 1 1 28 3 4 2 8 3 8 2 1 8 1 34 5 5 1 1 2 1 1 1 1 6 2 16 2 2 1 1 3 2 7 1 1 1 6 1 2 2 5 1 2 17 6 9 1 2 2 1 46 3 2 2 2 1 2 1 3 3 1 3 10 27 2 2 4 2 1 2 2 3 1 5 1 15 6 1 1 1 33 2 1 5 17 2 4 6 4 3 2 1 11 3 1 1 1 1 1 1 16 1 2 1 3 2 2 3 1 1 11 2 4 2 1 1 2 3 12 2 2 24 1 4 1 2 1 9 1 4 2 8 1 12 1 44 1 1 1 2 3 1 1 4 2 1 1 8 2 2 4 1 8 1 4 1 2 2 1 1 1 11 2 14 25 3 2 1 6 2 1 2 2 12 4 3 2 1 18 3 1 2 1 2 3 1 1 2 8 2 2 3 1 2 1 2
7 1 8 3 25 4 4 2 4 2 3 2 4 1 1 4 1 93 1 1 2 105 2 2 4 1 3 1 11 3 2 2 4 8 6 2 1 2 1 2 3 2 3 2 2 14 2 9 2 5 3 3 3 2 3 2 2 2 3 1 7 1 10 1 168 1 2 71 2 1 6 2 1 1 5 2 7 2 2 1 2 3 1 1 1 2 2 4 2 2 12 1 1 5 1 4 2 2 2 1 1 2 1 8 3 1 2 2 3 5 11 3 3 2 1 1 4 1 8 2 2 9 8 1 1 2 2 1 8 1 6 23 2 20 1 2 2 1 1 5 1 2 2 45 17 2 3 1 3 5 3 2 12 3 6 2 4 405 3 2 2 4 10 16 2 2 2 2 1 1 2 3 1 44 2 13 69 1 1 1 3 5 3 4 1 1 3 1 2 3 1 3 15 11 2 2 2 1 4 8
1 18 1 105 7 1 5 1 4 4 2 1 1 2 36 1 1 3 1 3 1 7 1 1 1 2 1 1 2 6 10 1 1 1 4 1 2 2 1 3 2 249 2 1 1 2 4 2 5 5 1 2 3 2 19 1 1 6 1 5 9 1 2 2 4 4 2 9 13 1 9 10 2 1 3 2 1 4 1 2 1 2 2 1 7 2 1 10 1 2 1 2 151 5 1 1 2 11 1 1 5 3 1 3 1 1 3 3 7 1 1 1 2 5 1 2 3 10 3 1 1 42 1 9 11 1 3 1 1 1 3 2 2 2 2 2 2 6 2 1 7 1 6 1 1 5 3 2 6 5 42 3 2 15 6 2 2 5 1 7 1 3 18 16 2 1 4 2 6 7 2 70 1 7 2 1 6 2 1 2 3 8 2 3 3 2 1 5 1 2 3 2 1 2 2 1 1 1 13 1
1 1 1 1 1 4 1 4 1 9 1 4 1 4 2 29 1 2 3 2 1 9 3 5 3 2 4 1 3 2 20 3 2 3 2 3 2 1 2 6 4 2 7 5 1 9 1 3 2 11 1 1 1 264 22 10 1 8 1 4 4 2 2 1 4 2 1 1 1 2 1 2 18 3 2 2 3 1 4 1 5 1 9 3 20 1 1 2 1 1 1 2 1 1 1 3 2 5 39 2 8 1 4 3 2 1 5 1 2 2 1 2 2 2 2 6 5 2 8 2 1 1 1 2 4 2 1 2 1 10 3 2 8 4 1 7 2 14 4 3 1 1 1 3 8 3 1 92 2 2 5 1 1 1 10 1 2 1 14 3 2 1 1 2 2 2 1 1 4 4 1 3 2 4 1 1 2 1 2 2 2 15 1 36 1 4 1 1 5 37 1 2 6 2 1 1 1 2 3 4
2 2 1 1 3 1 1 1 2 1 3 1 1 1 3 1 2 4 3 1 64 1 2 2 1 13 1 3 4 1 5 2 1 2 1 12 7 1 273 2 1 2 1 4 1 1 1 2 2 1 92 1 1 2 3 3 2 22 1 2 2 17 3 1 2 8 3 379 1 2 5 2 4 1 2 2 3 1 2 1 1 40 214 1 1 1 36 3 1 1 2 2 2 1 1 2 3 2 2 1 3 2 2 4 1 2 3 4 5 1 2 1 17 1 3 11 11 2 4 4 2 92 1 20 1 1 7 1 15 30 5 1 11 1 4 23 1 1 1 1 11 3 2 32 3 1 3 2 1 3 4 4 2 2 2 1 4 23 5 1 2 1 2 1 1 2 1 2 30 29 3 1 2 2 5 8 2 6 7 3 4 2 3 3 2 2 2 1 10 15 3 19 1 2 1 1 3 4 3 4
25 3 2 1 1 1 1 1 2 4 3 1 2 2 4 2 2 1 2 2 2 1 1 15 1 5 2 2 3 3 2 3 1 1 2 4 3 13 16 1 7 1 5 2 13 1 1 2 5 2 1 2 3 2 3 3 1 2 1 2 1 4 1 2 1 1 1 1 2 2 6 1 29 3 8 1 4 2 1 1 4 65 11 6 1 36 2 2 5 1 1 1 1 3 1 2 1 1 2 10 2 2 8 3 5 4 1 1 3 2 129 2 1 1 56 1 171 17 12 1 3 1 5 1 2 94 15 4 4 2 4 2 7 2 1 2 3 2 3 1 1 7 2 4 2 1 2 1 1 1 1 2 1 1 1 4 2 6 1 15 5 1 3 2 23 2 1 2 1 3 3 2 1 3 8 2 37 8 18 1 4 14 1 4 1 1 5 2 1 1 2 4 1 3 9 1 1 2 2 1
4 4 2 1 2 1 307 12 12 1 1 1 3 1 7 3 3 12 7 1 4 2 1 7 2 2 2 2 1 1 3 1 3 2 4 1 2 1 1 4 2 1 31 5 1 1 2 5 1 1 2 5 1 11 2 6 3 1 7 5 4 12 2 1 2 8 3 2 10 6 2 2 2 2 2 26 8 2 18 1 12 2 4 2 10 3 3 2 1 3 3 6 12 7 1 6 1 17 1 2 15 2 2 3 22 4 28 2 2 2 1 1 2 2 1 2 2 2 2 1 2 3 2 2 1 26 1 2 3 1 39 1 5 2 1 7 1 2 1 1 4 2 49 3 1 3 1 2 2 1 2 4 3 1 1 1 3 4 1 3 18 11 1 1 5 2 1 33 1 1 2 2 2 9 1 2 1 2 2 4 2 1 65 3 2 26 1 2 3 114 9 14 3 1 1 2 21 2 6 8
2 4 3 2 3 1 7 3 10 2 1 3 1 1 4 1 2 2 1 4 50 1 16 3 3 4 14 27 4 1 1 1 36 7 2 2 21 2 2 3 1 3 2 3 15 24 1 4 12 10 5 1 3 9 2 2 2 2 2 1 6 93 7 4 1 1 2 12 3 4 7 3 1 2 11 1 1 26 14 1 2 1 1 1 1 2 5 2 2 2 1 1 1 2 125 4 6 2 1 2 5 3 2 19 7 1 2 1 2 4 8 3 1 1 4 1 1 6 3 1 1 3 11 36 1 2 4 2 191 1 1 2 9 1 16 3 2 4 3 13 5 1 3 2 8 2 1 23 2 3 1 1 2 9 2 5 33 1 8 2 3 16 2 5 14 4 2 19 3 4 1 3 2 2 5 9 1 1 1 3 2 1 1 12 4 1 1 2 1 4 45 1 13 1 1 8 3 1 6 1
1 6 1 9 2 1 2 1 2 8 8 3 20 1 9 3 1 1 3 2 1 6 1 2 1 1 2 2 1 3 2 4 2 1 1 4 6 3 2 2 3 1 6 2 2 2 1 1 3 2 2 4 3 1 2 1 3 23 3 4 3 4 2 1 3 1 2 14 6 12 2 2 5 4 1 150 1 2 1 1 1 1 12 4 2 5 3 1 3 2 3 6 4 2 2 1 1 1 19 7 3 6 2 2 7 2 13 2 3 1 7 1 1 1 4 2 77 3 19 3 2 2 18 2 1 3 1 3 16 12 1 1 2 1 6 3 1 2 4 1 3 3 2 2 4 1 1 1 2 2 13 6 2 1 2 2 13 1 6 1 3 3 1 2 2 1 2 1 1 6 3 1 6 7 2 3 1 16 7 1 5 1 1 5 1 88 4 1 1 1 3 2 1 1 5 10 1 1 3 1
2 1 1 2 8 2 2 4 4 6 4 7 2 2 1 2 1 3 18 8 2 3 4 1 8 5 3 12 2 6 1 6 3 5 1 1 11 1 2 1 1 2 2 93 2 1 1 2 3 2 3 11 2 10 7 1 5 1 1 1 3 2 3 2 4 23 1 4 1 1 1 1 13 6 2 1 1 1 20 3 6 3 2 8 3 1 8 4 2 2 9 2 10 8 3 7 1 4 1 3 4 3 1 2 8 2 1 3 3 7 2 2 2 1 1 3 1 3 5 13 2 36 9 3 139 3 1 2 9 3 2 6 2 3 11 3 2 1 9 1 1 1 1 1 1 3 4 3 2 5 3 1 1 3 1 2 82 8 2 114 3 4 1 20 3 1 2 2 1 1 2 1 3 3 3 3 2 3 5 6 3 1 6 2 4 1 2 2 1 5 5 3 2 1 7 2 14 17 1 2
1 1 1 2 1 2 1 2 2 2 1 1 1 1 1 1 3 2 3 1 1 1 3 2 2 4 1 3 1 1 2 7 1 2 2 2 2 3 1 2 1 1 4 3 2 1 2 5 1 3 27 1 3 2 1 6 2 2 2 6 1 3 2 2 5 5 4 5 1 9 2 2 1 4 4 4 6 6 3 1 1 1 3 5 2 10 2 3 2 2 5 1 1 8 3 4 2 1 2 1 3 1 1 1 2 3 2 1 1 11 1 2 4 52 5 5 3 1 1 3 21 1 2 2 1 347 1 1 2 5 1 1 1 2 1 12 2 10 1 1 8 5 2 1 8 2 2 1 1 1 21 2 2 7 5 1 3 12 1 31 1 1 4 2 1 2 1 1 60 1 5 2 2 2 1 15 2 1 22 7 2 2 1 2 127 2 2 1 3 5 17 1 4 15 1 3 1 1 4 5
1 1 3 3 2 1 2 1 3 1 1 2 1 2 6 1 1 3 3 2 2 2 1 2 2 1 1 6 1 2 5 6 3 3 2 1 2 1 1 2 1 2 2 1 4 1 3 1 2 2 2 2 2 1 3 45 1 2 1 2 1 1 5 2 2 1 1 3 1 11 3 11 1 3 2 2 4 1 1 2 5 2 1 13 1 6 1 1 6 5 23 25 6 1 2 2 1 2 3 3 7 6 5 2 1 2 7 1 2 1 1 2 2 2 2 6 3 2 2 14 3 1 5 2 3 6 2 1 3 2 1 1 2 2 1 1 2 5 1 6 1 28 7 2 2 1 1 23 15 4 1 1 2 2 1 4 4 6 1 4 3 1 2 1 4 5 1 2 1 1 3 6 1 2 2 3 1 1 3 2 1 24 1 23 2 3 2 1 2 1 2 8 1 3 1 3 76 7 6 2
4 10 1 1 2 4 4 4 1 3 1 3 1 2 7 2 1 5 1 1 3 7 19 1 35 24 1 17 2 2 2 9 18 2 2 1 1 11 4 1 1 1 1 2 8 2 1 4 3 14 1 4 2 5 1 2 6 1 1 4 1 1 4 1 4 2 1 4 1 220 45 2 1 2 1 2 3 1 7 2 1 1 3 2 3 23 13 29 3 2 1 2 1 1 2 1 1 20 25 3 3 4 2 21 6 3 2 1 2 2 2 4 16 2 1 5 1 1 2 4 74 2 3 4 1 4 1 3 1 2 1 1 1 1 1 1 2 16 5 3 1 1 1 26 1 5 2 2 6 1 3 2 2 2 7 7 1 3 2 5 1 2 6 3 2 1 1 1 1 5 5 8 1 14 1 2 1 45 2 2 16 2 2 4 1 3 3 2 2 10 22 1 13 4 3 1 1 1 1 11
2 146 2 2 1 9 2 2 4 2 6 1 5 1 2 4 9 3 3 3 3 2 12 60 1 1 1 3 2 6 1 1 1 1 1 3 3 1 2 2 4 2 2 1 2 2 6 1 1 1 5 4 3 4 1 1 1 2 2 19 1 2 5 2 2 2 1 3 1 35 2 1 1 1 2 2 1 1 1 6 6 4 2 3 2 2 3 1 1 1 1 6 4 1 4 6 1 1 2 3 1 1 2 1 6 13 2 16 1 4 1 4 1 23 2 2 2 1 1 1 2 2 1 3 2 2 6 2 1 1 3 16 1 18 105 2 1 1 2 1 16 2 1 7 1 7 5 1 2 2 8 15 1 2 4 1 1 4 3 22 1 1 1 7 2 1 2 1 2 2 2 1 1 2 2 2 2 3 2 3 2 4 1 2 1 2 10 1 3 9 6 44 3 5 2 7 1 4 1 25
3 3 6 2 2 1 2 1 1 14 3 1 1 3 1 1 2 12 2 2 3 1 2 1 3 1 1 2 1 25 4 2 2 3 1 1 32 2 43 1 4 1 2 6 8 2 2 4 1 2 2 1 5 1 1 2 2 3 84 9 1 2 2 3 2 1 4 251 1 1 1 3 4 1 5 2 1 1 4 9 1 2 1 5 2 3 4 2 3 1 2 7 2 6 4 2 2 1 7 2 3 1 3 2 2 2 3 1 5 6 5 2 22 2 1 1 2 4 2 18 43 2 3 1 2 1 19 1 1 1 1 3 2 3 4 1 1 1 2 18 3 5 2 2 23 3 1 2 5 6 49 8 2 3 1 2 1 1 3 2 1 2 3 5 1 1 3 8 7 1 6 1 30 2 2 1 1 3 7 1 2 5 1 38 1 1 2 1 1 10 2 1 14 4 2 1 3 1 1 2
1 2 3 4 25 9 2 1 10 4 1 2 3 2 1 8 20 1 5 3 5 1 2 2 25 1 21 1 1 1 1 2 3 1 1 2 5 1 1 4 3 1 1 1 1 1 3 3 6 1 1 11 1 8 3 1 2 2 21 1 2 1 2 5 2 2 1 1 1 85 2 7 2 3 6 8 1 1 1 1 25 1 7 12 15 1 2 1 1 2 1 3 1 1 6 2 2 1 3 2 4 5 3 2 2 3 1 16 2 3 2 4 4 2 3 4 1 1 3 72 3 1 1 1 2 1 1 2 11 9 6 4 1 2 2 2 1 3 3 1 1 2 1 39 1 7 2 4 3 9 2 4 1 1 1 2 4 1 5 2 17 1 3 2 7 8 3 1 2 3 2 1 1 2 3 2 58 1 1 2 5 2 9 6 2 2 2 1 5 2 1 11 2 3 1 1 2 4 1 3
1 2 6 1 24 1 1 4 4 1 4 3 1 2 16 1 2 1 5 21 1 3 1 2 5 3 1 2 2 2 2 1 10 3 3 1 2 2 1 2 1 8 2 2 30 1 1 1 18 1 1 7 2 1 3 2 1 5 1 9 1 1 2 2 1 2 3 1 150 2 1 1 9 5 1 2 47 1 9 2 2 2 11 13 2 3 2 1 2 1 2 7 2 2 1 2 2 6 1 3 11 2 1 5 2 1 1 1 2 4 3 5 1 41 1 1 5 1 1 1 5 10 1 2 1 1 1 4 1 2 13 6 1 1 3 2 1 6 4 2 3 1 1 1 1 12 1 1 7 15 25 5 6 12 1 1 1 24 5 3 3 2 5 1 2 1 1 2 23 2 3 2 2 2 4 1 2 2 1 23 4 4 10 4 2 2 3 2 2 1 5 9 2 1 1 2 1 1 13 2
1 1 1 3 1 10 2 3 111 1 1 2 1 1 2 8 6 11 2 3 1 3 10 1 1 4 2 1 2 2 1 5 38 1 1 1 3 38 2 5 11 6 3 1 23 2 2 7 2 3 3 11 1 10 2 1 5 4 12 1 1 1 3 3 3 2 1 2 1 2 2 2 7 2 3 2 1 2 2 6 1 2 5 5 2 4 1 1 2 15 47 9 2 3 2 4 3 2 6 1 5 2 4 17 3 5 1 6 3 4 1 1 140 3 4 12 1 1 1 3 2 2 2 2 1 1 1 2 2 46 3 3 1 2 4 18 2 13 1 1 8 6 10 3 1 2 5 5 2 1 2 1 2 2 2 4 2 2 1 2 3 1 2 2 45 2 1 2 2 33 2 2 2 3 1 2 3 1 2 1 2 25 99 4 1 2 2 2 15 3 8 161 1 22 1 1 1 1 1 4
1 1 1 2 3 2 2 3 1 3 4 1 42 1 1 7 2 1 106 1 14 3 3 1 2 9 3 5 6 2 4 3 1 2 1 1 4 2 6 2 1 5 2 2 2 1 3 2 3 1 1 1 1 2 10 2 1 1 1 1 7 3 1 2 1 1 4 1 2 3 15 2 3 2 7 3 9 4 4 2 2 11 2 3 1 4 1 5 1 5 2 2 1 1 3 5 1 3 2 2 2 1 2 4 1 1 11 1 10 2 1 1 3 1 1 4 1 3 2 4 1 29 5 2 5 2 1 1 3 2 4 9 2 4 1 3 2 3 3 1 3 35 2 2 6 2 5 2 2 11 7 1 1 4 3 1 3 3 3 1 4 13 4 3 19 1 1 2 1 4 1 1 4 29 2 1 2 3 2 2 1 141 1 2 3 1 1 1 3 1 3 1 1 3 1 2 2 8 1 2
3 1 1 10 18 2 15 1 1 10 1 2 4 1 2 1 2 10 3 1 4 2 3 1 2 7 1 1 1 10 44 3 3 6 5 1 1 6 3 23 3 3 1 3 3 3 1 245 1 6 6 2 1 5 1 1 1 19 3 1 1 2 2 2 3 1 1 1 9 8 2 1 3 2 6 8 1 3 2 4 3 2 2 2 3 3 1 1 1 2 1 2 1 1 3 2 2 10 1 46 3 1 11 5 2 14 1 3 3 3 7 1 1 1 20 4 2 4 1 3 3 1 54 5 2 2 1 2 5 3 7 2 1 2 1 1 65 1 1 1 6 2 17 3 256 1 5 3 1 1 1 7 4 1 2 2 4 4 2 2 2 1 1 1 2 1 1 1 2 2 5 2 5 4 3 3 2 9 1 2 2 3 2 3 10 3 1 4 3 26 2 3 3 2 2 2 20 1 1 47
1 1 7 21 2 13 2 2 2 2 5 2 4 125 1 2 9 5 3 5 16 2 2 26 2 5 4 2 3 2 3 3 1 2 2 2 1 2 3 7 1 4 1 4 1 1 2 1 2 1 7 3 1 69 9 4 3 3 4 1 1 3 3 3 1 1 21 66 3 8 5 25 14 1 1 1 4 3 2 3 5 2 2 1 1 3 3 3 1 1 1 4 6 3 3 2 3 1 1 3 2 1 3 1 1 2 2 2 1 1 2 2 3 1 1 5 3 2 2 3 2 6 2 2 2 6 1 15 2 25 3 2 3 2 58 2 9 1 39 1 4 1 1 2 2 1 1 2 2 1 1 3 1 2 1 2 3 1 1 1 1 5 12 3 12 10 2 16 3 4 1 5 2 35 1 2 2 3 1 1 7 2 2 4 86 1 3 1 1 3 2 8 3 19 14 1 4 5 1 3
1 3 1 1 2 5 1 1 4 81 5 1 2 2 2 1 1 5 2 2 1 2 2 2 1 1 2 5 4 1 1 2 2 1 15 23 5 2 1 1 6 12 1 8 6 1 3 4 5 27 1 1 1 1 8 7 1 3 2 2 12 6 1 14 6 8 2 13 1 3 3 1 2 9 11 56 2 13 1 1 2 3 33 1 2 5 2 5 6 1 6 2 1 2 11 2 20 1 6 8 2 2 13 16 4 4 2 4 1 3 83 1 1 4 1 1 2 1 3 1 2 3 1 66 3 1 2 1 2 4 2 1 2 1 8 1 4 20 1 36 3 9 1 5 1 4 1 2 1 15 1 33 1 8 4 26 1 2 3 2 1 2 3 2 2 2 6 11 2 5 1 2 10 2 2 5 3 3 3 1 1 1 4 6 2 1 1 36 2 1 5 1 13 3 3 1 2 3 2 1
1 2 1 2 11 8 1 3 3 5 4 8 1 2 2 1 4 2 1 3 1 1 9 3 8 2 1 1 1 3 3 5 1 1 2 2 1 2 1 3 2 2 1 32 2 3 264 1 2 1 1 11 2 1 2 2 9 1 9 3 2 2 3 2 6 4 2 1 4 2 2 2 1 18 1 1 1 2 2 2 3 1 2 7 1 1 2 1 4 2 3 2 1 1 1 2 1 87 1 3 1 1 2 1 2 1 9 4 6 1 1 71 13 2 1 52 1 3 1 2 2 1 4 4 1 5 1 1 8 1 1 1 6 1 2 4 4 1 6 1 5 1 1 2 2 2 4 7 1 2 1 5 7 6 6 2 6 2 8 1 1 3 20 1 1 9 1 1 12 3 1 6 8 3 5 2 2 2 1 10 1 8 1 2 3 2 1 3 2 17 2 7 4 1 4 3 1 1 1 4
2 2 3 5 10 4 2 2 2 5 2 2 1 1 3 16 3 7 4 2 1 1 2 3 1 1 3 1 4 1 1 3 24 5 1 2 3 3 1 61 3 2 1 2 1 3 2 2 3 6 2 3 3 2 7 7 5 4 1 1 2 1 1 1 2 1 2 4 3 1 1 1 2 1 3 1 1 2 6 1 13 5 7 3 1 1 1 43 1 2 2 3 2 2 2 4 1 5 1 1 6 40 3 1 2 1 1 1 1 9 4 3 1 2 1 29 4 1 1 1 3 9 2 40 10 105 1 1 1 2 1 1 3 1 1 1 1 2 2 1 1 2 2 36 1 1 3 3 1 1 2 2 1 1 2 2 1 1 2 3 3 2 2 2 1 3 3 2 4 1 2 1 3 4 5 12 4 3 2 1 2 1 1 1 4 1 2 3 2 1 1 3 3 4 6 1 3 3 9 1
2 15 1 4 1 3 8 3 3 2 1 2 1 2 2 3 2 1 103 5 20 2 1 1 6 3 1 31 1 4 3 1 1 17 3 3 1 3 5 1 1 1 191 4 2 1 1 61 2 1 2 2 1 1 2 2 2 1 1 1 2 1 1 1 3 2 1 4 105 2 1 2 1 1 46 3 2 9 1 3 7 1 1 1 2 3 9 8 4 2 24 2 13 1 2 2 1 2 2 2 17 2 2 1 5 2 2 2 14 1 2 1 1 6 13 2 4 1 5 3 2 1 24 2 18 42 39 2 1 4 2 2 2 2 2 2 26 2 1 6 1 1 1 2 1 2 2 1 2 1 3 24 3 2 3 2 1 1 1 1 3 1 9 2 2 1 4 1 4 1 2 3 3 1 1 3 1 3 3 2 2 15 1 1 13 2 1 2 7 1 1 39 3 8 2 15 2 2 3 3
14 1 22 2 2 4 6 4 13 1 5 2 2 1 48 2 5 1 1 1 2 1 2 3 1 2 1 4 2 1 4 2 3 2 3 1 6 3 14 1 1 3 2 1 1 2 1 16 3 2 5 4 4 15 2 1 17 1 87 3 1 3 6 3 1 1 2 2 2 5 8 1 1 3 3 27 1 6 27 2 4 2 2 4 2 2 5 4 1 4 1 1 3 2 2 1 2 2 1 4 11 1 1 1 2 3 3 15 1 1 1 16 1 2 2 1 1 2 8 93 1 3 1 62 1 5 3 1 19 9 4 2 1 2 20 1 1 2 1 12 1 2 1 1 1 3 1 8 2 5 4 6 1 3 4 2 3 4 2 1 2 2 1 13 4 6 2 1 1 3 3 1 25 24 14 4 1 3 2 2 1 1 1 2 3 1 7 1 1 2 1 2 1 2 1 1 4 30 1 2
1 60 6 2 1 4 3 1 4 3 1 2 266 5 1 1 4 1 4 1 14 4 1 1 8 2 7 1 2 3 1 1 2 2 2 1 2 1 2 3 6 2 3 5 5 1 1 58 4 3 4 1 2 1 8 1 1 3 1 1 1 1 8 2 3 2 11 1 1 1 1 3 9 1 3 52 2 4 4 4 1 3 9 6 1 3 1 1 3 3 2 1 3 1 3 4 5 2 2 1 2 3 2 10 291 2 2 1 3 1 1 7 7 5 2 3 2 93 2 1 1 3 17 1 3 1 2 4 3 2 3 2 4 4 3 1 4 6 3 1 5 6 1 4 3 2 7 50 3 4 1 1 2 25 2 1 2 10 1 11 2 3 1 1 3 4 2 2 2 5 2 1 2 4 8 1 4 4 4 1 1 2 1 10 2 1 7 5 4 3 2 2 4 1 1 17 5 1 3 31
1 2 1 1 1 4 2 4 2 3 1 1 4 3 6 3 2 27 3 9 1 1 2 53 1 3 1 15 4 162 3 8 2 7 2 2 27 2 1 2 3 1 2 2 1 2 25 1 45 3 14 1 1 7 1 2 2 1 2 2 1 1 1 2 1 1 3 3 3 5 1 2 3 2 4 1 18 3 3 6 1 5 9 2 3 1 1 1 4 4 8 1 1 1 2 2 5 13 3 1 2 2 3 2 1 3 1 3 2 3 5 5 1 1 2 10 1 5 1 7 7 1 4 4 3 2 2 10 2 1 1 1 2 2 114 288 9 11 2 3 7 17 2 2 3 21 3 1 1 5 3 29 21 2 2 8 2 2 4 2 1 1 5 1 1 1 33 1 1 2 1 4 11 22 2 3 9 3 2 4 1 2 3 4 4 4 1 2 1 2 2 1 7 10 1 3 4 2 44 1
8 1 1 3 2 1 1 1 6 2 1 1 1 1 1 2 31 6 2 1 1 1 2 1 2 1 3 1 1 2 2 2 1 1 2 4 6 2 4 12 4 1 1 3 2 2 2 1 1 1 2 1 2 1 2 1 2 2 1 1 1 1 12 22 13 2 1 3 2 5 1 1 1 1 3 14 8 2 12 3 2 1 1 3 1 3 1 3 1 1 2 3 1 30 3 2 1 1 5 2 2 1 19 3 15 1 2 1 3 1 3 5 2 27 6 19 1 1 1 2 1 1 3 65 1 1 1 4 3 1 2 1 1 3 61 3 2 3 98 3 1 1 3 3 3 9 1 2 2 5 1 20 3 1 1 4 2 1 1 1 1 1 2 1 2 2 6 2 5 7 2 1 1 1 4 1 8 1 10 1 382 4 317 2 1 2 2 2 32 2 5 6 7 2 18 1 57 1 3 6
5 1 1 1 5 51 3 3 24 1 3 2 1 1 4 9 100 2 2 1 5 3 1 4 1 2 2 2 1 7 1 1 2 2 5 3 1 1 1 4 1 1 1 1 2 2 2 8 1 7 3 2 2 8 40 1 2 4 12 7 4 54 12 1 1 1 1 6 2 1 2 1 2 3 4 4 72 6 48 1 1 4 11 3 73 2 2 2 12 2 1 16 1 2 2 3 28 1 1 4 14 1 2 19 1 2 1 3 3 2 2 54 1 26 414 1 2 4 4 1 3 2 58 1 2 1 4 1 1 7 10 3 1 3 2 2 3 1 4 1 4 2 3 53 22 1 1 1 1 1 3 2 6 8 87 1 2 1 98 1 5 2 1 3 2 2 7 3 1 1 4 2 26 6 1 1 1 2 2 1 4 19 1 2 61 1 1 4 2 3 2 4 2 6 2 2 3 1 2 4
2 2 6 1 10 1 3 1 4 3 6 1 1 18 1 25 1 2 3 7 1 1 5 16 3 1 2 2 1 1 10 2 31 3 6 2 3 2 1 5 62 6 3 18 1 17 5 2 1 4 3 1 1 3 1 3 10 1 1 2 2 3 13 6 2 1 2 1 4 1 1 4 1 9 3 12 1 6 1 1 2 10 2 2 2 2 3 6 1 5 3 60 4 1 5 4 1 33 1 2 6 2 3 2 1 1 1 3 8 2 3 1 1 1 68 79 1 2 3 44 3 1 5 2 3 30 1 11 2 4 2 2 4 2 3 1 3 4 11 4 2 2 1 2 1 1 1 9 6 2 1 3 1 12 9 4 1 1 2 5 3 2 2 22 1 2 1 1 6 3 8 2 2 1 1 2 1 1 8 1 1 2 2 4 1 3 1 1 2 1 1 1 2 2 1 12 9 1 1 9
5 8 1 2 9 2 1 1 6 1 3 6 3 1 2 2 1 1 2 1 29 1 1 7 2 5 1 5 1 2 1 4 1 2 3 11 4 1 3 2 1 3 2 1 3 1 3 2 2 1 1 1 1 1 2 1 3 2 1 35 1 2 2 1 2 2 3 1 2 1 224 2 10 4 2 1 5 4 1 6 2 1 1 1 2 7 1 4 1 4 2 2 4 1 1 1 3 2 14 25 91 3 1 21 2 1 2 3 7 2 1 1 11 2 2 13 1 1 2 2 2 3 1 2 1 1 3 1 11 4 2 31 2 1 1 1 39 2 15 3 1 1 1 5 16 4 2 2 1 1 8 24 2 2 3 3 13 1 1 2 342 6 5 2 1 1 2 4 1 2 5 2 1 2 3 1 1 4 2 1 1 5 3 4 1 2 1 1 2 2 1 4 11 2 3 8 3 1 1 1
1 3 2 1 2 6 1 5 21 1 1 3 1 1 56 2 2 2 1 3 3 1 1 1 2 6 1 1 15 1 1 1 1 26 2 79 1 1 2 3 3 4 4 2 4 8 4 2 2 2 4 1 2 2 1 2 14 5 1 7 2 2 181 4 1 9 5 1 1 1 2 1 2 1 1 3 4 2 1 2 1 2 4 2 4 5 1 1 1 1 1 2 8 3 3 1 1 2 2 3 1 1 2 1 73 2 2 64 4 10 3 20 4 3 1 8 2 1 2 1 1 4 2 1 2 1 5 1 5 1 3 7 3 2 2 3 1 3 3 5 1 1 2 1 19 2 2 4 1 10 2 3 1 1 1 1 2 1 2 145 6 90 1 1 1 1 3 5 14 1 1 5 1 5 3 1 7 5 2 129 2 4 1 1 3 1 120 1 5 4 2 1 1 9 2 5 1 2 85 3
6 1 65 5 1 3 1 5 2 1 1 1 6 2 2 1 1 3 2 1 1 1 2 4 26 2 3 3 1 1 2 11 2 13 5 1 1 1 6 2 3 1 89 2 2 35 3 3 2 8 3 1 12 2 11 1 2 8 17 5 48 3 1 1 1 1 1 1 2 2 5 2 2 2 1 5 1 1 1 1 1 1 2 4 2 2 1 2 3 3 6 7 2 8 2 2 3 1 1 2 5 2 1 1 7 1 2 3 1 2 12 2 1 103 11 1 1 2 2 4 2 5 2 4 1 6 10 2 2 1 3 9 14 2 4 1 4 5 11 2 1 2 1 1 2 3 3 1 1 3 1 41 2 2 40 4 23 2 2 12 46 1 2 2 3 5 2 4 9 1 2 2 11 1 2 5 1 3 1 2 1 3 2 37 3 1 1 2 4 4 8 3 2 1 1 3 2 3 4 1
2 2 1 2 18 1 16 7 2 2 11 2 3 1 2 1 3 2 1 3 31 1 1 1 7 2 1 15 4 7 1 17 2 1 4 1 3 2 6 13 18 2 3 1 1 3 5 5 1 1 22 3 3 1 1 1 3 4 1 1 8 1 2 2 12 3 6 2 13 2 2 2 2 2 2 2 3 2 6 1 1 3 2 1 1 1 1 1 23 1 2 4 1 1 3 1 1 2 5 2 2 2 7 1 9 1 6 1 3 1 5 17 2 6 2 1 1 1 3 1 7 2 1 1 1 2 2 8 17 1 2 1 1 3 3 3 1 4 1 5 4 2 4 1 2 4 2 1 7 1 2 1 1 1 1 2 2 15 25 1 2 5 1 9 3 2 13 1 3 2 1 1 1 4 3 4 7 6 1 63 3 2 15 2 3 5 3 7 2 3 2 2 18 4 1 2 1 2 1 1
4 1 2 3 1 4 3 6 2 169 4 1 3 60 1 4 1 2 2 1 1 2 1 4 2 1 1 20 1 2 2 7 2 4 2 17 2 1 1 6 2 3 5 2 1 1 3 6 1 2 100 3 28 1 16 2 1 2 2 6 1 2 2 18 2 1 9 1 4 1 11 5 1 2 4 2 3 23 11 3 2 2 1 1 5 2 1 6 1 8 4 1 8 2 1 485 2 1 3 2 9 1 2 1 1 2 3 3 1 2 10 1 1 2 2 1 3 2 4 2 4 1 1 2 2 1 8 4 2 1 1 39 3 2 2 4 3 4 1 1 7 1 1 1 11 3 34 1 1 1 2 1 2 2 1 1 8 3 19 1 5 1 3 2 8 4 9 1 1 2 3 3 5 10 1 4 2 3 8 1 3 1 3 1 5 1 7 1 2 3 1 9 1 1 6 6 1 2 3 3
3 2 13 1 4 2 2 1 2 1 2 2 1 1 4 11 1 2 12 1 2 7 4 1 2 6 1 2 2 1 6 4 2 15 1 2 1 8 1 11 3 3 2 2 2 6 5 2 2 2 1 3 4 3 3 1 1 2 1 1 1 2 2 1 1 1 2 2 3 3 2 1 2 1 1 8 1 1 73 31 1 1 1 4 6 1 8 1 5 2 1 2 16 3 2 1 11 2 1 2 1 5 1 6 2 1 14 1 3 2 1 2 1 1 2 2 1 2 3 2 3 2 4 5 2 2 7 14 1 63 10 1 3 1 3 2 4 1 17 33 11 1 1 1 4 3 2 25 2 1 2 1 1 3 1 1 2 6 1 2 1 1 3 2 1 12 2 2 4 1 1 2 1 1 1 5 2 4 3 1 1 2 1 6 2 2 2 1 1 11 2 4 1 1 2 1 2 3 2 1
2 3 1 6 1 2 1 5 6 1 3 1 2 1 2 7 1 6 2 2 1 3 5 1 6 8 2 1 4 15 5 1 1 1 5 2 1 3 3 2 1 2 1 2 4 3 8 25 2 1 2 2 3 3 1 2 4 1 5 10 3 2 1 2 2 2 2 15 4 1 11 2 21 1 2 2 1 1 1 2 2 1 1 4 1 1 9 1 3 2 8 5 1 2 2 1 4 2 1 7 1 2 2 1 2 1 1 3 2 4 1 1 1 2 47 2 1 1 1 1 1 2 9 2 1 1 2 1 88 1 7 3 13 4 8 2 1 4 1 5 4 1 30 2 11 2 2 1 2 1 2 1 2 1 1 4 2 1 7 2 1 3 1 3 1 2 2 3 14 2 2 1 3 18 1 2 9 2 1 2 1 2 3 4 1 8 4 2 2 1 2 4 5 1 2 1 21 3 1 5
7 1 1 1 4 1 2 1 114 73 1 9 49 4 19 2 44 40 1 16 2 3 15 8 34 2 8 5 7 1 2 110 2 1 1 4 1 2 1 1 2 9 1 2 2 1 1 1 4 2 4 10 3 1 61 2 2 5 1 1 2 1 2 1 16 95 1 7 3 2 3 1 2 1 26 1 2 2 1 2 5 1 3 8 1 3 5 2 3 1 1 1 2 1 1 2 2 4 1 5 6 6 1 1 7 1 2 5 3 2 14 3 2 7 1 7 7 1 1 5 2 4 9 3 1 4 2 2 2 1 8 8 2 1 18 1 2 1 2 2 18 1 2 1 1 1 2 2 7 1 1 4 1 2 1 1 1 1 4 1 1 5 4 3 3 2 1 2 2 6 2 58 1 4 1 1 7 4 3 1 2 5 1 1 2 5 1 2 1 2 2 1 1 44 2 7 3 50 2 1
4 2 7 2 1 3 2 22 3 1 1 1 2 6 1 2 15 3 6 1 2 1 1 1 5 6 1 13 42 2 1 12 1 1 1 4 16 1 4 1 4 3 3 2 7 3 1 3 1 3 4 20 1 1 1 4 3 4 1 1 3 2 1 58 1 10 49 1 3 6 1 63 1 2 1 1 2 3 4 1 3 4 1 1 2 1 5 1 8 2 7 2 3 2 1 1 2 2 2 3 1 6 2 2 1 5 1 2 1 1 1 5 2 1 2 1 1 2 46 4 2 4 5 23 3 1 1 2 2 1 1 7 8 2 2 30 2 3 2 3 7 1 8 1 1 2 1 7 1 1 2 3 1 1 1 1 15 1 23 4 1 3 1 7 10 1 1 3 2 3 1 22 1 2 4 2 1 2 4 6 1 2 5 1 1 1 1 2 1 1 1 34 3 2 2 1 1 13 3 1
3 21 5 3 2 10 1 1 1 4 2 4 2 3 1 3 15 1 8 2 2 67 5 1 39 19 36 1 2 2 1 2 41 1 1 1 3 3 2 1 2 18 1 1 1 3 3 2 1 2 1 1 3 19 13 1 3 2 4 1 1 2 5 3 8 1 1 4 3 6 1 3 1 3 3 4 1 5 13 2 2 1 2 16 1 2 2 3 6 2 2 4 2 2 3 1 4 2 1 373 1 2 7 6 1 2 11 3 2 1 4 1 15 2 1 3 28 4 10 9 4 9 1 10 3 27 31 2 2 1 3 3 2 2 1 1 167 2 3 1 5 1 1 1 1 1 1 5 2 6 2 2 1 1 1 2 2 4 1 2 3 1 1 30 1 2 1 9 1 25 5 2 6 1 1 6 2 216 1 3 1 2 1 2 6 3 2 3 8 11 1 7 1 2 1 33 1 8 2 2
5 1 1 3 10 1 3 8 1 2 4 1 2 1 1 2 2 2 1 1 2 1 12 1 2 12 2 1 1 2 4 2 1 2 6 1 7 2 2 19 1 4 2 3 1 1 1 2 1 1 2 1 8 4 12 10 1 1 12 1 1 1 1 3 25 1 2 2 3 1 9 5 54 9 2 1 3 3 1 13 1 1 2 6 3 10 4 9 2 2 2 6 2 2 10 16 2 1 5 1 16 2 2 30 2 1 2 3 1 2 3 38 8 2 5 23 5 4 2 1 7 2 1 1 2 3 2 7 5 3 12 7 2 2 12 11 3 2 2 1 1 2 2 55 4 1 1 2 1 1 1 2 6 1 1 1 1 1 2 8 19 1 1 1 1 4 4 1 7 4 11 1 1 1 2 1 1 2 1 1 2 3 2 127 2 65 2 3 2 2 1 4 1 19 2 1 50 6 1 1
1 5 1 1 3 2 1 19 1 3 1 1 2 3 1 2 1 3 1 2 1 1 3 2 2 3 3 1 3 1 1 2 2 1 3 1 69 1 6 1 3 2 2 2 1 2 1 1 1 3 4 2 4 2 2 1 2 5 3 3 3 2 1 1 2 1 14 2 77 2 3 2 2 1 9 3 24 5 2 2 5 9 2 7 2 1 6 1 1 2 6 1 1 254 6 1 4 1 2 1 2 2 8 10 1 146 5 3 27 2 2 1 2 2 2 65 5 1 2 3 1 1 2 2 2 1 1 2 3 15 3 1 16 4 2 3 2 1 7 11 2 3 2 5 1 1 18 12 2 1 1 1 5 2 2 2 29 3 3 9 1 2 2 129 1 3 2 1 1 13 1 2 3 1 1 9 2 3 1 2 2 2 2 1 6 1 4 4 2 1 2 1 1 2 1 3 1 1 1 1
6 5 6 2 4 6 1 2 2 1 1 1 2 3 2 2 8 1 1 1 6 1 3 1 1 2 1 61 2 381 2 2 2 1 4 2 6 1 3 1 2 1 5 1 1 6 1 5 2 2 2 1 27 1 2 1 3 6 11 2 1 1 5 4 5 2 2 1 11 1 1 2 1 9 1 1 1 2 10 1 1 2 3 3 2 5 2 1 2 2 1 1 1 1 1 2 4 4 19 1 3 2 3 2 3 1 3 2 1 1 3 14 25 1 2 2 1 3 2 3 2 2 1 3 1 10 1 2 1 1 2 6 1 2 2 156 1 1 3 3 2 2 2 1 1 1 2 1 1 5 2 5 2 1 7 1 2 2 3 36 1 1 6 4 2 3 2 4 3 6 1 2 1 2 5 1 2 6 6 10 2 3 1 2 1 1 1 3 1 1 5 2 4 2 2 3 2 6 2 32
3 1 2 3 4 2 1 3 1 3 20 2 8 5 4 2 3 4 2 1 1 2 1 2 2 3 1 8 2 3 1 2 1 1 1 1 5 1 1 1 2 1 3 5 4 1 4 2 2 2 9 26 3 9 2 1 1 5 1 5 5 5 2 1 2 1 1 33 2 7 16 1 1 1 2 3 5 1 2 3 1 3 1 1 1 6 1 11 4 1 1 8 1 9 5 2 1 1 1 2 13 1 2 1 1 2 2 2 2 6 2 2 3 1 4 4 2 5 2 8 3 2 10 2 1 1 3 1 4 5 5 1 2 3 2 2 1 1 1 4 3 2 3 2 3 3 1 1 2 15 1 1 3 1 1 1 4 14 1 3 1 6 3 1 20 25 3 4 279 3 1 2 4 5 2 3 9 2 5 3 8 9 2 355 3 1 1 2 1 4 1 3 1 1 5 2 3 1 42 1
4 2 2 9 3 1 1 1 15 2 6 4 2 1 4 2 1 1 2 8 1 13 1 2 4 1 2 1 3 2 1 3 1 6 13 2 9 6 2 1 4 1 1 2 1 6 1 3 3 1 5 15 1 3 2 5 12 1 2 2 4 1 3 1 2 2 17 1 3 1 3 6 1 1 2 3 2 1 2 4 2 1 1 1 2 2 2 1 2 2 2 1 18 2 5 2 1 123 2 4 1 43 3 1 6 50 4 1 2 3 1 1 2 5 9 1 1 1 18 4 1 2 1 34 1 1 2 2 2 13 25 4 1 9 1 11 5 46 8 4 3 5 1 9 1 2 3 2 1 2 1 2 1 7 3 1 10 2 1 1 1 1 1 1 1 4 4 1 2 7 2 1 5 2 5 13 1 3 2 1 1 4 2 2 2 1 2 17 4 9 2 1 1 1 2 3 2 2 19 7
2 4 1 2 2 1 5 1 1 1 66 2 2 2 1 1 1 3 3 8 2 4 1 3 2 4 2 1 3 1 1 3 1 1 2 3 1 2 2 1 4 1 1 2 1 2 2 143 1 1 2 2 48 1 1 5 1 1 66 3 3 2 1 1 1 2 8 1 1 3 4 2 5 25 5 3 1 2 3 15 29 3 1 1 1 3 1 3 2 4 2 11 8 2 3 1 11 8 5 5 1 1 1 1 7 1 2 1 1 1 11 3 2 1 16 1 5 2 2 2 1 3 6 3 2 3 3 8 6 2 1 26 1 2 1 2 1 1 1 3 1 1 1 4 2 1 1 8 1 13 6 2 1 76 1 2 2 3 2 6 2 15 1 9 1 143 1 2 2 3 6 10 1 2 51 25 19 5 2 2 1 31 2 1 2 213 1 1 3 6 2 3 17 3 3 4 2 9 1 2
3 2 5 1 1 23 1 2 1 2 4 5 1 1 7 1 3 1 2 9 1 5 25 3 2 6 11 4 3 1 269 20 2 1 11 3 4 2 11 1 1 10 1 3 2 1 3 1 3 5 232 3 5 1 1 1 22 1 1 2 3 1 2 5 5 3 2 1 2 3 72 10 1 5 1 1 2 2 1 1 1 2 1 1 2 10 1 1 1 1 2 5 1 1 2 2 1 3 1 6 8 1 14 4 3 2 1 2 1 1 1 3 1 6 1 1 1 12 11 2 3 1 1 3 1 15 3 2 1 18 3 3 7 10 2 1 1 20 1 1 5 4 2 10 7 2 2 1 1 3 1 9 3 1 2 2 2 1 1 5 2 1 3 3 1 2 3 1 2 3 1 20 5 1 1 1 1 14 1 1 1 11 2 2 5 1 2 5 60 4 21 6 3 1 1 1 1 1 4 5
2 4 1 2 2 1 1 3 2 3 4 7 2 1 2 1 1 17 2 3 1 3 3 1 1 1 1 2 2 5 1 2 1 2 34 2 5 2 1 2 7 3 3 15 3 3 1 2 1 6 1 4 1 6 4 20 1 3 2 4 6 1 1 1 2 2 1 5 1 30 13 2 5 1 2 3 2 1 3 4 3 1 21 2 1 2 1 5 1 2 1 4 1 4 17 3 74 1 2 1 2 2 1 11 2 4 2 2 14 3 1 1 2 4 3 1 2 2 1 3 2 2 1 3 9 2 2 8 2 2 2 1 2 1 40 1 1 3 32 8 1 3 2 2 2 2 2 2 3 2 498 8 2 1 1 1 18 1 2 2 1 17 1 1 2 4 3 1 1 12 1 1 1 2 4 2 2 2 1 3 4 31 41 1 2 2 7 8 1 2 2 6 6 1 1 1 1 5 54 6
2 2 3 1 1 1 1 1 3 2 3 2 1 1 3 10 1 1 2 2 2 30 1 1 3 1 1 3 1 1 1 2 1 3 4 1 1 1 1 12 3 1 5 1 1 2 9 8 2 14 2 3 3 3 2 12 2 1 5 2 2 2 1 4 6 1 2 1 1 2 1 6 2 1 2 1 1 3 1 2 3 1 3 11 12 2 1 3 3 1 2 1 3 2 2 1 4 4 2 1 2 5 2 1 3 2 2 3 2 1 10 4 143 5 1 9 4 2 2 3 8 1 1 2 1 7 35 4 1 10 2 2 2 2 2 2 2 1 2 1 2 4 4 132 1 40 3 2 4 2 5 1 2 1 6 3 3 5 1 7 125 3 1 8 1 1 1 5 4 20 1 1 1 2 7 2 1 1 1 6 1 1 13 4 1 2 1 6 2 2 2 1 244 2 2 1 1 1 5 4
7 2 5 2 2 1 1 3 2 1 2 16 4 3 4 2 2 2 5 1 4 4 1 1 2 3 1 1 3 1 32 2 1 1 1 42 2 1 1 2 2 128 1 1 1 1 1 1 1 2 4 3 2 3 1 1 6 14 2 1 1 19 2 2 2 34 1 1 128 1 8 2 7 9 4 2 1 2 7 7 1 1 2 5 1 2 8 2 2 1 2 4 2 1 2 1 1 3 5 6 1 1 1 2 1 5 52 4 1 5 3 12 5 2 241 7 2 2 9 1 2 3 10 1 31 2 2 4 1 1 2 34 1 1 15 4 2 3 1 1 6 3 4 1 1 1 199 2 4 1 2 1 6 1 1 3 3 7 1 3 3 2 1 4 11 2 1 5 20 5 7 9 3 4 1 8 5 3 1 2 2 9 2 1 3 129 1 3 1 1 2 5 26 2 4 2 2 2 2 1
2 2 3 3 2 1 1 55 1 2 2 4 5 3 2 10 4 1 4 1 1 2 3 1 2 2 11 8 1 3 2 1 2 2 4 3 7 1 1 9 1 1 10 1 8 1 4 5 2 1 3 2 1 4 2 6 1 2 1 1 1 1 2 1 2 1 1 2 1 1 26 2 1 2 4 1 1 1 1 6 1 2 1 2 1 1 4 157 2 5 1 5 2 12 13 3 4 14 15 33 1 2 1 1 8 1 3 1 4 33 1 3 1 7 3 11 54 1 2 3 2 3 2 2 3 2 1 1 2 2 6 10 3 1 1 2 2 3 1 2 1 3 2 2 2 2 2 2 2 1 7 3 1 2 2 74 1 14 1 2 1 3 2 1 2 2 1 2 2 20 2 4 3 2 2 3 4 3 1 2 9 1 2 2 1 2 1 7 1 1 2 2 2 3 1 30 2 1 4 2
2 8 1 8 2 1 24 1 1 2 1 4 6 4 6 3 3 6 1 2 4 1 2 1 1 3 3 28 3 3 2 4 2 9 1 5 4 3 2 1 1 4 2 3 4 2 2 4 7 9 1 17 2 18 22 14 2 3 2 8 1 23 10 6 3 2 4 1 2 3 2 23 7 2 1 2 81 1 2 2 2 1 2 2 4 1 3 31 2 1 4 1 2 2 1 2 2 18 1 10 1 3 1 1 3 20 1 2 4 8 2 2 2 2 2 3 12 1 2 15 2 1 1 1 2 27 12 2 2 1 3 5 2 2 2 2 9 4 14 1 2 3 1 1 2 1 52 6 2 46 1 1 1 2 2 3 2 1 2 2 3 2 2 2 1 52 1 2 2 2 8 16 2 2 1 2 7 1 1 1 9 1 3 2 1 2 14 1 3 1 2 2 2 3 3 4 1 8 4 2
6 1 8 1 2 2 3 2 1 11 8 2 1 3 6 11 38 3 3 2 2 3 2 2 3 1 3 1 2 3 1 1 5 1 2 11 1 1 2 14 1 1 9 11 1 2 1 3 1 3 2 4 2 1 1 1 1 2 2 4 2 3 1 1 2 1 4 1 3 2 2 3 3 1 1 6 1 3 3 4 3 252 1 9 1 2 4 1 2 8 3 1 2 2 2 2 8 1 1 1 2 3 2 6 1 2 37 2 7 1 3 2 2 1 25 2 6 2 2 1 6 4 2 2 5 2 2 2 4 2 3 1 2 1 2 2 13 7 1 2 1 9 1 4 1 2 3 20 2 1 6 10 18 1 16 2 21 1 2 3 7 1 3 498 1 1 6 3 2 1 2 2 3 1 61 20 1 1 1 16 2 2 6 5 2 2 71 3 1 14 6 3 1 24 3 2 4 1 3 4
1 12 5 1 1 31 2 1 2 4 2 4 2 1 1 2 2 1 2 1 2 2 4 1 1 4 1 2 3 1 14 18 2 1 33 4 3 2 3 1 2 2 21 1 1 2 1 7 2 3 1 2 6 4 2 1 1 1 2 7 2 2 13 1 3 2 1 1 2 14 3 1 2 1 1 3 2 11 1 2 2 2 1 1 1 1 2 2 1 2 3 10 2 3 1 4 3 2 2 5 5 1 1 2 1 1 3 1 5 2 2 1 14 2 3 1 1 1 1 1 3 2 2 2 5 2 1 4 1 3 1 2 2 2 1 2 3 3 1 1 4 2 13 12 1 4 6 5 4 1 4 1 2 2 12 3 2 2 1 1 4 6 1 2 3 4 2 1 4 1 51 1 3 1 6 34 5 2 1 1 1 3 1 7 1 9 2 5 1 3 2 4 1 1 1 4 2 5 1 2
95 9 3 5 1 2 1 5 1 4 2 4 1 1 1 2 7 2 3 13 2 1 3 4 12 3 1 1 2 7 1 3 2 1 1 2 2 5 2 2 2 1 2 1 4 2 2 8 1 2 6 1 3 1 5 4 31 1 1 2 1 3 2 3 3 3 2 2 2 4 2 49 1 2 13 2 1 3 1 2 7 1 1 22 1 496 13 2 6 20 1 4 1 2 4 2 1 1 3 1 2 7 1 1 2 1 14 2 1 1 2 1 1 20 2 2 1 2 13 1 1 1 7 3 2 1 1 2 4 1 1 1 1 5 2 1 1 37 1 1 1 1 8 2 1 4 3 2 1 2 4 33 6 2 1 1 1 1 1 1 1 20 20 8 2 2 9 3 103 1 3 1 1 6 8 2 11 5 2 1 2 1 2 2 2 2 13 1 10 2 1 2 1 319 1 1 3 1 2 1
2 3 1 1 2 15 1 2 4 2 2 1 1 2 1 1 5 2 4 4 1 3 64 2 1 20 74 3 1 1 4 2 3 1 1 2 1 2 1 28 3 3 1 1 1 3 14 1 1 1 2 3 1 1 2 2 21 3 2 1 3 2 9 1 6 3 2 2 1 1 3 2 2 2 2 1 1 3 1 2 2 8 2 2 1 1 2 1 2 1 2 8 1 1 2 11 1 4 1 2 4 2 1 1 2 1 2 2 1 3 2 4 3 1 5 2 154 2 3 5 1 3 1 4 4 3 5 2 8 2 1 3 1 2 2 4 4 2 1 3 6 4 2 46 1 2 1 3 26 1 1 2 1 2 2 1 3 1 2 2 1 3 6 2 3 1 1 2 2 26 8 30 21 3 27 1 3 1 12 1 1 3 2 2 8 2 2 2 1 3 3 1 4 4 3 10 1 1 5 1
25 3 1 1 3 2 1 1 4 3 1 4 6 1 2 2 2 2 4 1 11 2 1 6 3 2 5 3 2 2 1 1 1 1 2 1 2 2 2 2 2 2 1 2 1 2 3 2 3 3 2 1 1 2 1 1 3 118 5 8 2 2 1 1 2 1 3 2 2 2 2 1 35 1 1 2 1 16 5 3 1 10 4 1 70 2 2 2 1 3 2 1 3 9 1 7 4 1 9 3 25 1 1 3 2 1 2 1 1 6 3 2 2 5 4 1 1 6 2 6 4 2 1 8 8 1 1 4 1 1 5 1 3 1 3 2 2 47 2 1 2 2 1 3 8 2 2 7 3 3 13 1 1 4 4 10 2 2 4 3 1 1 2 1 4 3 13 3 1 3 61 2 5 1 2 2 4 3 1 2 3 1 13 13 5 1 2 1 5 2 2 43 3 1 2 1 1 3 2 1
13 1 2 1 1 1 4 1 40 1 1 1 1 2 2 2 7 2 2 2 3 1 1 1 6 1 2 5 2 1 2 2 2 14 2 2 1 1 1 3 1 1 1 1 1 3 3 3 2 6 5 1 4 1 2 1 9 1 1 1 3 2 35 5 1 32 1 3 1 3 7 1 2 1 2 2 2 11 1 1 10 5 2 1 2 2 2 8 3 4 2 2 2 14 9 2 8 1 2 1 1 7 2 1 2 5 9 3 1 2 1 5 2 7 1 31 2 1 6 2 2 2 5 18 11 3 2 1 1 1 2 1 1 8 2 8 1 2 2 3 10 3 5 1 1 6 1 1 3 2 1 14 2 1 3 1 1 1 2 18 1 1 2 2 41 2 4 1 3 1 3 2 9 1 14 2 2 7 2 1 6 5 2 13 10 1 28 4 6 6 6 2 1 2 1 1 23 1 1 3
11 6 1 8 2 2 1 3 2 3 13 2 1 1 1 7 3 2 2 2 1 1 2 1 3 2 2 6 6 3 2 4 2 2 1 1 3 5 1 2 4 6 9 11 1 2 2 1 1 1 10 1 1 2 3 1 2 7 5 2 1 3 1 1 2 12 2 9 3 7 3 14 4 1 2 8 3 2 2 1 2 2 3 3 2 2 2 1 1 1 2 7 1 1 5 8 1 13 1 1 2 2 1 2 1 1 82 2 1 8 2 1 2 34 1 9 2 2 1 1 2 1 1 6 5 1 2 1 1 12 9 10 5 9 1 1 4 1 10 3 14 14 1 1 20 1 1 1 1 1 2 1 3 2 2 8 33 1 5 17 4 2 1 4 1 2 6 1 1 15 1 1 66 4 2 3 1 3 1 1 11 2 3 1 2 21 5 16 19 2 3 1 3 1 2 2 3 1 6 2
2 1 1 34 10 1 11 2 2 1 7 1 2 1 1 1 9 2 8 1 101 4 3 2 2 4 1 22 1 2 2 8 18 1 3 2 4 1 5 17 5 74 2 5 1 1 1 1 14 6 1 1 1 4 1 13 1 1 51 2 1 2 15 1 2 1 5 2 1 2 2 2 3 9 3 2 8 1 7 2 1 2 8 4 16 13 1 3 3 4 67 8 1 15 1 2 2 1 3 14 2 2 2 3 5 1 2 14 9 2 2 3 1 8 1 2 1 1 14 9 1 1 1 4 1 11 2 4 2 2 3 2 3 4 1 4 3 3 3 1 2 2 9 4 145 3 1 1 1 1 2 1 2 2 25 1 19 2 5 2 1 3 1 4 11 2 1 2 3 1 2 1 2 1 18 3 6 2 20 1 2 2 2 1 2 1 3 1 1 14 2 1 1 3 3 3 1 1 4 4
7 1 3 34 2 15 1 3 3 1 5 3 1 4 20 3 2 2 5 8 2 1 2 1 2 10 4 2 1 2 1 2 2 3 3 3 2 9 1 2 1 1 3 2 7 1 3 2 1 1 2 5 1 3 3 2 2 2 1 2 5 1 1 1 9 1 3 1 2 1 1 1 27 4 3 1 2 2 3 4 2 1 1 1 4 1 5 2 4 2 2 2 1 2 1 2 1 2 6 3 26 6 1 24 2 2 1 3 1 5 1 1 3 5 2 1 2 3 4 3 3 1 1 1 2 1 9 2 1 1 1 1 1 1 1 2 3 1 1 3 3 2 7 1 3 5 2 123 2 2 3 6 1 16 2 3 3 6 5 2 2 1 2 3 7 1 4 6 3 1 1 1 10 2 1 2 4 1 10 11 2 2 2 2 3 5 1 45 1 24 4 130 2 52 1 3 1 3 3 3
1 3 1 4 1 2 2 2 1 2 3 1 2 1 1 1 1 4 7 15 1 2 2 1 2 2 2 1 12 1 7 1 1 1 2 2 2 2 87 1 2 27 57 5 2 10 1 1 1 3 6 2 1 6 2 1 2 1 1 2 6 1 1 2 1 11 2 2 2 5 8 1 2 1 3 2 6 4 2 2 3 3 1 6 8 1 2 3 1 60 4 2 2 3 10 17 3 2 1 28 6 3 2 2 1 1 1 1 2 3 5 2 2 2 4 2 3 7 4 46 11 2 5 3 1 2 2 11 2 3 3 2 1 36 1 9 1 1 1 24 1 2 1 1 1 142 1 3 1 1 3 4 2 3 1 2 2 1 3 2 1 2 2 1 3 2 1 6 9 1 23 1 4 1 1 4 1 1 6 3 1 8 1 1 4 1 1 3 3 1 1 4 1 4 1 3 1 6 2 1
6 2 2 4 8 12 11 2 3 1 140 1 1 2 283 2 2 2 2 1 2 3 3 2 2 8 2 2 1 3 2 48 8 47 1 5 4 2 1 1 10 2 3 2 7 1 2 1 1 3 1 11 2 2 1 2 2 2 1 1 4 58 12 2 3 2 2 3 2 1 1 2 1 2 7 1 1 2 37 2 1 1 2 3 1 1 1 1 2 117 3 2 1 3 2 1 1 2 2 3 3 1 1 2 1 3 1 19 4 1 4 6 4 1 3 6 1 9 1 2 1 3 1 1 3 2 1 3 2 4 51 4 365 1 2 29 9 2 2 1 5 1 1 10 2 3 1 3 2 2 4 2 2 5 3 1 5 3 3 2 1 4 36 1 1 2 114 1 2 9 2 4 5 5 1 2 7 2 2 3 1 7 4 10 4 2 10 3 3 3 2 2 24 3 3 2 1 1 2 1
1 3 2 1 34 1 17 10 8 5 1 2 1 1 2 2 2 9 5 1 3 4 2 1 1 54 3 5 1 1 6 1 3 3 2 3 2 2 3 3 9 1 2 3 3 1 3 6 12 2 8 2 4 2 6 2 3 1 2 1 4 1 3 1 2 2 1 1 2 2 4 1 1 1 9 1 1 2 2 4 1 2 2 42 1 4 2 2 1 1 11 38 2 3 1 1 3 3 1 3 2 3 59 1 1 2 2 2 1 2 2 2 1 1 31 1 1 2 2 6 1 17 7 2 2 2 2 2 2 4 18 1 1 3 3 2 2 1 3 1 2 3 2 2 2 2 2 9 3 7 1 1 1 6 111 1 1 5 2 4 2 1 3 23 11 1 1 1 2 4 2 5 1 1 1 1 1 2 13 1 4 3 3 6 2 5 14 1 1 2 5 1 4 12 1 1 3 1 5 10
2 3 4 1 1 20 3 3 2 4 1 1 2 2 46 1 4 68 2 2 1 1 1 7 2 1 1 3 1 3 1 2 2 5 2 2 13 1 9 2 2 1 4 2 3 4 5 2 1 1 3 1 5 2 3 1 4 44 3 1 1 1 68 60 9 2 2 1 1 1 2 2 2 8 1 110 2 2 11 2 3 2 2 4 24 70 11 2 1 2 4 1 1 1 1 1 1 3 4 3 1 1 7 12 1 233 5 5 1 9 2 3 6 2 4 5 3 2 1 2 1 2 1 19 3 1 2 1 1 1 1 3 1 5 2 2 7 5 2 1 7 5 1 2 6 2 10 5 1 2 3 1 2 1 4 7 3 1 61 1 5 1 2 3 7 1 1 1 1 6 1 1 1 2 9 9 129 2 9 6 2 6 1 1 7 1 1 10 1 2 2 1 4 4 4 1 7 11 2 2
1 5 3 1 2 1 2 2 2 2 2 1 1 5 3 1 3 21 3 1 2 8 2 2 3 1 2 2 48 2 9 8 5 7 1 1 1 2 2 1 3 3 7 2 2 1 6 1 1 2 1 4 2 1 4 2 1 2 2 2 2 1 1 7 2 2 12 4 1 217 2 2 17 2 8 1 9 6 5 10 1 5 5 3 1 1 5 2 10 5 5 2 3 2 1 4 1 1 2 1 4 1 3 1 4 7 7 27 1 3 1 4 7 1 6 3 1 19 24 1 9 5 12 4 9 1 2 14 1 59 1 27 2 1 3 2 2 1 1 58 1 21 5 1 11 5 3 1 4 1 1 1 2 2 1 2 33 4 1 3 12 1 6 64 1 2 1 7 2 1 1 2 2 3 2 1 1 2 1 3 1 2 2 1 10 10 248 2 3 9 2 1 232 2 2 8 2 7 2 1
1 4 2 1 2 1 1 5 5 1 2 1 3 2 9 1 12 17 3 2 4 10 1 1 1 2 1 1 2 2 10 3 3 28 3 2 1 2 2 2 2 11 1 4 2 19 2 1 50 2 4 2 1 1 5 2 2 6 10 1 1 4 1 3 5 9 54 5 24 2 4 2 1 3 2 58 2 6 1 7 2 1 1 24 1 3 1 2 1 5 1 2 1 2 2 5 6 1 2 2 1 5 1 1 248 1 17 1 4 2 2 17 1 3 1 4 2 4 2 1 2 5 4 3 1 5 2 1 2 25 1 3 2 1 1 1 12 3 1 58 4 1 4 1 1 3 2 3 2 7 3 9 2 3 71 2 1 2 2 5 1 2 1 2 1 2 2 2 1 2 3 2 5 2 59 3 1 2 2 2 1 4 3 29 2 3 3 3 1 1 7 3 3 6 1 1 2 3 1 54
4 2 2 10 9 19 3 1 2 3 1 1 14 1 2 1 1 1 2 2 4 1 1 5 1 2 1 2 1 2 2 9 4 2 1 1 2 5 363 1 1 2 2 1 4 1 1 1 2 2 1 1 1 4 3 2 4 3 1 1 7 7 2 1 2 2 3 3 1 2 5 6 5 3 2 1 1 3 3 17 3 1 1 2 2 2 3 1 3 9 2 57 4 52 7 1 1 2 1 7 1 3 2 23 1 1 3 1 1 1 3 1 1 2 1 3 3 47 1 2 1 4 5 2 4 4 2 4 2 1 12 1 11 1 1 6 2 399 3 3 3 2 4 1 1 3 1 2 1 1 30 15 1 2 3 1 1 7 1 3 11 3 4 3 37 2 2 1 3 1 2 1 2 4 3 9 6 2 2 3 1 1 2 1 2 1 3 1 10 1 6 2 1 2 4 6 1 2 1 2
1 1 6 1 5 7 2 1 2 2 6 4 3 10 1 1 1 2 1 5 4 3 1 4 5 1 4 1 5 3 4 2 3 2 1 1 2 6 2 12 1 2 2 3 2 2 21 3 2 12 2 2 6 4 1 2 2 1 1 1 1 2 1 1 1 3 1 26 42 1 2 1 1 2 2 9 1 1 1 1 1 11 5 1 9 1 1 2 2 66 2 3 1 1 3 1 1 1 1 2 2 1 1 4 19 1 1 2 5 1 1 7 1 2 2 3 1 11 2 3 4 4 2 2 2 51 2 7 2 1 4 2 3 1 2 3 2 1 1 1 1 1 1 1 4 2 5 1 7 1 4 3 4 1 2 1 5 2 37 10 1 3 1 1 3 1 4 1 1 10 9 66 1 1 1 87 2 1 1 2 1 19 4 4 4 1 4 4 5 10 4 18 2 2 2 1 1 1 2 1
2 2 2 6 2 1 1 4 19 6 5 4 2 2 2 5 2 1 1 4 2 3 4 2 4 1 3 1 1 3 1 1 2 1 9 1 1 2 4 3 3 10 4 4 1 5 11 1 6 4 1 2 20 8 11 1 1 1 2 1 1 3 2 3 4 2 1 1 2 1 39 91 3 7 1 1 1 2 1 4 2 7 10 1 1 2 1 2 1 2 2 1 21 2 1 2 1 1 2 15 12 1 3 2 10 2 2 1 2 1 9 2 2 1 5 1 1 1 1 3 3 2 2 2 9 3 3 1 1 3 1 6 1 2 1 4 1 1 8 5 1 4 3 1 1 18 4 6 1 3 1 1 3 1 1 6 3 2 2 3 3 1 1 2 1 12 2 2 2 1 1 1 2 1 1 2 1 3 5 1 1 27 2 3 1 3 2 3 7 1 8 1 4 1 1 62 4 2 2 4
2 2 1 2 1 2 1 2 1 8 2 17 22 1 8 2 9 2 1 3 1 3 1 1 2 35 1 1 3 1 21 3 2 1 2 2 23 2 3 4 2 2 2 1 2 12 5 15 1 3 7 3 2 38 1 2 4 24 2 1 14 7 1 3 2 2 1 6 4 27 2 1 1 1 4 2 2 12 2 3 3 1 1 7 26 3 39 2 3 2 4 2 3 12 4 4 2 3 6 1 6 2 1 4 3 1 4 1 6 32 9 2 4 13 6 2 6 3 1 2 2 4 4 12 4 3 1 12 3 4 2 1 2 3 1 3 1 2 1 2 8 2 2 1 1 1 2 3 3 1 3 2 22 2 1 1 1 36 1 2 1 10 1 2 1 1 2 7 2 1 4 1 6 11 2 1 2 1 1 1 3 1 2 2 2 1 2 2 1 2 161 5 2 2 2 1 2 1 1 1
14 1 1 1 5 1 1 2 12 1 17 2 3 1 2 4 9 2 2 11 3 3 1 2 1 3 3 8 5 3 13 2 4 3 2 5 1 1 8 1 1 1 1 4 2 2 1 4 2 1 1 4 1 14 10 2 1 2 3 1 4 1 85 2 3 3 1 1 1 1 2 18 2 2 2 9 1 2 4 1 12 2 2 1 3 1 1 3 1 1 4 3 15 1 6 2 1 2 2 3 2 1 1 4 2 2 4 1 2 3 1 3 1 23 2 1 1 7 5 16 1 4 1 2 43 4 2 2 5 2 2 3 2 3 8 1 3 1 3 1 5 2 2 1 7 1 2 48 8 2 3 2 1 1 1 1 1 3 3 11 1 2 3 1 5 91 13 4 1 2 12 1 1 1 2 1 2 1 4 1 1 1 4 8 1 1 2 1 149 2 2 1 2 2 21 2 4 1 2 1
1 2 3 2 1 1 1 1 2 1 2 1 2 6 6 1 2 7 1 1 1 2 246 2 1 1 5 1 1 10 2 1 4 1 3 6 2 17 2 1 1 6 3 10 1 16 1 1 3 48 11 6 2 2 2 9 2 24 1 1 44 1 3 1 1 1 2 14 1 9 1 149 3 2 3 3 2 2 28 1 2 3 18 2 2 2 1 3 2 1 2 1 2 1 2 4 34 5 2 1 1 2 1 3 3 2 2 1 4 2 1 2 10 31 11 1 2 8 2 1 3 3 11 3 1 2 3 2 2 1 2 1 1 4 2 1 3 1 2 15 2 7 2 1 2 2 2 3 2 2 4 4 12 1 134 238 2 1 2 3 4 2 4 4 1 9 1 1 3 1 1 3 1 7 1 49 3 15 1 1 1 2 2 1 1 2 1 1 22 16 2 6 1 3 102 2 2 5 3 12
1 1 3 1 2 2 14 2 1 3 3 1 2 2 6 3 14 5 1 1 1 3 1 3 2 1 1 2 6 4 4 26 22 4 1 1 2 3 3 3 15 23 1 10 1 3 1 5 16 3 121 1 1 1 2 4 2 1 8 2 1 3 36 2 1 4 3 3 5 2 3 5 2 30 4 4 1 3 2 15 1 18 112 6 1 2 2 1 3 16 18 2 1 4 1 8 5 1 4 18 4 2 1 2 1 3 4 1 4 132 1 3 2 2 2 3 6 2 1 4 5 2 4 2 1 4 3 1 7 5 11 2 1 2 1 3 3 21 1 1 1 3 3 2 2 1 1 2 2 1 1 51 5 5 9 12 2 1 1 2 1 4 2 2 1 2 1 1 1 1 2 4 1 2 1 1 2 2 1 1 1 2 4 10 2 4 2 2 2 2 1 1 1 2 1 2 1 71 6 3
1 2 1 3 4 1 14 2 2 2 10 2 5 1 2 1 7 1 4 1 10 2 1 3 2 2 2 1 1 2 3 2 1 5 1 2 1 73 2 1 3 12 2 1 3 4 10 8 2 3 1 1 16 2 2 4 1 11 2 55 2 3 2 1 1 2 18 1 7 1 2 33 1 3 8 3 7 2 2 3 2 2 1 2 3 1 2 1 4 2 5 4 2 2 220 2 1 4 4 2 1 1 1 1 1 3 2 2 2 12 3 9 6 1 2 13 12 6 1 3 2 4 2 1 15 1 1 2 1 2 2 1 1 1 2 1 6 3 1 3 398 2 1 1 2 1 3 1 3 38 1 2 13 1 6 25 1 4 120 5 1 1 1 3 10 21 1 2 4 2 1 1 2 34 2 3 1 1 15 1 2 2 2 2 1 1 1 23 6 2 4 2 2 1 4 1 3 18 1 1
1 1 1 1 1 3 2 3 3 2 2 2 94 2 8 3 3 30 1 3 22 2 1 1 3 1 2 3 56 2 2 10 1 3 2 1 2 1 1 1 4 3 3 1 1 3 12 4 1 3 7 3 14 11 11 1 6 2 2 2 2 2 8 1 15 2 3 5 3 2 2 10 1 3 4 2 1 1 5 6 4 2 61 1 1 1 1 4 4 3 4 1 2 4 1 8 6 2 1 1 1 2 1 2 17 1 1 3 1 1 2 1 1 2 1 1 13 14 1 4 21 1 6 1 3 1 3 2 1 1 1 2 4 1 1 3 1 1 2 3 1 3 2 2 2 3 5 3 3 1 3 4 21 2 3 1 1 7 4 1 2 26 1 1 1 13 5 1 2 7 26 67 16 2 1 2 3 2 1 1 1 50 34 5 1 5 1 1 2 5 5 80 25 2 2 4 1 1 4 3
1 1 1 2 4 2 2 1 2 1 2 6 1 12 1 1 2 3 2 1 2 2 2 2 45 1 1 1 5 1 2 1 1 2 1 1 1 3 4 2 7 4 2 4 2 1 2 42 2 1 4 2 2 1 101 3 1 7 3 1 1 1 2 1 1 2 2 6 1 2 6 2 8 1 6 9 1 2 2 1 17 4 2 2 2 1 2 2 1 18 57 2 1 9 1 77 1 1 2 5 2 1 2 1 1 1 29 1 1 1 3 1 4 3 4 1 3 1 1 1 4 1 3 7 69 2 4 2 2 1 1 1 7 3 1 1 10 2 5 71 2 1 1 2 1 1 1 1 15 3 2 1 1 22 1 1 4 3 4 2 4 5 1 4 8 85 5 2 3 2 1 1 5 5 1 28 1 2 3 9 8 3 1 9 2 1 1 3 1 18 3 2 3 1 8 20 3 2 1 3
1 1 1 2 2 2 1 2 1 1 1 2 1 4 7 2 1 1 1 1 1 1 2 2 3 1 99 1 3 1 3 1 3 1 3 3 3 2 2 3 2 1 1 10 2 2 3 2 3 2 1 1 2 2 7 4 1 1 3 2 1 7 2 2 1 1 1 6 1 26 1 1 3 2 2 3 4 5 1 9 2 34 3 1 3 3 1 3 1 1 3 2 2 6 9 27 2 2 3 2 3 1 10 6 1 1 3 3 3 3 8 2 2 2 1 2 1 8 2 3 9 3 3 3 1 6 9 3 1 6 1 1 52 6 3 1 1 1 1 1 2 3 1 1 1 1 4 2 2 1 2 2 7 1 2 4 4 2 1 2 5 2 4 10 1 2 7 1 2 1 7 2 1 1 1 2 3 1 6 2 1 16 2 2 2 9 1 2 3 1 2 1 3 2 2 2 6 7 2 95
2 9 1 2 1 1 1 1 1 5 9 4 1 2 5 2 2 2 1 3 7 1 5 2 1 2 2 11 2 12 17 12 3 3 2 5 1 1 26 205 1 2 10 12 1 1 2 1 1 10 2 2 1 2 1 1 8 6 19 3 2 37 2 1 1 1 2 1 3 1 3 3 1 2 3 1 2 3 1 4 2 3 12 27 3 2 3 8 1 6 3 1 1 1 1 8 2 1 1 1 1 5 2 6 2 1 24 6 2 2 14 38 1 1 7 2 1 1 37 5 3 2 2 1 3 3 1 1 20 1 3 1 8 2 1 1 1 5 3 3 1 5 104 5 2 5 1 22 12 1 14 3 1 1 10 42 7 2 2 3 1 2 2 1 1 6 6 1 2 3 1 8 2 3 2 2 2 2 1 3 2 59 1 1 1 3 1 1 1 2 2 9 5 5 1 14 1 1 1 1
2 2 4 4 1 1 1 4 1 1 2 1 2 2 2 3 7 1 2 59 2 2 2 2 1 1 5 1 4 1 1 1 3 2 3 1 1 1 11 2 4 4 1 3 2 1 4 1 2 1 1 4 5 15 2 3 1 3 1 1 50 12 1 5 8 1 2 1 9 1 74 1 1 2 8 1 4 70 1 1 8 1 7 1 9 18 1 11 7 1 2 1 2 3 2 6 1 1 12 10 3 3 1 2 1 8 4 4 3 7 2 1 2 5 4 1 1 2 12 2 3 11 7 3 3 1 2 6 3 11 2 1 1 4 1 1 4 4 1 1 4 2 11 2 4 3 1 3 2 22 11 4 2 2 1 35 2 44 3 3 7 3 1 38 6 1 3 4 2 5 1 2 9 1 2 2 1 2 1 2 4 3 2 14 1 1 1 6 2 1 1 1 1 1 2 2 1 19 1 4
5 1 1 2 1 3 3 1 10 265 18 1 3 63 4 38 216 7 1 39 1 5 1 41 1 2 1 2 63 2 2 1 1 2 3 1 1 13 3 1 1 8 4 2 2 1 3 2 33 1 1 2 5 2 5 14 1 2 1 2 2 10 2 10 1 4 24 4 3 9 2 2 17 1 3 1 1 3 2 1 3 3 1 2 4 10 5 1 13 1 1 1 1 1 1 3 2 1 9 1 2 1 33 2 2 2 1 3 119 1 1 1 2 2 4 5 14 3 17 13 2 5 2 1 4 1 5 1 14 5 1 1 2 53 2 1 4 1 4 13 5 1 1 1 5 2 1 11 2 2 3 1 11 3 1 21 4 3 7 35 2 21 16 1 1 1 6 24 3 3 5 315 2 1 6 3 18 1 2 2 2 2 3 13 2 3 3 1 1 4 1 3 1 11 3 3 1 3 2 1
4 1 4 1 3 2 1 1 3 2 1 1 3 2 4 1 1 1 3 2 37 1 6 3 24 12 2 2 2 1 276 2 2 1 2 1 1 1 1 1 2 2 170 4 1 3 2 2 14 2 2 1 2 12 2 2 4 21 4 1 1 4 21 3 5 13 3 2 15 2 1 3 1 3 2 1 3 1 1 26 1 12 1 4 2 2 1 1 7 2 2 2 6 5 2 1 1 27 1 2 1 10 2 1 1 3 3 3 1 2 1 9 3 2 2 4 3 44 2 8 3 1 1 1 3 47 22 2 2 5 3 3 2 2 7 9 2 3 2 2 4 1 2 1 4 2 1 3 4 1 1 6 3 2 2 1 1 4 5 3 8 1 2 1 3 1 2 4 1 1 4 1 6 5 1 1 10 1 1 1 2 1 1 1 5 2 169 2 1 2 1 18 2 3 1 3 1 4 2 1
2 2 1 1 1 5 2 1 2 1 1 27 7 7 2 1 1 1 3 3 1 2 2 4 5 2 1 29 1 2 1 1 22 2 1 153 5 1 33 2 3 15 3 1 2 2 1 9 5 1 2 5 3 3 10 15 6 6 2 3 3 8 21 32 7 1 2 4 13 4 4 1 1 3 1 6 2 1 6 1 3 1 3 1 9 6 8 1 2 8 4 2 2 1 3 1 1 2 2 1 4 1 2 2 1 5 3 2 2 1 5 2 2 2 12 1 12 2 2 1 13 1 3 21 3 2 2 2 2 6 1 7 10 1 3 2 3 4 14 2 1 2 3 2 2 2 84 2 2 2 1 4 3 2 3 1 1 1 1 6 1 13 15 1 3 2 1 234 2 4 1 1 2 2 4 1 3 6 5 1 1 1 1 2 1 4 2 3 1 1 4 1 1 2 14 2 3 2 5 3
1 51 4 2 2 1 2 2 7 3 1 1 2 1 1 1 1 1 2 2 2 2 1 48 1 2 3 1 3 2 10 4 1 1 7 1 4 3 2 1 2 7 1 1 57 5 2 1 3 1 1 4 2 1 2 1 2 15 7 11 1 1 1 11 3 1 13 2 45 2 2 26 1 4 2 3 1 1 4 2 2 1 1 4 1 1 1 36 1 2 1 5 4 2 13 1 2 7 1 1 4 3 14 8 2 1 2 2 1 1 2 4 12 1 10 2 2 7 5 3 1 2 2 1 1 1 1 1 10 8 2 19 3 2 1 2 1 2 1 3 4 3 1 1 1 1 8 5 2 2 1 175 12 1 12 1 63 11 1 1 4 2 2 1 1 10 2 2 1 2 3 1 2 2 3 3 29 1 4 4 10 3 1 5 1 2 14 2 18 2 2 20 7 1 6 4 3 1 1 2
1 10 1 4 6 2 142 2 5 14 1 3 2 1 1 1 2 5 2 5 2 2 5 2 10 1 6 1 2 3 1 5 1 1 1 78 12 1 4 3 1 1 2 2 9 2 1 1 2 2 35 2 5 13 1 38 7 1 2 3 2 1 5 1 1 2 2 5 1 1 1 1 2 1 1 23 3 240 1 1 57 1 1 3 1 3 36 2 8 2 3 4 48 1 2 1 8 4 5 1 3 3 7 2 8 3 2 7 3 23 1 5 2 1 3 2 2 3 5 1 1 2 1 19 6 36 3 8 1 2 2 2 1 8 1 2 1 5 8 2 5 2 4 1 18 1 4 4 5 1 2 21 1 1 2 2 1 2 2 2 13 5 2 2 2 2 1 4 4 495 3 2 3 1 2 2 1 9 31 2 2 2 7 7 1 4 2 1 6 3 1 1 3 3 13 2 2 1 2 8
1 1 2 2 2 1 3 3 6 1 2 7 1 1 2 15 5 1 3 13 2 2 1 1 5 5 1 1 1 1 7 4 8 54 2 3 4 2 2 1 1 38 1 15 1 2 8 1 1 2 1 1 3 3 10 3 5 39 6 3 2 1 13 1 1 2 7 8 2 1 312 6 3 1 6 5 3 2 2 3 1 1 1 2 7 3 2 1 3 2 1 3 2 3 7 5 4 2 1 1 36 2 2 4 2 1 15 8 6 3 2 3 3 2 1 2 1 1 4 1 199 1 2 1 2 23 4 2 1 1 1 3 5 5 9 1 2 3 2 5 1 1 1 1 5 1 5 1 1 42 32 1 1 5 5 2 1 2 1 2 1 4 5 2 2 2 1 2 7 8 11 2 19 2 1 2 1 1 1 3 1 4 1 2 1 2 1 15 7 1 2 1 1 2 3 64 1 1 1 1
3 1 40 1 13 2 1 14 1 2 2 2 1 2 3 79 5 1 30 1 9 3 2 1 6 2 1 2 1 2 4 2 5 2 2 2 1 1 1 6 14 1 5 1 4 5 1 2 1 3 1 2 2 2 1 3 21 1 1 1 3 1 1 2 2 1 2 1 7 5 6 2 1 15 10 1 1 3 26 9 2 2 2 1 3 1 1 4 3 3 1 1 4 2 2 2 9 4 3 3 1 1 86 1 3 3 2 1 9 1 2 2 1 2 2 1 10 6 10 1 1 2 15 1 4 2 6 1 2 1 1 2 3 4 2 2 1 3 4 1 3 1 1 1 2 1 1 1 1 2 1 2 4 2 1 5 19 7 1 122 1 1 2 1 2 2 1 8 23 6 8 2 7 5 1 13 16 6 1 5 2 8 2 5 4 4 1 2 37 1 1 2 7 2 2 1 7 1 1 1
16 5 2 1 2 3 2 3 1 1 2 1 2 2 9 2 40 29 1 1 1 2 1 9 18 43 1 3 428 6 4 2 3 282 4 9 8 8 4 2 3 2 96 2 2 2 69 10 2 1 2 2 2 1 2 2 1 1 2 4 1 3 3 3 1 2 3 1 1 2 83 1 2 11 2 7 2 2 2 2 5 1 3 26 1 1 8 2 3 5 11 3 77 13 1 3 2 48 14 1 3 38 4 1 3 2 1 1 1 1 2 1 2 4 2 22 3 4 6 12 5 2 2 1 2 2 1 2 1 3 1 4 77 1 1 3 23 3 3 1 1 1 2 1 2 19 1 5 3 39 3 18 3 1 7 1 2 8 1 3 2 9 3 1 3 1 5 1 2 1 1 1 14 3 2 3 7 2 3 1 2 3 1 2 1 2 2 1 1 7 3 1 2 2 1 2 3 5 4 1
13 4 3 2 1 6 2 1 3 9 5 1 28 2 2 1 448 2 2 1 1 2 2 16 2 3 1 2 2 130 5 4 2 5 2 4 4 1 8 7 9 2 2 2 3 11 2 1 2 1 1 1 2 2 2 1 2 2 1 1 16 6 2 2 2 2 1 2 5 9 30 3 3 4 5 11 1 4 2 1 1 1 1 1 1 2 4 1 3 56 22 3 2 4 8 1 1 2 2 14 7 1 5 2 1 3 6 8 3 2 1 2 2 3 1 1 1 1 3 4 1 1 1 105 1 1 2 2 1 3 1 2 5 5 2 2 3 3 1 10 6 1 2 1 3 2 2 13 5 9 4 2 4 5 2 1 1 3 2 18 2 1 3 1 3 20 2 1 2 2 6 2 3 2 1 2 3 2 5 5 1 2 1 1 2 1 1 8 4 1 2 17 2 1 2 4 3 2 1 2
1 4 2 1 1 1 1 1 1 4 1 1 1 1 4 2 3 2 1 18 1 2 2 1 1 1 3 27 1 2 28 1 3 2 2 16 1 2 1 1 4 1 2 10 1 4 1 42 2 3 1 1 133 16 1 274 3 2 2 54 3 1 1 110 3 1 9 6 2 1 4 8 3 5 1 2 2 8 3 2 12 1 2 2 2 4 27 3 1 1 18 2 13 3 1 10 2 3 1 1 30 1 7 2 1 6 16 15 2 5 5 3 7 3 4 1 5 1 2 3 1 2 3 2 3 3 2 1 14 27 1 3 3 5 6 17 5 5 2 1 3 2 1 2 2 2 10 2 2 1 1 3 2 5 1 2 3 2 5 24 2 1 1 2 18 3 1 2 2 2 1 3 2 1 13 10 1 13 2 6 3 17 2 28 1 1 1 8 2 1 21 13 14 1 1 1 2 1 2 1
1 1 1 1 1 1 19 1 5 1 3 19 3 1 2 8 1 1 3 2 3 1 2 2 1 2 6 3 3 2 1 22 1 7 2 3 1 1 2 3 13 3 11 4 22 40 1 1 4 2 3 1 1 1 5 3 1 2 1 4 1 2 2 2 11 3 1 2 2 11 2 1 2 2 3 21 13 1 6 12 2 1 1 69 2 1 31 2 2 6 8 2 6 1 5 1 1 2 2 1 82 2 107 2 1 1 3 13 1 2 1 2 4 1 1 22 2 1 2 3 2 4 1 212 2 1 5 22 8 1 2 1 100 1 1 3 2 4 15 7 4 5 12 10 1 9 1 5 1 2 2 2 2 1 3 8 1 12 2 1 2 29 1 3 3 4 1 1 1 1 7 1 2 4 5 1 1 1 1 2 1 1 1 2 1 2 2 4 1 2 2 1 2 9 2 7 1 5 1 1
6 2 2 3 2 2 3 2 1 1 2 3 3 1 2 2 11 2 1 1 1 3 1 3 8 2 3 2 3 4 14 8 2 1 1 2 2 4 114 3 1 14 1 1 2 1 64 3 12 1 16 3 1 1 1 3 3 5 1 2 2 1 4 2 1 2 3 2 4 1 3 2 1 1 3 1 8 6 1 6 24 2 2 5 1 7 1 2 39 1 3 2 7 4 1 2 2 3 3 2 2 5 4 7 2 39 1 1 1 9 1 1 2 4 1 7 2 4 1 2 3 2 2 4 2 2 4 2 1 1 11 1 4 9 5 1 8 9 1 1 2 2 3 6 2 1 1 12 1 3 1 1 6 11 2 1 3 3 6 4 3 17 4 5 14 1 3 2 55 1 5 1 9 1 3 2 7 4 2 2 1 3 6 2 1 2 5 1 1 3 2 2 4 1 3 1 1 2 2 1
3 2 4 1 1 1 3 3 2 2 2 2 2 2 2 6 2 2 1 1 2 3 1 3 1 1 3 2 2 1 1 4 2 1 1 1 1 1 57 28 1 11 2 2 5 11 2 1 12 2 1 4 1 1 2 5 1 1 1 1 1 1 3 3 5 1 2 6 2 1 3 43 4 2 1 2 1 6 3 1 1 1 3 5 1 1 2 5 1 3 9 1 3 2 5 2 3 2 2 3 1 1 1 1 4 1 8 8 1 2 8 5 2 23 4 2 2 1 6 1 9 1 1 2 1 1 2 7 5 1 1 2 5 9 1 1 11 4 12 5 1 1 6 2 3 2 2 3 10 4 1 2 2 2 2 6 2 2 10 19 1 2 2 1 5 4 2 2 1 7 1 3 2 4 1 7 2 1 3 4 1 3 1 2 1 1 1 132 9 17 2 1 1 4 1 2 1 1 2 2
2 5 3 1 3 243 7 4 4 3 2 1 5 60 13 10 3 1 5 1 6 18 4 1 1 1 121 2 1 2 2 3 18 9 1 2 19 18 1 5 1 2 1 1 1 1 2 1 223 110 4 7 1 3 1 1 1 4 7 1 3 1 10 4 1 76 2 1 1 2 3 5 2 1 6 1 2 1 5 22 2 1 2 3 1 2 2 1 8 20 1 3 2 2 2 4 1 1 7 2 4 1 1 483 1 5 1 36 3 1 9 4 17 6 1 1 3 1 3 14 2 3 9 1 1 1 1 2 1 62 15 1 1 2 13 2 1 1 12 10 31 27 1 1 5 1 2 18 11 3 4 7 1 1 2 59 1 2 1 2 4 8 1 2 7 22 2 2 2 2 9 1 8 1 2 1 15 2 1 3 2 1 2 1 1 7 2 3 58 1 2 2 3 9 4 2 2 2 7 4
1 1 2 1 2 1 1 10 8 1 1 17 1 1 6 2 2 4 1 4 2 1 2 2 2 5 1 36 73 42 3 1 3 3 8 2 1 1 2 2 2 2 4 2 2 3 1 1 10 3 1 4 13 1 2 3 3 4 2 2 2 5 2 3 4 1 5 7 1 2 2 13 3 4 1 1 23 3 2 3 2 4 3 2 1 6 1 7 2 1 3 3 4 4 5 2 10 2 1 1 4 1 1 4 2 24 21 15 16 9 2 1 1 8 1 18 2 2 2 2 6 2 1 2 4 5 6 3 2 4 1 1 2 1 2 3 1 1 4 6 9 3 1 2 3 4 2 4 5 1 30 1 1 25 1 27 3 8 2 15 3 9 1 23 4 2 5 3 9 55 1 3 4 3 1 7 2 4 5 1 1 3 2 14 2 4 2 4 3 2 21 3 1 1 1 1 1 3 5 2
2 1 1 2 6 3 1 1 2 3 2 1 3 8 29 2 2 1 24 5 6 1 1 2 77 1 5 6 2 3 2 22 3 2 2 5 1 2 1 2 36 2 8 2 15 1 3 6 1 2 5 1 2 1 1 1 1 3 2 5 1 1 2 4 2 2 1 2 3 1 1 6 1 2 1 1 4 1 8 1 6 1 15 1 1 2 1 3 3 1 3 72 3 2 1 5 3 1 7 2 2 1 2 2 1 16 2 6 5 1 3 4 2 15 1 2 5 1 1 13 7 1 2 10 2 1 5 1 2 2 12 1 1 1 5 2 3 2 12 1 4 2 4 46 3 6 1 9 32 3 1 2 2 1 8 92 7 23 1 5 2 6 2 2 1 39 1 3 2 2 2 1 1 2 1 2 2 1 5 42 2 13 3 4 1 2 7 14 2 2 1 2 1 1 2 1 15 6 1 2
2 1 1 1 32 2 2 2 2 1 1 2 3 3 2 16 2 4 1 4 2 1 1 12 1 7 1 2 6 1 13 1 7 1 1 2 71 1 9 25 6 6 2 1 2 2 1 16 1 1 2 2 1 3 2 1 3 1 2 3 1 15 2 3 1 1 1 1 1 2 22 1 1 3 2 1 1 2 5 3 3 1 2 1 16 3 99 24 3 4 1 2 2 1 3 2 1 2 5 2 3 1 1 1 1 2 20 1 1 5 2 2 3 15 2 2 1 1 5 1 102 1 1 1 3 1 3 1 6 5 13 2 4 2 1 3 5 69 1 2 2 1 3 36 1 17 2 8 1 102 2 1 3 49 3 2 2 3 1 7 3 2 1 7 2 86 4 8 1 3 2 13 2 47 1 4 2 2 3 1 1 2 4 2 1 6 6 2 1 3 1 10 2 2 1 3 3 1 1 4
1 3 6 1 2 3 3 31 1 3 22 3 1 2 1 2 7 2 22 1 1 1 2 12 1 2 1 3 1 27 1 1 1 3 1 1 1 1 2 2 1 7 1 1 3 1 4 2 1 1 5 1 1 6 1 5 2 1 4 5 9 1 1 7 2 4 64 4 1 162 1 1 7 2 1 2 1 1 4 12 1 1 3 3 1 2 3 2 2 3 2 2 4 1 1 8 1 3 2 6 1 2 4 2 1 6 1 2 96 2 3 3 1 1 2 1 1 2 3 5 1 2 1 3 1 12 3 1 1 9 1 1 2 9 2 3 5 2 1 2 2 2 5 2 1 43 5 2 7 7 1 5 2 57 1 1 1 2 2 3 1 2 1 1 5 1 5 1 1 27 2 33 1 1 1 1 3 2 3 5 1 2 5 17 1 5 2 1 1 1 1 1 11 1 1 107 3 5 2 10
4 1 3 4 2 2 1 5 1 2 1 2 2 1 2 2 1 1 1 12 2 3 4 3 1 2 3 3 5 1 2 2 1 1 1 3 10 1 1 3 56 3 15 2 6 1 1 1 1 12 1 2 1 12 3 2 58 1 3 1 2 27 1 23 1 1 1 31 14 3 2 1 1 2 4 2 2 5 3 4 3 2 15 1 2 12 1 1 3 2 1 3 1 1 64 1 2 58 1 1 1 2 4 4 1 2 2 2 5 3 10 24 5 3 2 1 14 2 2 5 12 1 1 1 1 3 4 9 2 22 2 2 7 20 1 5 1 1 2 5 1 3 1 2 6 2 3 15 3 99 73 5 1 2 1 24 1 3 3 1 1 1 5 1 28 2 2 4 2 16 2 1 1 5 1 1 3 2 1 2 6 2 3 9 1 5 1 2 1 1 2 8 1 8 1 1 3 1 1 2
2 2 1 1 1 3 8 8 2 1 3 21 1 2 10 2 2 2 1 1 4 7 4 2 1 1 28 5 3 2 1 2 3 1 2 11 2 2 2 2 1 1 1 3 5 4 17 2 1 3 2 2 13 2 1 1 1 1 2 3 1 1 2 21 2 34 1 13 2 1 1 1 2 2 1 1 2 1 2 1 1 18 2 1 4 4 2 6 1 8 2 15 2 5 2 1 4 4 2 1 62 2 40 2 1 5 2 2 1 1 2 3 2 25 3 1 1 2 1 1 13 2 2 32 3 2 2 2 1 1 2 93 1 5 2 2 1 1 1 89 2 8 6 2 105 1 5 3 3 1 1 2 69 10 109 2 1 45 4 6 3 1 32 2 1 1 4 3 2 1 1 1 1 1 1 2 2 1 5 2 3 4 1 2 1 1 8 4 12 1 2 4 2 6 11 2 11 1 1 2
3 2 2 4 1 4 23 3 15 2 2 1 2 2 2 3 2 2 1 112 12 24 1 4 2 2 1 1 3 1 1 2 1 1 9 1 4 6 3 2 2 2 1 1 2 2 3 2 1 2 1 1 43 4 5 1 2 1 2 4 2 2 1 1 2 1 1 1 1 2 1 2 49 33 4 7 2 3 4 3 2 2 2 1 5 1 1 2 1 2 5 1 16 46 4 4 1 2 1 2 1 1 5 1 2 2 1 1 4 3 1 2 2 2 1 1 7 4 4 3 5 4 1 2 6 2 2 2 2 2 2 1 6 2 1 4 2 2 18 2 2 2 7 2 3 5 3 1 4 1 2 2 1 2 2 1 2 1 2 1 5 1 5 1 2 1 5 1 2 1 2 2 1 2 28 3 1 1 1 1 2 1 1 4 1 1 1 1 1 1 2 3 2 1 1 1 1 20 1 26
2 1 2 10 6 2 1 2 1 1 4 1 1 1 1 2 1 1 1 1 2 10 2 33 2 1 11 7 4 4 1 1 2 1 1 3 2 1 1 1 9 7 1 2 3 3 3 2 2 2 10 1 5 33 3 7 2 11 2 3 9 1 1 1 10 1 40 4 5 21 1 1 3 1 10 2 3 1 2 1 60 1 5 6 23 1 1 2 2 3 1 1 2 3 26 2 2 12 2 3 1 9 2 1 2 1 2 2 2 1 3 1 2 3 2 1 2 6 2 2 4 2 8 2 4 2 1 1 2 6 10 3 4 2 1 1 1 2 2 1 1 36 2 3 1 7 2 1 5 1 1 11 1 1 3 1 1 3 1 3 1 1 1 2 1 3 2 1 4 3 25 1 1 1 1 2 8 4 4 1 1 24 5 3 1 9 5 4 1 1 4 13 2 1 3 1 2 3 2 2
1 32 1 2 2 6 2 2 1 2 1 1 1 1 1 1 2 53 1 4 1 1 1 2 2 21 2 3 25 1 8 10 4 2 8 2 2 2 4 3 1 2 1 12 1 2 2 8 1 2 4 1 1 4 7 4 1 1 4 2 1 2 7 1 2 3 3 1 2 1 2 4 2 1 3 3 1 1 1 3 2 2 2 2 2 2 9 2 2 1 8 28 4 15 3 4 10 2 1 16 22 1 14 2 4 3 2 1 1 2 1 7 2 2 6 11 2 2 5 30 2 9 2 1 2 52 2 2 4 1 6 2 2 2 1 1 6 4 2 2 3 5 1 1 3 2 3 7 2 1 2 4 2 4 2 1 3 1 11 3 2 14 1 14 49 3 2 3 1 5 1 43 4 1 4 4 1 2 1 1 3 2 12 2 1 4 2 2 16 1 3 9 2 1 23 14 384 1 9 3
1 4 2 1 1 3 2 2 1 1 1 1 3 2 1 2 2 3 3 20 3 2 14 5 4 14 1 1 2 2 1 1 4 1 2 1 2 7 3 3 1 4 2 9 12 2 1 1 2 3 1 4 2 2 2 8 2 2 3 10 4 4 3 1 125 1 3 5 9 1 2 1 1 2 1 1 4 1 2 1 1 1 2 1 2 2 8 16 2 9 3 7 8 2 10 1 429 1 4 2 6 2 2 2 8 11 1 7 4 1 11 6 2 7 2 2 9 1 2 4 2 3 2 6 1 3 3 1 1 5 1 2 1 1 3 2 2 2 2 1 1 1 1 24 4 17 2 2 10 2 2 10 2 4 2 1 1 1 7 1 2 2 2 5 2 5 2 8 1 2 10 2 2 33 2 4 1 15 1 2 1 2 12 1 2 2 35 1 1 3 10 1 14 6 3 10 2 20 1 5
1 4 4 3 2 1 3 1 1 1 1 1 1 3 2 2 1 3 2 22 1 6 1 316 1 2 2 1 2 2 4 1 3 1 1 2 6 14 4 2 14 1 2 2 1 1 6 2 15 23 1 1 6 4 2 2 2 1 4 7 9 8 2 1 1 1 3 1 1 5 1 2 1 30 1 30 1 2 1 1 2 1 12 6 2 91 4 1 3 4 1 5 2 4 2 3 1 2 4 12 1 24 2 5 2 1 18 2 2 4 1 1 15 2 1 2 1 2 1 2 1 1 2 2 8 1 5 1 1 1 1 1 3 2 2 221 2 4 5 3 1 1 1 2 2 2 1 6 2 30 2 2 3 5 2 55 6 46 14 3 2 4 1 3 20 2 1 6 49 1 3 2 17 1 2 1 2 3 1 5 2 2 2 1 1 5 1 1 3 1 7 6 3 3 1 3 2 1 5 3
1 309 2 1 2 1 7 1 1 1 11 1 51 2 3 1 2 2 6 3 4 2 2 2 3 1 1 3 1 1 15 4 3 10 1 3 1 1 3 1 9 2 12 1 2 2 5 2 1 2 2 3 2 5 10 1 2 1 9 2 1 1 2 2 2 4 10 12 5 49 3 7 2 4 1 3 3 2 7 10 17 3 2 6 3 1 2 6 3 8 3 1 2 1 5 3 2 6 2 2 8 1 1 1 3 1 1 3 18 70 4 1 48 1 1 3 3 2 13 3 2 3 1 15 1 1 2 2 25 2 2 3 122 1 1 4 3 6 15 14 1 2 18 3 1 1 6 1 1 2 2 2 2 2 2 1 2 9 3 23 6 7 2 9 1 2 9 2 2 2 3 2 7 3 2 2 182 38 2 2 1 3 7 3 1 2 1 1 2 2 3 1 3 2 1 2 1 2 3 2
4 8 2 1 2 2 33 5 32 2 2 2 3 7 38 1 50 5 48 10 4 5 1 2 1 1 1 4 5 2 2 4 1 1 1 2 2 2 3 2 1 1 1 1 1 2 18 2 1 2 1 1 1 3 1 2 3 12 1 3 3 8 2 386 2 1 4 7 2 9 3 6 1 4 2 1 2 3 1 1 19 1 1 1 1 6 4 3 3 1 1 3 7 1 3 1 2 7 15 1 2 16 9 1 1 5 1 4 6 1 2 3 1 1 1 1 1 2 3 4 6 1 2 1 5 1 1 2 2 2 1 2 2 2 4 3 3 2 3 1 2 2 4 1 1 1 2 1 4 1 14 2 3 2 104 2 7 2 1 1 2 2 4 2 2 2 2 2 3 2 2 2 1 2 2 2 2 3 1 9 1 1 2 1 1 3 3 1 5 2 1 1 2 1 2 10 1 5 3 1
3 2 1 1 2 1 1 2 1 2 4 4 3 2 1 2 2 2 4 2 1 2 35 1 1 12 2 6 76 27 6 9 2 1 1 2 5 1 3 2 2 1 2 4 2 2 1 1 3 18 1 6 13 1 2 1 3 1 6 1 2 1 1 3 1 4 39 2 3 1 3 1 2 6 2 2 50 1 18 1 15 3 1 13 2 1 11 6 1 4 2 3 5 2 2 1 14 3 4 2 4 1 1 2 18 4 1 3 1 3 1 2 7 3 2 2 2 2 88 1 1 2 2 5 1 3 3 2 2 2 3 2 13 1 1 4 4 1 2 2 10 1 6 2 2 1 2 1 31 2 139 5 1 2 2 1 24 1 2 21 1 1 4 2 1 10 2 4 3 5 1 1 2 3 1 5 2 10 2 1 5 1 1 1 2 1 7 23 1 2 2 134 2 1 2 1 1 1 1 1
3 5 5 24 4 3 2 5 2 9 3 6 4 59 4 156 1 2 3 2 2 1 1 7 2 1 1 15 1 4 3 2 2 41 3 4 1 30 1 2 2 4 14 5 3 3 1 1 1 4 8 2 28 2 6 4 4 3 1 2 4 1 5 2 1 2 1 1 2 1 2 2 1 15 3 3 31 1 9 2 1 2 1 3 2 1 2 3 2 14 2 4 2 3 1 1 31 2 5 12 2 10 2 1 2 22 20 174 1 129 2 2 2 7 14 3 1 2 2 66 3 3 1 1 1 1 9 3 2 1 57 3 1 2 1 2 3 2 8 21 2 3 2 1 2 3 2 12 4 4 3 4 2 1 1 3 4 1 2 5 1 2 1 3 1 1 6 1 1 2 1 1 2 1 1 4 1 2 9 2 1 2 1 2 5 2 3 1 3 2 2 3 1 18 11 1 3 4 3 1
2 1 4 4 3 2 6 1 2 4 1 3 1 5 5 3 2 1 1 1 4 5 4 1 1 1 3 4 1 4 1 1 1 3 1 1 1 2 16 1 1 2 8 3 1 4 26 13 2 2 1 1 1 2 2 1 4 2 3 19 3 2 4 6 2 2 1 8 1 2 1 1 3 1 1 4 10 3 1 16 1 1 1 1 2 3 1 1 1 1 4 7 2 1 2 2 1 1 2 6 1 1 1 30 1 4 3 36 3 10 34 4 2 1 1 3 1 2 5 1 10 1 1 1 2 2 7 1 2 1 1 1 3 1 12 21 1 1 1 3 6 1 1 1 1 5 2 2 2 1 2 1 1 2 2 2 4 3 1 2 10 1 1 17 1 6 1 3 2 2 4 2 2 1 4 1 34 1 1 7 1 4 3 2 2 2 3 1 1 1 1 1 2 7 1 4 1 5 9 2
1 2 1 2 8 1 81 1 1 9 2 1 15 5 2 1 1 1 1 2 2 2 2 1 4 2 2 2 2 1 3 77 8 6 1 1 1 13 2 2 1 2 1 8 1 2 3 2 2 26 1 5 4 14 2 2 1 1 1 2 3 6 4 2 3 2 1 1 4 13 4 6 10 1 2 2 5 1 2 2 1 14 1 2 2 20 2 2 2 9 1 1 2 1 1 3 2 3 8 2 8 11 2 2 7 1 1 27 1 5 2 5 3 8 3 3 2 6 1 4 1 2 2 1 1 2 1 9 2 27 1 27 2 1 2 12 1 2 1 2 42 2 1 2 42 2 1 2 7 2 1 1 1 2 1 2 3 2 11 1 4 11 1 2 2 1 8 1 2 1 2 3 4 1 2 2 1 13 3 2 1 1 1 1 3 4 2 1 11 25 2 1 1 2 2 1 2 1 2 3
5 52 1 1 3 1 3 2 1 2 1 4 1 5 1 1 1 2 1 1 1 1 1 400 2 1 3 1 9 2 2 1 4 3 11 3 3 3 6 2 3 2 3 2 2 2 1 4 4 1 2 2 3 1 1 1 6 7 3 2 4 3 1 3 3 1 3 2 3 5 1 265 2 1 25 1 1 11 2 2 8 5 4 3 3 2 4 1 1 1 1 57 4 2 5 2 3 1 1 3 9 2 3 1 3 1 1 7 11 6 176 3 1 1 1 1 23 4 10 7 1 19 2 1 10 1 9 1 4 4 2 4 3 3 1 1 2 1 2 1 1 2 11 4 1 9 3 5 2 2 5 2 1 1 3 3 6 1 1 3 1 7 2 2 3 1 1 2 1 3 2 1 1 1 3 22 2 4 1 1 1 1 3 1 4 3 1 2 1 6 1 2 1 1 15 3 2 1 3 1
2 1 3 12 2 3 1 5 9 1 3 1 1 5 10 3 1 4 17 2 3 1 1 1 40 2 37 3 1 1 3 1 2 6 2 5 2 2 1 3 1 1 1 6 6 4 1 3 5 1 1 3 1 1 1 1 1 2 1 2 1 5 1 1 1 2 1 1 1 6 30 1 3 12 3 3 2 1 394 9 11 1 1 1 2 2 2 2 7 1 5 14 2 8 3 6 2 1 10 8 4 3 1 3 1 2 2 4 4 3 2 2 3 1 1 2 4 1 10 70 6 1 1 2 3 1 1 5 2 1 3 3 11 4 2 34 1 134 1 1 1 2 1 4 1 7 4 4 221 2 9 1 1 2 1 3 1 2 11 1 3 1 1 1 6 496 3 1 1 4 3 1 16 8 2 1 1 7 2 2 2 8 4 1 3 1 1 2 1 1 2 48 1 4 6 2 32 1 1 2
3 11 1 2 9 2 4 3 1 2 2 5 7 24 1 5 2 14 39 26 1 1 2 2 1 1 1 1 3 1 1 13 4 2 3 1 7 31 1 37 1 3 4 2 1 2 1 4 7 15 2 2 2 2 2 35 1 9 4 5 2 2 2 3 2 2 1 1 5 22 5 18 3 3 4 3 2 73 4 2 2 2 2 1 4 5 1 1 3 8 1 2 2 2 3 10 1 1 2 2 2 2 3 4 14 5 6 4 1 2 1 1 2 32 14 2 1 3 270 2 4 3 3 2 3 1 2 2 3 16 1 1 2 1 1 1 4 2 2 4 1 38 9 3 1 3 2 2 3 2 2 36 1 8 2 4 1 4 1 2 1 1 3 15 3 2 1 1 3 17 2 2 1 1 2 4 3 1 3 4 1 1 2 1 1 2 7 2 2 2 5 2 1 1 1 1 2 8 1 3
3 1 1 2 17 3 1 1 6 1 9 4 1 4 1 2 2 10 1 1 4 3 5 1 1 8 1 37 1 2 2 1 1 42 1 1 3 1 1 2 1 3 1 2 2 2 3 1 1 7 1 1 3 2 1 1 1 3 1 2 1 1 1 2 2 7 2 1 3 59 14 3 1 1 2 2 1 69 1 12 2 5 2 11 1 3 9 2 5 1 1 1 1 4 2 6 4 2 1 2 2 103 2 1 1 2 1 2 13 5 2 1 3 3 2 56 6 1 2 1 1 1 2 1 2 1 3 1 1 1 2 1 2 2 2 2 32 1 2 1 2 2 1 2 5 6 2 4 2 2 1 3 41 2 98 1 1 5 1 1 3 2 10 2 2 1 5 1 2 6 2 1 1 4 2 1 4 3 2 1 2 27 1 8 2 1 5 2 1 5 4 5 2 9 4 1 38 3 1 4
52 6 1 1 2 1 1 1 2 10 2 1 1 39 22 8 3 2 2 1 1 7 9 1 3 1 1 4 2 4 5 32 10 21 23 1 176 11 1 1 5 1 5 12 2 2 2 2 1 2 1 2 2 199 2 7 13 4 4 1 17 1 1 1 5 2 4 6 1 3 1 2 1 1 1 1 1 2 1 1 2 2 2 1 2 1 1 1 2 1 1 2 1 5 2 1 2 2 2 3 2 1 1 1 3 1 1 7 2 6 1 1 7 5 3 2 1 2 2 1 2 7 6 2 1 21 1 1 10 5 1 1 7 5 1 1 3 4 4 9 1 13 1 2 1 2 1 33 1 2 1 3 1 2 1 295 3 2 5 1 5 1 1 1 1 1 8 2 4 1 3 7 2 1 9 1 2 1 1 6 2 14 1 5 34 1 2 1 2 2 1 6 2 4 1 1 1 1 2 17
3 4 2 3 2 2 3 1 4 2 2 2 10 5 2 1 2 2 1 5 1 2 6 1 1 8 3 1 2 1 3 1 1 2 61 17 3 1 2 4 2 13 1 14 1 1 3 1 1 1 65 1 13 1 6 7 9 1 16 5 1 1 1 2 2 8 2 10 1 3 1 276 7 1 3 3 2 2 1 1 1 4 3 1 6 1 2 2 1 4 8 1 1 18 1 1 4 1 6 2 1 18 2 1 1 1 3 4 3 3 6 4 1 2 21 2 7 1 2 1 1 2 6 16 9 1 2 1 2 6 2 1 3 2 2 1 1 2 3 3 5 48 1 1 2 1 2 3 3 1 2 2 2 2 2 1 4 2 2 2 2 1 2 3 6 4 3 4 41 1 1 2 1 2 3 2 3 4 1 5 2 21 1 2 2 2 19 1 11 2 2 5 3 3 5 2 1 3 1 1
8 1 15 2 1 3 6 2 1 1 1 5 44 2 1 4 4 1 144 3 2 7 2 4 2 12 1 1 1 4 1 3 2 5 1 29 1 7 3 1 2 5 30 1 7 2 3 1 5 13 1 2 5 1 1 2 8 4 5 36 2 2 2 1 2 4 1 6 2 1 1 4 2 2 1 2 10 1 1 1 7 4 2 1 1 1 1 2 3 3 1 3 2 1 3 2 7 6 2 2 1 1 2 1 1 1 2 2 1 2 2 17 1 2 2 2 1 1 2 1 3 1 1 1 2 6 362 8 89 3 6 2 2 2 2 2 27 2 11 34 1 7 1 1 3 85 3 2 2 2 6 3 1 1 2 2 4 1 3 2 2 1 2 2 2 1 3 4 1 2 3 1 1 2 1 26 38 2 2 6 1 2 1 12 5 3 2 2 2 9 2 13 4 23 21 1 4 2 2 1
20 1 1 1 2 3 6 3 1 3 2 1 2 1 1 1 3 6 112 1 2 13 1 4 1 2 1 3 1 4 57 2 2 1 2 3 4 4 11 1 6 10 14 3 2 4 3 2 2 1 3 16 14 1 1 9 4 5 1 31 1 1 2 4 1 2 2 1 1 98 11 2 9 3 1 1 1 2 1 17 10 34 4 2 5 3 1 12 38 1 1 1 2 1 2 3 2 2 2 9 14 1 1 2 6 15 4 1 6 15 1 4 20 1 8 7 1 5 1 3 2 1 7 1 2 2 1 1 7 1 17 1 3 2 1 3 3 2 6 2 7 1 2 1 2 1 1 3 2 3 5 1 1 1 2 1 1 9 6 15 1 2 1 2 2 2 2 2 3 4 3 1 3 1 7 14 1 1 5 4 2 2 1 2 2 5 1 1 9 1 1 1 2 2 2 2 8 1 1 1
1 1 3 1 1 1 10 3 1 21 5 3 1 1 1 1 22 5 2 4 1 1 1 2 7 2 2 11 3 5 1 2 1 3 1 8 1 2 26 1 2 1 229 1 1 3 3 5 2 6 2 2 3 1 2 2 6 1 5 19 2 1 2 3 1 2 304 11 7 2 16 1 1 2 6 1 1 2 2 14 2 7 127 1 1 1 1 2 6 1 1 64 2 5 3 2 2 1 23 12 1 2 10 1 3 1 11 1 2 3 4 5 3 1 2 1 12 2 2 1 3 2 1 61 3 1 2 2 34 2 2 1 1 1 2 4 10 3 2 1 3 11 5 1 1 2 2 2 2 1 2 3 1 2 1 2 3 2 1 3 4 2 3 1 2 5 7 2 5 2 7 5 1 8 8 2 1 2 4 1 5 1 2 1 1 2 7 85 2 2 2 2 1 7 3 2 6 10 87 1
1 2 2 2 1 1 3 2 2 3 3 1 1 1 1 24 1 1 5 1 15 2 2 1 1 2 1 3 1 1 1 1 2 58 4 1 119 2 1 2 2 1 1 13 2 3 1 2 2 1 11 1 1 7 2 2 3 35 1 1 6 5 2 1 1 3 3 23 1 1 2 2 7 2 3 1 4 1 12 2 11 1 1 1 1 3 1 1 1 2 2 1 2 33 1 1 2 2 1 41 1 1 1 2 2 3 1 5 1 3 2 4 1 1 2 1 1 4 5 1 23 1 1 1 6 1 3 3 2 2 16 2 1 1 2 3 4 2 1 1 3 5 2 4 2 2 1 1 1 2 13 2 2 1 1 32 1 5 2 1 1 1 1 1 37 1 6 1 64 2 2 9 2 9 7 7 2 20 13 12 2 8 1 9 34 4 1 4 1 1 1 3 5 1 3 1 2 10 1 10
3 2 1 1 7 2 1 1 2 2 2 2 1 4 2 1 2 8 1 3 76 5 1 1 1 12 2 1 2 2 2 2 9 1 17 1 2 1 2 1 11 2 1 7 129 2 23 2 2 2 7 1 1 1 2 2 1 1 4 3 2 2 1 2 1 4 1 5 8 1 3 4 2 2 1 79 219 2 1 1 2 4 3 29 2 1 358 1 2 14 4 1 7 3 2 1 13 1 6 1 1 1 4 1 14 9 4 3 2 2 3 3 3 5 2 4 4 2 9 2 3 1 1 2 3 3 2 1 1 1 30 5 8 15 1 6 1 1 1 1 1 1 1 2 2 2 2 1 11 1 1 3 1 1 1 26 1 1 20 1 1 3 1 15 2 2 2 1 2 8 3 1 2 3 1 51 4 23 21 9 1 6 1 1 14 5 4 4 2 2 4 3 3 1 2 21 3 3 5 3
6 1 1 1 4 1 3 2 29 3 1 1 2 1 2 2 9 2 5 1 1 1 10 2 1 4 3 2 64 1 3 1 3 3 3 3 2 3 2 2 3 2 1 1 5 3 1 2 6 24 12 3 4 7 2 8 8 2 2 2 1 1 2 3 2 6 6 1 1 4 1 4 2 1 5 2 1 5 6 2 51 1 5 2 2 1 2 1 1 2 14 6 2 1 56 1 2 2 1 1 2 5 1 5 6 3 2 6 2 2 9 1 23 1 1 5 1 1 4 8 88 1 7 14 6 2 3 2 1 2 1 1 3 5 2 1 1 2 1 6 1 1 2 1 6 2 108 4 2 2 1 2 1 6 2 1 89 3 21 3 1 2 1 1 2 2 4 2 1 1 2 4 1 2 4 142 3 3 2 1 1 2 31 2 20 2 3 2 1 1 1 3 2 10 1 2 2 1 1 1
1 2 2 1 1 4 11 1 3 4 6 2 42 7 1 1 2 1 2 1 2 2 5 2 1 3 1 2 6 2 1 29 41 4 1 7 2 2 2 8 1 1 2 8 2 17 1 1 2 2 5 6 2 1 1 2 1 3 2 2 2 2 2 4 1 1 2 1 1 3 4 4 2 1 7 2 1 2 8 1 2 2 3 1 2 4 1 2 15 2 1 1 2 1 1 2 2 2 4 6 1 1 2 1 1 1 2 1 2 1 4 2 2 1 2 2 2 18 1 1 30 1 2 31 7 6 1 2 18 1 1 1 2 3 2 5 1 3 1 6 1 4 2 1 4 2 2 2 3 1 1 1 2 2 11 1 1 1 1 5 2 2 1 2 129 1 3 7 1 2 2 2 1 130 2 3 1 7 2 1 2 1 2 3 4 2 2 18 1 3 28 8 27 1 3 6 4 2 13 1
2 5 1 22 60 2 4 1 2 3 2 1 5 8 1 1 2 3 3 1 3 1 2 1 2 2 1 2 1 7 2 3 1 1 1 4 2 2 1 3 5 2 17 2 2 1 4 2 5 1 2 133 4 6 2 3 2 1 1 4 2 2 4 5 1 7 1 2 2 1 2 3 1 2 1 1 1 76 9 1 2 2 6 3 1 3 1 1 1 3 2 1 1 5 2 2 1 2 1 3 4 3 5 1 1 1 3 1 8 4 2 1 79 1 3 1 3 6 1 1 1 2 1 2 1 1 27 2 1 2 1 4 2 2 2 2 1 1 4 2 1 3 1 1 2 7 3 2 1 6 1 2 1 2 1 4 1 2 1 29 4 7 2 2 1 3 1 3 4 2 1 1 8 5 1 2 2 1 1 2 4 4 3 1 2 2 2 1 2 1 1 1 2 1 3 155 2 2 1 1
2 1 2 1 1 22 97 2 1 3 1 2 2 3 3 1 3 2 3 1 1 5 3 4 2 2 2 1 2 4 6 1 1 4 2 2 2 1 2 2 8 1 1 2 2 89 2 2 2 2 1 2 1 1 2 5 68 9 2 8 3 1 2 2 9 1 3 83 3 4 3 1 2 12 5 5 1 16 2 67 3 12 2 1 1 1 6 1 3 2 1 1 7 3 2 2 1 3 1 1 5 2 1 3 16 1 1 2 1 1 1 15 1 2 2 16 1 1 3 1 10 1 8 3 7 8 1 3 2 3 4 2 4 3 6 9 4 2 11 1 2 1 6 4 1 1 2 2 1 1 2 2 2 13 3 4 17 2 6 2 2 11 3 1 6 7 1 2 3 4 1 6 3 3 1 10 2 11 2 1 6 2 4 6 6 2 2 1 6 2 1 13 1 34 1 1 4 3 109 4
1 1 2 1 3 30 1 6 7 34 6 6 4 7 1 2 27 1 1 8 1 1 2 1 6 1 5 2 4 5 3 1 1 1 1 1 4 1 3 14 2 1 3 4 2 2 2 3 2 2 1 5 1 4 1 4 2 1 2 3 1 3 33 2 1 1 1 4 2 2 2 6 2 4 1 7 2 5 1 2 2 1 1 5 3 17 2 2 2 3 2 3 4 5 2 1 1 2 2 3 3 2 3 9 1 1 2 8 1 13 2 1 2 2 1 1 3 2 3 4 2 1 5 1 6 1 3 3 10 4 2 2 1 1 1 1 2 1 2 1 1 1 4 1 32 2 3 1 1 2 16 5 6 2 1 1 1 3 2 2 2 2 1 1 2 2 2 10 1 4 1 2 2 2 1 16 2 5 1 4 2 4 2 1 1 1 3 1 1 2 3 1 3 3 1 2 2 2 16 9
2 1 4 7 2 1 1 2 1 7 2 1 1 4 1 4 10 4 1 6 5 121 6 1 2 2 3 2 1 2 130 9 153 2 1 1 28 5 2 2 4 135 2 1 1 2 1 2 25 3 30 3 1 17 2 6 4 84 2 2 1 1 1 13 1 2 54 1 17 2 2 2 3 7 4 3 2 13 1 1 2 1 2 2 2 2 5 1 1 1 1 4 2 4 2 1 1 1 2 1 2 2 3 1 1 1 1 3 3 1 7 6 3 2 2 10 23 8 2 1 1 2 4 2 3 3 1 2 1 2 1 3 4 3 1 1 7 1 1 1 45 2 2 2 38 6 2 4 1 4 1 4 13 1 2 2 2 1 9 5 1 13 1 2 7 2 2 3 1 1 2 2 1 18 2 33 1 1 1 2 2 1 4 1 5 1 7 116 2 1 2 3 2 1 50 6 1 4 5 31
1 1 15 4 1 1 8 8 1 105 5 3 4 1 3 1 50 1 10 2 2 30 4 1 3 1 4 3 1 6 3 2 2 3 1 2 42 1 1 3 3 1 1 2 3 6 4 2 1 6 41 1 1 21 1 2 2 24 2 1 2 1 1 2 1 2 4 2 1 1 70 2 1 1 5 2 1 4 5 1 3 6 8 1 1 5 4 15 7 1 4 1 1 3 2 1 1 4 1 3 21 14 2 1 2 2 36 1 7 2 9 35 2 6 3 1 4 2 1 2 1 91 5 1 1 225 2 2 4 3 1 1 2 2 1 10 1 1 1 1 1 1 2 2 1 2 1 3 2 2 1 1 72 1 5 1 6 4 2 2 2 3 2 3 19 2 3 3 1 5 4 12 2 7 2 3 7 3 1 2 2 2 10 3 5 1 2 1 1 1 2 4 2 1 1 3 1 1 10 4
2 4 1 2 1 5 1 48 25 3 1 27 2 2 1 2 2 2 5 1 1 5 2 1 1 2 6 4 1 1 2 2 1 2 1 5 2 1 1 1 4 1 2 4 4 1 5 3 2 5 4 2 1 18 3 1 2 2 4 85 3 1 8 2 1 2 3 2 1 1 2 4 3 3 3 3 5 4 4 1 3 9 6 20 1 6 4 2 2 2 1 2 1 3 1 5 1 4 9 2 3 2 31 3 1 2 2 1 5 2 1 1 3 3 1 23 1 10 4 1 2 7 1 1 11 2 3 1 3 2 3 13 1 1 1 4 3 1 2 8 2 1 2 1 7 1 1 3 4 1 1 1 2 1 5 2 8 1 11 19 1 1 8 1 3 1 4 9 3 1 1 6 1 2 2 2 2 5 8 5 1 2 1 1 2 2 5 1 4 1 2 6 2 6 1 1 2 1 2 20
1 3 5 2 2 2 2 3 2 3 30 13 1 28 2 2 2 5 7 408 3 2 2 3 1 2 2 2 4 1 2 1 43 2 1 1 2 24 2 3 8 12 2 5 6 2 2 1 3 1 2 2 1 57 1 22 10 3 3 2 1 1 1 1 9 8 14 2 1 2 3 4 1 3 1 1 1 7 1 1 1 2 4 16 2 3 3 1 1 2 1 2 4 7 11 1 2 3 2 2 1 4 2 2 3 4 5 1 1 1 8 3 3 1 1 2 6 1 34 32 4 2 2 3 8 75 1 2 7 1 6 7 2 2 9 3 1 6 3 1 1 6 2 103 69 2 2 17 2 2 2 3 1 1 1 1 1 2 7 4 2 4 3 1 5 10 5 7 2 7 2 3 2 3 1 1 5 2 2 1 2 2 1 13 7 2 2 2 3 2 1 1 28 1 2 2 2 1 3 1
