200
333 193 347 447 105 151 338 276 145 392 189 483 232 408 438 428 173 412 496 230 337 221 192 384 435 261 271 110 101 223 239 487 215 456 162 187 430 274 311 292 164 104 419 202 102 303 269 333 254 166 232 439 125 418 473 320 442 304 449 298 217 393 297 113 180 263 187 355 294 309 430 484 387 143 351 176 113 339 195 141 312 449 416 325 392 154 301 408 159 159 443 176 412 140 257 217 477 423 397 355 349 150 130 459 357 175 238 330 248 451 295 187 301 433 188 250 188 424 429 391 177 401 375 309 459 222 355 344 167 191 392 168 325 326 294 105 491 415 353 152 489 242 428 431 446 492 454 390 497 412 220 396 407 415 168 447 270 447 385 319 496 482 313 182 374 483 279 236 202 229 478 242 490 153 376 141 251 462 232 365 237 151 421 394 288 461 286 326 349 306 480 343 115 400 430 310 290 221 238 486
2 5 4 4 1 2 5 3 3 3 6 5 2 2 2 6 3 5 6 3 6 5 1 5 1 4 1 6 5 5 1 4 5 6 1 6 4 3 5 5 2 3 5 4 3 6 5 6 6 1 2 2 4 2 1 3 4 3 1 1 1 3 2 2 4 4 6 1 1 3 3 6 4 5 3 5 5 5 5 3 3 5 4 5 6 5 6 1 6 2 2 6 1 4 6 4 3 1 2 6 3 4 1 4 1 6 6 4 3 6 6 6 3 6 1 5 3 1 3 1 1 5 3 1 4 1 6 4 1 6 2 2 6 3 4 4 5 4 6 4 4 1 6 6 6 5 3 4 2 6 3 3 6 1 3 4 1 3 1 4 6 2 2 5 3 2 2 5 1 2 6 1 5 3 1 5 5 4 6 2 1 1 3 6 1 5 2 3 6 2 4 1 3 2 2 6 2 4 5 4
4 1 2 3 1 31 3 6 2 17 2 1 2 21 1 2 1 9 1 2 1 18 3 3 1 2 3 1 1 4 6 2 2 2 22 2 2 3 4 2 1 3 3 3 1 1 3 7 5 1 1 9 2 69 93 1 1 1 5 6 1 4 126 2 3 5 2 1 1 2 9 45 1 1 2 15 398 2 3 2 3 1 1 1 1 5 1 3 7 2 2 2 3 2 4 3 3 2 1 1 2 1 11 5 4 1 2 3 8 1 1 2 1 1 1 1 3 3 3 1 5 1 1 1 2 4 3 4 3 1 2 1 6 2 2 1 2 4 192 5 3 1 19 6 1 1 5 1 4 8 2 1 1 1 1 2 3 30 2 1 2 6 4 5 4 1 17 1 2 1 1 4 4 1 4 1 2 3 13 3 2 1 1 3 2 2 2 1 1 1 2 1 1 2 2 1 2 2 1 4
4 11 1 4 1 3 1 5 6 1 5 5 9 2 2 4 4 14 3 10 2 1 2 8 1 5 6 2 1 1 2 1 3 1 2 2 1 3 4 6 2 1 5 1 24 37 1 1 1 1 3 5 1 2 6 1 2 2 1 1 1 1 2 1 7 1 2 1 3 2 3 1 4 1 3 1 2 1 1 2 2 1 16 4 1 6 3 1 2 2 2 5 2 4 8 1 1 2 1 3 6 1 2 1 3 5 2 1 3 2 18 2 3 4 1 27 7 4 1 6 18 1 1 2 2 1 1 6 1 3 4 2 3 2 102 4 6 7 5 2 2 3 1 2 1 2 1 1 1 2 19 5 25 2 4 2 2 1 1 2 11 1 1 2 1 7 3 2 5 14 1 1 2 1 30 2 1 3 1 12 5 10 2 2 2 1 1 1 2 4 2 4 26 1 5 2 2 1 2 1
2 3 6 30 1 1 1 1 1 2 2 2 3 6 1 2 5 3 1 1 2 6 1 2 1 1 3 1 1 2 2 1 31 2 3 2 2 3 2 1 125 1 6 2 2 1 1 8 3 5 1 1 4 2 2 1 7 1 7 3 2 1 1 2 4 9 1 2 6 2 3 1 2 3 2 6 1 1 23 2 7 3 2 1 1 1 1 2 6 3 2 1 1 3 2 4 1 75 3 6 2 2 6 2 1 1 6 4 1 6 2 75 2 1 2 43 2 4 1 8 2 1 1 7 3 1 4 18 10 9 2 3 4 12 6 1 2 2 4 1 3 1 1 3 1 1 4 1 6 7 2 2 2 1 1 2 2 1 1 2 5 3 1 2 2 2 3 1 1 1 1 1 2 3 1 3 7 2 2 2 50 4 6 2 3 1 4 7 14 40 4 2 3 1 2 2 1 3 1 2
1 6 1 1 1 1 2 6 1 4 1 5 3 7 2 3 2 2 2 2 2 1 5 1 2 2 2 1 3 2 1 2 4 2 1 14 2 1 2 1 6 3 1 19 1 1 2 20 2 3 2 2 1 4 3 2 1 1 38 3 1 5 1 2 15 2 6 5 2 2 5 29 4 1 1 2 3 2 4 6 1 2 1 2 1 2 1 1 1 1 2 6 2 1 3 8 2 4 2 1 2 1 1 1 96 3 7 1 1 3 1 2 2 2 2 4 1 3 14 5 12 5 2 1 3 1 209 1 4 3 2 6 3 5 7 2 2 1 3 3 1 6 1 1 1 4 1 3 1 31 3 2 2 2 1 1 4 2 4 1 8 9 1 2 5 2 5 4 2 3 4 4 4 1 1 172 3 9 15 11 2 1 1 4 2 1 1 3 5 3 58 3 1 1 3 2 3 2 1 2
1 2 2 37 1 3 2 1 1 1 2 2 4 7 1 2 4 3 4 2 2 1 2 4 3 1 1 135 1 1 1 1 2 2 7 2 3 3 1 18 4 4 1 2 270 4 1 1 1 2 3 1 113 1 7 2 3 3 5 14 1 1 1 2 2 4 1 2 2 1 2 3 3 1 1 1 1 1 1 2 1 4 4 1 6 23 1 2 156 4 5 16 1 1 2 5 2 2 5 1 2 4 2 3 1 1 1 3 2 14 3 1 1 12 1 2 2 1 20 4 7 2 2 9 2 1 2 3 1 2 1 1 61 3 1 2 21 1 2 1 2 1 1 3 12 1 2 1 1 6 3 6 2 6 1 3 4 10 1 1 1 10 2 1 4 1 1 2 1 1 2 1 2 1 168 1 2 5 1 1 1 7 1 3 1 380 11 11 1 5 161 1 3 3 5 5 2 15 4 6
1 3 3 3 16 29 2 3 1 2 3 11 2 7 1 2 3 1 1 4 2 1 1 2 2 2 1 1 105 2 3 3 2 3 2 4 1 1 9 3 4 1 2 1 2 1 67 1 3 67 9 3 2 1 6 1 1 2 1 1 3 3 3 1 1 3 3 4 3 2 1 1 2 2 1 1 1 10 2 1 6 37 6 50 2 47 2 2 8 1 2 1 5 1 2 4 2 19 3 2 2 1 2 8 2 2 2 1 8 2 20 1 2 1 4 4 1 4 3 2 1 1 1 1 30 7 1 1 1 1 1 3 3 4 4 1 2 1 1 18 2 1 2 2 2 3 1 4 3 1 3 1 1 4 9 7 2 1 7 3 1 1 3 13 7 2 7 1 2 4 15 2 1 2 1 3 14 2 3 2 2 1 4 2 1 3 2 2 4 3 2 1 11 1 5 12 2 1 1 3
20 2 1 2 17 1 1 1 9 2 9 2 1 2 1 4 2 4 1 1 6 3 1 1 1 2 4 11 2 2 5 1 2 2 1 2 4 2 2 3 2 1 2 1 3 4 2 1 1 13 3 17 1 2 1 2 1 2 1 1 3 3 3 3 3 3 3 1 3 2 2 2 2 4 1 4 6 3 2 3 2 1 1 1 5 2 4 9 1 2 2 1 23 2 2 12 26 16 2 2 1 6 2 2 2 6 23 1 2 1 3 1 9 2 1 2 8 2 4 6 6 2 1 1 9 3 3 3 1 2 2 2 1 1 1 12 2 1 1 2 4 1 1 1 1 1 2 1 2 1 2 2 2 8 4 2 2 1 2 4 2 1 5 1 1 8 6 5 2 1 1 6 2 1 2 2 5 1 7 1 2 10 3 6 111 1 39 1 5 14 1 34 3 3 1 14 23 1 1 6
2 1 1 2 5 6 2 2 2 4 10 1 4 1 4 3 1 6 79 2 2 1 1 1 3 3 2 2 1 2 2 2 4 4 5 7 3 2 2 5 2 1 2 1 1 1 2 1 2 3 2 1 2 4 2 1 1 2 7 3 1 1 1 4 4 1 3 1 2 3 3 3 1 2 1 1 2 3 6 8 4 203 4 1 2 3 2 3 1 1 2 6 7 1 4 1 1 12 1 1 1 1 2 7 7 1 7 3 2 3 2 1 2 3 1 2 2 1 4 10 1 3 12 3 4 9 6 2 12 2 1 27 2 20 2 2 5 25 3 14 1 7 3 1 2 20 5 3 1 2 36 2 8 1 4 1 1 10 11 2 5 2 2 4 2 1 4 1 2 10 10 7 14 1 1 1 1 1 1 2 3 2 2 1 2 4 1 3 1 7 2 2 2 1 2 2 2 19 343 2
4 2 6 1 2 1 5 3 1 8 1 1 2 2 3 1 5 1 55 2 5 2 1 4 2 2 2 1 1 1 13 1 1 44 1 1 1 1 1 2 2 6 1 5 1 3 2 3 1 1 3 4 5 2 2 10 4 9 3 5 5 1 1 1 3 1 2 10 291 1 2 1 2 17 1 13 1 1 2 2 2 17 7 2 5 4 2 16 7 2 2 1 3 16 4 2 2 1 56 1 2 1 1 12 1 2 4 1 20 1 3 1 4 4 58 2 1 6 2 3 2 1 1 55 1 1 2 4 1 1 1 2 1 2 3 1 1 1 1 6 20 3 1 12 1 4 2 99 36 9 12 4 53 2 5 5 3 2 2 1 6 1 17 1 2 6 1 2 8 5 2 2 2 1 3 4 16 2 2 15 1 14 9 1 1 1 15 2 3 1 64 1 2 1 1 2 3 65 2 1
3 1 3 4 2 1 10 4 2 1 1 2 2 25 2 2 1 102 2 1 2 2 1 1 5 4 2 52 4 4 2 2 6 1 1 1 9 1 1 5 1 1 14 1 1 2 1 2 1 1 1 10 7 6 4 1 3 5 4 2 7 1 1 1 1 1 18 1 6 43 2 2 1 16 1 3 6 1 2 2 1 7 1 1 2 3 2 3 2 7 1 2 1 3 2 1 29 2 2 2 5 1 2 2 10 2 1 2 2 3 3 7 3 4 1 2 1 2 28 1 7 2 1 5 6 1 1 9 1 2 1 1 3 2 4 5 6 4 4 1 4 1 1 6 1 2 3 5 2 1 10 3 2 1 3 1 2 1 8 2 1 1 4 2 1 3 1 4 2 1 1 1 2 2 18 4 2 2 1 3 3 15 9 2 2 2 2 1 3 4 44 2 1 1 2 1 1 1 2 1
6 8 44 16 1 1 2 2 1 5 2 3 1 1 7 2 4 2 83 1 6 9 2 1 5 2 16 1 3 1 1 4 3 2 1 1 88 2 6 3 1 2 2 196 1 3 7 2 2 1 1 2 2 1 2 1 1 6 1 3 1 1 37 1 7 6 22 1 1 1 1 3 3 1 1 4 17 14 2 2 8 11 6 1 1 2 1 5 2 3 5 1 2 1 4 1 1 2 1 4 2 4 1 1 2 2 1 7 2 6 3 1 6 2 3 3 7 3 5 2 3 4 88 1 3 4 1 2 1 15 92 3 1 29 2 1 1 3 1 31 2 8 1 1 2 12 1 1 1 1 1 2 2 1 3 1 1 1 2 4 2 2 1 2 1 6 1 3 2 7 1 3 2 2 27 6 1 5 5 2 1 4 3 105 1 1 6 1 2 1 1 2 2 6 1 2 1 2 3 12
2 1 2 3 2 2 2 1 3 10 2 7 2 2 1 12 1 7 1 1 7 44 233 2 2 7 1 1 1 2 1 1 1 2 2 1 2 1 1 2 1 4 4 1 6 2 1 10 5 2 3 3 1 4 3 3 8 1 1 1 2 2 2 9 2 8 1 1 1 4 2 2 1 1 3 21 3 3 5 1 8 6 15 2 2 2 1 1 4 1 1 6 2 42 2 1 1 17 1 1 3 4 17 1 2 2 1 2 1 2 1 5 1 1 1 3 6 2 2 2 5 7 1 1 1 2 1 5 4 2 2 2 55 1 2 3 2 2 3 1 1 2 1 3 1 1 6 9 2 1 2 3 2 2 1 2 3 73 1 17 1 2 1 3 2 1 1 3 2 1 2 2 3 1 4 6 14 1 2 9 2 2 1 7 3 1 1 8 2 1 2 1 3 3 1 4 2 3 7 2
2 1 1 5 3 7 1 4 99 2 1 3 2 1 8 1 2 14 17 1 1 2 1 6 1 3 4 3 1 1 8 1 2 2 146 2 2 2 2 6 1 11 1 1 1 3 4 9 2 3 1 9 2 2 1 2 4 1 6 3 2 1 1 2 2 2 3 1 130 23 1 1 5 2 1 3 1 1 1 4 1 3 1 1 1 3 2 18 2 1 3 1 2 1 2 1 1 2 1 1 1 31 6 2 4 1 2 6 2 1 3 2 3 1 2 4 1 52 1 10 8 1 7 5 2 4 1 2 3 2 1 2 2 35 4 1 2 1 1 2 2 1 8 2 3 1 3 2 1 2 1 1 1 1 11 43 8 4 2 1 5 2 2 1 2 1 2 2 2 3 2 2 3 1 3 7 2 1 4 2 3 1 2 1 86 3 2 9 3 1 1 2 2 1 1 1 7 1 1 1
1 2 3 7 2 2 3 1 1 2 3 3 1 1 2 2 112 1 2 1 1 2 2 2 6 2 1 1 1 1 30 3 13 2 1 1 6 26 1 2 26 1 2 1 2 1 9 1 1 2 2 1 5 2 3 1 1 1 1 3 233 1 3 2 5 10 1 2 3 1 1 2 2 2 2 2 1 10 4 39 2 3 4 1 6 1 1 2 1 5 2 2 3 8 2 2 1 2 16 3 2 83 1 3 10 1 4 3 1 4 1 1 7 8 1 1 2 2 2 1 1 2 2 2 3 3 1 3 2 4 5 1 1 10 2 3 7 9 2 3 1 1 11 5 1 36 2 1 1 9 2 14 1 1 7 1 12 4 1 1 6 1 1 5 9 4 2 2 1 1 2 40 4 1 1 1 13 1 4 8 3 3 1 4 33 2 3 2 14 3 1 63 1 2 2 10 1 1 1 3
8 1 2 2 1 2 4 2 7 1 2 3 6 1 18 1 2 4 1 1 2 10 2 2 1 2 2 2 2 1 4 2 2 38 1 7 3 6 1 1 1 4 2 4 2 1 5 2 2 2 6 9 11 31 4 1 1 1 6 2 1 2 79 1 3 2 2 1 7 1 1 6 2 2 6 3 1 112 1 1 12 1 3 6 1 30 1 2 1 12 6 1 1 2 1 2 2 6 1 2 1 2 2 25 11 8 1 1 2 2 23 1 1 12 4 6 4 3 65 1 4 2 1 7 6 2 2 2 31 3 3 1 3 3 1 1 5 1 1 3 6 2 3 1 1 1 1 3 3 6 5 1 191 2 10 1 2 1 1 8 1 3 2 51 3 3 1 1 1 1 15 15 42 1 4 4 2 2 2 1 1 1 1 5 8 2 2 1 24 2 8 13 14 1 1 2 2 1 2 2
2 1 2 2 4 9 1 1 1 2 4 1 1 14 2 2 4 2 2 4 1 1 2 2 1 1 3 2 1 2 2 5 2 38 1 1 13 2 5 3 1 2 5 1 2 2 2 1 2 1 5 1 3 18 1 45 380 2 3 2 1 4 8 1 1 6 98 1 1 2 1 1 3 3 5 6 2 2 5 1 20 1 1 2 1 1 5 1 64 1 2 2 2 2 10 2 8 2 17 2 1 1 1 1 1 2 1 2 3 2 3 4 1 5 2 1 16 13 2 2 1 1 5 1 1 15 29 9 1 2 1 4 2 2 42 4 2 4 8 4 4 10 1 1 1 1 2 2 2 2 3 1 4 2 19 1 6 2 2 2 2 2 8 1 1 3 1 15 7 1 1 1 4 1 3 1 1 2 1 1 3 1 9 3 1 1 10 5 1 1 2 2 1 1 3 1 2 2 2 3
3 14 3 11 1 3 7 1 2 4 1 2 5 6 2 2 2 1 27 3 4 12 2 1 1 2 1 2 2 2 4 1 1 18 2 2 1 1 146 3 1 2 2 1 5 2 3 1 11 2 36 1 1 2 6 8 1 2 2 2 5 1 2 1 1 1 1 1 2 6 1 1 2 2 1 2 4 2 2 1 2 86 1 1 2 1 2 2 2 4 9 3 3 1 337 1 3 1 1 1 78 1 2 7 4 1 8 1 1 3 31 11 1 1 48 18 1 1 6 1 3 5 3 3 2 2 2 1 30 2 1 1 1 4 2 2 2 1 3 1 3 9 1 4 4 22 7 1 1 4 5 21 3 3 2 1 3 24 2 2 2 2 3 1 1 2 4 11 7 3 8 3 2 1 5 2 3 1 12 3 1 4 2 9 1 1 1 5 1 3 1 3 24 2 3 6 2 1 14 2
5 1 1 1 2 5 3 4 7 1 2 1 1 2 1 3 1 2 8 2 2 1 4 2 2 3 2 8 10 223 1 2 2 3 1 4 2 2 1 4 3 15 4 1 2 76 19 1 1 2 1 29 2 6 3 1 2 1 2 2 2 2 12 2 4 3 2 1 1 6 2 1 2 10 15 2 3 2 4 1 3 1 7 2 106 1 6 1 2 3 2 1 37 2 1 2 1 2 3 6 1 2 1 1 1 2 6 2 1 1 1 21 1 1 46 53 8 2 2 31 2 5 3 1 48 3 2 2 1 3 1 1 3 2 14 1 32 2 2 1 1 2 3 8 2 11 6 9 1 2 4 3 2 1 3 9 3 1 12 4 1 1 4 3 1 2 2 24 2 4 3 3 2 2 1 1 5 5 2 2 4 3 1 1 1 2 1 2 1 18 28 10 4 1 3 1 3 1 2 1
4 2 2 1 1 141 1 3 1 1 5 2 5 2 1 2 2 1 3 4 4 5 9 1 1 2 1 2 2 4 12 2 2 2 2 2 2 4 1 78 2 1 2 4 6 31 1 1 2 1 1 3 1 18 3 19 1 1 1 2 5 3 1 5 1 1 18 33 2 1 1 5 3 2 2 10 1 4 2 1 2 4 1 3 4 19 1 2 5 6 1 1 2 2 4 1 5 2 2 5 4 1 441 27 1 1 4 2 1 2 5 2 2 1 5 2 2 1 1 5 2 2 1 9 4 1 8 2 2 10 1 1 3 2 2 1 3 4 2 4 1 1 2 2 1 5 25 2 1 2 2 2 1 5 1 3 38 2 1 2 1 2 2 3 2 3 1 2 1 3 2 8 2 4 8 1 12 3 66 2 2 2 12 2 21 13 1 2 3 1 4 1 3 1 3 1 1 1 1 10
1 1 6 1 3 3 1 3 3 1 1 2 3 2 3 1 3 2 2 50 2 2 2 1 1 2 2 2 2 1 1 1 13 2 1 2 7 60 3 11 2 5 4 3 2 3 2 2 2 2 2 1 4 1 2 1 1 2 2 1 2 1 1 2 35 2 2 1 2 1 24 11 2 2 1 1 1 3 1 1 3 3 2 2 2 1 2 12 1 2 19 1 7 1 2 1 2 3 3 1 1 7 2 16 4 3 1 6 1 39 1 10 3 1 2 2 5 1 2 1 2 7 2 2 2 1 2 1 4 1 1 83 2 1 2 2 1 2 1 1 7 2 12 1 2 3 12 3 2 4 4 2 4 1 1 1 1 1 1 2 15 1 2 1 4 1 1 3 1 1 1 2 2 1 2 2 1 1 12 5 3 1 2 5 35 1 1 2 8 2 1 2 2 4 1 2 1 4 2 2
10 2 11 1 2 4 8 2 1 1 1 1 11 5 2 3 1 13 2 1 1 4 1 10 3 1 14 3 1 9 8 1 17 1 4 2 2 1 1 11 4 1 3 1 2 5 2 2 1 4 7 6 4 1 2 1 4 1 6 1 1 176 5 1 1 1 7 2 2 11 1 1 2 1 1 3 24 1 2 1 1 8 2 1 24 20 4 4 2 128 15 1 1 3 2 1 2 3 4 1 2 6 2 2 5 5 2 1 15 4 6 1 1 2 1 4 1 19 3 1 3 3 3 1 2 3 12 5 6 7 13 2 96 23 1 1 18 3 18 1 1 1 2 1 3 2 3 2 5 2 2 1 4 1 3 1 2 2 1 2 3 3 1 2 1 17 8 13 3 1 3 1 1 1 1 1 3 2 2 5 4 5 2 2 3 1 1 4 8 1 4 1 10 1 2 5 1 2 3 4
1 2 2 1 7 2 2 15 2 3 1 7 4 1 1 2 2 3 13 9 3 5 5 1 1 1 2 2 22 1 2 1 3 13 2 2 2 1 1 1 1 1 1 2 2 2 3 1 2 2 1 5 12 1 6 2 2 1 4 1 1 2 11 1 1 2 2 1 2 2 1 2 1 1 1 1 1 1 2 3 42 1 1 3 1 2 3 1 2 6 2 12 3 1 50 4 2 2 3 1 1 4 2 3 2 1 1 1 1 2 1 1 1 9 3 1 2 2 2 2 5 4 2 2 1 3 1 4 2 3 2 8 5 16 2 2 1 1 2 49 2 21 1 1 2 2 2 3 4 1 2 1 1 1 1 1 4 2 1 3 2 9 3 2 2 3 2 2 1 1 2 1 2 1 2 1 3 1 2 73 2 27 1 1 2 1 2 3 3 2 17 18 3 2 3 2 1 2 3 1
1 1 1 3 2 2 1 1 4 3 13 1 1 3 1 2 2 4 8 1 1 4 8 1 2 1 1 2 2 1 1 4 2 1 23 2 2 1 4 3 2 10 1 1 2 8 9 1 27 3 3 5 2 3 5 1 2 1 3 2 1 2 3 1 2 2 5 2 3 4 6 1 8 1 8 11 3 1 6 13 2 3 1 3 9 12 2 1 1 3 1 1 1 1 2 2 2 3 1 2 2 7 7 3 2 23 2 7 2 2 4 6 2 2 3 2 2 1 12 2 2 1 4 3 7 4 20 41 2 1 16 8 6 5 4 6 2 388 2 1 2 4 13 4 1 1 6 2 5 6 1 1 2 1 76 2 5 1 1 3 1 4 1 1 1 1 1 5 2 2 3 1 6 2 5 3 2 1 3 1 1 5 123 10 2 2 1 1 2 27 1 1 1 2 1 4 2 3 4 1
2 2 1 2 14 2 1 1 51 4 1 1 6 3 2 1 2 2 2 3 7 1 4 5 1 4 1 331 1 1 2 4 2 4 2 1 12 2 2 1 3 3 1 2 2 2 20 3 1 2 4 5 2 1 2 2 11 10 1 2 61 1 2 1 1 1 3 4 3 2 3 2 2 51 4 2 1 1 11 1 1 1 2 1 3 1 1 4 4 1 3 4 3 2 2 3 2 3 4 7 2 2 1 3 17 8 1 1 1 3 2 1 1 1 3 2 2 1 1 5 3 2 1 2 4 1 1 4 2 88 2 1 10 3 4 1 2 15 2 2 1 1 1 5 1 2 1 2 1 1 1 2 7 6 2 3 10 3 17 3 2 1 14 3 1 1 2 1 7 21 2 9 2 6 7 11 1 6 1 1 2 1 2 1 1 2 2 3 1 1 1 4 3 1 9 2 2 1 2 3
2 1 2 3 5 2 5 1 2 2 1 2 3 1 1 1 2 2 1 2 2 2 3 5 2 1 2 2 2 3 1 2 1 9 11 22 1 1 3 2 2 6 6 2 2 3 4 1 2 5 1 3 1 3 5 1 6 362 1 1 1 1 1 1 4 1 4 28 3 25 2 11 1 2 2 2 2 28 2 1 11 1 12 2 7 2 3 1 8 2 1 4 6 3 2 8 18 1 10 7 1 3 2 4 12 1 4 2 6 2 1 4 5 4 274 1 2 1 14 2 2 3 1 2 1 2 1 2 20 10 1 2 1 1 5 4 5 2 1 22 1 1 2 10 1 1 1 6 1 18 1 8 2 1 1 21 3 3 1 6 3 8 1 26 3 1 2 2 6 2 21 2 2 3 17 1 1 11 2 6 2 1 28 1 2 5 4 3 3 10 2 1 1 1 1 5 2 42 2 11
5 1 2 2 1 4 3 3 2 1 4 5 1 1 1 2 2 1 2 4 3 2 4 6 2 12 5 1 3 3 8 2 1 1 7 6 1 2 9 6 1 2 1 10 4 2 2 16 5 1 2 1 3 1 7 36 1 2 1 11 49 8 1 1 1 1 2 2 4 1 2 3 1 1 2 2 1 1 2 1 3 2 1 1 5 2 3 3 4 1 2 7 1 1 2 4 1 1 5 4 2 1 1 470 1 2 1 1 1 2 1 2 2 3 2 4 3 1 1 1 1 2 4 2 7 2 2 1 5 1 1 2 1 2 2 1 4 1 3 2 3 1 3 4 2 6 3 1 7 1 2 4 3 1 2 1 7 3 2 3 5 4 1 41 9 3 2 3 1 1 1 1 3 3 2 1 3 2 1 3 5 1 4 4 39 2 2 2 11 2 21 3 2 2 1 1 6 4 1 3
3 2 3 4 2 2 26 148 42 13 2 2 1 2 1 40 2 3 1 43 1 3 1 1 1 1 9 4 3 3 9 4 1 4 9 2 1 2 1 1 1 7 2 7 3 2 12 2 2 1 1 8 2 4 18 1 2 27 4 4 2 2 31 99 2 2 2 90 12 3 1 1 49 2 3 1 3 2 1 2 8 2 2 1 144 1 1 2 2 5 1 2 2 3 1 6 1 9 1 1 1 7 1 3 11 3 1 1 3 1 2 1 2 2 2 2 1 1 1 2 1 2 1 1 2 2 1 3 1 2 2 2 7 2 1 2 3 1 1 23 2 2 1 2 1 4 1 1 5 7 1 1 2 6 9 3 1 1 7 20 9 2 4 2 5 2 1 56 2 2 3 1 1 12 1 2 2 1 1 1 1 1 3 3 1 2 1 2 6 1 1 1 1 8 1 1 2 1 4 2
4 1 64 2 1 1 1 5 1 2 2 8 4 1 2 4 1 40 19 1 2 1 5 11 2 2 7 10 3 1 2 3 5 1 1 5 22 26 2 2 1 1 1 2 2 4 5 2 2 1 6 2 1 1 1 4 1 1 5 6 4 4 3 3 16 1 2 2 2 4 1 10 3 4 3 5 1 2 2 1 6 1 12 2 3 2 1 1 4 1 77 4 1 1 2 6 92 13 2 2 10 5 1 1 2 5 3 7 1 2 1 2 2 2 2 1 69 2 2 2 2 15 4 11 2 16 2 1 1 1 1 2 2 1 4 5 1 2 3 1 4 3 1 2 7 1 2 1 2 26 5 2 2 2 4 1 3 1 2 1 1 3 3 5 2 1 5 2 2 1 2 2 2 2 2 1 1 1 2 4 2 10 1 7 8 2 11 5 2 1 1 1 2 2 2 4 4 21 1 1
2 1 11 19 4 2 2 3 3 7 4 1 23 1 2 325 6 1 2 3 1 2 6 1 5 1 2 1 3 23 2 3 5 61 1 2 4 29 6 4 1 5 7 3 1 4 3 6 3 3 2 2 3 1 1 1 8 2 1 1 11 1 4 1 5 1 2 1 7 2 2 1 4 5 1 2 1 4 2 4 4 1 10 1 2 1 2 13 7 4 2 2 1 9 1 4 5 4 1 1 2 2 32 1 1 2 1 7 3 8 2 1 1 2 8 1 1 1 34 2 4 1 2 2 2 1 1 23 1 2 1 2 1 2 4 1 3 2 2 1 2 27 14 2 2 1 99 2 2 1 10 1 6 2 7 1 4 3 126 1 2 13 1 2 3 2 2 2 4 2 3 3 2 1 3 1 2 2 2 1 3 3 1 1 2 7 3 2 1 3 32 1 2 3 1 297 3 4 22 1
2 2 154 2 1 4 4 2 1 32 6 2 29 29 8 2 1 3 2 1 3 1 1 2 18 8 1 1 2 3 2 1 1 2 1 2 2 1 1 7 3 2 4 2 3 2 15 1 2 1 7 1 4 1 2 2 1 24 156 2 2 8 4 53 1 2 4 1 5 3 2 3 3 8 2 3 2 1 2 11 1 1 1 10 6 1 2 2 1 3 2 2 9 1 4 1 7 3 1 1 1 1 5 2 2 1 10 1 1 2 2 1 3 1 13 8 2 12 3 1 1 2 1 1 3 2 8 1 5 5 37 3 1 6 1 1 6 12 7 7 14 7 2 1 2 1 2 2 1 4 1 2 2 2 2 11 4 116 1 11 1 3 6 24 1 1 1 1 2 5 1 1 2 2 1 2 2 3 3 1 11 1 1 1 15 12 3 5 5 2 2 58 1 2 2 2 1 3 1 3
1 1 2 1 1 6 13 4 1 1 1 3 2 3 8 3 3 1 4 1 1 5 5 4 3 1 2 2 3 7 1 2 2 3 4 4 2 1 24 4 6 4 1 2 2 5 2 19 6 2 1 1 11 1 4 2 1 3 3 74 4 6 6 9 4 2 4 1 5 2 3 1 17 1 1 2 4 1 2 2 5 11 2 2 4 2 3 5 3 17 2 1 5 1 3 14 1 2 1 1 2 5 6 1 11 3 2 1 2 4 3 22 1 1 2 2 5 1 1 2 4 2 2 2 2 30 2 7 1 7 3 2 3 1 3 1 2 1 1 6 2 1 1 3 16 1 6 8 2 2 3 7 4 5 1 8 2 2 1 3 1 3 4 1 11 3 8 1 2 25 4 1 1 8 26 1 8 1 2 1 2 2 1 1 1 2 3 3 16 6 2 1 2 1 2 2 4 3 1 3
3 1 18 1 7 3 12 2 1 12 2 12 2 1 2 1 3 1 1 4 5 2 1 2 4 1 20 7 1 1 2 1 2 12 1 2 9 4 8 9 2 2 2 2 2 4 1 2 1 1 12 1 6 74 3 3 13 2 1 1 1 4 3 123 2 2 1 8 2 1 2 1 1 1 1 82 2 2 13 7 1 2 2 2 3 3 3 3 4 1 7 1 2 1 2 32 3 2 2 1 1 3 4 4 1 1 3 1 5 2 1 1 5 1 5 1 1 20 2 1 6 6 6 5 2 1 1 3 1 5 2 5 1 2 3 1 1 1 4 1 2 2 1 3 25 9 2 5 2 8 2 10 2 6 1 1 1 2 1 1 2 1 1 2 1 1 3 1 2 3 1 18 11 1 1 133 4 4 7 1 2 2 2 1 15 2 1 1 2 3 1 2 1 6 21 9 1 1 41 8
3 2 4 3 4 2 2 2 23 21 2 1 5 2 4 1 1 44 2 2 3 1 3 1 5 1 43 6 6 1 2 6 1 8 8 2 1 1 2 18 2 2 18 24 1 18 2 1 162 1 2 1 3 55 1 1 1 33 1 3 2 2 1 2 10 1 2 2 2 16 2 1 7 1 1 2 1 11 2 6 2 5 3 2 31 1 2 3 3 10 3 91 1 6 23 16 1 13 2 5 1 4 22 2 4 25 1 1 2 16 32 6 1 1 5 2 2 6 1 6 1 4 4 2 2 1 43 2 3 6 2 2 1 2 5 2 14 3 9 1 202 5 1 1 13 1 1 2 4 1 1 2 7 1 1 1 20 1 1 3 1 1 1 1 3 2 2 3 1 2 2 55 2 1 7 4 2 2 4 1 1 3 5 4 2 17 1 2 1 1 2 3 1 2 1 3 6 14 7 2
2 1 1 23 2 1 27 4 1 5 1 4 5 2 1 1 2 4 4 1 3 5 2 1 3 5 3 1 1 14 1 3 1 2 2 2 1 1 1 1 2 3 4 3 1 1 1 1 1 1 2 2 13 4 17 1 5 1 2 1 3 15 1 1 1 1 1 1 1 2 9 2 1 176 2 2 1 3 2 1 1 6 1 2 1 2 1 1 1 1 13 22 7 7 3 1 3 4 1 1 2 6 1 2 2 2 3 1 19 11 3 2 2 2 2 1 84 6 5 14 3 1 1 17 2 2 5 1 1 1 2 1 2 3 1 3 1 1 5 1 1 1 3 2 13 4 2 4 2 2 4 1 1 2 1 3 4 2 3 1 1 1 7 1 3 1 7 2 1 7 1 1 2 2 2 2 31 4 4 6 2 2 10 15 1 1 1 1 5 3 3 1 2 21 3 3 15 7 2 2
3 1 2 1 1 1 2 42 1 3 1 1 1 23 9 9 10 2 2 1 8 3 3 6 2 2 6 2 3 2 1 2 4 1 2 150 1 3 2 20 7 2 2 3 3 3 1 6 3 27 1 1 2 1 1 1 1 2 4 2 6 3 1 8 1 3 3 1 2 3 1 1 1 3 2 4 2 1 1 1 2 2 390 10 3 2 18 2 2 2 5 1 2 7 8 1 1 2 1 1 1 2 22 1 3 2 2 3 1 4 1 1 3 2 3 2 2 1 2 4 4 1 54 3 8 2 8 2 3 1 1 9 25 11 1 1 6 3 3 3 13 1 1 5 1 1 5 1 1 1 1 1 1 1 15 2 1 24 2 28 3 2 2 1 1 4 1 2 1 4 2 2 1 1 7 1 1 1 1 2 3 15 1 2 1 4 11 7 6 1 1 1 20 28 1 2 1 2 1 41
1 13 1 2 2 1 1 3 14 2 2 1 1 15 3 1 2 1 1 5 5 23 1 3 1 3 3 41 1 8 28 2 1 1 1 1 10 2 2 2 3 2 3 3 1 1 1 3 8 1 2 4 1 1 1 6 1 5 4 1 4 5 1 2 4 1 1 2 3 2 4 1 1 1 2 1 1 5 4 1 2 3 1 2 1 2 1 1 1 2 2 3 2 11 2 115 2 31 2 11 187 7 2 1 4 1 1 2 1 2 2 1 2 1 2 2 1 19 2 2 1 8 1 3 4 9 19 3 37 1 3 39 1 11 1 2 1 4 2 3 22 3 5 2 3 3 1 2 2 2 2 1 99 8 1 6 3 3 1 2 3 3 1 1 1 9 1 2 2 4 16 1 1 1 7 2 1 2 2 1 6 2 1 5 1 1 3 1 1 2 32 1 2 1 4 4 1 3 1 1
1 9 1 1 2 4 3 8 1 21 3 239 1 2 15 1 2 1 1 10 11 1 3 2 1 3 1 2 1 1 1 115 3 1 1 1 1 3 1 1 1 2 1 7 4 1 1 3 1 9 1 2 2 2 4 36 7 4 48 3 3 3 1 6 21 1 1 5 1 2 1 2 1 1 1 3 1 1 2 2 2 1 3 3 1 2 2 1 9 1 6 1 1 3 1 9 1 2 4 1 2 1 2 2 4 4 3 2 1 2 1 2 2 2 2 2 2 1 2 1 2 2 1 5 7 1 1 1 1 1 1 1 2 1 1 1 5 4 1 2 4 3 5 1 6 2 2 2 2 1 2 4 1 3 4 1 3 1 2 1 1 4 3 7 3 1 1 1 1 2 1 2 1 1 2 1 3 2 2 4 22 1 2 1 1 2 1 2 90 1 4 2 6 5 1 1 3 1 5 3
2 2 11 2 5 2 2 2 6 3 9 5 2 2 11 5 1 2 1 7 19 1 10 1 6 6 2 2 6 2 3 2 4 6 2 2 5 4 2 1 2 2 3 3 2 1 1 11 7 1 3 2 2 4 6 4 4 4 2 48 2 6 1 1 2 12 2 3 12 3 3 1 1 3 2 21 4 6 1 1 2 2 3 3 1 2 1 102 1 1 2 1 1 1 1 1 1 3 2 42 1 1 1 3 1 3 2 10 3 48 1 1 1 3 2 2 5 1 4 1 3 2 4 1 3 1 3 2 8 1 1 3 5 1 1 1 4 6 7 8 1 1 2 1 4 1 7 4 1 1 1 4 1 13 4 1 1 1 2 1 5 1 3 14 1 3 13 1 2 1 1 2 1 3 1 2 1 1 5 4 1 11 1 33 2 1 7 1 37 5 1 1 1 18 9 5 4 1 5 1
1 3 1 1 7 1 54 1 1 11 2 20 42 1 2 1 2 2 2 1 1 7 2 1 1 2 2 2 1 1 2 1 5 2 1 5 4 2 1 2 1 19 12 3 2 2 1 1 4 2 1 1 5 8 7 1 2 5 1 1 3 6 1 104 1 2 4 3 1 2 2 1 1 1 2 2 4 1 11 10 4 24 19 32 2 1 2 4 2 2 1 6 1 2 51 1 2 2 2 1 5 2 3 3 2 2 8 2 3 1 1 1 1 2 2 97 1 9 1 2 180 1 2 1 5 2 1 2 1 4 1 4 2 2 11 1 2 57 6 6 3 4 5 40 1 6 1 2 5 4 1 2 2 2 3 2 5 3 3 3 1 2 1 1 1 1 3 4 1 1 3 17 10 2 73 6 2 3 1 1 3 3 2 39 1 1 1 48 1 2 1 1 2 20 4 20 1 19 14 1
2 1 1 3 1 13 3 6 2 6 2 2 1 5 6 1 2 3 17 1 2 20 6 3 1 1 1 1 1 1 2 6 10 4 2 1 9 2 9 2 3 4 1 10 4 1 10 1 2 88 1 1 1 11 4 3 1 4 2 1 1 5 1 1 1 1 2 2 12 9 37 1 6 4 1 10 1 1 1 1 1 2 6 5 1 1 1 1 1 1 2 7 11 1 1 1 2 18 18 44 2 2 3 1 2 2 1 2 6 2 1 1 1 1 2 2 1 2 8 3 3 17 2 14 1 1 22 1 2 2 2 55 2 2 52 2 3 2 1 3 2 2 1 1 2 1 2 3 1 2 27 9 1 2 2 3 5 1 1 1 1 71 1 3 1 2 1 2 55 2 1 11 9 1 13 3 3 1 2 1 8 46 3 2 7 15 2 14 2 2 2 34 7 1 2 1 2 3 2 1
1 1 3 2 1 1 2 1 11 2 3 21 1 9 1 8 2 2 3 2 27 4 2 4 2 1 1 1 1 2 2 1 2 3 2 10 66 1 3 2 1 4 9 2 2 2 2 2 1 1 2 6 1 2 2 3 109 2 6 2 5 6 9 1 1 3 2 1 3 2 36 2 1 1 1 4 2 2 4 2 8 1 3 3 1 2 1 3 2 39 2 1 1 2 12 2 1 2 1 1 1 2 2 2 2 1 2 56 6 2 8 2 29 1 1 3 16 2 1 2 1 1 3 6 3 2 2 2 2 1 5 4 2 2 3 2 1 2 7 4 4 2 3 2 3 1 7 1 3 1 7 2 2 1 1 1 2 2 2 3 13 1 3 1 1 4 2 3 2 5 1 1 15 4 4 2 1 2 4 1 10 3 1 4 3 1 1 3 5 2 1 1 3 3 1 2 22 2 1 2
3 1 1 7 41 19 3 4 1 2 1 3 8 4 1 1 3 2 4 7 4 12 2 2 11 1 2 3 44 4 2 1 1 1 2 2 1 1 2 90 3 2 2 2 1 2 3 2 3 1 1 9 7 10 1 1 1 3 2 1 1 11 5 1 45 3 4 7 4 2 2 1 1 1 2 2 5 1 1 58 1 79 5 1 2 5 2 1 3 2 1 1 2 1 2 1 2 2 1 1 1 1 2 8 3 9 3 2 2 3 1 1 2 1 11 2 1 1 5 1 1 1 3 58 1 2 4 2 2 1 2 2 1 1 3 2 10 2 1 1 9 5 2 1 3 4 2 1 1 1 1 2 3 5 3 2 3 1 2 7 1 3 3 2 2 2 2 1 21 2 1 1 3 2 3 4 2 96 4 3 2 2 1 8 1 1 3 10 2 1 2 2 1 1 1 3 2 1 2 6
1 3 2 2 1 49 1 1 1 2 1 2 2 2 2 1 2 1 4 1 4 3 4 5 4 6 2 2 1 2 2 1 2 2 2 8 1 2 1 1 1 9 2 1 1 4 4 1 2 4 2 2 2 62 2 1 1 2 1 3 2 2 2 1 10 2 1 13 2 3 1 5 5 1 2 19 3 2 2 1 1 2 1 1 27 8 6 1 3 1 20 1 2 2 2 2 1 1 1 10 2 2 7 3 2 1 5 2 2 1 2 21 2 2 2 3 11 7 4 1 79 5 1 18 12 1 1 1 4 27 2 3 4 4 10 1 1 12 1 1 1 1 17 1 1 1 1 3 1 5 1 3 3 4 1 1 2 1 14 2 2 1 30 2 2 1 3 27 1 1 1 4 1 3 4 1 1 8 3 4 2 1 6 2 1 7 1 1 2 4 11 2 10 1 1 3 1 2 8 1
1 1 3 1 1 1 1 2 3 1 2 3 2 3 4 5 1 1 6 3 2 1 2 17 2 1 1 4 1 1 1 2 2 1 1 8 1 2 2 4 2 3 2 1 2 1 2 4 2 5 12 1 4 1 5 4 2 11 3 1 3 1 10 3 3 1 2 40 2 4 2 2 12 1 2 1 4 12 4 5 1 4 1 1 6 12 2 1 1 2 1 1 67 10 1 1 7 15 2 2 10 2 10 3 2 1 8 1 1 26 1 3 2 3 2 5 1 3 1 2 1 1 3 1 3 1 3 4 1 1 1 8 16 1 2 1 4 1 1 4 1 5 1 1 8 112 4 8 2 6 2 3 3 4 1 4 1 2 5 8 2 1 3 13 1 2 2 3 2 3 3 1 2 1 1 16 2 2 2 4 1 2 3 1 1 1 4 81 1 3 1 2 2 76 1 1 8 2 2 2
7 3 3 1 1 1 2 6 2 2 3 2 1 1 2 4 2 1 1 2 5 2 2 3 2 1 1 1 1 2 1 2 2 2 2 2 44 2 1 1 1 3 1 2 2 4 1 3 7 1 1 2 2 3 3 89 2 3 3 1 7 15 7 12 4 1 6 2 1 7 4 15 1 10 1 1 3 3 1 3 5 2 1 3 31 1 1 34 1 9 6 15 17 1 3 12 2 2 9 4 4 1 1 1 4 1 3 1 9 3 2 1 31 3 3 1 5 8 4 8 1 3 5 3 6 2 9 7 3 2 1 7 2 3 1 2 2 2 72 1 11 2 1 1 2 2 8 1 1 12 1 1 2 1 1 2 3 1 20 3 3 2 2 3 29 4 1 5 3 2 5 4 2 1 3 26 11 12 2 1 2 2 3 2 2 2 2 2 1 1 9 2 1 99 44 3 1 2 1 1
4 17 5 15 2 35 2 1 2 2 2 2 1 1 2 2 1 1 15 1 2 3 12 4 6 3 4 12 1 1 8 2 4 2 4 2 3 5 1 8 1 1 1 3 3 1 1 6 1 7 1 1 6 1 4 2 1 1 7 2 2 2 1 1 2 2 1 1 106 22 5 2 1 16 2 1 1 4 2 1 2 1 1 1 1 3 6 1 1 2 1 2 1 4 2 1 1 71 1 3 6 1 29 1 1 2 1 2 4 35 1 1 2 3 5 2 2 44 5 5 5 2 3 2 6 1 2 1 2 1 1 11 2 4 7 2 1 23 1 4 1 1 2 2 1 1 3 2 14 3 1 1 6 3 1 2 1 1 1 13 2 2 5 1 2 1 2 15 1 8 2 2 5 7 2 6 7 1 30 2 1 1 1 1 1 1 1 3 1 2 3 2 4 4 7 2 12 1 21 4
1 1 2 54 3 3 2 3 1 1 10 2 1 15 1 1 2 1 4 3 4 5 7 12 65 1 1 2 18 2 1 9 1 2 3 1 2 12 1 69 2 1 1 10 2 1 1 11 1 1 11 10 1 2 3 8 2 1 1 2 2 2 3 1 2 1 2 1 1 1 1 498 1 2 7 11 1 1 2 1 1 6 2 1 2 23 2 1 1 2 11 2 4 1 2 1 3 2 2 24 4 2 8 1 2 2 1 1 1 7 1 14 4 29 4 2 1 2 2 1 1 2 158 2 1 2 1 1 1 4 2 1 6 3 3 1 1 1 1 3 3 9 1 2 2 1 10 4 2 2 10 10 3 2 2 18 27 1 1 1 2 1 2 1 2 1 1 10 12 2 1 1 2 2 1 8 1 1 16 7 1 1 6 1 1 5 6 1 2 1 1 1 5 2 4 4 21 2 198 2
10 3 6 5 1 9 4 4 6 93 2 2 4 1 6 1 1 1 4 2 1 12 2 2 3 2 3 15 5 1 1 1 2 3 8 7 1 1 30 2 1 2 7 3 4 2 17 1 2 1 21 7 11 1 1 1 13 5 79 1 1 6 1 2 67 2 1 1 1 4 2 4 1 1 2 1 1 2 4 2 11 3 2 4 6 2 2 2 2 1 6 5 2 1 1 2 17 1 1 1 1 18 6 6 60 1 1 1 6 2 6 2 10 2 1 1 1 1 2 4 16 1 1 2 1 2 1 4 4 1 7 1 1 5 1 1 2 2 1 1 2 2 9 1 1 6 3 8 2 3 4 2 2 3 3 2 1 6 2 1 1 1 1 2 1 1 8 5 4 2 2 4 22 27 2 3 2 1 1 2 6 2 2 7 2 1 1 4 23 5 3 2 1 2 1 1 1 18 2 11
2 2 2 2 1 2 1 3 1 1 2 13 2 2 3 1 2 9 1 2 2 1 1 2 6 4 1 2 1 1 6 5 1 2 2 1 1 3 26 3 1 3 1 2 1 1 4 1 2 5 6 2 2 2 1 4 1 3 3 1 1 1 5 1 2 2 6 8 2 2 3 17 2 1 12 2 9 4 1 4 4 2 3 2 1 11 1 2 1 3 1 1 2 1 1 3 2 1 1 20 3 4 2 9 9 3 1 1 1 2 6 1 1 1 1 1 5 6 5 2 2 1 1 2 6 2 2 1 2 2 4 1 15 13 2 17 2 2 1 2 2 2 2 4 1 1 93 6 3 1 1 1 17 1 1 5 3 2 1 3 2 3 2 2 1 13 1 1 5 1 1 1 6 2 2 8 8 4 4 2 111 1 3 1 2 4 1 4 3 2 1 18 1 67 174 1 2 3 11 1
10 4 1 3 5 5 147 2 3 1 1 1 5 4 1 1 1 9 11 3 1 1 3 1 8 1 1 1 4 3 1 2 2 2 2 2 2 3 5 3 1 3 2 3 2 4 25 1 2 3 3 10 6 12 3 2 2 2 2 2 3 3 7 17 1 1 1 2 1 1 2 1 2 5 13 10 2 2 12 2 2 2 2 1 10 4 3 1 2 2 1 2 1 3 56 17 1 2 23 2 3 1 2 2 3 4 3 1 2 3 6 1 2 2 7 3 7 1 29 1 1 5 2 7 1 6 1 2 1 1 40 1 3 1 1 2 7 5 2 11 3 2 1 5 5 3 2 1 6 2 7 1 3 1 2 1 2 7 4 2 1 5 1 1 1 138 5 2 2 1 10 8 1 25 1 10 1 1 5 16 2 2 1 2 4 5 2 9 1 1 3 1 2 4 2 1 1 3 2 7
1 3 15 2 1 2 1 1 7 5 6 13 243 5 6 1 1 2 2 15 1 1 1 17 2 1 3 64 1 3 1 2 2 1 1 1 2 3 2 3 1 1 10 1 1 2 3 1 1 1 16 12 1 52 6 3 2 2 7 8 33 2 2 2 3 2 2 1 1 1 3 1 2 6 3 13 7 3 2 1 1 2 1 10 2 1 2 2 1 7 1 7 4 1 1 5 2 6 1 2 4 1 1 1 2 1 2 21 2 1 2 3 2 3 29 1 2 1 3 1 5 1 28 1 4 10 2 2 2 2 1 4 1 6 8 2 1 82 11 2 9 1 1 1 2 1 1 5 2 2 1 2 2 13 2 1 2 1 5 6 2 7 2 1 1 1 1 17 1 3 1 19 4 1 10 3 13 3 2 2 1 9 1 4 1 1 59 2 10 5 1 1 1 1 1 5 7 4 3 2
3 1 2 1 2 1 20 3 9 2 1 8 2 2 2 5 1 2 1 2 1 15 2 1 1 2 4 6 2 1 1 1 17 1 1 17 2 8 3 1 1 1 1 3 3 1 1 2 65 1 1 2 1 4 9 6 2 5 4 1 1 3 38 2 1 2 1 1 7 4 5 2 1 2 6 3 3 5 17 2 3 1 57 16 1 1 3 9 1 1 5 3 1 5 2 4 2 1 1 1 4 45 28 5 12 1 2 1 2 2 2 3 1 2 2 8 2 2 8 4 1 1 1 5 3 1 1 2 2 2 2 3 2 20 134 2 2 2 9 1 4 2 12 1 1 1 2 6 1 1 9 2 2 5 10 2 1 1 2 2 15 1 32 20 4 3 2 1 1 2 1 2 7 3 7 16 2 1 1 2 1 1 1 1 3 1 28 2 4 7 19 2 1 3 3 20 1 1 125 1
5 1 2 1 2 3 9 2 4 23 1 2 3 2 1 4 11 1 1 3 1 3 1 32 3 1 1 3 2 2 1 2 4 6 3 2 1 2 3 1 2 3 1 2 2 1 3 1 3 8 2 25 4 1 2 5 8 2 1 2 1 1 1 1 7 187 2 2 13 6 2 1 2 4 3 3 5 91 1 1 15 2 9 4 2 2 7 2 1 1 3 11 9 1 3 10 3 3 2 2 1 3 2 2 2 2 5 4 3 2 4 3 1 3 2 24 3 2 1 3 1 2 3 3 1 3 4 3 1 7 8 5 3 4 4 7 2 4 1 4 7 6 4 2 10 6 1 2 5 4 1 3 6 3 1 1 1 1 3 1 1 2 33 118 8 2 2 1 6 2 1 4 2 1 3 3 1 15 1 2 2 3 1 3 1 2 3 1 2 1 2 2 121 1 2 9 10 1 2 2
3 2 18 1 3 1 2 4 1 59 2 1 2 2 2 2 2 1 9 2 1 1 1 2 2 1 5 8 1 4 7 1 22 1 1 1 6 1 2 2 4 2 6 2 7 1 1 3 3 8 1 2 5 1 2 1 2 1 3 10 1 9 1 1 1 5 2 58 3 1 1 1 3 2 14 1 1 2 5 3 4 28 2 4 1 1 3 7 1 11 5 1 3 1 14 1 2 9 4 18 1 2 10 3 7 1 3 16 2 7 3 2 1 1 2 1 7 1 2 1 2 1 18 5 19 2 2 68 1 11 3 2 9 1 2 4 2 4 29 12 3 5 6 2 2 1 3 2 4 2 2 1 3 9 1 1 2 2 2 2 1 1 3 2 1 4 2 4 3 3 2 3 2 2 4 1 1 2 8 2 5 2 12 2 1 1 1 2 4 3 4 2 3 4 3 86 14 12 12 1
3 2 1 4 2 1 6 4 4 9 4 1 2 3 7 1 1 1 1 1 19 2 2 1 14 2 5 1 1 2 2 2 2 2 2 2 5 2 1 1 1 4 1 1 2 2 1 4 7 4 9 5 4 1 11 3 10 2 1 2 3 1 1 2 2 2 4 2 1 1 1 2 1 1 297 3 1 1 1 2 1 1 1 3 5 1 2 1 1 3 2 3 3 2 1 2 2 2 3 1 2 2 9 7 4 2 1 1 1 1 13 2 20 1 2 2 5 2 4 3 1 4 9 17 4 2 1 2 1 3 1 2 5 2 1 2 3 6 8 42 2 2 1 1 1 17 1 1 4 3 1 11 19 1 1 3 1 26 17 5 2 2 8 2 2 2 2 2 1 1 1 1 2 2 2 2 4 1 1 3 2 1 4 1 1 7 2 2 2 1 1 42 1 3 1 1 2 2 2 1
2 5 1 1 1 2 2 2 1 3 1 19 1 1 1 2 2 2 2 2 2 2 6 6 1 2 3 2 1 1 4 1 6 2 1 1 2 1 1 2 2 1 2 5 1 1 4 1 2 3 1 119 1 6 1 2 1 1 1 41 4 1 2 2 5 6 1 1 2 5 2 1 2 6 4 1 2 2 1 2 1 4 5 3 2 1 2 3 16 1 1 6 2 1 2 21 5 44 2 4 1 1 11 2 4 1 2 1 5 1 1 1 1 15 1 1 1 2 1 9 9 1 3 3 3 9 6 1 6 1 2 2 1 2 3 5 10 1 1 1 1 2 3 4 40 7 2 1 2 17 1 1 1 3 2 5 1 1 2 183 3 3 1 2 10 5 1 2 4 4 1 2 3 10 1 1 1 2 7 1 4 2 2 2 1 2 1 1 2 5 2 1 2 2 2 1 1 2 1 2
1 1 1 6 8 2 1 2 1 30 2 3 2 3 7 1 1 2 7 4 1 13 1 2 2 1 1 131 3 2 2 2 2 1 9 1 1 5 2 4 1 3 1 1 1 2 2 6 10 3 16 1 2 3 5 1 1 3 1 1 4 1 3 8 3 1 3 3 2 2 2 1 3 2 12 7 3 6 1 13 2 6 4 6 1 1 10 8 1 1 2 1 4 105 2 2 2 15 42 2 3 15 2 2 10 2 11 1 4 46 3 4 1 1 2 1 4 1 5 1 6 2 2 1 1 1 2 3 2 7 1 1 2 1 1 89 1 2 1 2 10 1 1 1 1 5 2 3 8 2 2 2 2 2 4 1 1 1 2 7 1 34 3 2 1 5 2 4 2 2 2 2 11 9 1 2 1 2 3 11 1 2 3 5 1 2 2 2 19 7 2 1 3 1 2 1 4 2 25 1
1 2 4 1 4 4 2 1 2 2 1 1 2 5 5 2 1 2 3 46 61 1 3 2 3 2 9 1 1 2 2 9 5 2 2 2 4 1 2 2 2 2 1 3 1 25 2 1 2 6 1 1 4 4 5 2 2 1 2 2 1 1 2 1 1 135 1 3 3 2 16 3 2 4 1 1 2 6 2 5 1 2 2 1 3 2 3 7 40 1 2 1 1 4 2 1 2 1 1 2 1 2 2 1 3 3 13 5 2 2 1 1 2 2 2 49 1 2 1 3 1 2 11 10 1 2 3 20 1 1 7 1 8 7 2 2 1 2 87 2 6 7 2 5 14 1 2 1 1 1 9 2 1 2 1 6 1 3 1 10 1 5 2 3 7 2 3 1 2 6 1 3 2 3 2 2 2 4 12 2 4 6 1 6 2 2 2 4 2 1 1 3 3 31 2 3 3 2 1 1
1 1 2 1 1 3 4 1 3 1 1 3 6 2 1 1 1 3 1 2 13 21 3 2 5 11 1 2 7 6 2 2 2 2 5 1 2 2 1 3 3 5 1 3 49 3 1 2 3 2 2 1 5 6 3 7 2 1 1 1 3 2 2 5 2 14 60 2 5 10 1 2 1 1 4 16 1 1 1 4 3 2 8 19 3 1 2 1 2 1 97 1 1 2 7 4 2 3 2 2 2 6 1 2 4 48 4 2 3 2 3 6 1 1 2 2 1 1 2 7 1 3 9 2 2 6 2 1 3 1 1 3 1 1 2 2 1 2 2 1 1 1 1 42 3 73 1 1 1 1 7 3 1 4 1 4 224 1 27 31 1 2 39 17 2 2 3 53 12 2 2 2 2 4 4 4 6 2 10 1 5 2 2 1 1 1 2 1 16 1 2 3 2 8 2 1 2 2 4 1
1 1 43 3 75 2 2 1 1 2 7 1 9 1 1 2 6 1 2 1 1 2 5 4 8 4 11 1 6 3 2 1 2 22 3 2 1 4 6 9 2 1 1 1 6 1 3 2 3 1 2 20 3 22 2 3 5 1 13 5 47 1 2 1 1 227 13 2 2 93 2 9 8 1 2 13 1 2 1 5 2 2 4 1 2 2 1 2 27 2 5 2 1 2 2 3 3 2 2 1 2 2 11 1 2 2 1 20 2 1 1 1 1 21 2 7 3 1 1 2 5 1 16 1 10 2 2 1 1 1 6 1 1 3 2 2 3 1 2 1 9 3 1 8 8 1 1 2 1 2 64 2 5 4 2 1 2 2 5 1 1 3 3 1 4 8 2 46 2 3 2 2 3 3 42 5 4 4 4 2 7 2 1 2 5 1 1 1 1 1 2 2 2 1 2 1 7 1 3 1
2 2 3 2 1 2 2 1 5 4 1 1 33 1 3 2 17 1 2 10 1 1 1 3 1 5 1 5 1 2 3 4 1 4 2 2 49 3 14 10 2 2 2 3 5 2 1 4 1 1 1 4 2 1 4 41 1 2 1 1 2 1 1 1 3 3 2 2 2 1 1 1 4 1 2 2 3 2 1 8 5 1 8 11 2 3 3 5 10 2 2 5 1 1 167 1 1 1 1 2 1 3 1 5 5 2 1 1 9 1 2 2 2 6 2 7 2 1 2 4 5 1 1 1 1 5 3 6 50 2 2 3 1 1 6 3 2 1 4 3 15 1 2 1 10 1 9 1 2 1 2 1 84 1 1 6 1 5 3 1 10 3 2 1 3 1 5 1 8 3 1 1 1 3 2 1 1 4 1 1 2 1 37 1 10 2 2 6 11 2 1 2 3 8 3 3 1 4 1 3
2 1 6 3 5 1 404 21 2 1 1 2 40 2 2 2 12 1 3 1 2 2 4 1 1 2 1 2 79 2 2 1 1 1 4 4 7 5 1 2 46 3 1 3 4 1 4 2 2 18 1 1 6 4 1 1 1 5 1 2 6 3 12 3 3 15 6 1 4 1 1 7 3 2 3 1 51 30 2 2 2 1 52 2 1 2 1 1 3 4 2 2 2 1 4 1 4 2 3 4 2 1 2 1 10 2 7 1 1 2 1 1 1 1 2 2 34 1 1 1 1 6 2 2 1 2 3 2 2 1 1 1 1 3 13 6 2 1 1 2 1 95 8 2 1 5 1 1 3 1 3 1 1 1 1 1 1 4 1 12 2 1 1 1 1 1 1 1 2 2 2 6 2 1 2 5 1 4 33 5 6 2 1 1 1 1 5 1 2 6 1 9 1 2 3 4 3 2 13 1
23 6 3 1 8 3 2 1 1 1 8 2 2 2 1 18 80 1 1 2 2 1 3 3 1 3 1 1 2 3 2 1 1 108 2 1 2 4 1 2 1 2 2 1 1 1 4 2 1 2 4 1 13 2 1 2 1 6 1 1 9 1 2 1 1 2 1 2 3 1 4 1 1 101 2 4 2 3 3 1 1 34 1 3 3 4 2 1 2 2 1 5 1 9 5 2 1 1 1 4 1 2 10 4 3 1 62 2 2 1 5 3 1 2 2 2 7 1 1 2 6 3 2 3 3 2 1 25 3 2 6 1 1 5 1 7 5 1 4 1 15 14 4 1 7 288 2 1 9 1 2 1 2 1 9 2 30 1 4 7 1 1 2 3 3 4 1 2 5 55 10 2 1 3 1 10 4 1 12 1 2 2 1 2 3 1 1 3 2 2 3 5 1 3 2 2 22 2 3 1
2 2 2 1 34 1 4 9 2 1 24 4 1 1 1 1 7 1 2 2 2 1 3 2 17 8 2 2 8 1 75 3 3 3 1 30 3 7 11 12 10 1 1 9 1 1 5 3 2 1 2 2 6 4 16 1 2 1 11 15 2 1 2 2 1 3 1 4 2 2 1 4 5 1 21 3 1 3 1 5 5 8 1 1 4 1 3 29 18 1 4 3 9 4 2 10 1 1 6 3 1 2 1 3 2 50 1 3 2 1 1 1 1 2 1 1 14 1 4 3 2 1 12 1 1 1 28 11 2 27 1 2 3 2 6 3 2 15 3 5 2 19 18 1 1 1 2 1 18 3 2 3 1 1 2 4 2 2 3 2 11 3 4 1 4 5 4 5 2 2 1 60 10 1 1 3 18 7 1 1 2 2 4 2 2 3 1 1 1 1 2 1 2 2 1 1 1 1 1 2
2 6 1 2 13 5 5 119 1 16 64 1 1 2 9 2 4 1 2 2 1 97 2 4 2 1 7 4 4 2 1 52 1 2 1 3 1 8 1 1 8 11 19 3 2 171 1 3 1 9 5 2 3 1 1 5 40 1 8 1 1 1 3 3 1 4 2 2 19 2 5 2 3 1 15 2 12 3 3 7 1 15 2 4 2 6 2 2 2 2 12 2 1 1 3 2 2 1 2 1 4 1 2 3 2 1 1 2 2 23 2 2 2 1 1 1 1 2 2 3 1 2 1 4 1 1 3 2 2 2 2 1 2 1 2 4 21 3 1 3 5 3 1 3 40 2 3 4 4 1 1 3 2 2 1 2 3 2 12 1 1 1 3 1 1 1 2 1 1 2 2 2 2 13 3 8 1 2 5 3 1 1 3 4 15 1 1 2 9 4 1 13 1 10 11 5 1 28 2 1
2 1 4 9 6 241 1 2 19 1 184 1 3 1 1 7 1 8 2 1 2 2 3 2 1 2 3 1 1 1 173 1 1 1 1 2 1 1 1 30 3 2 14 1 4 2 3 39 2 1 2 7 8 2 1 2 2 2 1 5 1 7 1 3 7 2 4 15 2 2 2 1 11 3 2 1 1 5 2 1 1 3 3 4 3 4 2 1 1 2 1 5 1 2 4 19 1 24 3 1 1 1 2 1 6 6 3 2 4 2 2 1 7 1 2 10 1 4 3 2 1 1 1 3 76 2 10 7 2 17 1 9 2 3 1 7 1 2 1 1 2 1 4 2 4 11 1 2 2 1 8 1 2 14 3 3 1 1 4 10 55 6 2 9 1 58 5 2 4 1 1 1 1 1 2 3 1 2 3 2 5 2 2 1 10 1 2 2 4 1 2 1 6 5 1 3 4 1 2 2
6 3 24 1 19 42 1 2 1 1 1 3 1 2 1 1 1 3 2 1 1 1 2 2 2 11 11 30 1 1 2 24 114 1 2 2 2 1 1 2 3 1 4 18 61 4 3 52 25 9 1 1 6 1 1 2 7 3 3 3 1 1 2 2 29 1 4 3 2 1 2 1 4 4 2 1 6 3 11 1 7 1 9 30 2 6 9 30 2 2 23 1 1 1 2 17 2 2 2 9 4 3 2 1 3 3 1 3 2 1 3 3 5 1 3 2 2 14 1 1 1 2 16 2 5 2 1 1 23 1 2 1 14 2 1 3 1 1 1 2 3 2 5 5 5 4 6 3 1 2 1 3 3 1 2 1 1 7 2 1 3 17 7 10 12 2 2 2 1 2 2 2 59 1 2 11 14 11 2 3 2 7 5 2 1 6 2 2 1 2 2 1 1 2 1 6 1 2 2 1
2 7 4 43 1 3 3 1 10 12 2 1 496 2 2 2 2 9 1 10 1 6 5 1 1 10 3 1 60 2 4 9 2 11 2 1 4 1 1 3 2 1 1 2 8 4 2 7 2 3 1 1 2 1 1 4 2 3 1 1 1 2 2 2 85 1 4 2 1 1 2 2 1 1 11 1 3 2 2 2 1 1 4 2 5 1 3 2 8 5 3 2 2 4 1 1 4 1 16 2 1 10 2 1 1 3 1 6 2 4 5 2 2 2 2 1 5 3 4 2 2 2 1 29 1 4 1 1 4 3 3 1 1 28 3 1 1 1 3 6 2 2 24 2 2 2 7 1 17 1 2 5 2 2 2 2 1 1 4 2 2 1 4 2 1 14 2 1 2 2 2 5 1 1 1 1 2 2 3 1 3 1 2 1 2 1 3 2 1 8 6 7 2 1 1 1 1 3 25 1
1 1 18 1 5 5 1 9 2 1 2 2 1 2 1 1 2 1 1 117 1 1 1 1 14 20 16 2 2 1 2 1 1 1 13 2 6 4 1 1 2 3 7 2 2 3 1 2 1 1 2 3 12 41 1 2 3 17 4 5 2 1 2 2 1 2 10 1 6 3 3 1 62 3 1 1 11 2 4 1 1 13 1 1 3 1 2 4 1 2 7 2 1 14 2 11 1 1 1 1 2 11 88 2 1 1 9 1 1 2 6 2 2 1 1 4 17 8 2 6 2 2 4 1 2 4 1 1 2 1 2 3 20 1 6 2 2 3 2 1 2 5 4 3 1 4 3 3 1 52 1 17 1 1 15 4 8 12 7 2 2 1 3 2 5 1 3 1 2 3 1 7 1 2 2 2 2 2 1 1 2 3 1 1 1 1 3 1 1 1 3 1 38 2 3 2 3 2 14 9
1 2 1 7 1 1 1 1 5 1 10 3 23 3 1 2 1 1 2 2 14 4 3 1 2 1 2 1 6 2 7 1 1 6 29 3 1 6 6 2 14 6 1 5 2 2 1 1 5 3 1 8 47 6 2 1 3 2 1 5 2 12 23 17 13 2 15 8 34 2 2 3 2 53 2 2 2 2 1 2 10 2 4 1 30 1 4 1 2 2 2 1 1 3 1 3 4 1 7 2 1 2 1 4 5 10 1 1 3 1 2 2 2 1 4 2 1 4 2 8 2 1 2 2 5 2 1 31 1 2 1 140 6 4 2 1 17 5 3 1 1 8 2 2 12 1 5 2 3 1 11 1 1 4 3 17 1 1 1 1 1 15 1 1 4 2 3 2 3 2 4 11 9 1 1 2 3 2 13 4 1 1 2 3 1 1 1 3 1 6 1 1 4 3 19 1 5 1 3 18
1 4 1 1 2 4 1 2 1 3 11 2 2 73 5 1 1 3 19 4 4 1 1 1 13 2 1 1 6 1 3 2 1 4 2 3 1 6 1 2 43 2 6 5 1 27 2 1 4 3 1 2 1 7 3 9 1 4 1 1 2 1 1 1 2 81 1 1 3 1 4 169 1 1 1 4 1 1 3 3 3 5 2 1 2 1 1 1 1 5 1 1 5 1 2 1 1 1 10 2 2 4 3 4 1 2 1 2 3 1 1 1 12 1 2 1 2 4 2 2 2 10 3 2 2 4 4 2 5 1 3 9 106 1 6 1 1 11 3 3 8 3 2 1 6 2 2 3 2 2 2 2 2 43 2 4 2 1 25 4 11 2 7 15 2 8 7 2 3 3 1 3 3 12 2 1 6 1 1 2 1 2 2 3 2 1 1 6 1 2 6 2 34 3 1 8 1 7 1 4
16 8 2 1 2 2 2 2 1 3 2 2 1 1 3 2 25 1 2 1 2 1 4 2 12 2 11 2 1 4 6 3 6 2 5 15 1 99 11 3 2 1 1 2 2 1 2 131 12 3 3 2 16 3 2 5 2 15 1 2 6 2 1 3 3 1 6 6 4 3 42 1 2 1 2 1 5 4 3 23 1 1 36 1 2 1 1 6 2 3 5 12 1 7 1 5 3 7 3 6 1 2 1 18 6 3 1 5 5 7 1 2 2 2 4 8 104 1 3 1 4 1 1 3 1 5 1 72 25 2 10 36 15 4 35 2 1 1 2 16 1 1 8 1 2 62 3 1 3 10 2 5 81 1 111 2 2 1 4 1 33 8 2 1 1 1 1 1 2 7 3 2 1 3 1 2 8 3 27 2 3 4 1 2 1 5 3 4 6 2 4 1 3 11 3 2 2 3 13 2
1 31 11 2 1 1 2 3 6 5 5 6 7 3 3 1 2 2 1 1 2 2 1 1 1 2 1 19 5 8 4 2 3 1 1 1 2 1 6 30 2 7 7 7 5 1 2 4 6 3 9 1 2 2 2 5 1 1 1 6 2 3 1 3 1 4 2 4 2 1 3 9 2 8 10 1 2 10 2 1 1 2 1 5 5 2 15 1 84 2 2 1 28 12 1 6 3 2 2 2 1 3 24 1 2 1 2 2 6 2 1 2 6 3 1 1 1 2 9 1 6 2 1 3 1 2 15 1 11 2 3 16 5 3 14 41 2 2 6 1 2 32 2 7 3 3 1 2 3 1 1 3 3 5 1 3 1 3 2 3 1 2 140 4 1 2 1 5 1 2 3 1 1 1 2 1 3 2 2 2 9 1 5 1 1 4 2 8 7 1 2 13 1 1 2 1 1 1 7 2
44 4 2 1 1 2 3 1 6 20 4 5 1 1 3 2 2 1 4 2 4 1 1 1 4 2 2 5 3 4 2 12 1 1 2 3 3 1 3 4 5 2 2 2 2 2 1 1 1 2 1 3 7 9 2 2 6 2 1 9 9 1 1 8 1 2 3 9 3 9 4 3 4 1 2 1 2 1 60 19 14 2 11 3 1 2 11 12 2 7 3 4 1 2 1 1 2 1 9 1 2 3 1 2 5 2 2 5 2 1 5 2 46 2 2 3 1 5 18 1 1 2 1 17 2 34 3 2 1 2 1 3 2 1 1 1 2 5 2 1 17 1 2 2 1 1 6 4 2 2 1 1 3 1 1 1 2 1 1 1 4 2 2 6 1 1 10 3 3 3 9 34 1 1 2 4 2 5 1 1 6 4 3 8 1 1 28 1 2 1 2 1 1 1 10 1 13 14 12 2
1 2 1 8 3 2 2 4 15 2 2 2 5 3 1 1 4 66 1 1 4 4 6 3 3 1 1 6 9 1 4 1 3 17 4 14 2 59 3 1 7 7 2 7 2 2 3 45 4 3 1 1 3 2 2 1 2 2 1 47 2 1 1 1 49 5 4 3 3 3 1 1 6 14 1 1 9 6 2 3 2 1 3 1 2 12 1 1 1 7 2 4 3 2 6 7 2 2 13 2 2 2 2 1 2 4 7 4 1 3 1 9 1 24 3 3 2 3 3 1 481 1 4 1 1 1 6 1 2 1 1 2 4 2 1 3 4 5 4 2 2 1 3 2 2 2 1 2 1 7 2 1 1 2 1 1 1 2 1 2 2 1 1 2 1 1 2 6 1 6 1 2 2 1 1 1 1 2 1 6 2 1 15 3 1 2 3 1 3 2 3 204 14 1 1 19 2 1 45 2
1 3 1 1 1 2 9 2 2 1 4 97 1 3 6 1 2 157 95 1 2 1 2 2 3 2 3 1 1 1 3 1 1 58 9 2 2 86 1 2 1 2 46 5 1 1 8 4 2 2 2 19 4 1 2 23 3 2 17 1 2 1 1 1 1 1 1 11 2 2 1 2 2 37 1 2 1 1 4 2 12 2 2 2 2 2 2 3 3 1 2 2 11 1 25 5 4 2 3 1 4 11 2 2 2 1 4 3 1 2 4 2 2 2 5 1 4 3 5 7 1 1 8 2 3 1 4 8 1 94 1 1 68 1 50 2 3 33 1 6 1 1 50 2 4 2 2 2 5 2 4 7 1 3 2 1 3 26 7 2 2 3 3 3 2 2 1 4 2 1 2 2 11 3 4 5 1 1 3 21 2 5 4 2 2 2 1 2 1 2 1 2 1 28 1 2 2 3 2 2
1 3 2 8 1 1 2 1 12 4 1 1 1 2 2 2 12 1 1 1 10 2 6 1 1 7 2 4 4 5 7 1 2 2 2 2 1 2 1 3 3 6 3 2 4 3 15 7 1 7 5 4 1 1 1 7 308 1 2 2 2 3 2 1 1 1 1 3 1 1 1 1 2 2 1 1 8 2 1 6 1 2 1 1 2 6 9 1 7 7 37 2 1 3 1 15 6 1 1 4 2 2 4 1 3 2 4 1 6 2 4 1 1 2 2 1 3 3 3 2 4 2 2 3 2 1 12 259 1 2 5 1 2 4 2 1 2 2 2 2 1 1 1 2 2 4 6 1 4 1 9 3 13 4 1 1 7 2 4 2 1 2 2 461 3 2 1 1 2 2 8 1 6 5 1 2 1 3 3 1 2 1 2 3 7 7 5 7 10 1 9 2 1 10 2 2 2 2 5 2
4 9 11 5 1 5 3 1 7 1 4 2 15 2 2 1 6 1 1 2 2 13 2 1 34 1 10 120 2 2 2 1 1 14 2 2 1 10 4 1 3 5 1 87 2 1 3 4 7 4 10 202 4 2 1 2 1 2 14 3 7 1 2 3 3 1 29 2 1 4 3 3 3 3 1 1 6 3 4 3 3 3 1 2 5 2 1 5 5 15 5 5 2 2 3 1 2 6 1 1 2 3 2 1 1 1 1 11 2 1 7 3 2 4 1 22 2 2 1 2 2 9 5 3 2 1 2 31 2 2 1 2 1 12 2 1 2 8 9 1 8 2 25 5 1 3 6 1 3 2 1 7 4 1 3 4 2 2 2 2 1 2 2 1 1 2 3 8 14 4 1 1 2 1 1 1 1 1 1 16 2 1 1 6 1 2 1 2 1 1 2 1 5 40 2 3 1 1 1 106
1 3 2 1 6 1 15 2 2 1 1 2 4 1 2 2 1 5 1 2 1 1 2 2 2 1 2 2 1 1 2 1 2 30 1 2 1 2 1 13 2 1 1 8 2 3 1 1 1 2 3 2 2 2 2 3 5 1 163 2 2 8 1 2 5 12 3 2 2 9 6 5 1 1 1 2 5 7 2 1 12 1 1 55 2 2 5 2 1 5 1 2 5 60 1 1 1 1 9 2 3 1 3 1 3 4 2 2 8 20 13 7 1 2 7 6 2 1 1 2 2 2 1 10 20 1 1 2 3 1 3 3 27 2 4 1 3 1 2 1 3 1 1 10 1 6 1 2 59 3 1 5 3 2 1 1 1 3 4 1 6 1 2 48 4 4 2 185 4 143 4 6 6 7 2 1 5 9 1 3 4 2 2 1 2 1 1 1 2 2 1 3 38 1 1 1 24 2 1 3
1 12 4 3 1 2 2 2 2 8 5 2 1 1 1 2 2 1 7 21 2 2 1 1 7 96 2 1 3 4 2 3 2 1 2 6 1 1 1 1 4 3 12 34 3 6 4 17 3 5 1 2 7 6 1 2 16 17 1 8 1 1 2 1 1 2 3 5 2 22 1 6 6 2 3 5 7 1 5 1 1 1 8 2 1 2 1 4 1 7 74 2 3 8 2 8 1 2 4 1 5 1 16 2 1 67 1 2 3 3 8 5 40 2 4 2 1 1 3 1 3 2 2 4 2 3 9 2 1 2 1 1 2 2 1 13 2 4 1 5 2 1 1 3 1 2 2 8 2 1 2 2 8 1 2 2 11 3 1 4 2 3 3 4 20 3 1 2 3 2 1 15 1 3 31 2 6 1 1 2 1 1 2 1 1 1 3 1 1 1 1 5 4 2 2 2 7 4 1 1
2 3 1 6 1 7 2 1 1 2 8 2 23 2 1 1 7 1 1 7 2 4 2 3 2 2 1 2 3 1 1 6 3 4 1 8 2 1 5 2 6 11 88 3 1 14 4 1 3 4 5 13 37 3 1 1 1 5 4 2 2 4 2 1 1 2 2 8 1 6 1 1 3 2 2 1 6 1 1 3 1 1 1 2 2 18 3 2 1 4 6 2 1 4 2 1 2 2 86 1 34 2 2 1 3 20 1 2 1 146 1 249 1 15 3 4 1 2 1 1 1 1 5 1 1 4 1 8 1 7 3 5 3 26 1 13 3 9 5 2 7 1 4 1 1 1 9 3 5 3 1 3 1 1 2 6 2 169 3 1 1 4 4 1 6 3 5 1 3 3 2 2 2 2 14 3 3 2 2 22 1 3 4 1 1 2 2 2 1 3 10 3 1 2 15 3 3 1 2 1
3 54 2 2 1 1 1 1 1 1 135 3 1 1 6 5 1 1 1 15 1 4 18 1 2 1 1 2 2 3 2 1 2 1 2 3 3 2 5 2 1 6 1 1 2 1 1 1 2 21 2 11 6 7 2 1 1 1 2 2 13 1 6 7 2 1 1 1 1 3 1 2 1 2 1 2 4 6 3 1 2 3 1 1 2 1 2 1 26 3 2 2 5 3 3 2 2 2 12 1 1 2 58 4 1 3 14 1 2 2 1 5 2 1 5 2 1 4 4 1 8 1 22 2 2 8 1 7 2 1 2 1 2 1 4 2 1 20 1 1 3 9 1 3 4 1 1 82 2 2 2 2 2 2 2 1 1 2 12 1 18 2 1 2 2 1 11 1 1 4 2 99 1 5 2 2 1 4 5 4 2 2 59 3 6 25 1 22 1 3 5 1 3 2 3 2 1 1 1 13
1 1 3 2 6 1 1 7 1 11 1 3 2 2 1 21 1 3 3 1 2 2 2 1 2 2 1 4 3 2 2 57 3 2 2 3 3 2 3 5 1 11 1 1 2 8 2 3 2 8 3 3 2 3 1 1 1 2 5 2 3 128 4 1 1 4 1 5 3 2 2 22 10 4 1 1 3 2 2 2 3 2 7 7 2 1 4 9 4 6 2 1 7 3 18 3 1 10 2 1 4 5 1 2 1 2 3 2 1 2 2 3 1 1 3 3 6 15 5 4 2 2 3 2 73 2 2 11 2 14 2 6 2 7 18 1 2 3 5 2 1 1 4 2 1 1 1 21 1 2 2 2 3 1 3 1 2 3 2 3 3 2 2 1 3 2 1 3 3 2 67 1 3 2 1 165 1 2 2 2 6 2 1 22 1 5 14 3 1 2 6 25 6 1 3 2 1 12 5 5
1 3 6 2 1 3 1 1 45 2 3 3 3 13 9 2 1 10 10 8 2 1 1 2 1 1 2 3 27 55 4 1 1 2 1 2 2 6 2 1 4 1 3 1 8 1 3 4 3 2 1 8 2 1 1 1 3 8 2 3 7 5 1 5 20 2 3 4 4 3 1 7 2 5 2 2 3 3 1 8 1 2 1 4 1 2 9 2 2 2 4 2 2 19 1 11 2 3 2 1 1 2 3 1 1 1 2 4 47 2 1 2 4 1 3 2 5 2 3 3 2 4 3 2 6 2 4 2 3 3 2 9 1 39 2 2 2 1 4 3 2 1 1 2 2 2 1 10 5 1 1 8 1 2 3 2 2 2 1 1 13 31 1 2 2 2 1 1 7 4 5 3 1 3 14 1 1 2 2 3 4 2 1 4 1 9 1 6 1 1 2 2 1 2 8 2 1 3 5 5
3 4 1 11 2 5 1 1 1 1 2 2 2 2 3 1 1 5 3 2 1 246 5 1 3 1 3 3 2 1 1 5 1 366 2 12 6 1 54 2 1 2 3 12 1 7 1 4 3 18 1 11 2 2 2 2 1 2 3 2 14 4 2 1 2 1 7 1 2 1 36 1 28 2 4 1 2 2 1 2 2 1 1 2 2 1 1 1 3 2 102 1 2 1 21 1 2 76 1 2 1 2 2 2 5 6 6 2 1 6 6 3 3 8 1 3 1 18 4 1 2 6 44 1 2 2 1 2 1 18 2 4 6 45 1 7 2 1 1 9 2 1 5 2 2 2 2 2 2 1 3 2 3 1 1 1 1 3 14 2 5 10 1 2 7 2 2 2 1 4 1 9 2 8 6 3 6 2 1 2 2 4 26 3 1 6 3 1 2 1 2 3 1 8 1 1 7 2 2 1
3 56 7 1 6 1 4 12 1 2 1 3 16 2 2 6 1 8 2 2 2 1 3 2 2 2 5 4 1 3 2 1 1 2 1 12 21 8 1 2 1 3 2 3 1 3 7 1 1 1 3 1 2 1 1 9 3 1 1 37 1 1 2 22 3 5 2 1 1 21 2 3 2 24 13 2 2 1 8 1 2 1 2 5 3 5 1 2 4 2 10 1 1 1 2 2 11 5 1 4 2 3 5 2 4 1 7 4 1 2 1 1 4 1 3 5 1 5 3 3 244 1 1 4 1 1 2 5 2 27 1 10 3 3 11 3 118 1 1 15 2 2 2 2 2 3 2 10 3 2 150 2 2 3 1 1 127 5 1 2 1 2 7 2 1 1 1 1 1 2 1 152 2 3 2 3 100 2 4 1 2 1 2 1 2 1 2 3 2 7 2 1 1 2 3 2 2 1 5 2
5 2 3 1 29 1 2 25 2 2 55 2 1 3 1 1 2 1 1 13 2 7 15 2 8 1 1 5 74 1 3 2 1 1 3 2 7 1 1 5 2 2 3 1 11 5 10 3 3 11 1 3 2 2 3 9 9 3 4 2 12 175 2 16 1 3 10 1 1 10 9 5 10 36 2 1 1 1 1 26 3 2 27 3 4 5 1 2 1 1 7 1 1 2 7 1 71 2 1 1 4 1 2 6 1 36 2 6 3 1 1 13 2 1 3 5 1 1 1 3 2 15 2 1 2 2 6 3 11 3 1 1 1 1 6 3 1 1 2 7 1 3 2 2 5 1 2 1 2 1 1 42 6 3 1 2 1 4 2 1 16 14 1 2 2 4 15 2 1 2 1 1 1 1 2 2 1 2 6 2 2 1 3 4 1 1 6 3 1 1 3 1 2 2 2 4 1 2 1 4
2 4 5 3 8 1 1 3 3 1 2 6 8 5 42 2 1 1 3 1 1 6 2 1 1 2 5 9 3 1 1 1 2 1 1 2 1 2 5 4 1 4 1 4 7 1 1 2 1 1 1 1 2 1 1 2 1 1 1 2 3 300 1 91 2 3 1 3 6 7 2 1 14 6 11 2 3 1 1 5 3 2 1 3 7 12 1 6 1 1 7 1 2 2 4 9 1 1 1 12 1 1 1 2 1 3 1 7 3 19 9 1 2 1 2 15 2 5 2 1 3 27 1 26 4 1 2 2 1 2 3 1 2 2 8 2 3 4 2 2 41 1 2 8 3 27 1 1 9 4 2 20 3 3 11 6 3 1 3 1 1 1 3 3 2 5 2 5 1 1 9 2 5 8 2 5 1 2 36 3 1 2 2 1 6 2 2 2 14 1 3 23 2 1 1 4 1 10 2 2
1 18 1 20 4 10 3 2 1 1 10 1 1 4 4 1 14 8 5 1 7 4 10 1 1 2 4 3 1 2 25 3 2 1 2 1 3 1 1 4 17 1 5 2 26 3 11 2 1 1 8 2 1 14 9 1 1 3 4 1 2 1 2 3 1 1 1 2 2 1 1 8 14 1 4 5 3 2 2 2 11 5 2 3 5 32 3 2 1 2 1 3 9 1 2 8 1 4 9 1 1 1 2 1 3 1 2 5 2 1 1 7 2 1 2 15 9 2 1 1 1 1 14 6 3 1 1 1 82 1 3 1 1 1 2 6 1 1 11 1 1 3 1 4 1 4 3 1 2 3 12 12 4 1 17 8 13 2 1 3 1 2 1 15 1 2 1 3 14 1 4 4 1 1 2 2 1 2 2 1 2 1 3 1 10 4 2 1 1 1 2 1 2 2 1 2 1 18 1 2
3 2 2 4 5 1 14 1 3 1 2 1 2 2 5 3 1 1 5 3 1 6 3 3 2 1 2 1 1 72 2 1 3 4 1 3 2 1 1 1 9 4 3 1 10 3 1 3 1 26 3 1 2 4 2 1 12 5 1 1 2 3 246 1 2 2 1 8 2 1 9 3 2 1 1 5 1 1 2 3 1 2 2 2 1 8 47 3 3 4 1 17 1 1 10 4 3 3 1 2 24 6 1 1 2 4 2 1 11 7 1 1 4 1 2 6 3 2 2 3 2 1 1 2 2 2 6 2 8 1 7 2 1 5 2 2 4 2 1 1 7 1 2 1 10 2 6 1 11 1 1 3 1 3 1 2 1 2 1 1 6 1 1 4 1 2 3 18 1 2 2 3 1 11 2 2 1 1 1 2 1 8 1 23 2 1 2 3 2 4 3 1 5 5 3 2 2 1 10 1
10 1 1 1 1 1 2 1 4 1 1 2 1 1 1 3 1 34 1 8 6 1 1 4 2 1 1 3 9 3 1 2 2 5 8 4 14 1 71 11 1 3 2 1 1 2 1 9 8 96 1 1 2 2 1 2 2 1 3 1 1 1 1 2 2 1 12 3 2 1 2 1 2 1 1 3 2 1 4 28 5 1 2 2 1 3 1 1 2 1 1 5 1 1 1 5 1 1 6 1 2 1 2 1 5 12 1 4 1 1 22 1 4 1 1 3 1 19 2 5 1 10 2 42 13 1 8 1 5 18 4 2 4 1 14 2 3 2 2 2 12 5 1 3 4 1 6 1 1 2 2 7 2 1 2 2 4 1 4 1 2 1 14 2 1 1 1 2 3 1 3 1 2 1 2 4 1 2 1 1 379 1 3 1 1 3 3 1 1 2 2 1 2 1 1 2 3 1 1 1
1 1 1 4 26 1 10 8 4 4 1 2 2 1 1 4 2 2 2 3 2 1 3 3 1 6 1 13 1 1 2 2 3 4 5 20 2 2 2 5 5 1 1 2 16 1 2 1 1 3 1 1 5 4 2 1 3 4 3 1 1 9 2 1 2 1 2 2 15 2 1 12 20 39 3 11 20 2 9 6 4 3 2 17 1 2 5 2 1 2 2 3 1 2 2 2 2 2 1 2 1 3 2 15 4 1 22 2 1 4 1 2 2 1 5 4 1 4 12 8 5 1 1 6 2 52 4 2 1 2 2 1 2 2 4 1 5 5 2 4 1 2 11 2 2 1 44 2 22 1 1 2 2 7 1 1 2 1 1 1 3 78 1 1 4 2 13 1 1 6 1 1 2 9 13 1 10 395 1 1 1 1 3 1 7 2 1 4 1 1 1 1 4 3 1 1 2 2 7 1
2 2 5 6 1 1 3 2 1 5 1 6 1 1 17 3 4 1 2 1 1 1 2 1 2 3 2 1 2 3 10 1 15 7 2 3 1 3 2 1 1 1 4 2 2 2 7 1 8 3 1 2 2 2 2 4 37 2 3 1 1 1 2 2 2 1 2 3 2 2 1 1 3 8 1 1 1 2 1 1 1 3 2 20 1 1 1 2 2 2 2 4 1 2 1 2 1 4 2 19 3 1 41 69 3 1 6 5 1 3 6 3 2 4 4 1 2 4 3 1 1 14 1 3 5 2 2 1 2 4 2 1 29 1 9 2 4 1 3 1 3 2 1 1 1 1 2 6 5 5 1 4 2 22 2 19 2 1 2 1 2 2 1 5 2 1 1 1 4 2 1 2 3 3 1 3 1 3 2 1 1 6 2 3 3 2 3 1 2 9 2 3 2 3 2 2 1 3 1 1
1 1 5 4 1 2 69 2 1 8 4 20 178 1 1 3 1 1 1 4 2 1 1 2 3 1 1 1 2 3 2 13 1 2 2 124 1 14 15 2 2 2 4 1 3 3 12 1 1 1 3 1 4 5 5 7 1 2 103 4 1 16 2 3 12 132 2 93 3 3 3 7 1 1 7 2 2 3 1 7 3 28 1 2 2 5 2 1 4 3 2 9 3 1 3 1 5 1 2 1 1 1 4 2 1 2 1 27 5 2 4 2 3 2 2 2 3 2 1 1 2 2 1 1 1 2 2 3 1 5 1 1 4 1 1 2 1 2 1 1 23 8 1 2 3 3 1 10 1 1 2 1 1 5 2 1 9 3 1 1 2 3 2 3 1 5 3 12 2 2 2 1 1 1 3 3 2 1 2 5 1 42 2 9 13 1 2 61 2 13 1 2 4 16 4 1 2 6 2 3
7 2 1 2 3 2 1 1 1 8 15 3 1 4 2 1 40 3 2 2 6 1 5 3 2 2 1 1 3 6 1 1 1 6 5 1 2 2 1 3 14 1 1 2 2 4 5 1 1 7 2 2 4 2 6 11 1 3 1 1 2 2 1 2 6 6 7 2 1 2 3 14 1 6 2 10 2 24 2 2 1 1 3 3 4 1 3 7 3 21 1 1 310 1 1 1 6 2 2 3 2 2 1 14 4 4 1 6 1 1 4 3 37 2 2 2 2 1 1 5 1 29 14 3 3 7 3 2 2 1 2 3 23 1 3 3 2 3 2 5 1 2 2 1 2 3 2 2 7 6 1 1 3 1 5 1 2 1 1 5 1 1 1 18 2 4 1 4 1 1 79 1 1 44 2 1 2 7 1 2 72 2 1 3 2 4 7 3 36 1 2 2 1 1 1 3 1 1 3 7
4 71 1 4 8 19 1 1 2 3 10 1 1 1 2 3 2 3 2 1 13 2 15 1 7 1 2 6 1 2 3 9 2 3 1 13 2 2 1 2 16 2 2 3 2 2 2 1 3 2 2 2 1 4 35 2 1 3 1 1 1 3 1 1 24 2 11 1 3 2 4 14 1 4 2 2 2 2 12 4 2 4 17 9 2 1 3 15 4 1 1 3 7 1 2 64 4 1 2 1 8 4 1 3 14 4 1 5 2 12 28 1 2 4 111 2 7 2 1 2 1 1 3 4 2 1 3 6 2 2 2 6 7 1 1 4 4 13 2 1 7 2 2 2 3 3 1 1 5 1 3 3 1 45 1 3 3 4 4 1 1 3 2 1 1 5 1 47 1 2 1 4 4 4 2 3 4 2 3 6 3 1 7 3 1 2 2 1 4 3 2 2 1 2 4 2 4 43 2 5
2 2 3 1 4 2 1 2 1 4 1 13 1 2 2 10 2 2 1 2 12 4 2 3 1 2 3 1 2 3 2 1 3 7 3 7 2 1 6 2 7 3 6 1 2 1 1 18 40 2 1 6 11 1 3 4 3 9 2 2 42 1 4 8 1 1 1 1 1 2 2 8 1 2 2 2 7 2 2 13 12 2 1 2 4 2 4 3 1 3 36 2 345 2 2 8 1 1 2 3 5 1 3 13 2 3 2 1 1 16 12 4 1 1 2 2 1 2 1 1 1 41 3 2 2 3 1 2 1 1 1 1 2 2 4 5 1 5 1 1 30 1 2 1 5 20 1 3 2 1 3 4 2 1 1 4 10 9 5 19 1 2 3 1 6 38 1 29 1 7 2 5 34 12 3 5 1 4 10 9 2 2 3 2 5 132 5 2 3 20 4 3 2 3 5 1 1 1 2 3
9 2 4 9 4 22 1 1 1 2 5 1 1 1 2 1 30 2 6 2 1 2 1 2 1 2 16 2 2 3 1 1 3 2 2 2 1 1 2 6 1 4 1 3 1 2 4 5 1 1 2 6 1 3 5 2 1 1 1 1 1 1 1 2 49 4 2 2 2 1 4 4 3 1 4 2 4 1 2 2 1 1 5 3 4 1 2 43 3 2 2 1 2 2 4 1 9 3 1 1 6 1 5 2 1 3 2 3 1 7 1 2 4 22 2 4 3 3 1 11 7 2 1 3 1 1 2 4 1 1 1 2 2 2 2 3 2 4 2 2 2 1 2 4 1 2 3 2 14 1 1 12 2 3 1 1 14 2 2 2 9 2 4 1 1 19 1 5 2 1 1 5 1 3 2 9 3 2 2 1 4 4 1 2 2 2 5 1 3 2 5 4 5 2 2 2 9 1 8 4
3 2 1 56 1 1 1 2 3 3 15 1 1 2 113 3 2 136 1 6 2 4 2 3 3 2 3 2 2 2 6 1 4 2 2 2 2 3 1 1 46 3 1 2 4 2 17 1 3 3 1 3 3 4 1 4 1 5 1 1 1 2 4 2 1 1 1 1 1 1 1 1 2 29 4 1 1 1 3 1 2 4 2 7 5 2 2 3 1 1 1 1 1 1 1 1 5 4 2 5 3 12 3 4 7 15 3 1 2 9 2 2 4 1 1 1 2 2 3 4 3 1 1 1 5 1 3 1 1 1 4 3 11 23 6 12 2 1 3 3 2 3 5 4 1 1 2 3 2 10 1 2 1 2 1 2 1 1 2 1 1 2 4 2 2 21 33 1 1 3 4 2 1 2 1 2 18 7 1 3 1 1 4 1 2 18 2 5 3 2 2 2 4 13 5 9 4 4 10 3
3 8 1 2 3 1 1 26 2 24 1 5 3 1 1 2 4 1 5 13 3 6 1 26 2 3 2 7 1 78 2 1 4 1 5 2 1 2 2 2 2 1 7 4 1 2 4 2 1 2 7 3 2 1 1 6 3 18 15 1 1 5 1 1 2 5 1 1 2 35 1 2 1 2 2 68 2 2 1 1 15 1 2 4 3 100 2 2 1 5 1 2 5 1 1 2 1 2 1 4 1 1 1 7 1 46 30 255 1 5 1 1 10 4 1 6 2 139 9 1 1 2 3 6 1 5 2 1 5 255 4 4 3 1 1 2 11 2 30 4 5 2 1 3 2 18 8 10 1 2 1 4 2 2 1 8 2 6 2 4 4 1 1 13 82 1 1 4 8 2 2 2 1 3 1 2 2 6 2 1 1 6 2 2 1 1 6 26 2 51 2 24 15 2 1 4 1 2 6 1
1 3 1 4 4 1 2 374 72 5 1 1 2 1 1 6 14 1 2 3 1 2 2 3 3 2 1 1 4 1 1 1 5 11 1 2 2 2 10 1 2 1 1 2 3 8 1 5 1 2 31 1 1 1 3 1 1 2 5 2 2 2 1 5 2 11 1 1 2 2 3 1 1 1 1 3 110 4 7 1 3 3 1 8 2 4 2 1 2 7 6 3 1 2 1 2 2 1 3 4 2 8 2 2 86 4 1 1 1 1 2 2 1 2 2 1 1 31 2 3 6 1 14 2 1 2 1 4 2 1 1 15 11 34 3 104 6 1 2 1 12 3 5 2 2 2 7 1 2 2 1 17 2 1 1 1 3 2 5 3 2 2 1 2 10 2 1 4 1 6 3 1 2 2 1 3 2 1 2 2 1 2 2 3 2 1 1 1 6 2 1 2 1 3 2 51 17 23 2 13
1 1 3 2 5 17 13 2 2 2 4 20 1 2 1 1 5 6 2 2 4 1 1 2 1 2 7 1 1 2 7 1 2 14 39 1 3 1 3 1 2 1 2 2 3 2 7 1 1 2 117 2 2 6 8 15 2 1 6 1 1 1 2 1 1 2 8 4 4 1 1 6 1 1 1 16 1 2 1 18 3 2 2 2 2 1 14 2 1 1 2 1 1 5 1 5 6 51 11 4 4 2 1 1 3 1 1 1 1 1 1 56 1 1 1 19 1 3 1 1 1 1 1 1 2 10 13 2 1 1 3 5 25 2 1 1 1 4 4 2 1 1 1 2 2 2 2 2 6 1 16 3 1 3 1 6 1 1 2 5 1 1 8 1 2 3 1 3 2 1 1 2 6 13 2 1 1 1 1 1 4 1 1 4 2 1 1 2 2 1 1 3 2 2 2 1 2 1 1 2
1 4 4 5 3 1 2 3 1 2 1 1 1 2 1 3 1 3 2 1 1 1 2 6 2 19 37 1 2 2 1 295 2 1 1 1 3 7 2 10 3 2 1 10 6 1 3 1 10 1 2 1 1 4 4 2 1 1 5 1 18 26 4 4 2 21 1 11 3 4 1 3 2 3 3 2 2 1 16 3 1 96 5 3 2 3 3 6 2 3 3 2 1 2 1 3 1 2 1 1 6 2 6 25 2 2 1 1 1 1 2 2 3 3 3 2 6 6 11 14 1 1 7 1 3 3 5 1 2 3 1 4 2 6 2 1 2 5 2 18 2 2 2 1 2 5 1 110 3 5 4 2 2 2 2 2 4 2 1 58 3 7 1 4 2 4 58 4 1 2 1 3 2 1 3 3 3 7 2 2 2 1 1 4 1 63 24 1 1 1 4 6 2 5 1 3 1 1 3 1
3 8 3 9 1 2 2 2 2 31 1 3 4 3 3 1 1 2 17 47 1 1 1 2 3 5 1 2 2 1 1 7 2 4 4 2 5 1 10 85 2 1 7 1 1 193 1 2 2 2 5 2 48 1 2 7 3 1 2 1 3 1 2 4 3 1 4 2 29 2 1 5 6 2 9 2 4 1 2 2 59 3 1 1 4 2 3 9 2 3 1 1 1 6 2 1 2 1 2 1 2 3 4 34 1 2 3 1 3 3 1 1 5 29 2 2 2 23 1 8 1 2 92 1 16 8 3 3 3 2 4 2 3 5 6 2 1 3 10 20 1 2 6 2 23 104 2 4 1 5 1 2 1 1 2 9 1 1 1 2 2 1 2 4 1 2 3 2 2 25 1 10 3 1 3 2 1 1 1 2 1 1 2 2 2 2 3 2 1 3 2 1 18 1 24 1 2 2 2 1
13 1 2 1 1 1 1 3 1 1 2 1 9 1 2 1 3 254 6 6 3 3 3 1 13 13 7 5 4 1 2 1 44 2 1 3 1 1 3 1 3 7 2 3 2 4 1 1 25 1 1 73 1 104 3 2 2 2 2 9 1 1 1 1 2 9 3 1 1 1 3 1 10 2 18 1 2 90 10 1 1 10 3 3 1 2 1 15 14 3 6 6 19 1 23 2 1 2 5 2 1 2 1 3 8 2 1 2 3 2 9 1 2 4 2 3 2 1 1 3 1 2 1 7 2 3 2 7 1 14 1 1 3 1 1 3 1 9 182 1 1 4 1 2 1 3 1 28 4 1 1 5 1 5 15 4 3 2 6 1 1 2 1 2 1 1 4 1 32 2 6 1 1 3 2 4 1 3 1 7 23 2 1 3 1 2 2 4 2 1 1 4 2 13 2 7 1 1 1 5
7 1 1 1 4 1 3 1 2 1 27 1 2 1 17 4 2 3 1 3 2 3 2 7 1 2 1 1 2 3 1 1 1 1 1 1 1 2 1 3 3 1 1 2 1 1 2 3 3 2 6 14 1 1 1 3 1 20 2 5 1 15 2 4 1 4 1 2 2 11 1 2 1 1 2 2 2 8 28 1 1 1 2 8 2 4 3 5 2 24 1 4 2 4 2 11 2 3 4 2 1 2 1 3 1 3 8 1 4 2 1 1 2 1 2 9 1 2 2 2 2 6 1 1 6 2 2 1 1 2 1 2 4 2 1 8 8 1 7 5 3 1 2 2 1 1 1 5 14 3 1 2 18 1 2 2 1 3 1 7 2 2 1 1 2 1 2 1 5 4 3 2 9 4 4 2 1 11 2 1 2 7 43 1 3 1 5 2 2 27 2 2 2 2 2 3 16 3 3 1
1 1 1 3 1 1 2 3 2 37 4 1 2 3 1 2 16 1 3 4 2 1 1 2 1 1 1 6 2 2 1 1 2 2 1 22 2 3 4 10 15 2 3 1 1 2 15 16 1 1 2 1 2 1 1 1 3 2 1 1 3 2 1 2 2 4 1 3 2 7 1 6 4 4 2 8 1 1 1 2 1 3 1 2 1 1 1 2 3 1 4 1 2 1 3 1 1 2 6 1 3 7 4 4 2 1 1 2 2 2 3 6 7 3 1 1 1 2 2 4 1 1 5 367 3 5 2 6 2 1 11 1 3 2 1 1 2 4 1 2 1 8 17 1 1 8 2 2 1 2 2 2 1 2 1 1 1 3 2 5 8 1 2 1 2 3 4 1 2 2 1 2 1 3 2 4 4 1 3 1 16 1 4 2 1 12 2 1 1 1 1 1 1 1 1 7 3 1 2 3
53 3 2 1 5 5 1 4 1 4 1 3 1 53 2 1 11 6 1 2 1 327 3 2 4 1 4 22 3 4 6 1 1 3 7 13 5 1 2 2 11 2 1 2 1 4 2 4 3 21 1 2 7 1 1 17 1 2 5 2 2 1 11 1 2 1 7 1 2 1 1 3 1 1 3 3 55 2 172 1 41 1 7 7 1 6 3 1 9 2 1 2 3 3 4 8 3 3 15 1 1 1 12 7 5 18 5 6 3 1 22 6 8 1 4 2 1 5 1 2 5 1 1 1 2 2 3 1 2 14 3 6 2 1 2 7 2 1 2 19 3 1 1 1 14 5 2 1 3 6 2 1 2 3 4 2 3 1 8 1 1 2 2 6 2 3 29 5 1 1 1 26 2 38 15 5 12 1 15 2 3 1 1 1 1 3 3 37 1 4 2 2 1 2 1 4 4 2 1 1
12 2 2 10 10 2 5 1 44 1 6 2 1 2 4 9 1 8 1 2 1 6 2 2 1 1 1 1 2 3 2 1 2 1 1 3 1 1 2 1 8 2 4 2 6 2 11 3 2 1 1 3 2 1 1 2 6 3 3 3 97 1 6 1 3 1 8 13 1 2 26 2 11 12 51 2 3 7 1 2 2 2 2 1 1 1 1 1 3 3 2 1 10 3 2 2 2 208 5 8 3 1 28 4 1 2 1 3 1 18 1 1 2 4 3 7 1 1 1 3 3 5 1 3 2 5 3 5 2 9 9 2 1 11 6 2 1 1 2 1 3 4 1 1 5 3 2 2 19 1 2 1 1 121 87 1 2 1 2 4 1 23 1 2 2 5 6 1 3 2 7 2 1 5 1 1 1 3 4 2 4 4 3 2 1 2 1 8 4 1 8 1 2 1 1 165 19 2 2 3
2 6 1 2 2 2 1 1 2 1 1 1 1 5 12 1 9 2 1 3 5 2 1 1 1 5 1 1 36 1 2 9 1 2 2 3 1 1 2 11 2 21 1 1 2 2 1 1 4 2 1 1 1 1 7 2 1 4 1 2 3 3 2 2 3 3 1 23 16 64 6 8 4 1 2 1 2 79 1 2 2 2 3 6 2 1 1 2 8 1 1 5 2 4 1 1 1 1 2 22 3 5 1 3 4 3 1 1 1 1 1 2 3 1 1 10 4 3 4 6 2 1 2 3 2 1 5 1 2 1 4 1 5 3 15 3 2 2 1 7 1 1 5 1 10 3 2 1 2 2 1 1 6 2 4 1 1 2 5 3 15 2 1 3 2 1 2 3 1 2 1 5 3 6 1 2 17 1 1 1 6 2 2 13 8 1 1 5 1 1 2 1 1 2 1 3 1 8 1 4
2 1 1 1 44 1 5 2 2 2 2 18 3 1 2 3 1 9 1 4 2 2 2 6 5 2 2 10 5 1 1 2 4 4 16 1 3 3 2 1 1 16 7 3 3 1 18 5 2 4 6 8 2 4 4 1 2 2 18 2 1 1 5 1 1 2 2 13 1 1 48 4 1 3 1 8 1 5 1 3 2 1 1 2 1 2 4 2 1 1 1 2 94 3 6 5 1 2 1 10 2 1 1 2 3 1 2 1 16 19 12 3 2 1 4 10 14 1 2 2 1 1 3 2 7 1 1 2 3 7 3 3 1 2 3 2 1 2 1 4 4 2 1 3 6 3 2 2 1 8 3 1 2 7 4 1 2 2 1 2 1 1 1 1 5 2 4 1 3 1 157 2 5 3 5 1 2 1 1 7 3 2 1 2 5 2 2 2 2 1 1 8 4 3 5 1 1 1 2 9
6 9 2 1 1 3 1 2 3 1 3 4 2 2 1 1 3 2 30 1 1 3 1 4 5 1 2 4 4 1 1 2 2 8 1 12 1 2 1 2 8 1 1 1 1 8 2 11 1 2 1 12 1 2 3 2 2 101 3 4 3 2 3 2 3 1 2 2 12 3 1 4 2 10 1 27 2 2 2 1 1 2 9 3 1 1 2 1 1 5 13 2 1 2 3 36 1 2 2 1 6 2 9 1 4 1 2 1 1 4 1 1 1 3 3 2 2 2 1 1 2 2 2 4 1 4 10 9 2 2 4 1 2 4 1 2 4 12 1 19 1 5 1 28 1 6 3 1 2 2 2 1 7 2 1 5 2 3 4 1 1 2 3 2 1 3 2 1 1 1 2 2 3 4 2 2 5 2 2 17 40 1 6 5 4 2 7 1 4 1 1 2 3 2 1 2 1 2 4 2
3 7 8 18 2 1 2 1 29 3 15 3 1 1 5 2 1 1 1 2 1 2 9 6 4 2 83 2 92 1 1 2 1 2 1 1 3 2 3 5 2 1 3 2 4 4 6 1 7 15 31 1 12 2 1 11 22 2 3 1 15 2 5 15 2 1 1 16 4 6 2 2 2 1 3 1 5 4 1 2 1 2 2 4 1 1 1 9 2 1 6 2 1 1 4 1 1 4 1 3 1 3 3 3 7 1 2 3 98 1 53 1 1 3 8 183 4 2 1 3 1 3 5 1 2 2 2 15 2 1 10 1 3 1 72 2 2 222 1 1 2 2 2 1 2 1 1 40 1 1 1 8 2 19 30 1 1 2 1 2 26 4 1 5 1 3 18 5 2 1 32 1 3 2 2 2 11 8 1 1 2 2 2 1 11 2 7 2 1 4 5 2 59 11 3 1 1 2 6 21
1 28 2 2 2 1 1 22 1 3 4 1 3 4 1 2 2 7 1 3 4 2 2 1 2 4 21 2 2 3 1 3 19 1 3 1 2 2 2 1 2 11 1 1 1 2 4 1 1 5 2 2 1 2 4 1 1 1 9 2 2 3 1 1 1 1 1 2 1 125 1 2 1 2 1 64 11 3 1 340 1 3 1 6 9 5 2 1 4 1 1 15 2 1 2 3 3 1 1 3 14 1 3 9 1 4 1 1 12 3 2 3 1 1 2 26 1 1 1 5 2 1 4 1 3 2 7 1 31 4 41 14 1 5 3 2 3 4 2 4 12 1 2 1 9 8 2 4 1 2 3 2 3 4 1 2 4 1 2 3 1 14 1 1 2 4 9 1 5 3 1 1 1 1 8 3 1 4 2 2 1 2 3 1 1 67 1 2 2 3 1 2 12 3 4 1 2 2 2 17
2 83 2 2 3 2 2 2 4 8 1 1 1 1 1 1 1 17 1 6 8 1 2 2 2 2 1 7 10 20 2 1 6 1 1 1 1 2 3 5 3 8 3 1 3 4 6 1 4 3 11 2 1 1 1 1 10 2 2 2 1 2 2 2 1 2 12 2 1 318 11 2 9 1 1 16 5 14 2 17 6 2 15 15 1 3 36 11 1 1 3 2 1 1 2 3 8 20 3 2 16 16 1 2 1 21 4 2 1 2 2 3 10 1 2 12 1 3 2 27 4 2 1 10 5 1 1 3 1 2 2 1 2 3 2 1 1 15 36 5 3 5 7 4 31 3 4 2 1 1 3 1 1 2 1 2 1 1 2 126 3 4 1 1 1 3 1 1 2 1 1 210 2 1 2 7 1 9 26 1 13 16 3 8 2 1 1 3 1 5 1 54 11 4 2 1 1 5 1 3
2 1 11 1 2 4 4 1 3 3 6 1 4 1 5 7 8 2 1 5 12 1 1 3 2 1 2 1 1 1 2 6 3 1 1 1 1 2 1 2 1 3 2 1 2 1 1 5 9 1 2 1 13 6 6 1 1 3 5 3 2 1 1 2 5 2 7 2 11 2 9 2 1 20 3 1 2 57 1 2 2 9 2 4 6 1 2 1 40 1 6 2 2 3 3 1 1 11 44 2 1 1 12 1 3 2 2 2 3 3 1 1 1 2 4 20 1 1 1 1 5 2 1 1 11 5 1 2 2 2 3 7 4 1 1 4 5 1 4 3 5 5 9 2 8 1 1 2 1 1 1 16 88 4 2 3 1 5 1 4 60 1 86 7 2 11 3 1 6 2 7 4 1 1 2 2 1 1 4 1 3 4 14 2 5 1 3 3 1 9 2 4 1 6 4 32 2 2 1 4
1 2 3 3 2 2 7 2 4 2 2 2 8 1 1 6 4 2 3 2 1 2 5 3 19 1 1 3 7 2 1 5 6 1 1 2 1 1 10 1 1 1 4 43 4 2 1 2 4 183 1 2 1 2 3 4 24 5 1 1 6 2 12 5 1 3 3 5 1 1 2 2 1 1 2 3 1 20 1 2 7 2 2 1 1 11 1 1 1 2 1 3 1 2 1 6 2 1 3 3 1 2 1 1 489 1 2 1 7 1 5 2 4 4 3 1 2 2 1 2 1 1 2 3 1 4 1 53 2 4 3 9 1 2 1 2 2 5 2 3 1 18 3 8 2 2 2 1 3 2 6 3 3 5 6 5 2 42 1 2 8 5 2 4 2 1 7 2 2 1 3 1 3 7 2 2 2 3 3 10 1 2 1 8 20 1 1 4 1 1 3 1 2 1 1 5 11 3 1 2
3 1 2 2 48 3 2 9 2 2 2 58 1 1 9 3 2 1 3 1 1 18 2 6 8 1 2 9 1 1 3 1 4 2 1 2 2 1 1 23 3 1 4 5 2 3 1 2 6 2 4 2 1 1 1 3 3 1 2 2 1 1 42 4 2 3 4 2 2 1 1 15 20 6 3 1 2 1 2 1 2 49 1 1 2 4 2 2 29 7 1 1 3 1 2 4 1 1 14 8 2 1 2 4 2 3 9 1 2 2 4 1 3 4 3 4 3 2 1 22 5 8 2 3 2 3 3 2 2 2 4 18 1 5 3 3 1 2 7 3 2 4 2 2 3 3 1 1 2 6 2 3 2 10 2 4 7 1 13 1 4 37 1 3 2 4 1 12 2 1 1 32 8 1 16 2 9 2 4 4 2 8 4 4 6 1 2 1 24 1 2 2 3 1 2 3 3 1 1 2
1 17 31 3 3 1 12 2 10 10 2 3 1 1 1 2 13 1 1 2 2 3 2 53 22 1 2 2 2 1 1 3 2 1 1 1 5 1 4 12 2 2 1 2 4 2 1 1 1 1 1 1 7 4 5 3 1 2 1 2 4 1 4 16 8 1 24 8 3 23 2 4 12 1 2 1 8 1 1 1 2 2 1 2 2 1 2 2 1 2 1 6 1 8 8 2 1 5 1 5 3 24 6 2 10 3 11 1 1 2 2 1 1 1 14 3 3 1 2 22 2 3 4 15 9 1 1 2 3 2 1 2 1 1 2 2 4 4 1 1 1 1 1 3 2 2 3 15 2 2 2 1 2 95 1 2 2 2 2 3 2 3 2 3 3 21 2 1 16 4 1 6 1 2 2 1 2 3 1 2 1 1 2 1 1 3 2 2 2 2 1 2 2 4 2 13 2 4 1 2
10 2 2 1 1 1 3 1 2 1 5 2 5 2 1 1 4 2 7 6 4 2 2 1 3 2 3 1 1 7 5 2 6 7 3 2 1 1 1 89 1 2 3 4 39 4 1 1 4 2 2 11 2 1 4 15 4 3 17 1 18 8 2 2 2 4 1 1 3 1 4 7 6 2 2 1 2 2 4 2 1 10 2 5 1 4 2 3 1 2 1 2 4 6 4 1 5 2 1 1 3 2 3 2 3 2 7 1 2 2 2 3 3 3 5 4 1 1 1 9 16 5 5 4 2 7 2 2 1 2 1 2 2 2 2 9 1 2 3 2 3 2 1 1 6 2 123 2 1 3 2 9 4 1 1 1 1 1 1 16 1 2 2 1 10 2 29 4 3 2 4 7 15 3 1 2 3 6 2 2 2 1 17 2 4 2 1 4 9 2 2 1 1 1 2 11 1 1 21 4
1 18 2 1 1 4 22 13 3 3 2 3 17 1 2 5 4 2 1 16 3 4 2 3 2 1 1 1 2 2 8 1 2 3 1 2 1 2 2 7 1 2 1 2 1 1 2 1 2 7 1 8 1 3 1 3 1 2 2 2 3 2 1 6 4 3 3 4 12 3 21 7 1 4 1 2 2 4 1 5 1 3 2 2 2 2 2 2 1 2 1 2 1 1 2 1 1 15 1 10 1 1 1 23 2 11 10 5 1 3 2 1 1 3 2 1 3 1 2 9 1 19 2 2 6 1 3 7 2 4 1 3 3 3 1 2 1 5 4 2 2 1 2 2 2 1 2 1 77 2 2 1 4 2 2 1 1 62 1 11 1 6 1 15 2 2 2 2 6 10 2 2 3 4 2 2 3 5 1 3 4 3 1 1 1 2 2 103 2 1 1 27 1 5 1 2 3 1 15 2
1 1 1 9 7 1 1 3 1 1 16 1 9 1 3 1 3 7 2 3 1 3 2 3 1 2 13 2 5 2 2 5 7 2 1 2 2 2 2 1 1 12 3 3 4 3 10 1 1 2 2 4 5 6 1 1 3 1 1 1 2 9 1 2 2 1 2 1 2 5 5 2 1 1 1 75 5 1 4 265 1 1 4 3 1 3 1 3 51 6 3 2 2 1 2 3 2 12 1 6 1 2 2 2 2 1 1 5 2 1 9 1 1 2 37 1 1 1 1 2 2 3 1 3 1 17 7 1 21 3 1 1 19 14 1 1 2 4 4 1 3 1 1 3 3 3 3 2 2 1 24 1 4 2 2 6 1 2 2 3 1 1 1 2 2 2 1 11 1 2 41 8 1 1 2 1 7 1 19 1 2 1 3 5 3 1 9 1 5 2 4 2 1 2 2 3 2 2 2 12
2 2 1 24 14 2 5 5 2 8 1 13 1 33 2 23 2 1 2 1 3 1 3 2 2 1 1 115 2 3 2 2 3 1 3 1 3 1 3 1 4 8 152 1 4 1 2 11 14 1 12 1 25 2 6 24 1 7 2 2 7 1 1 3 1 11 1 1 2 3 2 2 1 7 1 2 4 3 3 1 3 2 2 1 2 2 2 11 1 2 5 2 5 2 1 1 1 1 8 1 6 9 1 2 1 2 6 1 8 1 2 1 1 1 1 4 14 4 4 2 2 1 2 2 4 2 1 1 1 1 2 1 2 1 2 1 1 5 1 2 52 2 8 2 6 2 1 1 1 1 2 15 2 3 2 1 3 1 3 2 2 23 1 1 1 1 1 1 6 2 1 1 1 1 1 1 2 154 2 3 1 21 2 7 5 2 1 43 2 3 3 2 1 2 3 27 2 3 1 1
5 1 2 3 30 7 1 1 3 11 5 2 3 1 2 1 2 2 5 4 1 5 2 22 1 2 1 1 5 2 3 2 3 3 4 2 3 7 1 1 1 8 1 1 4 2 2 2 2 5 8 2 7 1 1 3 1 407 1 2 1 4 5 7 4 1 4 3 1 2 4 4 2 1 1 4 1 2 3 1 3 6 3 2 13 1 1 1 13 1 1 2 6 2 7 4 2 2 4 1 1 9 2 3 7 1 2 2 5 1 3 1 1 2 2 3 1 3 1 1 12 1 2 2 1 1 3 1 2 3 2 8 2 2 1 1 1 1 1 32 1 1 9 2 1 9 1 1 1 2 3 1 1 8 21 1 3 1 1 7 5 5 2 1 13 2 1 2 2 1 2 12 10 1 54 6 4 13 2 1 2 1 1 7 2 1 7 6 2 1 1 3 41 2 2 2 1 1 2 7
2 2 1 6 36 5 1 1 2 3 16 4 2 8 6 24 3 1 2 6 2 1 1 1 1 3 1 1 3 30 42 1 2 9 2 2 1 2 2 2 3 1 1 7 3 10 7 4 1 9 4 2 9 2 1 1 4 1 3 1 1 6 1 2 1 1 1 2 1 2 4 20 8 2 1 1 7 5 3 1 3 10 11 4 5 1 1 1 1 1 16 1 1 2 2 1 25 1 3 1 4 1 11 3 1 3 1 2 3 1 2 2 1 3 1 1 3 18 3 3 2 3 3 2 3 2 1 7 15 1 1 34 1 1 2 3 1 1 7 2 7 2 2 1 1 1 3 6 1 2 5 2 10 1 22 1 131 1 1 4 4 42 1 9 18 2 7 3 3 2 3 13 2 2 4 2 4 1 2 20 3 6 1 2 1 4 2 1 1 3 1 1 8 1 2 2 1 3 3 1
5 39 1 1 2 2 2 3 4 1 31 6 1 2 2 3 4 4 2 1 1 1 2 46 3 9 2 1 15 1 2 2 2 40 5 4 1 11 2 1 2 2 1 1 2 11 2 1 3 8 7 2 2 1 2 3 2 4 1 1 2 2 2 2 2 4 8 5 3 1 1 1 23 7 7 6 3 2 1 2 5 1 6 4 1 3 1 1 3 1 1 2 2 2 8 2 1 103 3 3 2 1 3 2 1 1 2 13 2 2 3 3 2 2 1 10 6 5 6 2 2 1 1 4 1 2 2 3 1 1 1 1 3 1 2 1 1 7 29 3 2 5 1 4 2 1 1 1 4 1 3 5 1 2 1 79 9 3 47 1 6 3 2 3 2 12 1 1 1 1 2 1 15 3 2 4 7 2 1 5 5 1 2 2 1 1 4 1 5 1 1 2 1 2 3 21 1 1 1 1
6 5 2 2 1 1 3 1 2 3 1 2 6 27 1 1 2 2 1 1 1 2 1 2 3 10 2 1 1 2 4 1 1 2 3 21 2 2 8 2 2 2 2 5 1 1 1 1 4 3 8 4 2 1 2 1 109 3 33 1 1 1 2 2 7 4 5 1 71 57 2 4 1 1 5 1 1 2 1 8 3 1 3 1 1 2 1 46 92 2 7 1 2 8 1 3 1 42 2 1 2 2 6 2 2 2 24 12 2 4 47 1 1 2 6 1 2 12 1 1 2 1 1 1 9 2 2 2 3 1 8 13 1 1 2 127 1 1 4 1 1 1 4 1 1 17 2 1 8 3 2 1 3 1 7 3 3 15 2 4 2 1 1 2 1 2 1 3 2 2 3 1 1 2 20 1 4 1 1 4 1 20 3 10 2 1 2 3 1 3 1 3 6 1 1 2 4 1 2 2
3 4 1 1 2 2 1 14 2 4 2 8 1 2 4 2 1 2 12 4 1 1 1 3 1 1 2 2 90 2 7 2 2 1 1 3 6 3 1 1 1 2 3 2 2 1 1 1 1 1 4 8 1 1 1 2 2 1 3 4 1 2 1 2 2 1 3 1 6 16 1 1 3 4 2 7 1 10 4 3 1 1 3 10 5 2 2 1 1 1 1 1 13 1 32 2 1 4 2 1 2 2 2 27 11 3 2 1 1 1 1 4 1 15 2 3 2 1 1 2 1 2 1 1 1 6 1 2 3 2 2 2 3 172 2 2 1 1 1 3 21 22 1 1 1 1 1 3 1 1 1 2 5 2 2 10 3 1 9 2 1 1 12 2 2 1 2 1 1 3 2 83 2 5 6 2 220 1 1 48 2 2 1 2 2 3 2 1 18 19 1 1 1 1 1 2 7 2 20 2
3 9 3 1 6 1 13 1 2 7 3 2 1 3 11 1 2 1 3 1 4 2 52 2 2 4 2 1 5 2 1 16 1 2 10 3 4 3 1 43 29 1 2 1 9 2 5 1 4 1 1 1 1 1 1 2 7 1 2 2 2 7 2 2 2 1 1 2 14 1 10 3 4 1 2 1 4 2 1 2 2 2 1 1 3 40 4 5 1 12 2 5 3 2 3 4 1 1 1 2 1 9 1 1 2 2 6 1 2 2 1 35 2 23 5 2 1 5 8 1 20 3 11 7 4 9 98 1 2 1 2 2 1 6 5 6 1 1 1 11 3 1 1 16 4 4 1 2 23 1 4 4 12 2 1 20 13 1 2 4 10 1 11 1 1 2 2 1 3 2 2 10 7 1 2 1 1 2 1 3 1 2 3 12 2 1 3 84 3 1 3 2 1 1 1 1 1 17 2 2
2 462 1 3 1 1 4 1 1 23 4 52 1 2 10 3 32 38 4 2 3 4 11 10 1 1 13 4 1 2 1 6 3 26 1 5 2 2 1 2 1 2 11 2 1 2 1 9 1 11 31 2 331 7 4 4 1 3 2 2 1 1 2 1 204 4 2 2 2 1 4 1 12 15 2 1 2 3 1 19 1 4 17 2 3 2 1 1 2 5 2 2 3 1 1 39 1 3 3 4 7 4 5 1 1 2 1 6 12 1 1 37 3 1 3 1 2 18 3 8 2 1 1 2 3 1 1 2 1 7 2 5 2 8 2 1 2 4 1 4 2 1 5 4 1 9 73 3 1 43 4 9 4 1 1 4 1 2 41 8 2 2 10 8 2 11 2 3 4 1 1 2 1 8 5 2 13 4 3 1 1 5 1 1 4 2 6 1 4 4 5 3 2 3 3 3 2 100 4 4
1 1 1 10 1 2 6 1 2 13 19 3 1 3 4 2 1 1 7 1 2 3 2 1 9 1 5 15 14 5 1 10 8 3 1 1 2 4 1 1 1 8 2 2 1 38 1 2 1 2 1 1 14 5 1 1 1 2 2 1 1 1 1 2 2 3 12 4 1 1 1 6 5 5 2 191 3 6 38 43 2 2 5 4 1 9 1 5 43 2 1 3 3 4 8 8 2 3 1 26 1 8 1 3 4 1 1 2 3 11 1 2 2 1 2 3 9 2 3 1 2 1 1 2 1 1 1 2 3 1 3 6 47 1 1 6 1 1 3 1 9 8 1 68 1 1 2 1 4 1 3 1 3 2 1 2 7 1 7 104 7 10 2 1 1 3 2 259 4 1 1 197 9 1 6 2 3 9 2 1 1 1 3 2 2 2 1 3 2 138 3 2 1 2 1 1 1 2 1 2
1 2 115 2 1 2 1 1 4 1 2 1 1 1 1 3 1 3 1 1 2 1 2 19 1 109 4 14 1 2 2 1 2 5 3 1 34 5 2 7 2 2 1 1 2 20 2 1 3 1 1 5 2 3 1 2 1 3 5 1 2 1 3 4 2 4 1 2 6 1 1 3 7 2 1 2 2 2 4 88 5 1 2 3 16 3 2 2 2 2 2 3 1 4 20 2 2 2 2 3 2 1 1 1 1 3 1 3 3 1 1 2 8 2 2 1 1 2 32 2 5 2 1 1 3 4 1 10 2 5 2 2 1 1 1 1 4 2 2 1 1 1 2 3 2 2 4 2 2 2 2 1 4 1 22 1 10 1 9 6 23 4 1 9 1 1 1 2 6 21 1 2 2 2 4 1 24 1 1 1 2 3 2 2 2 1 2 2 1 2 12 1 1 9 2 31 3 1 1 2
1 2 3 1 2 107 2 1 1 6 5 3 2 1 1 2 103 3 3 2 1 13 1 1 1 1 1 3 1 14 2 6 3 4 1 1 2 1 1 1 2 1 2 10 4 4 1 2 1 2 6 1 1 2 2 1 2 1 1 9 4 2 3 3 3 3 3 2 1 5 2 4 2 1 1 2 2 1 1 1 8 1 1 1 1 1 1 1 1 2 1 2 1 1 2 2 9 2 1 5 2 2 2 2 1 6 2 2 1 6 4 2 1 4 21 2 13 7 13 1 2 1 3 1 3 1 1 6 2 180 2 10 2 2 3 2 70 1 102 2 1 1 34 1 3 2 1 5 7 1 1 3 2 1 1 258 5 1 1 1 2 4 1 1 2 1 5 1 2 1 2 6 3 2 3 4 2 3 2 1 1 1 1 1 6 4 2 2 6 1 1 1 1 1 2 1 2 4 13 3
6 8 2 2 1 1 1 4 4 3 2 1 3 10 2 1 10 7 1 2 3 2 5 16 2 1 3 18 1 14 3 2 1 3 5 2 6 1 3 3 1 2 2 3 1 1 1 4 2 1 3 3 3 2 16 4 13 1 1 29 9 2 4 2 1 2 4 2 30 7 4 2 3 1 8 2 3 3 1 1 2 3 2 62 1 1 4 5 2 2 9 2 1 4 2 1 2 1 7 20 2 1 3 4 1 5 3 27 1 3 3 5 6 263 7 1 1 1 1 2 1 3 1 1 2 5 2 2 4 2 40 2 1 55 3 2 3 3 1 6 3 2 43 2 2 1 4 1 1 2 23 2 3 1 28 65 2 12 3 6 15 3 2 2 3 1 2 2 2 3 2 1 4 3 2 2 1 5 3 4 2 2 2 3 2 1 2 21 3 1 1 1 1 2 1 2 30 2 3 20
2 3 3 1 1 2 3 2 2 3 2 10 7 1 2 4 1 2 1 1 3 1 1 3 1 1 1 4 3 5 4 2 3 4 2 2 1 2 1 1 3 2 8 2 1 1 5 1 2 5 7 1 3 26 4 3 4 15 2 3 2 1 1 3 8 1 1 1 1 5 3 2 4 3 1 1 1 2 1 1 1 5 1 2 8 10 3 3 3 16 9 1 1 4 3 8 1 3 1 1 3 4 11 1 2 1 1 4 2 2 2 2 2 2 3 1 1 11 2 4 7 1 1 17 156 1 1 1 1 2 2 2 2 1 1 2 23 2 10 1 1 4 3 2 14 4 2 1 1 20 2 1 1 2 2 2 26 21 2 2 1 1 8 5 2 2 1 2 2 3 3 15 1 2 1 1 2 4 7 1 8 1 3 1 5 2 1 1 4 14 1 1 4 8 1 6 1 2 1 3
2 3 4 2 1 1 2 2 1 2 2 1 2 8 2 1 3 2 1 1 2 4 4 2 2 2 1 2 1 1 1 2 4 3 3 3 2 7 7 1 2 2 10 1 2 2 1 2 2 1 1 2 4 2 32 1 60 3 3 5 4 5 1 7 3 8 28 1 5 1 2 4 3 4 1 2 1 1 1 22 1 1 1 2 6 1 1 72 1 2 7 12 2 1 2 2 9 2 2 3 5 2 1 2 1 3 7 10 2 8 4 1 3 17 320 1 3 10 1 2 1 2 2 3 1 7 19 1 2 4 1 2 1 2 2 2 1 5 11 2 2 3 15 2 3 7 2 2 5 1 1 2 1 6 11 10 1 3 3 1 27 2 11 1 2 3 1 2 1 2 2 2 3 1 2 1 7 12 3 1 47 4 1 2 3 19 2 1 1 3 1 18 3 3 213 86 1 1 4 2
2 2 1 2 1 2 3 1 2 27 2 9 1 1 5 4 2 2 2 2 1 4 2 1 1 2 6 2 2 2 1 7 2 2 23 2 2 7 1 1 1 3 2 1 2 1 10 1 1 1 1 1 1 2 2 1 2 6 2 24 1 2 1 7 2 2 3 2 1 1 5 2 16 1 3 2 12 5 2 1 1 2 1 2 16 2 2 2 2 2 5 6 2 3 2 1 1 6 36 4 1 7 81 1 2 2 10 2 4 31 4 2 1 2 1 15 3 2 5 7 2 4 1 1 4 1 4 3 2 22 5 57 2 2 2 1 1 1 4 1 1 5 1 2 1 2 2 2 1 3 10 2 7 1 1 1 1 2 1 4 3 1 2 18 35 1 2 1 13 2 1 8 5 2 2 1 6 25 1 2 1 2 1 1 27 1 5 5 1 92 7 2 1 1 2 31 2 2 1 1
1 1 2 10 1 1 12 2 1 2 4 2 2 132 54 2 2 1 16 2 1 2 11 3 3 1 2 4 1 2 19 2 2 2 2 1 2 5 2 1 2 1 3 3 1 1 20 2 15 1 2 1 1 2 7 1 3 4 1 2 2 3 2 1 1 1 1 2 1 3 2 4 1 5 2 31 1 1 1 3 2 1 1 1 1 1 1 6 2 2 6 4 1 2 5 1 2 6 3 3 1 4 3 7 12 4 1 3 3 2 1 9 1 2 2 2 9 2 1 1 2 4 1 21 1 1 2 1 4 2 2 1 2 3 1 2 1 2 2 1 2 3 1 2 3 3 57 2 24 1 1 1 4 3 4 3 1 2 1 2 1 3 1 2 2 3 39 1 3 2 3 1 3 3 2 2 2 1 5 2 11 2 14 1 2 5 3 2 2 2 1 19 108 2 2 4 1 22 3 3
46 1 1 2 10 3 4 2 2 2 1 5 310 1 2 1 2 1 10 6 1 3 1 1 2 2 2 2 9 9 9 2 2 2 2 1 2 4 1 16 1 1 1 3 10 2 1 5 3 1 2 1 4 5 65 1 1 19 6 5 2 1 7 1 1 2 14 4 3 2 2 3 2 2 2 1 2 3 2 59 1 2 4 75 3 2 1 2 7 44 1 1 2 1 1 6 1 1 1 2 3 2 4 6 3 3 3 7 5 2 1 1 22 2 1 14 4 8 13 4 5 4 1 2 1 3 2 2 8 3 3 2 6 2 1 76 5 2 3 1 2 2 26 2 2 1 1 13 10 2 5 2 4 3 23 77 4 4 2 2 2 1 269 370 2 2 1 1 3 4 20 1 4 1 18 3 3 2 17 1 2 3 2 3 1 7 1 5 2 4 5 1 1 2 1 6 5 1 3 1
4 1 3 2 1 4 3 3 1 1 6 3 2 1 1 2 1 3 2 3 3 2 4 2 5 4 3 1 1 3 5 1 6 1 3 1 2 1 2 1 110 1 2 1 6 3 1 3 12 1 2 33 1 1 2 1 1 4 2 1 1 2 2 148 3 4 1 11 1 1 1 2 2 6 1 3 2 1 1 5 3 2 3 2 2 2 1 1 1 1 2 1 1 1 1 1 1 2 2 14 2 1 1 1 7 2 1 1 29 1 2 1 1 1 23 1 22 2 2 5 1 1 7 1 2 33 1 1 3 7 3 1 2 1 1 2 1 1 5 3 2 7 1 4 1 3 4 1 2 3 2 1 2 1 1 1 5 3 2 1 1 1 1 1 1 4 2 2 1 40 3 1 1 6 1 3 3 2 1 9 6 3 3 8 1 1 3 1 2 1 1 22 3 5 3 31 1 2 3 16
3 1 4 1 5 17 5 1 14 3 2 2 1 2 2 3 1 2 27 1 1 1 24 2 2 2 2 6 5 2 2 1 1 1 7 3 3 3 3 6 1 1 10 3 2 1 9 1 12 1 1 1 2 2 1 1 8 4 10 1 1 4 1 4 1 9 1 3 2 4 2 2 1 3 1 1 5 1 1 28 1 3 2 2 2 15 1 9 1 2 2 2 2 3 1 1 4 1 1 1 1 3 17 15 4 1 4 9 2 6 4 63 33 1 16 1 4 4 1 1 3 2 1 1 3 2 2 2 3 3 62 1 1 2 1 1 2 2 2 2 3 3 4 1 2 1 4 4 4 3 2 1 3 4 1 28 1 27 1 7 2 3 4 2 2 1 1 15 2 2 10 1 4 10 1 22 4 1 2 3 1 4 2 3 1 2 2 2 3 7 1 2 3 1 2 1 1 1 1 1
5 2 1 1 3 1 1 5 1 10 8 1 2 3 3 3 3 3 1 3 1 2 2 3 1 3 2 1 9 1 26 2 15 1 48 1 1 1 3 2 1 34 4 50 2 3 3 10 2 1 2 11 4 1 1 38 1 2 5 1 2 2 1 1 47 23 4 1 2 1 2 2 1 2 2 4 8 2 1 6 2 3 1 1 3 2 1 1 2 14 6 2 2 8 68 1 1 2 2 2 1 1 3 2 32 3 261 1 23 1 1 1 2 295 1 1 71 2 1 2 1 5 3 2 12 3 1 1 1 6 1 1 6 1 1 2 1 3 6 1 4 2 6 131 2 86 1 1 2 7 2 1 5 2 1 161 7 2 1 2 1 4 1 1 1 1 4 1 1 2 2 15 3 1 5 1 2 4 1 7 6 2 2 2 11 4 2 1 1 2 3 16 1 3 2 2 4 3 4 1
4 2 1 3 1 1 1 1 1 1 7 2 1 1 3 2 1 1 1 9 2 10 2 5 4 4 56 2 2 1 2 2 1 75 1 3 4 2 3 14 3 1 40 2 4 5 1 3 3 9 3 1 2 30 2 2 3 2 1 2 1 11 1 2 1 3 1 1 2 1 1 8 7 2 10 1 1 1 1 6 4 5 7 2 2 2 1 1 1 54 2 3 4 3 1 3 5 2 6 1 1 5 9 1 1 1 2 1 2 2 2 3 1 2 1 2 4 2 2 1 3 3 5 3 1 27 2 3 2 3 1 7 7 1 5 1 2 8 1 1 1 5 2 4 1 2 1 1 22 4 2 1 1 2 2 10 2 1 7 1 2 3 2 2 1 4 1 2 115 1 4 1 1 1 1 2 1 1 2 1 7 2 5 1 1 43 1 6 2 5 19 1 2 1 2 1 3 2 2 2
2 13 1 1 1 7 1 7 25 1 2 1 1 6 1 6 48 2 4 2 1 1 4 3 4 1 4 1 4 1 3 1 3 2 2 1 2 1 1 1 1 5 1 3 1 31 1 6 2 1 7 1 1 1 2 6 1 3 3 1 1 1 26 42 2 402 1 2 1 2 1 2 1 2 1 1 5 1 3 56 1 9 2 3 8 7 1 3 2 1 6 4 2 5 3 14 3 1 1 15 2 3 2 1 2 2 2 1 2 1 1 1 2 2 35 1 1 2 3 3 2 12 2 3 9 1 1 3 1 16 2 1 1 1 2 3 3 2 1 2 1 4 9 1 3 1 10 3 3 1 1 2 1 14 2 3 3 4 1 1 46 2 2 4 37 2 1 2 1 1 2 4 1 3 4 2 16 1 4 4 1 1 4 1 1 2 41 3 4 1 3 1 6 1 15 2 5 2 1 25
31 7 1 4 1 48 1 3 3 3 2 1 2 5 2 1 1 3 7 1 2 3 13 2 2 2 1 1 1 3 1 1 61 9 1 4 1 2 1 1 4 2 227 5 1 4 1 1 160 4 10 2 5 2 24 2 3 10 1 1 3 1 2 4 3 1 7 37 1 5 2 3 1 1 4 3 1 2 1 2 2 1 2 123 4 2 32 53 1 1 2 5 6 3 2 2 2 6 1 4 73 2 4 2 5 1 2 43 1 8 13 7 17 2 1 1 2 1 1 1 1 2 4 13 11 2 2 1 7 1 15 2 5 1 1 167 7 1 4 10 11 3 1 6 1 2 3 1 3 2 3 1 1 3 2 3 3 9 3 1 1 2 19 3 2 66 1 2 14 19 1 3 4 5 2 2 2 2 1 2 2 1 2 1 2 1 2 4 4 2 1 2 7 2 2 4 4 1 6 33
1 2 1 3 1 2 2 3 2 2 3 2 2 2 4 5 2 5 7 2 2 1 3 15 2 2 2 9 117 1 5 2 3 1 3 1 2 5 1 1 1 4 1 2 5 6 1 24 2 3 2 2 9 1 1 2 1 4 2 1 2 2 2 17 1 1 3 3 1 18 10 1 2 27 1 1 1 1 2 2 1 21 3 2 5 2 2 1 2 2 2 2 3 4 2 5 4 6 1 1 2 1 2 1 113 3 1 1 1 17 3 1 4 1 1 2 2 1 4 1 3 1 2 2 4 2 2 71 3 2 38 1 2 7 2 1 9 2 3 2 1 5 1 2 3 2 1 11 41 2 2 8 1 3 91 1 15 1 9 4 1 1 2 2 7 1 5 4 4 1 2 4 1 5 2 1 4 2 1 2 2 5 1 17 1 1 9 1 2 2 2 7 15 2 25 3 1 1 1 4
3 3 1 3 19 4 2 2 4 2 2 1 2 30 1 2 1 1 1 28 2 1 10 10 7 7 9 3 4 2 1 2 4 2 2 7 1 2 1 3 5 3 4 1 4 17 2 3 1 1 1 1 1 1 5 9 2 1 2 14 2 32 1 1 11 2 2 2 1 1 11 31 1 3 3 2 11 2 2 7 2 3 1 5 4 1 1 5 37 3 2 1 3 4 1 1 2 2 2 1 5 8 3 13 1 13 1 5 3 3 1 1 10 7 410 1 5 1 2 45 1 6 2 2 5 18 5 1 3 2 5 5 2 22 12 4 1 1 2 4 2 2 1 1 2 1 2 9 47 76 11 1 6 7 10 1 1 1 3 2 1 2 1 2 2 1 3 1 9 7 1 1 1 2 2 1 3 1 5 3 5 3 2 1 10 1 6 1 1 1 40 7 2 3 1 1 21 10 2 1
1 2 1 3 3 1 4 19 4 54 2 2 8 7 3 3 2 11 2 1 1 2 2 3 2 2 7 3 3 1 18 4 3 7 2 3 3 1 1 2 3 2 9 2 2 1 2 1 1 1 1 1 1 2 5 73 1 1 2 1 1 1 17 2 8 3 7 2 2 2 11 3 3 9 2 41 1 1 1 2 1 3 4 2 2 1 1 13 1 1 2 3 1 11 1 9 2 3 31 4 2 1 4 2 3 124 114 1 4 2 3 1 1 1 1 4 1 2 2 1 2 4 11 15 9 1 4 3 2 5 1 2 1 33 6 1 3 1 1 1 11 2 2 1 2 8 7 1 2 1 2 69 1 2 4 2 4 2 1 3 2 1 7 5 2 4 2 1 4 1 4 4 3 4 5 2 1 1 2 9 40 4 33 1 6 2 4 5 6 3 1 36 1 25 6 6 5 2 7 3
2 2 1 3 3 6 4 5 1 2 53 2 2 2 1 1 1 3 8 1 2 3 2 2 1 3 1 2 3 1 10 2 1 4 1 2 1 5 1 3 6 8 1 5 1 1 5 3 1 4 1 1 4 5 1 1 1 5 2 1 2 5 1 2 1 2 1 6 3 2 2 3 1 1 2 1 2 23 3 2 1 7 1 2 4 1 5 1 3 2 4 3 2 2 1 6 322 1 1 2 3 1 1 2 2 2 39 3 2 2 4 1 1 3 1 1 1 1 1 2 2 33 5 9 11 1 3 2 1 2 2 4 29 198 1 1 3 5 1 1 7 3 5 2 6 9 1 1 9 11 3 1 1 3 5 1 2 228 2 5 5 31 4 3 5 2 2 2 1 27 5 1 1 6 4 2 2 2 5 3 14 17 21 1 2 2 1 2 1 9 1 13 2 2 8 8 5 2 3 1
1 4 3 3 1 6 2 1 5 2 2 14 2 3 4 3 3 1 1 2 2 1 1 2 159 1 7 1 2 1 1 134 5 1 2 2 2 24 3 3 2 5 2 14 1 3 1 3 6 2 4 57 10 6 2 1 2 1 1 6 13 1 3 22 3 2 7 1 1 7 5 1 1 1 3 2 3 3 1 2 1 1 16 1 8 1 1 1 28 1 1 1 2 2 1 1 4 2 1 1 1 1 1 1 4 1 2 2 2 6 9 1 2 3 1 1 1 57 4 1 2 2 6 1 2 4 1 1 2 4 3 3 4 1 3 2 2 2 1 3 7 2 2 1 4 3 2 14 5 2 1 2 2 1 2 6 4 2 2 3 8 1 1 3 4 3 2 1 12 2 2 4 1 2 18 3 1 1 15 3 2 1 1 1 2 1 1 1 1 13 2 6 2 1 8 1 2 4 1 2
3 3 5 1 9 1 1 1 1 1 3 1 1 4 3 1 1 6 3 8 5 1 4 9 2 2 2 3 2 4 4 2 1 6 1 4 1 2 40 3 2 3 2 2 2 10 3 3 15 1 34 10 3 4 30 1 3 2 5 1 1 1 3 3 3 1 6 3 3 7 2 4 1 3 1 1 3 1 1 2 1 2 10 2 1 1 1 1 2 1 1 2 2 1 5 1 13 2 17 3 10 4 1 1 1 6 2 2 6 4 24 2 2 1 3 7 1 1 1 1 12 1 5 1 1 24 2 4 3 14 10 2 2 3 1 2 1 2 5 1 3 1 1 2 3 3 3 1 1 2 1 2 2 1 2 7 7 2 10 1 2 1 1 2 8 1 1 11 2 5 9 1 4 1 1 1 1 2 10 6 1 1 1 1 2 3 8 1 1 3 24 1 2 2 4 2 1 2 1 4
3 2 6 1 1 54 4 2 2 2 2 1 2 4 3 4 4 3 3 4 1 2 18 2 1 2 1 3 1 6 11 1 2 8 3 4 11 2 2 1 4 1 4 2 5 1 9 1 1 1 3 10 1 7 1 1 17 1 3 2 4 2 3 4 4 1 1 2 2 2 2 2 2 2 4 3 2 27 1 1 1 1 1 1 3 2 2 4 3 1 2 2 2 14 74 2 3 2 3 5 59 1 5 1 6 2 16 1 1 2 1 1 2 5 14 15 22 2 1 8 3 5 2 1 2 1 4 2 3 9 8 4 4 9 7 2 1 1 2 2 17 1 1 2 7 1 33 1 3 2 1 4 1 19 1 3 2 2 2 2 2 1 1 2 19 1 14 12 2 1 1 2 3 2 3 2 8 1 2 2 10 3 1 2 5 2 2 1 5 10 3 2 3 4 1 1 3 10 1 1
3 2 2 1 4 2 2 2 17 1 2 6 2 1 6 2 2 2 2 2 33 1 2 17 5 1 3 1 2 4 2 2 10 4 3 4 1 3 4 2 2 1 1 1 1 2 1 2 1 2 1 1 2 6 1 3 3 3 3 3 6 12 11 5 1 1 1 3 1 4 1 1 1 2 2 1 2 1 91 7 6 4 2 1 14 9 1 1 2 63 1 12 29 3 1 3 2 1 4 3 2 6 2 1 3 1 2 1 55 1 2 1 4 1 2 1 8 2 1 1 1 2 5 2 2 1 2 3 2 2 2 1 6 1 1 1 2 1 2 10 1 7 2 2 4 5 1 2 1 2 4 3 1 2 14 2 2 2 3 2 2 2 2 2 3 1 2 1 3 2 8 1 1 3 2 3 1 2 1 4 2 498 3 1 1 4 1 2 2 19 4 14 3 3 3 3 3 1 4 4
3 2 4 1 1 2 2 18 75 16 15 1 2 1 1 12 1 79 11 2 73 2 2 3 3 1 11 1 2 1 2 11 18 2 1 6 27 1 1 1 2 6 2 1 1 2 4 6 7 2 1 2 3 2 1 5 6 13 3 1 4 2 3 2 37 2 7 1 2 1 1 3 40 2 12 1 3 2 4 2 107 10 1 4 1 9 2 1 3 2 1 4 7 1 8 4 2 1 2 1 2 1 15 1 2 3 2 1 1 3 5 1 1 5 4 2 6 2 1 3 6 2 45 4 2 61 1 1 2 1 1 2 2 53 3 2 20 2 6 2 3 3 7 2 308 3 4 1 2 1 3 7 1 5 4 2 2 1 1 1 8 9 1 3 1 1 3 2 1 1 9 1 2 1 3 2 1 2 2 1 16 1 2 19 3 1 1 3 1 9 1 1 5 2 2 4 3 1 15 1
2 2 2 9 9 2 3 4 16 3 3 1 4 1 4 3 1 1 2 9 1 1 2 1 1 2 1 1 2 7 10 5 12 1 2 1 5 2 2 1 1 12 3 8 2 1 3 2 4 151 1 4 2 3 1 2 1 5 1 2 1 1 4 1 11 1 1 3 1 3 2 1 3 3 2 1 1 25 1 9 1 3 2 2 3 4 2 10 2 3 1 8 1 23 23 2 1 84 3 11 3 3 18 1 4 2 5 2 2 1 5 9 2 3 2 6 81 1 9 1 3 4 6 8 2 3 1 6 2 2 4 3 3 2 2 1 11 1 9 1 7 6 2 1 3 1 5 3 1 1 1 1 6 15 1 1 1 1 15 27 6 1 2 5 4 4 1 1 2 2 1 1 1 1 2 1 3 1 2 5 21 4 67 1 2 2 4 2 2 2 2 1 2 9 2 3 2 4 3 3
5 458 4 4 3 8 1 5 11 3 1 1 1 5 3 1 14 1 2 2 2 1 1 2 4 4 4 4 1 1 2 2 14 1 2 1 2 19 1 2 1 3 1 11 13 22 6 3 33 2 3 2 5 1 1 1 1 1 3 2 1 2 1 2 2 1 1 4 2 7 16 2 2 3 1 2 8 4 2 1 1 1 6 4 7 2 1 2 8 4 2 2 3 2 2 1 3 12 1 4 1 2 1 1 1 1 2 1 6 1 4 2 3 1 2 1 2 1 1 1 1 463 2 1 29 1 1 2 4 5 3 3 3 1 3 3 2 12 1 4 1 1 4 3 4 44 10 1 2 3 21 1 4 1 1 6 1 2 2 2 2 2 3 1 2 2 2 17 1 5 2 1 7 1 6 3 1 1 2 1 4 2 10 2 2 4 3 2 3 3 5 2 2 2 1 1 15 2 2 1
3 82 1 1 2 209 3 1 4 5 7 6 1 1 3 1 2 2 5 2 1 1 1 2 1 3 7 1 1 1 43 2 1 1 1 15 7 12 1 2 3 6 2 4 5 1 1 3 4 20 9 3 2 1 1 3 2 1 2 3 6 6 3 1 2 7 1 4 1 1 17 1 3 2 4 3 3 1 1 2 4 4 23 4 5 2 37 1 4 1 1 4 2 1 1 8 5 5 4 7 2 4 1 4 3 2 5 2 11 7 1 1 4 6 9 28 1 2 3 2 2 11 1 1 9 19 1 1 2 1 2 3 1 14 5 2 1 2 3 1 5 5 45 3 3 1 1 1 2 11 3 1 1 84 1 2 3 1 2 1 3 1 2 1 2 3 1 5 1 3 1 3 8 72 3 2 9 1 6 11 1 1 2 1 1 3 4 1 3 3 1 1 1 1 1 1 3 2 2 3
2 2 3 3 2 13 1 2 5 4 1 5 2 2 2 4 3 1 1 2 2 1 1 2 1 2 2 1 3 1 7 1 1 18 3 2 1 3 1 2 4 1 2 2 1 1 1 1 1 1 2 1 2 5 1 2 1 3 94 2 1 2 1 1 5 1 2 1 16 2 3 2 2 6 3 10 70 1 4 5 6 2 3 2 2 8 1 4 21 2 7 5 43 2 3 11 3 121 1 7 1 174 1 1 3 1 1 1 1 3 2 2 1 3 3 2 3 3 1 1 2 1 2 3 1 1 2 1 11 3 2 1 3 2 1 1 1 1 2 6 1 2 2 4 3 1 2 4 1 1 3 3 6 2 4 1 2 2 9 2 2 90 3 1 5 3 5 1 14 78 78 3 2 1 3 6 8 2 3 1 2 12 1 1 2 3 8 252 7 1 9 3 1 336 2 3 1 1 5 3
1 10 9 2 1 5 6 8 2 20 3 2 2 1 2 8 4 1 1 5 2 7 2 2 1 2 1 2 2 4 6 1 1 2 1 3 1 4 1 2 65 1 1 1 2 11 1 78 1 21 2 1 7 2 3 2 1 2 14 3 2 2 3 4 1 4 3 2 2 1 2 2 2 2 1 1 2 3 1 1 1 1 2 3 13 3 53 2 1 1 3 1 1 2 5 2 3 2 25 2 2 2 6 2 2 2 1 23 7 26 1 5 7 1 1 5 1 4 4 4 3 3 3 1 1 1 1 2 10 1 1 150 2 2 3 2 4 1 4 1 3 4 2 2 1 1 6 3 1 1 3 2 1 1 1 2 386 4 2 1 1 2 2 1 1 1 2 1 1 3 6 1 1 6 2 3 1 1 48 1 1 3 2 10 1 19 5 5 1 2 3 1 2 10 1 1 1 5 3 1
11 2 2 2 1 1 5 2 2 2 3 1 3 11 1 3 2 6 1 13 8 2 2 2 7 1 1 1 3 2 2 1 2 2 1 2 6 1 4 3 2 1 75 3 1 2 6 5 1 1 3 1 6 2 41 1 18 1 1 1 7 2 8 3 2 1 1 1 1 20 2 2 2 2 1 1 2 4 2 6 2 1 1 1 5 1 2 2 2 2 7 11 1 129 13 1 1 2 19 2 3 2 16 2 2 2 3 1 6 1 2 6 2 2 4 3 1 1 84 1 1 4 1 3 1 1 1 13 3 1 1 10 2 21 39 1 3 1 2 3 3 1 3 4 3 4 9 8 5 7 2 1 7 1 1 6 3 3 12 3 1 1 3 2 1 2 1 2 1 3 5 2 10 3 1 8 5 17 2 1 2 3 3 2 2 1 3 4 1 5 20 1 2 1 1 5 3 3 5 1
3 2 1 4 4 2 2 3 4 7 92 8 4 5 1 2 4 2 1 2 9 3 1 2 1 1 17 2 1 4 2 3 1 1 1 1 2 2 3 11 3 2 1 4 1 1 2 1 5 30 2 2 2 3 2 2 1 2 6 8 1 1 3 7 7 1 7 1 3 1 1 2 1 2 4 1 1 2 2 14 1 1 18 1 2 1 3 5 3 1 2 2 1 1 62 4 1 3 10 3 3 2 5 4 2 1 1 165 1 2 2 2 3 6 1 4 1 2 2 2 1 2 3 1 2 4 1 4 1 2 12 2 3 2 2 1 3 1 1 1 1 32 1 1 3 2 5 2 3 2 2 2 12 1 2 6 2 1 2 1 6 3 3 4 1 2 1 8 42 2 2 4 25 3 2 2 3 1 1 2 2 2 1 2 2 11 17 2 2 1 1 6 1 1 1 4 4 77 1 1
2 5 2 3 1 14 2 10 2 1 13 2 1 2 1 2 13 12 1 7 3 1 7 21 14 2 2 5 1 2 2 3 1 2 2 3 2 1 2 7 5 10 3 4 2 2 2 5 1 2 7 55 1 13 24 255 4 2 2 1 1 1 5 1 15 2 3 11 1 5 1 2 11 1 2 1 2 10 2 2 1 2 1 2 4 21 1 9 2 14 2 4 1 2 1 50 1 6 2 2 4 31 2 6 2 1 9 1 2 2 2 1 10 1 20 3 2 44 6 4 3 3 3 6 1 2 1 8 7 3 2 1 1 1 11 2 3 1 4 2 3 1 2 3 8 2 13 2 2 2 1 2 2 2 3 3 2 2 1 1 4 6 1 3 8 1 3 1 2 1 2 2 3 6 22 1 2 15 3 2 2 2 2 1 2 1 5 10 2 1 2 1 3 9 3 10 2 1 11 1
4 1 1 4 1 2 2 15 6 2 1 1 2 3 2 2 1 3 14 2 3 5 6 5 1 9 70 16 1 32 2 2 1 7 1 1 10 2 1 10 1 2 1 2 2 4 5 1 6 2 3 3 4 1 2 1 1 8 3 2 1 2 9 3 1 17 7 7 2 1 2 2 3 6 4 3 2 1 2 1 2 6 19 2 7 2 1 3 1 1 3 2 1 2 1 1 4 5 7 3 1 1 4 7 1 5 1 3 1 1 3 7 14 20 2 1 3 14 1 1 2 4 2 13 4 2 1 2 16 2 2 5 2 109 128 3 1 64 10 14 8 2 3 6 3 5 2 4 1 1 6 2 2 1 1 2 3 1 2 4 5 1 3 3 2 1 15 1 1 3 2 3 2 3 5 4 1 1 1 4 2 1 1 4 1 2 3 96 2 1 2 9 1 3 1 2 2 3 7 1
11 1 5 2 2 1 1 4 2 4 98 5 2 1 1 12 1 3 16 8 6 3 1 2 2 1 5 1 1 2 2 2 6 2 2 2 11 2 1 6 1 48 1 5 5 6 2 10 1 2 6 1 2 1 1 1 1 1 2 1 1 1 4 4 4 1 3 2 3 2 10 1 3 2 2 2 1 2 1 7 2 3 1 1 1 4 2 1 2 4 2 2 3 1 3 7 1 4 5 2 2 6 2 3 11 1 1 5 1 3 1 2 1 2 3 2 8 1 1 1 1 1 2 1 5 4 2 3 19 2 2 2 1 2 3 1 3 3 3 1 2 2 2 1 2 1 1 1 3 1 3 7 4 3 3 1 2 6 1 3 5 1 6 3 1 12 2 2 1 4 2 2 2 2 1 2 2 8 1 2 1 1 10 3 6 2 5 2 1 6 1 3 1 1 2 4 1 3 1 1
1 6 1 2 57 1 1 8 8 2 1 5 1 1 1 17 3 5 2 1 3 4 1 5 3 1 3 2 1 1 2 2 1 3 2 1 3 1 2 1 8 1 2 2 2 1 4 1 12 1 2 2 3 3 3 3 2 2 24 1 4 4 4 2 1 2 2 10 4 1 37 3 1 1 1 4 2 1 1 6 7 1 2 7 4 1 1 2 5 12 2 11 10 2 2 2 57 6 3 14 3 2 15 4 1 1 2 2 3 2 1 1 5 1 2 1 6 1 3 1 1 69 6 1 2 2 3 25 1 5 1 1 4 1 1 6 7 1 3 1 1 2 3 2 1 1 2 21 2 1 3 1 2 5 1 2 4 1 2 4 3 1 28 1 2 1 1 1 9 1 1 1 5 8 1 82 3 3 3 2 1 1 5 4 9 1 1 3 10 1 5 5 5 2 2 2 1 1 8 4
2 5 79 1 4 2 7 2 1 1 1 1 2 1 4 1 8 103 2 48 1 1 4 1 2 3 179 4 2 2 6 10 2 2 2 1 1 2 2 5 1 2 4 2 2 24 79 1 6 2 1 3 3 2 4 6 1 3 3 1 3 1 11 4 99 165 1 183 2 1 9 1 3 2 1 1 14 3 1 2 1 2 3 11 2 1 6 10 2 4 19 3 1 1 1 5 5 2 6 4 2 1 1 1 1 1 1 2 11 2 3 3 5 1 20 1 1 31 1 2 7 5 2 13 7 5 2 5 3 1 9 3 3 3 2 6 3 2 1 2 3 2 1 5 2 2 8 2 1 1 5 1 1 1 1 1 1 3 2 9 1 2 2 2 2 6 2 81 2 4 2 2 6 3 8 24 4 1 1 1 5 1 1 2 11 17 2 1 2 2 1 3 2 1 4 1 1 2 1 1
2 1 2 7 2 4 1 1 2 2 1 1 1 1 1 1 2 1 1 13 89 1 3 4 9 1 1 8 1 2 1 1 2 1 2 1 10 4 22 1 14 2 1 1 1 12 1 2 9 3 5 86 1 4 2 3 2 7 3 4 1 2 2 1 1 14 2 1 4 2 1 4 1 1 3 2 1 11 1 2 2 2 1 2 9 2 13 34 1 21 4 1 8 2 1 2 3 1 3 1 2 4 1 45 1 2 3 16 2 1 1 1 1 16 12 2 1 3 1 1 5 9 1 1 1 2 1 1 2 3 11 4 1 13 4 6 1 1 2 2 2 26 1 1 1 6 2 7 1 8 4 18 2 1 2 6 2 1 1 14 2 1 37 1 2 8 1 2 5 1 9 2 13 9 3 6 2 3 13 1 1 1 2 2 1 1 1 19 1 2 41 3 23 4 3 1 4 2 1 10
93 1 3 1 7 8 3 3 2 1 3 2 1 1 6 2 7 5 1 4 2 1 1 1 7 1 1 7 3 1 2 1 9 4 1 2 1 2 4 3 1 3 2 1 6 2 7 1 2 1 1 1 2 10 6 1 124 8 1 2 5 12 1 2 19 7 1 1 5 1 6 4 2 2 2 1 1 1 2 1 1 1 2 1 52 3 9 2 1 1 4 6 1 3 2 12 4 11 3 2 2 1 3 3 1 1 1 1 2 5 1 2 2 2 8 1 1 2 1 2 1 2 4 1 1 1 3 1 5 1 1 10 248 2 15 1 1 1 6 1 2 5 11 1 1 1 2 10 10 2 3 10 2 2 2 2 1 7 7 1 1 4 9 3 2 4 3 1 3 2 4 1 3 1 2 1 4 4 1 1 1 1 2 21 1 2 2 10 1 4 1 3 1 2 3 2 1 1 5 2
2 2 1 2 12 1 2 1 2 2 1 2 1 2 1 2 2 3 2 4 1 2 2 2 3 1 2 1 1 2 1 2 1 8 3 2 1 3 7 2 6 2 3 3 1 9 2 1 1 1 1 2 3 2 17 3 2 7 3 7 6 2 2 2 1 3 1 3 3 1 2 2 2 1 4 11 2 6 2 12 2 1 110 1 1 5 179 2 1 2 3 2 1 1 1 11 3 1 10 2 2 3 4 3 1 2 1 1 1 6 1 4 1 1 1 6 2 3 1 1 16 22 1 2 75 5 2 19 3 2 1 2 2 1 2 11 2 1 2 1 3 1 1 3 2 1 4 1 2 19 3 7 1 7 4 2 2 2 2 7 1 1 2 2 6 4 1 3 1 1 11 1 2 2 5 3 4 2 1 2 2 3 1 4 4 4 1 1 1 1 7 2 1 2 2 1 1 2 1 3
3 1 18 2 3 2 9 3 3 2 2 1 5 1 1 3 1 6 3 2 1 1 1 9 3 1 50 2 1 6 5 2 1 1 2 2 3 3 5 2 1 1 3 5 4 2 2 5 1 1 3 4 2 1 1 3 8 4 2 1 3 1 2 1 2 5 6 1 2 1 1 1 3 1 1 1 1 26 3 4 3 56 2 2 1 13 1 5 3 2 3 1 6 1 2 2 2 6 1 1 2 2 3 7 1 1 3 3 1 3 4 8 4 2 2 9 4 1 4 1 1 28 4 7 2 2 2 1 3 2 1 1 1 10 2 7 3 1 1 1 1 1 2 1 1 2 3 1 2 7 2 19 2 1 2 1 3 2 1 3 8 1 2 2 2 2 1 2 2 49 1 1 1 4 5 1 3 7 1 3 1 2 2 2 2 1 1 1 13 1 2 6 2 5 15 3 1 1 6 4
2 8 4 2 1 3 31 1 4 2 86 2 4 1 1 1 27 1 3 1 1 1 1 9 2 2 2 9 1 1 6 1 6 7 2 2 39 1 1 3 11 1 3 2 2 2 5 2 3 1 3 2 43 2 2 2 2 3 3 2 1 1 4 1 1 2 3 1 1 6 2 7 1 6 18 3 1 6 1 1 2 1 3 73 3 4 8 2 2 9 2 3 9 7 2 100 2 2 4 3 27 11 1 6 3 3 1 1 1 1 1 2 2 1 1 2 3 2 1 1 2 2 2 6 2 2 1 1 1 6 1 1 2 4 8 2 6 1 3 2 2 1 1 1 1 52 5 1 4 11 1 1 2 9 1 1 2 2 1 2 4 7 104 28 1 2 2 2 23 1 3 1 6 3 2 288 1 2 4 5 2 3 6 3 2 1 2 2 2 2 2 5 2 1 6 2 1 4 1 25
1 1 3 1 4 1 2 1 2 35 1 1 3 2 1 7 3 12 4 7 1 6 2 2 1 1 1 5 7 1 6 4 2 5 13 2 2 2 1 3 1 2 2 7 1 19 1 1 10 2 3 3 2 1 1 2 3 2 2 1 2 3 2 8 2 1 215 5 4 1 1 1 2 1 17 4 5 14 1 25 1 2 7 15 1 1 1 4 12 7 1 1 2 2 3 1 2 41 4 5 2 5 6 4 2 1 1 1 2 35 3 1 1 1 2 3 10 2 110 3 2 2 12 2 1 1 4 5 1 3 2 2 1 28 4 21 1 1 5 156 2 1 2 1 5 3 2 1 2 37 2 1 14 1 1 1 6 9 2 3 1 4 1 1 2 1 3 2 2 3 2 10 2 2 4 1 2 1 1 1 30 2 6 1 3 2 2 1 4 7 2 2 1 2 1 1 8 2 1 1
2 1 5 2 2 4 160 1 2 6 1 2 2 1 27 2 2 4 1 1 2 1 3 1 1 2 2 2 2 5 3 1 2 3 2 2 1 3 1 2 1 2 2 4 2 1 1 2 2 1 1 4 2 2 3 17 2 1 16 1 2 1 2 1 10 1 1 2 25 3 2 1 1 11 1 1 1 19 2 1 2 1 1 1 2 3 1 1 5 2 1 5 1 3 1 4 53 9 2 28 4 4 10 444 2 2 1 1 2 6 3 2 1 1 3 33 39 40 4 1 1 2 1 1 14 1 1 1 2 1 22 1 1 1 1 3 1 2 3 1 10 2 270 55 2 9 5 1 4 2 1 4 1 2 16 3 13 9 1 1 5 2 64 2 2 2 3 4 2 2 178 1 2 1 1 4 3 2 12 2 2 1 2 9 2 3 1 1 1 4 8 1 1 3 14 12 11 2 12 1
1 2 2 1 5 2 3 1 2 1 9 2 1 9 1 4 3 7 5 13 3 93 2 4 5 14 2 4 2 4 2 1 4 1 2 2 8 2 1 2 1 14 15 1 1 1 3 37 2 2 2 1 2 3 52 1 1 1 1 1 2 5 1 3 3 4 4 6 3 4 3 1 1 1 1 11 15 1 1 2 1 8 1 1 2 4 1 1 14 2 3 3 2 1 1 1 23 1 2 7 3 1 2 4 2 8 2 3 2 1 2 1 3 5 2 2 2 2 2 2 6 2 2 1 3 4 1 2 3 1 4 3 3 1 2 1 2 1 2 12 2 6 3 1 39 1 135 1 2 1 29 1 2 1 11 62 1 4 5 1 3 1 7 1 1 2 2 2 2 11 2 1 3 4 2 1 1 4 3 5 2 2 4 1 1 6 2 2 1 1 2 1 2 11 1 2 1 3 3 10
4 4 2 3 3 2 9 2 25 13 1 3 2 5 1 1 4 4 1 6 1 1 2 9 2 2 1 1 1 1 8 4 2 1 1 3 1 2 1 13 2 1 1 12 2 1 7 6 19 4 19 1 10 1 3 2 1 4 1 3 2 5 32 2 3 2 2 3 52 6 4 2 1 12 2 3 47 8 22 2 3 2 5 2 1 1 4 4 4 2 1 3 8 3 2 61 3 2 1 1 10 1 2 1 1 3 2 1 1 1 2 1 28 11 4 2 13 3 2 85 3 2 1 3 2 1 5 7 3 11 1 1 41 2 1 3 2 2 6 2 2 2 5 4 7 5 5 1 2 2 1 2 4 32 2 2 1 1 1 1 1 1 1 2 4 8 1 2 6 1 12 7 7 1 1 2 2 7 3 2 3 7 1 1 9 2 1 2 1 2 15 1 2 3 1 27 6 1 330 2
2 2 1 1 1 1 16 3 2 1 2 4 2 1 17 2 1 3 58 2 8 2 2 9 4 1 1 5 2 2 1 1 2 2 2 2 2 1 2 1 2 7 2 1 2 10 1 6 2 5 1 2 2 2 1 4 2 1 1 3 1 58 2 2 1 1 5 2 23 2 1 2 1 15 1 2 6 5 2 4 2 1 3 16 32 2 3 2 4 3 1 26 1 3 1 1 4 2 1 4 2 1 1 5 3 2 9 6 2 1 2 7 6 3 3 2 2 5 1 3 3 5 2 1 3 2 7 1 1 4 2 2 7 2 1 1 12 3 3 2 2 2 1 36 3 1 2 3 4 2 2 2 19 2 2 1 2 12 5 2 3 2 2 2 1 1 2 2 2 2 4 1 2 7 2 4 3 1 1 5 1 20 2 1 1 1 2 2 1 3 3 2 4 3 5 4 3 1 1 7
2 1 2 2 1 1 1 9 3 2 2 2 5 2 1 1 3 1 2 22 1 2 1 1 1 1 2 4 1 9 2 1 2 2 2 7 11 1 1 4 5 8 10 2 1 2 1 1 7 1 1 24 1 2 2 3 1 114 3 1 3 135 1 2 253 1 6 1 1 2 2 8 1 2 7 1 2 1 1 2 4 3 11 6 5 2 49 1 1 1 11 2 6 2 1 2 1 4 3 2 1 3 2 28 1 2 1 1 2 40 3 1 74 11 1 8 7 3 1 2 2 1 2 1 2 3 7 4 2 1 2 1 2 7 2 3 2 9 16 1 2 5 1 2 2 5 1 1 2 1 4 25 1 222 1 1 3 2 297 2 9 1 5 1 1 4 8 2 1 1 2 6 3 1 2 11 1 1 1 1 5 3 12 26 2 6 3 1 2 6 6 2 3 1 1 2 1 2 2 3
13 1 12 1 1 8 16 1 4 1 8 1 1 1 4 1 2 2 1 4 22 2 9 2 2 8 2 1 1 36 1 2 1 11 2 1 1 1 2 1 1 18 3 3 3 6 2 2 2 4 1 4 1 2 4 2 3 2 1 39 2 3 2 2 3 6 1 3 1 1 1 2 12 2 2 3 1 3 1 3 1 2 4 2 1 19 2 39 3 7 1 1 1 1 1 1 1 1 4 2 1 3 2 3 4 5 1 28 3 1 2 1 1 1 1 10 4 18 1 2 3 1 1 1 1 9 6 1 1 2 1 1 1 38 2 5 2 4 3 4 5 8 1 6 3 2 2 2 6 8 19 2 3 1 1 3 2 1 2 1 3 4 1 286 2 27 10 11 2 1 2 4 8 2 38 6 2 2 1 1 2 1 1 2 1 1 8 1 1 4 1 1 13 8 3 2 1 8 1 3
12 3 4 25 3 1 3 82 2 29 2 9 7 1 3 1 2 13 8 2 1 1 1 12 1 1 1 3 16 1 2 1 6 1 29 4 1 1 1 1 5 10 5 1 1 2 15 1 2 2 1 1 7 3 1 1 1 2 6 1 5 4 1 4 2 1 2 3 4 7 1 1 2 2 2 3 5 3 2 1 1 4 4 8 2 1 1 2 3 1 6 1 1 2 21 3 6 1 1 2 6 192 1 11 3 2 16 2 1 2 3 20 14 1 16 3 2 3 2 2 8 8 1 2 2 2 2 2 28 2 2 3 1 4 7 3 5 2 1 3 1 6 3 10 1 2 3 3 2 38 130 2 2 2 1 3 40 1 2 2 2 2 19 1 2 7 1 6 1 4 7 2 2 37 1 2 4 6 1 1 4 4 3 1 9 2 1 4 1 7 5 68 2 2 35 4 1 1 4 9
22 280 4 2 2 2 6 46 1 1 2 26 2 2 1 2 2 1 1 1 11 4 1 1 17 4 1 4 17 2 1 1 2 2 1 2 4 3 3 2 2 2 1 7 4 3 1 6 2 1 30 5 5 1 2 1 2 3 8 2 2 2 1 1 1 1 1 1 2 26 2 2 2 1 1 1 24 19 1 1 2 9 100 2 3 1 3 2 2 5 1 3 2 5 10 30 40 10 2 3 2 74 2 1 4 2 16 2 5 2 4 1 42 4 1 12 13 2 21 2 4 1 7 1 1 3 3 1 30 1 2 4 2 2 1 3 7 1 2 2 1 3 3 1 1 2 2 4 4 43 1 27 1 80 1 1 1 3 1 1 2 247 6 1 2 2 1 2 5 2 2 10 2 2 5 1 4 1 2 7 2 4 2 9 3 2 7 1 5 2 1 18 3 5 1 6 12 6 1 1
4 1 3 1 1 2 1 5 2 1 1 1 2 2 2 4 3 2 1 4 1 3 1 2 11 5 2 2 5 2 1 24 1 1 2 2 1 4 1 4 1 1 2 4 2 2 24 2 11 3 12 6 9 2 9 2 7 2 1 1 2 1 1 4 1 13 2 5 7 1 1 4 2 3 1 4 2 2 11 1 11 4 1 2 5 17 21 5 1 3 2 1 1 1 1 2 2 1 3 2 1 3 4 13 1 5 3 1 3 2 2 4 2 2 3 2 4 26 6 3 2 1 2 20 8 5 1 2 1 3 2 2 1 1 3 1 5 1 1 2 3 1 2 6 1 1 2 4 1 1 1 3 1 1 3 1 2 2 2 1 7 1 1 2 2 3 1 3 1 2 3 3 4 4 2 5 2 1 8 6 2 1 7 1 9 5 3 2 1 2 1 7 15 1 2 1 2 1 31 1
1 2 5 1 1 1 1 6 2 2 11 1 1 3 2 2 1 6 1 1 3 5 1 5 1 2 1 1 2 3 2 5 6 2 8 1 2 2 1 3 3 4 16 2 3 1 2 1 30 2 4 11 4 2 2 5 2 3 1 1 8 2 1 3 1 4 2 1 1 1 1 6 5 2 1 2 39 5 4 1 3 5 2 1 1 2 2 2 1 54 1 2 1 2 1 2 2 1 1 1 2 3 2 1 9 2 1 24 4 8 3 2 6 1 26 2 5 3 1 1 1 5 1 13 2 1 1 1 1 2 9 2 5 3 1 1 2 1 1 16 18 2 1 2 1 14 1 3 2 1 1 1 1 1 4 1 2 1 1 5 18 1 1 5 1 1 2 1 2 4 2 3 7 1 2 3 2 5 12 2 1 1 3 17 1 1 8 1 2 1 1 2 2 1 2 2 7 3 8 2
1 1 4 17 1 2 3 4 1 2 1 1 2 1 1 1 5 8 2 17 2 2 1 1 1 2 2 3 4 9 1 24 2 3 1 40 6 1 3 3 2 1 1 2 1 5 2 1 1 2 2 2 3 1 2 2 148 4 1 1 1 12 1 10 2 2 3 2 8 2 1 1 14 29 2 2 14 1 1 7 7 2 9 1 3 4 1 3 1 2 2 1 3 1 9 2 2 1 5 2 2 9 2 168 3 4 1 1 1 1 1 2 2 2 2 1 1 3 1 20 2 2 2 3 1 2 2 3 1 5 1 2 8 2 1 1 1 2 5 2 1 1 4 3 1 1 2 2 2 1 2 1 3 1 2 5 1 1 1 2 2 2 2 1 3 2 3 2 2 2 1 3 2 1 1 34 3 1 1 7 1 1 1 8 40 2 36 4 33 1 1 2 2 2 1 8 2 1 1 5
1 1 2 2 5 2 1 17 2 1 1 2 1 1 1 2 2 6 1 9 3 1 1 2 2 1 3 1 3 3 3 4 1 5 2 1 1 1 1 2 2 1 1 5 4 39 2 1 5 8 3 22 1 1 1 2 1 3 7 2 3 6 2 4 1 1 4 1 1 4 4 2 2 1 11 2 7 9 3 1 1 2 1 1 3 2 8 1 2 3 1 4 1 2 1 2 5 16 2 26 4 24 7 3 1 2 2 1 4 6 28 1 2 2 3 2 2 6 2 2 12 1 17 1 1 16 2 10 1 3 2 5 1 53 2 1 2 2 1 1 3 4 9 1 1 42 1 5 2 2 1 2 2 3 1 1 5 2 6 3 2 12 2 4 1 1 4 1 2 4 4 9 4 1 4 1 1 27 4 1 1 2 3 14 1 2 36 15 1 110 8 9 1 2 2 3 4 1 1 1
3 1 1 1 1 1 1 2 351 1 3 1 5 1 1 1 1 6 17 4 3 3 2 1 2 1 2 2 2 2 4 2 3 8 1 27 2 2 4 1 2 2 19 1 2 2 3 1 1 3 30 2 1 1 1 2 1 92 1 1 2 1 5 25 1 8 4 1 1 9 4 1 1 2 1 2 1 3 1 14 1 3 3 1 2 1 2 5 2 1 1 1 2 1 1 1 6 1 1 2 1 2 3 2 4 7 10 14 1 1 7 1 20 5 1 2 1 121 4 4 8 1 3 3 6 7 4 1 15 2 2 3 1 1 4 2 1 2 1 2 4 1 1 2 2 2 1 1 2 1 2 4 2 2 1 1 5 5 1 1 2 1 1 6 9 7 3 6 2 2 1 3 4 3 1 6 2 4 1 4 2 1 2 3 2 1 3 3 2 1 1 2 2 2 2 1 1 1 1 2
4 1 2 2 2 2 3 1 1 14 1 3 2 7 1 2 2 1 2 1 2 10 2 4 1 9 2 1 2 1 2 3 2 8 1 3 1 23 11 1 1 1 2 3 2 2 1 2 2 2 2 1 14 1 1 6 3 7 8 2 2 7 1 6 3 1 2 1 1 2 1 6 8 1 2 3 2 3 1 5 2 4 4 92 1 5 4 8 2 2 4 1 7 1 2 8 1 1 2 4 3 10 17 3 14 1 1 2 2 6 1 3 3 2 1 1 3 2 25 2 18 3 2 2 4 25 1 19 1 1 1 1 1 2 3 6 3 2 2 2 18 2 2 1 2 1 2 1 2 2 1 2 3 2 1 1 3 2 47 1 22 13 12 3 2 1 8 7 1 1 3 4 1 2 1 7 9 2 12 61 1 1 22 4 2 1 1 1 3 6 1 2 2 2 2 1 8 1 1 3
2 28 2 9 1 2 2 5 1 6 3 17 1 3 3 5 2 2 1 1 2 5 3 3 1 1 175 2 2 38 2 5 17 2 1 475 3 1 9 2 2 2 3 1 4 2 1 5 9 1 10 3 1 1 2 1 3 2 329 2 2 4 1 2 2 1 6 1 9 8 3 3 4 1 1 1 1 2 2 1 2 2 5 22 1 3 1 2 2 7 1 1 2 1 1 2 2 1 1 21 7 2 5 23 1 4 3 1 2 2 1 1 1 2 3 2 5 2 2 1 1 2 2 1 3 16 4 1 28 2 3 47 23 6 2 3 9 2 1 1 2 2 12 5 1 3 4 2 1 1 3 2 1 6 2 2 3 1 1 1 1 1 1 1 1 2 2 1 3 1 2 1 1 2 2 2 7 1 1 2 3 2 1 2 2 2 1 2 1 1 7 2 15 5 5 1 4 1 1 2
2 2 1 3 3 11 1 2 1 5 1 2 2 1 1 1 2 1 14 1 1 4 7 1 4 5 3 6 388 3 7 6 2 2 1 4 4 3 4 3 1 1 1 3 2 6 2 1 2 47 2 3 1 3 2 4 2 1 3 1 1 1 2 6 4 4 7 3 5 3 2 2 2 1 5 7 1 97 1 2 2 2 6 1 2 3 2 2 1 2 2 1 1 6 15 1 4 1 6 2 48 1 2 2 2 3 3 2 2 1 4 1 4 1 1 3 3 2 1 1 1 5 10 39 2 14 1 2 1 3 5 3 2 1 1 11 4 1 2 1 1 7 10 5 36 2 4 21 34 1 2 1 4 1 7 1 1 4 1 9 1 2 3 2 1 3 1 6 1 9 1 3 12 2 21 15 3 2 1 2 1 1 2 3 2 27 4 2 2 1 1 1 2 1 1 1 2 2 4 1
1 1 1 2 5 2 1 1 7 5 5 2 6 3 3 3 7 3 2 1 2 1 3 1 2 4 4 5 14 2 2 12 13 2 1 2 2 18 1 20 1 2 2 1 1 1 1 3 2 2 1 3 1 1 12 2 4 2 2 2 30 7 2 15 23 2 3 1 1 5 4 30 2 2 3 1 2 3 6 1 1 1 7 48 1 1 8 1 1 1 2 12 1 1 1 1 1 2 3 12 1 2 11 20 2 14 2 1 5 3 2 2 1 1 3 1 1 2 1 1 2 2 3 3 1 1 3 2 2 1 2 1 4 2 9 18 13 2 3 2 2 1 1 6 1 2 3 1 16 1 2 1 1 5 2 2 376 1 1 2 1 2 11 2 1 9 3 1 16 10 19 1 3 2 1 1 23 3 8 1 3 2 1 1 2 2 6 2 1 2 3 8 19 4 1 1 2 3 1 1
28 6 4 2 12 7 5 1 2 1 1 1 8 2 5 225 3 1 2 1 3 2 2 4 2 1 3 7 64 3 6 2 3 3 2 2 1 1 7 1 1 3 1 4 6 3 4 14 1 4 2 5 2 1 2 1 1 1 3 40 8 1 1 1 3 4 2 1 1 1 1 2 2 7 1 1 3 5 3 5 2 2 2 12 1 2 1 25 5 7 22 2 2 2 2 2 1 2 1 4 1 5 4 2 2 1 1 1 1 5 1 1 2 1 2 2 2 5 4 2 3 1 2 3 2 6 1 1 3 1 1 15 2 2 1 2 6 3 2 4 1 28 1 17 1 1 2 6 1 1 8 2 2 2 1 2 2 2 2 1 1 1 2 6 40 29 1 2 2 2 8 5 2 1 1 19 6 2 4 1 1 7 22 1 1 4 3 5 1 3 6 2 1 9 1 2 1 2 1 4
2 1 1 1 4 1 2 1 2 2 3 1 3 4 2 1 1 1 1 3 8 4 3 7 1 1 4 2 2 2 2 5 7 8 1 1 2 1 4 2 2 4 2 1 1 1 5 2 1 1 1 1 1 3 10 2 2 2 1 4 7 4 1 1 2 2 3 1 1 2 3 32 3 2 3 2 3 1 1 4 15 6 2 2 8 3 3 2 18 3 3 24 2 3 1 1 2 1 2 1 1 6 2 5 50 4 4 2 2 3 3 8 2 2 2 19 8 3 5 1 2 3 1 1 2 3 3 4 1 3 2 2 2 5 1 1 1 11 2 2 7 4 5 1 1 1 2 5 59 20 2 9 1 1 2 2 2 2 1 4 3 1 2 5 3 2 3 1 1 5 1 1 2 2 8 2 5 2 7 2 28 13 2 2 1 2 7 1 2 1 1 2 9 1 1 3 1 1 31 2
3 2 1 1 3 1 1 5 16 1 15 1 4 2 3 9 2 2 2 6 2 9 1 3 1 1 2 10 2 2 14 2 1 3 36 1 2 1 2 3 2 1 2 1 2 9 3 3 1 1 2 5 3 11 2 2 65 1 2 6 3 2 21 7 2 1 43 1 2 1 2 3 2 22 1 3 2 3 1 2 2 2 1 4 1 2 5 6 2 7 14 1 3 1 11 1 368 4 1 2 28 4 3 6 1 55 1 3 1 1 1 8 1 3 3 6 6 1 10 4 1 2 2 1 1 22 9 2 2 2 2 1 4 25 3 2 1 1 2 2 3 2 2 3 2 1 2 15 5 1 37 1 6 1 2 1 2 1 1 9 1 2 3 1 1 42 2 4 1 50 2 3 4 2 2 1 243 6 1 1 5 7 1 1 3 2 9 2 5 2 1 2 3 1 1 8 2 2 2 19
4 2 2 2 8 1 2 2 3 2 20 1 1 1 10 5 3 12 1 1 1 2 1 14 1 6 1 2 3 1 21 1 1 33 1 245 2 2 2 3 10 4 1 2 1 1 2 3 5 1 2 2 44 4 2 2 3 1 6 3 4 14 6 3 39 1 477 9 170 2 1 1 2 3 1 1 10 22 1 2 2 6 22 1 1 3 3 1 2 2 2 3 4 1 4 11 1 1 2 1 3 3 6 1 59 3 6 18 4 1 4 2 1 1 1 2 6 1 1 4 2 2 7 12 30 4 4 2 1 1 3 4 1 6 2 4 1 2 2 1 41 4 1 9 2 4 2 4 1 2 8 1 3 19 3 2 12 1 2 1 6 1 2 2 5 2 8 2 1 4 1 1 2 1 4 6 2 1 2 2 2 1 1 2 1 1 1 5 78 2 1 1 1 5 8 3 3 1 3 2
44 1 2 2 3 2 1 9 3 12 6 13 2 17 4 1 1 1 1 5 2 5 2 14 3 3 1 2 2 7 3 5 2 2 7 1 1 3 2 1 5 2 1 1 8 2 1 10 3 1 1 1 1 1 10 2 2 1 10 10 1 2 1 2 1 4 5 3 4 1 3 2 59 1 1 2 29 1 8 1 8 5 1 3 2 1 1 1 5 1 2 1 1 18 15 1 23 1 315 2 20 121 1 2 3 2 4 1 1 2 1 2 1 4 2 2 2 42 2 3 14 1 2 2 2 1 2 2 22 2 2 10 2 18 2 1 1 1 1 1 2 2 2 4 2 10 4 7 2 5 1 11 5 2 54 12 3 14 1 40 4 2 3 4 2 59 3 2 2 2 2 18 4 3 4 3 3 5 8 1 1 2 1 3 2 1 1 1 1 7 2 2 3 1 1 1 2 1 2 4
1 1 1 1 1 2 2 4 1 1 3 1 4 2 2 3 6 3 7 4 14 2 2 3 9 3 4 2 1 1 1 1 4 2 3 4 11 1 2 1 13 17 7 1 3 41 1 2 2 2 8 2 2 7 2 47 2 3 7 4 9 1 5 2 19 2 5 1 1 3 3 2 2 1 1 4 2 94 18 1 12 2 2 2 4 2 1 3 2 13 2 1 1 1 113 4 1 2 4 2 1 1 31 3 1 1 1 6 1 1 2 4 3 10 5 1 4 5 14 110 1 2 6 2 13 3 9 3 2 1 1 1 2 3 1 4 1 1 2 1 12 2 3 1 7 2 5 3 15 2 7 1 2 1 2 1 21 12 2 1 9 3 1 5 2 1 2 1 1 4 1 3 2 1 2 3 2 4 3 9 2 1 1 2 3 2 2 5 1 2 1 2 1 2 3 1 1 1 2 2
1 11 3 1 7 2 1 6 16 2 2 1 8 2 2 2 3 35 4 2 16 2 6 6 2 2 17 14 7 1 1 3 3 1 6 4 2 1 4 2 2 11 2 1 2 1 3 1 1 2 2 2 2 32 15 12 2 5 2 2 1 1 4 3 2 3 4 3 2 7 1 4 2 18 37 1 6 1 1 4 2 2 2 3 3 3 2 2 1 3 5 6 2 2 1 2 2 1 17 1 8 2 2 2 1 1 13 2 1 1 1 2 2 18 1 10 1 2 3 7 1 6 7 24 6 2 1 8 21 1 2 2 1 2 31 1 3 2 1 3 4 1 1 99 29 5 41 2 1 1 1 2 7 10 2 7 2 2 2 3 6 2 10 2 13 7 6 1 1 2 7 9 3 2 1 3 4 8 1 1 1 2 2 2 1 1 1 3 12 3 3 3 1 16 2 4 26 3 1 4
2 2 1 1 2 8 40 2 2 2 9 2 2 1 1 1 2 4 1 24 1 1 19 4 2 4 3 42 2 4 4 7 1 69 3 2 3 1 4 4 2 1 1 3 2 1 1 4 1 1 1 12 1 4 3 1 1 2 1 1 13 2 1 3 1 7 1 11 2 1 3 1 2 2 2 1 3 1 6 3 1 2 1 1 1 2 1 1 1 1 4 2 6 2 2 3 1 2 1 4 3 2 48 2 2 2 1 1 1 2 2 9 1 33 9 2 5 3 1 1 1 2 2 24 12 5 14 2 11 1 2 3 1 15 2 1 1 2 1 1 3 2 1 1 1 9 1 2 3 10 2 1 4 1 1 1 2 1 2 2 4 16 6 2 1 2 2 3 3 3 7 5 3 3 9 2 1 2 2 1 3 4 1 2 4 3 1 17 8 3 3 12 7 15 1 2 1 2 2 3
1 2 1 1 3 2 317 4 2 1 101 1 5 3 2 4 3 61 3 1 2 1 5 2 2 1 6 1 1 1 25 1 9 2 1 8 4 4 1 1 16 3 1 2 1 3 6 1 1 1 7 14 1 1 34 3 1 1 6 1 32 2 1 2 2 1 3 2 2 20 2 1 2 5 2 1 1 2 3 1 20 1 1 2 26 1 1 2 2 6 1 6 3 2 2 2 1 1 7 4 2 4 11 1 5 2 74 2 1 4 8 1 1 1 1 3 1 2 3 2 2 5 1 2 3 1 1 1 1 4 3 7 1 2 1 1 1 5 2 1 1 1 6 4 2 1 2 4 2 5 8 1 8 2 1 5 3 2 10 2 18 2 2 4 1 1 23 11 11 21 1 3 3 4 1 2 88 4 2 3 3 2 3 4 1 1 14 2 3 1 1 2 1 17 2 32 1 1 3 2
1 1 1 9 2 2 2 2 218 1 3 3 5 2 1 2 10 2 1 11 9 2 1 1 1 4 23 2 2 1 2 3 1 1 3 3 2 2 4 1 1 1 4 2 1 2 1 2 2 1 2 2 4 1 1 4 3 1 3 6 7 1 1 2 21 10 1 10 4 2 1 4 1 3 1 1 1 2 2 3 2 238 2 2 3 1 3 3 3 1 1 29 3 48 1 1 2 12 1 1 1 2 1 1 8 3 2 1 146 8 1 1 1 7 7 3 2 95 1 1 3 2 1 2 1 2 1 1 1 2 5 2 1 1 18 2 3 2 1 1 1 2 5 1 1 1 1 1 4 2 1 19 1 1 1 2 1 2 2 2 3 1 12 3 2 4 2 3 2 1 1 4 168 6 1 2 21 2 2 4 3 1 2 1 1 3 1 2 1 6 1 1 1 9 1 1 2 1 9 3
1 1 2 1 2 1 2 1 1 3 20 6 1 1 1 2 10 1 1 2 1 2 2 1 1 1 12 6 2 3 6 28 1 1 1 1 2 1 2 1 1 2 1 14 2 6 2 16 1 1 1 3 1 6 1 3 2 5 5 2 1 1 1 1 1 2 124 1 1 3 2 1 1 2 4 2 1 11 8 5 1 2 1 2 3 1 1 1 21 2 2 5 16 6 1 1 6 3 1 2 49 9 1 2 1 3 2 1 11 3 1 2 1 76 1 13 1 2 2 1 10 4 2 2 1 2 2 1 2 117 13 1 2 2 2 3 1 1 2 3 1 1 6 1 1 1 1 1 6 1 2 1 2 1 3 1 2 3 5 1 6 6 1 6 20 2 7 7 38 2 1 2 3 2 2 2 15 2 2 2 1 8 3 7 4 2 2 2 16 2 8 1 3 1 4 12 2 20 5 3
