200
217 436 436 106 408 197 259 123 380 250 153 286 190 429 224 306 309 216 479 198 325 323 486 201 148 316 488 391 300 371 446 126 421 214 348 219 498 463 312 312 260 248 337 477 272 426 322 241 326 472 465 396 116 368 460 222 297 410 371 330 257 434 106 466 249 246 409 183 214 124 348 400 261 143 237 358 412 297 197 274 355 331 111 226 295 313 349 323 401 381 496 282 218 252 219 204 413 185 422 147 203 237 387 211 326 486 167 260 310 290 192 337 276 482 322 425 432 135 247 419 373 430 165 439 411 417 123 294 409 469 483 126 268 500 370 423 457 232 390 273 159 180 293 192 288 280 500 408 288 405 350 321 331 117 160 137 102 178 265 194 260 370 381 171 187 174 492 210 229 448 209 495 119 441 208 272 161 257 288 140 385 304 247 250 190 394 125 130 148 375 433 228 137 428 242 128 278 473 344 270
6 3 2 4 5 1 5 4 6 6 3 1 1 1 1 3 2 3 5 3 3 3 3 2 2 5 5 6 4 2 2 4 1 1 5 4 5 5 6 3 6 6 2 6 3 2 1 2 2 6 6 2 4 3 3 4 3 4 2 6 6 4 2 3 4 6 1 6 5 4 1 5 5 5 6 4 2 1 2 6 2 5 4 6 1 5 2 1 6 4 4 4 5 2 6 3 5 2 3 6 1 2 2 2 3 3 2 5 2 6 6 3 5 6 2 4 4 1 3 2 2 5 2 4 4 3 6 6 4 2 4 4 6 5 1 5 3 2 5 6 1 2 6 3 3 4 6 1 2 3 6 5 3 6 6 4 3 6 2 4 1 5 4 4 1 6 1 5 5 6 5 6 2 2 3 5 2 6 4 6 5 4 1 3 6 5 6 4 5 2 4 2 5 3 4 6 1 4 2 3
2 3 4 3 1 1 10 5 2 3 1 1 3 1 1 2 1 25 9 11 7 1 4 1 3 1 2 3 2 1 1 46 1 2 5 3 1 6 4 1 14 2 4 2 4 2 5 1 1 4 9 1 1 1 1 13 1 3 2 1 5 16 2 1 1 4 1 3 151 1 180 11 4 3 1 1 2 1 2 3 9 2 2 1 1 2 1 5 7 3 1 6 2 1 1 1 3 3 1 2 2 1 3 6 2 1 2 1 1 3 2 1 2 4 9 12 5 2 1 4 5 1 4 5 1 1 3 1 2 2 8 1 2 7 2 1 9 24 1 4 3 1 1 2 3 2 2 3 6 2 3 2 1 5 1 1 2 4 2 3 10 5 3 2 1 4 2 3 2 1 2 4 2 3 1 2 3 9 2 4 3 2 3 1 21 1 1 3 8 1 8 4 1 14 3 1 7 1 2 6
44 2 2 1 2 1 2 1 1 5 1 4 1 6 1 2 4 3 1 1 1 4 1 2 218 1 1 12 4 2 1 1 6 3 1 4 6 2 1 1 1 2 1 2 1 2 8 1 1 4 10 1 6 2 1 2 5 8 2 2 3 5 3 10 13 3 7 1 1 5 3 1 1 2 2 9 1 2 2 2 3 1 82 2 1 4 8 4 79 2 2 2 2 1 2 6 1 18 1 2 1 3 3 4 3 4 3 2 2 14 5 10 5 7 1 1 1 1 54 3 3 3 8 2 2 6 2 2 3 2 11 2 2 1 13 27 1 12 2 10 2 1 2 2 1 2 6 4 1 2 452 2 9 3 5 4 1 4 1 1 2 1 2 2 1 1 2 7 1 2 1 1 3 3 2 5 2 3 1 3 1 14 1 10 2 1 1 3 3 2 2 3 52 1 2 1 1 5 12 1
6 1 8 1 3 1 6 4 1 4 1 1 1 2 1 1 1 1 3 1 1 2 2 1 2 1 17 2 1 46 3 2 269 1 5 1 20 1 2 1 1 2 2 2 1 2 1 4 1 2 3 2 5 4 12 4 1 7 1 15 3 4 1 2 2 7 2 2 9 2 2 6 3 2 2 1 1 40 1 1 24 2 6 3 2 2 1 14 6 1 3 2 1 1 4 1 2 7 1 3 1 2 2 2 65 50 1 1 1 2 7 1 2 2 1 2 1 2 2 2 3 1 3 2 1 4 2 1 4 1 6 2 2 2 14 1 1 1 3 2 1 2 3 7 18 1 5 1 3 2 2 5 3 2 2 12 6 1 1 2 1 2 2 1 2 1 1 2 1 1 2 1 1 1 2 2 1 1 5 1 1 2 2 5 2 11 2 2 2 3 2 2 1 45 32 4 2 2 2 1
5 1 2 2 3 31 2 1 6 5 3 1 1 9 3 2 4 2 1 33 7 2 1 99 2 1 1 1 18 3 3 1 16 3 5 2 1 1 8 2 3 1 1 3 1 1 3 3 3 3 1 1 2 5 2 1 3 2 1 5 3 1 1 2 3 1 5 4 1 1 2 1 20 1 1 21 1 2 3 2 1 4 1 2 3 1 1 4 6 14 1 1 3 16 2 1 52 1 1 2 3 1 11 3 1 1 1 1 7 1 2 2 1 1 9 1 2 1 2 1 2 11 7 8 5 4 1 112 3 10 5 1 11 4 3 2 4 1 3 2 2 2 1 4 1 1 1 10 2 1 3 17 10 7 2 1 2 3 2 1 4 1 1 1 1 1 3 3 7 3 4 26 2 1 21 2 2 2 3 1 1 1 1 3 2 2 2 10 2 2 3 3 2 1 19 1 19 2 11 1
2 6 4 2 2 1 2 1 4 2 47 3 8 1 1 1 1 1 3 2 4 13 1 4 1 3 4 2 1 6 2 4 2 2 1 1 1 5 1 2 5 2 2 2 2 1 4 6 10 6 8 4 2 62 1 1 1 1 1 1 30 2 2 4 1 1 1 13 5 3 2 1 1 4 11 3 3 1 1 13 2 1 7 2 2 2 4 3 1 2 3 2 1 10 22 1 1 5 2 2 2 1 1 2 13 3 3 7 2 1 1 14 2 5 2 3 2 1 5 3 3 1 3 2 1 3 2 2 25 2 1 1 2 1 1 3 4 7 2 2 2 1 1 1 3 1 1 1 2 2 2 1 1 3 2 1 5 5 2 3 2 1 11 9 2 4 2 1 8 2 1 3 1 1 2 2 7 2 2 2 1 1 1 2 1 3 2 4 1 6 8 393 4 2 2 1 3 2 2 2
1 2 41 1 3 3 2 4 1 2 68 6 1 2 13 19 2 18 1 7 1 1 1 3 11 6 2 1 2 3 1 7 2 1 1 2 2 2 1 3 1 1 1 13 1 2 1 2 1 1 3 2 1 5 3 5 2 1 4 5 2 2 1 2 19 4 3 5 1 3 2 2 1 1 2 1 3 2 1 4 2 2 1 7 4 3 1 2 1 2 2 1 3 2 5 1 1 2 1 2 2 3 7 1 1 1 13 8 2 5 2 5 1 1 2 3 4 1 1 1 7 2 1 1 1 25 2 1 15 2 1 1 3 6 2 17 5 2 9 2 1 1 7 2 10 1 2 5 1 3 3 2 1 1 2 1 1 1 1 3 3 1 4 1 1 3 2 9 1 1 1 1 3 2 2 7 2 2 6 1 9 8 1 2 1 4 1 2 3 3 5 1 3 5 5 1 1 2 1 2
1 1 2 2 1 56 1 2 1 3 2 2 1 1 2 3 2 1 1 16 1 14 1 5 4 2 2 9 2 3 1 1 2 2 2 2 3 7 1 2 1 5 8 2 2 3 3 2 9 1 2 1 1 2 1 3 4 17 1 2 9 1 281 2 4 1 18 2 1 1 3 1 2 1 4 5 2 11 1 2 1 1 2 1 2 1 5 2 5 57 1 13 1 3 7 2 2 2 2 10 2 4 5 5 2 5 1 2 6 17 1 72 2 2 36 7 1 2 3 1 26 1 1 1 2 2 2 1 2 2 7 1 2 3 1 1 1 2 3 3 1 3 1 4 37 1 2 2 6 3 8 5 1 1 3 1 1 9 10 2 2 6 2 2 1 2 1 6 3 3 16 2 5 2 4 69 4 21 4 3 2 3 1 2 2 1 1 5 2 2 1 3 7 1 8 1 2 3 2 7
3 3 2 2 5 4 2 1 1 11 1 1 2 12 11 1 5 1 1 8 1 8 1 2 2 31 1 1 3 2 1 3 1 2 3 3 2 19 1 4 2 2 2 5 5 2 2 1 2 2 3 5 58 2 9 40 1 1 2 5 2 1 6 1 2 2 2 5 2 7 3 1 2 1 3 2 6 5 5 5 1 1 1 3 1 2 1 2 1 37 2 1 3 2 2 2 2 4 3 3 1 5 2 1 11 2 1 4 1 1 2 1 1 2 1 1 2 1 6 25 15 1 2 1 2 1 1 4 1 2 2 2 9 3 17 1 1 12 2 1 8 6 4 5 1 1 2 2 3 2 13 1 2 1 1 1 4 2 1 6 5 66 19 3 2 1 2 1 10 2 1 1 1 1 1 1 17 82 3 14 1 4 1 2 2 9 2 1 4 1 1 38 2 4 3 2 2 1 2 2
14 1 1 2 11 2 1 2 2 2 1 2 20 2 2 4 2 1 1 3 1 1 1 3 2 3 2 1 6 3 2 5 6 3 2 2 1 1 1 2 1 8 1 2 3 2 2 4 1 3 1 14 1 4 48 2 3 1 1 3 2 1 2 1 17 28 16 2 1 3 6 1 1 2 2 5 2 1 3 2 23 1 31 2 6 3 4 3 11 2 17 22 1 3 18 2 3 3 8 2 2 5 1 2 2 8 2 4 3 2 1 1 5 1 2 1 1 8 2 4 1 1 5 2 3 9 6 5 12 3 1 6 1 2 1 3 1 2 1 1 15 16 2 2 5 7 2 3 14 3 1 1 2 4 102 6 1 2 30 1 4 2 1 1 3 1 2 5 2 2 2 2 6 1 1 1 1 1 2 2 2 1 3 1 1 1 2 6 4 1 1 2 6 1 1 14 1 1 1 2
43 6 3 2 2 3 24 2 1 1 1 5 2 10 1 2 3 2 1 2 1 5 1 2 2 1 11 2 1 140 1 1 3 3 1 3 6 1 5 2 17 1 1 14 1 1 5 8 1 2 1 5 3 1 2 3 3 12 2 1 1 1 14 1 3 5 2 42 1 2 5 8 1 2 1 1 3 16 2 1 1 3 2 2 1 2 1 2 3 2 1 1 2 1 1 12 6 1 2 5 3 2 3 5 1 2 6 1 1 1 2 4 31 1 3 1 1 7 2 2 3 1 1 1 1 3 2 1 1 1 1 160 3 3 18 1 3 3 4 5 1 2 3 1 6 9 3 2 3 2 1 4 2 3 2 11 1 2 4 1 1 10 2 5 1 75 2 1 3 3 2 15 2 6 3 3 3 3 3 12 1 9 2 1 3 2 4 2 7 3 2 1 1 1 1 1 5 1 1 5
1 10 3 10 2 47 2 1 2 1 7 4 2 2 1 7 6 4 2 2 1 2 2 2 5 2 1 11 24 66 1 2 1 5 2 34 2 3 4 2 64 2 1 2 2 3 6 19 1 4 6 1 1 2 2 6 2 2 11 12 1 1 10 1 1 6 1 2 2 1 3 2 10 11 3 2 11 1 2 1 2 2 1 1 14 1 1 2 6 3 1 2 3 5 1 1 2 1 2 1 6 7 2 2 5 3 3 2 10 1 1 2 1 7 2 1 3 1 2 2 3 1 6 5 1 1 2 1 1 2 2 2 1 1 7 3 1 1 34 2 1 1 1 8 6 3 62 1 2 4 2 1 1 1 2 2 4 7 2 6 1 1 3 2 12 2 1 1 4 9 1 2 18 52 1 1 1 12 1 1 9 1 2 1 2 1 1 2 12 2 8 4 2 1 1 2 2 3 1 1
1 1 1 2 29 2 2 1 8 3 4 5 5 2 1 2 2 1 48 5 1 1 1 1 1 1 1 2 3 40 10 1 1 2 2 2 5 1 3 2 1 5 1 1 7 19 1 5 27 3 1 1 1 1 1 4 2 2 5 1 1 8 2 2 3 2 2 1 2 3 2 1 4 60 30 1 1 1 3 1 2 1 26 2 4 1 13 6 4 2 1 7 6 2 2 2 2 2 2 2 1 3 3 1 4 1 10 2 1 1 13 1 2 13 1 3 1 3 1 13 2 3 2 2 1 1 3 2 5 2 1 1 2 11 1 2 2 1 1 1 1 1 3 22 2 17 19 3 6 2 3 2 9 2 2 1 14 1 2 1 1 1 1 147 1 3 3 6 3 2 7 2 2 1 2 2 11 2 2 4 4 5 2 1 1 10 2 1 3 1 2 1 1 5 1 50 6 2 1 1
2 1 1 1 1 2 19 1 2 2 1 1 2 122 2 2 2 1 2 3 6 3 3 1 3 2 1 1 8 5 2 1 1 3 3 3 2 1 1 1 4 14 2 1 2 4 1 1 1 1 8 5 2 6 2 1 1 23 8 3 2 3 2 1 2 1 36 26 3 1 135 1 1 23 4 3 3 2 3 2 1 3 3 1 3 2 1 3 2 1 14 11 1 3 3 3 2 3 1 4 1 1 1 5 2 1 1 3 1 7 1 1 4 1 2 3 3 17 1 3 1 2 1 2 1 5 1 1 6 7 2 1 4 4 1 1 1 1 1 2 1 4 2 102 1 1 69 1 1 2 21 8 3 1 5 1 1 2 2 1 1 1 6 1 2 1 1 1 4 3 10 15 2 2 7 1 2 1 2 2 2 2 2 1 1 11 3 4 3 9 1 1 1 2 1 4 9 1 1 6
2 1 1 2 2 1 1 105 2 2 1 4 2 10 9 3 4 2 1 2 3 2 2 1 2 2 2 9 1 3 2 1 2 1 5 8 3 1 2 1 2 1 1 3 13 2 9 2 3 2 11 3 1 3 2 2 1 2 3 1 4 1 4 1 16 1 1 3 3 4 1 2 1 1 1 1 3 33 2 1 6 18 2 3 1 5 1 1 2 2 3 1 2 7 2 2 5 3 2 1 30 3 3 2 2 1 1 1 1 2 1 1 2 5 8 1 1 2 1 4 1 8 3 2 2 2 7 1 2 2 10 3 1 6 1 2 4 6 3 11 3 1 5 48 39 1 3 3 2 5 2 7 2 2 1 1 1 4 1 4 8 28 3 1 7 1 1 8 2 11 1 1 12 4 12 16 2 2 3 3 2 5 2 2 2 1 1 8 2 2 9 4 14 4 1 2 16 1 60 2
8 1 2 2 4 1 1 2 1 4 2 4 2 2 6 2 1 4 1 10 6 2 4 2 13 1 1 10 42 1 2 1 2 1 1 3 1 2 4 4 6 2 2 2 6 2 1 2 7 3 7 1 3 2 27 1 28 10 38 1 22 20 1 1 35 4 4 1 3 1 1 2 9 9 6 4 10 1 3 3 5 2 1 2 1 3 3 1 56 2 1 2 4 5 7 5 5 1 2 3 2 2 1 1 4 2 2 5 1 3 2 1 1 10 1 3 2 4 1 2 7 2 1 10 2 1 1 2 2 1 1 1 4 6 4 3 1 2 209 25 2 3 2 2 10 6 2 3 1 1 4 1 2 3 2 5 2 4 1 9 3 7 13 2 15 1 4 3 2 3 1 1 14 33 2 4 3 11 1 1 4 28 1 1 27 1 9 17 3 2 1 1 1 2 3 2 5 2 38 2
2 2 2 3 1 1 38 1 1 1 1 2 3 6 4 3 9 1 1 4 7 5 10 15 7 2 2 1 1 1 1 2 15 5 1 34 2 2 11 7 3 5 4 1 1 1 2 1 2 3 1 6 1 3 2 2 4 1 2 1 3 2 30 1 1 2 2 2 4 2 1 2 1 1 4 10 7 3 5 1 4 11 1 8 2 3 3 1 4 2 2 3 1 1 110 2 3 1 1 10 1 2 10 1 1 20 19 2 10 6 13 1 1 69 1 2 2 3 13 4 1 1 2 3 1 2 2 1 2 2 2 7 1 16 2 3 3 2 2 2 1 1 2 1 1 3 1 4 2 153 2 4 1 4 1 3 2 5 1 1 21 1 1 15 1 8 1 1 2 1 6 3 2 3 4 1 2 4 1 1 2 2 3 2 6 3 1 11 1 49 2 1 1 2 2 1 1 3 2 1
2 2 1 2 10 3 1 1 4 2 5 6 4 5 5 3 3 3 187 12 1 2 4 1 1 7 9 1 1 1 1 1 1 3 1 1 1 6 2 2 10 7 2 1 4 2 1 1 1 9 2 1 1 1 3 7 14 3 4 2 9 3 1 1 9 2 1 4 1 4 1 5 1 2 5 4 4 2 2 9 1 28 38 1 2 2 5 1 3 5 5 3 2 1 1 1 4 1 3 1 1 8 2 4 2 3 4 2 1 2 1 4 1 1 24 5 1 2 1 4 1 4 1 4 2 2 14 14 1 1 3 1 2 1 2 2 9 1 6 1 2 1 2 1 9 1 1 36 1 3 1 1 3 2 1 10 6 158 10 1 24 1 2 19 3 26 13 3 1 3 1 2 7 1 7 5 2 2 17 7 32 1 8 2 43 4 89 3 1 1 1 2 2 3 3 1 1 4 7 1
4 1 1 54 4 5 2 4 1 1 1 3 7 4 1 6 5 6 1 22 1 1 2 1 3 2 9 2 1 4 1 1 4 1 4 2 2 2 1 1 2 1 1 1 1 2 1 1 23 2 2 3 2 1 2 3 3 4 3 12 1 2 71 2 1 2 2 1 2 3 1 1 1 1 45 3 4 14 1 2 2 2 2 2 40 31 9 6 3 2 1 1 6 3 2 10 1 2 1 1 2 3 3 3 1 4 1 1 1 2 2 2 1 1 1 2 3 1 10 1 8 1 3 2 8 1 11 1 6 2 1 1 1 2 1 1 2 1 2 3 3 2 8 9 2 2 2 48 11 14 1 1 2 2 3 1 6 2 2 2 58 4 1 3 8 2 1 2 10 4 2 12 2 1 2 5 2 2 1 8 1 2 2 2 1 6 2 6 1 8 2 21 4 1 3 3 2 2 1 1
4 6 4 2 1 2 27 1 5 6 1 4 3 1 16 3 2 11 2 2 1 19 5 1 1 2 2 1 3 1 2 1 1 2 4 1 2 1 2 3 82 5 1 1 1 6 1 10 1 1 3 2 2 3 3 25 1 2 4 2 6 1 4 9 1 2 5 2 2 1 8 2 3 4 1 1 4 4 5 6 2 3 3 2 2 2 1 3 35 10 2 4 2 2 2 1 3 1 1 2 5 1 3 36 2 3 1 1 2 12 1 15 2 1 1 2 1 119 2 2 2 3 6 1 40 37 3 1 2 1 1 2 3 1 154 3 1 1 1 3 6 3 1 25 40 9 3 1 5 3 3 1 1 2 1 9 4 8 2 2 2 2 15 2 2 4 3 1 3 4 12 2 14 1 5 1 120 1 2 29 1 10 4 4 1 1 6 4 2 1 6 1 1 1 2 2 4 1 3 12
2 2 11 2 1 1 2 2 1 3 8 1 2 20 1 2 1 1 2 3 1 4 3 2 15 2 1 2 1 2 9 1 1 1 2 1 1 2 1 4 3 22 3 2 3 2 1 5 2 24 2 13 2 4 1 10 2 1 2 3 13 1 6 1 1 6 1 1 1 1 4 15 10 2 1 2 2 8 2 3 2 2 1 2 11 1 2 1 25 2 6 3 1 2 4 1 1 6 5 1 3 1 2 1 1 1 2 3 13 2 1 3 2 2 3 5 202 112 1 2 4 1 1 14 162 1 3 7 2 7 3 5 3 2 1 3 1 2 2 6 5 6 5 3 2 1 6 2 1 2 2 1 5 2 2 1 3 2 3 5 2 3 2 2 100 1 1 1 1 1 2 1 1 1 1 2 2 1 1 1 2 2 7 2 1 1 5 2 1 3 1 1 2 2 7 4 3 2 2 3
403 1 4 9 1 1 359 5 3 1 6 21 1 2 1 2 5 15 1 10 1 2 1 3 14 14 3 7 1 3 19 2 10 1 1 5 1 1 1 2 1 3 5 2 7 1 3 1 3 1 10 3 28 1 2 4 10 1 3 37 1 1 3 1 2 2 12 2 4 2 1 2 3 3 1 10 3 18 18 5 1 2 8 2 1 1 2 40 2 8 1 3 113 2 1 53 4 1 1 2 1 3 1 1 1 1 1 2 2 2 1 1 2 2 1 1 1 3 1 10 3 4 12 1 1 2 62 438 1 2 11 1 5 1 13 1 2 11 1 32 2 1 2 1 2 1 3 1 2 1 1 2 3 2 21 2 139 4 1 2 73 3 7 16 10 1 7 1 1 12 1 1 1 3 2 1 2 6 2 1 1 2 5 1 2 4 2 2 4 1 1 5 1 2 8 5 2 4 1 1
1 2 1 1 1 1 1 2 1 10 1 2 4 3 2 1 2 3 1 2 4 2 3 1 2 1 3 1 5 1 2 1 8 1 2 2 3 3 2 1 4 1 1 1 1 2 2 3 2 2 2 2 1 5 1 2 1 2 1 1 1 16 2 2 3 3 7 1 1 1 2 1 12 1 2 1 1 6 2 1 1 1 2 2 1 3 1 2 1 10 2 1 1 1 14 1 2 1 1 1 1 12 1 2 2 2 2 1 1 2 1 2 2 1 8 8 3 5 3 1 2 1 6 1 8 3 2 3 1 24 41 2 2 73 2 1 4 2 9 1 3 4 15 1 8 24 2 19 1 1 36 1 5 2 2 4 3 2 2 1 15 1 1 1 1 1 9 1 4 1 2 2 3 5 30 2 1 2 2 2 1 2 2 2 188 2 4 3 13 2 2 16 3 2 2 1 6 1 2 3
3 1 1 2 7 1 2 1 1 1 1 1 2 2 1 2 5 1 1 4 3 3 4 5 2 1 2 1 1 2 1 1 1 2 2 1 12 1 1 2 2 8 2 7 2 3 4 4 32 2 2 2 3 3 2 2 1 1 6 3 1 3 16 5 16 1 1 3 2 2 1 8 1 1 90 2 2 1 3 1 57 21 1 1 3 6 1 2 1 1 1 2 1 1 1 1 1 11 2 1 2 1 2 1 2 4 1 1 1 1 2 1 4 2 2 3 3 2 3 1 17 2 1 2 1 1 1 4 2 3 5 1 2 3 2 3 2 4 1 2 5 1 2 3 1 3 2 1 2 12 28 1 2 2 2 1 3 6 3 6 7 3 13 23 2 2 3 3 5 2 17 2 2 1 4 2 6 2 23 4 20 1 2 17 3 2 2 3 1 2 1 1 6 2 1 1 1 9 2 1
1 5 1 2 4 1 11 14 1 1 1 1 6 3 2 1 1 1 2 1 4 2 47 1 1 3 14 1 3 2 2 1 3 1 12 2 2 15 1 5 1 2 2 9 1 1 1 1 6 1 1 6 1 21 11 2 1 3 1 1 1 4 1 2 2 5 2 1 8 4 4 2 1 11 2 3 2 2 1 3 9 1 2 34 11 2 41 8 7 2 1 5 1 1 1 4 2 23 2 1 2 1 1 4 4 3 4 20 1 1 1 2 1 1 5 1 5 5 4 1 11 1 4 2 4 2 1 2 3 2 1 1 1 2 11 5 1 1 3 2 2 2 1 11 4 3 3 3 6 1 8 2 2 1 4 3 1 25 3 4 2 3 2 2 2 3 1 1 2 2 1 6 1 3 1 2 3 1 1 1 13 1 1 1 7 1 7 1 1 1 10 3 13 2 1 1 5 1 1 1
3 4 2 1 2 2 3 1 5 2 4 2 2 6 4 10 5 10 1 2 2 2 1 1 3 3 1 2 36 2 8 2 1 1 3 1 67 1 15 1 4 3 3 2 3 38 3 2 2 3 5 2 2 1 2 1 2 1 2 6 2 2 25 1 1 1 22 1 1 7 4 1 6 1 3 1 3 1 1 3 6 3 1 319 10 2 1 1 111 1 1 2 8 4 1 1 2 1 5 1 2 3 9 1 1 1 3 2 2 7 3 1 3 22 2 3 2 2 2 1 1 1 2 4 2 5 3 1 2 2 5 2 2 13 2 18 1 4 2 1 3 3 4 2 2 1 1 23 2 1 1 1 1 4 3 7 2 3 1 4 1 1 5 1 1 1 49 1 2 4 2 2 2 1 11 3 27 2 3 28 5 3 3 5 4 1 8 1 3 1 1 2 1 1 179 9 3 1 9 1
2 1 2 3 1 2 1 3 2 3 3 1 3 1 2 18 4 2 5 2 2 2 2 2 2 5 1 4 10 2 1 55 2 3 1 2 1 4 1 6 4 4 3 2 3 3 1 2 223 1 3 2 8 1 2 2 2 2 2 5 13 1 93 1 7 4 24 51 20 1 1 4 3 2 40 38 4 1 7 21 3 2 8 8 3 2 2 4 2 2 24 1 3 5 2 1 1 1 1 330 1 1 4 3 3 1 10 2 3 1 2 1 2 7 1 13 1 1 2 1 1 2 2 1 1 1 1 2 7 3 3 8 5 1 1 34 1 1 2 1 2 2 2 4 11 2 1 1 4 11 2 1 2 1 4 163 28 4 3 1 4 2 1 156 4 3 2 1 1 3 2 2 1 17 3 1 1 1 3 2 3 1 3 2 1 1 1 2 1 2 1 5 2 3 1 20 1 3 1 2
2 1 1 1 10 2 20 2 2 1 1 3 1 1 2 1 1 1 1 11 5 1 1 1 2 34 7 1 1 33 2 13 1 74 1 3 1 5 1 2 10 6 1 5 133 2 5 2 1 30 9 1 2 2 2 2 1 2 4 1 5 2 1 1 2 2 3 5 1 1 2 2 2 3 1 1 1 1 2 6 2 2 7 7 5 3 2 1 12 4 4 5 1 3 1 1 4 1 4 1 1 1 1 7 1 2 1 4 2 2 4 2 4 2 1 3 3 12 2 12 118 73 2 2 5 2 1 1 1 2 1 2 2 1 5 8 71 1 1 6 3 2 3 43 24 2 2 2 9 1 3 4 1 1 3 1 1 9 2 1 2 2 1 1 2 6 1 1 5 13 3 1 1 4 18 5 1 3 3 16 3 1 2 19 1 7 2 2 2 15 1 33 13 3 2 14 5 1 7 1
3 2 1 2 27 3 1 3 24 1 26 3 3 3 1 1 7 1 1 1 3 7 1 4 2 3 2 3 1 1 3 2 2 3 1 1 4 3 3 2 40 4 8 1 9 3 1 2 3 5 5 21 1 18 4 7 1 9 2 9 3 2 28 2 3 1 2 1 3 1 1 1 3 1 1 3 1 1 1 1 2 2 1 1 5 2 1 2 10 6 18 3 5 3 39 1 1 2 3 2 2 6 1 2 3 2 1 4 2 4 1 1 1 2 1 2 1 3 2 1 1 3 2 2 1 5 15 9 20 2 2 1 1 2 1 4 3 2 1 4 1 3 5 1 1 4 8 1 3 7 17 1 2 1 2 1 2 1 1 7 3 17 2 1 2 2 2 1 10 1 2 1 1 2 3 1 2 2 2 1 3 2 4 1 1 1 1 1 1 29 1 2 2 1 3 4 1 1 1 3
3 1 1 19 1 4 70 1 2 2 1 1 3 9 2 10 3 10 1 1 8 6 3 1 1 2 3 1 1 13 1 19 6 7 2 1 1 1 1 1 1 1 4 2 2 10 4 2 42 2 11 3 1 5 3 2 4 3 1 3 10 8 2 4 6 2 4 1 1 1 4 2 2 5 3 3 5 2 2 7 2 8 2 13 2 14 3 1 81 3 5 1 1 1 1 1 1 7 178 2 4 8 3 2 5 2 1 2 6 1 2 2 1 3 2 2 2 1 12 2 1 3 8 1 3 1 2 1 5 1 6 3 8 1 3 1 3 5 2 3 2 2 2 68 4 3 11 1 2 2 1 2 1 3 2 2 45 2 1 1 1 1 2 2 1 3 10 2 8 1 2 1 3 2 5 1 1 1 4 1 3 1 3 16 1 3 2 2 2 17 2 1 1 3 2 2 1 1 5 2
2 4 4 1 4 2 1 1 1 110 1 2 3 2 1 2 2 2 1 4 1 1 1 1 1 1 1 8 1 1 7 1 6 8 9 3 2 7 2 1 24 16 1 3 1 1 1 1 6 1 2 11 1 119 5 4 1 1 2 2 3 4 4 1 7 2 2 1 1 2 5 2 3 3 1 1 4 2 3 1 1 12 2 2 1 2 1 4 1 1 1 1 2 2 3 9 2 2 3 3 2 1 3 4 2 2 5 1 4 11 2 2 3 3 1 3 1 3 1 7 3 3 4 1 1 1 1 5 3 4 2 1 5 1 2 1 1 3 1 2 1 1 1 1 2 1 4 2 2 1 5 6 3 2 2 3 2 2 2 2 6 3 15 36 1 2 2 4 1 4 5 1 2 3 1 1 1 1 1 3 4 2 2 2 5 1 1 3 4 13 1 1 2 1 2 2 5 4 2 2
2 1 7 122 1 2 1 1 3 2 1 2 2 4 91 25 5 1 2 8 1 7 2 1 1 2 2 2 2 2 3 1 13 2 8 1 3 1 1 2 2 2 3 2 2 3 1 1 4 12 2 8 263 10 1 2 5 3 20 13 1 2 1 2 2 3 14 9 11 21 2 1 2 1 1 1 1 4 3 6 1 1 2 1 1 2 2 3 1 1 3 4 1 2 1 3 5 2 41 2 1 3 3 8 1 10 4 4 2 2 3 2 2 1 1 2 3 7 2 47 15 2 20 4 1 2 2 1 7 212 2 1 8 2 430 3 2 2 2 1 2 3 1 2 4 1 1 2 1 4 1 1 3 2 2 1 1 1 2 1 1 1 6 9 1 1 4 2 7 2 6 2 4 1 1 2 2 2 5 2 2 4 2 16 3 1 8 10 2 1 2 2 2 18 1 7 14 6 2 2
2 2 3 4 2 1 3 1 1 3 2 3 6 3 7 2 4 2 3 1 1 3 2 1 1 1 1 4 3 2 4 1 1 3 3 3 2 3 35 4 2 7 1 2 4 1 1 27 1 2 1 38 1 2 2 2 4 6 34 1 2 6 3 4 27 5 1 1 5 2 3 3 5 1 2 2 2 1 3 22 7 16 2 3 2 1 1 4 3 7 9 2 2 126 2 1 3 2 11 2 1 2 2 2 2 8 4 1 5 3 11 3 3 4 1 3 4 1 3 2 1 1 1 4 3 16 1 1 2 2 2 5 3 1 5 1 1 22 2 1 3 1 1 5 1 2 2 131 5 4 3 3 28 1 10 1 12 2 2 4 2 11 2 30 2 2 7 1 5 4 1 19 1 1 2 6 1 1 26 2 1 1 1 2 1 5 5 2 2 1 4 3 5 6 3 1 12 6 3 1
3 5 6 2 2 1 1 1 2 2 3 27 1 1 5 1 2 2 44 1 1 1 1 1 8 3 3 4 2 2 1 13 2 3 1 3 1 1 2 3 1 1 2 1 2 2 14 2 2 4 2 1 2 40 2 3 1 1 1 2 2 8 1 1 3 2 1 1 3 6 1 2 7 1 1 43 2 5 1 2 1 1 1 1 5 1 27 5 1 3 8 1 1 1 2 2 2 2 2 2 6 2 10 18 2 7 1 3 2 1 3 6 2 2 15 1 1 3 1 6 3 1 2 2 2 1 4 29 1 9 16 2 1 5 5 1 3 4 2 3 2 5 1 1 1 3 4 2 1 5 10 7 4 2 3 2 1 2 2 3 2 3 1 1 1 3 1 2 2 2 8 16 4 5 68 2 2 1 2 1 1 4 3 3 3 2 1 1 5 2 1 48 1 11 1 4 2 2 1 1
1 3 2 4 1 3 1 18 2 6 2 17 5 1 1 27 69 6 2 2 1 2 48 7 1 4 5 5 29 2 1 6 7 4 6 1 1 26 1 1 1 3 3 7 1 6 2 1 3 1 4 3 4 1 1 2 1 2 1 2 1 10 1 2 2 27 1 47 216 1 4 2 16 6 4 2 1 1 1 3 10 3 1 1 2 5 1 2 1 51 1 1 1 2 2 187 97 1 2 2 7 1 3 5 11 6 4 2 51 4 3 6 1 3 1 43 2 16 2 1 7 1 4 2 1 1 1 1 3 80 20 2 3 1 4 5 3 2 2 1 2 2 2 5 1 4 1 3 120 14 1 2 7 1 20 1 1 1 1 1 2 3 1 2 1 1 1 2 1 1 2 2 2 1 4 2 1 1 1 3 5 2 5 11 1 3 2 1 3 2 2 4 4 1 2 2 1 1 7 2
10 3 12 2 2 2 3 2 20 3 2 1 2 7 6 3 11 2 1 1 1 2 2 1 10 1 3 4 2 10 1 2 3 2 7 10 1 3 4 1 5 2 2 1 4 15 1 1 15 6 7 8 6 1 3 1 3 10 1 13 1 1 4 171 222 1 2 1 2 4 1 1 2 2 1 4 3 3 1 5 1 1 6 1 30 1 1 6 1 4 3 3 2 3 2 1 3 1 2 2 4 2 3 21 3 12 3 2 3 1 4 50 3 2 1 3 2 19 1 2 2 2 2 5 2 1 3 4 2 6 1 1 3 2 1 28 2 14 1 1 6 3 4 1 2 6 4 2 2 1 2 1 1 4 1 71 3 2 1 6 8 45 1 12 1 38 2 2 1 2 9 1 1 13 1 1 2 2 1 1 1 2 4 3 1 1 6 88 1 6 5 2 3 10 1 4 6 2 34 3
9 2 6 1 5 7 1 2 93 2 1 3 21 2 1 7 13 3 5 2 1 1 1 1 3 2 2 18 3 6 2 6 2 321 1 6 6 1 8 2 3 1 1 1 6 1 1 2 25 68 2 2 1 1 2 1 5 3 7 1 10 6 10 2 5 3 2 3 2 2 9 2 1 1 1 1 1 1 1 1 1 6 3 3 2 1 1 2 3 1 3 1 12 14 3 21 1 14 1 5 9 1 4 2 6 23 5 2 2 1 2 10 6 1 1 1 1 1 1 3 1 4 2 1 4 1 4 1 2 1 6 1 1 1 3 2 1 1 1 6 1 5 2 1 1 1 2 1 1 33 2 1 7 2 1 1 1 3 1 5 2 3 1 6 1 1 3 1 10 3 69 2 4 2 1 9 2 3 1 5 1 4 114 2 1 4 1 1 2 2 2 12 2 1 5 360 3 1 1 50
2 1 2 19 19 1 2 1 4 1 3 2 2 2 2 1 1 2 41 1 3 1 44 1 1 2 1 2 1 1 2 1 2 4 1 2 1 6 1 3 3 2 27 9 2 3 17 1 2 1 5 48 1 1 1 1 2 2 1 2 2 1 2 4 2 2 3 1 2 3 4 5 5 6 2 1 3 22 2 1 2 1 1 5 1 1 33 2 9 2 1 1 1 1 2 2 1 1 1 1 1 3 6 3 2 1 1 6 6 1 3 2 9 1 1 3 2 5 2 1 2 1 3 2 2 2 3 2 5 3 1 5 1 12 2 7 6 11 1 3 2 1 10 6 2 6 2 1 2 1 1 2 2 3 1 3 3 13 8 3 4 7 4 5 2 1 2 3 81 60 1 1 4 9 2 6 2 1 2 2 1 2 7 2 8 1 4 6 2 1 2 1 6 1 7 2 2 1 1 3
3 16 1 2 10 2 2 1 1 1 3 11 4 4 8 2 1 2 2 3 2 8 3 1 1 3 1 2 2 1 9 2 2 1 10 2 3 4 2 16 2 3 11 3 2 5 11 2 1 3 2 1 1 4 2 1 22 3 1 5 2 3 3 4 6 1 4 2 144 1 2 8 1 2 1 2 1 2 3 1 1 2 1 1 1 1 1 2 34 1 1 2 2 3 8 2 1 1 1 1 1 1 3 6 2 1 2 6 3 3 1 13 1 1 1 11 1 1 15 59 1 6 5 1 1 1 2 4 1 1 1 2 3 7 3 1 7 12 1 2 1 2 1 3 2 1 2 18 1 3 3 15 2 1 3 2 1 1 1 5 3 1 7 1 2 2 17 3 1 2 2 1 2 1 1 3 2 2 9 3 1 17 1 1 4 20 2 3 1 4 5 1 1 2 2 1 8 1 1 6
1 3 1 1 2 1 7 2 1 8 3 2 2 5 1 12 2 1 3 1 4 10 10 5 4 45 2 1 2 2 12 8 5 1 2 6 2 1 2 4 1 2 3 3 1 1 8 2 2 8 4 1 1 1 21 1 3 3 1 1 2 1 2 4 3 1 2 1 1 4 109 2 1 2 3 1 3 3 98 18 4 1 3 1 1 1 5 2 4 10 4 2 1 3 4 5 1 4 2 5 3 1 6 2 1 1 1 4 16 2 1 4 3 5 15 3 2 1 2 3 6 2 1 3 2 1 1 2 3 2 2 1 2 4 96 3 1 11 2 1 2 21 5 1 1 2 1 3 47 5 3 2 2 2 3 2 2 1 1 2 2 1 17 2 2 2 3 1 1 3 4 1 3 4 1 1 2 3 1 2 3 16 3 3 4 1 1 1 2 1 4 1 16 3 3 1 1 1 1 1
2 1 3 1 2 1 7 4 3 1 22 1 3 1 2 1 3 2 1 1 3 3 3 2 6 2 1 1 8 2 30 2 12 9 1 5 22 1 18 4 11 49 3 1 2 1 4 8 2 4 6 7 5 1 1 41 1 3 2 8 3 5 2 2 1 1 1 2 1 1 4 3 7 20 3 5 3 1 1 1 8 2 18 7 1 3 1 1 2 3 1 2 1 11 3 6 8 1 1 2 4 1 2 2 3 2 2 3 1 6 3 1 2 2 1 10 1 3 2 1 134 110 1 2 4 1 282 2 5 3 3 14 3 1 7 3 2 2 1 1 5 1 1 2 1 2 3 1 2 1 1 1 1 31 2 1 2 2 1 5 9 2 2 1 1 10 1 1 2 4 1 3 6 64 1 3 2 4 10 6 1 3 3 1 2 7 15 5 1 21 1 1 2 1 3 5 6 21 1 2
4 7 4 1 91 16 6 2 8 3 1 2 2 2 1 3 1 1 2 3 2 4 3 1 3 1 1 3 7 2 1 2 1 2 3 4 3 3 1 2 3 1 4 1 1 1 1 1 3 1 17 3 1 1 28 5 4 2 8 3 2 2 2 4 3 9 12 4 1 2 7 1 2 1 17 3 2 4 1 2 3 29 2 1 1 8 2 1 3 2 2 1 1 20 4 2 5 3 6 3 16 1 2 2 4 2 21 2 2 2 1 1 2 2 1 2 10 1 6 5 3 10 1 1 2 4 1 2 2 2 11 1 1 2 2 2 1 2 5 2 1 104 1 2 2 3 1 3 7 3 1 1 1 1 1 3 2 1 2 28 5 3 6 1 100 4 6 2 2 1 2 1 1 3 2 9 9 1 20 2 3 3 2 6 1 1 2 1 5 15 1 5 11 1 5 1 1 1 1 2
1 1 2 1 17 1 3 1 16 1 1 1 1 10 4 5 1 15 13 1 2 6 3 4 1 4 3 2 10 5 53 2 1 4 1 9 2 2 2 3 4 4 3 4 1 1 1 1 23 1 9 1 1 1 1 1 1 43 1 1 1 5 1 2 1 3 5 1 1 2 2 1 3 1 1 1 1 2 2 2 19 2 2 258 1 13 18 1 1 14 3 8 2 1 4 1 1 6 9 1 1 10 1 8 2 2 5 1 6 4 2 3 3 1 1 4 3 1 2 6 1 3 2 3 2 1 6 2 3 1 2 38 8 3 13 1 2 2 1 1 1 1 1 2 1 1 1 1 2 6 2 2 3 1 7 3 1 5 2 49 5 1 1 1 3 10 8 5 6 3 1 2 1 1 5 1 1 3 1 2 3 39 2 1 1 2 2 2 1 1 4 3 2 2 28 4 2 8 2 6
1 2 2 7 2 1 6 1 5 1 7 68 2 2 1 2 2 1 3 2 42 2 7 8 1 3 1 9 1 2 2 2 1 3 5 1 1 1 2 1 37 11 1 2 1 1 2 2 2 1 6 3 1 1 2 4 1 1 2 3 79 7 1 3 4 2 1 2 2 2 44 1 6 5 15 4 2 8 1 1 3 10 4 5 1 6 1 1 2 1 12 1 67 4 3 2 120 1 8 69 1 8 14 26 6 2 1 4 1 20 2 1 3 3 2 5 2 11 2 1 1 1 1 4 1 10 4 5 1 2 1 3 2 7 1 1 1 1 3 15 5 9 2 2 2 2 1 3 3 1 22 2 3 3 3 1 1 3 3 1 4 12 3 3 2 1 3 2 4 4 3 2 3 17 1 3 1 1 4 2 4 2 1 1 1 1 1 4 1 1 1 2 2 2 4 1 3 1 18 2
2 1 1 6 6 1 2 2 2 2 1 6 1 1 1 6 10 13 1 3 1 1 3 2 2 1 1 2 2 8 6 1 1 1 2 10 2 1 1 1 2 2 2 26 3 7 2 1 2 1 2 1 13 7 2 22 2 6 2 3 19 4 1 2 2 3 4 3 1 2 2 2 17 1 1 1 1 1 2 1 29 1 21 21 1 2 6 2 3 1 2 1 1 1 2 2 4 1 3 8 1 3 1 1 4 1 3 2 2 1 1 161 12 1 1 7 6 6 4 6 31 1 263 2 1 1 1 1 2 7 2 1 17 2 16 2 2 1 1 4 3 1 4 2 1 1 3 1 4 1 1 1 1 1 1 1 2 11 2 4 5 27 12 1 2 2 3 1 9 4 4 1 5 1 1 1 2 159 15 3 20 1 20 1 1 2 2 1 8 2 1 1 1 3 2 1 6 1 2 8
1 3 4 2 1 2 2 1 2 2 2 2 1 2 2 2 2 13 1 2 2 2 1 11 1 4 1 4 1 2 1 4 1 3 2 1 1 3 2 9 1 8 1 2 3 2 2 2 10 2 3 1 1 2 1 3 1 1 9 1 122 1 22 2 1 1 3 2 1 2 35 2 9 4 2 3 28 1 1 1 5 6 4 3 2 2 2 10 2 3 2 1 1 6 3 1 2 1 2 1 2 2 2 7 8 1 1 9 12 3 2 4 2 1 2 1 2 2 1 22 1 1 2 1 1 1 4 5 1 5 2 1 7 1 8 2 6 5 11 2 1 2 21 2 2 3 2 1 9 34 3 2 17 1 5 3 1 2 1 1 1 2 3 19 14 1 1 1 3 2 4 1 4 1 3 1 1 1 3 2 3 6 1 21 3 1 7 1 1 1 1 1 1 3 1 2 10 2 2 3
1 4 1 33 1 2 3 10 31 2 1 2 1 6 90 2 1 5 1 4 2 4 1 4 7 7 1 1 1 3 3 1 8 3 2 1 1 2 2 10 1 63 2 8 7 3 2 2 1 4 2 10 1 33 263 2 13 4 7 3 5 16 1 3 1 1 9 1 1 1 9 1 2 1 1 1 32 1 1 1 4 2 24 1 5 17 1 2 4 2 4 2 1 3 1 4 1 3 12 1 2 2 1 2 2 4 6 1 1 2 15 1 9 1 1 1 6 2 1 1 5 9 2 4 1 4 2 2 1 2 2 8 2 1 2 3 2 1 3 3 7 2 1 11 2 2 18 2 7 1 3 1 5 12 1 1 8 2 2 1 12 1 3 3 1 12 3 5 5 2 11 4 56 16 2 9 1 1 2 2 3 1 1 1 4 2 2 2 1 1 3 2 1 3 1 2 1 1 2 3
2 1 1 1 8 110 1 5 5 1 29 2 2 1 1 1 2 2 1 2 1 2 4 2 5 2 217 1 2 2 11 1 192 2 6 2 6 1 2 1 1 1 2 5 1 1 1 9 78 15 2 1 1 1 2 5 2 3 5 1 3 1 3 4 3 2 1 1 1 1 2 4 2 2 2 5 4 5 3 1 1 2 2 1 7 2 2 3 1 49 2 19 7 10 1 2 2 8 2 2 3 1 1 1 1 1 10 1 5 9 3 13 2 6 1 1 1 1 2 2 1 1 1 2 1 1 1 1 2 5 2 2 2 1 1 1 1 11 2 1 3 3 1 4 1 3 1 2 1 1 2 6 1 19 1 1 3 1 1 22 2 5 1 2 2 2 7 2 2 1 7 2 2 1 20 1 1 2 1 1 1 1 1 2 1 6 81 2 3 2 2 1 1 6 21 2 2 2 2 2
3 1 1 1 1 23 1 2 8 2 83 2 1 2 4 1 44 1 1 1 5 1 1 5 3 2 3 1 1 1 1 5 2 1 1 2 3 2 4 1 1 3 1 1 1 2 1 2 1 1 4 5 4 16 4 2 1 1 5 3 1 1 1 3 3 2 9 4 27 3 1 2 1 22 1 107 14 7 2 8 2 13 7 10 7 5 2 11 1 2 1 4 2 16 4 2 1 2 1 1 10 1 1 5 4 2 2 2 1 1 3 2 3 2 17 2 14 41 1 2 2 7 5 1 2 17 1 27 5 1 3 2 2 1 4 1 2 1 1 1 1 1 1 1 2 2 1 2 1 26 7 1 2 1 1 6 11 13 11 1 3 3 4 1 1 3 4 2 2 1 3 1 13 5 2 1 1 4 1 4 2 4 1 3 1 2 7 3 1 7 1 2 26 1 2 1 6 1 1 1
2 8 1 1 3 3 1 1 4 4 3 12 2 7 2 5 2 7 5 2 1 75 4 3 1 6 4 2 1 2 7 8 5 2 2 1 1 1 1 5 2 2 4 1 1 3 6 1 2 32 3 1 1 2 3 2 1 9 35 2 1 4 1 2 2 3 4 3 3 1 5 2 1 26 2 4 1 5 2 4 1 1 6 3 2 1 1 20 3 2 22 4 1 2 6 2 2 2 3 9 9 1 1 1 2 9 1 2 2 2 1 1 344 3 12 5 2 1 2 5 1 2 1 2 1 2 14 48 1 3 21 2 2 1 6 5 2 1 5 6 1 1 1 1 1 4 4 1 3 20 1 6 4 2 1 1 1 3 3 2 8 1 4 3 37 1 2 1 1 1 1 1 2 1 4 1 4 2 1 2 2 2 1 1 2 1 2 19 3 1 1 2 7 1 9 1 2 2 146 1
1 5 7 5 1 8 4 1 3 17 1 24 154 2 1 3 3 3 2 7 3 2 1 1 2 3 32 1 5 1 2 2 1 1 2 1 4 1 1 1 3 150 13 1 4 10 11 4 1 3 2 9 2 3 1 5 1 1 19 3 1 1 2 2 1 5 1 28 1 2 3 4 1 3 2 2 8 3 4 1 1 17 1 1 2 1 6 3 5 4 13 1 1 1 4 4 2 1 18 6 1 5 11 10 7 6 4 1 1 2 8 5 2 1 2 2 3 1 5 2 26 2 1 2 1 3 8 6 2 1 1 2 4 18 2 1 1 1 1 1 1 1 3 1 71 3 2 3 15 3 3 1 1 7 2 3 2 1 4 3 3 1 3 2 3 1 1 2 1 1 1 2 4 2 3 2 7 1 1 1 1 1 5 3 4 1 4 50 4 1 2 2 2 2 1 2 4 1 6 1
28 1 1 1 2 2 1 1 8 1 1 55 10 5 2 1 9 1 3 5 1 1 5 1 1 2 4 1 7 2 1 11 1 1 2 1 1 1 6 6 1 2 1 2 2 1 1 6 2 13 2 6 1 1 3 1 4 3 27 2 10 4 3 1 2 2 4 1 2 8 9 1 4 2 1 2 27 2 13 1 1 1 1 1 2 1 2 4 3 2 1 1 6 7 2 2 2 1 8 2 1 1 1 1 12 2 1 5 1 1 2 1 8 1 4 8 6 2 1 3 1 1 7 2 2 2 4 1 3 1 2 2 10 12 51 27 2 7 2 5 1 1 1 5 1 1 8 3 2 1 1 1 1 3 1 2 11 4 1 2 1 1 2 2 4 3 5 2 4 1 2 2 2 1 5 1 1 1 1 1 1 1 2 4 3 1 3 7 45 1 2 1 16 1 2 1 4 5 1 1
2 5 1 2 2 1 1 10 1 2 7 2 1 2 2 184 1 1 2 1 25 3 2 475 1 1 1 1 21 3 1 1 2 6 2 3 6 1 12 4 1 2 3 8 1 8 1 3 1 2 2 3 2 27 3 20 1 6 1 2 2 3 5 1 2 1 49 2 2 1 2 1 2 2 8 1 1 2 1 3 44 1 3 24 1 3 2 1 1 1 1 6 2 3 33 1 1 1 1 2 11 4 8 2 2 3 2 3 1 1 3 2 5 5 1 2 4 1 23 5 7 58 2 3 1 11 6 1 1 1 1 2 1 3 9 2 1 1 2 1 4 2 4 2 3 1 2 2 15 4 3 5 3 1 2 1 1 1 1 1 1 1 4 2 2 2 1 1 37 2 1 2 11 8 2 2 1 2 1 1 7 6 1 1 1 6 2 1 2 2 1 4 1 9 3 2 1 2 1 7
1 2 2 8 3 1 1 1 1 1 22 2 3 2 1 4 2 4 21 1 1 1 2 5 2 1 1 4 3 2 3 2 4 6 3 7 1 1 2 1 1 2 1 2 2 1 2 1 1 2 3 1 4 2 1 1 1 1 2 2 2 5 1 26 2 6 1 10 1 2 1 1 17 10 1 1 1 2 1 13 3 3 1 1 1 10 3 33 1 1 3 37 4 2 1 2 1 33 2 3 1 1 1 3 2 1 2 2 1 1 6 1 1 4 22 4 2 2 1 2 1 6 1 1 1 2 3 1 5 2 2 2 7 1 2 14 1 8 2 2 1 1 1 2 1 1 1 3 1 2 3 12 3 2 3 54 7 1 3 26 2 2 1 15 15 6 1 2 4 2 2 2 2 1 1 4 1 1 6 21 8 2 12 2 1 13 1 4 2 2 2 2 2 1 2 1 1 1 2 1
8 3 4 8 6 1 1 4 4 2 2 1 7 4 1 5 3 3 2 1 1 1 2 10 1 12 3 4 2 1 2 7 17 2 7 4 2 2 5 5 1 1 1 1 3 1 2 1 6 52 1 1 1 1 51 3 2 1 3 1 2 9 3 2 1 1 1 3 1 5 4 4 2 1 1 1 1 2 2 8 1 2 2 2 6 2 1 1 35 1 7 6 1 1 1 3 2 1 2 4 1 3 3 1 2 2 81 5 12 2 2 2 2 2 3 5 4 10 1 2 2 4 1 2 2 2 15 3 1 2 1 34 1 1 3 1 3 25 4 1 1 2 2 2 4 2 3 2 1 5 1 1 4 2 1 1 2 2 12 2 1 1 2 1 2 2 2 1 4 2 1 5 3 2 1 2 3 2 81 1 3 1 7 2 1 2 1 1 5 1 2 1 10 1 2 1 1 1 1 3
2 2 2 1 1 2 2 2 1 1 1 1 2 2 1 3 2 2 2 2 15 8 2 1 1 1 1 1 1 2 3 2 6 1 1 7 1 2 2 14 66 2 8 2 3 2 1 1 1 4 2 3 2 1 1 1 53 1 2 1 3 2 1 11 3 5 2 1 2 15 1 1 4 1 1 18 1 1 2 3 6 2 1 5 3 2 2 1 1 1 4 9 2 1 3 1 2 2 1 1 3 3 1 1 1 107 5 6 1 13 21 26 8 3 2 2 8 10 6 2 6 1 1 15 1 3 1 4 6 9 1 2 6 6 15 3 3 2 1 2 14 30 10 6 6 1 2 3 2 2 3 1 1 3 2 9 1 4 9 3 2 1 2 6 2 1 2 3 1 2 13 3 3 13 1 3 1 7 1 1 3 2 1 2 5 6 3 1 4 1 7 2 2 1 9 1 2 2 2 3
1 1 1 1 1 5 4 3 1 29 1 3 2 1 1 1 1 9 6 1 2 2 1 1 1 1 2 1 1 5 2 2 3 1 1 1 1 3 2 1 1 1 19 1 1 3 1 7 2 2 3 1 2 5 1 1 1 1 13 4 1 17 17 1 3 5 3 1 2 1 1 1 3 2 2 2 10 1 2 2 2 1 8 2 1 1 12 1 2 11 18 2 4 2 6 1 6 1 1 2 2 1 2 1 6 3 2 48 6 1 2 2 4 6 1 2 1 1 4 2 6 2 21 2 2 4 4 5 6 2 1 2 1 1 1 1 3 34 1 1 1 3 1 17 2 2 10 2 1 2 5 1 2 3 2 3 1 1 3 5 35 5 1 1 3 9 1 1 1 2 9 2 2 31 1 1 2 3 1 5 5 1 3 1 2 2 1 3 2 1 1 1 1 1 2 2 2 2 12 11
5 2 13 3 12 1 3 2 2 4 8 1 1 3 1 1 3 1 5 6 2 1 2 90 2 7 5 3 2 4 3 1 1 18 2 2 2 2 2 3 3 2 3 2 1 2 4 1 335 1 2 1 1 1 1 1 1 1 1 2 16 1 10 1 6 1 2 7 1 2 1 4 2 4 4 4 1 1 1 7 1 1 9 4 2 15 15 18 7 6 1 2 2 5 1 2 1 3 2 3 69 1 11 6 2 6 16 3 13 1 5 1 2 1 1 2 5 1 2 3 4 1 10 2 3 23 3 5 5 1 2 2 1 1 2 3 1 2 84 5 2 1 1 8 30 1 5 2 2 1 4 2 1 2 1 2 2 2 3 10 3 6 2 1 4 3 2 2 1 2 4 2 5 2 5 3 10 1 2 4 1 5 2 9 43 16 4 3 2 2 3 1 1 2 2 1 4 9 1 3
1 1 6 1 1 7 3 2 10 2 1 3 6 1 16 1 2 2 1 1 23 2 5 2 1 3 5 1 1 3 1 2 2 2 1 15 2 2 2 6 3 7 1 1 2 3 1 1 1 1 2 9 1 1 2 32 2 2 2 1 1 3 8 1 9 2 6 2 1 6 2 2 3 6 2 1 12 2 2 2 5 1 1 4 1 3 2 2 4 1 1 2 2 1 9 4 2 5 4 1 2 3 2 127 1 4 2 2 1 1 1 3 1 2 3 1 47 6 3 2 1 1 15 2 3 6 1 49 2 2 1 2 2 13 4 4 2 2 2 2 2 1 2 1 3 2 1 1 2 2 4 4 164 2 6 1 5 1 2 1 9 4 3 2 3 3 4 2 6 2 2 2 2 1 3 1 1 2 1 1 2 2 1 4 2 1 1 2 1 29 2 2 1 2 4 3 1 6 2 2
2 4 1 2 2 11 2 2 7 5 2 1 2 2 2 3 2 4 2 2 5 2 1 2 2 4 8 2 3 1 11 1 1 4 3 1 3 1 6 2 1 3 13 2 4 49 2 3 1 8 7 1 1 1 5 1 1 3 1 2 1 3 5 2 1 1 2 2 3 1 2 1 2 1 7 3 1 1 22 2 1 2 1 20 3 1 28 3 1 2 15 6 2 2 1 1 34 1 3 5 3 2 3 1 89 3 2 24 4 5 9 2 1 9 2 2 1 1 7 2 2 2 3 1 2 1 1 2 5 2 3 2 3 2 1 346 1 1 2 2 2 2 3 2 9 1 1 1 1 2 1 2 1 1 1 3 3 4 2 2 1 1 4 1 1 2 4 1 5 2 1 9 6 1 24 1 13 2 3 2 2 13 4 1 62 19 1 3 4 1 2 3 3 4 4 1 1 46 13 6
1 3 1 2 1 5 1 38 2 26 3 1 4 2 1 4 2 1 1 5 1 1 2 4 2 214 2 4 1 1 2 4 1 2 7 1 3 3 1 1 3 2 1 3 1 2 1 1 2 2 5 1 1 22 2 2 2 2 25 2 2 2 3 1 3 14 2 3 1 1 1 2 1 11 3 7 1 1 3 2 1 100 2 2 2 2 4 2 2 12 2 3 1 1 3 3 4 1 7 5 35 1 19 7 5 2 4 2 4 1 1 6 2 2 1 67 1 1 25 2 2 1 3 2 14 11 1 1 1 3 3 2 5 2 1 16 1 8 2 14 1 1 2 1 2 1 1 5 3 4 1 3 1 10 4 2 1 2 3 1 2 1 2 1 2 4 1 1 3 9 4 1 7 4 2 1 74 7 2 1 5 2 7 2 3 3 4 4 1 3 3 1 10 7 6 10 2 1 3 1
4 31 2 1 1 1 1 1 2 1 2 2 7 1 1 1 2 1 1 5 5 155 1 1 11 4 2 2 1 2 1 2 89 2 12 3 2 1 2 3 1 1 2 1 2 12 24 1 1 2 1 4 2 9 1 35 1 1 3 1 1 1 1 10 1 5 7 1 3 2 1 2 2 1 4 16 2 2 2 8 3 3 2 1 3 3 2 2 29 4 1 2 3 4 7 1 5 2 2 1 2 1 7 1 4 6 3 4 1 2 2 1 55 2 5 1 1 1 2 13 3 3 1 2 2 1 1 3 2 22 16 15 2 1 1 1 1 2 2 1 2 6 1 1 3 1 1 1 1 1 1 2 2 2 2 2 4 11 2 2 1 12 13 3 1 8 2 3 4 1 3 7 18 1 6 2 1 9 3 2 3 3 1 2 2 1 2 1 44 2 11 5 2 10 1 9 62 2 1 5
10 7 3 2 1 2 3 2 2 2 5 3 3 3 8 4 3 1 1 1 6 1 2 2 4 13 1 1 11 2 1 9 44 3 2 1 2 6 8 5 45 7 1 2 1 1 1 2 1 13 2 1 2 2 4 1 2 3 3 3 2 1 1 1 2 3 1 1 2 3 1 1 3 2 4 2 2 2 2 2 1 4 5 1 2 13 1 2 1 6 1 3 2 1 2 1 4 2 1 2 2 2 2 2 1 2 3 4 1 5 2 1 10 4 14 2 3 2 1 3 2 192 7 1 1 1 3 1 1 3 6 1 1 1 3 3 33 1 9 4 64 2 3 4 2 2 1 1 1 6 1 1 3 1 1 8 1 7 1 19 2 2 1 1 1 4 7 1 1 3 2 5 9 2 1 2 2 3 3 8 26 1 4 6 1 2 2 5 1 1 9 2 2 1 5 1 2 4 1 1
1 3 2 7 4 2 6 4 1 1 10 2 3 3 2 1 3 4 7 1 1 1 1 4 2 2 7 2 1 23 1 5 4 2 1 3 2 1 1 3 1 1 5 1 1 1 1 2 2 1 3 1 1 2 1 4 5 7 2 1 1 13 11 1 1 1 1 5 2 1 1 1 2 2 4 1 2 2 8 1 2 3 1 3 2 1 1 3 2 1 61 1 3 1 8 8 2 8 5 1 2 1 1 3 2 7 11 1 2 7 1 1 5 1 2 30 3 2 1 9 1 1 1 2 1 2 5 1 11 2 1 1 4 4 1 9 3 1 2 1 2 1 2 2 3 2 1 1 2 2 1 2 2 6 1 1 1 1 1 3 3 1 1 16 135 5 243 1 1 2 2 2 12 17 1 5 2 2 3 13 3 1 1 10 1 6 1 1 1 1 3 2 6 1 2 2 9 22 4 1
1 4 2 4 2 12 2 3 1 2 5 2 2 3 157 1 2 6 1 1 1 2 7 2 1 17 47 5 2 5 1 1 1 2 2 1 3 1 6 1 3 5 1 1 6 1 6 1 78 1 1 3 1 5 263 1 3 2 4 1 2 34 8 1 4 1 1 1 4 3 1 2 1 1 1 3 2 2 7 1 2 4 1 2 1 3 1 1 3 1 348 1 2 5 4 20 1 1 19 2 5 4 4 2 10 2 3 2 3 2 3 3 1 2 2 7 7 2 1 1 2 1 3 44 4 2 2 2 2 2 1 1 13 1 2 3 2 1 2 2 2 1 2 3 4 14 4 3 2 3 2 1 1 1 2 43 20 1 1 2 2 5 2 6 2 3 8 3 3 6 2 1 6 2 2 2 15 1 1 1 15 5 1 4 1 9 5 18 3 2 2 3 3 5 244 2 24 24 2 1
1 4 2 1 1 5 4 1 23 2 2 2 1 3 2 3 1 5 1 3 1 1 2 4 2 2 2 1 3 9 2 3 1 7 3 2 1 4 2 3 36 79 3 7 4 2 2 16 4 1 2 5 1 1 4 3 2 5 4 2 4 2 1 1 1 2 6 2 2 3 3 3 2 2 4 2 3 1 8 1 3 2 1 2 1 3 3 3 1 2 1 1 2 3 2 1 3 1 2 1 1 2 12 2 1 1 1 2 5 1 6 2 2 3 1 65 1 2 3 1 1 3 14 14 1 2 1 11 1 3 1 1 3 3 2 13 1 4 1 2 2 2 1 1 2 7 2 5 134 1 1 1 1 3 2 1 1 11 7 1 1 11 471 2 1 2 2 3 1 3 3 3 1 18 2 3 1 1 1 9 2 8 5 5 5 1 4 5 1 1 1 24 1 3 23 2 16 2 2 2
2 3 6 1 1 10 8 2 1 1 1 30 1 3 1 1 1 2 4 1 5 7 1 1 3 2 1 1 40 1 1 2 2 18 1 4 2 1 1 2 2 1 7 1 4 2 2 1 1 2 1 2 2 3 3 1 7 2 5 2 2 3 2 17 2 4 2 2 1 2 1 1 38 8 1 3 7 1 1 1 7 9 1 4 4 2 2 4 28 2 7 1 10 3 8 1 3 4 1 5 3 1 1 1 2 1 1 1 7 2 1 5 1 3 3 2 2 4 6 42 1 1 2 18 21 1 3 2 2 1 1 2 2 2 1 2 1 6 1 1 7 2 1 4 2 2 1 3 1 1 1 2 1 5 3 3 217 1 2 3 1 1 2 4 8 1 2 2 1 5 1 2 5 1 3 3 2 6 1 1 1 7 13 1 1 3 9 20 1 8 1 2 2 1 2 8 2 2 2 2
50 2 2 1 3 2 5 3 22 2 1 1 2 38 1 2 1 11 2 5 2 2 4 1 12 25 5 5 2 8 1 3 1 11 2 1 1 4 3 1 1 4 3 3 2 3 2 8 4 2 1 2 3 4 3 1 2 2 1 2 9 1 6 10 12 2 2 71 22 1 9 3 5 5 1 2 1 5 2 2 9 1 2 35 2 5 3 3 4 5 1 1 68 2 1 1 2 4 3 2 1 2 2 12 1 2 2 9 1 1 1 1 1 1 8 5 1 2 2 1 6 1 3 4 20 3 4 11 6 1 3 6 4 6 8 2 2 17 2 2 4 2 1 16 2 1 5 14 2 3 2 3 1 4 1 1 5 1 1 2 26 2 5 4 1 4 2 2 1 2 2 13 10 1 1 4 8 2 1 1 2 1 15 19 12 2 12 2 1 10 1 2 4 2 1 1 2 3 2 4
1 3 3 64 2 4 3 1 6 1 18 1 2 1 1 1 2 7 2 2 2 2 1 6 1 3 1 25 3 1 1 13 2 2 1 2 1 143 3 2 2 2 2 1 4 2 3 1 1 3 2 8 6 1 6 2 2 41 2 21 2 2 1 7 2 2 2 2 2 1 7 10 20 2 2 1 6 1 11 3 1 9 1 3 2 10 1 3 2 2 3 2 8 9 6 2 2 1 2 1 1 3 2 36 2 1 2 1 2 3 4 2 7 1 5 122 1 3 1 22 18 4 4 1 1 9 2 2 1 1 4 1 3 16 2 2 7 2 6 2 6 3 1 1 3 1 16 2 1 1 10 1 2 2 1 1 2 2 3 2 10 1 4 3 2 2 2 19 3 2 1 2 1 7 5 4 7 10 2 1 1 4 1 1 154 2 12 2 5 5 2 2 3 1 5 2 1 1 2 7
2 6 1 2 2 2 2 1 1 17 1 2 11 2 2 2 2 2 1 23 1 2 2 1 2 12 11 1 7 2 2 1 2 4 3 1 2 3 1 4 3 2 2 2 17 3 3 2 8 1 2 1 3 3 1 15 4 1 4 1 2 10 1 3 2 1 2 2 2 2 2 46 2 4 1 2 1 20 2 11 1 1 5 4 2 48 17 3 25 1 2 5 41 1 2 3 27 1 2 6 1 1 5 7 2 18 1 2 2 1 2 1 7 1 1 379 2 7 4 2 8 8 1 1 3 3 7 1 6 2 1 8 1 5 144 3 13 1 1 1 1 5 25 2 6 1 34 1 3 25 7 4 2 5 7 3 117 1 1 18 10 8 2 2 2 6 2 1 2 1 1 2 2 2 8 68 2 6 1 3 5 2 2 4 2 2 1 1 3 2 5 1 34 3 5 2 3 1 76 8
4 2 1 3 1 10 8 13 2 2 38 1 7 4 3 2 5 4 2 1 1 1 1 2 3 9 1 2 2 2 2 5 2 1 1 2 1 2 4 12 1 3 34 70 3 5 1 3 1 1 11 7 1 1 4 1 1 4 2 1 20 29 94 1 2 1 2 1 3 10 10 3 1 1 3 2 1 1 5 5 1 5 4 4 1 2 1 1 1 4 5 1 2 3 30 1 4 3 1 3 5 3 3 1 1 1 4 3 1 1 6 2 1 7 2 2 3 2 1 3 7 2 1 1 2 2 1 11 1 21 1 1 1 7 1 254 1 12 6 2 2 7 3 6 20 11 2 8 13 46 1 2 1 139 4 5 1 5 1 2 2 2 6 1 4 2 1 3 3 1 1 1 2 2 1 1 1 3 2 8 4 2 23 1 2 4 2 1 4 1 1 1 3 1 3 4 4 1 6 1
1 11 1 1 2 2 1 2 1 6 2 1 1 2 4 1 1 4 2 1 2 1 2 7 1 1 1 1 1 1 1 6 4 1 2 8 2 2 1 62 1 1 2 2 15 2 20 21 1 1 5 2 13 1 1 99 3 2 1 7 8 1 1 1 15 2 1 1 1 1 71 1 5 1 1 2 2 3 22 7 23 2 3 2 1 2 3 1 30 30 26 1 2 9 8 1 1 1 9 1 3 18 6 285 1 3 4 3 2 5 1 1 5 9 3 2 1 1 3 1 1 1 2 10 5 7 1 2 3 10 2 7 4 1 16 2 3 5 2 1 2 2 8 3 17 3 103 2 8 2 74 3 1 2 1 3 8 2 5 1 16 3 2 12 1 1 2 6 1 1 1 1 2 2 2 4 2 161 1 2 1 3 2 3 1 3 1 4 2 1 1 1 4 4 1 1 2 1 1 2
1 1 4 1 1 4 2 14 2 1 1 1 3 1 2 1 1 2 16 1 4 2 1 10 2 12 1 1 13 1 1 1 14 7 1 2 1 5 1 2 2 5 1 5 1 1 4 1 5 2 3 32 2 2 3 1 5 2 1 6 2 4 8 3 3 3 9 3 1 1 3 1 2 1 1 4 2 1 1 1 9 1 350 1 1 1 9 1 109 2 1 1 2 1 1 18 11 2 10 2 1 3 1 2 2 10 11 1 4 16 3 4 1 1 1 3 1 1 4 3 24 1 1 1 13 2 1 1 4 1 3 1 4 2 2 3 10 4 9 2 1 1 3 2 3 5 1 2 1 2 1 2 5 12 2 1 8 2 7 2 1 2 1 2 4 14 2 1 3 7 1 6 4 1 3 1 1 4 1 2 1 1 1 2 1 1 9 1 2 3 1 11 1 2 2 4 1 7 13 5
2 3 2 6 2 2 1 1 4 11 1 2 3 1 4 1 1 1 5 2 1 1 2 1 2 10 1 1 2 3 2 5 19 2 2 6 3 2 1 2 81 1 4 2 2 1 11 2 1 2 6 2 2 2 9 1 17 4 2 1 1 2 1 1 4 2 1 2 9 12 4 1 2 6 2 1 1 4 1 28 3 2 3 2 5 3 5 6 46 3 6 2 1 10 1 2 2 1 4 1 2 3 10 1 2 2 2 75 1 1 1 23 1 4 1 10 2 2 4 20 1 2 2 2 2 2 4 1 1 1 1 2 54 1 1 1 3 6 2 3 1 2 2 1 2 5 2 1 2 1 1 2 9 1 2 2 1 2 6 4 2 9 1 2 1 3 1 1 3 1 3 4 2 4 1 4 2 13 7 72 8 2 3 5 2 52 6 5 3 4 2 3 2 2 1 1 2 1 1 1
1 28 6 11 23 1 13 1 1 2 2 2 2 1 1 2 13 1 2 2 2 2 35 74 15 1 10 1 1 1 2 1 1 1 1 131 1 6 1 1 44 4 3 1 1 4 2 3 2 2 2 3 3 9 1 9 1 55 1 1 2 25 1 2 32 1 2 2 1 1 4 8 2 8 1 1 2 1 3 3 3 5 2 1 1 63 1 3 2 5 3 2 3 2 2 1 50 4 2 1 1 7 1 4 1 3 1 1 1 2 1 1 1 8 2 1 3 2 1 1 1 3 2 1 1 15 6 1 9 1 2 2 5 14 3 1 5 2 4 3 2 2 1 14 1 1 3 2 1 31 199 1 13 2 1 1 1 1 2 1 4 1 2 4 1 2 1 4 1 1 4 1 1 1 8 2 1 1 8 30 2 1 2 4 1 2 1 1 2 1 1 2 1 48 2 2 2 2 6 5
2 2 3 2 1 2 1 1 6 4 1 2 4 1 19 2 2 4 1 226 1 15 2 1 1 4 3 2 1 1 1 5 2 4 2 3 5 6 1 3 4 2 8 2 3 2 2 6 5 20 1 2 2 1 2 1 3 2 3 2 1 1 2 3 1 1 1 2 5 1 1 2 1 2 1 24 1 1 2 1 1 3 6 2 1 3 2 2 1 1 1 2 1 1 1 1 2 17 1 6 1 2 2 20 5 4 3 1 3 6 2 3 2 32 3 5 13 3 2 2 35 1 14 1 10 2 7 1 1 1 2 3 3 1 9 1 2 3 1 19 5 2 1 1 1 3 2 11 15 3 377 1 1 3 4 4 38 2 3 9 1 2 4 1 1 1 4 3 1 26 11 1 1 2 3 3 6 1 28 2 2 2 4 2 4 2 1 1 31 1 20 1 4 2 1 27 8 4 1 1
6 1 1 3 5 1 8 1 1 1 2 5 9 2 60 1 36 4 1 8 2 1 1 1 8 2 2 1 2 12 1 3 2 6 3 12 1 3 1 1 2 2 1 2 3 1 2 2 2 2 8 2 4 5 1 2 3 5 17 2 2 1 1 5 1 2 2 2 1 21 4 265 1 35 1 1 2 5 4 1 21 1 3 3 5 3 16 1 3 2 6 19 1 1 16 2 2 5 2 2 11 18 5 1 2 13 1 9 2 2 1 11 2 1 2 1 7 2 38 1 1 4 2 30 3 4 1 2 3 2 3 1 9 5 5 5 4 1 3 4 1 31 2 60 1 2 1 4 2 1 5 5 3 3 1 3 2 1 1 1 2 3 3 2 1 2 1 2 3 5 17 1 1 1 2 2 3 1 3 2 1 2 2 2 3 1 1 4 3 2 5 5 11 2 4 2 5 4 1 4
2 3 2 11 2 1 5 1 5 1 9 4 1 10 6 1 1 8 4 1 1 2 2 3 10 2 1 1 1 2 7 2 1 9 8 2 6 11 4 6 7 3 13 2 2 113 1 1 2 2 9 14 2 3 3 4 2 1 1 1 3 18 1 1 7 3 1 2 1 4 13 2 2 3 3 2 2 1 5 2 1 2 1 2 10 4 1 3 1 2 1 1 11 2 1 1 3 11 1 1 2 2 2 2 1 1 173 7 14 4 1 1 96 2 3 2 2 2 1 3 6 1 1 5 1 3 13 1 1 4 1 3 11 2 2 1 2 1 3 3 10 1 5 1 16 2 7 1 4 2 2 4 2 1 1 4 1 4 1 2 2 20 1 1 1 7 2 1 3 1 3 4 3 1 3 5 2 1 1 4 5 2 1 2 3 1 2 1 4 4 1 1 2 1 7 2 214 1 1 1
3 1 5 9 1 9 6 1 2 1 1 55 9 1 2 4 2 1 17 10 2 2 1 1 4 7 3 1 2 2 4 1 3 8 3 1 1 1 1 11 1 2 8 4 35 2 13 1 12 1 5 2 4 2 1 1 1 2 4 6 1 1 2 1 13 1 1 1 13 1 1 2 1 1 59 2 9 1 1 4 9 2 2 1 2 5 1 2 4 4 1 2 1 1 2 1 2 1 1 1 1 1 8 9 4 6 2 3 2 2 4 4 3 9 3 26 7 1 1 1 12 1 10 6 1 2 28 1 6 2 2 1 2 3 5 48 2 2 1 11 2 3 2 2 7 2 20 1 1 2 10 1 1 3 1 6 1 2 2 2 4 2 2 4 2 1 1 25 3 1 1 2 2 2 2 1 1 7 3 4 2 4 2 2 2 12 2 1 5 2 48 1 1 1 2 7 5 1 1 2
4 2 2 1 3 5 3 1 4 2 2 2 2 1 3 2 1 9 1 1 4 1 10 6 1 2 1 1 7 4 20 7 1 9 3 7 1 14 5 2 2 2 1 2 1 3 3 9 1 1 3 3 2 2 24 1 1 2 1 2 1 13 1 1 1 1 1 2 3 2 5 10 2 3 1 2 13 2 3 4 4 3 18 2 5 2 2 1 3 2 6 7 1 1 1 1 2 1 2 1 16 1 2 1 2 20 2 2 2 2 1 1 1 1 6 2 2 3 2 86 3 7 3 1 7 1 4 8 2 1 2 2 424 7 1 5 2 7 2 4 1 1 1 1 1 1 4 26 19 2 2 20 88 13 1 5 2 3 5 15 6 2 1 12 5 1 2 3 1 1 2 2 4 4 1 1 2 2 2 3 1 1 4 2 17 4 2 1 1 1 3 2 2 1 1 2 2 3 1 1
112 1 1 1 2 3 3 1 2 1 1 2 1 8 3 4 2 3 3 3 2 1 2 1 2 1 2 4 2 49 7 3 3 1 3 1 1 7 1 2 2 3 2 2 2 1 19 1 1 1 2 16 3 11 2 2 2 7 3 4 1 1 1 1 3 86 1 3 1 4 1 1 2 1 1 3 3 1 9 1 1 2 1 2 4 1 1 2 22 2 5 1 2 2 2 5 2 1 2 2 1 13 1 4 1 1 2 1 2 2 2 1 19 1 87 1 2 55 3 2 1 1 19 1 1 2 1 8 2 2 1 15 2 1 27 6 8 2 1 5 2 4 3 1 2 1 8 3 1 2 1 90 30 2 1 1 4 3 1 1 1 3 6 2 9 1 1 5 6 1 4 10 3 3 1 3 1 3 1 55 17 18 9 1 2 1 4 2 4 2 1 3 1 2 3 3 2 3 3 2
17 2 1 2 2 7 1 3 3 5 1 12 1 3 33 1 2 3 21 3 1 2 2 9 2 8 16 1 2 1 6 1 1 2 30 1 1 6 2 1 7 2 2 1 3 1 1 11 1 2 14 7 7 1 2 1 26 1 1 1 1 1 3 2 7 3 61 1 1 2 2 1 3 24 1 8 21 8 2 4 2 2 1 4 6 4 1 2 2 3 3 1 1 6 1 1 1 4 2 1 1 5 1 3 17 4 12 5 2 43 2 3 2 1 5 14 2 4 10 2 3 2 1 2 2 3 2 1 2 2 2 2 2 1 37 1 2 25 1 14 3 4 6 3 2 1 2 1 3 4 21 2 3 2 4 2 1 1 3 5 4 1 5 2 4 5 194 2 1 1 11 1 2 2 11 2 2 2 7 2 2 4 3 1 2 3 1 3 4 1 2 2 2 15 2 4 1 3 4 2
3 2 5 4 4 1 1 2 2 5 2 6 5 1 4 1 5 1 5 1 1 11 2 1 5 4 4 2 4 2 1 3 1 1 5 1 2 2 6 3 4 1 6 1 6 7 2 1 5 7 6 3 4 2 3 2 4 4 5 2 8 7 4 2 2 1 2 1 4 13 4 2 1 4 2 3 2 1 1 5 7 3 25 1 2 2 6 1 28 2 1 1 2 1 12 2 2 6 29 28 3 1 1 1 3 2 1 3 1 1 1 1 1 3 1 2 1 4 4 4 1 2 1 4 1 4 2 40 1 2 26 8 1 1 2 2 3 2 4 3 2 1 5 8 2 2 1 2 2 1 4 1 1 2 2 1 1 1 1 1 4 1 1 1 2 15 5 1 4 2 1 1 1 19 1 20 2 2 1 5 2 2 7 6 1 1 5 4 3 5 4 2 1 1 1 2 3 5 8 2
4 1 3 2 1 1 148 11 1 1 1 1 14 1 10 1 1 2 2 39 3 2 1 1 2 16 2 1 2 3 7 2 5 20 6 3 1 1 2 2 36 1 2 2 6 15 1 1 19 8 1 2 2 1 1 1 4 2 1 2 3 1 1 2 5 5 1 17 9 2 2 91 44 168 25 4 11 2 2 2 5 3 1 1 1 2 5 11 4 4 4 1 2 1 14 8 14 1 1 2 2 2 1 23 4 19 8 2 7 32 5 2 2 2 3 2 1 1 2 16 1 2 1 1 1 2 1 5 4 1 2 1 1 2 39 1 4 1 11 1 1 7 1 1 1 1 1 4 2 2 4 1 3 1 2 3 1 22 7 1 2 2 2 2 4 7 46 11 2 1 115 2 56 3 1 2 85 6 4 1 1 2 2 1 5 7 2 2 6 5 2 1 3 3 3 2 1 2 2 2
1 3 2 4 1 3 24 1 2 40 2 1 20 1 2 1 6 2 3 7 1 1 6 6 1 11 3 4 2 2 1 3 3 2 1 1 26 2 9 3 1 2 1 1 1 2 1 15 1 6 2 1 4 3 2 1 4 2 3 2 4 25 3 3 4 2 8 1 5 1 2 2 9 7 3 2 11 4 1 3 1 2 1 11 4 1 1 1 1 25 1 3 5 1 3 6 9 5 2 1 1 5 2 3 1 30 23 5 4 1 1 1 2 1 2 60 3 4 3 1 12 1 2 1 13 2 6 2 81 2 2 4 1 7 2 3 6 2 2 9 3 20 73 19 2 2 5 2 5 2 1 1 1 1 1 2 1 1 1 1 6 1 4 1 1 2 35 1 1 1 1 2 55 6 1 22 1 1 2 3 5 2 2 2 1 3 9 21 3 2 2 3 2 15 1 1 2 1 1 5
38 95 1 4 2 1 2 2 9 16 3 3 1 3 4 4 5 5 4 1 7 2 8 1 1 1 1 2 2 1 2 1 3 3 3 2 1 2 23 5 4 1 1 43 2 1 20 1 2 1 4 6 2 2 4 7 7 3 2 1 1 4 2 2 15 1 2 1 1 1 3 2 5 4 2 1 2 4 1 1 5 1 5 2 1 4 2 1 1 2 3 1 2 2 3 2 2 2 5 3 2 1 3 1 5 1 7 1 2 8 1 1 28 1 1 5 2 18 2 1 1 4 1 3 5 1 1 1 2 2 2 1 1 7 2 7 3 2 2 22 1 1 2 2 1 12 8 3 2 2 1 1 2 1 3 2 4 1 5 1 1 2 7 3 2 13 2 10 9 4 3 2 9 1 5 1 1 3 2 1 6 2 1 3 2 21 2 1 5 5 1 18 2 1 2 1 16 2 8 4
3 1 2 4 2 1 1 50 4 15 3 1 1 33 2 1 3 1 2 6 4 5 1 1 2 4 4 2 3 3 1 1 7 3 2 3 2 1 2 1 2 1 2 1 1 2 2 4 3 2 1 3 5 1 3 2 2 4 2 7 1 6 5 2 1 17 2 21 4 11 3 1 3 20 1 1 1 2 4 3 4 4 2 7 2 2 4 4 3 2 4 1 2 5 1 4 1 5 3 1 4 1 1 3 4 1 1 22 3 4 4 3 3 54 1 2 1 1 2 1 14 2 17 17 2 2 2 3 1 1 4 1 24 3 2 11 6 1 1 2 38 4 7 3 1 2 51 1 2 4 3 2 2 2 2 1 1 1 1 7 2 3 2 2 2 3 1 1 9 6 1 2 2 1 3 5 2 3 1 3 23 1 2 6 3 1 1 18 1 6 2 1 1 2 1 450 2 1 3 11
2 1 2 2 1 2 1 1 3 1 1 1 1 1 1 1 2 2 2 3 1 3 2 6 1 1 4 10 1 1 1 1 7 3 1 2 6 16 2 1 2 41 2 3 5 1 1 1 8 5 2 2 1 1 1 5 2 2 27 1 2 3 1 2 2 1 1 10 6 1 2 2 3 3 14 1 1 1 1 3 3 1 1 2 1 4 1 469 3 2 8 1 2 9 3 6 1 1 7 4 3 1 4 1 1 2 1 4 4 1 1 4 5 1 13 1 4 2 1 1 1 2 10 1 3 2 2 4 2 1 3 3 2 15 5 1 8 1 5 2 1 1 5 2 3 1 2 2 4 18 1 2 1 1 1 45 3 1 1 2 6 1 6 8 1 1 1 1 1 1 1 1 2 3 2 3 4 4 12 1 4 136 1 2 15 2 1 19 2 4 2 6 5 1 3 1 4 1 2 2
1 2 3 2 4 18 1 2 1 8 1 19 3 5 11 2 2 6 1 6 3 1 1 2 2 4 6 1 1 1 2 1 7 2 1 5 5 2 2 1 1 1 7 2 1 28 1 2 1 2 1 1 1 3 4 6 1 1 1 3 2 4 1 59 6 3 6 4 26 1 2 3 1 2 3 1 2 6 2 1 1 5 4 4 2 5 2 3 9 1 4 6 2 1 3 2 6 2 2 2 1 3 1 5 9 40 7 7 1 11 1 3 5 3 2 2 1 2 1 1 1 2 1 1 3 2 34 17 3 1 4 2 2 1 3 2 2 41 3 7 1 5 3 4 1 2 2 1 5 1 3 1 1 4 2 3 1 4 2 1 1 83 5 1 2 4 2 6 1 7 1 3 1 2 3 3 4 30 4 1 2 1 5 2 3 2 31 9 14 1 22 1 1 5 8 2 31 2 4 2
2 6 2 6 1 1 73 4 1 3 1 1 9 1 2 23 5 5 3 2 4 3 3 1 16 12 2 8 2 2 3 1 3 2 5 1 1 2 7 2 3 2 17 2 79 1 1 1 3 5 18 5 6 24 1 3 1 2 1 7 2 2 17 2 6 7 3 23 1 2 2 4 4 4 2 16 1 1 1 9 1 1 1 340 1 1 2 4 6 3 14 4 2 3 4 7 1 2 21 1 5 2 2 3 2 2 2 1 2 4 1 1 4 2 2 13 1 37 5 1 2 4 3 4 1 4 2 30 3 2 1 2 1 6 1 2 3 1 1 1 2 4 1 1 36 4 1 1 3 38 5 1 2 6 2 2 1 5 6 2 2 2 1 5 2 5 2 1 3 452 1 2 4 1 2 8 2 1 3 16 19 2 1 1 1 13 1 1 3 1 2 1 3 1 4 2 2 3 5 3
1 1 4 4 1 1 1 2 1 4 6 2 1 5 8 13 3 1 2 15 19 1 2 5 2 4 4 1 1 1 1 2 5 2 3 4 1 2 3 2 2 3 7 1 1 13 2 1 1 1 3 3 2 1 3 3 2 2 6 8 3 1 3 2 2 3 24 1 1 14 3 1 3 1 1 1 1 1 2 2 1 1 7 1 1 1 3 1 4 2 2 2 3 1 4 3 4 2 1 2 1 1 8 1 1 1 1 4 4 2 4 2 2 12 2 28 1 3 1 7 2 1 2 7 2 3 2 1 1 3 1 2 10 1 4 1 10 1 2 10 2 4 2 12 4 1 2 2 3 4 18 1 138 4 5 2 1 1 1 1 9 2 8 7 3 1 2 1 3 5 1 2 3 32 1 6 3 4 1 3 1 2 4 1 1 2 3 6 5 2 2 1 2 4 2 5 3 8 3 1
1 2 3 2 2 4 3 2 2 3 5 2 3 1 1 2 3 2 14 1 5 1 2 1 4 1 1 1 1 1 6 33 1 2 18 105 2 2 4 1 1 2 1 3 2 3 1 2 2 2 2 1 1 1 2 2 3 2 3 5 1 1 2 5 1 5 146 1 3 2 1 3 1 1 1 2 4 1 1 1 8 2 1 3 28 2 2 1 8 23 1 1 1 1 3 1 1 21 1 12 1 2 1 2 1 21 4 4 3 1 2 3 1 14 5 3 1 7 1 5 6 1 1 1 20 2 2 2 2 1 4 1 3 7 5 3 2 5 1 2 48 2 11 3 5 4 1 2 1 2 5 4 3 1 1 2 5 1 2 2 3 1 1 4 1 5 6 3 1 4 2 6 2 1 2 1 7 2 2 3 2 2 2 11 1 1 4 1 1 4 1 1 1 2 1 14 1 11 4 3
3 21 4 1 6 3 19 1 1 6 2 1 1 1 3 2 3 2 1 2 1 15 10 1 1 1 2 3 7 3 7 3 1 9 4 2 2 8 1 10 5 11 2 2 36 1 1 1 10 1 1 1 18 3 1 4 3 4 1 1 2 2 6 1 2 1 1 7 2 2 1 1 1 1 2 4 6 2 1 136 1 2 3 1 3 3 1 2 5 2 2 6 2 16 1 1 1 1 15 10 76 6 1 3 5 3 2 5 10 1 2 1 2 7 2 4 13 3 3 3 18 1 3 21 2 1 1 2 1 96 2 2 11 1 6 1 1 4 19 2 1 6 9 2 2 2 2 2 1 79 8 4 4 1 2 2 4 1 1 3 1 1 1 1 1 1 35 3 1 4 1 3 1 2 1 5 3 1 3 1 1 1 57 1 2 2 1 1 4 1 1 1 8 1 1 1 1 1 79 1
2 41 35 2 1 3 8 2 1 1 1 3 10 1 14 2 2 4 1 4 3 1 5 2 1 3 1 1 31 1 1 1 2 3 9 3 6 1 2 1 1 1 1 8 2 4 3 2 3 1 37 2 2 1 1 2 6 1 3 1 3 2 1 1 3 3 1 4 2 9 5 19 3 2 17 10 2 118 2 2 2 17 2 14 1 2 1 7 2 21 4 1 2 31 2 1 1 1 5 2 2 1 2 10 2 44 13 1 3 2 1 5 2 4 3 1 1 3 1 2 1 22 2 3 2 7 2 3 5 3 2 3 12 1 1 1 2 2 2 3 2 14 6 2 1 6 5 4 3 1 2 4 1 1 1 4 7 1 3 14 1 1 4 4 6 1 4 4 1 1 1 1 2 2 6 1 3 3 2 1 2 1 1 10 2 2 2 1 6 2 3 1 2 4 3 3 2 3 2 4
1 39 11 4 2 6 1 2 4 2 2 4 3 1 9 7 2 1 3 3 2 3 19 1 5 1 2 5 4 3 1 15 8 2 8 1 1 1 5 1 1 2 18 2 2 3 3 2 2 5 2 1 1 1 6 20 11 2 2 4 4 2 3 2 2 1 3 1 1 2 2 1 5 1 2 2 1 4 1 1 16 5 1 1 2 2 3 17 2 4 3 1 2 1 4 1 1 13 2 1 2 2 2 4 3 2 5 4 1 1 2 1 1 4 3 2 4 4 1 5 2 7 3 8 2 43 4 1 1 2 2 2 1 1 1 2 10 4 1 1 19 47 1 1 2 41 4 1 2 143 3 2 2 4 1 19 1 2 1 1 9 70 2 3 1 1 6 3 5 28 1 1 4 2 1 1 1 1 1 1 9 2 3 3 8 6 1 2 9 2 5 1 1 13 2 6 337 2 1 1
3 1 5 1 1 2 1 4 18 23 1 1 19 3 12 5 2 1 2 1 2 2 31 10 2 1 1 2 1 3 1 2 1 1 1 1 2 1 33 1 1 2 9 1 2 1 10 2 1 3 1 3 1 5 1 2 1 4 1 2 5 1 5 1 1 2 1 2 2 3 10 1 2 2 3 7 1 2 1 1 1 1 7 2 2 1 1 5 2 1 8 2 1 2 3 1 10 3 1 86 2 30 1 2 2 5 2 3 1 1 13 1 1 1 4 2 2 7 5 2 1 4 2 1 22 1 1 9 1 2 2 1 1 2 1 1 3 32 2 2 1 84 3 1 43 1 3 2 3 8 147 112 1 1 2 2 2 5 4 1 3 1 4 1 3 2 4 1 1 1 2 2 40 4 3 5 2 1 3 3 1 5 50 1 1 5 2 17 3 3 1 4 3 1 2 2 2 2 2 49
3 2 1 2 4 3 10 2 3 3 2 1 1 3 1 1 20 1 4 24 1 11 1 2 1 56 1 4 1 1 1 2 2 2 2 11 1 1 3 4 1 3 3 3 1 2 1 2 1 3 3 2 2 1 48 2 2 7 20 4 2 2 4 2 2 2 2 2 4 1 26 19 2 2 7 2 2 1 5 1 1 2 1 1 8 1 2 1 6 106 1 4 1 2 3 4 2 1 2 4 1 1 3 4 114 2 2 1 3 1 3 1 2 3 2 1 1 10 1 77 4 1 2 7 1 5 31 2 1 1 1 50 4 4 49 2 1 1 2 8 6 1 3 3 6 3 3 2 2 1 3 4 2 13 3 1 1 1 1 4 1 1 2 1 2 1 1 358 2 1 4 2 2 1 5 1 1 1 3 3 3 1 3 1 1 1 1 9 2 2 4 1 1 2 1 2 1 1 8 2
1 1 3 7 1 1 3 5 2 35 3 1 11 1 198 4 2 1 18 38 1 2 1 6 3 1 1 2 2 2 4 1 2 6 2 1 1 1 4 1 11 1 8 2 3 9 1 2 12 162 1 1 1 2 2 1 1 4 14 2 116 1 2 10 3 3 3 1 4 1 2 1 3 1 1 1 2 103 1 117 1 2 1 3 1 3 2 4 4 2 3 1 1 5 1 14 1 4 1 6 2 3 2 3 4 3 5 2 1 3 2 6 1 2 2 4 11 2 1 13 4 2 3 4 2 4 110 3 4 1 2 2 2 1 1 2 3 3 2 4 3 1 6 2 1 3 1 1 4 9 1 1 3 1 3 1 4 3 1 2 2 1 1 1 4 3 2 1 3 2 2 1 2 1 1 1 2 3 2 1 1 2 1 4 4 4 2 3 3 2 1 4 3 1 2 3 1 1 15 1
2 1 1 1 2 7 2 1 37 2 4 3 2 2 2 8 3 3 2 2 105 1 2 30 2 3 1 4 2 1 29 1 2 2 3 2 1 3 5 3 3 8 1 4 1 171 22 1 2 8 1 3 2 6 3 2 1 1 1 4 6 2 3 1 8 1 1 2 1 2 9 2 5 4 8 2 2 1 2 6 2 26 10 37 2 2 2 2 1 3 1 1 4 1 2 1 2 2 2 1 2 2 7 2 15 1 14 1 1 8 4 5 1 4 2 2 1 2 17 1 2 15 12 1 8 2 1 2 1 3 1 4 1 3 1 2 1 2 1 2 3 1 3 3 29 1 1 6 5 9 3 1 12 16 7 1 2 3 2 2 1 15 4 2 1 9 4 3 2 1 2 2 1 7 1 2 8 2 1 3 1 3 13 1 1 4 1 1 1 2 11 1 1 15 5 1 4 4 2 1
1 13 2 2 1 1 3 1 1 10 3 1 3 1 51 2 2 7 2 4 7 1 2 2 2 4 1 3 1 4 2 4 11 7 2 7 2 10 2 4 3 1 6 1 2 1 1 2 6 1 3 1 4 79 1 4 1 1 2 2 2 3 1 2 3 1 1 3 9 2 1 1 4 2 12 2 1 3 3 177 2 1 2 5 1 2 1 1 1 2 1 3 4 63 30 3 5 1 221 5 2 3 2 1 5 2 2 2 1 2 2 1 3 8 3 2 2 1 2 14 5 1 1 2 11 2 1 1 1 2 1 1 7 30 3 9 2 1 10 14 2 1 1 3 5 1 1 2 14 2 1 4 1 1 1 3 4 9 1 19 24 12 1 3 2 1 3 1 2 17 6 9 2 76 1 4 3 2 3 2 2 2 1 1 5 2 1 3 27 1 3 1 11 1 4 3 4 2 6 1
1 56 1 2 2 1 1 2 2 1 1 1 1 1 2 4 4 1 25 2 1 3 4 2 2 66 1 1 1 2 1 7 2 2 18 1 1 3 3 2 5 1 14 6 1 3 1 2 3 2 1 3 2 5 1 66 5 3 1 1 1 2 10 3 206 29 1 1 2 2 1 3 9 3 3 2 1 1 1 2 1 3 1 2 2 3 2 1 1 11 2 3 27 11 2 4 1 4 2 7 2 2 5 1 1 4 5 1 2 1 2 1 4 2 1 1 1 2 1 2 1 3 1 3 1 16 17 2 3 3 2 1 5 2 2 1 1 16 2 1 1 2 1 2 1 1 1 2 1 6 1 2 1 4 1 4 2 2 1 2 6 57 11 4 1 1 4 1 3 1 16 66 9 1 5 2 9 2 2 3 3 4 11 1 3 7 6 1 2 2 2 2 3 3 1 5 2 3 4 2
1 5 3 3 2 2 12 1 389 7 1 1 2 1 5 1 13 1 147 15 2 2 2 335 1 2 9 3 2 1 6 7 1 1 1 1 5 1 3 2 2 2 1 3 1 9 7 1 16 2 1 2 4 2 1 2 4 1 1 1 1 2 1 9 3 8 1 4 3 1 2 16 18 2 2 112 1 1 6 2 2 2 1 1 5 2 18 3 6 5 226 22 5 12 2 2 332 1 2 3 1 2 1 2 1 6 4 2 2 1 5 1 4 1 11 4 9 8 1 1 4 2 2 6 3 3 3 2 1 4 1 9 3 9 6 1 3 2 45 2 7 2 2 1 1 4 2 1 3 3 1 1 2 1 1 2 8 2 3 2 2 1 16 3 1 39 25 4 1 1 1 9 3 1 5 6 7 6 10 1 1 1 3 2 7 6 1 8 1 3 1 1 1 1 1 1 1 4 3 3
1 6 8 3 3 1 3 1 1 2 9 2 2 1 2 1 1 1 1 2 15 2 1 33 7 2 1 5 2 34 5 1 1 3 1 1 1 1 6 5 8 1 3 2 3 1 2 1 2 2 1 1 1 1 1 5 1 2 3 3 1 9 2 2 1 3 1 1 2 1 2 1 2 8 2 2 8 2 10 1 6 15 2 3 1 2 8 1 1 1 3 1 1 1 1 6 7 2 2 1 1 1 2 46 1 2 1 1 1 6 1 76 1 1 2 1 8 2 4 2 7 1 11 2 1 1 1 19 1 3 10 2 1 2 1 1 1 11 9 2 1 3 2 1 2 2 2 4 1 15 3 1 1 1 3 2 3 1 6 3 2 4 10 2 1 14 1 2 2 11 3 2 13 1 3 2 1 1 1 2 13 1 2 1 4 1 8 1 2 2 1 4 1 1 1 8 2 1 2 1
4 3 1 2 8 32 2 14 1 2 1 1 2 6 2 1 1 1 5 1 5 4 7 1 5 4 29 1 9 9 2 3 2 2 19 3 3 8 3 1 1 2 5 1 4 1 2 1 17 3 3 3 1 1 10 3 2 2 4 2 2 5 1 1 1 4 2 1 4 2 7 2 2 2 2 3 11 1 1 4 1 2 2 2 18 3 1 2 1 39 2 6 3 21 3 7 4 1 2 2 2 2 3 9 1 1 1 5 1 4 2 6 1 1 3 1 3 1 3 5 91 6 4 1 2 2 2 1 1 2 1 1 2 2 1 2 3 3 6 1 11 5 2 1 4 1 1 1 1 1 14 4 4 2 13 2 13 4 8 1 4 41 3 2 1 23 1 3 1 2 10 3 4 54 1 2 2 3 4 1 2 286 2 1 1 5 3 8 2 19 3 4 1 4 1 1 2 16 2 1
1 1 3 4 1 1 9 1 5 3 1 1 1 4 66 1 1 1 1 2 13 3 1 1 1 3 2 2 3 25 4 1 3 3 2 2 7 1 3 13 21 10 3 2 1 1 1 9 1 1 1 168 1 1 4 5 1 4 5 1 2 1 2 1 1 8 3 1 2 2 5 3 1 4 4 3 3 2 1 3 28 2 2 4 3 50 2 1 2 1 2 1 1 2 1 8 4 1 1 1 6 1 1 10 1 1 4 14 1 2 8 1 2 1 1 1 1 7 1 1 1 27 3 2 2 2 18 1 13 1 1 2 1 3 2 1 3 1 1 2 1 1 6 2 6 1 1 15 6 1 1 14 2 1 15 2 2 2 1 2 6 5 1 6 2 2 1 1 1 150 2 1 2 2 5 7 1 1 17 2 6 9 1 2 1 3 5 2 2 1 3 1 3 13 1 4 1 1 58 2
3 1 1 2 1 2 1 4 2 19 2 1 2 9 13 1 3 4 2 2 2 1 1 4 2 2 2 6 13 2 2 2 1 5 1 2 2 6 1 1 1 3 2 2 5 1 6 2 3 2 1 1 4 2 1 6 2 4 1 16 1 5 1 2 1 1 1 5 2 4 1 2 1 1 1 5 19 1 1 60 3 2 2 1 44 1 2 3 3 2 2 17 3 2 2 1 1 2 2 4 1 7 2 7 1 1 2 5 48 2 5 4 1 1 1 2 1 72 2 1 1 11 1 1 2 2 43 2 3 6 2 2 2 3 331 1 1 3 1 1 1 2 2 3 1 1 8 2 4 5 1 11 2 1 2 1 2 2 2 1 2 2 2 5 1 1 2 2 2 2 2 2 5 5 1 2 34 3 2 5 1 2 1 1 8 4 1 1 7 7 2 14 1 1 1 2 2 8 2 1
1 3 1 82 4 1 2 1 2 2 30 6 2 1 35 1 2 1 2 25 2 1 1 3 3 2 3 9 1 3 3 3 2 2 2 101 2 3 40 3 1 2 1 1 3 1 3 1 2 6 8 2 1 2 1 1 2 2 1 1 4 3 27 1 2 3 1 18 1 2 7 46 2 4 2 1 12 4 1 15 3 2 1 1 1 1 1 1 2 1 176 5 16 2 1 1 6 1 2 2 1 8 1 1 1 2 1 4 2 3 3 2 1 2 2 1 1 2 9 16 2 1 2 2 1 1 1 1 3 2 2 2 10 1 1 4 4 2 3 12 8 1 8 1 1 3 6 3 3 2 11 1 1 1 4 3 2 218 2 1 2 2 12 4 7 3 3 14 4 2 2 3 1 5 2 2 4 3 29 17 2 1 22 1 2 3 1 3 146 1 2 2 1 3 3 3 1 1 23 2
1 1 1 2 1 4 1 1 17 2 3 3 3 2 2 1 4 2 10 3 34 3 1 9 2 2 2 1 5 2 2 3 8 2 9 1 1 1 4 4 6 1 2 3 2 1 1 1 1 2 2 4 2 5 1 22 2 2 18 4 3 42 3 1 4 3 5 3 1 2 1 1 2 1 3 6 9 2 1 26 1 2 16 1 5 1 67 2 1 5 9 1 21 1 3 4 2 1 4 2 11 31 4 1 2 5 5 1 29 4 1 4 2 4 3 2 3 1 5 2 4 4 2 1 1 1 1 3 4 1 1 2 2 6 1 1 13 4 2 4 18 3 2 4 1 1 17 25 1 1 2 3 2 1 7 1 1 5 1 1 4 2 4 5 2 1 1 1 27 95 1 2 15 3 1 8 1 3 1 2 2 4 2 1 3 1 6 2 189 2 8 1 9 2 2 5 37 35 5 1
2 2 3 1 1 1 43 1 1 3 4 2 8 7 2 1 2 4 2 2 4 2 2 1 1 3 3 2 13 2 1 4 1 1 2 2 2 66 1 2 3 5 5 3 18 1 2 3 1 4 2 1 2 4 1 3 4 20 206 2 1 12 1 2 1 1 1 2 2 4 3 1 1 2 1 4 1 1 11 2 2 75 1 1 4 4 2 11 1 2 3 7 1 1 2 1 1 6 6 1 1 12 4 2 2 1 1 2 2 6 3 2 2 1 2 2 4 2 2 1 1 6 9 26 2 2 1 4 40 1 8 1 3 21 1 18 1 1 2 1 1 1 7 17 1 2 2 33 2 2 1 1 1 2 2 6 2 3 3 1 1 2 2 2 5 1 1 1 46 1 1 1 3 4 4 2 2 2 1 1 1 15 3 2 3 2 3 8 5 6 3 2 1 2 2 1 2 1 3 2
8 5 2 3 3 9 1 1 1 1 1 1 2 1 11 3 2 2 3 2 1 3 5 240 2 3 2 2 2 5 11 1 2 4 1 1 4 1 3 4 1 2 1 1 2 3 1 1 2 1 7 6 3 2 2 2 2 2 3 3 2 1 8 9 1 1 11 6 1 4 3 1 1 1 2 1 1 2 37 2 1 2 26 2 1 5 2 4 1 2 1 1 25 1 2 1 2 11 1 24 3 3 3 1 34 3 2 2 2 7 4 6 6 5 54 1 1 1 2 5 2 10 11 1 11 2 17 11 2 2 3 1 2 1 4 2 4 5 25 2 6 1 2 2 18 18 5 2 1 2 1 26 2 2 2 4 1 8 1 26 2 2 1 7 3 1 1 2 2 1 1 1 2 61 2 3 2 2 2 1 2 1 44 87 1 1 1 1 3 3 2 1 2 5 1 2 1 1 2 8
11 3 3 1 2 3 1 9 85 4 2 1 1 1 5 3 3 1 1 14 2 2 7 1 3 1 2 1 2 134 2 1 2 1 1 8 6 8 3 3 3 3 1 2 2 9 3 2 2 1 2 3 1 2 3 3 1 1 2 1 3 2 1 3 40 7 3 2 1 5 1 1 2 5 5 28 1 1 1 3 3 6 4 1 1 1 14 1 27 1 2 2 7 1 3 8 2 2 1 1 2 8 2 1 2 2 2 1 12 2 7 6 2 1 1 1 1 1 2 2 2 1 4 4 6 1 5 3 7 2 131 2 2 15 2 4 1 2 2 2 2 6 1 1 3 9 4 2 3 1 3 5 2 2 2 1 3 7 4 2 2 1 87 1 3 1 1 1 1 1 4 2 3 97 3 4 2 16 6 1 2 1 2 5 2 3 18 3 1 1 1 1 5 3 2 5 3 2 2 5
2 1 1 2 2 1 2 1 3 2 3 1 5 4 5 1 2 3 5 1 2 9 5 3 1 2 1 2 1 1 2 2 2 1 5 8 22 2 2 2 2 2 4 1 2 3 1 2 3 2 16 3 1 1 2 1 1 2 2 3 1 2 2 4 2 3 1 1 2 1 2 5 3 7 3 15 1 4 3 3 1 4 6 1 4 1 3 2 51 1 2 1 4 6 1 1 2 2 1 3 2 1 1 1 4 4 2 2 1 137 2 2 1 3 3 1 1 1 1 5 2 2 1 3 12 1 2 1 3 1 10 2 1 1 1 1 2 1 2 2 1 2 6 1 1 2 4 2 1 9 5 6 4 2 2 2 1 1 1 3 2 1 1 1 1 4 1 1 2 1 2 3 1 1 1 4 2 3 4 7 2 4 5 10 4 2 6 80 6 1 11 3 1 19 1 1 4 3 1 2
1 1 6 1 1 8 4 2 1 2 2 1 6 2 3 82 3 2 1 3 1 15 1 2 3 1 2 1 10 2 23 1 1 3 1 1 11 1 2 1 47 1 7 1 2 2 6 1 3 1 3 3 2 4 6 4 3 3 1 2 3 1 3 1 2 1 2 5 1 1 6 1 2 1 8 1 1 3 1 1 2 3 18 1 1 1 1 1 1 1 1 4 2 3 2 85 4 6 3 5 1 3 1 3 2 1 1 1 1 3 1 1 22 2 2 1 1 2 1 2 2 1 3 24 5 1 1 3 5 1 2 2 1 7 4 1 5 1 1 4 5 1 257 1 3 14 2 2 2 4 2 2 1 2 2 5 2 2 1 1 4 8 2 3 1 1 70 2 2 3 1 1 2 1 4 3 2 2 2 1 17 7 2 2 2 10 1 2 8 1 1 3 1 2 3 2 120 3 3 1
2 2 3 4 2 7 2 17 5 4 6 3 3 2 18 3 2 1 2 1 1 1 13 1 9 5 3 4 3 2 3 2 2 1 4 1 1 5 2 2 1 1 2 5 2 7 2 4 2 2 2 2 3 1 1 2 1 1 2 4 2 7 6 1 1 1 2 4 2 1 2 2 14 2 4 12 5 2 1 1 7 14 1 1 2 5 2 27 2 2 6 1 2 2 20 1 2 59 5 3 3 3 3 1 2 6 1 4 1 8 1 4 1 1 12 1 1 3 1 2 1 2 4 1 4 4 2 1 1 1 1 3 4 130 4 3 4 1 2 4 1 18 10 4 1 1 2 1 1 3 13 1 1 1 1 2 3 1 2 2 4 3 1 1 1 5 10 1 49 18 4 4 2 18 8 11 103 1 1 2 1 1 1 66 2 1 2 2 1 3 2 2 1 1 1 1 1 33 1 5
3 2 2 2 1 3 2 2 1 1 3 2 1 4 3 7 2 1 2 5 4 1 4 4 4 3 2 1 118 1 10 2 3 10 1 11 2 2 5 2 2 2 2 4 17 2 3 2 2 1 2 4 2 1 2 43 2 1 3 1 1 1 6 1 6 1 1 3 1 3 1 1 2 3 2 2 2 39 7 11 5 2 3 2 13 5 5 2 5 1 1 3 3 2 4 5 1 1 3 4 5 4 1 7 1 1 8 1 1 1 2 1 32 1 3 2 2 1 3 3 1 3 3 5 2 2 5 3 2 1 2 3 1 3 1 1 1 290 5 2 1 14 16 10 2 1 2 5 2 1 2 1 8 2 3 12 2 2 3 5 2 11 3 1 2 2 2 2 292 1 1 2 2 1 2 1 1 2 16 12 1 2 2 10 3 1 3 1 16 2 1 1 1 1 4 7 2 18 3 2
5 1 11 1 1 57 2 5 2 2 4 1 3 3 1 4 1 2 3 1 1 4 2 4 6 11 1 1 23 1 2 2 286 27 3 3 1 1 1 2 2 1 48 2 10 3 3 1 1 2 1 3 3 7 5 1 2 3 2 15 2 5 2 3 12 8 1 2 5 54 2 1 4 4 1 2 1 1 1 2 4 2 4 1 15 1 1 10 2 6 13 3 17 2 2 11 2 11 1 2 2 2 2 1 9 8 1 2 1 1 2 8 1 24 3 6 4 3 2 5 1 2 4 1 2 3 1 2 1 1 1 1 1 1 1 1 1 4 1 1 2 4 18 1 3 4 2 4 7 2 1 1 1 1 2 1 2 4 5 4 1 2 2 4 5 1 1 3 6 3 1 38 3 1 4 4 11 4 3 5 2 4 6 7 1 2 6 2 6 3 1 1 3 1 1 3 1 16 2 9
1 8 10 5 1 3 1 3 3 2 2 1 2 2 1 5 16 2 19 3 5 2 1 3 2 1 6 1 4 1 55 2 2 1 3 1 2 2 35 1 2 1 1 1 1 23 2 4 15 11 2 1 15 2 1 3 3 2 3 7 4 1 5 3 2 1 2 4 2 1 161 1 1 1 178 4 5 1 2 1 2 4 3 2 6 17 19 1 7 1 2 2 1 1 5 1 3 4 1 12 1 1 1 5 3 1 1 2 43 3 1 1 4 6 23 2 2 2 1 2 6 2 1 3 3 2 7 6 5 1 1 3 4 3 10 2 1 1 2 7 1 1 2 3 3 1 20 6 34 2 1 1 1 2 6 3 1 1 20 1 2 3 2 2 1 5 2 1 2 1 2 2 3 11 1 2 2 15 2 2 1 1 1 15 3 5 1 1 1 8 8 2 48 1 1 2 1 11 2 2
2 13 2 17 1 1 4 2 1 12 1 2 7 3 4 43 1 2 6 1 4 4 1 74 1 2 2 3 1 2 3 2 4 1 10 2 5 1 14 19 1 2 4 2 2 4 14 4 1 41 4 8 2 6 1 1 5 1 1 12 1 1 2 4 2 2 1 2 6 1 16 1 1 1 1 2 1 2 2 14 1 2 1 2 1 9 6 2 23 2 1 2 23 67 7 1 2 1 1 5 1 2 2 4 3 3 2 5 2 3 1 1 2 1 1 2 1 1 8 1 7 2 15 11 11 2 2 7 3 1 2 1 8 11 1 2 4 2 2 1 2 2 1 4 3 1 1 2 11 1 2 1 1 6 2 2 1 1 3 1 1 1 3 2 1 2 1 4 1 11 1 3 1 1 4 3 4 2 1 1 10 3 2 2 2 1 4 1 1 2 2 3 2 1 2 2 1 1 4 1
4 1 2 2 1 1 1 1 1 1 2 2 5 2 1 1 2 15 1 2 1 4 3 16 2 2 3 6 19 3 17 2 1 1 7 2 1 1 3 2 2 5 1 1 3 2 2 2 3 9 1 3 2 3 2 1 9 2 3 1 4 1 1 2 3 2 4 77 3 1 4 2 6 1 12 2 1 8 2 1 1 2 2 5 3 3 2 1 2 1 2 2 1 24 2 6 2 3 2 1 1 3 3 1 1 2 7 2 2 2 2 1 2 2 2 2 1 13 2 26 1 6 2 6 2 3 24 2 4 3 6 1 2 1 1 6 1 1 2 1 9 8 2 2 2 1 1 21 1 1 4 3 1 3 1 1 3 4 2 1 5 10 4 3 2 1 2 2 1 3 9 2 1 8 1 32 2 1 1 3 2 2 3 2 5 2 2 1 1 2 1 2 2 1 3 1 1 2 3 1
2 1 3 1 4 1 10 5 83 4 14 3 1 1 3 9 2 4 3 1 5 13 6 1 1 3 2 5 1 2 3 5 10 1 2 11 2 2 3 1 1 3 58 35 3 1 2 1 2 70 2 1 4 1 1 2 3 3 1 2 3 2 2 2 4 1 1 2 4 3 3 8 4 1 4 1 2 8 1 45 1 4 1 5 2 15 4 2 3 6 5 1 2 2 2 2 2 11 1 1 4 23 3 2 2 1 8 2 1 4 5 1 1 5 6 5 3 1 20 1 1 3 8 13 2 2 2 2 1 5 13 1 2 1 9 1 1 2 1 2 7 1 2 2 1 2 1 2 11 5 2 1 42 11 2 2 8 2 2 1 1 2 2 2 1 2 2 2 2 2 2 10 1 2 2 1 3 2 5 2 1 2 2 2 4 3 4 6 3 3 4 1 27 17 2 2 1 1 1 7
6 2 7 10 7 2 3 1 1 2 2 6 3 2 1 1 1 2 3 1 34 5 1 1 2 2 2 2 1 1 2 1 1 5 2 1 5 2 1 3 1 2 1 3 2 2 1 2 1 8 1 3 1 1 2 3 1 4 1 2 2 1 3 1 5 1 3 1 2 5 3 2 2 1 2 1 1 2 1 1 3 1 6 2 3 4 1 2 1 2 2 1 2 1 2 4 7 6 2 6 3 1 1 2 1 14 2 2 89 1 1 1 3 2 1 6 1 9 2 3 5 2 1 1 1 2 11 1 1 2 2 1 1 2 1 1 2 43 3 1 2 1 1 3 4 6 4 10 3 3 3 2 2 1 1 1 2 10 1 8 6 2 3 5 2 2 9 5 1 1 1 2 1 3 2 14 1 2 1 2 1 2 5 2 2 1 4 1 2 1 2 2 1 12 1 2 6 2 1 5
2 2 3 9 1 7 1 2 2 12 2 106 2 1 3 1 1 1 1 1 2 2 2 8 2 9 2 1 5 6 2 1 2 1 12 1 3 5 1 2 1 6 2 2 1 275 1 1 1 1 4 1 2 1 18 7 2 4 1 2 2 1 1 4 1 1 6 1 4 5 18 4 1 4 1 2 3 1 1 2 19 6 3 16 1 1 2 2 3 4 3 2 4 2 1 2 1 2 1 1 2 2 1 2 1 2 12 2 3 61 1 1 5 2 50 5 1 2 1 33 2 3 9 2 1 3 8 7 1 2 3 1 2 1 1 1 3 35 7 5 2 2 1 1 1 2 5 19 4 2 1 1 4 5 3 1 5 2 78 1 4 2 3 1 8 1 1 2 1 5 2 128 4 2 3 1 1 1 1 3 5 1 7 2 1 1 4 1 4 15 5 2 5 2 1 2 3 1 6 2
1 5 2 2 9 4 4 5 1 1 1 2 1 2 7 2 2 3 2 1 2 2 1 3 3 1 1 3 1 2 1 1 11 1 1 32 1 3 5 2 4 1 1 2 1 1 2 6 5 3 1 23 3 1 1 1 3 1 3 2 12 1 8 2 1 1 1 1 2 1 1 3 1 15 4 1 40 8 8 3 2 2 8 1 12 2 2 1 3 2 2 2 1 1 2 1 3 1 1 1 3 1 1 2 43 11 3 13 1 2 54 1 4 2 1 1 1 9 5 3 1 3 1 3 1 5 34 8 2 1 4 34 4 2 2 1 1 1 2 16 3 3 2 23 2 5 6 3 8 1 2 40 1 4 2 1 2 10 1 1 123 1 3 4 22 1 2 12 1 1 6 61 2 2 3 5 3 1 3 2 3 1 7 2 1 1 5 1 16 3 2 1 3 1 4 1 1 5 2 1
1 2 2 9 4 4 8 2 3 1 1 1 33 3 1 1 1 7 2 3 1 2 1 30 1 28 2 2 2 1 8 2 13 4 2 9 1 2 1 1 3 33 2 8 1 1 4 1 3 1 2 2 2 2 2 2 2 2 3 1 4 5 2 1 1 1 2 1 2 1 1 1 3 1 350 7 2 13 2 1 4 8 3 1 4 1 2 3 1 1 1 2 2 3 1 1 2 2 1 2 3 443 1 2 2 2 2 1 6 1 2 1 2 3 22 1 2 1 14 1 7 2 4 4 3 2 2 2 1 1 5 4 1 2 12 4 1 1 227 2 1 3 1 1 8 23 138 3 1 1 1 7 3 1 10 2 2 1 15 2 2 1 7 1 27 1 3 5 1 1 2 2 2 2 3 4 1 3 2 4 2 3 3 2 20 2 1 2 14 3 2 1 1 1 6 5 2 1 2 6
1 8 3 1 23 6 2 4 13 6 11 78 2 2 1 2 5 7 1 1 1 2 1 2 2 15 1 2 1 1 3 1 1 1 1 1 5 2 6 7 8 5 1 1 4 4 2 2 3 1 2 52 1 5 2 5 1 3 92 5 3 90 7 4 2 3 2 3 20 7 2 4 1 1 4 3 3 8 3 1 2 2 6 4 3 2 18 1 2 3 1 1 15 5 1 2 1 2 1 16 14 2 2 2 4 2 1 2 2 2 2 4 2 1 3 2 2 1 3 10 5 2 2 3 3 2 27 4 1 1 3 4 1 3 1 2 10 3 6 6 3 1 2 1 3 1 1 2 3 3 1 18 2 1 1 2 17 189 1 1 1 2 34 1 1 1 4 6 2 22 12 1 5 2 32 3 8 1 2 2 1 1 1 48 2 3 2 3 2 2 2 1 7 2 4 3 1 4 5 1
2 1 19 1 2 7 1 1 3 1 11 2 2 1 3 1 1 2 1 1 2 2 2 1 2 1 2 1 1 5 1 1 3 1 2 10 1 139 2 2 1 37 13 2 2 21 2 3 3 4 1 7 1 14 2 6 2 2 2 1 9 11 2 1 2 4 7 12 1 1 1 2 6 1 2 5 2 179 3 4 2 1 4 1 4 7 1 2 2 1 6 4 6 3 2 1 2 2 1 2 6 17 1 1 6 2 2 2 2 2 3 2 1 2 1 3 2 3 8 5 7 2 2 4 2 2 5 1 2 12 2 1 2 2 4 1 5 2 1 2 1 2 1 6 2 2 5 1 7 33 6 3 6 4 1 2 1 3 2 48 3 1 1 1 2 1 2 2 12 5 1 1 5 1 4 9 15 2 4 8 1 6 2 2 3 5 4 1 2 11 5 2 15 1 1 5 1 1 1 2
2 1 1 9 3 1 5 2 5 1 2 5 2 1 2 1 3 5 2 1 2 5 2 2 1 6 1 3 2 13 1 4 2 1 1 1 9 3 1 2 1 2 1 7 2 1 5 2 3 1 1 5 2 1 2 1 1 24 5 12 1 2 2 1 3 6 40 1 3 1 10 1 3 1 1 2 5 1 3 1 4 2 2 8 1 2 38 2 27 44 6 1 5 1 2 3 3 1 4 3 6 1 6 5 3 12 67 5 1 2 3 9 23 1 1 8 5 2 2 3 5 5 2 1 3 2 3 2 1 3 2 1 1 5 3 15 1 5 2 1 1 2 1 12 2 2 5 1 6 2 1 1 6 2 2 3 1 3 5 4 18 2 4 3 1 6 3 119 1 23 1 7 2 2 1 1 1 1 2 1 3 2 2 5 2 2 1 1 1 4 2 3 2 3 1 4 4 1 1 3
4 3 3 1 22 4 4 1 2 1 1 9 3 1 1 2 1 1 4 3 1 4 2 2 4 1 1 2 2 9 1 43 33 2 1 26 1 4 1 16 2 3 3 1 1 7 22 4 7 2 1 2 2 3 15 1 2 2 2 2 1 3 7 3 2 18 6 2 2 1 1 1 2 1 1 11 3 12 1 1 3 1 5 2 1 7 1 4 1 18 1 1 2 4 3 4 11 1 2 1 1 1 1 3 1 5 2 1 3 1 4 4 1 5 8 2 3 2 6 1 35 2 1 1 2 2 1 2 1 1 2 2 2 18 1 8 2 5 1 2 2 5 2 2 11 2 1 1 1 1 4 1 3 1 2 1 18 1 2 41 6 24 1 8 2 2 3 5 3 1 1 47 3 2 1 55 1 4 1 2 2 4 2 5 1 9 3 4 2 1 7 1 1 1 2 5 3 2 7 1
1 3 2 1 8 1 3 3 1 2 1 3 19 2 1 4 2 3 1 2 15 1 1 2 1 3 2 2 2 6 2 1 1 3 7 1 1 6 6 6 28 8 1 1 2 1 2 1 3 7 1 3 1 15 3 1 2 1 3 10 1 2 1 15 3 3 2 1 1 2 1 1 2 1 3 1 2 3 1 2 1 1 4 2 1 3 2 1 1 3 2 1 2 2 1 1 8 2 2 3 1 2 2 1 2 5 3 2 1 5 65 9 2 1 1 2 1 1 6 1 5 3 8 1 8 35 2 6 1 3 1 1 7 2 4 1 2 2 12 3 1 5 6 3 3 1 2 2 6 5 47 1 6 3 1 2 1 1 2 1 1 2 4 1 6 6 3 2 2 2 7 3 1 9 1 1 21 1 7 12 5 1 1 7 1 10 7 5 5 4 1 4 1 1 1 1 1 1 2 2
1 8 3 4 52 8 9 2 1 2 1 1 1 2 87 2 2 2 24 1 1 1 3 4 3 1 2 1 1 1 2 2 2 2 16 2 2 7 1 1 1 1 26 5 1 35 1 2 2 4 2 10 2 3 2 2 2 1 1 13 2 1 1 1 18 8 7 6 1 2 3 1 5 5 1 1 6 2 1 2 1 8 1 1 1 2 1 5 1 2 14 1 1 1 5 4 2 2 4 2 29 2 7 1 1 1 2 2 3 1 1 2 3 2 2 1 1 3 2 35 2 1 1 3 3 2 3 2 3 2 1 4 2 18 1 2 2 1 1 1 5 4 5 1 11 3 11 1 1 10 2 2 1 1 1 1 1 2 1 1 1 2 1 1 3 3 4 2 2 6 1 2 3 3 1 3 1 1 2 1 1 1 5 1 1 2 2 4 2 4 1 2 3 2 4 4 9 1 2 1
2 2 13 149 3 10 1 2 1 1 1 63 1 21 7 7 9 2 2 1 1 1 1 2 3 1 2 3 2 6 1 11 2 2 12 1 1 7 5 2 1 29 1 5 1 1 3 1 2 1 2 4 2 4 2 1 2 1 4 2 3 11 2 5 2 3 1 1 1 1 1 3 1 1 1 4 1 8 2 6 5 4 1 1 1 9 9 1 2 2 21 2 2 2 1 2 4 3 7 1 1 2 26 2 6 2 1 14 12 2 1 1 1 2 1 1 2 3 2 2 2 4 2 1 130 1 2 4 2 2 4 3 1 3 6 1 14 6 3 6 1 2 7 2 5 1 9 2 3 1 9 2 1 2 1 1 2 1 1 45 3 4 3 1 3 8 20 5 1 1 1 1 2 1 3 3 1 1 2 3 2 2 1 1 5 2 5 2 1 1 4 1 1 19 2 1 7 12 25 1
2 1 1 7 3 13 3 16 2 2 2 180 19 2 3 3 25 9 99 4 6 1 2 2 1 4 4 1 5 2 1 3 1 1 1 7 7 1 2 2 1 4 3 2 1 16 1 3 2 31 4 3 3 2 2 4 2 6 3 1 2 29 2 6 1 1 115 3 10 7 1 2 5 14 3 2 2 3 3 13 4 2 1 22 1 2 2 4 3 8 1 2 4 2 1 1 5 4 5 7 1 4 11 2 1 2 16 16 2 2 2 2 2 2 1 2 3 1 5 1 2 1 1 2 1 9 2 14 1 5 3 2 2 5 2 1 1 2 1 2 3 1 3 1 2 70 8 2 6 2 2 9 186 1 1 16 6 1 52 6 3 1 10 2 3 14 2 2 2 2 1 4 2 2 1 1 1 1 2 1 1 1 2 2 2 1 5 1 1 5 1 2 3 5 3 1 4 1 1 1
1 2 62 3 2 2 1 4 1 2 1 2 1 33 2 2 2 27 7 1 1 3 4 2 2 1 2 2 1 2 4 2 4 8 3 1 2 2 4 2 2 6 3 2 1 79 2 1 8 1 35 2 1 2 2 1 9 2 2 2 3 2 1 2 3 7 2 5 1 2 3 3 2 2 13 2 1 5 2 1 2 1 4 6 2 1 1 1 1 6 1 1 2 1 2 5 1 1 18 2 2 2 2 2 2 2 1 1 3 1 4 2 8 2 10 2 2 4 3 1 2 12 2 2 4 1 1 1 3 58 2 18 2 2 1 1 2 1 1 1 1 1 20 3 1 1 2 2 1 29 1 3 4 9 1 1 5 1 1 1 19 2 1 1 5 1 1 3 1 3 2 2 25 3 2 2 4 1 1 2 2 26 14 1 6 1 2 2 2 2 1 1 1 3 3 19 1 1 3 4
3 7 1 1 3 1 1 9 2 5 14 184 2 1 3 9 3 2 2 2 13 2 1 6 1 1 2 1 1 1 1 1 1 1 2 3 3 1 1 3 14 2 2 1 2 2 2 3 3 1 1 27 2 1 1 4 4 9 1 12 2 64 2 8 5 1 3 28 2 3 1 9 6 8 2 2 61 25 2 1 3 21 1 12 7 1 1 1 2 8 4 2 1 2 26 2 12 9 2 2 2 2 3 1 1 1 9 3 2 4 6 2 2 15 2 1 2 65 1 4 2 9 3 3 3 1 10 1 2 1 1 8 7 6 2 1 2 3 2 2 4 1 1 3 6 2 1 7 6 1 3 6 1 2 2 6 2 2 1 5 1 1 4 57 2 1 19 12 9 1 10 15 1 1 2 1 1 1 2 2 1 3 5 2 3 32 4 2 3 2 7 2 3 3 2 1 1 1 2 2
2 4 7 2 1 2 1 3 1 1 4 9 85 2 1 1 6 1 2 64 37 2 1 2 28 2 1 5 1 2 3 20 2 1 3 5 1 4 8 1 3 10 1 6 1 2 5 1 37 4 2 18 1 1 2 4 18 8 3 1 2 1 1 5 1 5 1 2 1 1 10 1 74 1 2 2 4 1 2 2 1 1 3 50 2 1 3 3 4 1 2 2 2 1 2 3 8 2 1 6 2 2 2 1 1 7 2 66 1 1 1 2 7 3 2 1 6 1 2 1 2 3 31 3 1 6 1 10 5 1 2 2 1 9 2 13 7 11 6 2 2 1 3 10 19 6 2 1 2 2 3 1 11 1 2 8 5 1 1 1 5 11 1 10 2 2 2 3 1 2 4 3 2 17 3 1 1 5 56 10 3 1 5 6 2 2 3 2 2 2 2 1 1 1 1 1 2 2 2 39
3 7 1 2 1 7 1 2 2 3 2 3 1 1 2 3 2 2 1 30 2 28 1 4 2 1 45 1 3 2 1 2 4 2 2 2 4 2 2 1 1 2 2 5 1 1 1 3 104 2 3 9 2 1 26 2 2 3 91 1 1 2 8 5 3 1 2 3 5 1 58 2 5 2 2 1 1 4 1 17 3 1 7 3 6 7 5 1 1 1 14 1 2 1 29 12 1 1 32 3 1 4 1 12 67 2 1 2 1 3 2 2 1 1 1 12 2 1 2 9 1 5 10 3 2 5 3 7 1 3 1 1 2 8 4 2 1 58 5 2 2 3 3 1 1 2 2 6 27 3 4 2 2 1 1 1 1 2 1 38 3 25 1 14 10 26 1 2 15 3 3 1 2 1 3 1 6 3 1 1 1 3 2 3 1 3 6 1 1 3 1 1 47 60 2 1 4 1 1 3
2 1 1 1 3 1 2 1 2 2 1 3 3 2 6 2 2 1 4 1 2 5 1 3 1 2 1 1 2 1 3 1 2 1 2 1 1 1 2 3 5 2 2 1 3 1 2 3 2 1 8 3 1 5 3 3 10 1 3 1 4 2 11 3 2 2 2 4 9 1 3 1 2 11 6 2 1 1 3 2 2 2 5 2 2 1 3 1 1 6 1 4 2 2 3 2 1 1 7 10 34 1 2 9 1 3 7 3 5 1 8 1 8 2 3 3 4 1 2 1 20 1 2 5 3 1 22 2 1 17 2 2 6 1 1 17 1 18 264 3 1 3 1 2 1 2 3 16 1 1 2 3 2 2 23 2 2 1 1 2 2 1 3 3 1 1 1 1 1 1 85 2 2 2 2 2 3 2 2 3 1 3 4 2 5 2 1 1 1 1 7 11 2 2 1 22 2 2 1 3
4 10 3 1 1 4 1 3 1 2 5 1 9 5 1 1 1 1 6 2 5 6 1 2 6 1 3 3 2 1 2 1 1 2 7 2 3 2 6 1 1 20 23 1 2 3 4 2 4 2 2 3 5 2 11 1 2 2 3 2 2 3 2 1 3 24 3 1 3 2 2 8 8 1 2 1 2 6 1 1 2 1 1 1 1 2 3 41 4 1 4 1 65 2 5 3 2 1 1 10 5 3 1 2 9 1 2 1 15 4 9 31 1 2 1 1 10 1 2 5 3 1 1 1 3 3 1 1 3 1 1 7 3 3 2 19 1 1 1 2 2 2 2 4 1 8 2 1 8 2 11 1 4 1 3 1 2 4 1 1 2 2 1 1 10 2 1 16 1 2 5 2 1 2 1 2 4 363 2 3 1 1 1 4 176 2 1 4 1 1 2 7 5 5 2 2 1 2 2 1
29 2 3 28 4 1 3 1 1 11 1 5 2 9 1 1 11 2 1 1 11 1 2 2 3 2 3 1 2 2 2 10 7 2 1 4 1 2 1 1 1 6 2 2 1 5 2 3 24 2 1 1 2 2 1 4 7 7 1 50 2 2 2 8 2 2 5 2 1 1 2 4 1 1 1 2 1 3 1 29 2 2 17 3 1 2 18 4 2 11 1 290 1 2 1 1 1 1 2 1 1 2 8 1 20 2 2 4 34 7 2 3 3 1 2 6 1 1 5 2 3 1 1 1 1 1 1 1 3 2 183 2 1 1 1 1 1 1 5 2 1 34 1 5 2 4 1 2 3 9 15 8 1 4 2 3 2 5 1 1 5 139 2 1 13 1 1 1 1 1 1 13 2 2 2 5 1 2 2 2 2 2 8 31 1 1 1 3 1 3 2 2 2 1 1 2 3 1 2 3
4 1 2 3 1 51 3 4 1 2 3 6 1 1 1 2 5 1 2 2 2 1 2 1 6 4 5 1 2 2 1 2 6 1 1 61 1 2 2 3 8 2 18 1 1 2 6 2 1 1 3 2 3 1 1 2 2 22 1 289 2 3 3 2 1 5 2 2 3 3 1 1 4 7 2 3 1 2 3 1 4 6 65 1 2 1 4 2 1 1 3 26 1 5 20 1 1 1 3 1 2 1 3 1 1 30 1 14 4 1 9 2 1 2 1 1 2 29 1 1 55 3 34 2 2 3 3 1 1 1 1 1 1 184 3 1 4 1 5 6 11 2 2 1 2 2 1 3 2 17 2 1 3 1 2 3 6 2 1 2 2 1 2 4 4 7 3 1 1 3 1 1 2 1 2 1 6 1 4 1 9 5 2 2 1 13 1 2 2 4 1 2 1 5 3 1 2 13 1 5
2 4 4 1 8 3 2 5 1 1 8 1 2 1 1 1 1 1 2 2 7 132 2 1 2 2 2 2 1 1 1 2 1 1 1 4 1 2 1 1 1 9 4 4 11 2 5 2 1 1 5 1 1 3 4 3 3 2 13 2 1 1 2 1 5 2 2 2 1 3 6 1 1 1 3 24 1 1 11 2 9 1 2 2 16 2 1 1 268 1 5 1 1 4 2 2 84 13 7 1 2 3 1 1 2 21 1 2 2 3 1 2 1 3 30 1 4 2 1 1 2 11 3 2 3 3 15 110 2 2 1 1 3 1 2 1 1 11 10 5 18 23 1 1 1 1 4 10 1 11 1 1 2 1 2 1 1 1 1 2 3 1 1 17 1 26 54 2 1 1 1 1 22 1 2 2 5 3 2 1 1 9 2 3 1 1 1 2 1 3 14 7 2 59 1 9 1 2 2 3
6 2 1 2 1 1 3 2 19 2 2 12 1 2 53 20 1 2 1 33 2 332 2 1 7 2 3 1 14 1 1 1 2 2 2 1 6 6 2 3 2 1 3 5 2 1 5 1 3 2 1 1 4 3 2 2 1 2 3 1 2 2 2 11 1 1 1 2 14 3 1 1 1 15 1 1 3 3 2 1 1 1 3 1 6 2 3 1 2 2 1 1 2 5 1 1 6 2 2 2 2 16 4 1 3 2 3 3 1 2 3 3 3 1 1 2 5 1 1 7 4 54 2 2 1 1 7 1 2 29 1 3 3 4 2 8 1 2 4 80 2 26 3 1 3 1 6 1 2 12 2 3 2 4 2 2 2 1 17 2 27 5 2 2 2 2 3 2 7 8 2 5 6 2 2 5 6 1 3 4 7 1 1 1 1 2 1 6 6 2 7 1 2 1 1 23 1 3 2 1
1 1 1 2 1 16 1 7 2 1 101 2 1 2 5 2 9 2 27 3 2 2 2 1 5 4 1 2 1 1 2 2 1 1 2 2 1 1 15 7 6 1 1 7 3 166 2 4 2 1 1 1 40 2 1 1 5 1 3 2 3 3 5 11 1 1 1 2 1 2 4 4 2 3 1 1 1 3 1 82 1 2 9 1 2 1 1 4 2 1 205 2 1 3 7 2 3 3 2 1 3 1 1 3 1 2 2 2 3 1 2 1 3 2 2 5 2 7 2 4 7 4 2 1 2 3 2 2 2 11 1 2 1 1 1 1 1 2 22 2 1 5 70 1 2 1 4 2 9 3 2 1 1 1 3 25 2 6 3 2 1 3 1 1 2 1 4 1 9 6 3 1 1 1 7 1 1 3 1 1 8 15 3 1 1 57 1 19 4 2 2 8 1 1 12 2 3 6 1 2
3 5 2 3 2 2 1 1 3 1 2 2 2 3 2 1 10 3 2 1 1 1 3 1 1 99 4 5 1 1 10 2 2 5 2 1 1 1 2 1 1 3 2 1 1 2 3 2 4 1 3 1 33 6 2 15 2 1 1 1 1 1 2 4 2 1 1 2 3 1 2 3 2 2 7 3 1 2 1 3 1 2 16 2 5 3 24 4 1 1 3 1 1 2 1 249 2 5 1 1 1 4 1 1 2 3 1 3 2 21 1 3 12 1 1 1 2 2 3 2 1 131 2 20 19 2 2 2 2 14 19 3 6 51 10 10 2 1 1 15 1 1 3 1 1 2 4 1 2 7 1 3 2 1 3 2 6 2 2 3 1 1 1 2 39 3 8 11 4 5 15 1 3 2 2 81 1 1 1 1 3 1 2 3 2 8 1 2 1 3 3 5 2 2 2 1 2 1 1 2
2 2 1 1 2 1 1 1 3 1 194 2 2 2 2 5 4 2 1 1 1 6 21 1 3 1 10 1 1 4 22 1 1 1 1 1 2 1 2 4 3 1 1 1 4 3 2 1 2 2 2 3 1 2 4 2 4 3 2 2 5 1 2 2 1 152 2 99 22 2 1 2 1 13 1 1 48 28 2 1 1 1 1 2 9 1 2 3 4 1 2 1 57 12 57 24 1 2 2 3 2 1 1 6 11 2 426 1 1 22 2 1 2 2 8 1 2 1 1 2 2 3 1 7 3 2 1 2 1 1 1 1 5 3 1 11 3 1 2 1 1 2 1 1 2 2 5 1 3 4 1 3 4 1 1 25 2 3 1 3 1 1 1 1 26 2 8 1 2 1 2 9 2 3 3 1 1 6 1 9 14 1 2 9 4 6 2 2 2 2 6 1 1 4 3 1 4 1 7 1
2 5 4 9 2 2 1 2 1 3 1 1 14 4 1 4 1 21 2 1 2 2 2 9 1 9 2 1 2 1 3 2 31 1 2 1 1 8 1 5 1 12 3 1 2 2 20 2 5 1 2 2 1 1 3 3 5 2 1 5 1 1 2 2 1 2 4 2 2 4 5 19 15 2 39 2 2 3 1 50 2 5 7 2 1 5 1 3 2 2 1 2 1 2 2 1 7 1 1 1 1 4 1 4 1 1 2 1 2 1 1 7 9 225 3 1 1 3 2 1 2 1 4 2 1 1 2 15 9 2 1 4 2 2 1 9 1 1 1 2 3 1 1 2 4 3 1 1 2 1 1 3 12 2 1 3 2 1 2 7 9 5 20 1 2 2 1 13 2 3 1 1 2 2 69 7 3 1 4 1 1 4 1 85 2 2 10 7 1 1 12 7 16 5 2 2 2 9 1 1
1 2 2 1 2 3 1 1 31 3 80 7 2 2 3 1 1 1 2 2 2 3 1 10 2 2 9 19 2 1 1 7 1 1 8 1 1 6 6 3 185 4 2 4 3 1 1 1 3 4 2 1 1 1 5 3 3 2 4 1 3 1 2 9 3 1 1 17 1 2 1 3 2 2 1 10 3 2 1 5 1 7 5 1 1 2 9 1 8 2 2 4 4 2 1 5 1 2 3 4 8 2 1 1 20 1 3 2 1 2 5 7 2 2 16 1 1 2 1 2 3 1 2 5 1 1 130 2 5 2 3 1 3 4 1 5 3 1 1 1 3 1 1 1 2 1 76 4 50 2 1 2 9 2 6 1 2 3 4 2 2 8 2 2 235 38 27 3 1 2 2 2 14 2 9 77 3 2 1 49 2 15 5 6 2 1 3 1 1 1 2 29 1 6 1 10 1 9 4 2
1 1 2 2 3 1 1 4 2 1 7 1 3 1 1 2 2 17 1 48 2 1 1 1 1 1 1 1 1 29 3 2 8 1 1 1 9 1 2 2 1 2 2 2 88 4 4 2 1 1 3 2 1 1 1 2 5 22 2 3 1 6 2 1 1 9 3 19 2 23 2 2 1 2 1 1 2 1 1 2 1 1 2 1 3 30 2 10 8 8 1 3 1 3 1 10 1 14 1 1 7 2 6 1 7 4 1 1 2 7 1 2 1 196 1 1 8 9 6 1 1 1 2 4 6 3 1 2 2 2 3 1 9 4 1 2 1 4 6 2 2 1 3 1 2 1 2 2 11 2 2 3 2 1 1 2 3 12 2 6 1 1 74 4 3 17 18 5 2 1 7 1 10 9 2 12 2 1 2 1 4 2 114 1 4 27 2 1 22 1 1 2 1 1 1 2 1 1 3 5
3 2 5 2 9 1 2 1 1 1 2 4 1 13 1 1 2 2 10 1 3 1 3 2 2 1 3 2 42 4 3 1 3 2 2 1 3 6 1 2 1 1 15 3 1 3 1 3 1 1 5 1 1 4 3 2 2 3 2 2 3 1 1 14 30 7 2 1 4 2 4 2 1 2 1 1 2 2 9 4 5 1 1 2 1 1 1 6 1 1 3 1 8 4 3 1 7 1 1 1 2 2 3 4 1 2 3 1 37 8 1 1 2 11 1 10 3 10 1 12 1 1 5 5 5 3 1 4 1 2 2 5 5 3 1 1 6 7 16 2 5 1 6 1 2 3 5 2 2 2 8 8 6 2 1 45 1 2 2 2 1 1 2 2 3 1 1 5 13 1 8 2 2 4 4 5 2 1 7 2 1 1 2 3 1 2 1 2 2 1 1 2 1 1 3 1 5 2 1 2
1 1 5 2 1 5 3 1 2 1 1 2 2 2 3 3 1 4 7 4 2 1 3 20 2 2 9 1 1 3 3 1 2 1 2 2 5 5 3 2 11 2 12 1 2 1 6 1 1 5 1 2 2 3 1 3 1 3 3 2 2 18 1 2 3 1 2 2 5 7 5 2 10 1 1 3 2 2 2 2 5 2 5 4 3 2 1 8 18 1 3 2 1 2 21 1 2 1 3 1 3 1 4 3 4 10 1 1 2 2 2 2 9 1 3 1 13 5 153 1 3 2 1 2 3 3 4 1 24 6 1 30 2 2 2 3 45 2 1 3 1 1 3 6 1 2 3 1 49 3 5 4 2 11 5 7 1 14 5 2 2 1 1 2 1 1 1 2 1 5 2 1 1 10 11 2 2 3 9 3 1 3 5 5 2 62 7 2 4 2 2 1 4 3 1 5 1 1 1 1
1 9 3 1 3 39 1 2 1 1 1 1 2 3 8 2 1 4 1 4 6 1 3 67 2 15 6 1 13 6 1 2 1 1 4 2 17 2 1 1 8 2 1 3 3 3 45 1 1 22 6 2 2 2 10 1 1 4 25 2 1 1 1 2 2 1 3 1 3 16 1 3 3 1 1 12 1 6 3 5 1 2 1 1 26 1 4 2 3 2 4 1 14 8 1 4 2 2 5 1 14 2 1 1 4 2 1 2 3 23 18 4 2 2 3 3 2 2 2 1 8 1 5 10 1 4 5 1 2 8 2 1 5 2 17 1 3 2 1 1 1 2 9 1 2 2 1 18 103 1 2 4 18 4 8 4 79 7 1 2 2 3 2 1 2 4 1 1 2 1 3 4 1 2 2 1 1 5 9 2 2 2 1 4 17 9 1 2 2 2 8 3 2 4 2 3 1 2 2 2
2 1 3 2 3 1 3 8 2 1 8 5 4 2 2 75 1 1 8 2 1 3 3 8 2 1 2 1 2 1 1 5 4 1 12 2 1 3 1 2 1 2 1 4 2 3 15 4 2 2 2 4 2 23 2 1 3 19 5 2 3 1 1 3 1 8 3 1 1 8 3 2 8 1 1 2 1 2 2 6 2 1 3 1 2 86 1 1 5 1 4 36 5 1 2 2 2 2 3 3 2 2 15 1 3 1 1 1 1 3 2 1 2 1 1 2 1 11 2 14 2 6 3 1 1 2 4 3 3 2 3 1 1 2 4 1 1 3 2 1 3 4 3 3 3 1 18 2 3 7 14 2 3 1 15 48 3 3 1 1 17 3 1 1 6 3 4 381 2 8 2 1 2 1 2 1 1 1 1 2 1 2 1 2 15 1 2 2 1 13 4 2 2 4 12 2 31 1 2 3
1 1 1 1 7 3 5 1 1 4 2 1 14 2 9 5 1 6 3 1 3 6 6 2 1 1 6 1 18 1 5 4 30 2 1 4 2 1 2 2 1 7 1 1 4 3 2 4 1 2 7 9 4 2 2 1 3 1 2 2 1 5 2 3 4 2 1 12 1 2 3 1 5 1 1 1 2 1 2 1 1 2 1 2 1 2 2 2 6 10 2 7 1 1 8 2 1 1 8 5 1 5 1 1 2 7 3 1 1 2 3 1 4 3 5 9 3 2 3 2 3 2 25 3 1 3 5 12 4 3 1 6 2 83 3 2 3 5 1 1 1 2 2 3 7 1 3 1 1 3 2 4 2 3 2 2 2 2 1 1 1 3 1 1 2 15 1 3 4 2 2 22 1 9 46 4 2 9 16 1 3 3 71 2 1 1 1 48 2 2 3 5 1 3 2 1 6 3 1 3
17 4 25 1 2 1 1 3 1 1 1 9 3 3 2 3 14 49 14 2 1 4 3 22 2 1 4 2 1 2 1 4 1 2 2 4 2 2 1 4 31 1 2 5 3 3 1 2 1 1 2 3 1 2 6 1 1 8 2 1 3 8 4 2 5 1 1 1 1 2 7 1 7 2 2 3 32 2 33 1 5 2 2 5 4 1 4 5 1 1 5 5 1 23 2 1 2 1 3 4 2 5 2 2 5 2 64 109 4 9 1 2 1 14 3 7 4 1 2 2 19 23 2 1 1 20 17 1 2 4 1 1 4 4 10 3 1 1 1 3 1 6 1 2 8 1 1 2 2 1 1 2 2 2 3 7 5 3 1 5 2 1 4 1 4 5 4 2 1 2 9 2 1 1 5 7 2 3 2 2 4 2 1 5 1 1 2 2 1 2 2 6 1 1 3 1 1 1 1 3
4 2 23 2 1 1 42 1 14 4 1 1 1 21 2 24 1 1 2 2 1 1 2 26 13 1 14 11 15 3 1 3 1 6 1 3 2 2 6 2 4 13 1 1 1 3 2 1 4 1 1 25 50 4 1 1 1 53 1 2 1 2 8 2 2 1 6 1 3 2 2 2 3 1 2 1 1 1 1 4 8 4 1 2 5 2 1 1 5 4 4 1 16 1 4 1 6 7 3 27 1 3 1 3 5 7 3 8 7 5 1 2 4 2 10 2 19 1 3 1 2 6 1 7 1 1 2 2 6 3 3 2 5 5 2 2 2 9 7 2 2 4 2 2 1 11 6 12 5 4 3 3 1 285 1 2 2 2 2 1 8 2 1 1 2 3 7 2 3 4 2 4 7 1 1 4 2 1 2 2 1 2 8 22 21 2 2 3 19 3 2 6 3 2 4 1 1 5 4 1
1 2 4 29 1 3 1 2 1 1 1 2 2 1 1 1 1 1 3 1 1 9 1 3 5 2 5 2 2 3 1 3 4 2 2 2 2 1 1 15 3 2 2 4 4 3 7 3 2 2 1 6 4 3 3 1 2 1 3 467 1 2 3 21 1 2 2 2 4 3 2 2 1 15 2 1 1 10 3 3 2 11 1 1 1 2 2 3 2 2 15 1 1 3 2 2 1 2 1 4 2 1 1 2 1 1 2 5 1 2 2 5 4 4 3 1 21 2 1 2 26 3 2 2 2 2 5 2 1 7 3 2 2 1 1 1 7 16 1 1 1 7 5 3 24 4 1 14 3 2 74 2 4 2 4 17 2 2 6 1 2 4 1 1 1 1 1 150 9 2 1 2 2 6 1 49 19 3 2 2 4 1 2 1 9 2 8 2 1 82 6 1 7 19 14 1 3 1 1 14
9 13 3 8 4 4 15 3 5 5 1 1 1 2 31 1 1 1 1 2 1 2 1 2 3 5 1 2 4 4 16 3 5 4 2 15 1 4 1 4 1 2 5 1 1 2 1 3 1 4 4 2 1 3 7 1 3 2 34 4 1 1 2 7 10 2 1 1 1 1 7 2 1 1 3 1 2 3 2 4 5 1 1 2 1 2 3 2 1 1 4 2 2 12 4 4 74 1 2 4 2 55 4 8 1 2 6 1 1 1 2 1 1 2 1 7 1 15 2 2 3 5 1 1 2 2 1 3 1 2 4 1 4 2 6 1 2 2 8 3 2 1 31 12 3 1 6 10 1 28 1 2 4 36 3 3 3 4 1 1 2 2 12 2 6 3 2 2 1 2 10 6 3 7 3 2 3 1 2 4 1 1 1 1 3 1 1 2 4 1 3 3 2 2 2 2 1 1 10 1
2 2 1 1 3 1 98 10 2 2 1 3 2 2 2 18 2 1 11 9 1 8 1 1 2 8 2 1 7 3 2 2 2 4 1 1 1 46 4 2 2 2 2 1 1 1 4 1 2 2 3 6 2 3 2 3 1 6 11 1 1 6 1 2 2 3 3 4 1 1 4 2 6 3 3 2 1 4 3 1 8 1 1 2 44 3 2 224 1 2 4 3 1 1 1 4 1 1 4 2 5 78 8 2 1 4 5 3 4 5 2 4 1 2 2 2 1 2 2 3 1 34 20 4 5 1 2 2 1 2 17 3 1 9 2 1 2 1 3 1 15 2 2 4 2 2 5 1 2 10 2 2 2 2 2 5 121 2 3 1 68 2 1 156 4 2 1 3 1 4 2 3 1 10 4 19 1 8 1 2 3 2 1 1 1 26 1 2 1 2 1 3 1 51 10 7 3 2 6 1
9 3 2 2 1 98 3 18 33 3 5 2 8 22 1 4 2 1 1 4 1 1 2 3 11 1 2 1 2 4 1 2 1 1 1 1 1 2 17 8 1 2 1 3 238 1 4 2 2 1 1 4 1 3 1 5 1 4 2 1 2 14 18 1 2 1 1 4 3 2 22 3 1 2 1 1 3 6 4 9 23 2 2 2 3 2 2 1 3 1 2 4 2 2 2 3 2 3 11 2 2 2 8 2 1 1 1 32 2 20 1 8 1 3 38 5 2 5 2 2 1 2 4 4 2 2 2 3 7 26 2 8 4 1 1 11 13 2 3 2 6 3 2 1 1 31 1 22 3 2 1 3 3 2 2 2 2 7 31 3 1 10 1 1 1 1 8 2 2 2 2 10 4 1 13 1 3 1 2 2 2 8 5 1 6 9 7 2 2 4 6 3 1 1 2 2 1 3 1 1
1 8 2 2 7 1 6 2 6 1 1 23 4 8 3 27 3 2 3 1 2 3 1 2 1 1 6 7 3 9 1 1 12 2 1 2 145 1 2 1 89 1 28 3 4 1 11 10 2 47 2 3 1 1 1 2 3 5 11 2 1 2 6 7 3 1 1 8 5 1 1 2 2 8 2 1 1 2 1 2 1 1 1 3 1 1 5 1 2 2 1 20 1 2 1 1 13 5 28 5 1 6 4 1 2 23 7 1 1 1 1 2 1 2 2 2 1 6 7 4 3 2 1 1 1 2 60 1 7 4 2 2 1 2 1 1 1 41 4 1 6 4 2 2 6 3 1 1 1 1 1 2 1 1 9 2 2 1 1 1 1 10 4 2 2 3 1 8 1 2 21 1 1 1 5 3 3 2 2 2 6 1 9 465 1 13 4 2 1 1 2 2 8 2 1 1 1 4 2 3
1 26 6 6 1 3 2 2 14 13 2 13 20 4 8 1 1 2 4 5 1 2 16 3 2 1 1 2 2 11 8 1 1 45 1 2 4 6 1 2 1 2 12 3 1 4 15 3 5 3 3 1 1 4 1 1 1 1 2 1 1 1 1 5 1 9 14 103 2 2 1 2 2 1 1 2 1 2 9 1 1 1 4 3 1 46 4 1 2 3 2 4 1 3 4 13 1 2 1 2 18 2 2 5 2 2 2 86 3 1 4 1 3 2 1 3 1 3 2 48 6 2 3 2 1 3 1 13 9 16 2 90 2 6 1 2 1 11 2 1 17 2 1 15 16 1 4 2 2 3 4 6 4 3 1 1 1 2 3 1 26 2 3 2 2 2 3 18 7 2 3 2 1 2 2 1 2 365 1 1 2 1 8 1 1 5 6 2 4 2 3 2 9 3 8 3 2 2 1 3
6 7 2 2 2 22 1 2 14 1 2 2 2 15 1 4 19 2 4 2 1 2 1 3 2 1 1 5 1 12 1 2 17 1 1 3 3 1 10 3 46 2 5 1 2 1 1 2 2 1 5 2 2 1 3 334 1 1 1 5 1 2 1 1 8 2 3 7 1 102 1 6 1 11 1 1 1 1 2 1 1 12 2 5 4 17 3 4 2 5 4 2 2 2 1 2 1 3 45 1 5 4 2 19 3 4 2 1 2 1 2 2 1 3 1 299 2 1 1 3 25 10 4 4 3 1 1 1 1 2 4 2 35 3 7 2 1 3 5 1 4 2 3 2 2 1 2 1 1 1 1 4 2 2 1 3 1 87 3 1 2 1 1 1 4 5 1 2 1 3 2 1 1 3 5 2 2 2 4 1 2 1 1 1 1 5 7 1 1 1 1 1 4 305 12 14 1 1 3 17
1 1 5 2 2 5 2 1 1 1 15 2 2 1 1 5 9 1 2 1 2 3 5 4 8 1 4 3 1 2 2 4 1 2 1 2 1 1 2 4 3 1 3 93 2 1 48 2 1 24 2 4 1 2 17 1 3 2 6 3 1 19 4 2 1 42 5 4 2 3 1 5 1 2 2 13 1 2 5 2 4 3 2 14 1 5 7 1 2 2 1 2 1 2 1 4 1 1 1 3 2 1 1 3 3 3 2 1 2 2 2 9 1 1 2 1 6 1 1 2 107 25 2 1 1 1 1 2 3 9 3 2 2 2 2 1 57 4 2 4 2 2 1 3 2 1 1 1 1 6 2 95 2 4 1 1 1 1 1 1 2 39 2 324 2 5 1 2 3 1 2 1 3 2 2 1 7 2 2 9 6 14 2 2 6 1 12 1 5 1 4 2 1 1 3 2 3 134 2 3
2 1 2 1 3 1 1 2 1 2 2 2 1 5 1 1 1 1 2 3 2 2 9 2 3 20 6 1 1 3 10 2 3 3 2 8 2 2 1 4 1 1 2 3 3 1 17 1 1 1 1 1 7 2 5 5 1 1 3 2 1 222 8 2 3 1 2 3 1 5 14 2 54 1 1 1 13 5 1 2 2 8 11 2 1 5 2 3 9 2 3 1 1 1 2 3 1 1 2 1 2 1 1 4 32 1 7 1 10 1 2 2 17 1 2 2 2 17 2 1 1 1 2 1 2 5 2 10 1 6 2 18 2 1 1 6 1 3 2 6 1 3 4 3 1 4 1 3 1 1 17 3 1 2 2 1 1 27 3 3 11 3 2 3 1 2 2 1 1 2 2 4 10 1 1 3 1 3 1 3 1 1 4 1 2 1 2 1 1 2 1 1 1 1 1 1 4 5 3 10
50 3 13 4 3 3 18 11 9 1 2 4 1 2 1 1 2 4 7 2 5 3 4 2 2 2 2 28 1 4 35 3 1 1 4 2 3 3 1 13 1 6 5 2 6 1 1 2 3 17 2 1 3 7 217 1 2 3 1 2 2 5 2 2 1 3 1 1 3 2 2 1 1 1 2 113 2 2 2 4 3 3 3 10 5 1 3 3 1 29 1 2 2 1 5 1 24 28 3 1 32 8 10 1 7 4 1 1 2 1 3 1 1 2 1 2 4 12 1 2 2 1 2 6 5 2 22 2 2 1 16 1 4 1 13 4 3 6 75 1 105 2 2 2 1 2 10 5 2 3 3 1 1 3 2 1 2 1 2 6 1 1 1 4 1 7 23 1 1 3 1 4 11 1 2 4 11 1 1 1 1 1 1 2 2 3 3 26 22 1 1 6 2 2 11 3 12 3 1 6
1 2 3 9 28 7 1 6 2 8 1 3 1 1 1 8 2 3 1 2 2 2 2 9 4 2 2 1 1 28 16 2 1 12 1 1 3 2 2 1 1 2 2 3 1 4 1 6 1 1 1 2 13 1 4 2 6 2 1 2 2 10 4 2 2 1 2 28 6 1 2 3 11 9 1 3 5 2 2 2 2 1 2 2 10 1 2 3 2 1 1 2 1 4 1 3 2 1 4 2 2 1 2 3 2 20 1 1 2 1 9 2 6 2 1 2 1 3 4 2 2 3 2 2 1 3 67 2 1 5 2 2 2 1 2 3 2 6 1 1 1 1 4 1 1 3 5 2 1 2 3 2 1 2 3 2 2 2 1 3 2 2 4 1 2 1 7 10 2 2 1 18 2 3 3 1 1 2 1 3 11 2 3 1 1 7 1 3 2 2 3 7 40 9 2 5 1 77 2 2
6 3 5 1 1 11 4 2 2 1 2 1 1 2 4 2 1 1 2 1 19 14 19 2 1 39 1 1 1 4 104 3 8 1 1 3 2 1 1 7 3 2 3 1 1 3 1 10 1 2 6 20 3 1 4 2 3 1 3 2 2 2 1 2 140 4 2 1 1 3 1 1 41 1 4 2 3 2 5 2 4 1 1 1 13 3 2 3 2 2 18 20 2 16 1 7 2 3 2 2 1 3 1 22 1 2 1 6 1 4 8 3 2 36 8 36 2 2 5 3 1 1 1 1 2 1 2 1 1 7 1 2 1 1 1 4 3 2 40 44 2 11 2 4 17 1 1 3 1 4 1 3 4 3 2 5 1 1 2 2 2 3 2 2 4 3 6 1 3 1 9 1 1 1 2 1 1 2 1 1 1 1 2 2 5 1 10 1 2 4 1 1 2 6 2 5 1 4 2 1
1 4 1 30 2 3 1 11 2 1 20 1 3 1 1 1 1 3 1 1 4 2 4 1 2 1 1 2 5 3 1 3 13 3 1 3 1 1 2 2 4 2 2 2 1 1 2 1 1 6 7 1 2 2 1 1 5 2 2 1 1 45 1 1 2 3 1 4 1 2 2 4 14 22 7 1 1 1 3 2 2 1 5 15 43 5 2 4 1 2 1 1 5 1 1 4 3 4 2 1 1 2 2 1 2 1 1 5 2 6 10 2 1 2 1 2 1 2 3 2 2 8 2 1 2 2 2 1 3 1 1 1 2 1 4 2 2 2 2 3 1 26 11 12 2 2 1 1 4 2 11 2 1 4 1 1 3 1 12 7 2 3 2 1 1 2 1 17 2 2 3 4 3 5 62 3 1 1 1 1 1 3 6 5 2 1 1 1 7 1 1 2 1 2 4 2 1 1 7 2
2 6 5 2 7 9 1 1 2 1 2 30 3 1 1 2 1 4 2 2 1 3 1 4 2 19 11 2 4 11 1 2 6 18 10 3 2 1 21 1 3 2 1 66 10 5 2 1 2 1 2 4 1 1 3 5 1 2 5 2 7 1 35 1 1 1 7 1 4 1 2 1 3 4 3 2 2 1 1 1 1 2 1 1 5 14 3 2 2 2 1 1 7 3 4 2 5 2 20 29 2 1 3 22 1 2 1 1 1 2 1 1 10 14 3 3 1 2 1 2 1 1 1 2 2 4 1 1 1 1 1 1 4 1 2 7 2 2 2 7 1 5 1 21 1 3 8 2 5 1 1 2 15 2 1 2 7 9 2 6 43 17 2 6 4 30 2 3 3 1 2 2 2 2 3 4 5 1 2 1 1 1 8 5 47 2 1 1 2 2 1 13 14 1 2 2 2 2 1 2
1 10 10 2 2 6 2 1 3 3 2 2 1 30 3 2 2 1 2 2 2 2 11 48 5 3 2 1 1 1 2 3 1 1 2 2 2 2 3 2 4 6 2 41 1 2 2 2 1 1 6 1 28 4 1 9 1 2 29 7 4 4 10 1 7 5 6 4 2 1 1 1 2 3 2 1 2 1 8 2 5 2 1 2 2 1 1 3 1 6 1 37 2 2 10 3 1 1 2 7 2 4 1 1 18 3 1 1 1 2 3 2 1 10 2 3 11 88 2 5 2 2 3 2 2 8 1 64 1 8 5 2 1 1 2 166 2 2 1 1 2 3 2 1 1 1 2 2 2 2 6 3 1 4 4 5 2 2 9 2 25 24 4 2 2 5 1 2 3 1 6 1 2 2 5 2 8 2 3 2 6 2 7 1 3 11 1 3 2 1 1 2 36 1 2 1 1 3 1 2
1 1 2 3 62 4 3 3 2 1 2 10 2 2 2 1 3 4 1 2 4 17 25 94 1 2 1 1 1 1 2 1 1 1 1 2 3 13 11 2 36 4 2 2 1 2 2 3 1 2 2 4 4 2 2 1 62 1 1 7 1 11 1 4 5 9 1 6 2 1 1 2 21 2 2 2 2 2 1 5 1 1 2 1 6 1 5 2 2 3 1 10 1 17 1 3 3 47 2 33 17 1 2 10 1 1 2 2 36 294 6 1 10 1 1 12 2 5 1 2 1 4 2 2 1 2 1 9 2 3 7 3 1 1 2 4 1 1 4 2 16 8 7 1 5 4 1 2 1 2 2 1 1 31 1 1 3 3 1 2 6 4 1 3 1 1 1 2 2 2 2 3 2 12 2 3 1 2 1 2 2 3 1 2 1 6 1 2 1 2 118 12 1 7 2 2 2 5 322 1
3 3 1 2 3 1 2 2 3 1 2 3 7 2 1 6 1 7 7 1 3 2 2 2 1 7 2 1 5 2 1 4 3 5 3 1 6 8 48 72 1 1 4 1 30 2 2 14 1 2 1 3 1 1 3 1 2 3 1 1 3 2 1 1 2 2 14 183 5 2 1 2 16 1 2 8 1 2 4 2 4 2 1 1 9 9 2 1 2 2 2 6 2 24 2 4 1 1 8 21 1 1 1 1 5 2 1 5 1 1 2 4 2 1 1 2 1 1 4 1 3 1 3 3 1 5 3 1 1 2 2 2 18 1 2 37 4 2 3 1 5 1 4 3 4 3 1 4 2 3 1 3 17 1 4 2 11 1 2 17 29 52 3 1 16 3 1 1 1 8 19 1 1 1 1 2 1 46 2 2 6 2 2 3 2 2 1 2 1 2 1 2 1 2 3 1 7 3 11 8
7 1 2 7 4 5 1 15 2 1 1 17 1 2 36 3 2 1 3 1 1 1 3 6 2 82 6 6 1 2 7 2 4 6 4 11 46 1 2 3 2 1 2 2 2 3 1 2 1 3 1 14 1 1 2 2 2 3 1 1 76 2 51 5 2 1 2 3 1 6 6 14 1 1 3 1 1 1 1 1 1 1 1 3 1 2 1 2 11 3 1 3 3 5 1 2 3 3 2 93 1 1 2 8 3 1 2 13 1 9 1 6 2 11 2 3 22 5 1 2 9 2 1 2 2 5 1 2 2 4 1 1 1 94 10 2 1 1 1 1 6 1 1 1 1 1 6 2 4 6 1 1 3 1 1 1 4 8 1 3 1 1 5 1 1 1 4 1 5 1 9 2 1 1 6 17 2 4 2 5 1 38 4 1 1 3 6 1 1 2 3 86 2 1 13 4 1 1 1 4
3 2 2 2 7 16 1 11 16 3 1 7 3 1 1 3 3 2 2 1 1 14 2 2 1 2 5 1 23 2 2 1 4 2 2 4 1 4 1 2 3 3 47 1 16 2 1 3 3 2 34 1 5 2 1 3 4 1 1 3 8 16 1 3 5 3 1 3 2 2 3 2 2 6 2 20 2 1 1 13 10 2 2 1 5 3 1 2 3 1 37 2 2 4 1 10 4 3 1 14 2 13 1 4 3 10 11 1 2 1 2 15 1 1 1 9 1 2 2 1 1 2 4 1 4 1 9 4 5 2 5 2 2 3 1 1 1 4 3 1 3 1 3 23 2 11 4 2 2 56 44 2 3 2 3 4 2 1 2 5 1 37 1 5 1 1 6 1 4 4 10 2 3 2 2 1 2 130 6 2 1 2 1 4 3 4 2 4 2 2 2 1 1 3 2 2 3 2 1 1
1 351 3 3 4 2 2 4 1 2 1 1 37 1 1 3 2 1 1 43 1 3 9 86 1 1 9 11 2 1 1 7 1 2 2 1 6 2 7 4 6 4 2 483 1 1 2 1 1 5 3 1 1 1 17 1 2 2 1 1 43 5 1 4 2 1 3 248 2 2 1 2 3 1 1 4 2 1 2 1 2 3 2 12 4 3 1 1 1 1 2 2 1 24 1 11 1 1 2 1 3 1 2 3 1 2 2 1 5 2 1 2 1 14 2 2 4 2 3 1 2 5 5 2 2 1 1 2 1 1 1 1 4 4 2 1 1 1 1 2 9 2 5 1 5 4 2 451 5 7 2 1 1 34 2 2 6 2 2 1 2 24 21 3 6 2 4 3 2 3 3 1 2 2 2 2 2 12 1 1 1 3 2 2 2 7 3 2 4 6 2 8 2 2 1 8 1 1 4 1
2 1 4 1 6 1 4 1 3 5 1 3 1 2 2 4 1 1 2 2 4 24 3 3 4 1 9 2 3 1 24 4 2 1 8 1 1 1 9 2 1 1 8 7 1 3 2 1 1 1 2 1 3 5 2 1 2 2 142 1 1 5 2 3 2 3 1 1 1 17 13 1 4 3 5 1 3 1 5 6 2 6 4 1 1 4 1 2 2 2 2 1 2 2 1 7 1 1 1 2 3 8 174 2 1 2 4 2 3 1 4 2 3 3 3 2 4 2 3 1 2 1 3 2 3 4 3 2 1 1 7 10 1 3 1 2 1 2 1 3 1 5 1 2 2 1 6 1 3 2 2 11 4 2 1 5 3 79 3 3 264 2 1 1 1 1 1 1 5 1 2 3 1 1 4 3 2 1 4 2 2 1 2 1 4 7 1 2 5 2 1 1 1 2 7 15 2 1 3 1
1 8 6 3 1 2 8 1 4 1 1 2 2 5 20 1 1 135 1 1 2 2 1 1 6 1 29 6 2 2 1 2 1 2 3 1 3 1 1 4 4 1 2 5 1 2 2 2 1 3 1 2 7 1 1 1 6 2 1 4 2 2 1 2 3 2 1 2 2 2 6 1 2 1 2 1 2 10 2 1 1 14 15 1 1 3 10 2 5 1 2 1 2 1 1 2 1 1 1 1 1 2 4 2 3 3 1 4 2 2 2 2 1 16 5 4 1 11 4 1 5 1 2 1 9 2 18 5 15 1 1 46 1 44 2 2 3 1 1 2 1 1 2 2 2 1 4 2 7 1 6 3 2 1 10 1 2 3 179 1 1 1 2 2 2 8 2 6 5 2 6 1 6 1 39 2 1 1 3 4 4 2 2 1 1 3 17 2 6 7 4 1 1 1 5 6 1 9 1 1
9 1 1 2 4 1 4 1 6 3 1 3 5 2 2 13 1 10 5 1 3 1 2 5 6 1 5 10 1 2 2 1 18 1 1 2 7 2 91 13 1 3 1 1 1 2 2 2 1 2 1 2 1 3 1 1 2 3 1 5 6 1 1 13 2 2 17 1 5 1 25 1 2 2 7 2 2 3 5 1 3 1 2 11 3 2 1 1 40 31 1 2 1 2 6 1 4 2 2 3 6 5 1 10 3 7 1 3 2 2 1 2 1 1 5 2 3 3 9 1 2 5 2 2 5 3 4 2 2 1 4 1 2 1 6 3 1 11 111 1 3 2 1 1 3 1 6 1 2 3 2 1 2 78 10 2 1 1 1 7 28 1 51 1 2 18 4 1 2 1 3 1 5 6 8 3 5 2 2 1 8 50 20 2 4 1 2 1 1 1 2 1 7 3 2 2 3 2 1 12
1 2 4 35 1 1 1 14 1 1 2 2 4 1 1 15 5 6 1 4 2 2 2 1 1 1 1 11 4 47 2 4 2 3 1 5 1 2 1 1 1 1 7 33 2 5 129 17 1 3 3 3 5 1 2 1 1 2 21 8 2 9 5 1 9 1 3 5 2 9 4 1 3 1 1 1 2 1 1 1 2 1 6 3 5 2 2 49 2 2 1 1 2 1 2 2 1 6 3 1 1 2 1 3 3 3 9 1 2 4 15 2 1 2 4 2 5 1 2 2 1 2 6 23 2 24 2 1 3 2 2 3 2 3 3 1 12 1 5 2 1 1 2 2 1 2 1 2 3 1 1 17 2 3 4 1 1 4 1 2 1 3 5 1 2 2 1 2 1 2 1 3 2 3 8 10 1 7 2 2 14 1 1 8 3 2 5 2 9 1 3 6 1 2 1 2 1 1 5 1
1 1 22 2 1 1 1 5 2 2 1 2 15 5 2 4 2 1 2 1 3 11 2 29 1 4 2 3 3 2 4 37 40 20 1 3 2 2 2 2 7 2 7 1 1 24 2 1 24 36 2 2 4 1 2 4 6 4 2 3 1 2 6 2 2 1 2 4 1 9 1 3 2 1 1 2 1 3 48 1 3 1 1 21 1 1 2 2 1 84 2 1 2 10 9 1 59 1 1 3 1 3 1 9 3 1 16 4 11 2 2 2 1 1 2 7 11 1 4 4 7 1 12 2 5 1 7 2 4 39 1 2 1 4 113 1 2 2 2 2 3 40 1 1 1 2 2 1 1 2 1 2 2 1 6 6 2 2 14 4 14 2 9 3 5 1 2 354 10 1 2 4 2 7 1 4 2 1 4 3 2 1 2 1 4 1 3 7 8 1 4 1 2 1 18 10 5 4 1 2
2 3 2 8 4 1 1 3 5 2 2 1 1 1 1 2 1 1 4 45 2 2 1 7 1 4 1 2 1 2 2 2 1 2 3 2 4 1 4 2 1 2 4 1 2 1 2 1 1 1 4 3 1 10 1 1 4 2 7 1 26 2 2 1 5 2 3 1 2 1 4 1 7 2 2 7 5 2 1 1 3 2 4 2 17 33 1 1 1 17 2 1 1 1 19 2 4 2 2 1 2 1 3 12 8 2 1 1 7 1 2 1 4 7 2 1 20 1 1 1 9 5 3 1 25 4 1 3 2 4 1 1 4 4 2 1 1 9 2 2 2 4 5 62 1 1 11 11 1 1 45 5 5 1 3 3 3 2 1 2 16 3 7 9 1 2 1 2 1 1 1 2 1 2 2 94 2 10 1 1 1 10 1 15 27 1 11 2 3 2 4 2 1 1 1 3 2 2 7 1
1 1 3 5 3 2 2 5 2 5 4 1 2 1 93 2 1 1 1 1 2 1 4 8 2 1 5 2 1 2 4 3 3 1 2 2 4 2 4 4 2 8 4 2 28 2 3 2 3 3 3 3 6 4 1 2 1 3 2 4 7 2 1 7 1 6 1 2 2 5 2 2 1 14 3 1 4 5 4 3 1 2 3 3 5 2 1 3 1 1 3 1 1 6 3 1 1 1 6 1 15 6 2 10 2 19 2 3 2 1 1 2 1 2 2 3 1 1 2 1 323 1 1 5 1 1 2 27 1 2 4 2 1 1 1 1 1 11 1 5 1 4 1 2 3 9 3 1 53 13 3 1 1 1 2 2 1 2 5 1 1 1 2 1 1 3 2 1 1 1 2 2 3 2 5 1 1 1 26 1 15 1 9 1 1 1 2 6 1 1 2 1 3 2 1 13 1 6 1 12
3 1 5 1 7 1 6 3 18 2 2 3 1 1 2 3 2 3 3 6 1 1 1 2 1 2 1 2 6 2 1 1 1 1 1 3 1 3 4 1 2 34 2 2 2 25 1 3 2 4 17 2 2 1 1 14 8 5 1 2 3 1 4 2 1 2 3 2 2 1 2 1 2 2 2 3 4 3 27 1 1 1 2 1 6 2 4 2 2 1 1 167 3 3 1 2 2 18 2 1 1 2 1 19 10 1 5 2 1 2 15 2 5 1 9 5 1 2 10 1 3 2 2 1 4 3 7 8 4 366 5 2 1 3 1 2 1 1 1 4 1 21 1 4 1 5 5 1 2 6 2 2 2 1 2 3 3 2 4 2 2 2 2 2 4 59 1 2 1 3 2 1 3 1 5 1 12 1 1 2 5 3 2 2 1 2 2 3 1 1 2 2 2 8 16 4 2 1 2 3
2 27 3 2 1 1 5 9 4 3 1 1 1 1 5 1 1 3 1 14 3 2 17 5 1 1 3 2 2 34 1 2 1 1 2 2 2 2 1 1 2 3 1 1 2 1 4 2 2 9 7 194 3 2 1 1 3 5 2 4 2 1 1 2 1 1 1 12 3 2 1 1 2 1 2 1 2 3 11 2 2 4 1 5 10 1 2 1 2 4 3 2 2 1 4 2 2 2 1 1 2 2 2 2 1 1 2 1 6 2 21 2 1 3 2 1 2 3 2 4 2 3 1 17 2 2 1 2 9 4 4 4 2 10 1 2 1 2 2 2 7 1 2 2 28 2 5 1 1 7 1 1 2 2 1 1 180 2 5 1 4 1 7 2 3 6 1 1 1 1 1 8 1 10 2 3 3 3 2 1 3 1 1 1 2 1 1 2 1 2 2 1 6 87 2 5 3 3 1 2
1 2 1 1 1 1 4 1 1 1 6 1 1 1 20 2 2 1 51 2 1 11 1 1 1 3 2 3 315 3 1 5 6 2 1 2 1 3 161 5 5 2 1 2 1 3 3 9 46 2 1 9 3 2 17 2 1 1 1 5 4 1 6 4 7 6 14 9 2 11 1 1 1 1 37 1 2 1 2 2 1 1 98 2 2 1 2 2 3 1 15 1 3 19 2 1 16 2 1 1 6 2 4 20 12 1 1 2 6 2 10 2 12 1 1 10 12 1 2 6 1 1 1 1 2 15 2 16 1 1 1 2 11 3 2 1 3 1 1 2 2 2 3 3 3 1 1 6 4 1 1 2 34 1 2 1 14 4 3 2 5 1 3 4 8 2 6 10 8 6 6 1 1 4 2 1 3 2 1 2 1 1 2 5 6 71 2 1 1 1 1 1 1 1 1 3 3 2 8 2
2 2 1 73 2 3 2 1 1 2 2 3 7 1 1 2 2 2 1 4 1 6 1 2 3 2 2 12 1 9 1 6 2 1 1 1 1 2 3 2 4 1 7 3 2 1 1 1 1 1 1 2 1 4 12 52 1 1 2 13 3 2 2 1 1 1 6 48 1 18 6 1 1 3 4 2 13 4 3 1 2 16 2 2 5 3 1 1 2 3 2 1 3 6 4 7 2 5 3 3 2 1 3 3 2 2 2 4 26 3 2 3 7 3 1 2 10 1 6 2 1 1 93 1 2 9 3 1 1 2 1 8 9 1 1 6 1 5 3 2 3 17 2 2 1 5 2 4 10 2 8 8 2 2 3 1 2 15 1 3 5 2 1 2 2 2 2 1 2 1 28 3 5 3 2 1 5 1 4 1 1 2 1 9 3 5 1 2 4 5 3 3 1 1 20 1 5 1 9 2
3 2 1 2 3 2 1 1 5 1 9 3 76 4 1 2 1 1 18 1 3 1 1 3 1 1 10 6 26 1 1 3 2 3 75 10 1 2 3 2 3 1 4 2 2 44 1 2 1 37 3 2 3 3 2 1 4 75 6 3 6 2 1 1 1 3 3 3 1 2 1 2 1 2 1 1 4 6 2 1 2 3 1 1 2 1 2 1 2 8 5 2 4 2 1 2 7 1 6 4 3 39 2 4 12 2 3 11 3 8 1 1 2 1 18 3 1 2 3 4 3 2 1 24 2 5 1 1 2 1 1 2 1 1 8 3 1 2 1 3 2 2 13 2 1 4 11 1 3 1 1 1 5 1 5 2 1 8 2 1 13 2 3 13 2 5 1 1 1 1 1 5 2 3 1 1 1 2 4 5 2 2 1 9 1 4 1 3 2 2 15 1 3 3 2 6 17 2 3 3
1 1 1 1 1 1 3 1 2 10 1 17 12 2 14 3 3 9 7 1 2 1 1 5 1 2 2 1 2 3 2 2 1 1 2 1 124 2 2 2 3 1 33 1 1 2 4 1 1 1 11 1 1 2 2 17 3 1 1 11 3 2 1 1 1 2 1 2 3 5 1 1 2 1 1 4 3 1 16 6 23 1 4 2 2 5 1 1 2 15 2 3 1 1 3 15 2 1 2 1 4 3 2 1 1 1 4 2 7 20 6 1 4 1 2 3 3 32 1 1 6 2 4 88 1 2 4 2 1 2 3 15 12 11 7 1 1 5 1 1 1 3 1 3 2 2 5 3 2 2 2 2 1 3 1 2 2 2 3 2 2 3 7 1 16 1 16 8 4 2 1 3 2 2 11 7 1 3 1 3 1 1 2 3 3 7 4 1 2 2 10 2 1 1 32 1 2 1 1 1
2 2 3 2 9 2 9 1 2 2 3 3 1 10 1 1 5 1 6 1 3 1 1 1 1 1 2 4 3 1 7 2 1 2 1 2 6 3 1 14 1 6 9 2 9 2 2 2 4 3 39 2 6 2 2 2 2 6 2 4 2 5 1 6 1 4 6 2 2 1 7 2 1 2 2 3 26 1 2 3 2 15 2 2 1 2 6 2 2 1 1 1 1 1 2 1 13 7 1 2 1 3 1 1 2 39 4 5 2 1 3 2 1 3 2 1 1 11 1 2 2 3 2 28 26 1 2 2 2 1 2 3 1 8 2 3 2 2 2 1 1 2 1 2 2 5 2 1 1 3 9 6 1 2 13 4 25 1 3 7 1 6 1 8 1 9 3 1 1 3 67 5 36 1 2 2 2 2 4 14 14 2 2 1 1 1 2 2 112 2 1 5 2 2 1 1 1 2 2 1
8 2 2 1 3 3 2 1 5 19 2 1 13 2 2 3 2 7 211 2 3 3 2 1 3 1 2 1 2 4 3 31 6 3 2 20 44 4 2 4 3 2 1 13 1 2 2 2 5 1 3 1 43 2 1 2 2 3 2 14 1 2 35 1 3 5 1 11 1 1 1 5 17 1 1 3 2 2 12 15 6 1 1 1 3 1 1 2 2 1 1 4 3 1 2 2 7 2 2 2 3 5 1 2 2 1 48 3 2 70 1 2 4 2 2 22 1 1 1 1 1 3 2 3 2 4 1 112 3 1 2 2 5 12 4 6 32 2 2 4 1 1 2 2 1 5 1 2 16 2 2 3 1 5 9 1 3 1 6 18 1 1 38 2 7 3 2 11 6 1 1 2 3 1 1 2 2 5 4 5 5 6 5 2 2 2 2 7 2 2 1 1 38 2 2 3 4 1 5 1
1 1 1 7 6 4 1 1 113 2 2 1 3 16 2 55 1 8 1 1 2 8 4 1 2 2 1 10 13 3 2 1 3 4 1 1 2 32 5 5 1 105 1 2 1 5 3 4 1 2 2 1 16 1 6 1 4 3 4 1 8 2 3 4 1 2 2 1 3 13 3 2 2 2 8 1 1 2 5 4 2 8 2 1 1 2 11 3 1 82 7 1 10 4 1 4 14 1 90 2 1 3 1 2 1 2 2 30 2 24 2 2 3 1 3 1 3 2 2 11 8 12 2 4 2 9 5 28 1 3 2 3 4 7 4 3 5 33 11 1 19 3 15 1 2 4 5 82 4 1 29 3 1 1 2 2 14 2 4 4 1 9 1 3 1 2 7 6 12 4 3 1 6 2 3 1 1 1 5 2 2 6 2 7 2 4 2 1 2 2 58 1 2 1 3 2 8 3 28 5
123 2 19 2 15 5 2 1 1 19 6 2 16 1 1 2 2 1 1 2 1 5 3 9 1 1 8 2 1 13 6 4 2 3 2 2 3 7 1 11 2 3 1 2 2 3 6 1 4 2 4 4 1 8 1 1 4 2 7 6 7 1 2 2 2 1 7 61 2 2 2 2 4 2 3 2 2 2 5 5 15 1 2 1 2 1 2 1 15 1 1 1 1 1 3 1 15 5 16 5 4 3 4 3 2 2 1 1 2 8 2 2 1 1 22 2 2 1 4 19 2 2 3 1 5 1 3 4 1 2 3 1 2 1 1 19 12 2 2 5 4 1 1 2 1 3 6 1 2 2 1 1 1 4 1 1 4 2 3 1 2 1 20 2 3 1 1 2 1 2 2 2 2 2 1 2 1 1 1 3 2 5 3 5 4 1 76 3 1 2 1 3 1 1 3 3 2 3 2 4
1 2 2 1 46 1 5 2 1 2 13 2 3 54 33 3 8 4 3 1 2 1 1 1 1 2 1 2 2 30 1 1 3 1 1 46 7 7 3 5 3 3 2 2 4 1 2 2 1 11 1 4 8 1 4 1 4 1 1 2 4 4 2 69 15 5 5 4 3 41 55 1 3 20 1 1 1 1 2 2 4 1 16 17 1 1 1 2 13 5 2 70 5 6 28 2 1 2 3 2 5 2 16 2 5 1 6 1 2 1 5 2 2 2 1 2 1 1 5 2 5 2 2 5 1 3 1 2 5 14 1 5 1 2 27 2 2 39 1 4 1 3 1 1 2 23 8 2 4 2 4 1 1 36 4 2 29 1 2 4 4 3 1 6 1 1 2 6 1 2 1 4 2 1 4 1 3 41 5 2 7 1 2 18 1 6 1 1 1 3 7 1 1 4 2 3 3 1 1 1
2 6 2 2 2 8 1 2 4 1 1 1 2 17 1 5 2 1 1 45 1 3 2 4 1 1 3 3 2 2 16 5 1 12 1 1 2 9 26 1 1 1 3 4 1 1 4 2 2 19 1 2 31 2 2 2 2 1 1 3 4 1 1 1 2 3 1 1 1 2 1 2 4 2 3 2 2 13 4 2 1 2 9 1 1 1 1 6 3 2 2 6 7 1 1 1 2 1 1 2 1 1 9 1 2 4 1 110 36 6 1 2 2 4 12 3 1 2 96 1 1 1 4 3 1 2 1 1 1 2 5 3 2 1 1 3 2 6 2 2 4 1 1 5 1 60 1 1 3 2 1 3 2 1 1 2 9 9 10 1 7 2 1 2 1 3 3 2 1 3 1 1 10 2 58 5 2 2 2 2 2 1 312 2 1 2 25 1 2 1 2 5 1 2 2 1 75 1 1 2
2 2 10 1 2 1 1 2 4 5 1 1 15 1 2 3 1 3 8 1 3 1 1 1 1 4 1 2 3 3 2 3 1 97 1 1 1 15 2 2 2 6 4 3 3 4 1 8 1 2 2 12 4 1 2 3 1 7 3 2 1 1 7 7 50 1 1 2 2 2 3 2 13 1 2 1 1 1 5 3 1 2 4 3 3 3 2 2 6 1 1 1 2 29 2 8 1 2 3 3 2 1 1 1 1 1 1 1 2 1 1 3 2 2 1 2 2 1 1 2 2 45 7 2 2 2 2 2 8 2 1 1 2 1 2 1 1 1 32 1 2 4 2 9 2 1 3 2 1 1 4 49 1 17 2 2 6 10 1 3 3 2 7 5 1 2 2 2 2 2 1 2 7 1 1 5 2 1 1 1 5 2 2 3 6 1 1 1 3 2 11 2 1 1 3 1 2 1 2 2
4 3 4 1 8 3 3 10 3 1 10 5 1 1 2 1 20 3 1 3 1 3 2 1 27 2 4 7 3 20 3 5 2 2 6 2 6 19 2 3 5 1 2 3 1 1 1 2 6 4 1 5 2 3 1 1 1 1 11 43 2 5 2 1 3 11 1 4 1 2 1 1 2 1 8 2 2 1 3 1 3 2 1 1 1 6 7 5 1 1 1 6 3 76 1 3 4 14 1 238 5 11 85 2 2 8 1 1 5 25 2 3 1 1 2 2 4 1 12 2 1 2 4 2 2 2 15 5 2 26 1 3 7 1 15 2 4 2 2 1 1 2 1 17 2 1 1 1 8 1 1 2 2 1 1 2 2 1 3 5 2 6 6 7 2 1 1 1 5 3 17 1 2 2 1 8 3 9 1 3 9 1 7 2 172 1 18 2 2 1 4 1 1 1 1 3 2 2 4 2
11 6 2 1 1 19 3 1 2 7 1 17 2 4 1 4 1 4 1 2 2 3 5 1 2 7 6 1 1 2 2 1 2 2 2 2 2 2 3 2 1 6 2 5 2 28 2 3 4 2 4 1 2 1 1 3 6 2 2 2 2 1 2 1 1 3 1 2 2 1 4 5 1 5 3 1 1 1 4 2 6 2 1 3 7 1 2 4 12 5 1 1 1 1 2 3 2 1 1 3 2 2 2 123 16 4 1 3 5 3 2 2 2 3 1 2 133 1 1 2 4 193 1 1 15 7 6 18 2 1 6 5 2 4 1 3 1 3 6 1 1 1 2 8 2 2 2 3 2 6 3 1 2 2 1 1 4 21 2 1 3 4 2 1 6 5 4 1 7 2 2 3 2 2 3 8 2 2 2 167 2 1 2 2 4 3 4 17 1 2 1 3 12 2 4 1 1 1 23 2
1 2 4 2 2 1 2 1 4 6 1 2 2 2 1 5 4 1 5 6 1 1 1 15 1 3 30 11 3 2 2 2 1 1 1 1 2 3 4 1 1 4 8 2 1 56 8 1 2 2 2 3 1 2 3 1 2 53 2 5 5 2 3 2 2 4 6 1 7 1 23 2 3 1 2 2 1 1 2 2 1 3 2 2 22 1 19 2 1 2 20 1 1 6 5 1 5 7 9 4 2 2 1 6 3 1 1 1 7 1 7 1 1 1 11 1 1 1 2 11 2 9 2 11 2 1 4 1 2 7 6 2 5 1 3 9 12 1 1 20 1 2 7 8 5 1 2 1 21 2 9 1 2 2 1 27 3 27 26 2 1 3 2 2 5 1 1 8 1 1 1 1 2 1 1 1 1 52 50 5 3 3 1 1 1 1 1 2 3 2 3 2 4 1 2 17 1 34 2 4
6 1 1 2 2 1 2 12 1 112 1 2 19 1 9 1 2 2 1 4 2 3 1 1 1 4 4 1 1 2 11 2 5 1 1 3 29 1 18 4 44 1 2 1 2 7 3 4 10 1 2 224 2 7 1 3 1 2 2 1 1 1 2 1 3 2 3 1 1 11 2 2 4 1 17 3 2 1 3 2 2 10 9 3 3 19 19 1 4 12 3 8 1 2 2 1 14 1 4 7 2 2 8 4 1 1 2 4 36 19 2 1 4 12 1 31 3 3 11 3 27 2 2 5 2 4 2 1 2 3 1 2 4 2 5 2 4 1 1 1 2 22 3 1 2 2 3 1 1 1 1 2 1 1 39 4 5 3 2 2 14 2 1 2 1 1 2 1 3 1 46 1 2 2 2 2 4 2 1 16 1 1 5 3 1 1 2 7 4 1 112 4 1 4 2 1 1 3 2 2
2 1 2 1 2 4 2 5 3 11 2 1 1 3 2 1 1 2 3 5 1 2 1 14 3 1 5 85 5 2 9 2 3 1 32 1 2 2 4 4 2 4 1 1 2 11 1 9 13 19 3 3 1 1 2 3 2 2 3 1 2 47 1 15 9 3 1 1 3 12 2 2 1 2 1 2 7 6 3 2 3 1 4 3 1 1 1 2 11 1 1 2 2 1 1 28 2 2 2 2 1 1 3 7 6 13 1 10 1 2 1 5 2 2 15 8 2 6 1 263 1 1 1 1 5 2 5 2 1 2 2 12 1 82 3 7 1 33 1 3 3 2 19 1 1 2 1 3 1 3 4 1 1 2 2 4 1 6 1 1 6 10 3 2 2 12 2 1 6 2 11 1 2 2 1 7 1 1 2 1 116 27 1 1 5 2 2 2 2 2 5 8 6 9 1 4 1 2 1 1
15 10 2 24 1 30 1 1 1 1 3 4 1 1 9 1 18 1 17 4 1 3 3 1 13 4 3 2 1 3 1 1 2 1 3 3 11 1 12 5 1 1 3 2 3 2 25 2 2 1 4 1 56 1 57 1 2 4 1 4 14 1 2 2 2 7 1 1 12 1 6 1 4 1 2 1 3 1 12 3 2 2 2 12 2 2 14 1 2 1 1 1 16 1 1 9 2 1 2 1 1 2 9 1 4 1 2 6 1 2 2 13 1 1 2 4 3 2 1 3 3 10 1 1 1 1 2 40 1 4 1 1 5 3 7 3 1 3 16 34 5 6 20 10 2 43 1 1 3 12 2 1 3 3 2 1 1 1 1 2 3 1 6 2 4 5 22 2 3 3 1 2 1 2 5 2 1 1 3 2 5 4 3 3 1 1 2 3 3 7 1 2 1 2 7 6 4 1 5 4
