200
103 367 310 235 148 205 244 452 297 332 346 419 186 312 269 355 495 263 226 455 451 264 462 311 127 496 398 154 264 417 212 361 356 414 374 313 317 166 399 468 368 481 393 456 286 420 323 246 457 469 365 186 402 436 485 440 319 181 308 217 111 273 339 288 106 460 331 415 235 462 268 324 485 149 427 102 249 390 178 287 341 176 443 453 313 204 378 229 186 490 194 155 492 349 289 394 340 250 160 309 466 268 271 379 102 154 135 498 440 431 120 114 201 488 250 477 363 153 384 323 423 438 116 217 137 122 323 473 402 498 322 327 173 439 253 431 319 228 253 391 211 405 101 142 375 478 495 336 338 216 125 288 162 371 447 213 322 124 182 476 281 467 120 392 383 133 386 312 416 203 497 113 234 400 475 124 492 268 294 465 489 155 379 468 167 290 241 391 121 165 290 157 432 453 277 357 271 196 119 356
4 2 4 3 2 4 3 5 2 6 4 6 2 3 1 1 2 2 2 4 5 1 1 4 1 2 6 5 5 4 3 1 4 5 3 6 6 3 1 1 5 1 4 3 1 3 5 6 1 1 5 4 2 5 5 3 1 1 6 4 6 1 1 5 3 3 4 4 3 6 1 1 3 3 4 2 6 1 1 4 5 1 5 3 6 4 3 5 6 4 1 1 2 1 2 5 5 5 6 2 4 1 1 5 6 3 3 4 1 2 5 5 2 6 3 6 4 1 1 1 6 4 3 5 5 5 1 2 2 4 5 5 3 6 5 3 5 4 6 5 6 2 3 6 3 3 3 4 1 2 1 3 5 2 4 4 2 1 1 6 6 6 3 6 6 5 4 2 6 3 2 4 3 4 2 1 1 6 6 5 3 4 2 4 4 4 4 3 4 4 6 2 2 2 5 5 6 2 2 3
2 2 3 3 2 3 2 3 2 1 3 22 6 1 1 2 2 10 1 2 1 2 3 6 1 1 1 6 1 2 4 1 1 3 2 1 25 2 2 1 4 13 2 2 2 2 3 1 6 2 2 2 1 6 2 1 4 4 1 194 1 2 1 3 3 3 1 1 2 1 2 2 1 1 1 1 25 1 2 8 1 1 1 1 2 1 23 127 1 4 6 3 2 12 3 4 2 1 1 2 8 2 5 4 1 2 2 49 1 3 22 2 13 3 9 1 2 12 1 18 1 1 1 4 6 2 3 1 4 2 2 1 6 1 1 1 13 4 4 1 4 1 4 1 1 6 4 1 2 1 5 2 3 3 4 4 1 1 2 1 6 1 1 2 2 2 49 1 4 1 13 2 2 10 3 1 5 79 10 1 2 3 2 1 3 3 12 2 1 2 1 4 2 1 2 1 1 1 1 1
3 4 15 8 1 2 1 14 1 9 2 12 5 3 1 2 3 2 2 5 2 2 1 3 2 1 14 36 1 2 2 2 1 3 1 2 1 1 1 5 1 2 2 1 1 2 2 13 3 2 1 6 3 2 4 6 1 3 1 2 1 2 2 3 2 1 6 1 6 1 2 10 3 356 1 1 1 1 44 1 2 1 1 2 1 3 15 5 3 6 2 1 24 2 1 1 1 1 3 5 2 1 3 1 1 2 2 21 3 1 1 1 3 2 1 4 1 1 2 2 2 3 1 1 1 2 1 2 3 6 1 3 30 2 2 1 1 2 3 2 7 1 4 1 2 1 3 1 7 6 1 2 1 2 1 1 2 1 6 2 1 2 5 8 2 1 1 1 6 2 1 10 1 2 4 4 7 2 1 3 4 2 1 1 3 17 1 1 1 1 6 8 2 38 2 5 2 3 2 1
1 2 3 2 4 1 1 1 1 1 2 1 3 4 2 1 1 1 346 1 2 3 1 2 1 1 8 9 2 1 3 2 2 14 2 18 16 1 2 6 2 1 4 5 4 1 5 43 9 2 1 3 12 3 10 3 9 173 2 2 2 2 1 1 13 2 10 24 3 1 4 3 2 2 5 6 3 2 1 3 1 3 4 3 8 1 2 6 2 2 46 1 2 4 4 1 2 4 3 11 1 2 2 1 6 5 1 3 189 1 1 2 2 14 2 2 2 3 2 2 10 2 7 4 1 1 2 2 5 7 1 2 2 5 5 2 2 2 1 1 1 4 2 1 17 2 8 1 6 5 4 1 2 2 1 1 1 1 1 1 14 1 6 2 1 3 1 4 1 1 7 1 2 3 1 1 10 324 3 1 19 2 4 2 6 2 1 1 10 2 1 2 1 6 2 1 2 2 2 1
51 3 2 1 1 2 1 1 2 2 1 1 17 2 1 1 1 23 1 2 6 2 1 3 3 3 1 9 2 2 1 9 7 1 7 2 3 5 27 1 3 1 1 1 1 6 24 2 70 1 3 16 1 4 4 9 1 6 18 1 2 59 18 2 2 2 6 4 5 3 1 1 3 1 1 6 2 1 1 2 2 1 3 4 2 2 12 9 5 1 5 3 1 3 1 41 2 1 3 7 1 33 1 2 5 23 3 4 2 3 3 1 1 1 19 1 3 215 1 1 1 4 6 5 2 1 2 2 2 12 3 1 1 3 2 1 6 1 2 1 2 2 1 6 2 5 1 2 1 2 2 1 82 11 6 1 2 2 1 2 1 7 1 1 1 7 8 3 6 1 5 18 2 3 1 3 2 1 1 9 2 6 1 1 1 3 3 6 1 2 2 13 4 1 18 2 1 1 4 1
2 2 6 6 3 2 5 9 5 2 21 18 4 2 11 1 3 2 1 1 1 1 2 2 2 13 5 1 1 2 1 8 4 5 1 3 1 4 1 1 2 4 2 5 2 214 2 3 2 3 1 2 2 3 1 3 1 1 1 3 2 5 2 1 2 2 3 118 8 2 1 2 5 11 2 2 1 3 2 3 1 18 7 4 1 2 5 1 2 1 14 6 8 2 2 4 2 5 7 2 2 3 1 2 3 1 2 2 2 1 3 3 2 1 1 2 2 3 2 23 4 2 8 1 2 1 2 36 3 2 2 1 2 2 13 3 2 2 1 17 4 2 1 2 1 5 1 2 1 2 2 2 1 3 4 7 3 2 1 3 7 5 101 3 1 2 1 9 2 1 3 5 1 9 1 1 1 6 5 1 5 2 2 2 4 8 2 1 2 2 1 1 1 8 15 1 4 50 3 6
12 1 1 1 1 2 15 9 1 6 1 1 2 3 2 2 5 2 7 4 2 2 9 3 4 3 6 2 1 7 4 10 2 3 1 7 1 6 7 1 1 1 2 1 2 1 2 1 12 2 11 1 2 2 5 3 6 1 2 22 1 1 5 2 2 1 16 7 2 3 2 6 1 1 1 2 3 1 4 2 2 1 3 1 15 2 1 86 2 2 2 5 1 2 15 1 2 1 1 3 25 1 6 2 3 1 1 1 1 1 3 1 8 2 3 2 2 6 2 1 1 3 6 1 1 1 9 1 1 1 1 1 1 3 4 3 1 3 1 3 2 2 1 1 16 4 1 6 1 1 2 3 1 1 2 1 7 1 1 1 1 1 8 2 2 2 2 3 2 1 1 2 4 2 1 1 2 1 2 1 2 1 2 5 16 2 50 3 1 2 4 2 8 2 1 2 1 3 1 1
2 3 3 1 1 1 5 2 2 5 1 4 89 2 4 3 1 2 1 1 3 1 5 2 2 1 83 2 1 23 1 13 2 3 2 2 4 3 3 39 4 1 1 1 3 2 8 1 4 5 1 4 1 1 8 2 2 13 1 2 1 1 5 24 2 1 1 2 1 5 2 6 2 5 2 9 1 28 2 6 1 1 1 4 1 3 1 10 1 3 16 36 2 3 2 1 1 24 1 1 1 2 1 8 3 15 2 1 3 1 4 14 6 3 2 10 4 2 3 1 1 4 1 1 2 1 2 1 1 4 2 2 1 5 2 16 1 15 1 1 2 1 2 16 1 1 1 1 2 1 2 2 1 1 2 1 1 8 1 7 16 2 2 12 1 1 7 6 1 3 2 1 4 1 1 2 6 1 2 1 3 1 2 2 2 8 8 1 3 2 1 1 2 2 3 2 1 1 6 1
2 4 25 1 3 116 6 24 3 9 2 4 3 1 2 3 2 4 1 1 1 9 1 6 1 2 2 2 1 2 1 6 3 2 3 2 2 2 2 3 13 11 3 1 3 3 1 1 1 5 1 6 3 1 1 2 1 3 2 22 2 17 1 3 1 7 9 1 3 1 1 1 1 3 1 1 3 4 4 2 4 1 3 2 3 2 2 1 2 3 3 2 1 1 6 2 4 1 1 2 1 1 40 15 2 1 2 12 3 4 4 2 1 2 8 1 1 3 2 2 16 1 2 1 6 1 1 2 1 12 1 2 2 1 2 1 1 1 1 2 1 1 1 3 1 2 1 1 309 1 1 11 3 2 3 6 20 5 2 8 2 2 30 1 2 1 4 7 5 2 4 2 2 5 2 4 3 2 2 3 2 6 2 1 1 3 4 5 2 3 1 2 3 1 1 6 1 4 1 2
1 46 5 38 4 2 22 2 2 1 2 1 3 1 11 2 3 1 1 5 2 2 3 1 2 1 12 1 5 1 1 4 5 2 2 1 1 1 1 1 1 1 1 2 2 1 1 1 2 3 2 1 2 24 3 2 1 2 8 2 4 4 2 2 2 1 1 7 5 8 1 4 6 3 1 2 2 6 1 4 2 1 2 5 1 1 2 4 1 1 1 2 2 3 5 1 53 10 1 2 1 2 4 2 1 1 1 1 1 2 3 3 1 4 1 2 2 1 4 2 112 1 8 1 1 3 2 2 1 1 1 4 1 2 171 1 1 8 1 1 1 2 3 3 2 1 2 1 1 3 3 2 2 16 1 2 2 1 1 2 12 2 1 2 2 30 1 15 1 4 52 2 4 1 1 4 3 1 8 10 3 2 2 1 10 2 4 3 2 1 2 3 2 6 6 1 3 3 2 7
2 2 1 1 2 2 3 2 1 1 11 2 1 1 1 1 8 2 2 1 1 1 7 6 6 3 3 16 1 2 1 2 3 1 3 2 1 5 1 2 1 2 1 3 2 3 6 2 2 2 1 2 1 1 1 1 1 1 370 2 3 1 7 1 4 3 76 1 12 2 2 3 4 2 99 3 1 3 1 2 3 2 2 1 1 4 1 1 7 1 2 7 2 2 1 57 1 2 6 2 5 6 3 2 2 2 1 2 1 2 1 5 2 2 2 1 2 1 7 2 1 3 2 1 2 2 9 6 2 3 2 1 1 23 24 1 20 2 2 4 6 1 2 10 1 5 3 2 36 1 19 3 1 2 3 3 14 1 3 1 2 3 3 1 1 1 3 2 2 2 5 1 4 2 2 1 2 1 1 4 1 5 3 4 1 3 4 11 1 8 1 1 2 3 6 1 1 3 2 1
1 1 9 7 3 1 1 1 1 2 7 3 1 1 2 4 1 3 3 5 1 3 3 1 1 6 2 2 1 9 1 2 23 2 1 18 1 2 1 15 44 1 1 2 1 3 1 1 1 2 1 18 4 4 2 2 3 52 1 9 2 3 5 2 3 2 1 12 2 1 2 2 3 2 1 1 1 3 374 2 2 7 2 2 2 2 10 4 5 1 2 5 1 2 1 1 5 2 2 2 1 1 2 2 14 2 1 2 1 4 5 4 1 2 2 1 4 2 3 1 2 4 1 1 2 1 7 2 4 4 14 11 3 2 1 3 2 5 2 2 2 2 2 1 1 2 7 2 1 2 2 18 31 1 27 1 20 32 1 7 3 1 4 1 4 17 1 3 1 1 1 2 5 1 2 29 18 2 2 1 3 3 4 1 1 3 1 1 4 1 1 1 1 14 1 4 4 1 1 5
3 2 7 2 1 1 4 7 2 1 1 2 3 6 5 5 2 4 1 2 11 21 9 41 1 1 1 2 4 2 3 1 3 7 1 3 1 5 2 3 3 3 2 1 9 1 2 14 1 2 1 3 1 1 7 2 5 412 5 12 2 3 1 1 3 1 54 1 2 3 1 4 1 4 2 1 2 1 1 2 7 2 5 2 2 6 2 2 1 1 1 1 1 3 1 2 1 4 2 2 1 1 1 1 2 1 1 8 5 1 1 1 4 2 31 14 3 1 1 3 10 16 1 1 1 1 1 4 2 8 5 16 3 4 1 2 5 2 5 5 3 1 2 2 1 1 163 3 7 1 1 1 1 3 1 2 7 2 1 2 1 6 1 2 2 2 2 257 5 87 6 2 1 3 2 32 1 19 1 5 1 14 1 1 1 3 1 5 2 18 28 4 2 2 3 1 3 2 3 1
2 1 1 2 1 3 2 2 1 10 7 2 2 13 22 3 1 3 2 5 2 2 4 3 1 8 1 3 2 1 1 2 27 1 2 1 1 2 2 2 2 5 2 1 1 18 1 1 1 1 1 12 2 1 59 7 3 1 1 2 2 3 1 23 10 2 7 1 3 2 2 1 2 2 1 1 1 2 2 2 2 1 2 7 1 5 2 1 4 2 1 1 1 3 1 5 7 2 2 2 1 1 19 2 2 1 1 1 1 2 3 1 5 1 8 1 2 1 2 6 1 2 2 8 3 3 5 1 2 1 4 1 1 2 214 1 2 3 1 5 1 1 1 2 36 6 2 460 3 116 3 1 3 2 3 1 2 3 6 1 6 1 1 7 1 2 4 13 1 15 37 1 5 3 1 1 1 1 2 16 1 1 1 1 13 11 5 2 5 44 1 1 19 3 2 2 15 2 1 4
1 1 1 1 5 4 33 4 4 1 8 1 13 5 1 8 2 1 4 4 2 1 2 1 9 1 4 1 1 1 1 1 2 1 1 1 5 2 2 1 2 6 2 3 2 6 1 1 1 1 8 1 2 3 1 2 1 3 3 1 1 2 2 5 1 2 1 2 4 2 4 2 1 2 1 1 4 1 1 2 2 9 2 1 4 2 2 2 6 1 3 2 2 1 1 3 1 1 1 6 6 2 1 2 2 1 3 1 2 2 21 7 2 1 4 3 3 3 3 9 1 4 7 2 2 2 1 19 1 1 1 2 3 4 1 1 2 1 1 13 5 3 2 1 1 2 2 4 2 1 2 36 2 1 10 6 2 12 2 4 2 2 10 70 35 4 2 1 1 1 30 11 2 16 2 1 1 3 2 11 5 2 7 2 4 2 1 1 3 1 1 1 1 8 1 1 9 1 1 3
2 3 3 1 1 3 1 4 133 6 1 8 2 1 1 1 1 2 1 1 2 4 5 1 1 9 2 2 4 9 6 2 3 2 3 2 19 3 8 2 1 1 1 2 3 1 1 4 2 2 2 2 2 13 2 5 2 2 1 1 1 1 100 3 7 30 1 2 2 4 2 23 1 1 1 2 2 4 2 18 2 2 2 41 5 2 5 1 1 99 2 2 2 3 1 4 1 1 1 1 3 2 2 1 2 2 2 2 2 2 1 8 2 1 4 1 2 1 3 3 1 2 5 2 2 2 1 1 5 7 3 3 2 2 4 7 2 10 2 2 2 1 1 1 1 19 3 2 3 4 2 1 1 1 5 4 17 2 1 4 1 3 5 39 1 1 1 2 1 13 4 4 6 3 5 6 4 1 44 1 1 1 4 3 2 1 4 1 46 3 1 3 2 2 2 40 1 2 4 2
1 6 1 11 7 1 5 3 4 9 3 7 2 2 15 2 6 1 1 3 17 1 2 6 1 7 1 107 2 1 6 1 2 28 3 1 1 2 2 8 3 1 2 3 49 2 1 1 11 5 2 2 1 3 3 18 5 3 1 2 2 2 4 6 1 16 2 2 1 1 1 2 3 2 2 1 2 5 3 3 1 2 117 25 1 1 2 1 2 5 1 1 2 1 4 7 4 3 1 2 2 1 1 1 5 4 3 1 7 1 1 1 2 2 1 1 5 10 3 1 1 38 1 1 2 3 2 5 2 2 11 1 4 1 2 3 5 1 1 2 2 6 1 2 1 1 2 2 3 2 5 2 6 2 1 1 2 2 5 1 2 1 4 1 2 1 3 9 1 8 1 1 2 2 1 1 1 3 69 1 1 152 1 5 1 2 1 2 2 1 1 1 5 1 1 2 3 2 2 2
10 1 3 1 1 1 5 129 2 2 1 1 1 8 2 1 1 1 2 1 1 1 2 1 6 3 2 4 2 2 4 18 28 7 1 2 1 3 1 2 8 1 1 2 19 1 14 1 1 1 3 7 2 180 59 8 8 2 3 2 4 2 1 15 2 2 1 2 3 1 2 1 2 9 2 1 46 2 1 20 2 1 1 5 3 5 1 2 1 2 1 1 6 1 1 2 7 2 1 2 2 1 1 8 1 12 4 2 2 1 2 15 3 1 3 2 2 2 1 1 31 2 1 2 3 8 2 5 2 2 2 5 1 2 1 2 9 5 2 22 8 473 1 3 388 3 2 1 7 3 1 5 26 1 1 3 54 8 4 1 2 1 1 2 3 2 7 3 16 1 1 2 5 3 2 4 2 1 1 12 4 17 1 4 2 1 6 3 1 4 1 1 25 1 1 14 2 10 44 2
11 3 2 2 5 2 1 34 2 2 10 1 3 2 2 2 5 1 6 2 1 6 2 2 2 1 1 1 6 1 2 4 3 1 13 1 1 7 17 7 1 1 3 3 2 10 1 5 2 2 2 1 3 1 2 5 1 57 3 1 2 2 4 7 2 2 9 1 6 2 2 5 4 12 2 1 1 3 1 7 3 2 1 8 1 2 3 15 2 4 8 2 2 6 12 2 1 12 3 3 2 2 5 7 1 2 1 2 1 3 12 3 4 2 6 2 3 1 1 5 2 3 4 1 2 4 2 3 118 4 1 1 412 2 1 1 2 4 2 21 2 1 2 33 1 1 1 1 14 2 2 1 1 10 2 1 6 2 2 1 1 1 29 1 1 1 2 5 16 2 1 1 2 1 1 4 5 2 7 1 3 3 1 2 4 11 2 74 2 2 45 5 2 28 3 2 1 11 1 1
3 135 1 3 440 8 6 7 1 266 10 2 1 2 1 77 5 1 10 1 1 2 5 9 12 2 1 1 2 2 7 3 3 3 1 9 1 1 2 3 24 6 3 7 1 1 2 16 1 47 10 2 2 1 2 3 9 2 10 3 5 1 18 2 1 1 3 2 3 1 1 1 1 1 15 4 1 4 3 14 2 1 2 1 3 13 2 2 1 5 11 3 2 17 1 2 1 3 2 3 11 18 3 3 1 1 6 1 2 12 1 1 1 2 1 1 2 13 2 2 1 6 3 1 1 2 2 5 1 6 2 3 1 1 4 1 2 6 1 2 1 1 1 2 2 1 1 1 1 2 15 7 1 1 1 8 1 1 1 1 2 2 2 1 1 1 3 5 20 4 35 1 4 8 1 4 2 2 2 1 17 4 1 98 1 3 1 3 2 4 1 1 2 12 19 4 3 1 12 16
2 3 2 1 3 1 20 2 2 2 3 1 2 1 4 1 1 1 1 2 2 2 8 2 3 3 11 1 7 1 2 7 21 2 1 2 2 2 2 2 2 3 2 3 1 2 1 6 1 8 1 1 6 3 2 2 1 1 2 2 3 1 1 2 1 1 6 2 3 24 1 2 2 6 1 1 4 4 1 2 2 8 2 10 3 2 1 1 1 1 4 17 1 3 1 2 1 2 1 1 9 1 1 2 2 2 1 4 2 1 1 4 1 2 2 1 2 2 3 1 1 1 7 1 5 4 4 1 16 19 2 2 1 1 1 3 3 1 1 1 1 30 3 24 3 1 1 2 1 2 44 7 1 2 1 1 1 2 11 1 8 1 1 58 10 3 37 3 1 1 2 6 2 7 2 1 110 2 3 1 1 3 3 1 2 3 6 1 2 4 64 1 1 12 117 2 3 3 3 1
2 2 1 2 3 13 20 1 2 20 2 2 2 1 5 30 3 5 2 3 15 8 15 2 1 1 9 4 9 2 2 1 1 1 1 26 24 1 1 1 2 2 1 3 1 2 2 3 2 9 3 1 3 1 2 1 86 1 2 2 1 2 1 11 2 2 2 4 2 13 1 9 5 2 1 15 2 1 1 9 2 2 2 5 6 16 1 3 2 4 1 2 1 2 3 1 1 1 3 2 2 7 12 2 2 136 1 5 10 25 54 4 3 1 1 2 15 1 2 2 2 4 4 2 2 1 2 1 12 2 3 4 108 2 1 1 1 2 91 1 1 8 3 2 2 1 4 2 1 2 1 17 1 4 14 6 1 1 29 3 1 2 1 2 8 2 1 1 124 3 14 2 1 1 2 3 5 2 4 2 16 2 1 6 3 5 5 1 2 2 4 3 2 4 6 3 2 2 46 2
2 1 1 1 5 1 4 2 3 2 4 11 2 3 1 2 2 5 1 1 2 3 7 2 2 2 1 2 2 1 1 1 19 17 3 132 1 8 1 4 1 1 1 3 8 1 3 1 1 12 2 1 1 3 2 1 5 1 1 1 2 2 1 2 2 2 6 3 1 2 12 1 2 4 1 2 2 5 1 2 16 7 15 7 6 1 1 10 1 4 9 5 4 4 1 3 2 1 1 3 1 1 1 1 2 2 1 3 3 1 2 2 1 7 1 1 1 1 1 1 2 24 6 2 4 1 1 1 2 2 2 1 4 2 1 8 1 6 1 2 1 7 2 4 17 2 6 3 2 4 3 1 2 7 1 2 1 13 1 1 12 1 2 1 1 2 3 2 3 3 11 1 3 2 2 2 1 2 10 26 4 1 3 5 6 1 2 1 1 5 2 5 2 2 2 3 1 1 1 3
1 7 6 2 1 1 8 3 1 11 3 6 5 51 1 8 1 1 2 2 1 2 1 11 3 1 2 1 1 3 2 1 5 5 15 1 2 1 2 2 9 2 2 6 1 69 2 2 1 4 1 3 2 1 10 12 1 1 6 5 2 10 171 1 2 1 1 11 1 1 8 1 4 2 1 1 1 1 1 5 1 2 2 2 2 7 2 3 11 2 2 56 67 1 3 2 8 5 1 1 104 10 1 6 3 5 2 3 2 12 43 47 4 1 2 2 1 2 3 1 1 60 2 1 1 1 2 23 1 2 1 7 1 4 23 2 2 1 4 21 4 7 125 1 1 2 11 2 2 19 3 1 3 2 2 12 1 1 4 4 8 2 2 2 2 2 5 3 4 2 1 3 4 9 23 5 1 2 3 2 4 85 2 1 1 1 24 1 1 2 1 2 1 14 23 1 2 2 1 1
2 2 2 3 2 2 3 1 2 2 6 4 2 2 16 1 1 2 13 1 1 2 1 2 1 2 4 11 1 3 8 1 1 2 2 1 2 1 2 1 3 1 1 1 1 4 28 2 5 4 3 2 3 4 12 7 7 2 1 1 1 2 1 2 1 10 1 9 1 1 3 1 1 2 4 2 1 4 19 2 1 2 1 2 1 1 2 4 1 1 2 2 2 111 4 1 1 11 1 6 8 5 10 3 3 2 2 2 1 7 3 29 2 2 2 2 2 1 1 1 2 3 2 1 11 1 1 2 2 8 1 1 1 2 2 1 2 3 2 1 1 2 8 2 7 1 2 2 5 3 2 1 3 6 1 254 2 4 3 2 4 1 2 2 3 1 8 1 2 3 1 4 4 1 7 1 6 3 161 11 1 22 2 2 1 2 23 2 7 1 3 17 2 1 1 1 4 3 7 1
2 2 2 1 1 1 82 1 70 1 2 1 2 20 5 10 1 3 1 3 2 11 7 1 2 2 1 2 4 1 2 8 2 1 4 4 2 2 4 2 2 8 1 3 2 3 2 1 4 3 6 3 2 2 8 18 3 2 2 1 2 1 6 1 1 1 1 7 3 1 1 2 4 1 2 8 2 3 2 3 2 3 2 15 3 79 2 5 114 1 1 1 2 2 1 1 2 23 3 2 1 1 30 1 2 1 1 1 1 2 1 6 2 3 25 1 2 2 1 4 3 1 1 2 3 2 2 1 14 2 2 6 1 2 24 3 16 2 1 2 2 4 11 7 1 2 2 1 1 2 5 2 17 2 1 1 2 4 1 117 3 2 31 3 18 2 18 3 6 1 5 2 1 1 14 2 20 1 1 1 1 32 1 8 5 159 3 2 6 2 6 2 2 2 16 1 2 2 17 6
1 2 3 4 2 3 79 3 2 2 2 2 2 2 1 3 2 2 2 1 1 1 1 2 1 1 6 3 1 1 42 1 2 4 1 10 1 1 2 1 2 10 2 4 3 3 1 59 1 2 1 7 1 4 2 3 2 1 2 6 13 3 2 1 2 3 1 5 3 1 1 1 1 6 2 31 1 2 2 2 2 2 1 3 2 1 3 1 1 4 1 3 2 1 2 3 21 33 4 1 1 1 2 4 2 2 2 1 6 1 6 14 2 4 4 1 3 2 1 3 2 2 19 1 1 1 2 1 9 1 2 3 2 3 5 14 2 2 1 1 2 1 3 2 2 1 1 13 1 2 2 2 1 3 2 3 4 2 2 16 2 147 1 2 4 1 2 1 8 1 4 3 2 3 1 2 3 1 15 3 11 2 3 4 12 17 1 7 4 2 1 1 8 1 6 14 1 5 2 22
1 3 2 3 3 3 15 1 3 49 3 1 1 1 1 1 1 1 2 60 2 2 2 5 25 2 2 2 1 2 2 2 9 7 1 2 24 1 3 3 1 3 1 1 50 3 2 2 4 17 4 2 1 1 4 1 1 15 3 3 59 2 3 4 3 3 2 88 61 1 3 1 2 6 9 2 3 2 2 20 30 1 2 1 1 4 1 2 2 42 1 2 11 1 3 7 5 1 11 1 4 1 2 2 1 4 3 1 1 7 1 10 14 4 6 3 7 1 1 14 1 5 2 1 1 7 2 2 3 5 1 2 1 3 1 3 2 1 15 2 3 1 2 2 7 3 1 2 1 6 8 2 2 2 1 1 2 2 2 1 1 14 1 3 1 1 61 1 21 2 2 4 1 1 35 3 2 2 1 1 2 2 1 2 3 1 1 17 2 2 1 15 2 2 1 3 3 4 3 1
4 7 2 2 2 8 1 3 2 1 3 1 19 2 17 1 1 2 2 21 2 2 1 1 2 6 1 2 12 3 1 2 1 1 5 3 2 3 1 2 7 2 2 2 1 34 1 4 2 9 1 1 2 3 1 2 4 4 1 1 1 14 2 1 1 4 7 2 1 3 2 1 2 7 1 1 7 1 1 2 1 3 5 2 56 1 2 4 2 5 3 1 1 6 11 5 6 1 6 2 1 1 3 2 2 1 8 2 3 1 1 2 1 2 2 1 7 1 1 32 2 1 3 41 11 2 32 6 2 2 2 2 1 1 31 1 2 1 5 21 1 6 1 1 2 2 4 1 3 1 3 2 8 2 4 2 2 1 2 1 2 2 2 3 1 1 1 1 11 3 6 2 13 16 1 2 1 1 10 15 3 2 3 1 6 1 1 4 1 1 3 1 5 1 1 2 218 2 6 3
5 1 1 1 8 67 2 2 2 2 1 1 3 9 1 1 29 1 1 6 1 1 2 4 3 3 2 2 2 1 1 2 29 2 427 3 4 3 16 4 1 1 1 1 1 6 1 3 7 5 3 13 1 35 1 4 3 2 17 2 2 2 1 1 2 1 6 3 352 4 5 2 7 1 1 1 1 2 6 3 5 4 3 3 11 10 3 1 2 2 4 1 1 2 2 1 1 1 1 2 143 2 1 2 1 2 1 1 2 3 1 2 2 2 3 2 2 1 1 11 1 13 2 1 2 8 1 28 3 3 1 2 1 3 2 1 1 4 8 1 2 7 140 3 1 7 2 4 2 1 1 1 16 3 1 2 1 1 8 2 3 7 2 1 6 5 5 2 1 8 1 6 2 1 1 7 2 1 2 4 8 1 1 1 57 6 1 1 9 1 2 5 4 2 3 2 1 4 1 10
2 9 1 1 2 4 2 2 2 7 2 7 2 2 2 107 3 3 1 1 1 7 1 2 2 5 3 2 1 89 1 1 1 1 1 1 2 4 1 5 2 6 1 4 4 1 1 2 2 2 2 4 3 2 1 3 1 3 1 6 1 11 2 3 12 1 3 3 1 2 3 1 1 1 1 2 13 2 2 2 2 20 3 208 22 2 21 4 12 1 1 3 60 2 6 1 3 2 2 1 2 4 1 1 2 1 2 1 2 3 5 3 1 3 2 1 6 1 38 2 28 2 1 1 26 1 1 17 16 2 1 3 25 2 1 3 1 2 5 1 4 2 8 1 2 2 2 1 104 1 2 2 2 2 2 25 3 3 7 51 2 22 3 4 1 2 3 7 1 6 1 3 2 2 3 5 1 2 21 3 1 2 2 2 1 2 47 2 3 2 1 2 2 36 1 1 1 2 21 11
1 2 8 4 1 4 2 3 1 4 1 1 1 1 1 7 1 1 1 6 178 5 6 3 6 4 11 5 1 2 1 2 2 1 2 3 1 1 2 1 19 1 2 1 3 16 3 3 1 3 2 4 2 11 7 2 1 4 2 5 15 1 1 8 2 2 12 4 26 4 17 2 2 4 3 4 1 21 1 3 2 3 7 1 1 1 5 2 4 2 3 7 1 1 2 3 5 1 14 2 16 3 2 2 1 5 1 1 2 1 1 3 1 1 1 1 1 4 2 2 5 3 1 3 2 2 1 1 1 2 2 3 1 1 1 30 3 2 1 3 2 3 2 1 313 2 10 3 2 2 1 9 18 1 1 1 3 7 3 2 11 2 47 1 21 5 2 2 3 2 3 2 8 2 2 3 3 4 1 1 7 3 3 3 1 8 1 2 4 2 8 1 1 1 6 1 2 3 15 5
2 1 19 2 8 1 5 3 3 2 3 7 84 1 1 8 1 1 3 2 3 1 2 4 1 13 7 60 3 1 1 1 68 159 1 1 2 10 1 46 2 1 3 4 1 3 1 1 2 4 2 2 1 10 1 8 2 31 10 1 1 2 9 1 3 3 2 2 11 3 2 1 6 1 2 2 8 1 1 2 21 1 1 3 1 5 1 2 1 17 1 1 1 6 7 2 1 8 2 1 134 1 2 9 13 2 108 2 1 2 4 7 4 5 3 1 10 6 3 2 1 6 1 1 7 5 2 9 8 1 1 1 5 1 1 1 2 4 1 3 2 2 4 11 8 3 2 2 1 2 1 2 2 1 8 4 3 2 2 1 2 2 2 1 1 13 1 4 26 5 2 3 2 2 2 1 1 1 50 6 56 4 4 2 1 2 1 1 2 5 4 1 1 5 1 2 2 2 2 3
1 9 1 2 1 43 1 2 3 4 2 6 2 1 3 1 1 1 1 1 3 4 1 6 9 2 2 2 4 4 2 2 2 1 2 4 2 2 3 3 2 2 2 2 4 1 3 2 1 7 2 64 2 14 3 1 1 7 2 1 6 1 2 4 2 2 2 1 3 1 1 1 1 2 1 15 1 8 1 2 4 1 1 2 1 4 51 1 1 34 3 2 2 1 8 7 1 2 3 2 1 3 2 3 3 3 2 1 2 1 11 3 6 19 2 2 256 4 1 3 24 3 5 2 1 3 3 1 3 8 24 3 13 1 1 1 4 1 1 3 2 5 3 2 1 3 4 1 2 17 5 2 370 1 5 6 1 1 6 43 1 1 2 3 2 2 1 1 6 13 2 181 2 3 7 2 1 2 2 3 1 9 16 2 1 1 5 2 1 3 1 1 2 4 2 1 26 2 2 35
3 41 1 14 43 1 2 1 1 21 4 1 2 1 2 5 1 1 4 17 2 24 2 1 2 1 3 1 20 9 1 1 2 1 1 3 2 1 2 2 45 2 1 5 1 17 2 3 2 2 1 1 2 17 13 2 2 1 3 3 4 1 1 1 1 3 1 2 1 2 2 2 2 2 1 1 3 2 12 1 1 2 3 2 1 1 2 1 1 4 2 2 1 2 7 3 1 27 4 8 2 1 4 259 2 1 1 2 28 2 6 1 2 1 1 3 1 5 1 1 2 17 3 1 3 8 9 1 2 2 1 3 2 4 3 7 2 3 2 1 2 7 2 7 3 16 2 3 1 89 1 17 2 2 3 6 2 5 2 1 5 1 1 3 86 2 6 12 2 2 2 1 2 1 2 3 6 3 1 11 9 5 1 1 39 33 2 1 4 5 5 1 1 13 1 1 3 1 2 38
2 1 1 2 1 1 9 1 1 2 5 2 4 2 10 14 2 32 2 3 12 3 2 2 1 4 3 3 1 35 2 3 4 1 3 2 2 1 1 3 9 2 2 2 9 3 2 57 4 1 2 1 1 1 1 1 4 3 1 9 4 4 4 14 1 1 1 3 4 1 1 3 2 2 9 1 1 28 1 12 5 2 23 2 1 7 1 2 4 2 3 3 3 2 1 3 2 3 2 4 3 1 2 3 30 2 10 2 11 3 1 2 1 1 2 3 3 1 3 6 1 1 4 1 1 3 1 2 1 11 1 8 7 1 2 2 4 2 1 5 2 1 2 1 2 1 1 4 2 1 3 5 2 3 3 1 2 1 9 2 3 2 6 2 4 4 3 2 2 2 12 16 1 5 2 6 3 1 3 1 2 1 2 19 3 1 4 2 1 23 5 2 2 1 2 9 33 1 1 4
2 2 2 1 8 9 29 18 7 2 5 1 2 1 2 2 4 4 1 1 10 1 2 1 15 3 4 2 1 10 6 2 47 2 1 21 6 2 2 1 1 1 1 9 1 1 2 52 1 2 1 21 1 2 2 5 1 2 2 2 2 2 2 10 2 2 11 1 1 1 3 4 8 1 1 21 1 2 1 7 1 2 3 2 2 3 2 12 1 5 1 2 8 11 4 25 3 3 2 1 3 2 1 1 1 1 2 1 3 3 1 1 1 3 9 6 1 1 5 5 1 8 1 1 12 2 1 3 3 1 1 3 2 2 1 1 4 1 2 1 1 17 1 1 2 9 1 1 2 1 5 1 1 3 1 4 1 20 2 5 1 2 1 2 9 1 1 2 1 3 12 6 1 1 1 2 1 2 7 4 7 2 1 2 1 3 3 6 3 16 1 2 8 5 2 3 1 1 1 1
2 5 1 3 3 1 3 1 2 4 2 3 13 1 1 1 2 1 54 15 1 3 3 12 32 2 2 18 1 3 43 2 2 1 5 1 1 4 4 7 1 1 2 3 1 2 37 19 1 1 11 1 5 3 3 9 3 5 3 3 1 1 1 1 1 10 2 2 8 2 2 1 4 138 1 1 5 2 6 2 13 3 1 20 128 2 2 1 3 1 2 1 1 1 6 2 4 1 4 1 3 72 1 6 2 8 1 2 1 8 22 4 1 1 2 1 1 2 4 6 1 1 2 1 12 1 4 8 2 4 2 8 4 4 2 2 1 3 1 1 2 5 3 2 5 1 2 7 1 6 2 16 1 3 2 4 2 2 2 5 6 2 1 3 9 2 2 1 2 1 4 7 2 2 2 4 20 2 6 1 2 2 1 4 1 2 3 1 1 3 9 3 1 1 1 3 2 1 3 3
2 192 10 1 20 2 6 2 2 1 3 1 11 1 6 7 2 2 15 1 4 7 1 1 1 2 1 10 2 4 15 1 2 3 1 1 1 221 1 5 4 4 2 3 2 3 3 120 2 1 2 1 3 2 1 4 3 5 2 23 2 2 4 3 3 1 2 22 2 1 10 3 2 4 8 1 1 1 2 1 1 2 1 1 7 4 4 9 1 12 1 9 1 13 1 1 1 4 1 2 2 2 1 2 1 2 2 1 1 3 2 2 1 1 3 2 2 2 2 4 2 12 1 6 4 1 2 2 1 1 2 1 4 1 1 4 1 2 3 1 5 1 1 4 1 2 4 2 1 2 2 3 1 1 35 2 1 1 1 2 1 2 1 2 1 3 1 1 1 2 3 53 1 2 1 1 1 1 5 3 2 2 1 1 2 1 5 8 1 2 1 1 2 3 2 4 1 70 2 1
2 5 3 2 173 35 1 2 13 6 13 1 10 1 10 1 5 2 40 7 2 11 3 1 2 1 1 5 1 4 8 2 2 2 3 3 2 19 2 2 3 1 1 1 1 2 5 8 5 1 12 2 1 1 1 16 4 1 1 1 1 2 2 12 2 1 2 3 7 2 3 2 11 1 1 1 1 1 2 4 2 2 7 3 18 8 3 10 1 3 1 1 2 6 2 1 3 6 3 1 4 2 1 4 2 42 2 1 7 1 6 19 1 8 2 1 2 1 1 1 2 7 9 1 10 1 1 2 1 5 5 7 1 3 2 1 4 1 7 2 2 1 2 4 2 4 1 2 2 9 1 2 2 3 2 1 1 2 27 2 6 1 12 1 2 3 2 4 2 2 1 1 2 1 1 80 5 5 1 4 1 2 4 1 9 14 1 2 1 3 225 2 3 1 6 1 1 2 1 3
2 2 1 1 2 3 1 1 8 26 1 3 19 5 2 3 7 12 6 20 1 2 7 9 5 2 2 2 3 4 2 1 1 1 1 1 5 1 4 2 10 2 6 1 1 34 14 4 1 1 2 1 66 7 84 1 9 4 2 4 1 2 3 2 2 2 3 3 2 2 1 1 4 3 1 1 1 1 29 2 2 1 119 2 2 1 1 2 2 25 1 2 3 18 6 1 1 1 2 1 1 3 3 1 4 1 3 1 11 2 1 2 8 8 3 2 1 38 3 17 1 1 3 3 20 2 1 1 1 2 2 2 16 2 7 2 1 6 2 2 2 2 1 1 2 5 2 1 1 2 2 2 1 2 2 6 2 3 2 1 4 3 1 1 3 2 2 1 232 1 6 2 2 1 1 2 7 2 1 3 11 1 1 1 1 26 32 5 2 1 31 1 1 3 1 1 2 2 6 1
1 1 14 1 2 1 78 1 1 2 25 1 21 1 10 1 37 2 1 2 2 4 3 1 3 1 1 7 1 15 2 2 2 3 4 2 1 1 8 2 126 5 4 1 1 8 2 5 2 4 5 1 7 2 1 17 1 1 3 1 2 2 3 2 2 2 2 2 2 17 4 21 20 1 1 7 2 1 7 1 2 2 2 12 5 1 2 1 3 1 3 8 1 11 1 1 1 1 5 1 4 5 1 1 3 15 2 1 9 1 11 6 2 1 1 2 1 1 1 2 3 4 3 7 2 1 2 3 2 1 2 2 4 1 14 1 1 8 1 1 20 7 2 6 1 5 4 2 1 13 38 4 7 2 37 1 2 1 1 1 1 3 2 1 1 3 1 1 1 1 8 4 1 4 9 35 1 1 3 1 11 2 1 4 2 2 2 1 3 2 3 3 5 7 2 1 9 2 2 1
1 2 2 1 3 3 2 3 1 1 1 8 2 1 1 21 4 29 1 6 2 4 3 1 1 1 12 4 3 1 8 3 1 1 2 1 1 2 5 1 2 2 98 1 9 4 2 2 1 3 1 2 1 10 5 2 7 3 2 3 1 29 1 2 1 23 1 2 1 2 1 2 43 13 36 3 2 1 3 1 5 15 7 2 1 1 5 12 1 1 1 2 3 1 3 2 1 17 1 3 2 2 2 1 1 70 45 2 1 2 2 1 7 1 5 10 8 3 4 1 2 2 9 1 1 2 3 1 2 6 6 1 3 8 3 6 4 2 2 2 1 2 73 1 3 1 2 2 2 1 18 5 1 1 3 1 1 1 108 4 7 6 3 3 2 2 2 14 2 2 1 1 1 3 1 1 15 3 10 1 1 2 2 3 12 2 2 6 16 9 25 4 2 2 7 3 2 1 1 1
2 2 1 1 23 2 1 5 6 451 8 95 2 1 1 23 2 1 1 15 2 2 4 4 3 4 2 2 2 2 1 1 2 2 4 1 3 2 2 1 1 1 4 1 1 1 2 8 3 2 3 3 7 3 5 2 1 1 1 48 20 1 8 1 1 2 1 2 3 2 1 12 3 3 1 1 1 1 12 11 2 1 2 3 2 2 4 1 2 1 4 1 1 1 1 7 2 5 10 1 1 2 3 1 2 1 1 2 2 2 1 48 1 3 68 1 2 2 1 7 2 2 3 2 3 1 1 3 1 10 1 1 5 1 1 7 2 2 1 4 2 1 2 2 1 5 1 5 1 4 1 2 6 2 3 2 1 4 6 2 1 4 1 1 1 1 11 1 1 1 8 1 11 1 2 13 2 1 1 5 2 2 2 1 8 9 1 1 3 4 4 1 16 14 3 2 2 1 28 2
2 2 1 1 2 1 2 7 4 3 6 1 3 1 9 1 3 5 1 2 3 2 2 2 2 3 3 1 2 1 1 2 35 1 5 2 3 4 2 5 4 127 1 2 2 3 1 1 2 1 1 8 13 2 1 3 1 3 2 1 2 2 11 2 1 3 2 2 1 1 1 2 3 2 1 1 7 2 2 3 3 6 2 1 1 1 7 2 1 2 3 2 5 1 2 1 7 3 16 3 3 3 19 2 1 1 51 1 108 2 2 2 1 3 2 2 1 1 2 3 2 5 2 2 133 1 2 2 1 2 2 1 1 8 3 1 2 3 1 4 5 2 21 1 1 1 4 2 2 2 3 2 3 1 1 1 1 2 1 1 5 2 2 2 1 2 2 2 2 1 14 16 2 1 1 2 2 8 1 2 2 2 8 3 2 1 1 3 1 4 13 5 1 2 3 1 7 2 2 1
1 2 5 4 1 2 1 2 7 4 3 1 9 1 3 1 2 2 2 3 28 2 1 1 1 3 6 1 2 112 3 4 5 3 1 1 3 4 4 1 12 1 2 1 1 1 20 1 5 3 1 7 2 1 2 2 1 2 3 1 1 1 1 18 3 2 5 1 1 3 1 33 2 2 4 1 2 1 5 1 1 1 4 11 3 4 4 5 1 2 2 6 1 1 1 3 2 1 1 2 1 1 51 3 2 3 1 3 1 2 1 2 1 1 1 2 2 3 2 2 1 20 4 57 12 1 3 1 5 2 1 1 2 2 1 3 6 2 2 3 6 3 3 3 1 2 2 1 1 1 3 5 1 3 12 2 2 2 2 10 7 10 9 2 2 4 5 1 1 2 4 20 2 8 1 8 4 2 1 7 6 1 4 2 1 2 1 2 1 6 2 1 2 1 25 4 1 2 1 6
1 3 4 1 2 1 2 2 2 4 1 1 1 4 2 3 1 14 2 11 7 1 1 6 5 2 1 1 1 6 1 2 6 1 2 1 1 1 2 5 1 1 1 3 1 2 2 1 1 1 2 32 10 2 1 2 1 1 1 3 93 4 4 9 2 8 3 26 3 1 1 7 3 1 2 3 3 5 2 5 1 9 3 2 1 2 1 1 1 3 2 1 8 1 8 2 3 1 3 2 2 2 2 1 3 1 2 3 2 4 16 2 6 14 1 1 1 2 7 2 2 1 1 2 1 1 2 2 1 3 2 1 8 3 3 3 2 4 3 1 2 1 7 2 3 3 1 2 5 1 1 2 1 3 2 1 2 2 2 2 1 6 48 35 2 4 2 3 1 4 2 3 1 5 1 2 5 23 20 2 1 16 3 84 3 7 32 2 5 2 2 3 1 1 4 7 1 3 5 2
3 4 2 2 1 3 3 1 38 3 2 33 3 9 5 2 4 1 1 3 1 1 3 1 1 3 3 5 1 2 3 3 2 1 2 1 9 2 13 1 2 2 2 1 4 3 1 8 2 2 2 2 2 3 6 2 2 5 2 1 3 1 1 1 3 1 1 4 1 2 20 2 2 9 5 1 2 1 2 4 7 18 2 6 1 2 2 1 9 4 1 10 7 7 2 14 2 4 4 1 1 3 3 6 2 1 2 72 3 1 7 9 1 4 2 7 4 1 4 3 2 2 1 16 1 1 106 4 3 2 1 1 2 1 2 1 2 2 2 2 1 2 2 1 1 1 2 86 1 1 6 1 2 2 2 2 2 2 1 5 1 1 3 2 1 2 4 2 1 7 1 2 2 1 1 2 1 3 4 10 5 8 14 1 1 2 49 1 6 2 18 1 1 2 2 2 10 4 7 2
2 15 3 1 1 1 1 1 2 3 1 3 6 2 3 7 6 5 7 2 1 3 5 2 2 2 2 3 160 4 1 2 1 3 3 2 4 1 4 2 1 2 3 4 2 2 24 2 8 2 1 3 1 3 2 3 4 6 8 1 5 1 1 1 2 1 1 8 14 3 29 1 2 1 5 1 1 3 9 2 2 49 2 2 10 1 2 3 1 1 10 3 1 2 2 1 1 5 6 1 1 2 5 1 44 1 15 7 2 1 1 3 1 14 1 1 3 2 3 3 2 4 1 2 5 24 5 6 3 1 6 2 4 5 2 1 3 1 25 2 1 20 2 1 3 2 1 2 1 4 1 3 1 1 1 4 2 4 6 2 4 10 1 53 1 1 1 5 1 1 2 1 1 1 1 1 2 4 1 2 1 9 11 4 2 2 6 2 4 6 1 3 2 1 2 2 2 5 36 2
1 2 2 6 1 23 1 2 2 1 2 11 2 1 8 3 2 3 8 1 35 1 6 4 4 3 3 3 2 2 2 2 1 1 3 14 1 2 2 2 1 6 1 2 2 7 16 2 10 15 9 1 2 2 2 5 1 2 1 2 8 2 2 13 15 1 2 2 2 4 14 1 4 2 2 2 3 3 1 8 1 2 1 8 2 2 2 4 1 1 1 3 2 8 1 3 5 2 1 7 2 1 4 2 15 6 2 2 38 20 2 1 2 2 1 1 1 4 2 40 6 2 1 22 1 2 1 2 6 1 20 1 1 2 6 1 1 2 2 32 4 3 1 1 1 1 2 1 2 62 3 3 32 2 1 2 1 6 2 2 1 1 4 3 1 3 3 13 2 5 2 5 4 1 1 1 2 2 2 3 1 2 1 3 10 1 6 2 2 3 7 9 1 1 30 1 1 1 2 7
4 3 2 1 3 2 2 1 2 2 5 2 1 2 1 1 3 4 5 2 3 1 4 3 1 1 2 5 4 2 1 3 3 2 3 6 1 5 12 2 2 6 3 7 2 2 1 1 12 2 1 1 1 1 3 1 2 3 2 2 3 6 2 2 2 1 3 1 1 5 1 2 1 13 2 1 1 12 5 2 3 5 3 2 33 1 3 4 2 6 1 1 6 1 2 3 1 2 13 1 1 2 25 8 1 1 1 4 1 5 15 2 2 2 28 1 9 1 3 2 19 3 2 1 1 2 1 2 1 2 1 3 5 1 3 1 4 1 2 2 2 5 2 2 13 1 1 2 4 2 1 44 1 1 1 2 3 4 2 1 3 32 1 10 4 4 2 3 2 1 2 1 2 29 1 3 5 2 1 1 2 1 1 6 2 354 2 5 10 1 2 1 2 5 1 2 1 1 1 1
2 2 4 4 1 1 8 4 1 2 1 70 2 2 1 2 8 1 3 5 1 1 3 1 8 4 1 1 2 1 2 1 2 1 2 2 18 1 2 3 1 1 2 5 5 5 2 3 1 1 24 2 7 1 21 5 5 1 2 3 1 4 6 2 1 17 1 4 3 8 2 1 2 2 2 2 5 7 1 2 2 6 1 3 2 2 1 2 4 1 4 1 2 12 3 2 1 2 2 1 1 4 22 1 1 11 3 1 2 3 1 2 2 1 1 4 2 16 4 1 3 2 5 2 3 1 1 1 11 2 3 2 2 1 1 2 2 4 18 1 16 1 1 1 3 1 6 2 3 17 2 2 34 1 1 7 3 1 3 6 1 1 2 2 1 1 3 1 4 2 2 1 2 2 1 2 4 1 5 25 2 1 12 5 11 11 2 1 2 4 2 2 1 2 1 3 10 5 3 2
1 1 1 2 2 3 2 4 2 1 6 1 5 9 4 2 1 2 10 26 7 8 2 3 64 4 28 1 4 1 7 57 1 25 4 5 33 8 2 1 2 2 1 1 1 3 2 3 3 33 1 21 6 3 2 1 86 2 3 2 3 1 1 2 1 10 1 6 43 2 6 2 2 5 1 1 2 2 1 3 2 37 4 3 3 3 5 12 1 5 2 1 2 2 3 1 12 2 39 5 1 2 2 8 1 2 2 5 2 3 3 1 1 24 2 2 4 1 1 403 3 6 2 2 1 3 1 8 5 35 2 2 18 1 7 2 87 3 5 2 2 6 13 2 3 4 1 1 1 3 1 3 1 1 1 5 2 1 2 2 1 4 6 3 1 3 1 1 1 39 2 2 14 6 2 2 1 12 4 4 2 1 2 1 6 8 1 5 10 19 3 4 1 2 2 2 5 1 16 1
3 4 1 2 2 1 2 2 2 3 2 1 3 1 2 3 1 1 6 4 3 6 2 1 9 3 2 2 49 17 4 1 4 15 2 2 5 194 1 1 9 1 2 3 2 2 3 2 3 1 2 7 2 2 2 4 2 2 3 1 2 5 4 2 10 3 14 3 1 4 4 7 2 2 3 1 77 2 2 11 2 28 41 12 1 1 4 1 2 11 2 6 6 2 4 2 1 2 1 2 3 3 2 1 1 37 1 1 4 2 3 2 2 1 1 2 1 5 7 16 4 47 2 1 3 6 2 1 1 7 2 20 1 1 1 26 3 1 4 2 1 7 2 4 3 1 2 1 1 5 1 15 1 2 27 5 3 1 2 4 1 1 1 3 81 2 3 4 1 2 1 3 1 13 7 1 1 1 8 1 156 6 2 5 2 5 1 2 1 3 1 4 9 3 15 1 1 1 1 1
2 1 1 16 2 7 2 2 1 1 4 4 1 2 1 1 3 3 1 4 2 13 2 3 3 1 2 3 40 7 4 1 3 5 2 1 1 1 2 5 7 1 12 1 2 2 2 1 1 1 7 1 2 3 1 2 2 1 28 2 2 2 1 12 2 6 3 2 1 8 3 2 23 2 8 2 1 2 2 5 3 2 1 2 2 2 2 1 2 3 6 1 2 2 2 1 1 2 8 2 2 1 2 2 1 2 1 5 1 7 3 1 2 8 3 7 4 5 2 3 1 5 2 2 3 1 2 2 1 2 2 3 4 1 1 2 2 1 2 1 13 1 18 1 1 5 28 2 3 1 1 2 3 2 2 3 1 5 1 4 2 1 4 2 4 1 1 2 2 1 3 1 38 5 6 1 1 3 3 59 4 1 2 1 30 3 1 2 4 2 1 7 2 1 3 1 1 1 3 1
3 1 1 6 4 2 3 170 3 8 4 15 1 1 1 4 1 1 8 1 14 2 1 2 3 2 1 3 2 1 2 2 4 1 5 1 2 1 2 3 2 4 3 1 2 4 1 1 3 3 1 1 1 2 3 3 3 5 2 1 14 1 1 4 1 5 9 2 11 1 1 2 2 1 1 9 3 2 2 5 1 9 2 1 1 3 2 2 1 2 2 3 15 2 3 2 2 1 3 2 3 2 18 3 2 1 1 2 2 3 2 4 2 2 29 1 6 1 1 2 3 1 6 43 11 154 3 1 1 1 1 2 2 5 5 4 1 1 1 4 2 2 2 3 1 2 1 1 1 2 2 1 4 2 2 1 2 4 3 1 1 1 2 13 6 1 2 3 1 4 16 1 1 2 3 19 31 2 1 2 6 2 6 1 4 1 17 4 9 1 1 2 4 65 1 2 3 1 2 1
4 2 12 3 3 1 2 2 3 4 1 1 3 1 1 8 5 1 16 3 24 52 1 1 9 1 3 11 1 7 2 2 2 1 1 1 2 2 1 3 9 2 1 1 21 13 1 1 3 2 3 2 1 1 2 1 12 22 6 1 1 1 3 4 2 1 29 2 2 2 2 1 1 1 1 4 2 1 1 7 1 1 2 1 1 2 1 2 5 3 1 2 3 1 1 2 2 4 3 2 12 2 2 2 5 10 2 1 2 12 9 4 2 4 1 2 10 2 2 12 1 2 2 1 2 16 9 11 2 1 1 1 2 4 1 4 17 2 2 1 1 4 1 2 7 2 2 1 1 8 1 2 2 8 2 6 2 2 25 2 1 3 1 2 3 3 1 1 7 1 9 1 2 1 2 1 3 4 1 54 17 2 88 9 3 5 1 3 2 3 3 1 2 2 34 3 1 4 2 6
4 1 1 48 6 2 6 3 2 7 2 1 1 1 1 1 2 1 1 2 5 1 44 2 2 7 2 3 16 2 6 5 10 1 2 2 1 2 43 4 1 1 2 1 1 3 3 2 409 1 2 2 6 2 2 4 1 2 1 21 5 1 2 8 2 3 2 12 4 1 1 2 3 3 1 3 4 2 1 2 4 6 66 3 2 1 1 2 1 3 1 4 1 2 5 2 1 2 1 4 1 2 2 1 7 2 5 2 2 8 6 9 2 2 3 13 3 16 8 18 2 1 2 1 3 2 2 1 2 8 2 10 9 1 1 1 2 1 1 2 125 1 1 13 3 3 1 2 2 3 6 1 4 7 1 4 6 9 2 1 1 2 3 4 7 1 1 2 1 24 1 1 2 4 2 5 1 3 3 14 2 15 14 1 29 3 6 1 6 1 1 3 10 1 3 2 1 2 5 1
2 1 2 2 1 2 2 2 14 2 2 23 4 2 1 3 3 2 1 1 2 96 3 1 2 6 9 4 3 3 2 13 2 18 1 3 1 5 26 9 3 1 6 60 5 9 3 2 2 3 1 1 3 2 2 1 7 1 1 1 1 3 6 2 1 2 1 2 16 1 20 4 1 1 1 2 1 1 1 1 2 2 6 4 5 1 2 3 1 1 1 12 1 1 2 1 1 3 10 1 1 17 18 1 2 11 1 1 3 1 11 1 3 1 2 3 1 5 2 11 1 1 70 1 2 1 2 1 1 1 2 1 2 1 2 4 1 2 10 1 5 3 2 1 2 2 4 1 1 1 3 1 2 2 1 4 3 7 8 2 2 2 14 3 1 1 2 2 6 3 2 6 2 2 1 3 6 2 2 3 1 3 3 11 1 3 1 1 1 2 4 8 18 1 3 3 2 1 1 2
4 4 4 2 1 1 1 2 2 4 3 2 2 4 4 3 2 1 2 1 2 4 2 9 2 2 91 4 1 1 1 9 1 1 1 1 1 2 7 2 3 3 2 7 27 1 3 3 5 2 5 2 7 1 3 5 1 2 1 1 2 1 2 2 3 2 1 2 2 2 2 1 1 3 1 2 18 1 2 2 2 1 2 4 1 2 4 4 12 5 1 1 3 66 2 2 3 2 6 8 6 3 5 1 9 2 2 3 1 7 2 11 6 1 2 1 5 2 2 4 1 1 17 1 2 1 4 3 12 1 54 5 1 47 2 2 2 11 4 2 2 1 3 1 2 1 1 1 1 2 3 7 2 10 4 1 2 1 32 2 1 3 1 4 1 5 7 97 3 4 8 2 27 1 3 3 15 300 4 15 2 1 1 2 1 1 2 3 2 3 5 8 2 2 14 3 2 3 2 11
1 8 1 3 1 4 4 1 2 7 1 1 6 2 1 1 6 2 1 3 3 61 1 1 2 1 5 2 7 1 1 1 1 1 1 1 1 1 2 1 3 1 1 1 3 10 1 4 2 11 1 2 2 12 1 1 3 1 1 1 3 8 3 2 1 3 9 2 2 2 2 3 5 3 3 1 2 1 3 1 1 2 1 1 37 1 6 1 2 5 10 2 2 2 3 2 2 11 4 3 1 7 2 2 2 8 2 2 2 4 1 5 2 2 1 4 2 2 2 3 4 5 8 10 2 3 1 1 6 6 2 2 12 1 1 2 2 1 6 2 4 16 1 2 1 1 22 1 1 1 2 7 1 1 1 2 1 2 1 3 2 2 3 2 1 15 1 1 2 5 1 4 1 6 5 6 50 4 8 3 2 1 1 2 2 5 4 2 1 1 3 1 2 3 1 2 4 2 3 2
1 1 3 12 30 2 1 2 1 2 1 1 1 1 1 2 1 2 1 2 2 103 7 2 1 2 13 1 1 1 1 1 4 4 3 10 124 9 1 7 2 12 1 1 1 7 7 1 1 7 4 3 1 18 1 4 3 2 2 39 1 1 1 3 3 1 1 1 2 1 3 16 3 3 5 1 12 2 10 7 4 5 1 1 6 3 350 4 1 1 3 2 2 8 1 2 1 1 13 2 1 1 5 2 3 12 3 1 2 2 3 2 1 2 18 5 36 36 3 2 2 2 4 1 2 2 30 43 2 2 1 2 1 1 7 1 2 16 5 5 3 1 1 2 2 2 1 2 7 1 3 2 2 45 11 8 5 2 3 2 4 1 8 1 18 2 1 1 1 2 3 1 2 1 2 2 1 1 1 1 2 1 1 2 2 14 3 2 2 5 1 2 2 6 54 2 1 2 36 4
1 1 1 1 2 262 1 1 1 25 3 2 1 3 1 2 2 22 13 3 3 2 2 1 2 2 13 1 1 2 6 11 5 2 3 2 1 13 2 4 5 4 3 7 9 5 22 4 2 1 4 1 11 1 8 9 1 2 3 1 16 16 9 4 3 1 2 1 15 2 1 2 4 3 2 30 1 93 4 88 7 2 25 4 1 2 1 3 1 1 1 2 6 1 1 4 2 5 2 11 7 1 1 16 2 2 3 9 1 1 1 2 1 1 1 6 3 1 107 1 1 4 1 21 1 3 2 1 45 2 1 2 4 2 2 11 1 3 1 24 1 4 3 2 3 5 2 1 2 4 2 5 2 4 7 1 2 16 1 3 2 4 1 1 3 1 1 3 2 5 21 2 2 1 7 1 1 4 2 2 2 2 3 1 2 1 1 1 1 4 1 2 1 1 2 2 9 4 2 6
1 4 3 4 1 5 8 1 3 7 7 1 2 1 2 4 1 1 1 2 431 7 1 144 1 2 4 12 1 31 1 1 4 1 1 2 1 1 2 2 1 24 1 1 1 2 4 2 9 1 1 6 1 1 7 3 1 1 1 3 2 1 3 2 1 9 8 2 1 1 2 2 5 1 5 6 1 2 2 4 19 9 1 23 4 1 5 3 3 3 1 2 2 1 3 2 1 2 2 2 4 5 1 7 1 2 1 4 1 6 2 1 2 13 1 7 2 2 1 2 2 8 4 3 2 1 2 4 1 2 2 2 5 4 9 11 1 2 2 1 2 3 1 14 2 3 2 1 7 4 11 1 3 15 1 1 3 4 1 1 1 3 1 2 1 1 1 9 36 1 3 3 4 4 2 14 6 3 2 1 3 1 2 2 2 20 2 1 3 5 2 2 1 1 2 4 4 5 3 5
1 6 1 2 1 3 1 2 8 8 3 2 3 8 4 3 1 1 2 2 3 9 479 5 2 10 1 1 7 5 2 1 2 2 12 2 1 1 2 2 12 7 4 2 3 24 7 2 1 2 1 13 2 1 1 32 1 1 1 33 3 4 1 3 2 3 1 2 2 1 1 4 4 2 2 1 4 4 1 2 2 1 1 5 1 2 2 1 2 1 1 2 2 2 2 1 205 1 2 6 1 32 2 1 2 1 1 4 1 1 8 10 5 2 10 2 1 6 2 5 1 1 2 2 343 2 1 10 1 4 2 1 2 3 2 3 5 2 2 1 2 398 1 2 5 25 1 1 2 1 2 4 1 1 2 4 2 2 1 2 1 142 2 1 7 1 1 1 24 1 43 5 1 1 4 3 3 2 1 1 2 1 1 4 4 1 2 3 1 4 1 1 1 2 1 1 2 1 4 2
1 1 1 2 8 5 4 1 4 13 5 5 2 1 2 2 1 1 2 2 4 2 1 2 1 2 1 15 1 4 2 1 8 1 2 2 4 33 10 14 1 1 7 2 1 1 1 1 2 1 3 1 2 3 1 1 2 3 3 1 20 1 1 2 3 2 4 1 4 2 3 1 3 2 1 2 2 42 2 2 4 11 2 2 1 133 3 2 2 2 1 1 5 1 5 1 3 2 1 2 3 3 6 1 1 2 4 5 2 1 4 7 4 4 1 2 2 2 1 2 10 78 43 4 12 6 1 14 3 2 2 2 1 5 1 81 3 8 2 4 1 1 2 13 3 1 1 2 2 1 3 2 1 5 2 2 2 2 3 3 3 2 2 3 1 4 2 1 1 3 1 5 2 1 3 1 3 100 1 1 1 1 1 1 8 1 2 1 2 1 3 1 3 8 3 10 13 2 1 2
5 1 3 6 8 1 2 5 2 1 14 2 2 3 2 1 2 1 1 4 4 2 2 5 2 1 2 1 1 2 1 5 2 5 1 27 2 49 2 1 1 2 3 2 9 2 1 1 3 1 3 1 1 2 1 24 1 6 7 15 6 2 5 1 3 7 1 3 2 1 1 1 2 4 2 6 4 4 2 3 6 1 2 3 5 1 2 2 9 23 8 1 9 6 1 47 2 1 2 1 1 2 3 3 45 2 2 1 7 9 2 4 1 1 2 1 1 1 1 2 2 4 9 3 2 2 154 30 29 6 1 3 7 5 1 2 2 1 6 1 2 1 22 1 7 1 2 2 2 4 17 2 36 3 1 2 2 1 1 16 1 1 11 3 2 1 3 2 12 3 7 1 2 1 2 3 4 2 1 68 2 4 2 5 2 1 1 14 1 1 2 3 3 2 1 4 2 3 1 7
3 1 1 3 3 1 1 2 1 3 3 1 2 2 1 2 11 2 1 1 3 2 3 1 2 1 2 1 4 12 2 1 1 2 7 1 1 2 2 1 10 2 3 5 1 1 3 3 143 42 3 33 4 12 2 2 1 1 1 2 3 2 3 1 5 2 1 4 3 11 1 1 2 1 3 8 2 2 1 3 2 4 6 54 3 2 1 1 137 3 2 2 2 1 6 1 1 4 2 3 1 5 3 11 13 1 3 7 7 2 25 1 4 3 2 16 1 2 8 2 2 3 1 1 2 3 1 2 1 2 1 5 3 3 3 5 1 8 3 1 1 5 7 2 2 1 3 3 7 8 2 2 20 8 1 4 1 1 1 69 2 2 3 2 1 2 1 2 2 1 3 3 1 2 1 3 24 3 3 4 1 20 15 1 1 5 5 22 2 3 1 7 9 2 1 2 6 2 4 3
2 6 2 10 2 1 1 1 2 1 1 4 4 1 2 2 1 3 2 3 2 2 1 2 2 1 1 1 2 3 2 16 2 11 2 5 1 4 3 2 2 1 3 2 19 1 7 34 2 1 2 3 7 3 8 1 44 3 2 1 1 9 1 1 2 7 2 2 1 1 1 2 2 2 1 1 2 1 3 18 3 3 24 1 1 2 4 4 5 2 2 2 3 6 15 1 3 1 5 38 4 11 1 2 1 5 3 1 1 3 8 1 2 1 1 4 1 1 1 2 2 1 6 9 2 1 2 1 2 1 2 2 1 3 2 7 2 14 4 3 6 34 1 24 2 4 10 2 2 2 1 6 1 2 1 1 2 1 3 1 2 2 1 4 10 5 2 1 2 1 2 1 3 5 10 2 1 2 1 2 2 4 1 3 1 1 15 2 18 5 1 1 19 1 1 5 2 1 2 83
1 1 1 19 6 3 1 8 2 31 1 2 3 13 20 20 3 2 3 1 5 30 1 1 1 1 2 4 12 1 10 181 3 1 3 6 194 1 3 1 2 6 54 2 1 3 13 4 3 2 1 1 1 1 1 4 1 2 1 1 2 1 3 4 18 3 1 2 1 87 8 3 2 2 3 2 18 3 1 4 1 2 3 12 146 4 2 3 2 1 18 1 8 1 13 1 3 1 1 1 2 4 1 3 2 1 88 3 19 4 10 1 1 4 18 4 10 1 2 1 5 4 2 8 3 21 6 4 3 144 11 1 4 7 2 3 1 1 2 2 20 8 2 2 7 4 3 1 1 2 2 1 11 1 1 4 26 1 2 1 2 3 2 2 2 3 3 1 2 2 2 1 1 2 1 1 1 2 3 5 2 1 2 2 6 3 1 3 3 1 1 3 3 3 1 3 4 1 20 1
1 1 2 1 2 2 5 6 4 2 4 4 1 7 2 2 1 1 1 14 1 11 1 1 23 1 1 1 21 3 2 8 2 3 1 4 9 30 4 1 3 1 2 1 1 1 2 2 1 1 3 1 2 2 2 2 3 1 2 10 1 1 1 1 2 10 2 2 4 5 2 1 2 3 1 2 2 5 113 72 2 6 3 1 5 2 1 2 1 2 21 1 3 11 9 5 2 5 3 1 8 2 1 5 2 1 1 1 1 7 2 1 4 3 3 2 2 3 1 1 4 2 9 3 3 3 1 2 1 2 1 1 2 2 1 16 431 2 1 2 1 1 2 7 1 1 2 2 2 2 1 2 1 10 1 1 1 3 2 3 44 1 1 1 2 1 1 2 2 4 5 2 1 7 1 59 2 1 4 2 1 3 8 2 1 3 6 3 2 2 3 10 1 23 1 1 5 1 16 1
74 1 1 21 3 4 4 2 5 16 2 6 27 5 1 3 1 8 3 1 2 103 2 16 3 5 1 1 1 5 1 5 1 3 4 7 2 2 3 1 1 6 1 6 1 1 1 1 3 1 1 2 2 5 1 1 8 1 1 1 11 2 94 8 6 5 1 8 1 4 1 1 6 33 2 3 2 2 1 5 1 2 3 1 2 1 68 1 3 1 1 1 2 1 1 1 1 2 2 1 2 15 1 2 69 1 2 3 11 2 3 1 3 2 1 2 4 4 1 7 1 5 19 2 2 1 2 1 1 2 2 4 5 2 2 2 3 1 4 4 7 1 1 1 2 8 3 1 3 127 3 2 1 2 11 11 21 100 1 4 1 2 3 33 3 3 3 4 1 5 2 12 3 1 1 2 1 2 2 4 1 1 1 2 3 2 1 1 1 297 3 2 13 1 1 1 9 1 2 1
1 4 1 2 1 1 1 2 2 2 5 1 2 3 1 1 2 2 3 4 1 2 9 1 1 26 1 6 2 3 3 2 2 2 2 3 1 1 3 69 3 1 12 2 2 2 2 17 3 1 1 2 3 7 1 22 8 2 3 9 13 1 7 3 7 2 3 4 1 1 1 2 3 11 2 1 14 1 3 6 2 2 3 82 29 2 1 3 1 1 4 4 1 345 3 6 8 6 3 1 2 1 36 1 2 1 5 1 2 156 21 1 1 1 1 2 4 2 2 1 3 10 4 18 48 14 1 4 1 1 1 2 1 2 12 3 1 2 7 7 10 1 1 5 1 31 3 1 1 16 13 2 8 4 1 1 3 1 4 2 1 7 1 1 1 1 1 2 2 2 15 40 2 2 1 1 1 2 1 1 52 3 4 2 1 22 2 1 2 4 2 2 2 1 11 1 2 29 1 2
1 2 1 1 1 5 3 2 1 1 1 3 1 3 1 1 3 2 1 3 12 1 2 8 3 26 3 2 1 7 2 1 26 11 16 2 2 24 2 2 2 1 2 1 1 21 2 6 4 2 2 1 2 3 5 5 1 1 2 1 1 2 11 2 5 1 1 1 2 7 2 1 2 1 1 2 1 2 2 2 2 1 1 1 5 11 1 1 3 1 1 3 9 2 2 1 1 18 1 7 16 1 1 2 451 2 1 2 2 4 1 1 1 1 2 9 5 1 1 1 3 2 3 47 1 1 1 3 2 2 3 1 4 2 1 2 19 1 1 15 3 1 3 5 32 37 3 1 3 1 1 2 4 3 4 1 1 10 2 3 1 1 2 1 1 1 5 1 20 1 6 1 1 11 9 1 1 4 1 3 4 1 1 2 1 5 1 2 10 1 2 3 1 1 2 2 2 1 1 3
1 2 1 2 2 1 1 8 8 1 2 2 9 2 2 2 5 10 2 1 5 1 1 1 3 1 2 1 2 2 21 1 1 1 3 6 2 4 10 1 1 6 2 1 2 1 5 1 1 3 1 2 1 8 1 1 3 8 1 1 5 1 1 1 1 3 4 3 11 3 12 39 37 5 2 2 3 2 29 9 8 1 1 2 4 41 1 2 1 1 7 3 2 4 1 4 2 5 3 9 2 1 19 1 3 85 19 2 2 3 1 7 17 1 2 2 1 2 1 3 4 17 2 3 2 4 1 2 2 1 1 3 1 25 3 11 1 2 2 2 2 1 2 3 1 2 1 1 3 3 4 4 6 1 2 2 2 2 6 1 2 1 1 1 2 2 2 5 2 2 3 2 2 1 2 3 3 1 10 4 2 1 3 7 2 3 7 1 5 4 2 3 1 9 1 2 1 1 6 4
1 5 1 11 3 4 2 2 1 2 1 2 2 2 5 1 1 4 6 3 2 21 1 7 1 1 2 2 1 77 6 3 33 2 2 1 2 1 1 1 2 31 3 4 8 1 3 2 2 6 1 6 1 2 4 2 2 2 2 1 2 7 2 2 3 3 2 1 2 3 9 1 12 16 1 2 15 1 2 13 4 2 2 2 1 2 1 2 2 6 1 111 2 4 2 3 1 1 2 2 2 2 1 2 1 1 2 2 2 14 2 5 3 5 1 1 3 15 2 5 6 1 3 2 2 2 1 1 3 3 1 1 2 2 3 1 1 3 2 1 1 6 5 18 2 2 9 2 4 2 1 4 266 1 2 1 16 83 4 2 2 4 20 1 1 4 5 12 1 4 3 8 1 1 3 2 2 7 1 3 2 2 1 1 1 96 5 27 2 16 1 1 3 1 3 19 2 1 4 2
1 6 2 1 3 2 1 4 2 1 3 7 2 5 2 3 2 1 1 1 23 1 54 2 1 2 1 1 1 4 3 16 1 1 6 2 4 5 9 1 2 1 125 1 2 30 1 2 1 1 15 4 1 4 2 1 2 1 7 1 2 1 1 4 5 3 3 19 2 2 5 1 1 5 4 2 1 5 2 2 2 4 14 1 1 1 19 1 4 1 2 2 100 1 13 1 2 8 1 1 1 1 9 1 1 25 1 16 1 86 2 5 2 1 3 1 2 2 40 2 1 2 3 2 3 2 6 1 6 2 2 9 3 1 2 2 3 33 1 3 1 3 1 2 1 2 1 5 3 5 1 3 4 1 6 1 5 1 3 2 3 3 9 1 14 8 2 2 4 3 1 1 1 1 1 3 2 2 3 2 7 1 6 5 1 4 15 9 1 3 4 1 7 3 3 3 2 2 8 1
3 1 3 7 11 12 1 1 1 2 14 1 7 2 2 3 1 2 2 9 2 2 2 3 1 5 2 11 2 2 1 6 1 30 1 1 1 2 2 2 2 2 1 1 2 1 1 1 3 2 33 3 8 2 5 11 4 1 14 4 1 8 6 12 1 1 2 1 2 3 174 135 1 5 2 1 3 346 2 2 5 2 1 3 1 1 2 2 3 2 3 1 7 2 2 2 3 3 1 2 63 1 2 1 3 4 11 3 1 14 1 1 3 10 3 3 2 3 1 8 1 8 3 6 1 2 5 2 1 1 2 1 1 3 1 7 3 1 3 1 7 1 3 1 1 7 3 2 3 4 1 1 4 1 2 4 4 4 3 12 2 1 2 1 1 4 1 4 2 1 1 2 8 1 2 2 1 3 1 1 1 1 7 2 5 77 1 4 1 2 4 2 2 7 157 2 2 1 31 2
1 1 3 37 1 2 1 4 13 19 1 10 1 20 2 2 319 3 18 1 6 2 4 2 3 1 3 2 4 1 1 2 4 9 2 1 11 1 1 1 2 2 1 2 1 4 2 2 15 2 1 1 5 1 2 5 5 2 4 2 6 2 2 3 4 3 1 3 9 2 6 2 2 1 2 1 1 2 2 1 4 1 1 2 1 2 2 1 1 2 1 1 1 13 1 4 3 2 2 3 3 1 1 1 1 3 1 12 6 1 2 2 1 1 1 1 3 1 5 1 2 3 5 10 13 5 1 4 2 3 1 4 5 2 7 5 1 1 9 1 51 3 10 2 2 14 1 3 4 2 18 2 3 2 30 3 3 1 2 2 2 3 1 3 3 1 4 1 26 4 5 3 8 2 12 6 4 4 1 2 2 1 3 12 1 4 2 3 3 3 23 1 2 3 3 3 9 2 7 3
7 2 1 3 2 4 1 1 6 5 20 22 3 2 1 2 8 25 3 1 9 2 7 1 2 2 2 1 1 3 1 2 4 17 1 37 3 1 2 1 8 15 3 8 2 2 1 1 11 5 2 3 2 8 3 1 1 2 2 29 2 1 2 2 12 39 4 1 2 5 1 1 3 23 4 2 2 1 2 2 2 4 1 2 2 2 4 1 2 3 12 2 2 1 2 2 7 2 2 2 1 1 3 1 11 5 2 9 8 11 20 4 4 2 3 1 1 2 3 2 6 9 2 1 1 3 1 8 10 2 4 3 12 2 1 1 8 4 21 2 1 15 1 5 2 154 1 1 2 1 2 2 1 19 5 4 2 8 1 5 3 1 2 1 1 1 167 3 9 40 2 2 4 7 10 4 2 4 6 2 1 5 3 2 1 1 1 7 1 1 1 2 4 2 1 1 8 2 1 1
3 2 2 5 1 3 2 1 2 1 1 2 1 2 2 2 3 1 2 7 4 128 4 2 4 1 2 2 5 1 6 2 3 5 2 1 25 8 1 1 1 37 2 2 3 2 2 4 4 7 1 2 3 2 1 2 2 3 2 2 2 5 5 1 2 1 1 1 1 1 1 6 13 1 4 1 6 33 2 1 1 50 9 2 1 3 4 1 20 1 2 2 5 2 2 2 1 2 2 2 2 1 1 1 1 1 2 2 2 1 2 1 18 1 3 3 65 2 2 10 5 2 1 14 1 3 2 1 3 1 14 2 2 19 5 21 5 1 5 3 6 1 5 1 1 2 4 5 3 2 3 1 6 7 3 2 1 3 2 3 1 5 3 5 3 10 5 1 3 1 1 2 5 2 61 4 4 3 1 1 5 5 1 3 1 2 175 12 3 1 3 2 2 2 10 1 6 1 2 6
1 1 131 5 1 2 4 1 3 1 1 4 1 1 5 1 5 3 2 4 2 1 3 4 1 1 3 2 2 1 2 1 1 3 3 1 1 1 3 1 5 1 2 1 4 14 8 3 3 1 2 2 5 1 1 10 1 2 3 4 126 1 1 3 3 3 3 1 1 1 3 3 2 2 1 3 4 7 3 3 33 4 2 2 1 10 1 1 1 1 2 8 8 1 2 22 3 1 115 5 1 3 2 2 2 2 3 1 4 1 11 3 2 5 4 1 2 1 2 1 1 1 4 2 11 151 5 2 2 2 3 2 2 1 1 3 1 10 1 24 2 3 5 246 8 1 1 1 2 9 2 7 2 1 3 2 17 1 3 2 3 1 2 4 3 1 5 2 1 2 3 1 1 1 2 6 1 1 6 3 11 2 1 2 1 1 1 2 1 1 3 4 1 1 1 2 67 4 1 1
1 5 3 2 6 2 3 3 3 1 4 1 1 1 1 5 2 1 1 1 22 3 1 1 3 3 1 6 6 1 1 3 1 4 2 1 2 1 5 1 1 1 1 5 1 1 7 2 2 1 1 2 2 13 2 7 1 4 7 5 17 71 2 3 6 1 1 4 37 1 2 2 3 4 10 2 2 3 3 11 15 1 2 18 1 1 7 2 2 3 8 2 1 3 1 1 1 4 4 14 2 1 18 2 5 1 1 2 7 1 3 2 1 1 1 3 4 2 5 1 1 12 1 5 2 3 23 1 1 1 3 1 2 1 2 1 1 4 3 1 4 3 2 6 1 1 2 1 2 1 1 1 2 1 9 2 2 5 2 1 1 2 2 1 2 2 2 5 2 16 2 15 2 3 1 3 1 1 3 1 2 5 1 2 7 3 1 1 3 1 1 5 6 3 2 2 1 1 11 26
1 2 3 1 1 4 3 2 4 2 1 1 1 1 2 1 1 2 1 5 1 1 1 1 4 89 2 1 17 1 15 1 1 9 7 2 2 2 3 1 1 4 4 4 1 5 2 6 1 5 3 1 1 2 3 4 5 3 1 105 1 2 2 107 6 1 11 1 2 1 10 151 4 6 1 1 2 11 18 2 4 2 1 1 1 1 1 3 3 3 10 2 2 1 3 3 4 1 10 2 6 1 3 1 1 6 4 1 2 1 13 16 14 1 3 2 2 1 7 79 35 1 1 3 2 1 1 5 5 2 6 2 3 1 5 3 1 2 2 2 21 3 1 3 1 1 1 1 1 3 16 1 14 19 4 1 3 2 9 2 1 4 23 1 2 1 2 21 1 2 1 3 1 1 2 2 2 16 2 2 12 3 4 2 1 9 8 1 2 2 1 9 5 4 2 3 1 2 1 1
1 2 2 5 1 6 1 1 4 2 3 2 13 6 2 1 3 2 2 1 2 1 2 1 172 16 2 1 22 2 7 13 2 5 11 1 3 3 2 14 1 1 2 1 28 1 2 1 4 3 1 1 1 2 3 2 2 3 6 1 1 1 5 3 8 1 4 1 8 2 4 4 1 1 34 1 42 9 5 1 5 1 1 1 5 2 2 2 2 4 4 2 9 1 6 11 2 1 6 1 1 1 1 3 2 1 1 1 1 3 2 1 2 1 6 2 8 1 6 4 5 2 1 6 1 2 7 6 2 2 3 5 2 1 1 1 1 1 1 1 1 1 2 11 360 19 1 3 5 2 2 12 2 4 1 1 3 2 1 6 2 3 7 1 8 6 1 4 4 5 2 2 1 5 1 1 14 1 2 8 2 2 5 11 1 3 1 1 1 2 2 1 8 1 2 1 26 2 2 2
1 6 2 1 1 4 4 9 5 2 1 2 1 2 27 6 1 4 1 5 4 2 233 5 4 8 3 1 3 1 3 1 3 2 2 3 3 1 1 1 4 1 8 1 2 2 5 1 2 7 1 6 4 2 45 1 5 1 3 6 30 1 3 1 1 11 1 2 3 2 1 4 7 3 1 71 1 8 8 1 3 1 4 4 8 1 3 1 3 2 7 6 6 5 4 2 1 1 1 14 1 3 3 6 10 3 3 3 1 1 2 2 3 3 1 2 3 2 7 32 1 2 1 29 15 2 2 1 2 1 5 7 1 1 2 2 70 1 2 1 1 2 1 1 2 4 1 1 1 1 3 2 3 1 22 5 2 1 7 12 1 1 1 4 2 40 1 3 9 6 1 3 2 2 4 1 1 2 5 1 1 1 2 17 2 2 8 3 2 1 2 1 3 2 10 3 1 1 13 58
1 3 4 1 5 2 2 12 1 7 9 29 11 3 1 1 7 1 1 2 1 2 1 3 55 2 6 3 2 5 2 2 3 2 4 1 22 2 2 3 1 1 4 2 2 6 1 2 3 6 11 3 1 2 9 2 2 3 1 2 3 1 1 1 11 31 2 1 3 2 1 1 6 3 2 3 1 4 2 2 1 1 3 1 4 6 1 4 4 1 14 1 22 2 22 1 5 5 23 1 1 18 1 1 23 1 2 2 1 2 1 2 1 1 1 1 1 5 4 9 94 1 1 2 2 5 2 1 4 3 3 1 1 1 10 15 1 2 1 2 1 1 4 6 2 1 2 1 1 2 2 8 2 1 2 1 1 4 1 1 2 22 12 1 2 1 2 4 3 3 1 5 6 6 1 1 1 2 1 6 10 1 1 1 1 1 3 2 2 1 2 1 1 2 1 1 4 5 4 2
19 4 3 2 1 4 3 3 1 2 1 2 1 1 2 2 1 8 2 1 2 2 4 3 2 3 1 7 1 4 2 1 1 2 2 1 7 1 2 1 2 1 5 1 1 27 1 2 1 2 2 4 1 1 11 6 1 2 2 21 1 5 8 2 3 1 1 2 1 1 4 3 16 2 5 2 4 1 2 3 2 1 4 3 2 1 3 1 1 2 8 1 6 1 2 2 21 1 2 3 2 2 1 1 1 13 2 4 1 1 3 1 1 1 1 117 2 5 9 8 90 1 2 2 9 1 1 6 2 1 1 1 1 1 8 1 3 1 2 21 1 1 5 50 15 10 2 2 3 2 12 6 1 2 15 8 2 2 1 2 20 2 2 52 2 1 2 2 14 1 3 2 4 3 2 1 8 2 2 4 2 1 4 2 6 11 1 4 3 3 4 4 11 2 89 5 2 2 4 1
6 1 1 25 7 1 2 14 2 271 3 2 2 2 4 1 2 2 1 1 88 1 3 5 1 1 1 6 3 2 14 1 1 3 2 5 5 3 8 7 1 2 28 2 1 3 5 2 6 2 2 3 7 1 1 7 9 1 3 2 2 5 3 1 1 2 4 2 1 1 1 9 1 1 2 2 24 10 2 5 3 14 18 7 2 2 2 1 1 4 2 4 5 1 1 2 33 2 2 3 1 6 2 2 2 4 4 5 2 2 1 1 2 1 3 1 9 2 2 35 1 2 1 15 13 1 8 1 1 2 2 1 9 2 7 4 63 2 6 5 1 2 1 2 2 1 6 24 5 3 1 3 1 2 2 1 3 1 4 1 2 2 3 1 4 1 3 6 54 33 12 1 11 2 3 2 8 2 2 2 1 1 2 3 1 5 4 2 1 6 2 1 6 3 1 4 1 2 5 3
19 4 1 22 2 2 10 1 1 1 5 2 16 1 3 2 1 2 11 4 2 27 1 3 1 2 7 1 1 4 103 2 12 3 15 2 5 2 2 2 2 5 2 2 218 6 3 12 2 1 1 1 1 1 1 1 1 1 1 4 4 2 1 326 8 1 8 2 1 2 1 4 1 4 6 2 2 1 2 1 2 29 1 5 3 5 2 8 2 1 1 1 3 1 3 3 10 2 2 4 1 2 53 1 5 175 2 1 1 1 1 3 5 87 3 2 2 1 3 1 12 2 1 5 2 1 1 3 1 1 3 1 1 1 1 11 1 1 26 6 21 1 5 4 11 1 2 3 1 1 8 3 3 4 1 3 1 3 1 2 2 9 2 2 12 3 17 1 2 5 2 1 1 2 12 24 1 1 1 2 2 1 1 1 1 5 2 1 1 1 1 1 2 31 1 1 1 3 1 2
2 1 9 2 3 6 2 1 9 15 2 7 1 1 1 2 1 2 2 5 11 2 1 7 1 1 47 3 2 1 21 2 3 2 2 1 1 3 1 6 1 2 3 1 1 1 1 6 2 2 2 1 7 1 24 1 1 5 1 4 6 2 4 6 1 1 2 2 2 6 2 1 3 20 2 2 6 2 9 3 1 7 2 1 3 1 2 5 1 1 21 1 1 12 2 1 2 4 1 3 40 4 2 6 1 3 2 2 2 4 4 4 29 2 3 1 1 1 5 2 1 2 30 2 2 3 1 1 1 1 5 1 7 2 1 2 2 2 1 8 5 3 2 2 3 5 1 40 2 3 1 1 2 6 1 1 7 15 1 33 8 1 3 2 2 2 5 2 2 2 5 2 5 1 2 3 1 1 1 1 2 8 2 6 1 2 1 2 2 2 1 1 2 4 2 3 1 3 1 1
2 3 2 1 5 3 2 3 1 2 1 2 2 2 1 73 30 5 1 13 48 1 1 2 1 1 8 4 2 3 2 1 2 1 1 3 8 2 2 1 1 1 13 11 2 1 1 7 1 2 1 4 2 1 5 2 2 3 30 2 5 1 1 2 3 3 1 1 2 1 1 2 2 5 32 1 3 2 1 1 1 1 3 5 2 2 4 1 2 1 2 1 27 6 1 4 2 1 25 2 2 1 18 2 2 1 7 1 1 3 1 2 1 8 2 2 2 2 2 2 3 3 24 1 4 3 1 1 2 1 2 2 14 2 3 9 13 1 9 16 4 10 4 2 1 20 1 1 1 3 5 2 2 1 1 1 1 9 5 2 5 5 7 4 5 1 2 19 2 1 1 2 3 1 16 5 2 2 2 3 18 1 3 2 7 1 3 9 1 1 1 1 2 7 1 2 1 3 1 7
5 7 7 1 2 14 1 22 2 2 1 2 1 3 3 5 7 15 1 4 2 7 1 1 2 7 1 1 2 2 3 4 2 4 1 4 2 3 7 7 7 1 4 4 1 6 1 2 11 13 1 1 1 2 2 8 5 1 1 4 5 1 2 3 4 1 5 1 1 1 1 10 2 15 5 3 7 13 1 2 6 6 1 7 2 2 1 10 2 38 1 2 1 1 3 3 2 3 1 2 1 1 2 3 4 3 14 3 21 2 1 2 2 6 2 1 1 2 5 3 39 1 1 3 3 1 1 6 1 1 1 1 457 1 2 1 2 2 16 1 2 1 7 4 1 4 3 1 3 183 8 2 1 4 2 2 1 4 4 1 1 3 2 3 2 2 1 1 1 2 2 1 1 1 1 11 2 2 13 2 1 2 29 2 7 14 2 2 1 20 2 13 2 1 1 4 1 1 2 1
3 9 2 33 2 4 2 3 1 6 3 101 4 1 2 327 4 1 1 1 26 1 1 1 8 26 1 1 1 9 1 3 1 5 1 5 3 1 2 8 2 1 3 14 2 2 4 16 2 5 2 5 27 4 1 4 1 4 1 4 2 2 1 9 1 2 29 2 1 3 6 6 2 2 1 8 2 4 4 2 8 2 2 3 7 1 1 8 2 2 9 2 1 2 2 2 2 10 5 1 9 1 2 6 4 2 1 1 7 1 1 173 2 7 7 2 1 1 3 12 2 2 1 2 5 2 17 1 7 13 6 1 9 1 2 18 2 3 1 6 3 1 2 5 1 1 5 2 1 10 1 1 1 1 2 2 6 3 2 6 12 1 41 2 5 2 1 1 1 6 1 3 4 2 3 4 4 2 2 3 1 1 1 2 13 4 1 1 39 6 2 2 2 21 9 1 1 2 1 3
2 2 2 2 1 2 4 3 5 1 1 2 3 1 1 1 1 1 2 2 4 1 1 1 2 2 2 2 1 3 1 2 2 2 9 1 2 3 3 2 4 7 7 2 1 1 1 5 1 1 27 2 1 7 1 1 3 1 2 2 29 7 5 14 1 1 2 1 3 1 2 2 1 3 1 1 1 1 2 1 1 1 8 2 2 1 2 4 4 2 1 1 15 2 1 3 2 2 7 1 44 1 14 1 2 2 1 6 6 6 1 81 2 2 1 3 13 12 1 5 14 2 2 1 1 4 2 2 6 1 2 1 1 1 1 1 5 1 5 3 2 11 1 5 1 3 3 3 1 2 9 1 2 2 2 1 2 2 1 1 1 12 2 3 2 2 1 2 1 1 5 2 3 7 17 2 1 2 1 9 30 2 1 1 2 2 3 39 4 1 2 1 2 1 4 3 13 2 3 2
1 1 1 4 7 8 3 1 1 1 3 7 1 2 3 12 2 2 4 2 15 3 1 3 1 2 2 3 109 2 1 1 2 4 7 2 11 2 2 1 4 1 1 11 3 4 1 2 2 2 2 5 1 4 1 3 3 2 1 3 1 3 1 38 1 3 1 2 1 2 2 1 29 9 1 1 2 1 3 1 70 1 4 2 1 2 1 2 3 3 2 6 1 35 3 6 4 2 21 2 2 1 1 9 4 1 1 3 12 1 3 6 4 1 4 1 1 1 1 6 1 1 1 3 2 1 2 1 1 1 12 2 6 4 1 2 4 1 2 1 2 105 1 38 1 2 4 10 16 1 2 2 9 1 2 2 12 11 3 1 18 2 2 3 1 3 2 1 59 1 3 3 1 2 6 2 2 1 1 2 4 5 1 11 2 5 29 2 1 2 1 2 1 1 1 18 4 4 2 1
6 13 5 2 3 2 3 1 1 1 1 2 5 3 1 3 1 4 6 2 1 3 1 1 1 1 2 3 2 9 1 2 2 1 2 2 3 1 37 1 4 1 2 4 5 10 3 3 1 1 2 9 1 2 6 3 31 2 2 4 2 14 1 2 1 1 1 4 3 4 6 2 2 1 1 4 1 2 2 1 4 2 2 4 2 1 2 7 1 9 8 4 1 49 2 2 4 2 11 2 6 2 1 19 2 2 3 1 1 1 7 6 12 25 3 1 2 17 1 1 1 13 4 10 83 1 1 1 9 2 1 1 135 5 1 1 2 4 2 3 1 1 3 2 1 5 12 2 1 2 2 6 9 1 7 7 1 3 1 3 1 2 2 4 10 3 4 1 1 2 2 2 7 2 1 5 2 2 6 7 2 2 3 1 1 42 2 1 15 2 3 1 3 5 3 15 1 3 2 2
2 1 4 90 7 2 2 2 1 8 2 34 2 2 1 2 7 1 1 22 5 1 3 3 12 86 1 2 89 29 2 1 18 6 2 2 2 2 2 1 1 10 4 1 12 2 2 4 1 4 1 1 91 3 1 1 2 1 9 1 1 2 3 4 1 2 2 1 2 6 1 2 4 2 3 1 2 2 1 4 2 228 4 3 6 2 1 3 1 1 5 14 1 34 1 4 1 2 2 5 1 25 8 1 22 2 1 3 1 2 1 2 4 1 1 2 1 1 1 3 1 3 10 2 2 3 3 5 1 2 26 17 1 19 6 2 2 4 1 3 4 2 2 2 5 2 3 1 8 2 2 2 2 2 4 5 31 1 2 1 2 1 1 3 9 2 4 2 1 22 1 1 2 4 2 2 3 2 2 2 1 4 118 1 5 2 2 1 1 2 2 3 1 1 8 4 1 1 2 2
1 4 3 4 1 9 1 2 2 4 4 5 2 3 17 1 2 2 1 1 1 2 2 8 1 20 5 10 2 16 1 3 2 13 1 10 3 2 4 3 2 9 2 1 1 1 66 1 5 1 11 4 5 1 1 2 2 1 2 7 1 1 2 21 5 1 2 1 2 4 2 2 1 2 104 2 1 2 2 4 2 2 5 3 2 1 1 1 2 22 2 3 2 4 1 1 4 1 2 6 4 2 27 2 2 2 2 1 1 8 2 1 2 3 42 2 2 1 1 2 2 2 5 9 2 2 1 3 1 1 14 1 2 3 4 1 2 9 3 3 3 2 1 1 1 10 1 2 3 1 29 1 2 2 1 6 1 2 1 2 1 19 1 1 6 1 2 2 1 4 1 2 2 2 2 1 1 1 14 2 2 4 2 2 2 1 2 2 25 5 9 10 1 1 1 2 12 14 2 22
1 1 11 1 1 2 14 1 2 2 2 2 1 2 1 1 3 8 5 2 2 1 3 6 1 2 1 4 2 3 1 2 3 4 2 2 2 4 1 1 1 2 4 7 4 1 2 3 1 2 2 52 12 3 1 1 1 1 4 8 10 14 3 3 2 85 6 3 2 10 1 1 1 1 5 3 3 4 1 8 2 2 12 2 10 1 1 1 1 2 2 1 11 2 4 5 1 4 1 2 4 1 2 1 2 5 3 1 1 3 1 2 2 5 2 2 1 14 1 1 4 1 1 8 8 5 19 1 1 3 2 3 222 4 3 3 2 1 133 2 2 1 3 120 2 1 9 4 1 14 6 8 4 2 16 3 2 1 3 25 2 1 2 8 1 26 2 5 2 1 2 1 1 1 1 1 2 2 2 3 15 5 5 2 1 3 1 2 17 1 3 33 44 1 1 1 2 31 1 1
1 5 1 21 6 2 1 4 1 1 2 5 2 1 1 1 5 1 3 1 2 2 5 2 1 4 3 6 3 105 2 6 3 2 15 2 1 8 2 1 1 3 3 1 3 2 2 2 3 2 5 5 2 8 4 1 1 1 6 2 51 4 1 2 4 2 2 1 2 1 1 1 1 3 2 1 28 3 6 2 1 3 2 2 2 1 5 2 6 4 1 1 17 1 2 28 2 1 1 1 1 21 12 48 5 1 1 3 2 2 1 5 6 7 7 1 1 5 2 1 2 2 1 30 1 20 2 1 2 2 2 5 11 6 6 1 13 1 1 2 1 1 5 1 4 2 1 3 2 1 2 6 2 1 11 2 7 2 3 4 8 1 1 2 1 2 19 1 15 1 1 3 1 1 3 1 1 1 1 1 3 1 3 4 1 1 2 6 3 2 1 5 1 1 3 4 1 1 4 19
1 2 1 3 2 1 6 3 1 16 1 1 5 2 4 1 3 1 11 1 3 1 2 2 2 2 9 2 16 1 4 1 2 1 1 9 12 24 2 15 3 2 1 2 2 1 23 4 2 2 1 3 1 1 2 1 1 5 1 2 2 1 1 8 3 8 2 1 4 4 2 2 5 13 1 3 1 1 8 3 1 1 4 6 3 3 2 1 4 14 1 1 1 1 5 1 5 1 1 3 2 1 34 16 3 3 4 1 7 1 2 2 1 2 27 5 1 8 37 2 1 3 47 1 2 1 4 2 3 11 1 2 95 3 10 5 1 1 4 41 16 1 5 2 1 3 11 1 6 2 17 1 15 4 4 1 1 1 1 1 1 4 1 1 31 1 1 2 1 7 1 4 1 1 3 3 2 1 25 2 1 2 2 4 2 6 1 2 3 1 1 27 2 3 6 10 1 10 6 2
2 1 16 1 1 1 1 12 1 1 2 24 4 25 2 282 5 2 2 2 1 2 11 2 1 1 2 1 3 1 4 26 3 1 4 12 1 1 9 2 1 14 1 1 1 7 3 11 1 1 9 1 3 4 3 3 1 1 2 3 1 3 1 3 1 3 6 2 1 1 2 2 1 1 1 2 9 3 1 2 1 1 7 3 4 2 4 70 3 1 1 20 1 1 5 7 21 1 16 108 1 4 2 1 16 4 1 1 19 1 3 1 1 1 4 1 2 1 1 3 1 1 2 2 1 1 1 1 2 2 2 1 3 1 3 2 3 5 3 3 1 7 1 4 103 2 2 6 1 1 1 2 1 6 3 4 3 4 24 3 1 2 1 4 1 7 2 3 1 21 1 2 2 6 48 3 2 4 1 57 2 1 10 1 2 1 1 48 9 1 12 5 6 3 6 3 4 1 3 2
2 3 19 2 10 1 2 1 1 2 1 2 3 2 2 5 1 2 2 2 1 23 2 1 2 2 2 2 1 6 61 1 2 7 3 2 1 1 2 2 11 6 1 2 1 2 1 1 2 1 18 3 3 1 3 14 2 6 1 2 2 15 1 6 1 1 1 10 1 1 2 1 1 2 2 3 8 1 1 2 1 1 2 1 1 2 2 4 8 1 3 1 2 1 64 1 1 4 3 1 2 2 3 1 8 5 2 6 1 11 2 5 4 5 3 3 1 1 12 3 5 26 2 3 2 1 3 1 1 19 1 1 2 10 4 1 2 1 3 14 6 8 1 2 5 3 2 2 12 3 2 1 3 2 8 1 3 2 6 3 2 2 2 2 52 1 4 2 1 2 3 2 1 2 1 1 4 2 6 2 2 3 5 3 2 1 1 3 2 1 101 4 4 2 1 4 1 10 3 4
2 12 1 1 1 2 3 1 4 2 1 29 17 2 1 2 1 1 5 1 2 3 1 3 1 33 2 6 8 2 1 4 1 3 2 23 1 3 5 1 20 1 11 2 2 1 1 1 9 2 2 2 1 1 9 1 2 1 2 3 24 1 2 4 1 1 1 2 1 2 1 4 2 1 2 1 3 1 235 3 1 2 2 1 2 5 4 1 4 2 20 4 2 4 10 1 3 1 2 2 1 1 1 2 3 3 10 5 1 111 1 21 3 1 5 3 4 2 1 21 1 1 1 2 2 12 1 1 2 1 17 2 2 2 3 1 1 2 1 3 10 1 4 5 23 2 1 2 5 20 1 1 2 1 2 4 1 1 6 4 6 2 3 20 1 2 5 2 2 2 2 3 1 2 2 1 1 30 4 3 3 13 1 1 1 1 2 4 2 1 2 2 1 1 1 2 1 5 1 1
1 2 2 2 2 1 2 1 2 8 13 2 3 3 13 2 3 1 1 1 2 2 23 5 1 4 15 5 1 14 2 3 2 1 1 5 5 3 8 8 1 1 1 6 2 1 4 9 1 3 3 2 1 67 2 16 4 2 1 9 1 8 2 2 1 59 2 1 1 2 2 3 2 4 2 2 2 13 14 1 5 1 1 1 1 8 2 2 3 1 1 1 3 2 1 1 3 1 4 4 4 4 4 4 2 1 13 5 6 1 1 2 2 1 1 1 5 3 1 5 1 1 2 3 2 1 8 2 1 2 3 4 1 2 1 2 1 4 2 1 12 1 11 2 12 1 2 4 1 36 2 2 2 5 7 3 3 1 3 1 7 2 1 1 2 5 28 1 4 2 4 1 1 2 1 5 55 1 14 2 1 1 7 4 1 1 5 1 2 6 8 2 2 1 4 1 2 7 8 16
1 1 4 1 2 5 1 3 18 3 10 21 1 27 3 1 56 2 2 1 2 1 16 3 5 2 2 1 1 4 4 4 2 24 2 2 6 1 83 6 1 3 1 1 3 1 1 4 2 1 3 5 1 1 1 2 10 2 2 3 1 2 1 1 4 1 1 1 5 4 2 2 2 1 2 5 63 3 21 5 4 1 7 1 2 3 1 12 2 16 3 8 1 1 2 2 6 1 12 42 1 14 2 2 2 3 4 3 2 7 6 1 4 1 2 3 3 4 3 2 2 2 3 2 3 2 1 2 14 2 1 2 3 1 5 11 6 1 2 1 2 3 2 3 2 2 2 1 2 2 12 1 1 1 11 2 2 18 1 23 1 2 2 4 4 2 20 6 1 8 8 8 3 6 2 1 1 3 15 2 1 1 1 4 1 9 2 12 6 1 3 1 4 1 4 5 1 1 3 1
4 1 1 5 2 2 1 110 1 2 2 26 1 2 2 2 5 2 2 1 1 1 1 3 4 2 7 2 1 1 2 2 3 1 1 58 6 1 1 2 3 22 9 5 2 1 2 11 1 5 1 2 15 2 1 1 1 6 3 5 5 6 1 17 2 2 2 5 1 1 2 2 3 1 3 1 2 1 1 3 2 2 2 2 2 4 6 9 8 1 1 2 5 1 1 10 3 4 2 3 4 2 1 32 112 14 3 18 1 1 1 1 2 1 10 3 3 3 14 1 10 3 4 1 1 18 1 2 1 1 2 22 1 8 1 3 1 3 1 36 2 1 9 11 4 10 1 14 8 2 3 1 144 1 1 19 4 51 7 1 3 1 3 1 2 1 8 1 1 2 1 8 52 1 1 11 2 1 2 1 2 5 7 2 4 1 1 2 1 1 4 5 1 2 1 15 21 1 1 2
2 2 3 3 4 1 5 6 26 2 7 1 2 1 8 1 53 2 2 6 12 24 16 2 4 9 1 2 2 121 1 2 2 2 1 1 2 3 3 2 1 2 2 9 1 14 1 1 3 2 1 4 4 5 4 1 2 3 6 5 2 1 14 2 22 1 1 14 1 2 2 22 2 1 1 1 1 1 2 2 42 2 4 1 11 1 11 10 2 3 2 1 4 37 1 86 1 8 4 1 6 1 2 2 1 1 6 4 1 1 3 2 8 1 8 1 1 1 1 2 1 4 2 3 1 3 8 4 13 5 2 5 8 2 1 1 1 22 1 2 1 3 1 3 1 2 20 7 1 16 5 4 1 3 4 4 1 1 3 2 3 1 2 1 2 1 1 1 1 1 1 4 3 2 2 3 2 2 3 1 2 2 17 1 1 1 16 1 2 1 1 4 2 2 35 2 2 2 2 1
1 1 2 3 7 3 8 3 14 2 1 3 1 1 1 1 1 1 4 1 5 3 2 1 1 1 1 1 3 1 2 1 1 2 1 1 1 9 1 10 2 2 1 7 1 2 2 2 6 5 11 2 1 1 1 6 1 5 2 3 1 1 1 13 22 4 2 1 3 2 1 7 15 2 3 1 1 2 2 13 6 1 5 3 1 8 5 2 1 2 1 1 9 5 3 15 2 45 1 3 4 1 1 1 3 3 7 2 3 2 1 2 1 2 1 1 2 4 6 3 3 22 2 4 1 1 1 4 1 1 7 73 8 12 3 1 3 3 2 1 1 2 1 5 2 1 1 27 3 2 6 7 8 1 1 3 1 22 3 1 4 3 2 6 8 1 3 1 9 1 8 1 1 1 1 1 1 7 2 1 1 1 29 1 2 3 1 3 2 6 1 2 1 5 1 3 1 2 6 2
1 5 2 2 2 4 2 1 4 1 2 2 1 2 7 2 1 1 1 4 4 1 3 1 7 1 41 5 2 5 1 2 10 1 2 4 9 3 2 1 1 5 1 1 4 1 1 4 2 1 3 13 1 1 3 2 1 1 13 1 3 1 1 2 20 1 9 7 1 1 1 12 1 2 48 4 4 2 1 1 1 2 2 2 1 6 7 3 11 2 1 2 2 2 3 1 4 2 3 3 5 3 1 1 2 1 2 1 1 3 3 1 2 6 3 1 4 1 2 9 6 2 2 21 5 2 13 1 49 2 2 2 5 2 2 1 16 2 1 34 1 4 3 83 2 2 3 1 1 2 3 1 3 1 1 70 2 2 1 6 3 3 18 1 1 1 2 2 77 9 2 1 4 1 3 8 1 2 2 1 3 2 17 15 5 3 23 1 1 1 2 26 7 12 1 20 2 8 4 3
1 1 2 4 4 1 14 1 8 1 1 1 9 1 2 2 2 7 6 1 2 2 7 4 2 9 1 2 2 2 2 1 8 1 2 16 66 3 2 1 1 1 5 2 2 1 2 2 1 1 1 13 1 3 2 10 2 1 1 3 3 12 1 13 1 2 26 7 8 4 2 1 2 6 2 3 1 2 1 5 1 2 66 4 12 1 1 1 3 3 3 4 3 1 2 2 2 4 1 4 2 6 2 3 1 2 4 1 1 4 2 7 1 1 1 5 1 1 2 1 1 2 1 19 1 1 2 5 1 2 1 1 3 12 2 2 3 1 1 1 14 3 2 1 2 1 2 3 2 2 2 1 2 3 3 1 3 1 1 2 1 1 2 1 2 1 8 1 2 2 1 1 12 10 1 11 1 1 1 1 3 2 1 1 3 1 2 1 4 1 2 2 6 1 1 1 1 4 104 1
1 2 6 2 3 1 1 2 2 1 4 6 1 21 1 2 1 2 3 79 2 4 2 1 1 3 39 3 1 9 3 3 1 2 2 1 5 2 2 1 2 3 11 1 3 3 2 21 2 5 2 1 3 8 2 3 3 1 5 1 7 40 1 3 2 1 2 1 2 2 2 1 8 1 2 10 12 10 2 1 1 4 2 2 2 2 1 1 4 3 86 3 2 13 3 2 2 13 1 2 1 1 8 2 3 4 1 12 2 4 2 2 2 3 5 7 2 2 2 2 3 1 4 1 4 1 2 24 1 1 2 2 2 3 3 2 5 2 3 2 2 1 32 1 1 1 1 1 4 4 10 8 1 2 1 4 6 1 1 2 10 2 1 2 2 2 1 1 2 2 1 2 2 5 6 2 3 2 2 8 4 2 1 5 14 3 6 5 3 5 2 3 1 1 2 2 22 1 2 2
2 1 2 3 1 8 4 20 2 1 7 2 1 18 2 2 3 1 2 16 3 2 7 2 2 1 2 2 4 1 4 2 1 2 1 4 9 1 2 2 5 30 1 13 1 7 1 4 1 1 3 8 2 27 7 2 2 1 1 2 1 2 1 1 2 23 2 2 3 1 14 4 1 2 2 2 20 13 2 8 2 1 8 2 3 1 1 4 8 5 1 1 1 1 1 14 2 3 1 2 1 2 9 1 288 1 3 1 9 2 1 2 3 1 2 1 1 4 12 3 2 3 30 1 4 2 3 2 1 8 1 1 5 5 1 2 1 3 3 1 4 3 2 2 6 3 2 1 8 4 2 1 2 35 2 3 2 3 4 28 2 1 3 3 1 1 3 2 4 1 1 7 2 2 2 2 2 1 1 2 4 2 1 3 1 5 1 4 7 2 74 3 1 1 1 1 5 1 7 1
7 6 1 2 3 1 2 2 1 4 2 41 7 3 21 1 2 6 19 2 5 4 27 4 2 5 1 2 2 1 2 2 1 1 2 2 1 1 1 3 2 4 7 3 2 3 33 3 4 1 7 21 1 2 3 4 1 1 2 1 8 2 1 19 2 2 3 4 5 2 6 2 1 3 1 77 1 2 10 3 9 1 1 6 6 1 1 1 2 1 1 4 3 1 1 3 1 7 2 352 6 1 4 1 2 109 1 1 2 1 4 3 7 5 1 2 9 1 3 3 2 2 1 2 1 2 8 4 3 1 3 9 1 1 2 1 2 1 2 1 6 1 2 20 1 1 4 6 1 3 1 4 1 1 1 6 1 1 1 13 10 2 2 1 20 2 1 1 1 2 4 2 2 2 2 1 2 2 7 1 3 1 4 2 6 2 3 3 5 4 2 1 11 2 2 3 5 2 2 1
1 1 1 3 1 3 5 74 4 1 2 2 1 43 1 43 1 1 12 5 1 1 1 2 4 1 12 1 2 1 7 2 3 2 3 11 1 1 3 5 2 2 1 7 7 2 2 1 1 1 3 4 7 3 10 3 4 5 6 12 4 2 1 2 1 1 1 86 4 1 1 1 1 3 3 3 1 1 1 1 1 1 4 1 1 1 1 1 16 3 1 2 5 4 2 1 6 1 78 5 1 2 1 1 1 1 1 2 1 2 3 1 2 3 2 2 1 1 13 2 1 2 2 3 117 2 4 12 2 2 2 3 1 3 1 1 2 2 5 1 1 1 4 1 3 4 8 2 1 2 2 19 1 3 3 1 2 1 1 1 1 2 2 1 1 1 9 2 2 2 3 1 3 2 2 2 1 1 2 2 5 1 1 1 2 2 5 2 1 1 2 1 1 1 1 2 1 1 1 2
18 1 5 5 2 7 3 1 4 2 1 7 2 42 7 1 1 1 1 1 1 4 1 2 2 12 2 1 3 2 2 17 1 2 1 1 1 3 4 1 5 1 2 2 1 2 4 4 6 43 3 1 2 2 11 1 3 5 1 1 3 1 1 2 2 8 2 1 7 1 1 1 1 1 3 1 1 6 3 1 1 1 2 1 5 2 1 15 1 2 2 3 1 4 2 5 7 1 1 2 1 2 4 2 5 3 14 1 1 2 5 2 2 83 5 4 2 10 2 1 1 7 2 1 11 3 1 2 12 2 3 2 1 2 2 9 1 5 7 1 9 18 1 1 1 1 1 2 1 3 2 1 1 1 4 1 2 2 7 1 1 1 1 1 15 2 4 13 1 1 1 2 4 11 6 6 1 2 3 2 1 3 7 10 3 2 1 2 2 176 1 3 2 5 2 1 1 3 4 2
2 10 7 1 3 2 11 1 1 2 2 1 4 1 24 8 4 2 14 1 2 1 2 3 1 2 2 11 2 3 5 1 5 1 2 4 3 2 11 1 1 3 6 2 1 2 1 1 1 1 22 15 1 2 42 6 1 1 2 2 2 1 10 7 2 1 3 6 2 4 3 3 1 1 3 283 2 3 1 2 2 2 2 2 2 4 2 1 7 2 3 81 3 3 1 2 10 1 1 4 2 3 5 1 1 1 2 2 3 5 3 2 7 9 3 2 3 4 5 1 3 2 2 2 2 2 12 2 2 1 3 1 5 1 5 50 3 12 1 2 2 1 1 1 3 1 4 2 2 3 2 1 2 84 25 1 1 2 1 4 2 4 6 1 3 1 2 4 2 1 2 9 1 34 5 1 1 1 2 2 1 17 2 2 7 2 3 1 3 5 2 1 2 3 1 2 3 1 6 1
2 1 1 3 1 1 1 25 50 2 3 1 1 9 2 2 6 3 2 1 1 3 1 1 1 2 2 2 1 1 2 2 65 19 1 2 1 4 1 1 6 1 3 3 62 2 2 3 2 23 3 1 16 2 1 1 4 4 4 1 1 2 4 16 40 3 21 5 8 4 1 11 2 2 2 2 5 5 6 2 16 1 1 1 2 2 3 2 5 87 31 2 2 2 1 1 5 2 5 3 243 17 11 2 2 3 2 2 3 5 1 1 2 3 2 2 5 2 3 2 1 1 1 2 11 2 18 1 6 3 2 1 4 2 10 2 49 7 5 1 66 1 3 1 8 2 2 91 2 2 3 2 5 1 7 71 2 1 14 3 2 3 2 1 1 3 42 2 1 2 1 2 2 1 1 3 1 8 2 2 1 1 2 2 1 3 4 2 1 7 1 4 1 9 1 1 1 1 3 2
1 4 1 1 1 1 4 2 1 1 2 63 1 6 5 1 6 1 4 2 2 2 2 3 19 4 4 3 1 1 3 11 15 1 1 2 1 5 1 1 2 2 2 2 6 2 2 1 2 2 3 30 1 2 5 2 2 1 1 2 1 2 17 22 11 10 19 2 2 1 4 72 2 4 3 3 1 11 7 1 1 2 25 1 1 1 1 8 2 6 1 2 2 2 1 43 1 1 8 9 5 44 1 1 48 2 1 2 2 1 4 2 2 2 3 1 6 3 117 13 1 3 1 2 3 1 8 1 52 1 1 1 4 5 1 3 2 5 3 5 2 2 3 1 3 28 7 2 1 1 2 9 1 1 21 2 8 2 8 2 4 2 7 1 1 6 5 2 3 2 13 2 1 1 5 8 1 23 40 1 2 1 2 2 1 1 1 1 3 2 1 1 2 6 1 4 2 1 2 2
5 3 3 1 1 3 7 1 2 1 1 1 2 3 5 3 3 1 3 4 1 4 1 2 1 1 1 2 2 7 1 8 1 4 1 1 6 2 1 7 3 1 3 2 2 1 3 1 4 1 1 3 2 4 1 3 2 6 1 3 4 1 2 108 4 1 3 22 2 1 3 4 3 2 2 2 2 3 3 1 1 3 3 1 7 4 1 1 2 8 2 2 4 2 2 3 3 4 9 4 1 4 2 5 7 2 94 2 4 1 2 19 2 1 3 2 1 2 1 4 2 4 1 13 2 9 6 2 3 2 7 1 3 1 1 4 2 2 5 9 2 6 2 2 1 7 12 9 2 2 4 4 9 1 5 7 5 1 2 5 2 1 1 3 4 1 10 1 2 2 2 1 2 1 1 1 2 1 4 2 1 6 227 1 1 1 55 8 1 3 81 1 2 2 3 2 1 3 13 1
3 1 24 2 2 1 2 2 1 2 126 2 11 4 23 1 3 2 2 2 1 7 2 3 1 1 1 5 1 2 2 2 1 5 1 1 1 9 3 1 4 5 3 2 2 3 1 2 4 1 2 3 1 4 3 7 2 1 1 1 4 1 11 5 1 28 3 2 1 13 13 3 1 1 3 38 5 5 4 1 2 1 9 1 1 3 1 9 21 5 2 1 5 1 1 2 6 12 66 2 2 3 3 10 2 6 3 4 2 2 3 1 1 2 4 15 2 1 4 3 1 5 2 1 1 2 5 2 1 1 1 2 29 2 2 3 2 4 1 2 1 1 2 2 2 4 2 1 2 2 8 1 1 4 3 3 1 4 39 4 1 2 7 3 1 1 12 1 1 1 2 4 1 2 1 3 3 4 2 2 22 2 4 2 1 5 2 9 1 2 1 3 1 2 8 1 2 2 1 2
10 1 3 1 2 4 1 1 5 1 3 1 3 3 2 6 2 2 1 1 2 22 5 2 2 1 45 1 2 2 13 10 2 3 2 1 1 3 5 3 2 3 2 1 2 2 2 2 1 2 1 1 4 1 2 1 2 1 2 1 6 1 1 1 112 5 1 2 2 2 5 2 5 2 5 3 2 12 4 8 6 2 8 5 6 2 3 1 55 40 1 3 1 5 10 2 3 1 4 2 3 15 16 2 1 6 4 2 1 1 2 3 1 2 2 2 16 26 1 18 5 1 1 1 2 6 1 3 19 13 5 1 1 20 1 1 281 1 3 24 1 1 57 2 2 2 7 1 3 2 3 1 2 7 5 3 1 3 3 2 22 5 1 2 1 3 1 2 2 6 3 1 48 2 38 3 1 4 2 9 2 3 2 1 7 2 2 2 13 1 17 17 3 2 2 30 3 1 2 1
2 1 24 8 6 6 4 4 3 2 2 15 10 1 1 2 11 6 1 1 1 6 10 4 3 35 2 12 5 4 2 8 4 8 2 5 2 1 2 2 1 11 1 2 2 2 2 2 3 2 3 1 1 1 8 2 3 3 1 3 1 5 1 2 4 1 4 2 2 8 6 8 5 3 1 1 1 1 2 1 5 1 2 6 1 1 8 1 1 1 1 6 1 1 1 1 1 7 1 2 4 25 3 8 2 2 2 5 2 3 5 1 13 1 5 1 5 2 6 1 1 5 1 2 1 1 2 2 1 2 1 2 1 2 1 5 1 1 1 11 2 1 2 2 1 4 2 2 3 2 16 3 4 2 51 1 1 3 2 1 2 1 1 3 2 4 2 4 1 1 1 3 1 3 5 6 1 3 1 2 5 3 1 3 3 10 1 2 10 2 1 2 1 1 4 1 1 1 1 1
1 3 1 2 1 5 1 1 2 3 1 1 15 4 8 6 5 1 1 12 7 1 3 19 2 2 1 2 1 70 1 3 3 1 2 1 7 3 84 1 3 2 2 1 25 1 7 2 1 3 7 2 1 2 27 1 1 4 2 2 1 2 9 1 1 1 1 2 3 2 16 1 1 4 5 3 2 4 3 4 2 1 1 23 3 1 10 3 1 1 2 2 1 3 2 2 1 11 1 1 9 1 2 3 10 1 20 1 3 3 2 1 1 1 3 1 1 6 1 3 2 3 3 2 1 1 2 4 3 1 1 2 19 2 3 1 5 4 4 1 5 2 1 2 2 2 14 14 2 1 3 1 1 21 1 4 1 1 77 2 1 1 2 2 3 3 1 2 5 3 1 7 11 2 3 2 7 1 7 2 3 4 2 2 1 1 2 1 2 3 1 1 1 2 1 4 6 3 2 2
2 1 2 7 1 2 2 5 3 5 2 3 2 2 7 3 1 2 3 2 2 4 7 4 4 4 4 1 1 1 2 4 1 2 3 4 5 1 1 6 9 5 2 1 4 2 2 3 1 3 1 1 2 2 6 1 3 16 1 2 1 1 1 4 1 1 2 1 1 37 1 3 6 5 1 6 49 4 15 4 23 64 2 1 1 35 1 4 4 3 2 5 3 4 7 2 1 3 1 3 2 1 1 2 4 6 1 22 2 1 21 1 2 1 4 2 2 2 3 2 1 2 1 1 3 1 1 10 177 7 2 3 6 1 2 3 5 12 2 1 2 2 3 2 3 3 3 3 1 3 1 1 2 1 33 3 2 2 2 4 79 24 45 1 34 1 2 2 1 2 1 1 3 2 3 3 2 1 14 2 291 13 12 1 1 1 3 2 3 4 6 2 35 4 1 90 3 2 2 4
1 1 2 1 5 4 1 2 2 3 2 30 5 1 2 7 3 2 2 1 2 19 1 2 3 5 2 2 1 2 1 2 3 1 1 5 26 2 3 1 1 2 2 1 7 2 5 1 1 2 2 2 3 6 1 11 1 2 19 5 1 1 1 1 1 6 4 1 2 5 5 12 1 1 1 1 3 2 1 1 2 5 8 3 2 1 1 2 5 1 2 2 1 2 2 1 1 1 2 1 1 1 2 4 3 2 3 1 5 2 7 4 2 4 4 4 1 5 2 2 4 1 2 2 8 15 2 5 218 2 1 3 1 1 1 1 261 2 4 5 3 6 2 3 1 2 8 1 4 198 6 1 1 3 2 2 2 1 6 2 2 4 1 6 1 2 3 2 1 1 5 1 1 1 1 1 1 2 8 5 1 2 2 8 3 1 7 1 1 3 1 6 2 1 2 1 1 4 1 3
3 2 3 8 20 3 2 1 3 1 2 2 2 1 2 2 2 10 1 2 1 1 1 1 1 2 3 3 2 4 8 5 2 5 3 14 2 8 2 1 1 27 2 1 2 18 1 3 5 1 7 46 2 2 18 1 1 1 2 1 3 2 1 1 1 1 1 1 20 3 10 2 2 11 3 1 2 2 1 1 6 1 9 1 2 4 4 7 36 3 1 2 6 5 1 1 1 2 3 6 5 1 2 5 13 1 2 4 1 2 1 2 2 7 1 1 1 9 3 1 2 2 2 1 10 1 5 1 4 2 5 2 3 1 2 2 2 2 2 3 1 3 2 16 1 3 3 33 3 4 39 2 21 1 5 13 5 5 1 3 11 1 2 4 3 3 4 1 5 2 14 1 1 3 2 1 9 1 4 1 2 1 6 2 1 4 19 5 2 3 1 2 2 1 1 1 4 1 1 19
1 2 4 2 3 2 1 9 3 6 8 1 1 1 1 2 2 2 2 2 1 6 2 2 2 4 1 9 2 3 1 3 3 1 2 2 2 9 3 1 1 4 1 5 1 1 3 1 1 2 7 3 1 2 3 7 6 1 2 2 2 3 2 1 2 1 1 1 1 1 13 2 1 5 3 2 11 10 4 1 2 1 19 5 3 4 1 3 2 1 2 2 2 2 9 4 4 13 128 2 1 2 1 3 2 1 14 2 1 3 5 2 1 1 2 2 1 1 1 1 2 1 19 2 2 3 4 1 20 1 4 1 1 2 4 21 7 1 4 2 1 2 2 1 2 3 3 1 207 1 1 14 4 7 8 3 1 4 2 2 1 2 1 1 1 7 3 3 1 12 2 2 2 4 4 19 1 11 2 9 1 4 425 1 5 3 1 3 1 6 2 3 2 10 3 2 3 3 3 7
2 5 7 2 3 6 2 2 9 1 2 1 3 3 3 2 5 16 2 1 2 2 5 3 2 2 1 1 8 2 3 1 3 1 2 2 2 6 1 5 2 5 6 2 1 7 2 2 15 6 7 166 1 2 1 1 1 2 2 1 9 4 9 5 3 6 6 83 3 2 1 6 1 3 4 1 5 2 2 2 5 2 2 1 3 5 1 3 3 3 3 1 1 4 1 3 3 2 28 1 6 1 1 7 2 4 1 4 2 1 2 7 1 2 1 2 140 3 5 3 9 2 1 2 2 2 2 6 21 1 3 10 6 1 1 1 2 1 2 1 1 2 4 4 1 4 4 17 3 2 3 1 2 2 27 55 1 1 3 2 20 3 2 13 1 2 18 1 6 1 10 9 1 17 4 2 2 7 4 1 4 2 2 7 1 1 1 2 1 1 1 5 1 1 4 161 1 7 2 5
4 4 1 3 2 2 1 1 5 1 3 26 5 1 2 5 1 2 5 10 1 3 1 18 32 2 4 5 2 1 2 23 1 7 28 3 5 2 6 3 2 4 3 3 17 2 10 4 1 1 4 7 1 4 3 2 10 1 3 4 1 1 2 1 5 1 2 2 2 1 13 2 2 1 1 1 4 25 2 1 31 1 1 1 1 5 2 1 1 2 2 1 1 2 2 1 1 4 3 3 19 17 2 2 2 1 6 3 1 6 2 10 1 7 1 2 4 1 1 4 3 1 5 1 3 1 23 9 2 2 2 2 4 2 4 2 8 4 1 4 1 5 1 3 1 1 155 3 1 2 1 1 2 4 2 4 2 2 2 1 1 3 3 2 1 2 2 1 1 1 24 3 1 1 23 1 8 1 1 10 1 2 1 1 12 13 6 3 2 2 4 2 4 2 2 1 12 3 8 2
3 3 16 1 1 1 3 2 428 26 1 6 1 5 1 1 24 1 1 5 14 9 1 1 2 1 6 436 3 1 5 2 1 45 1 7 2 1 2 5 10 17 1 14 2 7 3 11 3 11 1 2 4 6 3 1 1 2 1 1 1 10 2 1 38 5 2 3 2 2 3 16 1 1 1 1 1 2 8 2 238 2 1 27 1 5 4 3 5 2 55 7 3 2 2 4 3 99 1 5 2 8 4 3 2 1 2 1 4 5 8 1 3 1 1 49 2 79 3 2 1 2 2 1 6 1 1 3 1 2 1 1 2 1 5 1 1 2 8 1 3 374 2 1 2 5 2 1 11 12 30 18 1 4 1 1 1 2 2 1 1 18 4 2 3 2 42 3 2 3 1 2 3 3 2 4 26 3 1 1 2 3 1 3 2 4 1 2 2 3 1 2 2 1 3 1 2 1 2 2
2 1 3 1 3 40 1 2 1 5 1 11 7 1 4 159 20 2 2 2 5 1 8 2 4 3 5 3 8 2 8 1 2 2 1 1 1 1 1 2 1 2 2 6 10 1 51 1 3 2 5 1 1 5 2 1 2 23 2 2 1 5 67 1 3 5 2 2 3 1 2 2 3 4 3 2 7 1 3 2 2 11 2 1 1 4 2 1 18 1 4 109 1 92 1 1 2 1 2 1 13 1 2 2 3 3 6 1 2 22 2 6 2 1 5 4 2 1 26 1 3 3 2 2 2 8 13 2 1 1 1 1 2 3 1 8 5 2 36 33 4 30 5 1 2 4 1 1 2 1 2 1 8 4 3 2 3 2 2 1 3 4 4 1 1 3 1 2 4 2 1 5 3 1 2 21 4 11 34 5 1 1 2 1 13 1 2 1 2 2 3 1 2 1 2 15 5 3 3 3
2 1 2 3 1 2 2 4 2 8 2 1 2 126 1 1 1 3 1 6 1 16 2 2 1 1 2 5 2 3 15 2 2 1 1 6 3 1 3 8 1 2 1 5 1 1 4 6 2 17 2 5 1 3 1 2 2 1 1 1 13 2 23 1 2 3 1 1 1 1 8 1 8 2 2 1 1 2 32 7 2 4 15 2 9 2 2 6 3 1 2 3 6 10 3 1 2 2 1 1 2 3 2 4 4 1 7 1 6 2 3 8 1 2 1 5 1 2 1 2 19 2 2 6 2 2 1 2 21 3 14 1 1 1 2 4 1 2 1 2 52 2 21 2 1 1 2 1 1 8 2 2 5 4 5 5 1 3 2 2 1 4 3 35 2 2 1 9 2 1 1 2 10 2 4 1 1 1 6 3 7 1 4 15 3 1 4 3 3 4 58 5 1 1 10 2 2 2 1 2
1 2 3 1 4 5 5 11 5 1 1 17 2 8 1 2 2 2 1 4 1 2 1 33 3 1 3 1 1 6 2 1 42 1 1 2 12 3 2 1 2 1 11 3 3 8 4 16 11 6 1 2 5 4 2 1 1 3 2 2 3 6 3 13 2 1 4 1 6 1 6 1 1 4 4 2 1 2 3 2 4 2 19 5 35 2 1 3 2 1 1 2 4 1 4 1 2 2 1 8 1 1 1 3 1 11 3 4 10 4 7 18 3 3 1 1 6 6 2 3 2 1 3 1 1 1 6 1 4 3 1 1 1 1 1 10 2 46 3 2 2 1 1 2 1 2 2 1 1 2 2 3 2 2 18 2 3 3 1 4 1 2 1 1 5 7 2 4 2 2 3 4 1 1 1 2 2 1 20 2 1 3 1 2 1 5 1 4 2 202 1 4 1 12 4 2 2 55 4 4
2 1 4 3 1 6 2 2 2 15 48 5 6 1 1 2 3 2 1 1 2 4 3 3 2 2 8 6 2 2 3 1 2 1 2 2 4 1 1 12 2 3 1 36 1 2 1 1 3 12 5 4 4 16 3 1 1 2 1 3 1 2 1 1 2 1 1 1 98 9 5 1 3 1 1 12 1 2 1 4 32 3 2 22 1 1 1 2 2 25 1 8 1 3 1 2 1 2 3 1 6 1 13 1 2 2 2 2 6 3 1 1 2 2 1 2 1 7 5 6 117 1 1 4 4 1 1 19 1 2 2 1 1 1 1 2 2 1 1 21 3 3 7 1 1 2 2 3 1 5 4 3 131 5 1 3 1 4 8 1 2 1 1 28 2 1 30 2 3 30 1 2 38 6 2 1 1 2 1 2 1 7 1 9 3 2 2 4 1 1 8 1 1 20 5 1 2 1 1 30
7 60 2 1 5 1 1 2 1 7 1 6 1 1 4 2 1 1 1 8 2 1 13 10 2 2 3 1 9 5 2 1 2 3 2 4 4 1 5 6 10 5 3 12 2 3 21 1 3 4 1 2 11 17 1 10 5 2 2 1 1 12 30 1 6 19 11 1 6 1 1 5 1 2 3 2 2 9 3 86 12 30 1 1 2 1 1 2 4 4 2 1 1 1 4 2 2 14 4 9 7 1 1 2 1 3 2 2 3 1 1 4 22 15 1 1 1 1 6 3 2 3 3 1 4 1 2 2 2 1 2 2 5 1 1 1 2 2 1 3 1 3 1 2 13 1 1 2 8 1 2 8 2 1 2 4 1 29 3 6 5 9 7 11 1 3 2 10 2 4 2 12 3 4 6 1 1 2 5 3 7 2 1 1 1 2 2 1 1 1 1 1 7 2 2 2 1 3 28 3
1 1 2 1 7 3 1 4 1 1 2 15 1 25 2 3 1 1 1 1 3 2 2 2 1 2 13 1 1 4 2 2 2 3 1 5 2 2 1 2 8 1 2 1 1 2 1 2 43 1 1 1 11 1 1 4 1 2 1 44 13 1 1 1 1 5 1 2 3 9 14 1 7 1 1 13 5 3 1 4 1 15 19 1 1 4 1 4 1 18 1 1 4 3 14 4 2 11 1 3 2 1 2 6 6 10 8 1 9 16 3 2 2 1 1 1 2 1 2 1 51 1 2 17 4 17 7 2 4 1 1 1 22 1 8 48 2 1 19 1 4 4 3 2 8 1 4 5 8 3 23 2 1 3 1 1 1 2 2 1 3 3 2 1 2 2 53 1 1 4 8 4 1 2 4 2 41 2 2 3 1 2 4 2 2 2 5 5 7 1 19 134 1 2 26 2 12 14 2 5
1 3 1 2 2 3 4 1 1 3 2 2 3 2 32 2 9 48 2 2 1 2 2 1 143 2 1 1 2 6 9 1 3 1 1 2 6 1 1 5 1 3 1 26 1 5 2 9 1 6 1 2 7 4 3 3 2 2 2 1 1 1 3 1 2 3 2 1 1 2 2 5 1 3 4 1 2 2 4 3 2 2 4 2 3 1 2 1 7 8 44 2 1 2 2 9 19 1 1 1 341 4 5 1 320 2 3 4 4 1 2 1 5 3 1 443 1 1 2 1 12 2 2 3 3 1 1 1 1 1 3 3 1 14 1 1 2 6 3 6 2 7 1 3 1 3 5 2 2 2 2 2 2 3 1 1 7 1 1 2 3 1 1 10 2 3 3 7 25 1 2 2 8 1 2 1 2 7 13 5 16 5 4 78 2 1 29 1 40 2 2 3 1 33 4 1 5 1 6 3
2 10 2 2 1 4 1 1 1 2 3 1 2 3 4 1 1 11 1 4 7 2 1 7 1 1 6 2 12 1 2 2 2 21 2 8 2 1 2 1 6 7 1 2 4 1 11 1 3 5 3 2 8 3 2 94 2 12 2 1 3 4 3 1 3 1 2 1 2 2 4 4 3 1 3 1 1 3 2 3 3 2 1 1 2 2 5 2 2 2 1 1 4 10 2 1 5 1 7 1 2 1 17 2 50 2 5 3 2 2 1 1 2 6 5 6 2 6 2 1 1 3 3 32 1 2 4 1 1 2 2 2 6 1 3 2 1 2 24 8 17 2 2 2 1 3 84 5 1 2 1 2 2 2 3 1 1 4 240 12 1 1 1 11 26 14 8 2 4 1 97 1 4 5 2 6 31 2 1 1 1 5 2 2 21 1 2 4 51 2 1 2 1 2 2 36 4 2 16 2
1 1 8 1 6 2 3 1 2 11 1 14 1 2 7 1 2 2 1 4 5 5 2 1 69 1 2 2 1 2 2 1 4 5 5 4 4 1 1 1 1 1 2 3 2 2 1 2 1 6 1 4 4 3 2 12 2 6 1 1 1 1 3 3 2 4 1 2 21 2 2 1 4 2 2 21 5 9 1 1 1 2 2 3 1 2 1 60 7 1 2 1 1 2 1 2 1 16 2 1 19 11 1 5 1 9 1 26 15 1 2 6 2 2 34 8 1 6 1 1 1 1 2 7 7 2 1 4 6 1 2 1 2 1 6 6 1 2 1 1 1 4 3 3 2 4 1 1 2 3 1 2 3 33 1 1 8 2 2 3 1 5 2 2 2 2 2 2 1 2 2 1 2 2 10 1 2 2 1 1 2 1 1 7 5 83 1 2 4 4 1 2 3 2 1 2 2 2 4 1
1 1 2 11 4 6 3 4 1 1 2 3 1 6 1 1 33 5 2 11 1 47 7 3 13 4 2 2 2 1 3 11 2 1 2 2 2 7 5 1 1 1 2 5 2 1 1 1 1 1 166 4 1 2 2 2 1 1 2 2 6 2 5 1 1 9 2 3 1 3 4 1 2 1 3 8 10 53 12 4 1 1 1 1 1 5 1 1 384 10 4 2 2 1 1 2 2 2 1 4 3 1 2 1 5 2 2 2 15 1 2 7 2 9 3 5 2 1 59 1 2 2 1 1 1 2 2 1 1 2 1 1 3 1 1 5 26 11 1 9 2 1 1 3 37 3 38 1 2 4 8 1 2 1 2 1 1 5 3 3 1 2 3 2 2 6 1 2 1 2 2 1 6 3 2 3 33 2 1 2 2 6 2 1 1 1 3 2 1 2 3 1 1 1 1 3 6 5 4 4
2 22 4 1 1 10 2 1 1 2 11 2 3 3 15 27 6 1 3 1 1 4 1 7 3 2 381 1 2 1 1 55 2 1 3 2 2 3 13 2 1 7 1 2 9 1 2 2 4 2 1 5 1 1 2 5 3 4 2 16 3 1 1 1 2 1 1 11 1 2 87 1 2 6 3 2 2 4 1 2 2 5 2 2 1 2 1 15 7 4 6 2 4 21 18 4 1 3 11 11 2 2 1 19 2 5 2 2 4 1 1 123 2 7 2 6 2 2 1 1 1 1 2 3 2 1 1 5 6 1 1 4 6 2 10 3 2 2 3 2 1 120 2 2 1 2 2 1 1 1 1 2 1 1 4 2 1 1 1 3 2 22 3 2 4 7 2 1 4 2 2 9 4 1 2 1 1 2 2 2 3 2 2 1 1 2 2 1 1 2 1 49 3 1 1 1 2 2 2 1
3 2 3 1 1 12 3 2 1 4 2 1 1 13 7 1 1 3 2 2 2 2 2 3 2 1 1 1 2 1 1 3 2 2 2 1 2 7 31 1 108 1 3 1 4 1 2 4 1 1 238 11 1 26 1 2 2 1 1 3 1 1 2 4 3 3 231 1 1 4 2 3 2 45 2 3 1 1 3 1 3 1 48 6 4 3 5 1 10 4 3 2 5 1 1 2 1 1 2 1 2 8 1 1 1 2 2 26 4 1 2 4 6 1 3 36 1 2 1 2 7 2 2 2 8 1 4 73 3 2 2 2 18 2 1 3 1 2 1 3 3 1 2 1 12 3 3 1 13 2 10 2 11 1 17 1 2 1 4 22 14 1 1 2 1 3 4 1 2 1 6 2 3 47 1 1 1 1 6 1 2 1 4 7 2 11 1 1 1 4 2 4 20 3 2 1 1 1 4 2
3 6 3 1 132 23 7 3 1 13 9 4 2 7 1 2 1 1 1 5 3 2 1 28 2 4 3 2 2 3 7 2 3 3 3 22 1 5 51 1 1 2 3 2 1 4 1 5 3 2 1 1 3 4 2 1 14 7 1 2 1 2 4 4 2 5 4 8 40 1 4 2 1 16 1 1 396 3 4 2 1 9 2 1 9 2 1 3 3 2 8 1 1 1 6 1 1 1 12 1 8 10 1 1 2 2 2 1 19 2 3 3 2 2 2 1 1 4 4 2 2 2 2 1 1 13 2 1 1 1 5 1 6 2 1 1 1 7 1 4 4 1 2 1 1 1 6 16 1 2 1 10 5 4 2 6 1 5 4 1 5 78 1 3 38 1 2 2 1 1 2 1 3 1 4 5 2 1 6 1 2 1 4 1 1 2 5 2 1 2 6 29 2 1 38 3 2 1 2 88
3 1 2 1 3 5 10 1 1 3 3 1 2 1 1 5 2 3 5 1 4 4 3 5 2 1 7 3 2 1 4 2 11 4 2 1 12 1 1 2 3 111 1 6 3 1 2 1 3 437 1 6 9 13 1 11 1 1 8 2 2 1 1 1 13 3 3 3 1 2 1 4 6 1 5 1 2 1 3 15 1 9 1 1 2 38 64 2 2 2 2 3 3 1 1 2 1 5 1 3 1 3 12 1 54 1 1 1 1 1 2 7 1 2 1 1 1 2 2 9 4 11 1 3 6 1 2 2 9 10 2 2 4 8 35 1 1 2 1 9 1 3 3 17 3 1 5 1 5 2 4 1 1 2 8 1 1 2 2 26 1 1 1 3 3 20 2 1 3 1 2 1 1 1 1 2 2 1 2 3 3 1 1 2 6 6 1 3 1 2 10 1 6 5 1 1 4 1 8 1
1 2 2 1 1 9 3 4 2 2 2 2 2 22 7 6 66 3 4 1 3 1 1 1 11 2 4 1 8 2 1 1 17 2 2 2 4 3 1 4 8 2 2 2 7 2 1 1 30 6 4 2 1 3 2 1 1 3 1 4 2 2 2 8 2 64 2 2 8 4 2 4 3 2 45 3 14 8 2 1 1 2 6 4 1 27 1 2 3 4 14 7 2 5 5 5 2 1 1 2 29 9 38 2 3 1 1 3 1 2 1 2 1 4 1 5 1 1 33 7 7 7 4 1 2 4 1 4 1 2 2 2 2 3 1 2 2 1 2 2 2 7 6 2 3 2 2 2 2 5 4 1 2 2 2 7 1 2 1 2 1 4 17 9 1 2 3 1 2 24 2 2 1 1 1 4 1 1 1 22 13 2 1 4 2 1 1 2 1 7 3 1 3 9 2 2 2 3 5 4
2 1 2 1 2 5 1 2 2 1 1 2 3 1 1 2 1 6 1 104 7 1 5 1 22 1 26 1 4 2 1 2 1 2 1 3 2 1 4 1 4 16 1 1 1 2 2 4 3 1 3 8 2 3 79 4 2 1 1 1 2 26 2 1 1 1 2 2 3 3 3 1 1 13 2 2 2 5 1 1 1 1 1 2 2 3 24 6 1 4 1 14 17 1 6 1 1 3 1 2 5 1 1 1 2 14 1 2 1 2 1 2 3 32 1 4 1 1 30 1 1 2 5 2 12 2 4 3 218 2 2 27 1 3 7 8 8 2 1 1 1 2 1 2 2 3 2 11 1 1 7 2 2 1 4 1 1 1 11 2 2 1 1 2 1 2 1 1 1 4 2 1 2 2 7 20 2 2 10 1 1 49 4 2 1 3 1 28 2 12 7 3 1 2 9 16 1 6 3 4
1 3 1 6 2 1 3 9 5 1 2 3 104 1 9 10 7 1 2 3 1 7 10 1 1 11 21 2 2 1 3 1 1 3 3 2 3 3 1 6 1 2 3 2 1 13 2 1 2 1 1 1 2 1 2 1 3 4 1 2 3 1 3 3 10 4 1 2 1 6 1 36 2 1 1 2 1 1 1 12 4 2 1 3 1 1 1 1 2 1 60 1 3 1 6 1 2 3 1 1 2 96 3 3 6 20 5 5 1 58 2 17 3 3 2 1 1 4 2 11 2 3 2 2 3 1 5 2 2 3 3 16 2 7 2 1 14 150 3 3 5 2 1 1 2 15 3 3 2 2 3 332 3 2 5 3 1 1 1 1 1 3 1 1 1 6 2 1 1 2 1 4 4 1 4 17 2 1 1 1 1 7 77 2 5 2 1 1 51 2 6 2 2 6 2 3 1 1 15 1
1 1 1 2 1 1 2 1 1 2 1 11 1 8 28 7 1 2 1 2 13 2 6 10 2 3 1 13 1 7 2 1 4 5 2 2 1 1 3 2 2 1 1 7 3 2 3 3 1 2 7 3 7 2 3 1 2 9 20 1 3 4 1 2 3 3 2 2 1 2 1 4 2 4 1 3 4 2 2 2 1 2 2 5 3 1 3 2 3 2 3 2 7 1 2 3 5 3 13 2 22 8 2 2 2 2 1 1 2 1 1 4 2 2 1 1 3 1 3 1 2 2 3 31 4 4 1 1 2 6 2 6 2 1 2 2 1 9 4 1 1 2 2 3 1 27 4 3 4 5 7 1 2 1 19 1 1 2 2 2 3 27 7 3 2 2 4 3 6 2 2 3 1 3 1 2 1 2 2 1 1 20 1 6 52 1 2 2 1 1 3 2 7 26 1 1 1 6 2 1
2 2 9 1 2 1 1 3 1 2 1 1 2 36 1 1 2 2 2 5 1 4 11 5 1 2 11 2 7 9 1 3 10 3 1 2 2 218 2 2 2 1 3 1 2 1 1 1 1 3 1 2 4 1 3 5 24 5 2 2 2 51 2 2 2 4 4 3 2 1 1 1 2 1 1 1 364 1 1 2 2 3 1 6 14 4 1 2 1 2 5 4 6 3 1 5 6 3 1 22 8 4 7 2 19 1 3 3 2 8 2 1 2 2 1 1 1 2 1 2 2 2 6 1 3 9 5 1 5 1 1 2 1 4 2 1 59 1 5 2 11 1 1 15 4 2 2 4 2 1 3 2 13 1 5 12 11 2 36 5 1 4 6 3 6 1 2 2 3 2 7 14 1 2 2 3 1 37 2 1 2 11 2 1 1 1 2 2 2 1 1 2 1 22 4 16 4 10 6 5
2 8 15 64 2 1 1 2 16 195 3 2 3 1 63 2 40 1 15 4 4 1 2 1 6 1 44 57 1 10 14 323 1 2 1 1 1 1 1 1 2 2 2 2 13 13 2 1 14 9 1 1 8 1 1 1 2 2 8 2 6 10 2 3 1 1 2 4 2 2 1 8 2 1 2 1 31 2 3 21 3 1 6 44 2 2 1 48 2 2 2 4 1 3 4 1 1 2 5 2 2 1 2 1 1 1 3 1 2 1 30 2 2 2 2 2 1 2 1 1 2 1 6 3 1 2 3 5 5 1 1 1 1 1 1 2 55 2 1 1 10 2 6 7 1 1 2 3 2 4 1 2 1 1 1 21 8 13 3 3 3 1 1 2 11 2 1 2 2 2 8 18 48 3 1 9 3 8 1 3 2 1 6 5 5 1 1 1 1 1 1 2 3 2 1 1 2 2 1 1
3 4 1 1 1 1 6 1 3 7 2 4 2 1 7 22 137 2 1 3 2 1 7 5 1 2 4 1 1 1 2 1 4 1 1 3 21 29 4 2 1 1 2 8 1 1 2 6 1 2 7 4 2 1 2 1 2 2 2 1 1 1 3 1 2 2 2 2 1 2 1 3 3 1 3 31 1 1 2 3 2 6 2 1 12 1 3 1 1 3 1 2 1 2 2 1 2 2 4 10 2 2 1 3 2 5 2 2 1 9 1 1 1 30 1 1 1 2 4 5 1 4 1 1 1 6 1 1 2 13 13 2 2 3 1 3 2 1 3 10 2 6 2 3 4 4 35 2 3 21 1 1 2 4 12 4 2 2 5 1 17 1 6 2 2 1 3 2 2 2 1 1 2 1 2 1 1 1 14 2 1 1 1 56 4 2 23 5 1 3 1 6 1 2 7 1 1 2 5 2
5 2 1 2 1 2 2 1 1 1 3 3 2 6 3 2 1 1 10 7 1 2 163 17 1 2 3 3 15 1 3 8 1 2 19 5 2 1 1 1 1 2 8 150 2 3 2 24 1 2 4 2 3 4 4 3 1 3 2 4 2 3 21 5 2 4 7 8 1 2 2 3 2 16 2 1 1 2 1 16 1 3 1 2 2 3 1 1 3 2 2 1 2 1 1 3 7 2 2 15 3 5 3 2 1 1 1 2 1 2 2 3 1 7 2 2 14 2 2 4 8 4 2 1 2 3 10 3 2 1 1 2 3 2 1 5 3 1 2 1 1 3 1 1 13 5 2 2 1 1 1 3 148 3 1 4 2 2 32 1 4 1 3 2 3 2 1 4 1 3 3 3 1 2 2 2 5 2 7 3 2 11 3 51 2 1 1 3 12 7 7 2 19 2 2 2 3 3 1 1
2 1 2 1 1 1 9 1 1 8 1 2 1 2 4 1 1 2 21 15 2 1 3 4 6 1 1 2 2 1 1 5 2 31 3 2 2 2 5 1 2 1 53 1 3 2 3 5 3 4 3 4 7 3 2 2 1 1 3 1 3 1 1 1 1 2 10 2 4 1 2 2 11 1 2 4 2 1 2 4 2 1 1 2 2 2 1 2 2 3 1 1 3 2 1 9 7 1 1 5 2 3 1 5 5 17 2 1 4 2 1 2 2 61 3 1 4 1 2 2 312 1 2 2 1 3 2 1 2 1 3 2 1 2 20 22 1 1 2 3 2 1 3 3 3 3 2 1 1 3 1 3 2 1 6 4 1 5 2 1 9 20 2 3 3 7 1 1 1 1 2 2 1 1 1 1 2 1 3 2 2 3 2 1 3 2 4 4 65 1 1 1 3 3 2 1 3 2 4 3
2 1 2 1 2 4 32 2 1 2 1 6 2 67 1 1 21 2 1 2 2 1 4 101 217 3 1 2 2 8 1 1 3 2 3 2 1 7 6 1 3 1 2 27 1 24 2 3 3 2 1 2 1 2 2 1 1 1 6 1 10 2 1 3 2 7 1 1 2 1 1 2 1 4 2 1 1 6 3 2 3 4 1 2 7 3 102 1 2 3 4 1 13 2 1 4 1 2 3 5 1 12 1 1 2 7 65 1 9 1 1 2 3 1 2 2 2 2 2 1 3 1 3 2 5 1 2 2 3 10 3 1 4 4 1 1 2 4 6 1 1 1 2 1 2 65 2 11 300 3 1 2 3 2 7 2 2 2 1 3 2 1 2 3 1 2 1 1 2 2 2 1 3 60 1 4 1 1 1 1 6 2 9 7 2 2 7 5 11 2 2 6 3 1 4 8 2 1 2 1
2 1 1 1 3 9 4 2 1 2 2 7 2 1 1 2 2 3 1 2 1 1 2 12 1 3 7 1 18 48 12 10 4 1 20 1 3 1 3 1 307 5 2 3 1 3 2 9 1 13 4 2 2 9 6 1 2 1 2 158 2 13 1 2 7 1 1 1 4 1 3 1 1 1 2 1 8 1 1 2 68 3 1 2 5 1 1 1 2 1 2 47 2 1 3 1 4 2 1 2 5 2 3 3 11 30 12 3 1 2 2 1 1 1 1 2 2 1 2 1 26 2 3 4 1 1 2 4 1 1 1 1 4 5 1 4 2 1 103 51 9 1 7 1 2 19 3 2 5 1 4 4 1 8 32 2 1 1 3 1 2 2 1 2 2 29 2 1 1 15 6 4 2 4 1 4 2 54 2 2 2 1 3 1 2 2 1 1 1 3 3 2 18 2 1 6 1 1 2 2
2 2 24 2 8 8 2 2 19 2 1 443 2 2 3 1 18 23 1 40 2 2 2 4 1 2 1 1 3 6 4 1 2 1 3 2 1 2 1 1 8 4 1 1 2 454 4 21 1 1 11 1 1 2 4 2 1 5 2 1 2 3 1 2 1 3 1 5 3 1 1 1 2 2 2 13 3 1 4 1 2 8 18 6 2 1 1 1 2 1 2 4 1 4 1 2 3 1 2 2 2 1 2 2 2 3 1 2 3 40 1 1 1 2 2 2 4 2 1 2 2 2 3 1 1 10 4 7 1 4 2 1 2 1 1 2 4 2 3 3 2 3 3 1 1 1 1 1 1 2 1 1 2 1 12 1 3 2 2 5 1 2 3 1 25 8 2 1 3 2 1 4 2 29 2 2 3 2 7 1 2 8 2 1 6 2 2 1 1 1 1 1 2 10 2 2 2 3 1 1
6 2 10 1 4 2 1 4 3 1 2 1 17 70 6 9 3 2 1 19 2 1 9 5 29 2 3 4 1 317 4 15 1 5 1 8 2 2 1 1 1 2 1 9 5 1 38 1 1 13 1 2 2 3 2 11 1 2 2 4 2 93 2 2 4 2 1 1 2 1 2 5 1 2 169 1 1 1 1 1 3 1 1 3 1 1 10 1 1 1 1 2 4 2 4 3 5 2 1 2 9 6 6 27 2 2 2 1 2 13 11 5 2 4 1 2 2 2 2 4 4 2 1 3 3 1 1 1 1 2 1 1 1 1 1 2 5 2 2 1 1 1 5 1 1 5 2 3 2 21 2 3 1 2 2 3 1 3 1 10 2 1 4 1 2 7 1 4 3 4 2 4 1 5 3 1 1 1 2 3 6 1 2 4 2 3 2 1 2 1 1 3 2 2 1 5 1 3 6 5
1 2 2 2 2 2 13 2 2 8 1 2 1 2 3 65 11 2 2 3 5 17 2 5 1 6 1 2 3 1 5 1 5 4 1 405 20 3 1 1 1 2 1 1 1 1 2 2 1 10 22 1 4 2 5 3 1 2 3 1 23 2 3 2 4 19 2 2 1 4 3 3 2 8 1 5 2 2 2 2 1 5 1 6 2 1 1 2 3 1 4 1 3 1 9 2 13 1 2 7 1 1 3 3 2 1 2 2 1 3 2 1 1 1 1 1 2 2 1 1 1 23 114 1 1 1 10 7 1 1 2 1 3 164 1 36 5 3 1 1 1 1 1 2 2 4 6 2 1 4 2 1 6 2 2 4 2 1 1 2 50 2 1 3 11 3 3 1 2 5 2 1 5 1 2 1 2 6 3 2 4 3 13 2 4 16 1 8 3 1 1 1 2 3 3 3 1 1 2 62
5 1 1 17 1 3 1 2 49 1 2 1 78 4 2 78 20 1 2 1 1 1 3 2 2 1 10 2 2 1 2 3 1 1 4 1 1 1 1 24 3 1 2 4 2 4 4 3 1 2 12 1 3 4 1 3 6 2 2 4 1 1 2 9 3 2 2 2 4 9 2 1 1 8 1 2 5 2 1 3 2 2 2 3 4 3 1 2 1 2 3 2 3 1 7 1 3 5 2 1 1 2 1 4 1 2 1 2 1 1 1 4 2 2 1 3 8 1 1 1 2 1 1 1 2 1 2 1 4 3 5 1 2 26 2 1 2 18 2 2 2 2 7 1 1 4 4 1 1 2 1 31 3 3 2 5 19 1 1 5 2 3 2 2 1 9 2 2 1 9 2 1 6 181 2 3 3 1 1 2 2 2 3 2 3 1 1 6 3 2 2 37 37 1 5 2 1 3 7 3
3 9 3 1 23 1 2 3 2 10 1 17 2 16 1 1 6 4 1 5 77 1 2 4 7 1 2 20 59 2 3 1 2 7 1 2 228 2 9 7 1 1 2 1 2 4 2 6 1 2 3 2 3 3 1 2 3 4 3 1 1 1 1 1 39 1 4 25 11 2 3 2 1 1 5 3 3 3 4 5 4 10 2 1 1 1 2 3 2 2 2 1 3 1 1 2 4 2 3 1 1 1 2 2 4 3 2 1 3 1 1 1 2 5 3 2 13 1 2 2 3 2 1 1 1 2 1 3 2 47 4 7 2 1 14 3 1 2 1 2 2 4 2 4 9 2 5 1 1 9 2 1 1 34 2 1 1 10 2 2 1 1 7 3 2 6 3 1 1 2 3 2 1 2 8 110 2 2 1 6 3 2 2 6 4 37 50 1 3 2 4 3 2 5 1 2 3 4 6 2
2 1 1 1 2 1 28 1 1 2 1 7 1 3 5 1 1 1 1 2 2 1 4 1 1 1 1 5 1 1 1 3 2 4 8 3 13 1 2 2 1 8 1 3 2 1 3 4 1 9 1 5 1 16 3 2 1 3 2 2 1 1 2 1 2 2 4 1 12 2 4 1 5 4 7 1 1 22 3 4 1 1 9 1 1 2 111 1 2 1 3 6 2 2 17 2 2 1 8 2 2 2 2 1 5 2 3 2 17 1 2 1 13 4 3 3 1 18 1 1 1 1 3 1 2 1 2 3 2 1 1 2 1 1 3 10 4 22 160 3 1 2 2 3 9 1 3 5 6 6 1 3 5 8 2 1 2 1 37 2 2 1 4 7 1 1 2 1 3 3 2 2 1 2 1 3 1 1 2 1 40 3 4 2 1 2 1 14 16 3 2 3 2 21 50 2 1 1 1 9
2 1 1 2 2 1 4 2 1 10 2 2 5 1 13 4 1 2 7 2 1 3 3 2 3 1 1 2 1 3 7 2 3 1 2 1 6 10 1 2 3 2 2 1 9 9 8 2 2 1 1 6 40 4 7 1 2 12 2 8 1 9 5 2 1 2 4 1 2 2 2 4 1 1 2 3 2 2 4 2 1 14 13 1 4 2 9 2 1 1 2 1 17 1 1 1 9 155 1 1 7 1 2 1 1 1 11 5 4 3 6 6 4 8 2 2 20 5 2 1 1 3 2 1 3 1 1 3 3 1 5 4 1 1 1 6 2 1 2 11 2 2 1 5 4 1 9 1 2 1 3 2 12 2 5 21 7 5 1 2 10 3 1 1 16 1 4 1 1 1 2 1 123 1 7 2 2 1 5 2 1 3 2 1 1 2 1 1 2 26 1 23 39 1 1 15 35 1 2 4
1 5 2 1 2 2 2 32 1 1 5 3 4 1 1 3 1 2 2 2 1 6 5 1 44 1 1 1 2 1 4 1 6 2 1 18 3 2 2 1 9 4 1 1 1 1 2 2 2 9 11 1 4 8 6 1 1 4 6 1 19 12 2 2 1 46 1 1 1 2 2 2 3 2 7 10 3 2 2 1 1 8 2 3 1 19 1 7 2 1 1 2 1 1 2 1 5 1 1 4 1 1 32 8 1 1 8 5 4 2 4 1 2 2 1 15 162 2 1 1 1 1 2 6 1 2 2 8 2 2 1 2 1 2 1 2 2 2 1 3 1 30 1 3 3 1 1 1 1 2 2 29 1 1 1 10 3 1 2 3 1 2 4 18 2 3 3 42 3 9 3 4 1 1 15 2 1 3 1 1 43 1 2 2 6 2 2 175 2 8 1 1 2 2 5 3 3 5 1 45
39 1 2 1 14 4 2 1 1 1 1 1 1 1 3 2 17 4 3 1 2 2 1 2 16 2 2 3 23 5 2 2 3 2 4 1 2 2 7 2 1 1 33 18 1 1 1 1 1 2 16 1 11 13 2 1 2 2 2 3 3 13 3 2 37 1 5 4 1 4 3 3 13 1 17 1 1 10 2 3 1 8 2 2 1 1 3 1 1 2 1 3 1 3 2 3 2 5 6 1 1 4 2 6 2 4 4 3 3 36 1 3 2 1 1 52 1 1 2 1 3 3 2 2 87 5 20 1 6 10 2 2 6 2 2 1 1 1 2 2 4 8 5 41 82 2 6 1 5 1 3 57 3 1 1 1 2 2 6 1 1 1 2 2 2 1 2 1 5 1 2 1 5 6 1 15 1 5 1 1 10 2 3 1 1 2 1 2 2 2 16 2 4 11 1 4 2 41 2 1
1 1 17 1 6 1 1 7 6 1 1 3 1 1 2 2 2 15 2 4 3 2 3 3 3 3 204 2 14 1 1 1 4 2 1 1 1 1 2 2 1 3 1 1 4 1 1 3 4 11 1 9 6 23 2 2 3 12 4 1 1 2 9 1 1 1 1 11 3 2 2 5 1 154 1 1 84 3 14 2 1 3 5 1 2 7 3 4 3 2 5 1 2 2 1 6 10 8 12 1 6 3 29 1 1 2 1 33 1 4 1 4 20 1 1 24 1 1 3 7 1 4 34 1 1 2 30 1 1 2 1 1 3 9 5 4 9 1 1 12 2 2 6 89 7 2 2 1 1 4 1 3 1 2 8 1 6 1 2 5 3 1 1 17 6 3 1 7 16 1 1 1 1 1 1 1 2 1 11 2 1 6 13 1 1 1 4 1 3 5 1 1 1 1 13 1 1 2 2 2
2 13 2 1 7 1 1 35 4 1 3 4 59 3 2 2 2 1 2 2 2 3 1 1 7 2 2 1 2 3 1 3 2 3 3 8 1 3 1 1 1 1 2 2 2 2 3 11 6 4 10 2 7 12 4 3 2 1 1 1 2 2 1 8 4 1 38 2 1 2 2 8 1 11 2 1 1 3 2 3 1 6 5 5 3 7 7 4 1 1 17 2 1 7 1 3 2 2 1 2 1 7 5 1 1 2 3 1 1 1 3 5 5 1 43 4 1 1 5 174 6 80 2 1 1 2 2 2 6 2 1 2 5 1 1 14 3 2 1 2 7 16 1 2 3 3 3 1 1 1 1 3 2 9 1 3 1 2 2 1 2 4 2 4 3 4 2 1 3 2 2 2 2 232 6 7 5 3 1 2 2 6 5 2 3 2 1 6 6 3 5 4 2 1 7 1 4 3 4 1
1 4 3 29 1 4 6 2 5 2 5 8 1 1 2 1 2 14 25 1 2 3 1 2 24 70 1 3 2 1 1 7 3 2 34 3 1 3 2 2 3 6 3 3 20 8 8 3 1 1 2 1 2 2 2 1 2 3 2 1 6 1 1 11 2 2 16 1 1 1 3 6 2 4 2 11 1 6 1 2 7 1 2 1 1 27 1 1 3 2 3 2 3 4 2 8 2 8 1 2 5 2 1 1 1 1 1 1 4 1 5 1 1 3 1 3 7 1 2 4 2 2 1 4 1 1 1 1 5 4 1 1 1 1 1 3 2 1 2 56 4 1 2 7 21 6 18 2 2 19 5 2 2 5 2 1 9 37 1 1 1 5 2 2 2 3 1 2 1 2 2 1 3 6 2 6 2 2 2 2 19 1 1 2 1 3 4 3 9 8 1 3 2 5 2 2 31 10 3 2
2 3 2 1 1 1 1 4 2 1 6 1 8 1 1 16 9 1 3 1 3 2 1 3 2 4 2 1 3 7 7 1 3 2 1 1 1 2 9 1 1 2 2 20 1 5 6 1 1 2 80 1 2 1 1 2 1 10 1 1 1 4 6 3 2 1 6 3 1 2 2 2 5 1 1 1 3 2 2 6 1 1 1 3 2 1 3 2 1 2 20 2 3 2 2 1 1 14 3 7 3 4 4 2 1 1 1 2 36 1 4 1 1 4 2 4 3 7 2 1 8 1 17 5 18 6 2 1 1 16 1 1 2 1 1 2 4 1 1 11 108 5 5 1 277 2 2 2 1 21 2 1 4 1 1 1 2 17 1 1 3 4 1 1 1 1 3 3 3 4 5 5 1 2 2 1 1 4 3 2 2 2 2 2 2 11 10 2 3 1 1 2 1 1 2 11 3 1 3 1
6 1 40 1 2 13 1 1 1 15 3 2 5 6 6 3 2 1 1 1 2 1 2 7 1 1 5 1 1 2 2 2 3 1 1 1 2 11 3 18 3 1 2 59 5 2 1 6 15 4 10 1 4 1 2 1 3 31 2 1 2 1 12 1 1 2 1 2 2 3 3 7 3 1 1 2 3 1 6 1 3 2 1 9 1 14 1 1 1 2 52 2 4 1 1 2 4 5 3 2 3 4 1 2 418 3 2 1 2 11 11 2 1 1 21 3 20 3 59 1 1 1 5 1 1 3 2 1 2 1 4 1 11 2 1 1 3 2 8 2 1 1 2 2 1 4 13 1 3 6 57 1 7 1 2 3 2 2 1 1 2 4 4 3 2 1 1 4 1 1 1 6 1 1 1 5 3 2 1 1 3 71 1 4 3 5 1 3 14 61 3 3 1 3 2 1 5 2 1 7
1 24 2 1 1 11 7 1 2 1 1 2 3 3 3 1 1 13 1 1 1 4 3 2 4 2 6 2 2 2 2 1 69 2 7 7 17 1 1 3 1 2 15 1 1 1 10 5 7 1 2 1 1 3 3 2 1 10 2 1 6 2 1 335 2 2 2 2 1 1 3 2 7 38 1 2 2 4 2 1 4 3 1 1 2 9 3 1 4 145 2 20 1 68 1 3 1 1 2 283 1 2 1 3 1 1 3 2 2 1 2 18 2 1 4 2 4 2 2 1 4 1 1 2 7 1 7 4 17 1 2 1 25 1 2 2 1 1 2 2 10 11 2 5 2 4 2 1 1 1 1 1 1 2 2 1 2 2 9 19 2 1 2 1 3 2 1 11 9 1 2 3 6 1 5 1 2 1 1 2 5 1 1 1 1 1 1 5 2 2 1 1 3 1 1 2 6 1 3 1
1 2 1 2 1 2 10 1 11 2 5 4 1 2 1 1 1 2 1 3 5 2 2 1 2 2 3 1 1 1 1 2 3 15 1 2 2 1 4 1 6 2 2 3 18 1 1 3 1 1 1 149 1 2 2 6 1 2 2 6 4 7 3 4 3 3 2 20 12 5 2 2 6 2 2 1 1 4 3 13 2 21 1 2 5 2 3 4 54 7 3 1 3 1 50 2 1 2 3 1 1 1 2 1 2 220 4 2 1 2 3 4 2 2 2 1 1 2 9 3 7 2 56 19 2 1 10 387 2 1 2 1 4 10 5 2 2 3 2 6 1 2 2 6 3 1 3 1 21 5 4 22 6 55 5 25 25 1 9 2 1 1 4 5 2 1 2 7 62 7 1 6 1 6 10 3 1 114 2 1 2 1 6 4 1 2 4 1 4 2 1 1 3 2 2 6 2 1 6 7
3 2 5 9 2 1 2 1 1 2 2 7 1 1 1 1 3 2 2 1 1 2 2 2 1 16 3 1 1 27 6 2 5 3 2 1 3 1 2 1 1 30 2 4 1 11 1 1 353 17 2 2 10 2 2 2 2 3 2 1 1 2 2 3 3 1 2 1 3 2 2 1 17 1 1 6 2 3 4 2 3 3 2 2 1 1 7 2 1 1 8 2 1 3 2 2 2 2 5 2 1 1 2 2 3 2 25 2 1 5 2 1 2 1 3 16 2 2 1 1 1 6 1 1 26 1 1 1 1 8 2 3 9 2 3 2 8 2 2 2 14 2 2 1 2 2 1 1 1 1 331 3 1 1 2 4 4 2 2 1 1 6 1 1 1 12 1 4 33 1 2 5 1 21 2 2 10 2 1 2 5 2 3 2 4 10 1 3 2 4 3 2 1 1 2 18 3 1 1 4
24 1 1 3 1 2 5 4 2 17 2 2 2 4 3 10 1 1 4 1 6 6 2 5 2 2 1 6 5 2 12 3 3 3 50 1 2 3 2 3 1 1 2 3 5 2 5 4 3 2 2 1 2 2 10 1 3 3 1 4 23 1 2 2 8 1 4 4 2 1 1 2 1 2 2 2 2 6 2 1 1 7 2 1 1 3 3 2 44 1 2 1 2 1 2 3 2 14 5 4 2 2 1 2 3 1 1 12 20 2 6 21 3 1 3 11 2 20 2 5 1 4 10 1 2 9 1 2 1 1 3 7 6 1 5 11 2 32 8 1 2 1 2 2 45 1 3 22 1 2 3 3 3 3 5 6 7 11 2 54 2 6 1 2 10 2 2 1 1 2 2 6 2 4 2 3 4 1 1 2 2 3 1 6 1 11 5 6 1 15 3 4 2 1 3 2 1 1 5 2
3 3 1 27 3 2 2 10 1 1 5 3 1 2 10 1 5 1 3 4 3 2 3 1 4 2 1 28 1 5 2 7 5 1 1 1 2 2 2 4 1 21 9 1 3 2 2 2 2 3 4 3 4 39 4 27 1 1 2 11 1 2 2 1 2 3 1 2 5 2 23 1 5 6 2 1 1 4 1 5 4 1 1 1 5 3 1 1 1 1 10 2 3 2 14 1 1 1 2 2 4 2 9 16 3 3 3 3 1 3 1 4 2 6 1 35 2 3 2 8 2 1 1 2 3 5 2 2 7 2 1 1 5 2 1 12 2 1 2 6 1 2 2 8 1 1 29 1 1 1 2 2 2 2 5 9 12 2 3 5 1 1 1 12 3 36 1 1 2 4 2 3 3 6 1 2 2 3 3 1 1 3 3 1 1 2 61 29 2 1 2 3 5 1 2 2 1 7 1 1
1 2 1 3 1 6 1 41 2 3 2 2 1 4 4 1 13 2 2 2 1 3 36 2 4 2 2 1 3 11 12 1 1 1 1 1 1 1 2 2 67 1 2 1 1 2 8 2 1 2 3 9 5 2 7 2 2 14 1 1 5 1 1 2 68 6 3 1 5 8 28 5 9 2 22 1 3 3 1 2 17 1 254 2 1 1 1 2 1 1 1 2 2 2 9 6 4 1 1 11 9 1 1 2 5 7 2 1 4 1 1 1 1 1 5 1 3 2 6 1 2 2 2 1 2 1 2 3 8 2 2 101 1 1 2 1 2 2 4 2 1 17 1 40 8 3 4 1 2 17 1 1 1 2 16 3 7 1 1 2 2 1 1 4 5 2 11 1 2 3 88 1 2 2 5 2 2 1 1 2 28 3 3 13 2 5 1 3 4 5 2 7 2 2 2 8 2 3 5 2
2 2 3 2 1 3 17 1 2 1 1 6 2 1 4 2 3 4 2 2 24 1 1 12 1 2 1 2 1 3 1 1 2 2 2 2 1 1 1 1 1 3 2 4 1 2 25 2 7 2 7 2 4 4 8 1 22 1 4 4 66 5 4 2 14 1 1 1 1 2 40 2 1 1 7 2 1 1 1 5 1 2 71 6 138 3 2 3 2 3 1 3 2 1 1 2 14 16 1 24 3 5 2 1 1 2 73 2 6 3 1 2 23 1 1 3 4 2 8 1 2 3 1 3 1 3 2 2 12 2 3 7 2 3 3 2 52 2 4 2 2 2 1 2 2 1 2 2 1 2 16 2 2 1 3 10 1 4 1 7 1 2 1 1 1 1 1 1 2 1 2 4 5 1 8 1 1 3 1 8 2 2 1 2 2 1 2 4 1 15 3 26 3 29 2 2 25 5 2 7
9 1 1 5 1 1 2 1 1 43 9 4 9 2 1 4 3 1 1 1 2 1 2 1 1 8 1 3 4 1 2 2 3 5 2 2 3 3 4 4 1 6 2 5 1 4 2 2 2 32 6 9 1 1 2 3 6 3 2 8 2 6 11 1 2 1 2 4 2 2 1 3 1 2 3 2 1 1 3 1 1 3 9 20 1 1 4 2 5 1 2 1 1 1 2 1 2 3 3 15 14 1 2 1 2 2 2 1 6 1 2 4 2 1 2 1 2 2 1 1 1 6 2 6 1 2 1 4 1 15 1 1 9 1 1 3 108 9 1 2 2 2 3 1 2 1 2 3 1 3 1 10 1 4 2 1 2 5 4 11 9 11 2 2 1 1 2 1 1 5 1 126 2 2 1 2 1 1 12 1 5 2 1 2 5 4 5 11 1 1 1 4 4 1 5 94 21 1 1 4
2 2 3 2 1 1 4 6 1 18 1 1 1 3 13 3 1 2 5 1 1 2 19 3 1 1 3 4 8 17 8 2 1 2 29 15 3 1 204 2 1 2 3 1 5 6 6 3 3 1 1 1 2 2 3 1 14 14 3 5 1 2 1 2 1 2 4 3 2 2 2 2 2 3 5 1 1 2 3 12 1 5 1 1 1 1 1 2 2 1 1 2 1 2 3 2 1 492 5 3 4 2 62 2 6 1 1 13 2 2 4 1 3 3 2 1 13 2 5 2 1 9 1 11 2 3 1 8 28 2 1 1 2 4 1 3 1 1 2 2 4 2 2 1 24 26 1 1 6 2 1 7 1 1 2 2 2 2 4 1 2 1 2 1 2 2 22 2 58 19 3 2 5 1 2 3 1 2 5 2 2 1 2 3 19 41 3 11 3 3 8 1 2 2 1 5 1 1 1 38
2 1 4 3 1 2 3 2 24 2 4 1 1 1 8 1 9 1 1 4 1 3 2 4 3 3 2 1 6 1 6 77 1 16 2 35 3 5 1 2 1 1 2 3 5 1 11 2 2 1 1 1 1 2 3 1 4 1 4 3 2 2 1 1 6 6 2 1 5 21 2 6 4 1 1 4 1 1 6 1 3 2 2 3 2 1 1 3 3 1 2 13 3 1 1 1 2 21 5 1 7 71 3 6 2 2 3 6 2 1 1 5 1 1 5 2 1 1 4 1 6 1 1 1 16 2 1 1 1 4 7 4 3 13 2 1 1 7 3 3 4 7 3 2 1 1 14 3 1 68 1 2 2 15 1 1 2 1 8 2 3 1 2 1 7 2 2 1 15 7 1 2 7 6 4 1 1 7 1 3 1 2 3 2 2 2 1 5 5 127 1 4 12 4 2 2 1 2 3 2
2 2 3 5 1 2 4 7 3 5 2 6 1 1 3 2 1 1 4 2 3 1 1 3 1 7 1 4 4 2 1 31 2 1 1 1 3 2 1 3 2 12 50 1 2 14 5 1 2 2 1 3 1 2 7 1 2 3 2 1 4 1 3 2 2 5 2 1 1 4 1 1 1 1 8 2 7 59 1 2 2 2 2 2 71 2 1 1 1 10 1 1 2 2 1 2 1 8 2 3 2 2 1 1 3 1 23 25 6 1 3 4 1 82 1 4 2 2 2 1 16 1 1 4 5 1 1 2 2 10 9 4 2 17 2 1 3 1 10 1 71 1 2 227 1 46 3 1 1 1 2 8 1 12 7 2 12 3 2 3 8 2 10 2 3 3 2 6 1 1 2 1 3 1 2 1 1 1 4 3 13 1 1 12 2 1 1 6 1 1 4 3 1 338 1 11 3 3 3 2
1 1 6 4 2 1 1 5 4 2 1 4 2 1 9 3 1 3 2 27 10 20 3 2 1 2 1 5 1 18 1 2 6 3 4 2 3 2 1 3 2 4 2 3 1 1 18 1 1 2 13 1 1 41 2 6 1 8 10 1 14 11 1 1 1 1 2 12 1 1 2 8 1 10 2 1 1 3 176 1 2 2 1 3 7 1 4 1 3 2 2 2 1 2 9 1 2 3 3 1 3 2 29 1 2 1 1 2 2 2 12 2 3 4 1 1 6 1 11 2 4 1 2 1 2 2 22 2 1 5 1 9 1 4 7 1 1 1 2 1 8 1 1 1 2 1 1 1 10 3 18 2 2 3 14 2 3 2 1 24 2 2 1 3 2 2 3 2 1 3 3 3 9 1 2 1 1 1 1 1 154 1 7 4 3 2 5 3 1 47 4 5 1 100 6 1 1 1 12 5
1 5 2 1 1 1 2 1 2 2 1 1 3 2 1 3 211 11 1 1 2 1 20 43 26 3 2 2 2 1 1 1 2 4 1 15 1 2 7 3 1 2 2 1 4 2 5 1 1 1 1 1 5 2 5 4 31 1 1 1 2 2 1 2 3 1 2 6 7 2 1 1 3 2 1 3 6 4 2 3 1 7 1 4 1 2 5 1 5 33 2 3 2 31 2 1 1 1 5 17 1 6 1 1 2 2 5 1 1 2 3 2 3 2 2 10 1 1 3 2 2 4 1 3 5 4 6 2 2 3 4 1 1 7 4 1 2 1 1 2 23 2 1 1 22 1 1 3 1 1 2 2 3 7 1 8 1 1 2 1 7 3 3 2 1 16 5 2 8 2 25 4 2 1 2 10 1 3 2 2 1 4 29 2 6 2 1 3 2 2 5 1 2 1 3 2 2 1 1 2
1 14 3 4 1 53 2 2 2 2 2 118 13 2 1 18 2 1 6 2 1 16 19 2 1 1 21 1 1 1 1 8 3 1 2 47 1 3 17 2 1 7 8 12 3 1 3 4 1 5 1 2 3 2 1 6 1 2 1 26 3 1 1 1 1 5 49 2 9 1 3 2 1 1 1 1 6 1 5 2 3 4 2 29 2 25 2 3 2 4 1 1 2 1 6 1 3 4 2 1 2 2 7 15 2 17 1 2 1 2 2 5 2 3 1 2 1 4 69 3 3 4 1 9 2 1 10 50 4 1 2 3 2 3 12 3 23 2 1 3 1 2 1 4 4 8 2 1 2 3 2 4 8 2 37 17 2 1 1 2 7 3 2 2 1 6 2 1 2 1 5 1 2 3 1 1 2 2 7 1 2 2 1 8 1 6 1 6 2 1 5 3 1 1 5 5 1 2 4 3
1 3 2 3 1 4 3 6 2 1 3 1 3 1 9 4 4 12 2 2 7 142 1 2 5 17 2 2 4 21 10 7 7 4 15 2 1 1 2 4 2 1 2 3 4 2 2 1 52 3 1 3 1 4 2 1 1 3 4 36 1 2 3 2 1 5 2 2 13 2 5 3 2 1 6 19 1 2 1 2 12 2 4 2 3 4 15 2 1 2 22 2 1 4 2 7 1 2 3 3 2 2 2 5 2 65 17 3 48 2 2 2 135 1 2 7 4 6 2 2 2 5 2 2 1 4 3 2 4 1 1 1 1 1 1 1 2 1 1 7 2 1 4 2 66 4 1 15 2 7 4 2 4 2 2 1 1 2 24 2 2 1 1 3 1 14 2 2 1 8 2 1 1 1 1 1 45 1 1 3 1 3 2 5 76 2 2 1 1 16 2 2 4 48 2 3 3 3 38 2
2 4 1 2 1 4 3 3 19 2 4 4 2 4 1 5 2 2 2 1 2 5 4 1 1 1 10 1 3 3 7 3 2 9 1 8 1 2 1 2 1 1 5 1 3 2 2 38 2 1 3 1 1 2 3 3 16 2 2 13 2 6 4 4 17 9 1 3 2 4 26 1 2 2 9 9 12 37 4 1 3 44 5 1 5 7 6 8 3 1 3 2 3 2 2 2 2 13 3 1 1 2 3 8 2 3 4 1 5 1 2 3 2 1 43 2 2 1 3 2 207 3 1 1 8 1 3 2 1 4 16 2 2 1 1 3 2 1 35 1 4 2 5 2 1 8 2 1 1 1 138 3 1 4 3 2 14 1 1 3 1 2 4 1 1 2 2 15 3 1 1 2 2 1 1 1 2 3 15 5 1 2 2 2 1 1 3 1 1 1 9 13 2 2 2 2 1 1 2 2
1 9 11 2 3 1 1 2 2 2 5 20 2 1 2 1 3 4 5 3 2 3 2 2 1 3 1 1 34 1 16 14 1 3 2 11 1 3 1 6 18 2 6 1 146 1 1 2 1 1 4 27 1 2 2 1 1 1 1 8 2 1 9 6 18 2 5 3 69 3 1 1 1 2 6 6 14 2 22 15 1 1 1 29 1 2 2 3 1 14 2 8 3 10 1 5 2 12 3 2 2 8 12 3 2 5 2 6 1 10 1 2 15 3 2 1 2 3 2 6 7 2 2 3 2 1 6 2 2 1 5 1 2 13 3 2 1 3 1 1 3 1 4 3 4 6 1 1 2 2 2 6 1 6 1 3 4 1 3 3 4 1 1 4 1 1 5 2 1 6 12 2 6 2 3 5 4 3 1 5 1 2 6 1 11 83 8 7 1 1 2 1 3 3 1 31 1 6 2 17
17 1 2 2 5 1 12 1 1 3 2 5 1 2 2 7 2 6 1 4 1 2 3 1 1 4 5 2 2 3 1 17 1 5 6 2 5 1 1 5 3 1 1 2 1 2 6 1 1 2 1 7 3 3 2 407 3 2 2 1 2 2 2 6 9 9 3 1 38 1 3 3 1 1 3 2 73 1 2 3 2 2 398 1 1 35 7 1 9 1 1 2 2 2 3 2 1 2 7 18 5 3 2 5 6 2 4 1 1 2 3 2 2 9 1 8 1 1 57 2 3 3 2 2 1 1 2 2 2 3 1 1 1 2 1 4 1 2 2 1 1 2 19 5 133 1 24 7 1 4 1 1 1 2 8 2 2 1 31 1 1 2 2 1 2 13 3 1 2 1 17 2 2 1 1 1 2 2 1 5 5 2 15 9 1 4 17 1 1 5 1 1 1 10 1 4 5 1 1 1
2 2 6 3 17 2 4 1 2 1 2 2 3 3 2 2 2 1 2 1 5 1 4 1 4 1 1 1 1 3 2 1 14 2 2 2 23 6 2 4 1 1 1 2 1 8 1 14 1 1 9 1 2 172 1 14 2 2 2 1 3 2 3 1 1 4 134 1 2 2 3 3 2 7 2 12 1 1 1 2 2 15 1 1 1 5 3 13 1 1 2 1 2 4 4 14 2 3 1 1 2 5 3 5 1 39 5 1 1 3 2 193 1 4 2 2 1 5 5 6 1 8 7 2 1 1 2 8 1 1 6 2 1 4 1 6 4 2 2 3 4 3 1 5 2 1 1 2 2 1 2 6 2 4 2 2 1 11 1 4 3 2 1 16 2 4 2 1 1 1 4 3 1 5 6 2 1 1 4 5 3 2 1 2 1 1 2 9 3 1 1 6 3 3 2 2 2 12 1 2
14 2 4 2 4 5 12 1 2 2 1 3 6 1 1 2 2 1 3 3 2 3 2 1 1 101 10 14 3 2 2 1 2 2 4 1 4 1 1 9 3 2 19 1 42 1 1 1 2 1 2 2 1 1 5 14 8 1 4 10 1 8 1 1 8 3 4 11 3 2 3 4 1 1 3 2 2 1 7 2 12 3 3 3 8 2 2 2 1 4 1 18 2 3 8 10 1 6 1 3 2 4 2 3 1 3 3 2 2 3 1 3 2 1 3 3 3 5 6 4 7 1 2 5 2 15 18 1 2 7 5 1 2 33 1 1 1 29 2 2 1 1 8 1 1 13 13 1 185 1 3 11 1 1 1 5 8 45 10 2 2 2 15 2 1 2 13 2 7 1 1 1 2 3 1 1 3 2 1 3 1 2 5 2 5 1 2 6 1 2 5 1 2 1 1 1 2 1 3 1
7 3 10 2 4 10 4 1 1 1 3 2 20 2 1 5 4 2 2 2 1 1 2 2 1 2 2 34 2 2 2 1 1 1 1 1 2 2 5 2 1 11 2 46 1 2 3 1 46 1 1 1 2 1 8 2 8 4 7 3 2 11 2 1 30 4 132 2 2 1 3 10 3 2 9 9 2 2 1 1 2 3 1 29 1 4 25 3 6 1 2 2 1 3 5 2 1 1 2 3 2 4 4 2 1 2 2 1 2 1 2 1 1 4 2 1 1 1 1 1 2 1 1 2 1 2 1 2 2 65 6 9 1 8 3 2 4 2 4 4 1 2 1 1 66 2 1 4 2 1 2 16 1 2 1 1 2 1 4 12 1 3 1 83 1 1 13 4 17 1 1 1 2 1 8 1 13 17 1 21 1 18 1 4 3 2 2 1 2 9 25 1 6 1 1 34 4 13 7 4
3 2 22 1 2 2 6 25 2 1 1 1 2 5 1 1 2 1 4 1 2 2 3 11 1 2 9 1 4 4 1 3 2 2 1 2 2 6 17 1 3 1 5 6 2 1 12 1 2 2 2 4 54 5 3 3 3 1 2 2 4 1 1 2 9 2 4 3 12 3 1 2 1 3 1 5 2 5 2 26 2 1 1 3 3 1 1 2 2 3 1 4 2 2 2 2 1 3 2 4 1 1 2 1 2 1 4 2 91 1 6 6 12 5 9 5 37 2 2 2 5 2 2 3 2 1 1 15 3 2 2 2 1 2 2 2 1 3 1 2 2 2 2 2 2 3 4 7 5 2 3 3 1 1 2 11 5 1 1 1 1 3 2 1 2 14 1 2 1 3 6 5 2 1 2 21 4 5 13 2 1 1 1 1 1 7 34 9 9 2 9 2 4 1 2 1 4 3 4 10
6 1 2 7 2 1 7 5 2 3 5 1 73 2 2 1 56 1 3 10 2 1 2 11 4 1 3 3 1 1 1 4 7 5 1 1 2 2 2 2 2 1 7 4 1 2 1 2 4 5 3 4 2 2 5 2 1 6 49 3 64 1 1 3 10 1 2 2 1 2 1 2 4 1 5 2 2 1 2 3 3 1 1 5 1 1 1 3 3 2 9 3 3 5 2 1 1 1 2 1 1 4 14 1 2 3 4 1 1 1 2 4 4 1 3 1 1 2 34 1 1 1 1 1 1 3 1 2 2 1 9 1 1 5 3 8 1 3 2 4 1 2 1 2 1 4 4 2 1 3 82 2 1 1 5 2 3 2 2 22 2 1 2 3 1 15 1 21 2 2 2 4 7 1 1 2 3 31 1 3 1 1 1 1 1 59 1 1 4 25 4 14 1 1 1 6 2 3 3 1
1 39 1 2 4 7 6 5 2 1 1 1 5 46 2 24 5 3 1 1 1 2 1 24 2 77 2 2 1 3 3 1 5 2 1 1 1 1 3 1 23 1 1 3 2 3 2 3 7 2 2 1 2 1 1 2 1 1 9 2 1 2 2 1 2 2 3 1 222 2 2 2 1 2 1 4 2 2 2 1 2 1 2 2 2 16 1 5 2 2 1 2 2 4 1 1 23 3 1 8 1 77 2 4 1 178 1 1 1 9 6 105 2 6 3 5 1 5 7 10 25 1 2 2 1 23 4 206 3 1 1 3 1 19 1 3 2 2 3 6 3 1 2 4 2 1 7 27 1 2 2 6 3 10 2 1 15 2 2 1 1 6 1 1 4 2 22 3 1 2 3 13 1 1 4 4 1 14 2 7 2 2 2 1 1 2 4 1 5 2 9 1 22 1 2 4 5 4 1 3
1 1 12 2 16 2 18 2 2 1 2 2 2 1 4 2 2 6 1 1 2 2 4 4 1 8 4 2 2 2 18 2 6 1 3 3 1 1 3 7 1 1 5 2 1 1 123 1 25 6 10 6 2 18 4 1 5 14 2 14 2 28 1 1 1 4 31 4 1 3 1 2 2 1 3 14 3 8 1 4 1 2 2 5 10 1 7 1 2 2 2 2 2 2 1 7 5 1 1 6 1 2 2 3 3 3 3 5 1 1 6 4 1 1 10 6 3 4 8 124 5 1 2 2 4 10 3 3 1 14 2 1 1 12 15 1 1 3 5 3 1 4 31 2 1 2 1 1 1 58 14 1 3 2 1 2 2 22 2 4 2 2 2 2 2 1 3 2 2 2 3 1 2 2 2 4 3 2 65 1 2 1 2 3 1 3 34 7 2 1 1 5 2 1 8 11 28 1 4 4
5 2 3 2 1 1 2 2 2 5 2 3 2 2 14 2 1 1 5 3 3 1 2 4 4 3 1 1 1 3 1 12 1 12 7 1 1 18 2 3 6 5 1 2 1 1 3 3 8 2 10 1 2 1 5 4 3 1 2 2 2 1 3 18 2 2 1 1 5 1 1 9 2 12 1 2 6 3 6 1 3 1 1 1 14 7 31 2 1 3 4 2 1 1 2 2 1 1 4 2 1 1 1 1 14 1 1 2 3 1 1 2 1 2 1 2 2 3 51 1 3 2 4 1 3 4 6 1 2 2 1 3 4 1 2 5 2 2 4 21 7 1 18 2 5 6 4 1 3 35 2 8 3 20 2 5 1 1 1 1 1 149 3 1 33 7 30 7 5 3 1 44 1 2 1 3 4 1 2 2 2 1 2 1 4 9 2 1 2 1 1 1 1 2 2 1 2 6 4 24
1 2 1 2 2 5 1 4 1 9 2 1 2 6 5 2 1 2 3 4 2 143 1 5 1 1 27 7 2 1 7 1 4 7 2 2 2 1 1 2 1 1 5 2 1 2 1 2 3 1 2 2 1 1 3 4 4 1 2 2 1 4 1 3 1 2 2 1 2 3 1 3 206 15 11 5 8 130 12 2 4 2 3 3 3 2 1 1 1 4 11 1 2 2 3 3 7 6 1 1 6 1 2 2 4 4 3 5 3 1 2 2 2 34 4 1 1 31 5 3 2 4 3 1 1 1 2 11 9 5 1 1 7 2 33 15 4 2 3 2 1 4 6 4 1 1 2 2 2 33 1 1 19 14 2 2 1 383 7 1 3 2 1 2 2 48 23 1 1 2 2 5 1 1 417 1 1 1 3 1 2 2 4 4 9 1 6 2 61 4 1 6 7 2 1 2 2 3 1 2
2 2 1 2 1 2 5 1 9 3 2 1 285 3 1 4 2 1 1 1 1 2 2 5 3 4 2 27 2 2 1 14 2 1 5 7 1 2 1 2 6 1 9 3 3 1 39 2 2 4 8 1 1 4 5 1 4 5 2 7 6 3 25 1 4 7 3 1 2 5 2 2 1 8 157 1 3 1 2 2 3 3 4 2 2 8 2 3 3 2 9 2 2 1 1 1 1 3 1 1 7 2 1 8 1 1 1 3 2 1 2 2 2 7 32 1 2 1 1 1 2 16 5 2 1 1 3 3 234 1 1 3 2 1 5 1 1 3 2 2 2 2 27 2 1 1 1 1 30 1 1 3 19 2 1 1 1 2 4 7 2 1 1 6 5 2 2 4 5 1 2 1 2 39 1 5 2 2 2 1 2 3 3 3 1 1 3 2 21 2 4 1 1 1 3 1 3 1 1 4
2 2 1 2 1 23 1 2 322 4 3 2 5 1 3 2 2 8 11 1 1 3 3 2 4 7 2 1 4 8 2 2 9 2 7 1 1 5 23 1 1 3 22 21 4 3 2 1 1 3 2 2 1 2 17 2 2 1 2 1 1 9 1 2 9 5 1 7 1 2 2 1 2 7 2 324 2 4 1 2 2 1 1 2 2 1 19 1 7 1 3 2 1 8 4 3 2 2 3 4 3 2 4 3 1 1 2 2 2 1 3 9 1 2 4 1 1 3 1 2 2 2 1 1 1 2 2 3 7 1 1 3 1 1 5 2 1 3 1 1 2 2 10 3 2 14 2 1 2 4 8 7 2 2 1 1 1 19 4 2 2 3 1 9 1 2 6 2 1 4 1 2 2 11 4 2 4 1 2 1 2 3 1 1 2 3 10 1 2 5 2 3 3 1 2 22 7 6 5 2
2 2 1 1 1 21 1 4 5 1 2 4 2 1 1 1 2 1 3 11 2 129 2 3 25 1 1 4 2 4 1 1 5 3 3 2 2 1 1 9 1 1 1 1 6 2 2 12 1 1 1 5 1 19 1 2 1 2 2 1 32 5 5 1 9 1 1 1 7 2 2 2 2 2 3 1 69 3 27 3 1 1 3 2 1 1 1 2 6 2 2 5 1 1 44 3 3 2 2 1 4 3 1 15 4 1 1 3 4 11 2 1 1 6 2 3 1 2 2 1 14 1 10 2 4 2 1 4 2 3 1 4 1 2 1 1 2 26 8 5 4 2 3 2 1 1 1 1 2 9 1 1 4 2 13 16 4 3 1 1 8 3 2 1 1 3 2 5 1 1 1 1 2 2 1 2 2 3 3 3 2 4 1 1 27 5 1 1 2 1 2 3 8 1 1 1 2 56 6 3
