200
350 138 192 275 311 170 208 422 350 221 434 484 264 481 373 348 117 349 121 218 275 253 145 477 400 270 243 220 342 480 391 172 410 206 158 151 429 283 128 362 160 198 397 414 488 410 498 148 305 440 329 331 323 243 389 391 296 354 464 106 470 423 397 234 229 389 450 386 125 220 333 182 457 342 190 213 265 265 325 232 371 364 193 458 484 181 270 257 354 246 196 222 436 387 239 427 178 497 274 303 280 301 400 409 457 468 246 334 349 171 298 118 389 478 210 164 471 427 432 296 479 379 465 483 235 365 446 464 356 272 164 229 406 419 284 109 108 282 285 130 289 284 358 481 113 101 172 454 354 392 125 281 249 221 101 428 238 404 100 196 104 489 464 255 147 453 422 362 458 225 309 206 301 467 349 490 126 388 200 183 222 328 261 329 335 302 414 238 283 178 372 466 256 169 353 486 442 486 330 281
5 1 5 2 3 3 5 2 3 4 5 4 4 6 4 4 4 3 3 5 6 5 5 5 5 2 2 1 1 4 5 3 1 5 6 4 2 2 6 5 4 1 3 6 3 5 6 2 2 5 3 2 4 6 1 1 2 1 3 6 4 1 3 4 2 6 3 3 3 2 2 6 5 5 5 1 6 3 2 2 2 5 3 1 6 3 6 3 3 6 3 3 2 6 5 4 2 3 6 1 5 2 4 6 5 2 1 3 3 2 3 1 5 4 1 5 6 6 4 5 1 6 5 6 6 4 4 2 3 4 6 3 5 2 6 6 6 3 5 3 5 3 2 3 2 3 1 3 5 3 5 1 1 1 3 5 1 3 3 6 5 1 2 3 3 5 4 4 1 4 6 2 2 5 6 2 1 5 6 4 3 5 3 3 5 6 6 1 6 3 6 5 6 4 5 2 6 3 5 6
8 1 1 1 2 3 1 2 1 1 3 1 8 1 14 1 5 2 20 2 2 8 1 5 4 92 12 1 116 1 2 2 1 1 1 4 4 11 2 1 5 1 6 1 1 3 3 3 1 1 2 5 1 3 1 7 2 2 9 2 8 11 4 2 1 5 1 1 16 3 1 1 8 2 1 1 6 1 1 2 2 15 1 1 1 130 1 14 3 3 4 1 3 2 1 2 8 2 3 1 9 2 152 4 1 1 2 2 6 4 2 7 3 7 2 1 4 19 3 2 1 2 6 1 3 1 1 1 2 2 15 62 1 1 21 3 7 1 2 3 2 1 3 2 5 1 18 3 3 2 12 1 3 6 5 1 6 2 1 1 1 2 3 5 1 2 2 1 50 3 1 2 1 1 1 2 3 1 4 2 1 2 1 1 1 1 2 108 2 2 3 4 1 2 4 1 1 1 34 1
1 1 45 23 1 2 1 3 2 5 3 2 3 2 1 1 2 3 1 5 1 2 7 2 21 1 7 10 18 2 3 54 16 1 1 1 2 4 1 20 1 2 1 70 3 1 2 56 2 7 1 7 5 8 3 1 1 1 8 1 1 3 3 18 2 1 1 7 19 2 1 4 1 11 4 1 4 1 5 2 1 2 7 2 1 1 2 2 2 2 4 2 4 1 16 3 3 2 9 2 3 1 6 1 1 2 1 1 1 1 1 3 9 2 1 3 2 2 34 1 2 1 2 3 1 1 1 2 1 4 13 1 2 1 1 4 1 2 1 1 1 2 12 1 2 1 1 2 3 4 2 1 1 1 1 2 2 1 2 1 2 6 7 13 4 1 1 3 1 1 4 2 1 1 2 2 1 15 3 14 2 16 7 8 6 2 1 3 1 3 1 3 2 12 2 1 6 1 2 2
2 1 2 3 1 1 1 1 1 1 4 65 15 10 1 5 17 2 11 4 1 1 4 1 3 2 2 1 1 4 2 2 2 1 2 7 2 1 3 2 4 3 5 1 1 1 1 3 5 2 1 1 7 2 1 1 2 1 1 2 13 2 2 1 1 1 2 2 5 14 3 1 7 1 1 1 4 5 4 2 2 1 1 4 1 4 4 3 2 4 2 5 2 1 1 1 6 2 1 2 45 2 1 3 1 6 3 1 4 2 4 1 1 1 2 2 2 4 1 1 1 14 3 4 1 2 21 8 2 2 2 1 2 7 2 7 2 2 1 2 1 1 1 2 86 21 1 3 8 1 8 1 1 8 3 3 1 2 2 4 1 2 2 3 2 3 1 51 3 1 2 12 3 1 7 16 2 3 2 1 11 3 5 10 8 3 6 3 2 2 2 1 3 1 6 1 1 10 10 1
2 2 24 1 2 1 1 1 1 1 3 1 11 1 4 1 1 1 2 3 2 1 1 1 1 7 2 3 9 77 1 2 5 1 6 1 1 2 1 8 3 1 1 1 2 1 1 4 2 2 1 33 2 2 2 38 5 2 3 3 1 1 4 5 1 1 3 1 2 3 1 20 4 2 3 2 3 1 2 5 3 1 44 5 2 1 1 1 15 2 9 1 1 2 6 4 4 3 2 3 139 26 6 1 1 1 1 2 2 11 3 2 1 1 2 5 10 1 8 1 3 1 1 1 27 4 2 4 3 4 1 4 14 8 6 3 2 21 3 9 1 10 1 1 4 4 4 1 11 4 3 2 4 3 2 1 2 2 1 1 2 9 4 2 1 2 1 3 1 1 1 1 1 6 2 1 2 7 3 2 6 1 3 1 14 2 13 3 1 2 3 10 2 1 5 3 2 2 2 19
3 4 2 3 1 4 1 2 1 5 1 3 2 1 2 3 2 1 1 27 1 1 2 2 4 9 4 2 1 1 2 1 1 7 2 2 4 1 161 44 6 2 2 21 3 3 3 3 1 3 7 1 1 1 1 2 2 1 6 1 19 7 1 2 1 4 1 2 15 1 2 2 58 5 1 1 2 4 1 3 3 1 1 1 12 1 4 24 2 1 2 1 3 19 1 1 1 1 2 9 3 3 30 2 19 1 2 1 5 46 1 9 1 67 3 1 1 3 8 6 4 35 3 1 1 1 2 1 2 1 19 2 1 1 1 1 3 1 1 1 1 1 1 7 36 6 1 3 1 4 2 2 2 2 1 2 1 1 14 2 7 5 1 1 2 2 4 1 4 4 46 1 38 1 2 4 2 42 2 11 9 2 3 1 24 2 3 2 2 24 1 13 2 4 2 16 1 8 2 5
2 3 2 35 1 2 1 1 1 3 2 2 1 2 2 1 4 3 3 1 2 1 1 4 3 1 3 5 3 1 6 2 14 1 1 8 2 16 62 2 2 1 2 18 2 4 3 2 1 3 2 12 1 3 1 3 4 1 1 1 213 2 5 1 2 6 2 3 1 4 1 6 1 2 1 2 3 2 2 3 2 6 1 2 2 1 18 6 4 9 1 6 1 35 3 9 2 2 1 4 11 13 1 2 3 8 2 3 1 1 1 11 1 3 8 2 1 1 2 2 1 2 2 2 1 1 7 1 1 1 2 2 1 8 3 141 2 4 166 4 1 3 5 29 13 4 1 1 1 8 2 1 3 1 1 444 2 3 1 3 4 4 2 3 4 3 2 4 2 3 1 23 2 1 1 1 2 2 15 2 1 1 1 3 1 1 15 6 28 2 4 1 3 1 1 2 2 1 2 13
3 18 1 2 5 3 1 1 2 1 2 1 31 4 5 1 1 4 1 1 1 2 4 1 2 1 2 7 2 2 4 369 4 1 1 2 2 1 1 32 3 17 1 4 2 1 1 1 1 3 3 3 1 2 1 4 2 9 7 2 3 42 4 2 2 54 2 212 2 3 1 2 2 2 1 1 2 2 1 1 1 1 15 1 1 1 6 1 46 2 1 2 69 2 2 2 13 1 2 1 18 12 3 1 4 2 5 1 1 3 4 2 1 1 2 1 8 2 3 5 30 4 6 6 1 2 1 2 2 3 2 2 2 1 2 8 6 1 3 6 2 2 6 3 9 1 1 7 1 3 2 1 5 1 1 156 4 2 3 1 1 1 5 4 2 3 3 2 2 1 1 3 1 38 1 7 4 1 2 1 2 1 2 2 3 1 1 7 1 4 7 6 2 25 1 1 2 6 13 1
11 14 1 2 3 1 7 2 2 4 10 2 1 5 2 7 4 1 2 13 4 7 3 3 1 2 2 24 3 3 2 1 4 1 2 8 1 1 2 4 1 1 2 1 20 2 6 2 4 2 2 8 4 1 2 3 2 1 3 2 1 8 4 49 1 1 5 7 2 4 1 14 1 3 1 2 2 4 3 1 2 4 3 2 60 2 1 39 1 2 3 5 1 3 2 1 9 1 1 4 3 1 2 8 4 12 5 1 1 2 6 2 1 2 2 1 2 2 1 1 4 2 3 5 2 1 31 1 2 2 1 3 7 93 1 6 1 4 2 1 7 2 3 2 1 1 1 1 3 3 2 6 5 1 2 1 1 1 13 2 3 2 28 1 3 1 1 5 1 2 2 8 2 2 2 1 1 2 1 17 3 2 2 1 1 1 1 3 1 2 1 1 3 27 10 2 3 2 2 11
1 7 2 2 17 2 2 2 1 2 2 3 2 3 15 1 2 2 1 1 2 7 6 14 61 1 5 4 3 1 1 2 1 4 1 6 1 2 1 2 6 2 2 9 179 5 2 4 1 1 2 1 7 1 26 3 4 2 1 2 43 8 2 1 4 2 2 2 15 1 1 3 2 8 2 1 2 2 52 4 1 7 2 2 1 2 2 6 3 7 1 1 1 3 3 2 3 9 2 11 2 1 2 14 1 1 3 1 1 2 2 8 30 1 2 2 140 2 2 1 1 2 1 47 2 2 3 1 1 3 1 1 8 2 2 2 2 1 1 1 1 3 2 4 11 2 2 2 2 4 1 4 2 2 1 1 37 1 2 31 1 2 5 6 1 3 3 1 3 2 1 3 6 146 4 2 1 6 2 2 4 1 3 1 1 2 1 6 4 2 8 2 5 2 2 1 3 2 6 3
3 3 2 2 3 2 19 1 2 1 3 1 1 3 53 2 10 3 2 13 3 2 1 2 4 2 1 1 2 6 2 8 2 2 1 2 2 4 4 6 1 1 2 2 3 4 2 1 2 2 1 2 4 4 8 1 1 1 1 1 3 3 1 1 1 2 5 1 1 4 1 2 36 2 1 3 3 9 2 7 1 1 2 2 2 1 1 2 13 5 4 2 7 1 7 1 7 13 47 2 1 1 1 2 2 11 1 2 10 1 2 2 2 17 2 19 3 1 2 3 12 2 1 5 2 14 2 4 1 3 3 16 1 8 2 1 7 6 1 1 1 64 2 3 2 2 2 2 4 4 1 3 3 1 1 1 1 2 2 127 3 4 3 2 2 2 4 1 3 2 1 11 2 2 1 2 18 44 6 4 4 5 1 2 1 2 4 2 1 2 3 3 4 30 1 17 1 1 1 1
11 2 1 3 2 1 9 66 8 10 4 1 1 6 1 2 7 5 9 4 1 1 1 2 3 1 2 23 1 1 1 13 31 2 1 4 1 3 28 3 1 1 1 3 2 2 8 473 2 67 1 8 8 2 1 1 6 2 2 5 4 12 4 2 1 1 2 2 48 1 2 3 6 1 5 3 2 2 2 1 4 1 1 1 7 2 2 22 2 1 4 6 9 12 185 1 2 6 1 1 8 1 1 1 1 2 7 3 2 3 4 1 2 9 3 6 2 2 1 6 3 5 2 1 1 9 2 2 1 1 6 1 2 3 2 65 2 3 2 2 2 5 2 2 2 2 11 1 2 1 1 1 1 1 21 1 2 3 4 2 1 4 4 2 3 9 3 5 1 2 2 2 14 10 3 5 7 6 1 3 5 1 2 3 2 1 1 1 3 2 7 1 3 3 2 2 2 4 3 48
1 1 1 6 6 1 1 2 2 5 2 2 1 6 1 3 14 1 3 3 2 21 9 1 1 1 2 2 5 14 2 2 2 1 4 6 2 5 1 2 2 8 1 2 1 1 1 1 9 3 1 3 1 3 20 1 8 6 1 4 4 38 2 5 1 70 6 1 2 1 2 2 4 2 2 1 1 1 1 8 2 1 3 5 4 2 9 3 1 6 2 2 1 3 2 2 1 2 1 5 1 11 1 2 2 2 1 5 3 2 1 2 1 1 4 2 3 1 1 1 2 3 3 3 2 1 14 2 3 8 3 1 12 2 3 1 1 1 1 1 15 2 3 108 1 1 3 1 6 1 3 3 1 6 2 1 4 1 4 5 4 1 8 1 5 2 1 2 1 3 1 2 1 2 3 3 2 2 2 1 3 1 4 1 2 1 1 1 1 36 1 2 1 19 2 2 2 4 21 2
1 1 2 1 1 1 1 2 2 3 2 1 3 8 2 3 1 9 1 393 3 2 65 1 1 2 1 1 2 6 6 3 36 2 9 4 1 1 3 8 4 2 2 1 2 2 3 1 1 1 1 1 2 3 2 3 13 2 3 4 2 1 2 2 1 1 1 2 1 1 1 1 1 2 1 26 2 1 2 2 6 1 1 1 4 1 2 2 3 1 6 2 10 1 1 2 1 13 5 2 49 21 2 2 27 2 1 2 6 1 1 3 19 3 1 1 3 3 2 5 2 12 2 2 1 7 2 2 5 13 2 1 3 5 1 1 10 4 1 42 3 1 1 1 1 2 14 2 3 9 1 2 3 5 1 1 1 4 1 4 143 8 1 2 1 3 1 2 3 3 1 1 1 1 1 27 1 2 13 3 2 3 3 12 1 2 4 6 1 2 6 5 1 1 2 1 2 1 2 2
3 3 2 2 4 1 3 5 3 2 2 9 1 31 3 1 6 1 3 5 3 1 1 10 4 3 1 1 1 3 6 1 2 2 25 2 13 2 3 4 1 2 2 2 6 1 4 3 3 2 3 27 1 4 34 2 2 1 4 1 1 198 2 8 4 8 3 1 1 3 3 6 5 37 8 25 2 3 1 2 1 2 3 1 2 3 2 3 4 1 3 2 4 1 1 1 19 1 1 2 2 4 2 1 1 1 4 6 1 4 8 3 2 2 1 2 1 2 3 2 6 31 6 1 2 2 1 20 1 1 1 2 1 1 1 2 2 1 4 2 10 1 3 2 2 3 1 3 5 1 3 2 2 4 3 2 2 1 2 2 1 3 8 148 7 1 2 1 1 2 2 4 1 2 1 1 16 1 2 8 1 24 1 2 1 2 1 1 6 11 1 1 1 2 1 5 5 1 3 1
24 4 2 1 1 2 1 1 4 3 1 1 1 1 1 6 1 2 2 3 2 1 1 2 1 3 3 1 1 2 1 7 7 3 1 4 4 4 1 29 2 1 5 2 1 2 20 3 4 2 1 1 2 1 5 2 21 2 17 1 1 4 2 7 1 1 1 1 77 2 7 50 4 2 11 1 1 2 2 1 2 3 1 9 26 4 3 2 5 1 1 2 1 28 2 1 5 3 1 1 1 1 2 7 3 2 1 2 1 2 2 1 12 185 1 7 2 3 1 1 4 5 6 1 6 2 1 4 3 2 3 1 4 10 8 2 2 7 7 8 2 9 3 2 4 8 7 2 1 1 11 2 2 3 1 2 1 2 7 3 18 4 1 2 1 3 27 1 14 1 9 1 1 2 1 2 1 1 2 1 8 4 8 2 1 1 5 5 1 1 1 2 2 1 100 2 12 3 2 1
1 1 2 1 2 2 18 1 1 1 3 1 2 1 6 2 10 12 2 2 3 2 8 4 33 50 1 3 1 1 2 2 2 1 1 7 2 1 1 2 2 3 2 8 4 47 1 1 1 263 2 2 3 1 5 1 1 3 2 3 4 2 2 2 2 1 6 4 1 4 1 2 2 1 1 2 4 1 1 3 2 3 4 2 1 19 4 5 1 2 7 4 5 3 7 10 4 1 9 2 2 3 7 2 1 2 2 4 9 28 2 6 2 1 3 1 2 3 4 2 1 1 8 1 2 5 2 1 1 2 1 3 1 5 2 4 1 1 2 7 1 3 8 1 1 2 7 4 6 3 2 4 2 4 8 3 2 1 2 11 1 1 3 2 1 3 28 2 5 3 1 1 3 4 4 3 1 2 1 4 3 1 3 1 2 2 2 2 2 1 2 6 3 1 2 109 5 8 1 2
2 2 2 2 50 3 1 2 1 11 2 1 51 3 5 7 1 1 2 5 1 3 2 2 1 2 2 2 1 2 3 2 2 1 3 1 1 17 1 2 1 7 3 16 3 16 2 5 4 1 1 33 1 3 6 2 1 5 2 1 2 2 2 1 2 10 1 2 18 2 1 2 10 1 2 2 1 1 1 4 2 2 2 1 2 3 4 2 17 9 1 11 10 2 1 1 1 2 5 4 1 4 5 1 10 3 2 2 1 12 103 4 3 4 7 1 2 1 9 4 3 13 3 1 2 2 1 2 4 2 1 3 7 2 122 2 2 1 1 1 14 1 4 1 2 1 5 1 3 2 4 2 2 1 2 1 9 5 1 6 6 1 3 20 1 4 1 3 2 1 87 7 1 2 13 12 2 5 2 1 1 3 13 1 1 1 1 4 13 2 1 1 2 12 6 1 1 7 1 1
3 2 2 2 3 2 3 2 1 2 15 2 6 2 2 1 3 4 2 3 3 1 6 9 2 3 4 25 1 4 1 2 2 2 2 4 1 3 27 1 2 3 1 3 58 1 2 1 5 2 7 1 19 1 1 1 9 3 2 3 1 1 8 22 1 1 4 2 1 1 1 60 3 2 8 2 1 2 3 1 6 2 9 4 2 6 4 16 3 5 1 4 2 2 1 1 5 1 2 2 1 2 1 60 2 1 1 2 1 2 7 1 2 1 3 11 1 2 1 6 2 1 1 3 51 4 1 2 5 7 2 5 7 1 1 22 3 3 1 2 1 3 1 3 6 1 1 7 2 3 1 1 1 1 1 7 18 5 7 2 1 2 1 3 3 4 3 2 3 12 2 8 2 4 3 2 2 1 1 5 1 2 3 1 5 3 1 1 13 14 4 2 1 2 2 7 1 1 2 1
25 4 2 1 9 31 6 3 1 1 2 2 2 17 5 2 4 2 1 2 4 43 2 2 27 1 12 1 1 1 2 1 1 3 6 15 2 1 5 1 3 1 53 1 3 3 2 7 1 5 2 1 8 4 2 1 4 3 1 2 91 2 7 1 3 2 1 1 2 15 4 2 3 16 2 3 3 29 5 1 2 5 3 1 1 2 2 2 1 2 2 5 5 1 2 4 1 2 3 2 4 2 10 2 1 5 3 10 1 2 2 9 1 3 20 2 3 2 2 2 1 110 12 9 5 1 2 9 2 1 1 2 1 2 4 1 1 2 1 2 3 23 1 1 2 6 1 2 1 2 3 2 1 11 3 2 2 3 3 2 6 2 2 5 4 1 4 2 1 5 2 1 7 2 2 49 5 3 5 1 1 6 2 2 1 16 1 2 3 1 1 2 1 15 2 3 1 3 2 2
1 7 3 8 2 2 2 1 9 1 3 3 1 4 4 1 1 1 10 3 2 9 1 1 15 2 2 1 2 14 1 2 4 1 1 2 2 4 2 6 10 1 2 39 3 1 2 2 1 7 1 16 9 2 3 2 3 1 4 1 2 7 1 3 2 1 1 2 7 4 9 3 1 2 2 3 23 1 1 1 1 23 1 3 4 1 3 3 15 1 1 2 3 1 1 16 7 3 351 1 2 18 3 1 1 2 2 1 1 1 2 1 2 3 1 1 12 7 1 2 3 2 3 2 2 91 1 5 2 1 2 3 6 5 3 5 14 1 2 1 3 3 45 3 1 2 1 2 2 3 15 48 1 1 1 2 1 4 4 6 5 1 1 2 9 1 3 4 2 1 2 1 3 2 1 1 3 1 1 10 1 1 7 71 1 2 1 1 5 1 2 1 3 7 2 2 2 1 1 1
1 3 2 4 12 1 1 1 1 44 3 4 2 2 2 2 5 3 2 15 3 1 5 2 2 10 1 1 1 3 1 1 2 53 1 2 1 1 2 1 8 1 15 1 3 3 1 16 2 2 2 2 3 2 2 2 2 3 2 1 5 2 1 3 2 15 4 1 1 3 1 2 3 1 2 2 1 59 1 1 1 2 2 3 2 3 3 2 2 4 1 2 1 1 1 11 2 4 2 2 1 1 4 8 2 1 1 2 2 1 5 9 2 1 2 10 2 5 2 2 1 3 1 2 2 16 2 3 2 8 3 3 4 2 1 3 2 2 2 2 2 1 1 2 13 2 4 2 3 6 3 2 1 2 1 214 2 1 2 4 13 2 1 1 2 1 3 1 5 2 1 5 1 1 2 14 3 1 2 5 2 4 2 4 1 62 2 13 2 3 4 1 2 1 4 5 1 1 1 2
1 1 2 4 1 2 2 2 1 2 1 2 1 2 2 5 2 2 1 3 1 4 1 1 4 13 2 2 2 1 319 6 3 1 3 2 3 13 1 1 218 2 2 1 3 3 5 2 3 10 1 2 2 2 3 5 5 1 2 2 1 1 4 2 3 1 10 3 2 2 2 2 2 3 2 1 3 2 8 2 9 6 2 2 1 2 3 2 4 1 3 2 4 1 1 24 3 3 1 5 3 4 2 1 6 4 1 2 1 8 3 1 1 5 3 1 1 9 8 3 2 1 1 1 2 2 5 3 1 1 5 1 3 1 6 8 2 2 2 1 1 2 2 2 1 2 2 5 1 2 14 3 2 1 1 1 1 9 1 1 3 2 8 3 4 1 2 6 12 1 1 2 5 2 1 2 2 24 1 4 146 5 2 7 24 1 2 2 4 1 3 1 3 1 4 3 1 2 1 3
2 1 1 1 1 1 3 1 8 8 5 2 3 7 3 1 1 9 8 1 3 2 1 2 5 1 1 3 4 4 1 3 1 1 1 1 2 2 2 4 4 4 1 10 1 2 1 6 1 2 3 115 4 1 1 5 1 2 3 1 3 2 1 2 4 3 1 3 1 3 3 1 8 7 8 2 4 4 29 2 1 21 1 1 1 2 3 11 2 1 6 3 12 11 4 174 1 1 4 2 3 1 7 2 2 2 2 2 1 2 1 4 7 2 1 4 3 2 1 5 6 9 1 3 1 6 4 1 6 2 2 1 1 1 3 1 1 3 2 2 1 1 2 8 6 9 7 1 1 2 33 90 1 1 2 2 2 2 2 1 3 2 3 1 2 1 2 2 8 9 4 2 2 8 4 5 1 2 1 1 2 10 2 2 2 2 2 2 179 3 1 1 2 10 2 2 4 2 61 2
18 7 6 8 1 2 2 7 2 3 2 1 32 24 1 2 1 4 3 1 2 3 8 1 4 10 23 5 1 8 3 2 8 1 1 20 3 1 2 3 2 1 3 1 1 1 47 1 1 1 2 1 1 2 1 2 2 5 31 1 1 25 6 2 2 2 2 2 2 1 3 2 19 6 5 1 2 1 6 17 4 2 2 2 6 2 2 2 3 2 1 61 6 5 2 1 15 3 1 1 10 7 2 1 23 5 5 1 4 1 4 3 2 2 2 2 40 3 1 14 4 6 4 4 2 2 17 2 2 8 1 11 3 2 2 1 61 2 4 2 1 1 8 1 9 1 2 1 3 1 5 15 6 1 2 4 3 2 1 23 3 2 83 2 1 1 1 1 3 3 2 11 1 1 10 1 3 2 3 19 1 1 2 2 4 3 31 6 22 5 4 1 3 3 1 2 3 2 1 2
2 1 2 2 1 1 1 2 13 3 1 4 2 1 1 1 2 1 5 1 2 9 3 3 1 2 1 1 1 2 5 1 4 8 1 1 2 4 1 2 2 3 1 18 1 5 1 2 2 1 8 1 4 2 1 1 1 1 10 11 46 1 12 4 2 1 2 6 3 2 3 2 7 3 3 1 1 5 1 1 3 64 3 1 2 1 1 2 2 1 1 2 101 1 2 8 4 1 14 11 1 1 1 6 4 2 1 1 16 10 12 3 1 374 2 2 2 8 5 5 1 3 15 18 1 1 2 1 1 1 2 16 1 5 12 2 2 1 2 2 1 1 2 80 2 1 64 1 1 20 2 1 1 1 2 1 2 2 1 1 1 2 2 2 2 2 7 2 2 4 2 4 1 2 2 1 1 6 5 2 2 2 13 11 1 1 1 41 2 1 14 2 1 1 2 7 1 3 3 2
18 1 1 2 2 2 2 3 13 1 2 2 17 5 1 4 4 5 5 2 1 1 1 1 1 2 1 2 5 1 14 14 6 5 1 1 2 1 2 1 4 8 4 7 2 2 11 2 1 2 1 2 3 2 15 1 2 2 4 1 2 2 1 3 10 2 1 3 2 6 3 2 2 4 2 1 2 2 1 1 3 2 1 2 2 1 2 1 2 1 2 1 2 1 2 2 2 1 3 1 2 3 72 2 4 1 2 2 30 2 1 2 1 4 1 2 3 1 2 5 2 5 3 3 1 1 2 1 15 1 246 19 1 3 1 2 1 3 1 5 2 2 1 30 1 2 1 1 59 16 3 13 1 3 3 2 2 1 4 4 63 1 2 2 5 1 2 1 3 1 4 5 2 5 1 1 4 2 3 1 1 6 2 1 1 1 1 1 1 4 2 1 2 3 1 2 2 5 2 3
9 2 7 1 14 1 3 2 2 2 11 83 2 10 2 1 4 3 2 1 1 2 4 141 1 1 2 5 1 1 1 1 14 3 2 1 1 30 26 3 6 2 1 1 2 5 3 4 6 2 1 6 1 1 15 4 11 1 3 1 2 3 1 14 2 2 2 2 2 3 1 1 1 1 1 1 2 2 29 1 1 1 4 2 1 2 1 10 3 3 1 2 1 4 5 1 2 15 1 3 6 4 13 2 1 3 3 1 3 2 1 2 3 1 9 1 2 3 3 1 2 2 1 3 1 2 1 2 3 7 4 4 2 4 1 2 5 10 148 3 9 6 4 1 2 3 3 11 2 2 2 8 1 2 1 2 5 2 1 3 15 42 2 1 2 1 2 1 2 1 2 2 2 2 2 1 1 2 2 1 1 5 1 1 1 1 1 1 85 2 8 6 1 2 3 4 3 2 1 1
3 3 2 1 2 6 4 1 7 5 2 2 1 5 2 1 1 9 10 5 3 2 2 1 1 2 1 2 1 25 10 5 1 1 6 83 1 1 1 60 4 2 5 1 7 2 2 6 2 3 3 3 4 5 1 2 4 1 1 1 3 2 5 4 1 3 5 13 4 3 2 2 5 6 9 2 3 2 3 1 10 1 16 1 1 4 9 1 54 1 2 10 1 2 2 2 2 1 1 7 2 3 3 2 1 1 1 2 1 3 2 16 1 33 1 7 3 433 1 2 2 3 3 3 4 3 8 5 7 2 3 1 11 1 9 17 4 4 2 1 1 1 10 42 2 2 3 2 2 3 1 2 2 3 6 3 2 438 1 1 4 2 1 5 2 5 1 4 6 1 2 4 1 1 1 1 2 2 1 2 1 2 1 2 4 2 2 1 2 2 2 2 49 2 2 2 1 1 5 1
1 14 5 4 1 10 5 1 2 1 3 39 1 16 17 2 1 2 1 5 1 1 2 5 2 2 5 2 1 1 1 1 1 2 2 1 5 2 1 3 5 4 2 1 9 39 5 1 1 1 2 3 2 13 4 1 1 3 3 2 1 4 1 2 2 2 3 1 2 5 1 2 2 2 1 1 241 1 3 21 1 1 2 6 2 2 2 5 2 1 2 3 1 2 5 1 6 1 1 6 2 1 1 2 1 1 2 2 2 3 1 3 2 24 2 1 1 1 1 2 2 2 1 2 1 23 1 1 1 2 2 1 4 1 2 1 34 1 1 6 1 1 2 1 1 14 7 4 2 2 2 2 2 3 3 3 1 5 51 1 5 7 1 1 1 22 1 2 3 2 1 9 4 5 3 1 2 2 32 1 5 20 2 1 4 2 1 5 4 1 2 1 3 3 1 3 2 1 1 12
1 2 3 3 3 1 9 2 2 13 3 2 2 2 1 1 3 7 2 16 3 10 1 4 1 2 5 59 2 2 2 1 2 1 5 2 3 17 2 2 1 2 3 3 1 5 52 1 6 1 3 1 11 1 2 1 19 1 1 1 1 2 9 2 2 2 1 2 2 3 2 2 33 5 10 61 3 2 1 2 2 3 2 5 9 1 1 2 4 1 1 2 4 3 1 5 5 1 2 3 5 1 1 3 1 40 2 1 15 1 3 24 2 3 1 5 6 2 7 3 1 3 2 8 8 2 8 1 1 5 1 1 15 5 3 1 2 4 5 2 2 30 35 1 2 1 2 15 29 3 1 5 1 1 1 2 2 1 1 2 2 5 1 3 4 1 1 1 13 1 1 2 1 2 3 1 1 1 15 2 4 2 2 1 1 2 1 3 14 1 1 2 1 3 1 7 3 2 8 2
3 2 1 18 1 1 1 1 12 5 1 23 2 2 2 2 2 2 2 1 2 306 1 2 2 2 3 2 2 2 5 21 2 3 5 2 1 2 2 9 3 4 2 1 39 1 1 47 1 2 7 2 2 6 7 21 2 3 3 2 2 2 1 61 1 1 1 6 1 1 2 4 3 2 2 3 2 5 2 1 2 1 3 7 1 1 4 1 1 3 2 7 8 5 1 1 1 2 2 2 2 1 1 1 2 3 1 8 2 8 2 4 1 2 16 5 2 1 1 2 1 1 2 1 2 2 3 9 19 1 2 3 2 15 18 2 2 5 6 2 2 2 4 1 24 2 6 1 5 10 4 1 2 1 2 3 1 2 3 1 3 36 1 1 3 6 19 2 48 3 2 3 6 1 2 2 1 2 5 13 13 1 3 3 1 1 10 3 1 4 1 1 7 7 10 3 58 8 8 2
1 2 1 2 3 3 5 1 2 1 1 4 5 1 4 1 1 1 3 3 4 9 4 2 3 3 3 5 4 5 1 4 3 2 8 1 2 1 3 4 1 2 5 2 25 1 2 1 2 2 2 1 36 2 4 4 2 2 7 2 2 61 1 3 1 4 1 2 3 1 1 1 7 23 2 1 4 1 22 2 2 2 12 2 2 1 2 2 3 1 2 4 2 3 2 1 1 2 2 2 3 5 3 3 3 1 10 1 1 7 16 5 20 4 1 3 18 2 2 5 2 1 2 4 1 1 2 2 2 2 3 2 4 2 1 1 2 4 1 1 2 2 1 2 9 1 3 2 1 2 3 5 1 1 17 4 1 2 2 13 29 2 1 1 1 1 3 3 4 2 2 1 2 1 3 1 5 60 30 5 1 1 3 2 2 1 2 2 8 2 21 2 20 1 3 26 2 1 2 1
4 2 2 1 3 1 26 2 2 3 47 1 2 1 1 6 1 1 6 10 3 1 1 1 3 9 1 6 2 2 9 1 8 1 1 9 2 1 1 1 1 2 1 1 7 4 4 38 1 11 3 1 3 2 3 3 2 1 2 3 1 1 1 1 3 1 10 1 2 1 4 2 3 2 3 2 8 4 1 1 2 9 1 2 3 23 2 2 2 1 1 2 13 10 6 2 6 2 1 18 1 2 1 3 1 40 1 5 3 1 4 4 2 1 3 3 1 2 1 9 3 2 1 3 15 1 10 2 1 1 4 3 1 6 2 3 1 2 6 1 24 3 3 15 2 3 1 2 25 5 3 2 10 2 5 2 2 4 1 1 2 1 2 136 1 2 4 2 1 1 2 2 2 21 30 1 2 3 3 7 4 7 1 3 1 3 1 2 1 4 1 3 7 3 1 5 1 3 2 1
4 2 63 1 1 2 2 1 1 3 1 1 2 12 3 5 1 15 2 2 4 6 2 2 4 4 10 2 1 1 3 2 2 3 2 3 1 13 1 6 35 7 11 11 1 1 1 3 1 5 2 3 2 1 7 1 317 1 1 3 7 9 7 2 1 9 1 2 5 3 43 1 1 2 1 1 8 1 1 1 1 15 1 1 1 2 1 1 1 2 3 2 15 11 2 4 5 57 2 2 2 2 1 2 1 51 6 1 13 3 2 1 3 154 4 3 3 11 9 3 1 1 4 1 2 2 3 1 2 3 3 1 1 7 1 2 30 13 19 1 6 5 3 2 1 4 2 1 2 4 3 3 10 1 12 1 17 2 3 2 31 1 12 30 4 1 15 1 2 1 3 3 1 1 1 16 127 6 1 5 1 3 3 1 2 1 2 1 3 2 2 1 1 5 18 4 1 2 3 3
29 14 1 1 1 82 1 4 5 8 3 2 2 3 2 2 2 2 2 2 2 1 1 2 1 2 1 2 3 1 1 1 1 1 1 1 1 2 5 2 1 9 15 2 20 12 2 9 2 2 1 2 1 3 1 1 1 2 1 2 7 4 2 4 1 1 2 27 10 2 2 2 2 2 1 1 3 2 2 3 1 2 6 3 4 18 2 1 1 1 2 4 4 2 1 1 5 7 5 3 1 16 2 3 10 4 2 4 70 2 2 2 3 1 5 2 2 2 3 43 2 1 5 2 3 1 9 1 2 2 1 7 14 1 2 1 10 1 3 2 21 1 12 2 14 2 4 3 6 5 1 3 2 1 2 1 2 2 3 3 1 6 6 1 2 1 4 7 1 2 3 2 2 2 1 1 6 2 2 1 1 5 2 2 1 1 1 1 2 8 1 2 1 1 2 6 1 3 3 5
7 2 1 22 1 1 1 8 4 2 1 2 38 4 5 1 16 9 3 1 7 2 2 4 32 3 3 22 1 3 2 2 6 2 1 2 3 2 2 2 1 2 13 5 3 1 2 1 3 2 2 5 9 1 5 16 1 3 11 1 3 1 3 2 1 4 1 1 3 1 2 2 1 2 1 1 9 6 44 1 2 6 2 1 3 2 3 1 2 3 1 2 2 7 4 9 5 3 1 1 2 1 1 1 6 4 3 2 2 2 1 1 1 1 1 2 7 2 1 3 2 1 1 1 3 9 11 1 2 1 11 3 67 2 26 1 13 1 39 2 1 2 2 1 1 4 1 1 3 1 1 3 1 3 28 2 20 2 1 2 26 5 3 1 2 1 2 4 1 2 5 2 4 5 7 1 1 1 2 4 2 1 2 1 3 1 1 11 4 1 8 1 4 2 4 1 1 2 6 2
2 1 2 1 6 1 1 2 2 2 4 10 2 77 1 8 3 1 1 2 3 3 2 1 2 5 3 3 2 1 3 29 2 1 52 2 1 4 1 3 4 2 2 1 3 2 2 2 32 4 2 6 4 1 14 2 3 4 1 2 8 2 3 4 2 2 3 1 2 2 1 8 2 2 4 2 172 8 1 2 1 1 5 1 2 1 26 1 1 2 3 14 1 1 1 1 2 1 2 1 6 1 1 5 1 2 1 3 7 1 2 5 2 1 3 1 12 2 1 2 1 1 1 3 1 1 2 2 4 1 1 3 1 1 2 1 3 1 4 1 2 24 1 1 7 4 1 3 1 3 1 10 2 60 11 4 2 2 1 1 1 4 12 5 1 4 6 48 1 1 1 1 142 12 2 2 1 1 3 1 3 5 3 2 2 1 1 1 4 5 2 6 1 1 4 1 2 1 33 3
4 2 4 7 5 2 2 6 1 2 2 1 8 2 1 2 13 38 3 2 2 1 17 3 1 87 10 1 4 7 2 1 1 1 3 1 1 1 6 1 1 2 7 5 2 1 2 2 2 5 2 18 1 1 1 7 1 1 3 21 3 4 1 7 1 1 3 105 2 4 5 1 2 66 1 4 3 1 3 2 1 40 1 1 1 1 22 2 1 4 2 4 1 2 1 2 6 1 1 2 1 4 1 2 6 1 6 15 1 11 1 6 3 3 1 2 2 2 1 10 3 1 2 13 2 2 1 5 6 2 4 3 1 2 2 6 13 15 2 2 1 2 1 2 4 2 1 6 2 2 2 4 8 2 1 2 1 2 3 1 3 1 1 4 6 5 2 2 1 2 6 1 7 1 1 26 3 3 4 1 6 2 4 5 3 2 4 1 1 1 2 2 3 1 1 4 2 1 4 1
2 2 2 2 4 4 4 2 1 20 2 2 4 3 2 3 3 1 2 2 1 3 2 2 21 2 1 2 1 1 3 1 1 1 14 8 4 2 1 5 4 3 14 2 3 26 1 2 3 8 1 6 7 2 1 1 13 2 2 6 2 4 2 1 1 2 4 5 1 1 2 4 2 1 1 5 8 8 3 1 1 3 2 4 10 1 1 2 1 11 2 1 7 5 136 61 1 3 3 3 1 2 4 1 2 6 1 2 4 1 1 1 1 1 2 2 5 1 1 1 1 3 3 2 7 1 1 2 1 2 2 2 2 1 1 24 3 4 2 2 15 12 1 2 2 8 4 3 1 1 1 1 23 1 4 1 3 1 1 11 2 4 3 5 3 2 2 3 6 1 3 2 3 1 3 2 8 4 3 2 3 1 8 2 1 2 3 1 27 2 2 1 2 3 15 22 2 3 2 1
2 7 7 1 2 34 2 1 3 17 2 2 35 1 2 2 3 81 2 1 1 1 3 1 2 7 2 2 4 1 125 3 1 5 2 2 1 11 1 2 18 6 28 1 1 1 2 5 5 2 3 1 19 1 7 3 1 55 2 1 3 2 2 2 3 3 2 2 1 1 1 1 2 2 4 2 3 4 6 1 3 10 1 4 1 3 1 5 3 2 6 1 230 2 1 3 5 23 2 1 2 1 1 3 2 4 2 2 4 4 2 10 10 1 7 1 2 2 2 8 3 63 1 8 8 2 2 2 2 1 1 2 2 1 3 2 3 1 6 2 3 2 9 2 1 2 4 5 6 13 2 3 3 2 5 7 15 1 64 4 134 2 1 1 1 35 1 1 1 1 4 2 2 1 2 1 2 4 2 18 1 4 3 2 4 2 1 1 4 2 2 19 1 2 4 1 5 1 1 2
1 1 1 2 2 1 1 1 5 1 3 1 16 3 1 6 1 1 12 2 1 1 1 2 5 2 1 1 7 1 37 3 1 4 1 6 2 1 56 64 2 1 2 1 2 3 1 16 1 1 2 1 4 2 26 1 1 1 1 2 11 2 1 3 8 2 4 3 17 15 1 1 14 4 3 2 1 3 2 1 40 1 1 1 1 1 2 4 1 1 4 1 1 1 1 11 5 1 2 2 1 1 5 1 2 1 2 2 1 2 1 3 1 1 3 1 11 4 1 3 1 1 2 1 1 1 1 1 2 1 32 6 1 1 3 2 2 2 55 4 2 1 1 1 2 2 3 3 1 3 3 3 1 84 2 13 13 10 1 4 2 1 3 2 1 3 1 1 4 442 3 8 2 10 3 2 2 4 3 2 1 15 9 1 15 1 6 2 2 2 5 2 2 1 2 4 4 5 1 1
2 2 148 1 3 3 3 2 4 4 6 8 2 1 1 1 3 2 3 2 2 2 1 4 2 2 1 7 17 2 5 2 1 2 11 1 2 4 6 1 2 1 1 3 1 11 4 3 4 1 1 1 7 5 2 3 5 3 1 8 3 2 4 1 1 6 5 4 6 2 14 1 1 2 1 4 2 22 3 1 11 1 1 4 1 1 2 13 8 4 1 20 3 1 2 2 1 1 1 3 2 2 1 2 1 4 1 2 1 2 1 7 2 1 7 3 2 2 3 1 1 2 2 8 1 1 1 1 2 1 1 12 1 35 1 2 1 1 1 13 11 3 1 8 3 4 18 1 1 1 2 1 7 2 1 1 1 1 28 2 1 1 1 2 5 23 3 1 5 1 1 3 5 7 1 13 4 2 8 5 1 6 1 5 1 3 8 1 4 2 139 1 8 4 2 2 1 14 10 1
1 1 1 1 1 6 2 8 5 1 3 1 2 2 28 9 1 2 6 3 31 2 3 2 1 25 3 1 1 1 5 1 13 2 43 6 2 4 3 2 3 3 10 2 2 1 1 10 2 1 1 1 2 5 1 11 4 1 1 4 2 15 1 1 1 55 53 3 2 2 1 9 1 3 14 5 1 1 1 4 2 1 1 1 1 1 4 3 1 3 4 14 2 1 5 10 6 2 3 2 1 2 2 2 4 3 2 3 1 3 2 3 7 3 3 3 1 1 10 1 4 1 3 11 1 2 8 1 2 1 3 4 2 26 1 2 1 2 1 1 1 2 2 1 1 1 1 1 2 1 3 18 2 8 3 1 21 3 8 1 2 25 5 1 6 2 1 2 7 1 2 17 1 5 5 1 7 29 1 1 10 1 1 4 3 7 4 7 13 2 1 1 2 2 9 1 2 2 2 3
2 3 2 1 1 1 8 2 4 2 1 2 2 2 2 2 2 12 1 7 11 1 1 1 1 2 3 19 1 2 3 1 4 2 1 1 2 2 7 1 2 6 2 21 2 9 8 4 3 1 4 4 12 4 1 5 17 2 3 1 4 5 2 3 2 2 3 13 1 4 1 2 1 4 2 1 2 1 2 1 3 1 2 15 1 5 1 1 2 2 2 1 1 2 1 2 2 1 2 103 3 2 1 1 4 2 2 1 2 7 3 1 4 1 7 4 2 1 6 1 4 2 22 2 3 37 6 5 3 2 1 1 2 1 8 1 5 32 1 1 5 1 1 1 6 3 4 2 1 1 3 1 2 2 2 1 2 2 11 4 2 7 1 1 1 3 6 1 6 2 2 1 2 31 1 1 1 2 46 2 2 1 5 1 2 9 1 1 5 3 1 1 2 1 2 4 1 1 3 2
2 4 1 1 1 2 1 1 3 1 2 1 3 2 1 1 1 16 4 2 1 2 1 6 5 1 3 2 14 5 1 3 2 1 1 1 3 4 1 3 6 1 2 4 2 2 4 10 2 1 1 4 1 2 20 2 1 2 2 9 2 1 1 1 3 2 1 5 3 2 2 3 25 3 1 1 6 5 40 2 3 1 19 4 2 4 1 1 1 2 3 1 4 8 2 1 2 2 6 1 1 1 2 7 6 3 4 2 1 1 8 2 2 1 1 1 1 4 2 4 16 1 2 3 15 1 1 7 15 8 2 1 2 3 2 2 21 1 1 1 2 3 15 1 3 2 1 2 1 1 3 2 2 1 1 2 29 10 1 1 1 2 1 1 2 3 10 7 2 5 2 2 1 2 3 13 2 2 5 4 3 6 4 4 2 2 1 4 349 1 2 4 1 2 3 4 1 8 3 2
20 68 1 1 1 4 1 9 4 2 1 4 2 1 3 3 1 2 19 4 4 2 1 2 9 5 1 1 2 2 2 2 3 1 2 1 1 1 7 12 1 1 1 2 4 2 2 7 1 2 3 4 1 7 2 4 1 2 4 2 4 4 6 10 2 2 3 1 18 2 1 3 1 1 1 1 1 1 1 1 2 1 1 3 2 1 6 3 117 4 2 1 2 1 2 4 2 2 2 5 1 2 2 2 3 2 3 2 1 2 4 1 3 2 3 1 3 1 3 4 1 1 1 1 1 44 4 1 3 1 1 5 1 3 9 3 5 2 18 2 20 4 1 18 1 1 2 3 3 1 2 2 7 13 7 1 1 1 1 4 2 1 2 1 3 2 4 9 20 2 2 2 2 2 3 2 1 10 2 2 5 1 1 1 2 104 26 3 1 2 2 1 9 3 9 1 1 1 3 2
1 5 3 15 1 1 1 1 1 1 2 1 3 5 45 1 1 23 2 4 1 2 15 2 3 1 1 1 1 4 1 5 2 182 1 2 1 1 1 1 2 2 56 1 3 1 3 2 2 5 1 6 3 1 1 1 15 2 2 2 1 1 1 1 25 1 1 12 49 11 1 1 87 1 2 4 1 1 8 3 6 7 7 1 6 3 3 5 1 1 2 2 2 24 4 1 1 1 2 10 4 1 1 2 2 3 12 1 1 1 1 37 2 4 3 5 2 3 1 13 4 3 1 43 1 1 1 1 1 3 1 3 1 2 8 1 1 25 4 1 1 2 2 1 198 6 2 46 2 4 4 43 4 9 1 5 1 2 2 2 17 5 3 1 4 4 1 11 2 1 2 6 6 1 3 3 1 2 1 3 1 1 1 1 2 3 2 4 1 3 2 1 1 4 1 1 3 2 1 5
3 3 45 2 1 1 2 8 1 1 9 2 1 6 1 1 5 2 1 1 1 1 1 2 2 148 3 1 29 12 1 2 1 3 1 1 3 1 2 1 11 1 2 2 1 5 215 2 1 2 14 3 3 3 1 8 2 3 1 2 7 1 6 2 1 2 1 3 1 1 1 2 1 5 2 3 1 2 7 3 2 2 21 3 1 2 4 1 2 3 2 1 6 2 2 1 3 2 1 5 1 13 3 2 1 3 1 1 3 1 1 5 2 2 3 1 3 7 6 1 1 2 1 5 1 12 1 3 13 2 4 3 1 3 2 2 3 1 2 1 1 3 1 1 2 2 2 2 1 5 3 2 11 5 2 1 7 5 1 1 2 3 1 22 1 2 2 8 1 77 2 3 5 2 1 2 16 3 2 8 2 2 2 6 5 1 3 2 2 1 7 2 2 6 2 1 37 3 32 8
3 3 20 1 1 5 2 6 2 2 2 2 2 1 3 2 21 1 1 2 2 4 2 2 4 3 2 4 2 2 2 1 2 1 1 2 1 1 5 1 2 1 2 1 7 1 2 1 2 2 2 4 1 2 2 1 1 14 11 2 2 1 3 6 3 1 1 2 1 2 5 2 2 1 2 1 2 3 2 7 4 1 1 2 1 2 2 2 1 1 3 4 5 1 1 1 3 2 3 3 3 1 5 12 1 1 2 3 7 1 45 5 2 2 1 1 5 2 2 2 1 2 1 1 2 1 2 1 1 3 5 4 2 1 1 2 5 1 1 1 10 5 18 3 3 3 34 1 8 3 2 4 1 30 7 1 3 3 2 1 24 10 2 1 2 44 3 11 1 13 2 1 1 8 1 1 1 2 2 1 6 10 1 1 3 3 2 15 6 2 2 2 1 2 3 4 1 7 7 5
1 4 2 11 2 1 5 1 1 2 2 1 1 2 6 2 2 3 3 1 1 1 3 43 5 4 136 1 2 7 1 1 2 4 2 2 1 3 3 5 9 2 1 234 1 2 1 4 6 2 1 2 1 2 1 7 1 3 8 3 26 3 1 5 2 4 1 1 1 5 1 4 2 1 3 5 2 1 2 3 2 4 2 1 1 1 1 1 6 2 4 1 1 7 24 1 16 4 2 8 7 1 1 2 3 2 9 2 2 6 1 2 2 1 1 351 2 4 185 2 1 1 2 1 2 14 2 2 3 4 3 5 1 2 5 4 121 2 8 1 1 1 4 1 8 3 3 1 1 1 3 13 2 1 2 1 36 2 20 2 3 1 2 1 1 1 1 1 1 1 2 1 1 1 1 34 2 2 1 3 2 2 3 2 5 5 2 8 4 2 1 4 1 1 1 31 5 10 2 9
1 1 2 1 1 3 9 4 2 7 1 1 4 2 2 1 3 3 2 2 3 13 13 7 4 1 1 3 3 38 27 7 2 1 2 1 1 1 2 1 2 2 1 1 2 311 5 11 2 3 7 3 1 9 1 4 2 15 1 1 3 1 1 2 1 13 1 4 6 3 8 7 3 4 2 1 4 1 83 2 1 3 1 2 10 2 1 1 218 2 1 48 1 3 1 19 1 5 2 1 3 1 14 2 2 1 3 2 2 1 1 1 1 2 1 2 2 3 4 6 1 4 4 20 3 2 1 2 1 1 1 2 2 2 1 1 2 21 1 6 16 2 5 1 2 2 2 2 3 3 2 2 2 7 3 2 2 4 1 1 2 3 1 1 3 2 2 2 2 1 8 6 1 2 1 1 2 1 6 1 2 1 3 68 2 13 2 1 2 2 3 3 2 2 2 24 2 1 4 1
2 2 2 15 1 2 5 4 1 1 17 2 5 5 1 3 1 1 6 7 3 1 3 2 1 4 6 4 2 2 2 1 1 1 1 3 1 3 2 11 1 1 2 2 3 1 1 10 2 8 1 2 2 17 1 3 19 2 3 1 4 2 3 1 2 5 16 1 8 13 42 4 2 1 2 1 3 1 3 5 1 68 7 6 1 1 1 11 2 2 24 2 1 2 31 2 1 1 14 1 1 1 32 1 7 3 1 2 2 136 55 4 3 2 3 1 3 1 3 4 5 3 7 2 3 3 3 10 4 1 14 2 1 3 1 2 2 1 2 3 1 1 1 1 1 7 2 1 4 1 2 1 1 1 1 2 10 2 7 1 1 4 2 2 5 4 1 1 2 2 3 1 16 1 1 57 1 9 2 2 15 14 1 5 14 2 2 7 2 7 3 2 4 1 1 5 10 8 1 2
36 2 10 4 12 1 2 134 4 1 4 1 5 2 1 3 2 1 4 8 1 4 1 1 5 2 2 4 5 2 1 2 2 9 2 3 1 2 3 5 1 3 1 1 1 2 1 1 1 1 7 1 3 1 4 1 1 2 7 5 3 1 8 1 5 13 2 2 5 1 2 46 1 9 11 1 2 11 3 1 8 1 1 4 1 1 2 1 3 1 17 1 1 1 9 2 3 1 5 1 5 2 4 1 1 3 2 1 3 2 3 2 1 4 1 11 2 1 8 1 1 4 6 5 1 2 2 1 2 1 2 4 6 51 4 1 2 2 3 5 1 2 1 5 27 2 1 3 1 2 2 3 1 2 2 9 6 1 1 2 4 2 3 1 4 4 12 2 4 1 2 3 1 1 2 1 4 1 35 2 1 2 4 59 2 9 1 45 11 3 4 2 5 1 2 2 2 1 1 11
2 1 2 1 2 7 2 3 19 2 2 1 1 1 2 1 2 1 2 2 2 4 1 3 6 4 2 1 4 2 2 8 4 3 2 3 2 5 5 2 1 2 1 21 2 2 10 2 1 1 5 2 1 2 2 2 4 3 3 1 4 2 2 2 1 3 2 1 1 1 3 4 1 2 1 2 4 1 2 9 2 9 7 54 4 3 1 2 13 2 1 4 1 2 2 3 5 2 3 9 1 4 4 2 36 1 1 3 2 16 2 2 3 2 1 2 2 5 3 2 1 2 2 2 1 1 3 2 1 2 3 1 51 1 1 2 1 3 6 1 7 3 5 21 1 1 2 2 1 1 2 24 2 1 5 2 5 10 4 4 4 3 27 3 2 6 2 1 4 2 19 1 2 3 9 1 1 1 23 2 5 1 1 2 2 2 2 2 1 14 2 4 1 2 8 1 1 1 2 2
1 89 1 3 6 4 2 2 7 3 2 1 2 1 16 1 8 2 2 2 1 6 34 8 1 6 1 1 9 2 1 12 2 1 5 6 3 1 1 2 2 3 53 25 2 1 3 1 5 4 1 14 1 3 16 3 1 2 2 2 1 3 3 1 1 4 2 4 4 2 18 1 1 3 1 1 1 23 6 1 10 2 1 1 3 1 1 2 2 12 2 1 4 3 1 2 2 1 3 1 1 1 2 12 6 7 7 6 1 9 2 2 2 2 1 1 2 2 2 146 2 2 3 1 2 1 3 1 2 5 4 2 1 5 3 1 4 1 1 1 2 17 2 2 4 1 2 4 9 1 5 1 2 2 6 2 4 4 3 2 1 1 2 1 4 3 5 1 28 2 1 2 1 1 1 6 2 4 1 16 4 10 1 2 2 2 11 1 3 1 6 2 1 7 5 2 2 8 4 23
1 19 6 4 61 1 12 2 1 1 1 3 6 1 2 6 1 1 1 2 1 1 1 3 1 3 2 1 4 2 1 1 2 1 1 2 1 6 6 2 2 5 3 2 1 4 5 3 6 1 3 6 6 2 21 4 1 2 11 2 4 12 8 2 1 2 3 2 1 1 2 1 1 2 42 2 1 1 19 3 2 23 7 1 6 3 5 22 1 3 1 3 2 2 4 2 1 4 3 3 1 2 4 4 12 1 3 3 1 1 2 6 8 1 1 1 3 1 2 1 1 1 2 7 35 2 1 2 2 2 1 3 2 1 3 3 220 3 3 2 2 2 5 2 2 1 2 14 1 1 55 2 1 4 1 2 2 7 1 2 3 1 2 1 1 3 2 1 2 2 6 2 1 9 3 2 10 3 3 2 2 1 1 1 1 5 1 11 1 2 1 2 1 2 3 2 2 2 1 1
2 2 6 2 15 2 2 2 6 2 18 3 2 3 2 2 12 1 3 11 5 2 5 12 2 2 1 2 2 4 1 1 2 2 1 11 20 1 1 9 6 1 1 1 3 3 1 164 1 6 7 2 10 7 1 1 135 3 3 4 4 1 5 66 2 18 2 1 1 1 2 1 1 3 1 6 279 1 11 2 1 3 1 24 4 7 3 1 2 4 1 1 1 1 2 1 1 16 24 4 2 3 12 5 1 1 1 2 5 1 7 1 2 200 2 41 2 1 3 1 1 1 2 1 2 1 2 2 5 6 19 2 1 2 1 2 1 1 22 2 10 1 2 2 3 4 1 2 3 2 2 482 1 2 2 2 4 1 1 9 1 4 1 110 4 20 3 2 3 3 1 2 1 9 2 1 1 1 13 2 1 2 1 1 2 7 2 1 8 1 1 1 4 1 1 2 2 9 2 4
2 12 15 2 165 4 1 2 4 2 6 3 2 1 2 2 2 2 2 1 2 1 2 1 1 2 2 5 2 5 3 1 2 7 1 11 1 1 4 1 1 1 3 3 3 10 19 3 1 1 5 1 1 2 1 3 1 1 2 117 3 2 2 1 1 3 3 3 1 3 1 245 1 5 28 2 2 3 1 2 5 10 1 1 2 1 3 1 3 6 2 3 4 5 1 3 1 3 3 2 1 3 3 2 7 8 3 9 4 2 2 2 3 2 1 2 3 1 1 7 1 12 1 1 3 2 6 2 4 1 3 1 1 3 48 1 2 2 1 3 1 1 2 1 1 6 12 12 1 3 1 1 1 3 2 1 5 1 2 3 3 3 19 1 3 4 15 10 2 12 4 2 2 1 4 5 3 3 1 3 3 4 2 3 9 1 1 1 4 3 1 3 2 2 1 1 4 2 39 2
2 4 2 2 2 5 3 4 2 1 1 3 1 2 10 2 70 2 1 3 2 1 3 1 1 1 1 13 2 17 4 1 5 4 2 3 2 2 3 2 37 2 1 2 9 2 1 1 3 41 2 2 4 2 3 2 2 1 4 1 1 12 2 3 2 34 4 6 14 2 2 3 16 1 27 3 2 2 1 8 2 1 1 1 3 11 1 6 2 1 1 2 1 4 1 1 1 5 2 1 2 1 1 1 1 3 2 2 1 3 5 1 1 3 2 9 14 7 5 6 5 1 2 2 3 3 2 2 6 6 2 2 1 1 8 6 2 33 1 2 1 2 2 1 1 10 2 1 1 1 1 22 2 25 3 2 2 1 1 5 1 2 1 1 1 3 1 11 2 2 13 1 3 2 1 1 3 1 9 1 2 3 1 1 1 4 1 1 9 2 4 6 2 1 4 6 1 5 5 2
2 12 2 5 3 1 16 1 1 2 1 1 1 8 1 2 3 19 5 4 1 6 8 1 1 1 5 4 1 2 3 2 2 1 1 2 3 1 4 1 1 2 5 2 1 4 1 2 1 2 1 1 1 1 10 3 2 2 1 1 1 8 1 2 12 1 8 1 3 2 2 12 1 8 1 2 6 3 5 2 2 1 1 2 5 3 1 19 1 1 2 18 5 1 1 3 2 1 2 1 2 3 1 2 4 2 2 3 2 6 2 2 1 2 3 1 1 13 1 6 4 1 2 11 1 4 8 17 3 4 10 13 4 5 1 1 1 2 11 1 4 2 50 59 1 1 4 2 1 10 2 1 4 5 28 4 12 1 1 1 2 3 2 5 1 4 2 2 3 3 5 2 1 2 1 4 2 2 1 3 3 3 2 3 2 14 1 1 57 10 2 2 1 1 3 1 3 11 1 5
9 1 3 12 1 1 2 8 2 11 4 1 1 5 6 1 11 2 3 2 14 4 3 1 5 1 1 1 10 1 2 1 25 1 2 1 2 1 2 3 3 1 4 1 1 1 4 2 2 2 2 2 1 3 2 16 3 3 1 2 1 2 2 3 1 3 1 21 2 94 3 2 2 2 2 2 10 5 3 1 1 5 11 1 3 2 6 3 2 1 5 1 1 9 5 7 3 1 23 2 45 5 1 2 2 3 1 2 2 2 3 1 1 4 81 2 29 1 1 1 1 2 1 1 2 1 2 4 1 2 3 2 2 2 3 1 6 1 1 2 11 1 9 3 1 6 1 7 1 3 1 1 5 7 5 2 2 2 3 1 1 1 52 1 2 1 2 2 3 1 2 2 1 6 6 6 3 2 1 4 1 1 5 9 1 2 2 1 2 18 79 1 13 1 1 1 1 1 2 2
2 2 6 1 1 1 25 2 8 1 3 2 1 3 6 1 2 2 2 1 2 2 2 1 3 43 15 3 8 2 7 1 1 2 1 2 1 21 1 2 8 1 1 1 2 1 2 2 1 2 1 1 1 3 2 5 1 3 3 3 2 1 2 1 4 1 1 2 2 2 2 2 2 1 2 2 2 4 4 1 7 2 2 1 1 2 2 7 1 2 1 3 3 4 1 1 3 3 8 1 158 1 3 1 43 6 8 8 1 2 13 6 3 2 2 1 3 2 1 2 2 2 3 1 2 7 2 4 1 1 1 2 1 1 10 1 1 2 1 1 1 152 2 2 2 1 1 11 1 1 1 7 5 3 2 7 1 3 6 5 1 2 1 2 5 1 2 1 1 2 1 2 10 2 1 3 4 3 2 1 1 2 3 13 4 3 2 1 7 1 2 22 1 2 21 2 2 2 1 1
2 1 9 4 2 1 1 2 1 6 3 2 2 2 1 2 19 1 1 1 1 1 8 20 1 4 2 1 3 2 1 1 6 1 3 55 3 1 5 1 11 2 1 3 1 3 1 5 4 1 2 2 2 1 1 3 4 3 4 2 38 2 12 120 5 1 2 54 1 13 2 1 1 1 1 3 7 4 2 1 2 1 3 2 3 13 9 2 1 30 17 6 2 6 1 9 29 3 1 1 5 3 3 1 2 3 12 85 4 1 49 1 47 3 38 4 1 3 4 1 2 1 1 2 1 1 1 3 16 5 3 2 1 2 2 2 2 2 1 3 1 1 1 4 6 3 2 1 1 2 4 1 5 4 2 2 6 12 16 2 2 1 2 1 4 1 2 1 1 2 1 3 1 1 32 2 3 1 1 13 2 2 1 5 3 2 2 1 2 2 1 2 2 1 2 2 12 413 4 2
3 2 1 4 2 3 2 2 2 2 1 2 2 4 3 5 1 12 2 1 5 1 4 3 1 2 1 7 1 4 5 2 1 54 4 3 2 1 1 28 2 3 3 9 3 2 5 16 2 2 2 1 2 1 4 2 2 2 2 1 1 2 4 5 1 2 3 1 8 193 3 14 1 2 2 2 31 2 2 4 1 8 2 1 3 1 1 1 2 2 3 2 1 8 1 9 2 7 1 2 1 4 10 236 15 3 1 23 1 3 2 24 5 1 1 2 7 7 1 1 2 6 1 5 4 2 2 2 2 1 1 3 2 3 2 1 1 2 3 1 2 8 11 1 2 1 1 5 4 2 30 3 1 2 3 1 1 1 1 6 15 4 2 3 2 1 15 2 1 2 3 1 1 1 1 1 1 2 3 6 4 3 5 7 18 2 2 2 1 4 2 18 1 5 3 1 3 3 3 3
3 1 2 5 1 3 2 1 3 3 14 38 1 10 3 4 1 1 3 1 3 1 3 5 3 5 210 17 3 1 3 2 16 11 2 3 9 2 17 2 18 1 1 3 4 9 1 4 4 6 1 2 2 2 2 1 2 2 8 1 2 2 1 1 11 2 1 3 1 2 3 1 2 2 1 1 1 1 1 2 2 1 1 5 16 5 17 11 1 1 9 1 4 9 2 1 23 3 3 2 1 2 1 3 2 25 1 1 2 2 213 2 1 1 2 2 4 1 5 1 3 3 2 2 1 2 1 31 2 1 1 2 2 2 9 4 7 1 23 4 2 109 2 1 4 2 1 1 1 1 7 4 18 4 2 6 1 1 2 3 3 2 51 3 1 1 4 2 1 1 2 2 2 4 2 1 1 12 2 1 75 4 99 1 4 2 6 10 1 1 16 1 1 16 2 7 1 6 1 5
2 77 2 1 30 3 2 2 3 1 2 1 2 1 1 2 11 2 2 2 7 1 3 4 5 4 1 3 2 3 1 2 2 1 1 22 5 2 2 1 3 2 1 1 94 2 1 1 1 2 1 1 1 3 1 5 1 16 1 9 1 2 1 48 8 2 28 6 2 2 2 2 2 2 5 2 1 2 10 1 9 2 1 11 1 1 1 2 1 1 5 2 2 3 55 1 1 2 1 1 1 2 2 2 3 3 1 2 1 9 2 1 36 1 3 1 1 1 2 2 3 1 11 4 10 3 2 2 2 1 11 8 4 2 4 13 2 2 1 4 2 3 14 3 1 1 3 8 3 1 2 24 1 3 1 1 4 2 2 2 2 1 1 1 1 1 1 1 4 2 9 2 1 1 1 4 1 6 2 7 1 8 2 3 1 5 7 1 3 15 4 4 4 2 1 3 1 1 7 5
1 17 3 1 2 41 8 12 1 1 3 2 1 16 4 8 5 4 1 1 1 12 2 2 1 1 33 1 2 2 7 1 2 3 1 1 14 1 2 1 2 5 2 1 7 2 3 2 2 1 2 6 2 3 2 5 10 116 9 3 10 3 8 2 1 1 4 1 3 1 2 1 3 2 2 1 2 2 56 10 1 2 3 3 7 3 1 3 2 31 1 1 7 1 1 2 5 3 2 3 2 3 3 5 1 4 2 2 2 1 1 2 3 2 5 2 2 5 1 2 2 4 2 1 35 1 3 1 1 1 1 2 2 3 4 1 1 2 4 1 2 1 2 7 8 1 5 3 3 2 1 3 1 2 1 1 7 1 1 9 2 3 1 1 1 1 2 1 1 1 4 2 1 10 18 1 17 3 1 18 8 1 7 2 2 1 4 3 1 13 2 1 5 1 2 2 13 2 2 2
16 3 1 2 1 32 1 1 4 6 3 6 2 1 13 1 1 3 1 1 1 1 2 2 4 4 1 6 1 10 3 3 1 2 2 7 1 1 2 2 2 3 31 2 5 3 24 4 1 1 5 2 1 1 3 1 2 2 10 1 5 2 2 1 17 1 1 2 1 2 1 1 2 2 2 6 1 2 7 1 1 1 1 1 39 2 1 13 5 2 1 12 2 16 1 1 422 2 2 2 1 2 2 4 1 3 1 2 2 1 1 2 1 18 1 1 1 1 1 1 4 8 3 2 2 20 1 2 1 1 2 2 3 5 1 1 2 3 3 1 2 4 23 2 1 4 15 4 18 4 1 2 2 1 2 1 2 1 2 1 413 2 2 1 4 2 13 5 1 2 5 6 10 2 11 2 1 1 2 3 8 1 2 1 1 1 3 2 2 5 4 11 3 4 5 3 2 3 2 7
4 2 1 4 1 3 3 2 1 1 12 1 14 3 1 36 8 9 3 1 10 2 127 2 7 1 2 1 2 1 1 1 6 1 3 7 3 1 4 2 3 7 1 2 2 2 2 1 1 18 2 2 2 1 5 3 1 1 4 1 2 2 14 2 4 2 317 2 6 1 1 2 2 1 1 10 1 4 1 22 2 2 4 1 1 3 1 1 1 3 8 1 1 5 2 6 1 2 1 1 2 1 2 2 2 3 3 2 1 2 2 2 18 41 3 1 4 1 1 2 1 4 1 2 4 1 11 1 2 1 3 1 2 4 1 27 2 28 1 1 1 1 2 9 20 5 2 3 11 2 2 7 10 8 3 1 3 6 2 3 1 1 2 3 4 44 3 3 1 2 1 7 3 2 2 3 1 1 3 1 2 2 2 9 7 1 1 5 8 3 1 1 1 27 35 2 2 2 1 7
1 3 1 2 2 1 9 1 1 21 2 8 3 1 1 2 1 4 1 2 1 1 1 4 67 1 1 1 21 2 5 3 1 1 4 2 2 4 2 8 3 1 2 3 4 1 1 2 6 1 5 2 2 1 1 2 3 1 3 1 5 24 2 1 3 10 1 2 1 1 4 112 15 1 1 1 34 1 2 2 1 4 3 1 11 1 1 8 2 1 1 1 21 1 3 1 3 2 1 2 2 11 1 2 1 1 2 1 3 6 1 6 1 2 5 1 1 3 4 1 1 1 2 235 1 3 9 1 3 2 3 2 3 2 1 1 66 3 2 1 38 4 1 1 1 110 2 2 1 3 8 2 4 2 3 2 2 8 21 2 1 2 1 1 2 2 1 312 2 23 2 1 2 30 3 12 1 86 24 6 3 2 2 20 2 45 2 6 1 3 11 4 1 1 2 2 21 3 1 1
2 9 3 1 1 6 1 1 2 2 8 5 1 2 207 3 1 7 2 2 2 8 2 3 1 1 2 2 3 1 2 5 2 2 1 6 1 2 3 2 20 2 1 1 3 1 1 2 5 5 1 2 1 3 1 1 2 3 10 1 2 3 9 2 2 2 1 3 11 13 1 2 5 21 2 1 8 8 1 21 2 3 3 1 1 1 3 2 2 2 2 5 2 2 1 2 1 8 2 1 1 3 1 1 1 8 2 1 21 2 2 2 2 2 1 5 116 5 2 1 1 1 1 1 5 1 1 1 4 1 2 7 3 128 3 1 14 3 4 7 1 8 1 6 1 1 5 1 1 7 1 2 3 2 1 1 4 2 1 2 1 1 23 4 26 2 2 9 2 3 1 2 5 5 6 3 10 4 1 1 1 3 1 4 6 15 4 1 1 2 2 2 8 2 6 1 1 2 1 1
2 9 44 1 1 3 1 7 3 5 1 1 4 2 2 1 2 1 1 2 1 2 6 2 2 8 1 3 10 1 3 3 1 1 3 55 2 1 1 1 1 3 2 2 1 1 1 3 3 2 2 1 1 2 4 1 1 1 3 3 4 1 1 3 3 1 15 1 2 5 1 3 2 1 3 20 4 132 2 7 2 42 3 1 4 3 1 11 2 2 5 1 2 3 3 1 5 1 1 1 9 11 1 6 3 4 1 4 7 1 10 2 3 2 2 5 3 54 3 32 2 2 3 1 12 4 3 1 1 3 2 4 5 1 1 2 1 2 1 1 2 42 3 5 2 3 4 2 10 50 1 3 5 5 122 1 1 8 1 3 1 2 2 8 2 4 1 2 1 42 1 1 1 1 2 2 1 2 7 3 1 1 7 1 1 1 1 12 1 9 2 5 2 1 2 19 3 2 1 17
12 6 1 2 1 4 2 2 1 4 3 1 1 2 2 1 2 1 1 2 2 9 1 2 7 2 4 1 1 2 2 11 3 1 2 2 1 5 1 1 3 7 1 2 3 1 14 1 1 1 2 2 1 4 1 2 4 3 1 2 1 2 1 2 1 2 1 9 1 12 1 1 12 8 4 2 2 2 2 1 2 118 2 1 3 2 1 1 1 31 1 3 8 2 7 25 52 2 2 1 1 1 1 2 1 1 3 1 1 3 2 2 13 1 3 4 1 1 2 1 1 1 2 1 1 2 1 1 2 80 4 3 5 1 1 7 1 7 1 5 8 1 1 1 12 2 1 3 1 2 2 8 1 2 3 1 1 1 4 2 10 1 1 2 19 3 2 1 2 3 10 1 6 3 4 4 2 1 2 1 3 1 1 1 2 2 5 14 30 1 3 3 2 1 2 1 2 51 2 1
1 2 2 3 3 1 4 4 1 10 1 26 1 2 1 1 1 1 1 1 2 2 1 1 5 45 2 5 8 2 4 48 2 1 2 3 5 1 1 1 1 2 1 8 3 2 2 2 2 1 3 1 2 2 5 1 1 2 22 1 5 1 6 13 2 6 12 6 3 2 1 2 2 1 19 1 3 8 3 3 1 1 3 1 1 6 1 3 2 1 8 46 4 5 1 4 23 1 8 63 1 2 1 1 2 2 1 1 1 1 1 3 1 3 6 3 4 3 4 3 9 2 2 4 3 2 1 2 10 2 9 4 1 1 2 1 5 1 3 3 8 1 1 1 1 12 1 1 3 2 1 2 3 7 3 1 1 4 1 3 1 1 1 5 2 2 1 1 4 2 1 3 2 1 2 5 3 3 6 2 2 1 1 1 1 2 2 1 2 1 2 3 11 2 2 34 1 1 1 3
1 3 214 1 3 13 2 7 1 1 1 2 6 4 2 5 1 5 3 1 1 6 2 2 1 1 1 9 2 1 2 1 37 1 3 29 1 2 1 1 11 2 1 4 3 2 4 2 6 6 2 2 1 1 23 1 1 1 23 2 2 4 1 3 74 1 2 2 1 216 1 3 2 2 2 1 1 4 14 26 3 1 2 1 4 8 4 2 8 1 5 2 28 38 3 91 3 1 5 1 3 2 1 1 3 1 2 1 1 3 1 2 2 1 3 2 1 2 1 1 5 1 2 1 23 1 4 5 2 3 6 3 2 1 2 2 2 1 1 1 1 4 58 1 3 10 1 1 8 2 2 3 1 2 4 2 2 3 2 5 3 4 1 3 2 4 3 46 1 2 1 2 2 11 1 3 2 2 8 1 92 3 1 2 2 9 1 3 1 1 2 4 102 7 1 3 4 1 7 1
9 1 1 14 1 3 1 15 2 15 1 1 3 1 3 1 2 1 1 1 2 2 1 1 1 2 1 35 1 3 20 2 4 4 10 9 5 1 2 1 2 2 2 37 1 1 1 1 2 2 9 1 2 1 2 1 1 3 7 1 1 4 4 12 5 1 5 2 3 11 2 9 2 1 2 2 2 9 1 3 4 9 9 1 2 1 3 4 2 2 1 2 17 4 3 2 4 2 9 2 1 2 1 2 8 1 4 13 4 1 4 1 3 6 1 1 7 1 1 2 7 2 4 2 2 7 2 2 1 1 1 135 4 2 2 2 1 12 1 1 5 1 1 1 7 1 1 2 4 2 3 4 1 1 5 2 2 4 2 3 3 1 1 2 7 3 1 1 4 2 1 9 5 1 1 3 2 2 1 1 4 16 3 5 3 1 1 2 1 1 6 1 21 2 2 1 2 6 14 2
2 1 7 5 1 6 23 11 12 1 1 1 12 24 1 1 1 5 2 7 1 2 6 3 41 4 1 12 6 16 3 12 3 1 4 1 2 3 2 1 2 4 7 20 3 24 4 1 1 2 8 2 5 1 1 5 1 2 4 2 2 2 1 3 1 13 1 4 5 2 1 2 4 3 2 26 10 1 3 1 12 2 338 1 19 1 1 1 1 3 5 2 1 178 13 6 1 13 2 6 2 3 1 1 4 2 4 127 1 1 2 1 1 1 4 7 6 1 21 3 1 3 1 1 15 1 7 6 1 7 2 2 1 1 1 4 3 5 2 25 1 2 45 20 3 1 2 3 2 1 3 2 2 2 9 13 20 1 1 1 2 2 2 5 3 10 2 5 2 4 1 2 2 7 3 3 47 1 4 1 1 27 5 1 1 1 1 31 2 3 9 1 3 16 6 2 3 51 1 4
2 3 1 1 2 481 30 1 4 1 1 4 2 6 8 1 1 1 5 3 1 1 1 1 7 2 4 1 1 1 1 4 3 4 10 1 1 2 2 2 2 9 1 7 1 18 2 2 2 1 1 1 1 2 2 3 2 1 1 3 28 59 17 7 2 4 5 39 2 2 2 113 8 1 9 2 7 56 6 13 1 4 1 6 3 2 6 1 1 26 1 4 5 5 1 4 56 2 3 10 2 6 2 5 10 2 8 1 2 1 4 1 1 1 1 2 2 10 10 7 1 2 12 2 2 13 2 1 2 2 5 2 2 1 1 1 3 3 11 2 3 1 3 1 2 2 1 4 2 4 5 202 4 2 3 33 10 1 1 1 5 2 1 5 1 2 4 2 3 41 1 2 1 3 1 8 3 3 9 2 20 4 1 13 4 2 2 8 2 8 16 2 4 1 1 4 1 13 3 8
16 1 1 4 5 1 1 3 1 1 1 1 2 35 115 3 6 4 3 3 1 8 2 2 1 1 11 1 5 4 1 3 2 2 5 2 5 4 9 2 17 24 7 2 2 1 3 1 3 14 4 2 4 2 6 2 2 1 12 2 2 2 36 3 3 5 1 2 10 16 2 1 1 10 4 2 5 1 1 1 1 2 6 5 2 2 1 191 2 4 3 5 1 2 2 1 3 6 1 9 5 7 59 1 3 3 17 1 3 2 20 5 4 2 1 2 2 1 3 2 1 2 2 4 2 1 2 3 1 173 2 6 1 3 1 1 1 1 45 2 5 9 4 1 1 1 2 4 9 1 2 1 6 160 2 1 2 5 1 2 1 1 20 1 1 1 1 1 5 2 1 1 3 4 2 2 1 2 11 2 1 7 5 1 4 3 3 2 1 3 6 3 1 1 2 1 1 1 2 9
1 1 8 2 1 2 3 5 5 2 9 2 7 2 1 37 4 1 4 2 4 1 2 2 19 1 12 1 1 5 1 1 2 6 2 1 3 2 3 1 1 27 1 6 4 3 4 3 2 11 1 1 1 3 8 1 2 1 39 4 2 2 2 2 3 11 1 11 7 9 2 2 5 2 2 2 15 5 3 3 6 12 1 2 1 3 3 1 1 6 16 3 2 3 3 1 1 2 1 6 5 1 1 1 2 1 2 1 2 13 2 2 3 1 2 2 1 3 7 1 2 3 1 3 2 7 1 2 1 8 6 1 1 1 15 5 2 3 1 2 3 1 13 1 1 2 1 2 10 4 1 2 3 29 1 1 3 4 2 2 5 2 8 5 4 1 1 8 4 1 7 1 1 1 2 1 2 10 3 3 3 1 2 17 9 13 2 1 2 4 6 2 2 1 1 4 1 1 2 2
1 1 2 7 76 1 6 1 2 3 6 1 99 1 1 2 1 2 1 3 4 1 1 1 3 2 1 1 4 3 1 1 3 2 1 2 4 2 2 2 23 1 1 2 3 1 12 5 4 2 2 1 4 2 64 1 1 1 1 12 2 1 1 4 2 3 4 6 1 1 2 6 3 1 3 2 11 3 3 3 1 6 1 1 1 3 3 1 5 5 2 1 9 2 3 7 1 3 34 1 1 1 1 3 9 2 1 5 4 2 1 3 2 1 5 3 1 2 1 28 5 7 7 4 4 1 1 5 1 3 6 1 1 1 1 2 2 1 3 3 2 1 1 1 2 1 1 1 3 2 2 2 1 27 9 1 2 2 2 2 5 2 3 2 1 1 9 1 11 6 10 2 2 2 6 1 1 2 1 1 1 1 6 28 3 11 2 3 2 3 11 1 1 2 1 1 1 5 32 2
1 1 2 2 1 28 2 2 2 4 1 7 2 5 2 3 1 2 1 7 5 1 1 2 1 2 4 201 1 9 1 4 1 1 1 8 3 1 2 41 1 41 3 106 1 1 2 18 3 2 64 4 3 2 1 3 3 2 2 2 37 3 4 1 1 2 1 1 2 2 1 1 1 1 12 2 3 2 2 2 5 11 4 3 2 1 1 23 2 2 7 2 3 4 1 2 3 3 1 1 6 2 2 2 1 3 8 73 3 2 3 2 3 2 3 2 3 2 4 3 1 7 1 6 2 6 1 10 2 8 1 1 1 2 7 2 2 2 23 8 1 1 1 21 2 3 5 7 2 2 2 1 1 17 1 1 2 7 3 2 1 2 10 2 1 2 2 1 2 1 5 2 2 1 1 6 2 1 3 5 6 3 1 4 15 1 3 1 1 3 5 1 1 2 1 1 2 1 1 1
2 2 2 2 1 1 2 2 12 1 18 1 6 2 2 5 1 8 1 3 2 1 15 122 4 19 13 4 35 1 1 2 2 2 1 25 3 2 2 1 2 2 3 1 5 2 6 4 1 1 14 1 127 1 2 6 3 2 5 5 1 3 1 3 1 1 2 5 10 1 7 1 2 1 2 2 25 1 10 1 3 58 5 3 3 6 3 3 1 5 1 1 8 13 1 4 3 3 3 2 1 8 2 2 19 1 1 4 3 2 3 2 2 3 2 2 1 1 16 22 1 2 1 33 2 1 3 1 245 2 1 38 1 2 1 1 1 4 2 66 13 1 6 3 238 2 2 1 14 9 3 10 2 1 1 1 2 4 2 2 2 1 5 2 2 2 2 3 8 1 1 2 1 7 9 7 2 3 3 4 2 2 3 2 8 1 2 26 2 3 1 13 15 1 1 2 1 8 1 1
115 1 2 1 1 6 2 1 3 4 2 2 4 2 2 2 2 3 10 406 1 7 2 1 1 1 1 3 1 5 4 1 13 9 1 2 2 4 3 11 2 2 3 2 4 2 3 1 3 3 1 4 2 2 20 3 1 1 3 1 1 2 2 7 3 1 2 3 1 1 2 2 3 4 2 1 1 1 2 5 1 8 4 7 3 1 2 7 5 3 5 2 11 1 2 2 4 1 4 17 2 4 1 1 5 2 1 19 2 7 2 2 1 1 1 1 2 1 1 2 2 2 1 1 2 2 2 1 4 7 1 2 3 1 2 3 1 69 3 1 6 1 2 5 7 2 1 22 2 2 3 3 2 18 2 118 2 3 2 2 11 1 1 1 4 2 1 9 2 2 1 2 4 1 1 1 4 2 1 30 12 10 1 1 2 2 8 2 3 5 88 5 7 8 3 8 5 2 3 5
1 3 3 2 2 2 19 18 17 1 6 4 2 2 2 1 6 1 4 1 1 19 6 2 5 11 1 2 1 5 2 3 1 1 2 3 2 2 78 2 2 1 5 1 1 2 3 2 6 4 3 3 1 3 1 2 6 2 2 2 6 2 8 2 13 1 21 2 1 1 7 1 4 2 1 2 1 1 1 1 1 2 2 1 2 2 1 2 2 2 3 2 9 1 1 2 65 2 1 14 10 4 2 4 3 4 2 2 1 2 1 1 2 1 3 6 1 2 2 1 3 2 355 2 1 1 19 2 25 6 2 8 1 2 3 4 2 2 5 7 1 2 7 16 3 1 59 1 3 1 57 2 19 6 2 2 1 2 1 2 1 1 2 1 1 2 4 1 1 2 2 2 74 70 12 3 3 1 1 1 3 2 28 1 2 3 1 4 1 11 1 1 8 2 5 4 17 1 7 1
1 1 1 2 6 36 4 2 24 8 28 2 2 12 1 1 13 2 1 3 1 1 1 2 6 7 1 2 1 2 5 1 6 2 1 1 1 1 1 267 1 3 2 1 2 1 2 68 1 1 18 4 6 3 2 11 5 1 1 1 37 6 5 1 7 1 7 1 2 4 2 21 1 1 3 16 1 3 2 2 5 1 2 1 2 1 1 46 4 2 3 2 1 5 4 2 2 1 9 9 2 2 1 3 1 2 4 4 4 6 3 1 33 1 2 3 5 24 2 1 4 1 6 2 2 1 3 4 31 2 1 3 9 1 3 7 2 30 1 9 1 2 1 1 6 2 4 2 2 1 1 37 2 3 6 1 1 2 3 4 2 2 1 2 1 1 1 1 1 1 15 8 2 3 107 3 15 2 1 2 2 3 1 2 12 1 3 5 1 40 5 3 2 3 2 5 1 2 2 3
1 4 1 3 2 3 5 3 2 4 1 2 3 3 2 5 2 2 2 2 2 4 1 1 1 4 9 3 3 1 3 1 22 48 2 1 1 1 3 1 4 2 33 4 2 2 3 10 2 7 1 2 2 3 5 1 2 4 2 3 6 1 7 1 7 1 3 2 1 160 1 2 2 18 46 2 1 7 1 2 3 1 2 4 3 7 2 3 1 2 1 1 1 5 1 1 1 2 1 1 4 12 6 1 5 1 1 8 1 1 2 2 12 21 1 17 1 2 2 12 1 2 3 2 15 2 2 2 2 43 5 3 1 1 1 1 2 1 2 2 8 2 6 2 1 2 1 1 2 3 1 2 2 1 26 4 3 1 1 1 2 2 2 2 49 2 2 1 88 5 2 1 4 2 4 2 3 1 1 8 1 2 2 2 2 2 13 1 12 1 1 1 2 1 2 2 2 6 3 1
1 3 1 2 2 2 2 2 1 2 3 2 2 1 1 1 2 1 2 2 2 1 1 2 3 1 1 6 1 1 3 1 3 1 306 1 3 3 6 1 5 9 3 15 2 1 4 2 3 2 2 3 1 2 1 4 2 1 1 128 1 1 2 1 2 45 1 2 2 11 3 1 2 41 2 3 4 3 2 1 1 2 2 1 1 19 6 3 2 3 2 2 1 1 1 2 7 2 13 11 44 2 3 1 2 8 6 2 4 11 41 4 7 4 1 1 4 2 1 2 2 1 5 2 5 2 1 1 1 1 3 3 2 31 3 1 13 21 1 1 6 7 2 1 1 1 2 5 29 9 1 1 1 6 8 2 3 1 20 5 3 1 2 1 1 2 5 1 2 6 7 1 1 3 30 2 7 5 1 3 2 6 1 2 1 3 2 1 2 2 6 12 4 3 1 5 8 2 4 10
2 1 2 3 3 1 3 2 35 1 3 1 3 1 1 2 2 1 3 1 2 1 2 4 1 1 2 4 25 2 1 1 1 2 3 2 9 7 11 2 1 23 4 2 11 1 3 2 2 1 2 8 1 2 9 11 2 1 2 2 1 5 2 1 1 1 1 1 11 5 3 2 5 12 2 4 1 5 1 8 1 1 14 1 2 1 11 2 2 1 2 1 492 3 4 55 5 3 3 1 26 1 2 2 1 1 1 3 1 2 1 3 2 1 1 4 2 1 2 4 2 1 2 6 1 2 1 4 2 3 1 9 3 1 4 1 3 1 1 2 1 1 33 2 2 1 1 10 1 1 1 37 3 1 11 1 1 2 2 1 6 1 240 4 1 1 1 1 1 2 1 1 4 4 1 1 1 2 10 1 3 3 7 1 8 1 29 1 4 4 3 5 3 2 2 2 61 3 4 11
8 2 4 74 12 2 2 3 1 1 5 2 2 1 6 1 5 1 7 8 1 2 1 1 1 4 2 2 2 1 1 1 1 2 76 2 2 12 7 7 2 2 2 1 2 6 1 2 3 2 4 1 2 5 2 2 1 2 9 17 1 2 1 4 4 1 12 1 6 2 5 1 2 2 1 54 31 39 1 1 5 1 1 1 2 1 1 2 1 2 17 6 1 3 7 1 1 1 2 3 2 1 3 2 3 2 2 2 1 1 8 4 1 10 1 3 2 33 2 1 3 1 3 3 86 1 1 1 2 2 4 2 1 7 2 2 19 1 1 2 1 7 2 1 2 1 2 2 2 1 263 119 1 4 1 1 2 8 20 2 2 2 2 87 1 1 76 3 1 1 1 4 2 1 15 1 4 1 3 2 1 2 27 1 2 35 2 2 2 6 36 1 1 17 3 2 2 1 3 2
2 2 1 182 1 5 2 1 1 4 3 2 2 1 2 2 1 2 2 11 2 2 9 2 1 2 6 1 1 4 2 5 1 2 14 1 15 5 37 5 6 1 2 2 2 7 2 1 9 7 1 1 2 38 3 5 2 1 1 1 13 1 4 4 2 2 8 6 2 1 2 2 12 2 3 1 11 3 1 2 1 2 1 2 4 2 9 1 2 3 2 1 1 1 8 3 3 1 1 4 1 2 3 2 1 2 11 16 15 2 20 2 2 5 9 2 2 117 2 11 6 2 1 20 3 2 1 1 24 1 1 2 2 2 3 2 3 2 1 3 1 32 2 5 3 1 106 2 4 2 2 1 1 3 2 3 2 4 2 1 1 4 1 1 1 2 1 1 3 3 3 1 1 5 2 3 2 1 1 3 2 8 2 22 1 1 4 1 2 1 2 17 1 4 2 3 1 2 4 1
2 6 1 4 1 1 1 2 2 3 3 2 2 3 1 414 1 2 1 10 2 2 1 14 101 23 2 4 3 4 34 5 2 3 1 2 1 3 2 1 3 1 3 4 49 2 2 2 19 2 1 3 1 1 176 2 1 2 29 3 1 2 1 3 1 10 2 16 1 25 2 3 3 1 2 5 2 2 3 1 1 4 1 15 2 2 2 4 2 4 6 8 2 1 1 2 1 1 12 217 1 8 3 5 1 3 1 5 1 1 2 32 1 4 1 3 1 2 3 2 1 1 2 2 1 2 4 1 5 1 1 2 5 15 1 4 4 9 1 2 1 15 9 4 11 5 2 5 6 4 2 2 1 2 6 1 2 1 2 4 3 2 1 2 1 3 6 1 1 5 95 2 23 2 2 1 4 1 3 5 4 5 7 4 7 2 3 1 16 3 323 2 1 2 1 1 1 136 3 1
6 4 3 12 1 2 2 4 10 12 3 2 1 62 1 2 1 1 7 2 5 5 1 5 28 6 2 2 1 1 1 3 1 1 1 1 1 7 1 2 16 2 10 2 1 1 2 2 1 2 3 6 4 2 2 9 1 37 2 4 1 3 1 1 1 1 1 16 4 3 46 1 2 2 8 1 2 2 1 1 1 1 4 2 1 1 1 3 67 4 2 26 4 2 1 1 2 3 21 2 1 2 1 4 1 15 1 407 4 2 20 1 50 8 156 3 3 2 3 5 2 1 27 1 1 1 3 4 5 6 2 2 5 2 2 2 1 1 2 2 4 1 12 7 1 1 1 2 2 2 6 1 8 1 14 4 15 1 2 5 2 9 2 1 2 1 10 1 2 5 4 2 1 3 1 1 2 1 1 2 7 5 1 9 3 1 3 2 1 2 2 2 2 4 1 3 3 2 82 2
3 7 1 6 3 1 2 4 2 5 2 4 2 1 2 4 3 2 1 1 10 1 2 4 1 1 3 2 1 1 1 3 2 2 1 2 2 1 1 1 2 4 1 2 2 3 1 2 3 17 1 25 49 5 2 3 2 8 2 1 1 8 1 20 2 2 1 4 2 54 10 1 2 1 3 2 1 2 44 1 2 1 2 1 1 2 3 1 2 5 2 10 11 2 23 1 2 4 6 3 3 2 1 3 15 1 3 1 1 1 1 4 2 3 9 2 2 2 2 1 3 1 1 1 1 6 1 2 2 7 4 4 2 2 1 3 1 1 2 1 8 1 1 1 3 7 1 2 6 3 1 1 2 43 1 3 2 2 2 1 1 3 3 15 2 41 1 3 7 3 7 1 16 1 3 5 2 1 3 1 2 2 2 2 3 1 2 2 1 2 1 2 7 4 4 1 3 3 1 1
11 3 25 2 6 33 2 3 1 80 1 4 6 2 1 2 2 4 45 3 2 6 1 5 3 12 2 3 29 3 2 3 1 1 2 3 29 1 1 2 2 33 1 3 1 1 19 2 1 6 3 3 6 4 1 31 2 2 1 1 1 2 3 2 1 1 1 1 1 2 1 1 16 4 3 4 4 1 92 3 9 2 2 2 1 2 1 1 2 2 1 3 2 3 1 11 2 5 3 7 1 1 1 1 2 1 1 3 49 1 3 2 10 165 1 1 1 1 1 1 4 1 4 5 3 6 1 16 2 3 1 2 35 3 5 4 2 1 1 2 2 1 2 1 6 2 1 8 1 1 1 1 1 22 2 23 2 1 1 112 1 2 2 4 1 1 2 3 3 7 1 1 2 5 2 1 1 1 2 135 32 1 2 2 7 4 2 17 5 2 2 2 7 1 2 2 3 2 2 4
1 2 6 1 6 1 3 11 2 1 2 1 2 7 2 1 3 6 2 1 4 1 4 2 1 1 1 2 4 1 5 4 1 2 1 1 1 5 1 17 2 7 2 59 2 1 2 2 2 2 1 10 1 2 2 3 1 2 4 1 2 3 1 2 2 2 1 1 3 18 2 1 1 1 22 1 1 1 1 2 1 7 1 1 2 9 6 1 1 2 2 1 7 1 1 4 3 2 2 3 3 6 2 1 1 2 1 1 1 27 4 1 5 8 1 2 1 2 1 1 2 3 1 4 24 4 1 2 1 1 22 88 5 1 6 2 1 1 6 2 3 6 1 3 9 5 6 1 1 2 2 27 5 1 4 1 3 3 1 2 2 1 2 3 1 1 2 18 1 4 4 3 2 2 5 6 1 1 10 1 4 2 1 1 1 4 2 14 16 23 1 3 4 1 2 1 1 2 1 7
4 2 3 1 2 2 107 2 1 2 2 2 7 5 1 12 1 1 1 1 8 1 1 13 1 1 2 1 19 4 3 8 1 5 2 20 2 5 1 1 2 1 4 1 1 3 1 2 1 1 1 1 2 2 1 3 2 2 2 4 2 1 2 2 4 1 9 1 1 1 1 9 1 1 11 13 1 1 5 1 10 1 1 1 2 3 1 5 6 1 2 3 111 2 1 1 2 1 2 4 5 1 3 2 7 2 2 1 1 2 1 7 4 3 23 2 2 4 1 2 3 2 1 1 15 2 2 2 62 2 2 1 2 1 12 1 2 5 2 9 6 7 1 4 13 1 4 2 1 2 2 2 2 2 3 1 1 22 3 2 1 1 4 30 16 1 1 6 2 2 9 2 3 1 1 24 1 1 1 1 2 2 1 2 2 1 161 4 2 2 1 2 1 3 2 1 1 2 3 3
1 2 1 1 1 9 2 1 1 1 3 1 4 1 2 1 1 3 2 3 1 2 54 1 2 1 2 2 3 3 5 1 2 6 3 6 5 1 4 4 4 2 2 1 1 1 2 9 1 3 3 4 1 28 23 1 2 1 10 1 3 3 1 1 2 1 1 3 2 3 3 2 1 1 1 2 2 3 2 4 1 1 4 2 6 1 5 446 2 4 1 2 3 4 2 3 1 1 3 2 20 3 1 4 1 1 100 14 1 1 2 1 2 12 2 3 2 1 1 7 1 2 16 4 5 1 2 2 2 2 5 1 2 3 2 2 1 1 2 23 156 1 1 2 1 1 2 9 1 10 36 3 1 9 1 2 1 3 2 2 9 22 1 8 3 2 13 2 16 4 2 1 3 1 7 1 33 2 1 2 2 1 9 8 2 1 23 82 1 1 34 1 6 3 2 2 2 4 1 1
4 7 2 1 1 1 4 1 7 1 1 2 2 7 2 4 4 6 1 2 4 3 2 1 3 1 1 4 1 6 2 1 2 1 2 7 12 1 94 3 2 1 6 3 1 48 2 2 1 1 22 7 1 2 1 1 1 1 5 1 1 3 1 1 8 1 5 2 12 2 2 1 3 1 2 4 2 3 2 1 11 6 2 31 1 3 2 8 2 1 45 2 1 4 1 4 3 2 121 2 18 1 2 6 2 2 2 6 5 1 2 3 1 1 1 2 2 1 4 5 1 3 153 2 1 3 3 1 10 5 2 2 5 4 6 1 1 3 3 6 4 3 2 114 3 2 2 2 1 2 21 1 18 1 2 2 3 49 1 1 1 1 2 1 1 9 1 3 3 2 3 2 2 4 8 1 2 4 2 1 1 2 1 1 2 1 1 1 1 17 21 2 87 1 6 1 1 1 1 1
6 2 24 3 2 1 1 47 2 3 1 2 1 3 10 1 8 10 1 1 1 9 2 23 11 1 1 1 1 3 2 2 2 1 7 3 1 1 1 2 2 1 1 2 1 1 2 3 7 1 3 1 5 4 7 8 1 1 8 2 6 7 2 1 4 2 1 1 2 1 1 1 11 2 2 3 1 19 1 2 6 1 1 1 3 1 9 8 9 4 2 2 20 7 1 3 8 2 1 3 8 4 6 1 1 1 2 1 2 1 1 6 1 3 3 2 8 5 10 2 4 1 9 2 97 1 1 1 3 1 1 1 1 3 2 1 2 3 2 2 1 3 2 2 2 2 2 10 10 2 3 1 1 9 18 2 4 1 1 1 2 13 8 9 1 2 39 14 1 2 2 3 9 3 1 4 1 6 2 1 29 1 1 1 5 2 2 2 1 1 9 2 1 2 1 5 2 1 2 2
1 1 4 13 26 1 2 2 3 2 1 1 1 1 2 5 6 1 2 1 3 3 2 9 1 1 3 1 3 2 12 1 1 3 3 7 13 7 2 3 2 5 1 4 2 2 1 1 2 2 2 4 2 2 5 2 1 3 3 2 6 1 2 4 12 1 3 1 9 1 1 5 1 6 1 1 4 3 1 2 2 73 2 2 1 14 1 6 1 10 6 2 4 1 1 3 4 1 15 28 3 3 3 9 2 1 179 2 3 1 1 2 1 2 1 22 2 6 2 3 4 5 5 8 2 4 3 5 1 1 1 2 2 43 2 1 5 2 1 1 4 7 3 2 9 2 2 2 5 8 4 3 2 12 1 1 1 1 1 5 7 41 6 1 8 2 2 1 1 3 2 10 5 2 1 2 1 1 8 25 2 3 1 3 1 2 2 16 1 4 2 5 1 4 1 3 4 1 86 2
1 1 8 1 2 5 10 14 2 4 1 2 8 1 1 2 2 3 4 1 2 1 1 3 2 2 1 24 1 1 3 1 1 2 1 1 3 14 3 1 1 1 9 2 22 2 2 1 2 7 20 1 1 2 2 3 1 1 6 5 24 1 3 1 14 24 1 1 2 2 9 1 3 3 1 3 1 2 6 10 1 1 1 3 2 2 2 2 1 1 1 1 2 17 1 61 4 5 7 8 4 3 2 43 5 4 1 2 2 21 4 1 4 10 46 5 1 1 3 3 58 2 5 1 2 1 2 8 4 88 20 1 2 1 8 1 1 2 2 5 3 2 38 5 29 5 6 3 2 1 2 2 27 1 50 5 1 2 2 12 3 2 1 2 3 7 13 2 1 1 3 3 8 6 1 4 1 15 1 2 1 3 3 2 4 4 5 3 1 3 2 4 5 23 4 1 2 2 10 4
1 2 1 7 14 1 1 1 1 1 2 6 1 2 2 1 2 2 2 1 4 423 1 1 7 8 8 10 2 12 2 2 2 44 1 1 22 2 1 1 1 3 1 1 2 2 1 2 2 4 1 1 2 4 1 1 1 4 2 17 2 1 26 1 1 6 2 7 2 1 6 6 1 1 2 3 2 1 1 13 1 50 7 1 32 19 2 11 1 2 1 7 1 2 2 2 55 1 1 2 2 2 2 4 7 2 2 6 2 3 1 1 2 12 2 6 5 2 1 6 1 2 4 97 3 1 1 4 2 2 1 1 1 5 1 2 1 1 1 476 63 6 2 1 1 1 14 10 55 2 2 2 6 8 3 2 4 3 1 171 4 5 3 2 3 1 2 1 8 1 9 1 1 1 5 7 2 1 4 2 2 2 3 68 1 2 2 2 1 1 6 10 1 6 1 2 3 8 1 3
16 4 3 1 1 1 3 2 2 1 2 1 1 2 3 3 2 2 6 1 5 15 2 2 1 1 2 5 1 1 1 3 2 2 6 1 1 7 2 1 6 4 3 2 3 1 5 1 1 2 1 5 1 3 3 5 4 2 63 1 1 3 2 1 1 2 1 5 17 2 4 1 10 2 2 2 2 2 14 2 13 2 3 3 1 10 14 2 1 2 14 4 1 2 168 1 2 3 1 2 4 42 3 2 2 32 3 2 7 7 1 2 1 5 1 185 1 1 1 1 58 1 3 3 27 3 9 1 1 1 3 1 13 1 9 2 12 2 2 1 1 1 1 1 2 17 1 3 3 1 1 1 3 1 3 2 1 1 1 2 1 2 1 3 3 1 1 2 7 1 1 2 2 2 2 1 2 1 3 7 3 1 1 4 11 1 1 4 3 1 1 1 2 1 1 1 2 2 51 2
2 4 1 2 10 1 1 1 4 1 5 4 2 4 3 2 1 1 59 2 2 43 1 11 2 4 10 21 1 2 31 1 3 14 1 2 2 4 2 1 1 2 2 6 3 2 1 1 6 2 4 2 43 2 1 2 2 40 2 1 2 1 1 16 5 5 3 1 10 2 1 31 2 4 3 3 1 2 5 1 2 3 1 1 1 2 1 5 2 2 9 3 2 2 2 2 2 2 1 44 1 2 5 1 5 3 2 6 10 1 2 1 4 4 3 2 1 2 2 1 4 1 1 2 2 1 2 2 1 4 11 6 1 2 4 52 2 116 4 13 41 7 1 10 1 3 1 11 1 1 3 2 2 2 1 1 9 4 2 2 3 3 2 1 2 3 4 3 4 2 2 2 2 2 3 5 2 2 1 3 3 2 1 1 2 11 1 3 2 3 1 2 1 22 2 4 1 1 18 1
7 10 6 2 4 2 1 2 1 1 3 1 3 3 3 1 1 10 1 2 1 2 2 3 1 2 2 5 1 2 2 32 1 3 80 6 2 1 3 2 1 3 1 4 2 2 2 2 19 3 2 1 8 2 4 3 1 2 3 20 3 2 2 3 1 3 2 4 1 1 2 7 177 1 2 2 1 2 2 5 5 1 3 1 2 4 6 3 13 2 1 4 3 3 1 1 28 2 3 2 8 2 62 1 15 1 2 5 1 4 5 2 1 1 6 1 3 2 1 1 2 4 4 2 3 5 1 9 1 2 2 1 1 1 5 3 2 2 5 2 2 4 3 13 3 1 5 1 1 5 3 2 131 1 2 2 1 2 1 18 2 1 1 5 3 4 4 2 2 1 1 5 1 7 1 3 2 1 2 3 1 2 5 8 3 3 1 224 1 1 3 2 4 1 3 2 1 1 29 2
4 1 4 1 1 6 43 5 1 2 2 2 26 6 3 8 1 2 1 1 1 1 7 1 2 1 1 2 3 1 1 2 2 40 2 4 1 4 4 1 3 5 1 1 1 1 9 4 13 2 1 29 2 10 1 3 4 1 2 1 1 1 4 2 3 3 5 2 1 2 1 2 1 20 1 4 1 1 2 2 1 2 9 8 8 7 3 2 2 2 328 6 4 1 1 2 4 7 1 1 3 3 6 2 6 18 1 12 1 2 9 1 1 1 3 5 2 2 2 1 1 2 1 3 35 27 1 3 5 4 1 2 7 3 1 1 1 108 3 2 8 9 1 7 15 3 3 46 2 1 2 2 1 2 21 6 1 1 3 103 1 1 4 1 2 1 2 3 12 2 6 1 2 1 2 10 2 2 2 1 54 7 1 1 20 2 1 1 4 2 2 2 1 2 5 3 3 9 2 1
6 16 2 2 2 8 2 3 33 3 1 8 3 31 1 2 3 1 1 1 2 1 1 1 1 2 3 2 1 2 3 28 1 1 5 8 1 2 3 4 4 1 5 2 6 4 1 1 8 7 1 1 2 1 1 1 2 2 3 1 1 1 2 4 2 2 11 4 1 1 1 2 3 20 2 2 1 2 2 19 1 2 8 2 1 3 3 2 1 2 2 2 3 6 8 3 2 2 2 57 8 1 36 1 1 2 2 2 1 2 1 2 3 3 2 1 1 6 2 10 1 1 2 9 22 6 2 1 11 1 2 8 1 1 8 4 5 3 2 12 1 1 2 1 2 4 20 2 1 5 2 1 2 1 1 2 6 4 3 31 1 2 4 1 10 7 6 1 1 1 21 3 6 3 1 3 1 2 5 1 25 2 69 2 10 1 2 5 3 2 12 2 2 3 3 1 2 3 5 1
1 1 14 1 2 1 2 1 1 3 2 198 4 1 2 4 1 2 1 3 1 4 3 1 4 1 1 3 1 1 5 1 10 3 2 3 2 1 1 2 1 10 1 3 1 2 2 2 2 4 1 4 28 1 1 1 1 3 3 3 2 1 16 4 1 5 1 4 5 17 2 3 1 1 26 6 1 7 2 2 2 2 1 1 2 2 9 2 2 2 116 1 2 11 2 1 3 5 5 6 1 13 4 32 3 1 15 3 11 5 2 1 10 15 3 3 1 6 3 1 8 3 2 1 3 3 31 1 5 2 3 2 2 4 3 2 2 1 1 2 1 5 40 4 3 1 4 203 2 3 2 33 3 5 2 2 2 1 1 5 1 4 3 3 2 5 3 2 8 7 2 1 2 7 2 5 3 1 1 6 20 78 2 5 1 2 3 2 2 2 2 2 1 4 2 4 45 1 9 10
4 1 1 2 1 2 2 2 2 4 2 1 1 2 1 1 2 7 1 2 7 4 4 3 1 6 1 1 2 2 9 7 3 3 27 2 11 1 11 1 1 1 3 2 1 1 2 1 3 2 2 8 3 4 3 2 3 2 22 2 1 3 12 1 2 3 3 3 3 8 1 2 2 3 2 1 16 2 1 3 6 1 5 20 13 2 12 3 1 1 2 1 2 4 28 4 22 16 1 13 7 1 90 12 1 1 3 2 11 4 5 3 3 1 6 2 8 5 1 19 33 2 1 4 2 1 4 1 1 58 1 2 1 1 1 1 2 7 2 6 1 2 2 2 5 6 8 2 3 1 1 2 2 1 24 2 2 18 1 7 20 5 1 2 1 151 2 3 2 2 1 6 3 2 3 3 8 2 2 2 2 1 2 2 1 5 1 1 1 7 6 2 3 1 1 2 4 2 1 3
26 11 2 2 6 2 4 2 4 1 1 4 9 2 3 3 2 6 2 1 3 3 5 1 3 3 10 14 1 2 3 5 2 7 1 2 4 1 1 2 1 2 1 7 1 3 1 1 3 1 7 4 1 8 2 1 1 1 1 1 3 1 4 2 3 2 1 1 1 8 1 2 1 11 4 2 3 10 13 12 2 7 3 2 2 3 1 15 2 1 7 1 3 1 1 3 2 2 1 2 1 2 4 38 401 1 1 7 1 6 2 1 2 5 1 2 6 1 7 1 2 1 4 1 13 4 1 1 2 13 1 1 10 2 2 3 1 6 2 1 3 5 7 2 2 2 1 1 2 1 1 19 1 3 3 1 1 2 2 2 2 2 7 355 1 2 1 3 3 3 3 2 11 3 9 1 1 6 1 25 2 1 14 1 2 1 6 1 1 2 2 1 1 1 1 4 2 1 2 1
2 4 1 2 1 21 5 1 1 2 2 110 1 2 5 4 1 4 2 3 2 3 1 5 2 3 4 2 18 2 1 2 2 1 4 2 1 1 2 1 3 16 1 2 1 4 1 1 2 4 1 55 2 8 4 13 2 2 2 2 3 38 2 1 2 3 4 2 2 1 15 5 3 2 1 1 2 2 5 2 3 2 1 1 5 69 2 9 2 1 3 4 1 2 1 1 3 2 1 2 3 2 1 4 3 5 1 1 2 10 2 1 6 2 1 5 1 4 3 1 5 28 261 2 27 2 2 1 1 2 1 4 4 2 2 2 18 2 1 1 2 2 1 1 2 1 1 1 5 1 28 3 1 351 2 2 74 20 1 4 1 10 3 4 3 1 3 1 2 2 1 2 1 2 2 2 6 1 2 1 4 2 2 1 1 1 2 1 1 1 1 2 6 2 3 1 2 2 1 1
5 1 1 5 1 1 2 8 2 1 2 2 2 44 2 2 2 2 1 2 1 1 1 2 37 7 1 8 1 2 2 1 1 6 26 2 1 11 16 4 1 2 1 20 2 7 11 1 22 2 1 1 5 1 3 2 2 1 4 2 1 2 1 2 2 1 28 1 1 8 2 1 2 5 1 6 2 2 4 6 2 2 1 1 1 1 2 5 1 1 1 13 1 1 3 23 33 36 2 1 1 2 17 2 3 10 7 1 2 2 10 2 2 2 7 2 4 1 2 2 2 1 1 2 4 1 2 15 9 6 2 3 5 7 2 5 1 1 2 32 10 1 1 17 8 3 2 2 3 1 7 1 4 2 1 1 2 1 2 7 5 4 1 2 28 2 1 36 6 4 1 1 1 3 1 20 1 1 1 6 2 4 18 24 1 46 5 15 1 13 1 23 4 6 1 3 1 18 1 3
3 2 10 3 4 31 3 1 1 1 31 3 2 2 8 4 3 2 2 2 1 3 2 2 34 1 1 22 1 6 4 4 3 3 4 5 2 8 7 1 1 2 5 2 9 36 3 4 1 2 2 23 3 1 4 22 5 1 7 3 1 1 1 2 1 100 1 1 3 1 1 2 10 1 1 1 6 1 3 1 3 2 1 2 4 3 2 2 1 1 19 5 1 3 16 1 4 3 1 2 62 1 7 5 2 1 4 1 13 3 2 1 1 4 2 2 1 5 2 2 5 4 7 2 1 2 1 1 1 2 7 6 2 1 3 2 1 1 4 17 3 7 32 13 2 2 1 1 2 1 2 1 1 28 2 3 34 1 3 2 1 2 9 1 3 3 1 1 1 1 6 3 1 3 20 3 4 2 5 1 2 1 2 2 2 1 1 1 1 1 4 5 3 3 1 2 2 6 3 1
2 1 1 1 2 3 1 11 4 9 2 2 2 2 4 12 1 2 3 2 25 1 4 2 1 2 1 1 2 2 2 3 6 1 3 1 2 21 1 2 2 2 1 59 1 1 3 1 1 4 4 1 5 1 11 1 6 1 2 1 1 58 4 1 2 1 1 6 2 2 12 1 11 1 4 1 2 4 2 6 2 1 1 5 1 4 3 33 1 11 3 2 2 8 2 102 2 6 22 1 1 57 5 1 8 6 4 18 4 1 3 1 1 2 2 4 10 1 4 22 1 1 4 4 1 2 35 1 6 1 1 2 2 12 2 2 2 7 2 1 4 1 1 2 11 8 1 2 14 1 1 1 4 2 1 1 30 3 1 1 17 2 1 6 9 2 2 4 1 1 3 1 2 4 2 1 3 7 1 2 1 1 2 1 3 2 2 2 2 9 1 2 1 2 2 4 2 1 1 2
3 2 4 1 1 2 5 2 2 6 1 1 1 1 2 1 1 1 2 1 2 2 1 1 64 6 1 1 10 1 2 3 1 3 3 2 1 3 2 3 24 2 2 2 2 1 9 6 2 2 5 2 1 2 2 2 1 1 1 1 2 2 3 19 1 1 46 2 12 1 1 21 3 5 1 3 2 4 1 16 1 3 1 1 20 1 47 1 1 2 3 10 2 2 8 3 2 2 3 2 8 3 4 4 355 6 11 1 2 1 2 3 2 1 2 2 1 4 1 9 6 9 1 1 1 2 3 1 2 2 2 7 3 2 5 3 4 2 1 1 2 1 3 2 11 1 8 1 2 2 4 6 1 1 3 4 3 1 1 11 1 13 2 39 3 5 175 1 1 2 2 3 1 6 3 3 10 3 3 1 1 6 1 1 4 2 1 1 6 16 1 2 1 3 2 1 4 2 2 5
2 1 5 3 8 1 1 31 4 6 2 3 1 4 1 2 1 11 1 1 2 1 60 2 1 3 6 5 1 7 2 2 3 2 2 1 1 13 1 1 4 4 5 3 3 6 1 1 2 2 4 1 1 2 2 1 2 1 1 2 5 3 2 2 2 1 2 4 1 1 1 4 1 29 3 1 2 1 1 2 1 2 5 1 7 1 1 9 6 2 2 1 1 1 1 1 1 1 2 3 1 1 6 3 3 3 2 1 6 3 8 5 1 3 1 2 3 1 2 2 6 1 5 1 3 15 1 3 2 30 3 1 1 3 3 8 1 2 1 4 2 2 2 1 180 3 2 1 2 1 14 1 1 2 9 220 2 6 1 1 2 2 1 1 3 1 2 3 5 3 1 3 2 3 25 3 6 2 2 1 2 1 3 7 2 3 1 1 7 1 3 1 1 3 2 1 1 3 18 11
1 9 14 8 32 1 2 14 3 1 9 17 3 1 3 12 3 55 6 12 2 1 7 1 5 2 1 2 2 8 1 1 1 6 3 2 1 1 1 3 2 1 8 5 13 2 1 1 1 1 1 1 1 4 21 1 2 2 3 1 11 7 3 2 4 2 1 1 117 1 10 8 1 1 3 40 2 3 1 2 2 2 2 1 2 1 7 2 1 1 2 3 3 2 1 2 1 2 4 2 1 2 2 5 1 2 3 1 19 8 13 3 1 1 1 2 4 12 3 3 3 1 11 2 1 3 1 9 25 6 3 3 2 5 1 9 2 2 8 2 1 1 5 3 5 4 2 2 1 1 1 1 2 2 1 1 2 2 2 2 2 3 3 1 1 2 8 2 1 2 9 1 1 77 1 1 3 2 1 43 7 5 82 1 29 2 1 1 12 3 1 1 6 3 5 3 1 1 2 10
43 45 8 1 1 4 1 4 2 1 1 2 4 1 1 1 18 4 3 2 1 1 4 2 3 2 1 1 1 1 1 2 5 5 1 1 2 6 1 1 2 1 8 11 10 1 1 1 2 1 1 264 2 1 1 1 2 2 6 2 3 3 1 3 52 4 2 8 1 1 2 1 8 5 7 2 4 45 1 2 59 2 1 2 2 4 1 92 2 2 1 1 2 2 6 2 2 3 2 3 1 5 2 5 1 4 2 2 21 1 2 5 1 1 6 3 2 2 5 1 2 1 4 1 2 3 1 2 5 2 2 4 3 2 38 11 2 2 1 1 1 5 2 1 9 3 2 2 2 1 12 1 2 32 1 2 5 13 2 2 363 2 4 1 1 3 1 2 3 1 3 1 3 21 8 19 9 5 1 1 1 2 2 9 2 2 234 7 4 1 1 1 2 4 3 6 3 1 3 1
1 1 1 4 1 2 1 5 41 11 3 11 2 5 1 3 5 1 2 2 1 1 1 13 1 3 11 1 5 8 2 1 2 3 20 2 1 2 1 5 3 4 3 1 1 1 3 7 3 6 1 3 4 4 17 7 9 1 2 1 5 29 2 1 8 2 1 3 41 1 1 1 3 1 1 43 7 1 4 1 4 1 12 2 1 3 3 4 2 4 1 1 1 15 17 2 3 2 2 3 31 9 3 2 2 2 2 1 2 7 1 1 2 2 1 2 2 2 2 1 8 3 2 1 1 3 2 57 9 1 2 2 1 4 29 1 2 5 2 1 2 6 11 5 2 5 4 5 1 3 2 12 3 5 1 8 2 2 6 2 4 4 1 3 3 7 56 5 4 2 2 1 3 1 2 1 2 2 1 3 14 1 1 2 1 19 7 1 2 4 3 1 143 12 2 2 3 31 16 1
1 1 14 15 6 1 4 1 3 3 7 2 2 1 2 1 3 1 1 2 2 2 25 7 2 3 1 2 2 47 2 1 3 2 2 2 11 3 1 1 2 4 14 5 3 2 2 2 1 8 1 4 9 2 8 11 2 1 3 2 3 2 2 1 13 2 5 2 2 2 2 1 1 11 2 1 4 2 16 3 1 1 6 29 4 1 1 2 1 3 1 1 2 2 1 18 24 1 1 17 1 1 6 8 2 2 3 7 10 3 1 1 35 2 2 1 1 6 5 1 9 1 2 5 3 2 4 11 1 1 2 139 3 2 4 18 1 1 3 2 1 1 2 2 2 3 1 3 3 1 3 3 4 1 1 1 2 1 8 2 1 1 2 2 2 4 4 3 3 1 1 2 2 2 1 1 1 1 32 1 1 2 1 1 2 2 3 8 1 1 1 11 2 4 2 1 2 28 3 1
8 2 5 15 1 2 2 2 1 1 16 5 3 1 3 4 14 1 2 2 1 3 1 4 2 1 6 1 3 22 1 1 2 1 45 1 3 2 3 3 1 3 2 2 1 32 5 1 2 4 17 1 1 2 2 51 3 57 1 1 2 4 2 1 6 1 4 1 1 13 7 2 4 2 1 1 1 4 1 10 2 6 1 2 7 5 43 1 1 2 3 3 2 2 2 1 1 1 3 2 1 1 1 1 1 1 1 21 9 2 4 3 2 7 6 4 2 3 1 2 1 2 2 3 15 5 13 2 91 3 6 2 5 3 2 2 1 9 1 112 9 2 1 1 9 1 1 1 2 5 4 2 1 4 1 3 2 3 1 5 2 2 11 7 4 1 2 3 4 1 8 2 27 12 1 5 5 1 3 1 2 1 1 2 4 2 10 5 1 4 2 3 1 6 1 3 1 1 1 2
2 2 2 4 3 2 9 6 3 17 2 23 2 3 3 3 8 2 3 1 1 10 2 3 1 15 1 2 5 1 9 1 1 1 3 2 3 5 4 1 1 4 3 4 2 8 1 1 7 3 1 1 2 67 1 2 2 1 2 6 5 2 2 1 3 2 2 1 3 47 4 2 1 3 9 1 5 1 2 2 3 153 2 2 2 2 2 2 2 4 2 2 1 4 1 1 4 1 7 2 2 8 2 6 7 3 1 3 2 1 1 17 2 1 3 1 33 1 7 2 1 1 189 2 103 11 1 2 2 1 1 5 7 160 1 1 3 7 1 4 1 5 6 1 24 142 2 1 5 4 1 3 1 1 3 6 3 1 4 10 2 18 27 37 3 3 15 1 40 17 1 2 2 2 10 1 2 4 1 2 2 2 5 1 1 31 3 88 2 1 1 1 3 2 1 4 2 1 3 4
1 5 5 1 2 1 9 2 1 11 1 36 8 1 2 5 3 2 22 2 1 1 12 2 2 1 4 2 67 1 7 3 2 2 2 1 2 4 1 2 2 1 3 8 1 2 1 1 5 6 2 1 4 2 3 1 1 1 3 4 23 9 8 2 3 2 469 1 5 5 2 10 2 3 2 1 1 2 5 4 1 33 1 9 2 1 3 1 6 2 5 54 9 30 2 1 10 10 6 2 2 2 2 4 7 5 2 2 7 26 1 1 4 5 7 1 1 2 2 1 177 2 2 1 1 26 1 1 2 3 1 43 7 4 35 7 3 2 1 1 4 2 3 5 3 1 1 2 1 3 2 13 2 1 1 6 3 2 1 2 4 5 2 32 4 1 3 2 17 3 1 11 11 1 1 2 4 7 1 3 8 1 2 8 1 2 4 1 2 1 2 1 3 12 4 3 1 2 4 16
4 6 1 1 6 2 3 1 3 1 3 4 1 5 2 2 13 5 4 6 1 1 2 2 1 1 1 2 2 15 1 1 1 1 1 3 1 21 2 2 3 54 7 4 2 3 14 1 1 10 4 2 1 2 8 2 1 2 3 1 2 2 3 2 4 7 1 2 5 2 1 1 1 2 3 3 2 1 1 52 5 33 4 4 1 1 1 7 1 3 7 6 1 1 1 1 5 7 1 43 4 1 1 9 1 4 4 1 11 1 54 3 48 1 1 4 51 1 1 2 4 1 1 1 2 1 17 17 2 1 88 2 1 11 19 1 1 2 3 1 5 2 1 7 2 6 2 1 2 4 3 2 3 1 3 3 2 2 7 2 9 1 3 2 36 1 16 2 1 2 2 7 6 2 3 12 1 35 1 2 2 5 1 4 7 5 13 2 6 2 8 1 12 5 1 4 5 1 4 9
1 2 1 3 1 1 15 1 2 6 1 3 1 2 2 1 1 18 2 2 3 2 5 11 2 1 1 4 6 3 2 12 1 2 1 2 2 2 1 5 8 1 2 10 9 1 5 3 7 13 3 2 3 1 2 1 2 1 1 1 1 1 3 1 3 5 11 1 1 1 2 7 1 4 22 2 1 3 71 2 1 2 1 7 8 1 2 3 1 13 2 6 1 2 16 1 4 2 1 2 5 4 10 2 7 3 6 4 1 2 1 1 1 9 1 2 14 3 3 5 2 2 1 8 1 2 16 1 2 1 1 4 2 2 1 2 1 1 1 4 2 2 6 2 1 31 1 11 2 20 6 2 4 30 2 40 5 2 20 3 6 8 3 1 20 1 7 1 1 2 2 2 14 2 3 1 1 1 1 2 2 1 2 1 1 2 3 2 9 2 1 21 4 1 1 3 1 2 1 3
1 2 1 3 1 2 1 2 2 35 3 4 2 3 1 5 1 1 1 10 6 6 2 5 1 2 6 1 1 1 3 1 4 1 3 5 2 3 1 5 19 1 38 2 4 3 4 1 1 8 8 3 1 1 3 4 1 26 3 12 2 4 2 3 1 2 2 1 2 11 2 2 2 1 4 2 3 2 7 3 1 1 1 5 5 2 2 1 3 3 1 1 1 3 2 1 2 1 2 1 5 3 3 1 1 1 6 1 9 1 18 3 1 2 1 1 2 1 2 1 1 1 1 2 1 4 2 1 9 2 1 1 2 1 1 5 7 1 3 2 2 10 1 3 4 7 1 1 4 1 1 3 2 71 5 1 4 1 1 2 1 10 1 3 1 4 2 1 72 7 3 5 4 2 1 1 3 2 1 6 9 2 1 1 1 2 1 1 1 10 2 1 1 7 1 3 1 1 4 9
4 1 1 1 1 3 3 2 4 4 13 7 4 1 3 2 2 1 2 5 1 4 8 1 9 4 2 3 1 7 2 1 7 5 3 1 1 1 1 3 4 17 81 1 23 16 145 2 3 1 12 2 1 1 2 6 1 4 1 7 1 2 1 54 1 1 1 8 2 48 10 1 2 1 8 4 153 2 2 1 2 1 3 1 2 3 5 1 1 1 1 16 3 2 2 1 4 4 2 1 2 1 2 1 2 7 4 2 1 1 1 3 1 2 1 4 20 2 18 2 3 5 3 3 3 2 1 8 1 1 9 1 1 1 1 1 1 1 1 1 1 11 2 8 1 1 2 5 1 40 2 2 2 1 2 3 7 1 1 29 1 3 8 3 1 1 6 2 1 2 1 1 1 2 2 3 2 1 1 1 18 1 1 14 3 5 2 12 17 1 2 2 1 1 1 1 1 2 3 2
1 1 5 6 8 290 1 4 3 3 1 1 6 21 3 3 2 4 1 2 12 1 58 5 16 1 16 22 1 2 9 3 2 2 2 11 3 1 1 1 3 1 7 2 1 13 101 1 1 17 1 2 1 2 5 1 1 5 3 1 3 2 2 1 1 15 24 6 2 8 13 1 5 2 1 2 4 2 2 1 48 2 4 2 2 2 3 1 1 4 2 3 2 5 2 2 6 2 3 3 3 5 2 4 2 3 2 2 1 1 5 3 4 1 1 1 5 4 1 2 2 1 3 2 2 2 1 2 8 39 1 4 1 1 3 2 58 2 1 1 3 4 4 1 4 3 1 1 1 1 1 3 2 1 3 3 1 2 13 1 1 24 5 12 1 3 2 2 4 6 2 1 1 1 1 4 2 1 1 1 3 2 2 1 1 12 3 2 2 1 3 1 5 4 2 2 1 3 2 1
2 2 1 1 3 53 1 1 9 4 1 6 1 2 5 1 2 2 6 2 1 2 3 1 6 1 1 3 1 53 1 3 1 22 2 1 8 1 2 1 1 14 2 2 1 10 1 1 14 12 2 2 1 7 1 2 7 5 1 1 4 2 1 7 2 2 2 1 2 12 2 2 1 4 2 5 1 5 2 5 4 1 2 2 3 1 6 2 4 2 10 9 1 5 2 18 1 3 1 1 3 3 3 2 2 35 2 1 42 2 1 2 1 1 1 4 4 1 3 3 7 1 27 2 43 1 1 1 1 4 3 1 1 3 2 2 1 10 2 3 4 1 2 1 1 1 8 5 4 3 1 1 5 1 10 1 1 1 3 1 1 9 1 1 2 3 4 2 26 2 2 1 4 1 3 2 2 1 1 3 80 1 5 3 1 4 5 3 6 3 1 8 6 2 3 5 2 3 2 1
1 2 1 1 4 1 5 10 1 1 2 2 3 1 2 1 1 3 2 4 8 3 2 3 2 1 1 3 2 2 2 4 2 2 3 17 2 1 1 1 1 3 10 1 1 2 3 5 6 1 2 1 2 2 12 2 1 3 13 8 1 1 3 5 2 155 1 1 2 1 10 4 6 4 2 1 2 1 9 3 23 106 4 3 2 9 1 2 1 9 1 3 1 5 126 1 1 1 7 1 2 2 8 1 3 5 8 3 2 4 1 13 3 1 1 2 5 14 7 1 8 3 1 1 2 2 2 7 2 3 74 20 5 1 1 1 4 1 33 2 2 4 2 1 3 71 18 1 1 4 4 3 2 82 2 2 12 2 2 1 1 3 2 2 9 1 1 5 4 1 2 6 17 2 1 2 1 1 5 1 2 1 3 2 2 2 4 2 3 52 3 6 1 1 3 1 4 2 1 2
1 5 2 4 2 2 4 15 3 102 1 3 1 2 14 2 1 8 3 1 1 1 2 1 3 2 1 3 1 4 2 1 3 10 3 2 1 1 22 3 1 5 1 15 1 2 2 5 2 1 1 2 2 6 1 1 1 1 1 1 3 1 1 7 6 3 5 12 3 2 6 58 4 3 1 24 5 11 72 1 1 2 9 1 3 2 2 2 12 11 9 2 7 4 1 3 1 1 3 10 1 1 2 1 2 1 1 2 1 1 2 5 2 2 1 3 2 3 1 1 2 3 3 1 12 1 3 13 1 2 4 2 26 3 2 11 1 15 3 2 4 9 41 3 1 4 1 3 6 48 1 3 7 2 1 3 3 1 2 2 2 3 2 2 2 2 2 9 2 9 4 1 1 1 1 1 11 2 10 2 2 2 1 1 1 1 3 2 8 1 2 2 2 1 2 1 1 2 3 4
1 4 2 3 5 1 2 3 1 2 1 3 1 1 3 2 1 1 2 12 3 3 2 1 1 2 1 1 1 1 1 4 5 2 3 1 4 1 2 3 29 2 151 3 1 12 2 6 4 3 1 4 10 3 3 4 8 4 2 3 4 2 2 2 2 1 1 59 2 1 5 2 56 1 11 9 2 1 1 10 2 2 1 1 1 14 2 1 3 1 5 1 4 22 5 8 1 2 1 2 2 3 3 1 3 3 3 2 1 1 2 2 6 2 3 2 1 1 1 2 4 4 1 1 16 2 2 2 6 6 2 19 3 4 8 1 13 4 2 2 1 5 1 12 1 2 1 10 2 1 10 1 3 1 9 2 1 4 1 2 1 2 2 2 1 1 3 235 4 16 1 1 2 2 1 1 29 1 2 1 1 1 5 1 2 2 7 1 4 20 4 5 1 4 27 3 2 2 1 1
2 6 3 1 1 1 2 4 2 2 38 2 2 1 7 4 1 2 3 3 2 1 1 8 2 3 16 6 1 2 3 1 1 6 1 1 1 4 1 3 3 5 2 4 20 2 35 3 19 10 1 4 1 3 2 172 1 2 1 1 8 6 1 2 1 3 3 5 4 5 1 1 2 2 4 30 2 1 10 7 1 2 9 2 1 6 2 5 2 14 4 34 2 1 2 21 2 13 2 3 2 1 1 84 18 1 2 2 1 5 3 4 3 11 2 3 50 1 1 3 1 2 7 4 2 1 2 1 1 21 3 2 3 4 55 8 2 169 1 1 1 1 42 2 3 1 2 3 1 1 1 3 7 1 4 8 3 1 3 1 2 1 1 1 5 2 17 1 6 2 4 1 1 3 4 4 2 1 2 1 1 1 5 22 2 1 2 2 2 6 10 1 2 2 1 1 2 3 2 6
1 4 3 2 1 3 2 4 2 1 3 24 30 3 1 2 1 2 4 1 1 2 2 1 5 4 2 2 2 6 2 1 6 3 33 2 3 2 1 4 3 2 1 1 1 1 2 1 11 3 2 19 1 1 2 1 8 1 1 3 2 3 13 5 1 1 2 1 7 5 3 41 3 1 1 1 1 1 1 7 2 2 1 8 9 2 2 3 3 1 3 2 1 1 2 7 13 3 2 1 3 1 2 6 2 1 1 26 2 1 2 4 4 1 1 3 3 1 2 3 2 14 1 6 17 2 13 31 2 1 4 2 1 3 5 1 2 3 1 2 16 2 3 2 1 2 5 5 1 2 5 3 1 2 8 1 2 3 4 5 1 2 2 1 8 1 1 2 1 1 1 89 1 1 5 2 12 1 1 4 2 7 6 4 2 1 3 6 1 5 14 1 4 2 6 1 3 1 6 7
1 2 2 1 11 1 2 63 1 3 6 4 4 1 1 8 4 1 2 1 2 2 2 2 2 3 1 8 1 5 2 1 1 1 1 1 2 1 6 2 4 4 12 2 3 2 4 1 1 1 3 1 1 11 19 1 3 9 1 5 7 1 2 1 4 2 2 1 1 2 2 5 2 1 1 1 2 5 1 1 1 2 6 7 14 1 4 18 31 44 5 1 3 1 1 2 2 8 3 2 1 1 1 3 5 3 5 2 5 2 13 2 2 2 2 17 5 3 1 1 2 4 1 2 2 11 2 2 4 2 1 3 3 3 6 2 2 1 3 3 1 7 3 1 17 4 4 2 2 10 6 1 2 2 2 2 3 7 2 4 2 2 12 6 3 1 2 8 2 2 1 2 2 18 50 1 2 1 2 11 2 1 3 5 1 9 3 19 2 1 1 10 4 1 1 3 2 6 2 2
5 2 2 1 4 1 2 1 4 2 1 4 13 1 2 7 5 8 1 5 5 29 1 1 1 1 1 77 1 2 2 8 1 16 1 1 2 1 3 1 3 40 1 1 24 3 4 5 4 4 2 1 5 2 1 2 2 2 2 1 2 1 2 3 9 2 11 3 1 7 3 3 3 1 2 2 3 6 1 6 1 2 4 31 1 2 2 1 1 1 4 2 1 3 2 2 2 1 2 5 20 6 5 2 2 3 1 3 1 4 4 2 2 3 1 3 2 13 2 2 1 1 5 33 1 7 2 3 2 36 1 3 6 1 2 2 10 2 1 3 1 2 1 1 1 5 3 4 1 1 8 3 2 2 1 1 12 5 1 1 3 8 1 16 1 3 5 7 1 3 3 4 1 9 2 1 1 3 1 1 5 11 1 1 2 3 3 5 1 1 1 1 2 2 3 2 1 1 1 1
187 10 10 4 3 2 3 1 3 1 2 2 1 1 11 2 9 46 15 62 6 1 1 2 3 2 1 17 1 2 7 1 1 1 4 1 32 1 3 6 4 26 3 4 3 2 2 1 3 2 4 4 4 1 6 2 2 1 2 1 30 1 13 3 3 2 6 1 1 5 1 1 1 3 2 2 4 13 1 1 6 1 1 15 6 1 2 4 1 2 3 4 1 1 1 1 1 2 2 2 2 22 2 4 4 2 1 10 2 2 1 2 2 9 1 30 1 1 1 93 1 2 1 1 2 1 1 7 1 1 2 4 1 2 5 2 2 4 1 19 4 2 14 2 1 3 1 1 3 2 1 2 1 1 4 3 1 1 2 6 1 144 1 2 2 2 4 2 3 5 10 2 1 383 12 2 1 1 1 10 15 8 1 2 2 7 29 3 2 1 2 21 219 3 2 39 1 2 2 24
5 5 2 1 1 2 2 2 3 6 4 3 137 2 3 4 1 3 2 1 7 1 6 4 5 2 1 44 2 1 6 1 5 3 14 3 1 1 6 3 4 3 1 87 3 9 10 7 1 46 1 2 5 17 10 3 1 1 2 4 2 1 1 3 3 3 4 1 24 3 2 29 5 1 2 15 3 4 6 2 2 13 3 2 1 20 1 2 2 17 5 1 2 4 1 5 5 3 2 6 1 1 6 1 1 1 1 20 1 22 1 1 10 1 18 6 1 2 2 6 74 28 2 2 14 1 2 11 1 1 1 1 3 3 3 1 1 3 4 5 3 1 2 4 1 39 2 1 2 1 14 2 1 1 3 3 1 2 96 2 1 3 13 1 2 1 2 3 1 4 2 1 2 1 4 9 34 1 2 1 2 12 8 76 2 2 8 1 2 163 9 1 4 1 4 2 1 2 1 1
2 1 1 1 1 36 2 1 10 1 1 3 2 1 3 2 9 1 9 1 1 1 20 1 1 1 1 6 18 4 1 1 3 4 6 3 2 1 4 9 2 3 3 2 1 1 3 1 3 1 9 2 2 1 36 1 6 1 3 2 2 1 1 5 2 1 4 2 1 1 1 2 2 3 3 3 165 1 2 4 2 1 1 18 3 2 1 2 36 10 1 2 1 2 53 11 5 1 1 4 2 6 3 4 1 18 5 2 1 1 2 483 1 1 2 6 8 2 12 2 2 1 2 2 1 1 7 5 6 1 1 8 1 1 22 2 9 7 43 7 1 3 13 2 2 6 4 26 2 7 1 1 2 3 1 17 2 1 1 2 2 1 1 1 1 5 10 13 1 1 1 2 4 2 3 1 2 10 3 3 4 3 3 1 1 1 5 3 2 1 8 9 1 5 1 6 2 2 1 2
3 2 1 1 11 3 1 5 7 1 2 14 3 2 8 1 5 4 9 3 11 1 1 1 4 1 2 3 1 3 1 7 5 1 1 4 2 2 1 1 2 9 3 1 23 2 1 3 3 5 1 3 3 2 3 2 6 1 1 1 2 2 2 1 1 5 1 3 2 2 4 2 2 1 1 2 1 2 2 2 4 22 1 5 1 10 2 13 18 1 5 4 2 4 14 13 3 1 2 1 1 1 3 1 2 7 2 11 5 1 1 52 1 2 1 1 4 4 1 1 4 1 2 6 2 1 1 3 1 18 1 4 2 1 2 1 1 1 2 1 1 2 2 5 2 1 1 1 5 2 2 1 1 2 1 1 3 1 1 1 1 2 3 1 3 9 15 1 2 1 3 2 1 1 2 3 3 1 1 1 4 1 2 1 3 1 1 2 2 1 1 2 9 5 1 1 1 13 1 1
27 1 2 3 1 3 2 2 1 2 4 2 2 2 2 1 1 1 26 2 1 1 5 8 2 4 2 1 1 1 7 4 7 3 2 1 2 2 2 1 4 2 1 2 8 1 1 10 2 5 1 17 1 17 1 4 3 1 1 1 1 2 3 1 2 3 4 2 2 1 1 1 7 3 3 1 2 2 13 28 1 1 3 8 2 3 1 1 2 3 8 24 3 2 3 1 1 4 1 2 29 2 21 2 1 5 1 13 1 4 2 1 3 5 2 3 3 1 3 5 3 2 2 1 2 1 2 2 2 11 2 2 2 8 3 3 1 6 15 4 1 2 1 2 3 3 2 2 120 1 1 2 2 5 6 2 15 1 1 4 1 6 22 3 1 5 1 1 2 1 2 1 2 1 3 36 4 5 3 1 2 5 2 3 13 2 8 1 5 2 3 5 5 2 2 1 2 3 3 3
1 2 5 1 19 1 1 49 4 20 1 1 1 2 1 1 1 30 9 1 1 1 3 2 11 3 5 9 1 1 1 2 2 14 1 1 1 3 2 4 1 1 2 1 1 1 3 1 2 2 2 1 2 11 1 2 1 3 3 1 1 3 11 1 5 3 2 2 2 1 5 2 1 2 11 1 2 2 1 2 1 2 1 2 19 3 3 1 2 2 7 2 1 6 1 6 2 1 32 3 4 13 1 3 2 2 3 2 1 1 2 2 2 24 7 2 3 2 1 1 6 1 1 4 5 3 2 1 1 3 1 1 1 4 2 2 11 1 29 2 2 1 1 2 4 13 1 2 2 1 1 3 5 1 2 9 3 5 3 1 2 1 1 2 2 2 1 7 38 1 1 1 3 7 1 2 1 1 1 1 7 3 1 3 26 2 1 3 1 5 7 3 22 1 2 3 1 2 1 1
6 3 1 1 7 6 2 3 74 5 1 3 1 1 2 2 3 1 2 3 31 8 2 1 2 1 2 1 1 3 1 1 32 3 1 3 1 2 1 1 3 2 3 4 4 2 1 2 1 12 3 22 6 1 1 72 1 3 5 2 12 2 2 6 3 1 12 3 1 1 1 200 2 2 3 1 1 6 1 1 2 1 226 1 2 3 1 2 1 19 2 1 1 1 3 3 2 1 5 22 1 3 11 1 11 4 5 5 2 17 4 4 4 1 2 1 2 1 1 3 2 2 1 1 2 4 3 2 2 2 2 14 2 1 1 5 6 2 2 2 1 1 2 5 2 1 10 1 4 1 1 1 3 1 2 7 5 4 1 1 2 2 1 7 2 1 16 2 1 1 1 2 2 1 267 1 2 1 4 1 1 1 1 2 1 4 1 2 3 5 1 3 2 2 1 7 8 1 1 43
1 1 2 2 2 4 1 14 61 37 4 6 14 2 31 2 3 1 2 3 1 3 3 3 1 2 13 1 1 2 5 2 29 3 1 1 2 4 2 1 1 1 2 1 9 1 2 1 2 4 1 4 2 3 6 1 2 6 3 4 1 7 1 1 21 2 1 1 2 2 2 6 1 1 2 2 2 1 3 2 29 17 1 1 1 1 3 2 16 2 7 1 5 2 20 2 6 2 4 13 2 2 2 2 1 1 9 2 3 2 1 91 2 1 2 3 5 1 1 2 1 3 84 3 10 3 2 2 1 1 1 1 2 3 1 2 3 4 2 2 94 3 1 1 2 3 2 1 1 1 15 1 3 6 5 4 2 3 4 2 3 9 1 3 2 1 3 7 3 5 2 5 1 4 2 81 2 3 7 1 1 8 2 5 1 2 9 1 7 2 1 1 1 3 2 6 1 7 14 4
5 2 7 20 10 1 2 1 4 4 3 4 4 1 1 12 2 2 1 1 6 1 1 3 5 5 1 2 2 1 1 2 5 2 7 1 2 16 4 1 2 1 40 2 2 8 10 1 4 1 1 4 2 3 1 1 1 6 1 1 5 3 6 1 4 197 3 6 6 3 1 1 6 2 2 3 1 17 13 3 2 12 2 2 4 1 2 2 3 2 4 1 2 2 2 1 1 2 8 2 2 3 1 1 3 4 2 4 3 2 2 4 2 1 1 6 1 3 4 1 1 146 2 2 1 2 6 3 1 2 3 1 2 6 9 1 1 2 18 1 2 38 2 1 1 2 1 2 1 2 1 8 1 4 3 3 4 2 1 6 10 4 5 5 51 1 3 1 1 1 2 2 1 2 1 11 8 3 1 1 3 1 1 3 3 15 1 2 4 5 19 1 24 1 2 1 1 1 2 2
2 2 4 2 9 1 2 1 1 1 6 2 1 2 2 1 1 5 1 1 1 2 1 1 10 2 2 2 6 1 6 1 1 8 2 4 2 2 12 4 1 2 20 1 1 11 2 1 2 14 3 5 2 3 23 1 2 4 1 5 1 6 6 13 12 4 16 9 3 16 2 2 1 2 3 1 4 2 1 2 3 2 2 2 2 1 5 2 5 2 2 2 6 2 1 1 4 2 2 1 3 51 2 3 2 3 3 2 1 2 2 3 1 2 7 2 11 1 2 1 2 8 28 2 1 7 1 2 1 1 1 2 1 1 2 2 23 6 1 1 7 1 9 1 2 2 4 1 4 2 2 1 1 1 1 1 32 6 1 3 3 6 1 2 2 2 2 3 12 1 3 5 1 124 2 57 6 2 2 6 1 1 2 1 25 3 2 4 1 4 3 1 2 4 1 9 1 3 1 1
5 2 5 3 2 3 8 2 2 1 2 2 10 2 1 1 4 5 1 1 1 2 5 2 3 2 4 36 1 4 1 3 31 2 4 1 5 4 1 12 1 6 9 1 2 1 2 3 4 2 8 5 3 1 29 1 2 4 2 18 2 1 3 1 1 4 1 2 1 46 9 1 1 2 1 3 1 4 2 2 5 1 1 8 1 2 2 4 2 2 1 2 4 1 2 2 21 1 19 2 1 397 5 9 8 2 1 1 1 1 2 5 15 1 1 1 1 1 1 20 2 102 2 3 1 13 41 2 1 2 2 4 4 1 2 15 1 3 3 2 2 1 2 1 1 6 1 2 4 1 2 2 3 32 1 1 4 4 4 1 2 1 1 7 2 2 2 1 1 2 2 1 6 2 1 1 3 1 2 2 1 7 12 2 9 3 6 2 4 1 1 3 4 1 1 1 1 3 2 1
1 1 9 12 1 2 10 1 4 1 2 3 6 2 4 1 2 2 25 4 9 13 1 2 3 3 2 1 6 2 1 12 18 2 1 1 4 2 4 3 3 3 2 436 2 2 1 4 1 2 1 7 1 2 4 2 1 9 1 2 2 2 2 7 1 7 1 2 4 1 2 3 3 2 1 2 4 131 17 3 4 3 16 2 6 14 2 3 1 4 1 9 3 3 2 4 4 2 1 1 2 3 3 1 3 2 2 1 1 2 23 7 5 1 3 3 1 1 7 5 3 2 12 5 2 18 16 2 2 1 2 2 1 1 9 1 1 1 1 1 1 46 2 1 1 2 5 1 2 3 1 1 3 7 2 1 1 3 8 3 1 2 1 1 1 2 1 10 2 3 120 2 15 1 1 1 1 2 2 21 2 1 8 1 2 2 2 2 1 1 2 1 1 1 2 1 5 1 3 3
1 1 2 1 1 3 6 3 3 2 3 1 59 1 2 1 2 2 5 2 3 12 1 1 1 1 11 2 3 6 1 1 46 2 3 2 3 3 3 1 1 3 1 2 1 31 1 1 3 7 1 1 18 1 5 3 2 7 2 2 3 2 2 22 2 1 4 2 2 1 1 26 1 14 3 2 1 31 1 1 6 2 3 2 5 1 1 1 2 2 2 3 2 1 4 3 1 2 3 3 6 1 1 4 28 1 2 2 1 2 3 3 3 42 5 2 1 1 1 47 2 6 3 2 1 3 2 2 4 1 1 9 2 1 1 2 1 1 2 19 10 2 2 2 7 2 1 3 3 2 2 1 2 1 4 1 11 2 1 2 1 2 2 1 2 1 2 2 1 1 1 1 3 1 2 2 1 2 4 1 55 1 2 2 3 34 3 1 2 1 1 1 2 1 1 3 1 3 2 1
1 1 5 6 2 1 1 1 1 2 3 6 6 2 1 4 1 1 1 8 1 27 2 2 6 3 1 2 1 2 2 2 2 2 1 111 3 1 1 8 1 9 1 3 1 1 2 1 11 1 1 2 2 2 1 1 1 10 156 3 1 3 1 2 2 1 1 1 1 2 2 2 1 2 7 3 2 9 8 2 2 1 2 4 3 2 1 2 2 3 1 5 9 1 7 1 3 1 8 1 2 24 1 1 1 4 3 2 1 2 1 2 2 14 5 1 2 1 4 4 1 1 6 1 18 1 1 1 49 2 1 13 1 12 4 1 1 1 1 1 11 5 1 1 2 15 62 2 12 1 2 2 1 7 1 14 3 2 2 1 1 1 4 4 1 1 5 2 1 1 2 3 1 1 1 2 1 2 1 1 1 1 2 2 77 3 4 1 2 5 4 1 1 3 2 1 1 1 2 1
1 16 5 5 4 1 2 3 4 37 18 3 1 2 2 3 3 10 2 1 7 1 5 2 2 10 3 1 1 2 2 6 1 2 2 2 2 3 1 9 2 4 2 2 3 5 1 1 1 13 2 3 2 2 1 9 3 1 4 2 2 1 1 5 3 1 1 4 3 4 15 4 1 6 1 4 231 2 3 2 2 5 1 80 2 1 2 3 20 3 3 1 9 2 3 1 1 6 1 1 7 2 2 1 2 3 2 79 27 2 2 14 16 1 11 1 2 2 1 5 7 2 2 2 2 2 3 1 2 69 4 2 4 10 1 1 1 28 1 2 2 11 1 5 9 2 3 1 38 2 1 1 2 2 1 5 1 1 1 3 1 2 2 1 3 1 1 1 2 1 1 2 2 1 1 41 10 2 2 3 2 2 17 17 2 1 3 2 1 2 14 10 15 2 2 2 1 5 3 1
4 1 2 2 2 2 2 3 3 2 1 4 8 8 1 1 4 1 1 2 6 6 5 1 3 2 2 1 1 4 3 1 3 2 3 2 1 2 7 1 2 1 7 2 5 1 1 2 14 3 1 2 1 5 3 3 2 1 3 3 1 38 1 1 2 1 5 16 2 1 1 1 4 1 1 6 1 6 4 2 2 4 3 1 1 1 1 1 2 1 1 1 1 1 194 1 2 2 248 1 2 1 9 1 1 2 28 3 2 1 4 1 5 2 1 2 5 2 2 2 2 1 467 6 2 1 1 9 2 1 2 3 1 1 4 2 3 1 4 3 1 2 10 1 24 1 1 1 4 1 1 1 2 1 2 2 1 2 2 1 2 2 4 1 5 1 2 2 2 2 1 1 3 1 1 414 2 2 3 1 1 4 1 1 1 2 69 1 2 55 4 1 3 1 2 3 1 13 2 2
2 4 2 1 22 1 8 3 1 1 2 4 1 3 3 2 94 1 2 1 1 3 1 9 1 3 2 10 2 1 4 1 1 1 1 1 4 2 1 5 2 2 2 2 2 4 36 1 1 2 4 1 1 7 2 7 2 8 2 2 6 1 12 2 4 22 1 2 4 1 2 3 2 2 1 10 3 10 1 2 10 1 16 2 2 1 4 8 1 6 1 1 4 2 3 2 3 2 5 10 2 3 1 1 2 1 1 5 6 1 1 1 2 4 1 1 3 4 5 2 7 3 9 2 1 1 3 12 2 2 4 6 2 2 2 2 2 1 2 2 3 2 3 60 98 2 3 1 25 1 2 1 2 1 1 2 2 1 1 1 9 2 4 3 2 2 1 1 1 3 2 5 2 4 2 1 122 6 1 2 20 4 42 54 2 1 2 1 1 4 1 1 10 1 2 3 2 1 2 2
7 3 2 1 3 1 28 2 1 3 2 2 12 1 4 2 2 1 2 13 3 1 1 1 3 1 3 16 4 1 3 1 2 2 1 1 1 2 1 2 1 3 1 1 1 1 1 3 2 2 2 4 4 2 1 3 1 10 60 1 1 2 1 4 2 1 1 2 20 1 5 12 9 11 2 3 2 3 12 1 1 7 10 1 1 1 2 2 2 7 1 5 1 1 1 4 1 4 3 3 1 1 2 2 4 1 7 1 1 1 4 1 2 1 1 4 1 1 6 2 4 2 3 3 1 3 2 8 2 57 2 3 352 2 1 1 1 1 14 2 2 1 3 5 1 2 1 2 1 1 1 2 1 1 2 2 2 1 2 1 2 1 3 1 2 4 1 4 2 1 4 3 2 2 1 1 2 5 1 2 12 10 3 29 2 2 2 1 6 2 4 2 2 2 1 2 1 22 1 1
13 3 2 3 3 1 4 6 2 1 15 1 1 1 4 6 2 1 1 1 3 1 7 1 7 2 6 1 6 1 21 2 5 22 16 1 2 3 1 2 2 2 1 2 70 2 3 2 4 2 2 2 45 1 6 3 2 2 9 2 5 1 1 4 4 4 4 47 1 2 2 9 4 1 3 2 4 1 2 1 2 1 4 3 12 2 10 1 2 5 54 4 2 2 1 4 20 1 3 1 3 1 9 17 3 4 1 1 3 6 2 2 2 1 17 1 16 3 3 1 3 2 1 5 97 2 1 9 2 33 4 5 2 135 1 3 3 4 1 1 13 10 2 8 2 3 1 2 1 2 2 4 1 1 4 1 1 12 4 19 4 2 19 2 1 3 1 2 2 1 1 1 1 3 1 7 2 2 7 1 3 6 1 2 2 3 6 1 1 112 2 22 1 4 2 1 1 2 2 2
4 2 1 2 2 2 9 14 7 3 40 1 2 2 15 8 2 5 2 1 10 1 4 5 3 4 2 2 1 1 1 2 1 1 2 2 16 3 2 1 1 1 9 1 6 32 1 2 2 4 3 3 1 9 1 5 2 1 1 1 2 6 32 2 2 1 6 4 8 3 40 2 3 2 1 5 5 6 2 1 2 15 2 10 4 3 5 2 1 1 2 1 8 2 7 4 3 1 21 1 2 5 14 5 4 4 1 2 2 2 3 2 28 1 4 8 2 2 12 84 8 1 2 5 1 5 5 2 1 3 19 2 1 5 1 6 6 6 9 12 1 2 1 8 2 2 1 5 4 15 3 21 2 3 2 1 1 1 5 2 5 2 1 2 2 5 2 1 1 1 3 2 1 1 3 1 9 1 1 1 1 2 3 1 3 4 2 3 1 3 4 1 5 2 3 3 4 2 5 2
8 1 4 1 1 26 14 1 1 3 16 1 2 1 1 2 1 2 3 1 1 2 4 4 2 10 1 2 1 3 2 8 4 1 3 1 1 5 4 2 3 4 3 2 2 3 5 3 1 169 3 2 14 29 9 1 1 2 1 2 4 2 3 2 3 1 1 7 3 7 12 8 2 2 9 2 1 9 3 1 4 7 5 1 5 1 9 3 5 1 2 3 3 13 3 1 1 2 4 5 3 2 4 1 7 5 1 23 2 2 27 1 1 4 1 5 5 9 3 3 1 2 2 2 2 2 1 3 2 2 3 15 6 1 5 1 6 2 1 1 4 5 96 4 3 15 277 2 4 3 29 2 2 2 1 19 3 5 54 6 5 2 1 380 1 1 1 12 3 1 2 2 1 249 2 1 1 2 3 1 6 3 1 2 6 1 1 2 1 3 1 1 1 1 1 1 4 2 5 1
2 2 6 4 1 3 3 39 3 22 5 6 1 8 1 4 2 1 2 1 2 2 2 2 2 1 16 169 2 5 2 6 37 4 3 3 1 1 2 3 3 2 1 2 2 1 7 21 3 2 1 2 2 4 1 3 3 1 1 1 2 17 3 1 1 1 3 4 2 1 2 2 2 4 6 2 11 1 2 16 137 103 19 112 3 5 2 1 2 1 3 45 5 3 2 1 2 2 1 3 1 2 1 5 4 1 2 3 2 1 3 5 2 1 2 2 5 2 1 2 8 1 3 3 2 1 2 2 1 1 2 4 1 4 3 3 3 1 3 2 7 17 18 1 2 6 4 2 2 6 2 6 6 5 1 10 3 1 1 1 2 70 1 2 1 2 1 5 2 2 1 16 2 1 1 2 2 8 1 1 2 1 2 3 1 4 3 3 1 1 9 1 2 2 1 1 1 4 1 1
2 1 3 2 1 2 1 1 6 1 2 4 2 2 2 3 1 3 20 20 2 4 1 2 1 1 3 1 2 1 2 4 1 2 1 1 5 1 1 1 13 2 1 3 3 2 2 1 1 1 2 2 1 5 1 8 1 79 1 1 3 19 3 9 2 2 2 2 4 1 3 6 3 4 2 3 2 10 2 1 1 1 3 35 1 1 2 1 2 1 7 11 45 9 1 2 2 1 1 1 1 2 5 1 1 6 1 2 1 1 2 1 4 1 4 5 4 2 17 2 2 1 1 1 4 1 6 2 8 2 1 1 2 2 4 2 2 7 1 1 2 8 1 9 28 44 1 7 1 6 1 2 3 8 1 18 1 13 1 4 3 2 2 2 6 2 4 1 56 1 2 5 3 2 2 2 1 2 9 1 2 1 6 1 4 4 2 1 1 8 17 1 1 2 1 1 7 4 3 3
1 1 1 20 3 10 1 1 1 2 6 2 2 4 1 11 3 17 204 2 15 3 5 22 2 1 1 2 1 4 2 1 2 1 3 2 4 1 1 1 4 1 2 26 2 3 25 1 2 2 1 5 1 1 1 1 5 3 2 1 37 1 2 9 1 1 1 2 1 2 6 1 5 4 1 4 2 7 2 1 1 1 3 2 1 1 2 3 7 3 4 3 2 3 1 2 1 5 1 10 6 1 2 4 4 2 1 2 1 1 3 31 2 2 3 15 1 6 17 2 1 3 1 2 2 1 13 15 6 1 9 85 1 38 2 376 5 1 2 3 2 2 1 1 5 1 1 1 4 2 2 2 5 4 2 3 1 1 15 2 3 1 62 2 18 1 14 3 2 7 3 5 1 2 1 2 1 1 58 2 4 6 28 5 2 6 1 2 1 1 9 4 1 2 5 2 47 1 5 10
4 11 6 1 3 2 1 3 1 4 1 1 1 3 1 3 50 1 1 2 1 10 2 3 4 1 6 3 3 1 3 3 1 1 2 1 2 3 2 5 1 3 3 43 1 2 11 1 1 2 1 5 1 1 3 1 1 4 5 19 2 1 3 1 2 1 2 3 2 1 2 2 1 3 1 1 2 2 2 12 2 1 2 26 1 1 24 1 9 10 2 164 2 1 1 2 2 2 2 1 2 6 7 1 1 12 17 2 43 4 1 7 2 2 2 19 1 11 8 73 11 7 1 1 2 1 1 19 3 1 109 1 7 1 1 1 6 1 1 1 6 2 2 1 1 1 2 1 1 2 1 19 1 11 1 11 1 2 1 1 2 5 9 1 3 56 5 2 6 1 1 1 1 8 9 2 1 5 2 1 10 1 2 142 1 2 2 6 6 5 2 3 2 2 10 2 2 6 9 2
3 1 1 2 4 1 3 2 3 2 2 3 3 1 1 2 5 1 1 3 7 1 30 3 1 75 2 1 12 9 3 4 2 85 1 1 1 4 2 2 1 1 2 5 1 23 2 2 3 3 1 1 4 2 1 2 3 29 3 1 3 5 1 10 2 2 3 9 1 9 3 3 2 2 2 5 1 11 1 1 2 16 2 4 3 2 2 5 3 17 3 1 10 3 2 1 2 2 1 1 5 3 2 11 2 1 2 1 2 88 2 17 10 4 6 30 2 1 1 4 2 2 1 19 2 1 1 320 2 2 1 2 2 4 1 18 1 10 5 1 10 5 2 37 2 4 12 37 3 3 1 86 3 2 1 4 2 1 3 1 6 3 5 7 1 1 2 7 1 3 1 7 5 1 2 1 1 1 1 4 1 1 2 1 2 2 1 5 14 1 2 2 3 22 1 3 1 4 2 7
3 4 2 5 2 3 2 29 1 1 9 1 1 1 1 2 1 1 4 1 1 1 2 1 2 1 9 6 1 27 1 2 2 1 6 1 2 9 19 5 1 65 3 10 1 8 1 13 4 2 2 1 1 1 2 4 1 244 2 3 3 2 1 2 10 1 1 1 6 3 2 4 1 1 3 3 3 1 14 2 6 1 4 2 1 14 2 2 2 1 1 1 20 1 3 2 1 1 1 14 104 1 1 2 1 87 3 5 2 1 2 1 2 7 1 3 3 3 1 1 2 1 21 1 1 2 7 1 3 3 1 52 1 1 1 3 2 2 1 17 9 2 3 2 1 1 1 1 2 6 2 2 1 3 1 30 1 1 2 8 1 2 11 1 4 1 2 4 2 2 3 2 36 1 1 1 1 2 1 4 1 2 1 5 4 14 2 3 1 1 3 2 2 2 1 4 1 5 3 3
1 2 4 1 9 16 3 3 1 2 1 2 1 2 3 1 3 1 7 40 5 2 1 1 2 27 4 2 3 2 2 1 8 1 1 4 6 4 5 1 4 7 2 2 2 1 2 1 9 164 11 24 1 3 1 2 1 1 2 2 2 4 5 1 1 7 2 13 3 5 1 2 4 6 2 3 1 13 1 2 1 9 22 1 2 2 2 1 2 5 4 2 1 3 3 1 2 28 3 1 2 12 4 1 17 2 3 1 1 1 8 2 3 2 1 6 4 1 1 2 1 2 1 5 8 1 2 1 2 2 2 2 1 1 3 12 1 1 3 2 1 1 1 8 5 7 1 2 5 17 1 4 1 1 1 3 1 1 3 2 7 5 68 1 2 5 1 1 1 1 2 45 1 4 1 3 370 6 2 77 3 2 311 5 2 2 1 1 1 2 24 1 1 1 10 4 7 1 4 55
3 2 1 12 4 3 2 3 5 1 1 4 1 1 4 3 16 6 2 1 2 4 10 2 1 2 3 1 1 1 3 2 2 22 1 1 9 490 1 1 1 1 3 3 7 5 1 2 26 5 2 33 2 1 2 3 1 1 1 1 3 1 34 2 4 2 7 3 2 2 2 1 1 1 2 8 24 2 2 2 1 6 16 4 1 1 2 1 1 2 2 1 7 4 2 1 13 1 6 18 3 2 3 6 1 14 1 3 2 2 1 3 2 1 2 10 1 1 2 3 3 1 232 1 8 1 4 2 2 31 2 2 1 10 1 2 6 8 3 3 62 2 3 1 6 1 1 5 1 1 6 3 1 5 1 2 3 1 2 1 1 5 1 1 8 1 1 2 4 1 12 2 6 2 1 3 1 2 1 4 3 1 1 1 1 1 2 1 12 5 1 1 2 3 1 5 3 1 1 1
22 9 3 1 3 4 4 1 1 3 14 6 3 2 1 1 25 1 1 3 1 4 2 1 75 2 3 1 2 2 3 2 1 2 95 33 1 3 1 148 1 2 2 21 2 7 1 5 6 1 25 4 3 2 1 2 13 54 114 1 1 12 1 7 5 3 1 5 1 3 1 1 1 4 2 8 4 13 1 10 2 8 1 22 1 5 1 3 1 6 4 3 1 1 3 2 99 1 1 1 2 1 6 1 1 2 3 5 1 3 1 3 1 2 16 1 1 3 6 1 3 1 1 2 2 3 3 4 1 1 1 2 1 49 1 3 49 3 1 2 2 1 1 1 1 8 3 2 2 42 1 1 6 9 1 11 1 1 1 2 1 8 8 16 2 1 3 1 1 13 1 1 1 1 2 1 3 1 1 2 2 5 1 1 1 2 3 1 2 2 1 3 17 4 2 1 1 2 1 15
1 3 8 2 2 64 3 24 2 2 5 1 2 2 1 1 2 22 2 2 2 6 1 2 3 2 8 6 1 4 15 5 1 4 4 4 7 2 33 2 5 2 2 2 2 1 1 2 1 7 20 2 2 1 1 3 1 2 2 2 1 2 1 2 2 7 1 3 3 1 2 2 1 9 1 2 3 4 1 3 6 34 1 2 2 1 2 2 2 2 1 2 1 2 2 6 3 1 1 5 1 3 1 4 6 3 2 5 1 2 13 1 1 1 4 2 3 1 1 23 4 2 5 4 1 1 3 3 2 3 7 8 8 29 1 33 1 1 1 2 1 1 4 19 5 7 2 1 2 7 1 2 2 2 15 227 1 2 5 1 2 1 6 1 1 7 1 2 2 2 1 1 4 6 1 1 2 3 2 1 5 50 1 98 6 1 1 1 1 109 3 1 2 2 2 2 2 2 11 1
5 1 2 1 4 2 11 2 3 2 2 1 1 8 2 11 10 3 3 3 1 323 2 4 1 1 1 5 1 1 3 3 1 1 2 1 3 6 11 3 1 1 4 5 19 1 2 1 2 2 1 19 4 1 2 2 1 2 1 3 3 13 18 2 2 29 2 2 290 1 1 2 2 3 2 2 4 2 4 2 2 1 2 1 1 1 1 1 2 3 15 1 1 2 3 1 2 12 1 4 1 2 1 1 2 2 5 3 5 2 35 6 4 7 1 3 1 3 3 1 8 1 2 4 1 2 1 1 17 3 2 1 1 3 2 8 2 1 3 1 4 1 11 3 1 22 2 1 2 9 1 1 2 1 1 2 2 4 3 7 1 1 1 2 15 1 1 1 2 17 2 2 4 4 1 1 2 1 10 2 11 1 1 2 6 1 1 58 2 1 1 1 3 3 1 58 1 2 4 1
37 1 1 4 2 2 1 2 1 2 2 1 1 2 1 16 1 1 1 2 4 3 1 2 8 3 2 10 3 1 2 136 4 46 9 1 4 1 1 1 2 1 1 1 2 31 12 12 5 5 3 1 1 2 5 1 4 2 1 6 1 3 4 1 5 2 1 1 1 3 2 3 3 1 7 1 2 4 18 2 3 1 2 4 1 2 1 48 1 3 1 2 2 1 1 3 1 17 2 2 3 2 1 6 1 6 4 3 3 3 6 1 4 1 2 6 1 1 1 2 2 3 2 1 3 2 7 1 1 2 1 2 3 1 4 2 1 2 1 21 1 1 4 3 17 1 3 1 3 3 2 2 2 4 1 2 2 5 4 13 1 1 50 8 9 1 18 1 1 2 11 1 23 6 1 2 5 6 15 3 7 2 1 1 5 3 2 3 1 40 2 14 1 1 4 2 1 1 1 2
3 1 3 4 3 1 12 2 2 6 1 2 2 1 3 3 1 2 3 6 1 1 3 1 12 2 2 1 2 55 2 4 1 1 2 8 2 1 6 5 2 12 1 5 4 2 2 3 3 3 3 2 9 1 4 1 2 1 32 2 1 10 6 5 2 2 1 2 2 3 1 2 1 1 3 6 1 1 2 5 2 3 2 2 2 2 2 3 3 5 13 2 3 3 1 1 2 3 3 2 2 1 4 34 1 5 42 1 2 1 5 2 2 4 2 2 24 2 49 2 2 65 2 1 60 2 7 3 1 10 40 3 2 3 1 3 14 7 2 1 2 3 1 60 3 3 4 1 1 2 4 2 3 2 2 1 1 1 2 2 1 2 2 2 2 32 3 15 1 4 3 1 1 2 3 2 5 3 1 1 2 2 2 1 114 1 4 2 5 2 1 3 1 4 62 2 2 3 1 3
24 2 5 3 1 1 2 6 2 9 2 3 1 2 3 17 243 1 21 1 2 1 1 2 1 2 4 2 4 3 4 1 2 2 3 5 1 4 1 2 161 6 2 1 2 8 1 1 5 47 5 2 5 2 1 2 2 2 1 1 103 1 1 2 2 3 1 11 2 4 11 2 1 2 4 3 1 1 8 10 6 1 3 3 117 1 13 35 2 1 2 1 2 1 1 1 84 10 2 3 2 2 3 3 1 2 1 1 1 2 3 1 2 1 2 2 5 2 9 5 1 15 1 1 2 1 1 1 2 3 4 1 6 3 1 3 13 1 1 2 2 2 1 9 3 1 2 1 1 2 4 3 2 2 15 1 7 12 3 1 2 1 1 1 4 1 2 1 1 1 7 5 11 22 1 1 3 95 5 27 2 4 1 3 1 2 7 3 1 1 1 1 3 2 3 1 6 42 4 1
2 2 2 2 1 4 1 6 3 2 4 1 2 2 1 17 24 2 2 2 2 1 2 2 2 21 2 1 1 1 1 3 2 1 1 2 5 54 2 2 4 2 3 2 1 1 3 7 10 2 10 5 2 2 2 1 1 2 2 4 1 5 8 3 1 9 3 2 2 1 5 1 6 2 1 1 1 1 2 1 2 3 1 7 2 8 7 3 3 3 496 3 2 6 6 1 1 1 18 2 14 3 22 1 23 1 3 15 2 1 1 1 15 1 1 1 2 8 10 104 3 2 3 23 5 15 1 1 5 3 6 6 1 4 1 6 1 53 3 1 2 2 1 17 2 1 16 9 44 1 3 22 4 1 1 4 2 6 2 1 1 3 1 1 6 8 3 1 1 3 2 3 2 2 1 1 1 2 1 6 14 3 38 2 2 1 1 2 9 1 2 32 1 29 2 2 3 4 12 2
2 2 1 1 2 1 7 8 3 2 2 1 1 1 3 3 2 3 1 1 15 3 3 1 6 1 1 2 6 7 1 1 1 2 8 3 2 8 14 2 5 1 2 1 2 1 3 2 5 4 13 2 1 68 1 2 1 48 6 2 3 2 2 1 1 1 27 3 4 1 15 2 2 2 4 4 3 4 1 2 7 3 1 1 1 1 7 1 2 2 2 27 4 3 1 1 2 2 1 2 10 17 7 1 1 7 20 1 18 1 1 5 1 12 4 5 10 3 2 1 4 1 2 3 3 11 2 2 1 7 9 4 3 2 3 1 4 2 2 1 1 1 1 2 1 2 2 1 28 2 1 8 1 1 1 6 1 2 4 1 2 2 1 2 3 2 2 1 3 5 2 74 2 5 1 1 4 2 8 4 1 1 3 4 1 20 1 1 1 1 21 2 1 2 4 1 10 14 3 9
1 3 2 1 3 6 1 1 2 4 2 21 1 3 1 1 1 1 1 8 3 1 2 2 1 1 1 3 2 1 5 2 2 256 1 13 1 2 5 1 17 2 2 3 8 3 4 1 1 2 1 1 1 1 3 2 2 9 12 2 1 3 4 2 4 1 2 1 2 1 3 2 6 2 5 4 2 5 1 1 47 9 2 2 1 2 7 13 6 36 10 1 2 18 3 9 1 3 3 2 4 8 1 3 15 2 4 2 1 10 1 1 3 4 2 2 12 3 2 4 2 1 9 1 1 1 2 2 2 4 5 1 2 2 2 1 4 3 1 20 2 2 1 18 2 2 2 2 1 3 1 7 1 1 2 2 4 1 1 13 2 1 1 1 2 7 1 6 1 3 1 3 5 2 1 1 2 8 1 11 8 1 220 1 2 3 2 1 7 1 1 1 1 3 1 2 2 1 5 1
1 5 1 1 3 2 1 2 1 1 3 2 1 2 2 85 4 6 7 4 2 7 8 2 1 6 3 6 3 8 2 43 53 10 2 3 5 3 1 2 2 2 4 3 5 1 2 2 1 129 1 3 1 2 3 3 1 3 7 2 2 2 10 2 2 8 7 1 6 1 3 4 1 1 1 1 2 3 1 2 3 7 12 2 2 2 3 2 1 13 1 2 5 3 1 1 1 2 3 1 11 3 26 2 24 27 2 1 2 1 5 1 9 2 1 3 2 6 1 2 2 1 14 5 1 1 16 1 1 8 2 3 2 2 1 3 1 2 55 1 61 3 4 6 1 1 1 1 1 4 2 1 5 1 297 2 6 2 1 3 2 1 4 4 3 9 2 1 6 1 2 4 1 2 6 1 2 3 1 2 2 1 9 2 1 2 3 2 2 1 5 4 4 1 1 4 1 2 4 1
2 1 14 12 1 1 2 2 4 1 3 1 1 2 33 1 1 2 1 1 51 2 5 1 1 1 1 5 2 93 16 1 1 1 1 1 1 1 2 1 1 6 4 4 3 1 2 6 84 1 5 13 1 1 2 3 2 36 8 2 4 2 2 2 2 15 24 5 1 7 2 10 14 6 1 2 2 1 1 1 1 11 1 3 4 1 1 11 40 7 5 3 2 2 2 5 1 1 10 50 4 6 11 2 3 3 5 1 11 6 11 1 2 4 2 3 1 3 4 5 2 1 1 1 3 6 1 1 2 15 1 2 6 11 2 1 1 2 1 2 2 1 1 1 2 170 8 1 2 11 1 77 1 1 1 3 1 1 1 14 4 2 10 25 1 8 1 1 1 2 20 4 2 1 3 2 1 5 2 3 1 1 2 3 131 9 2 1 1 1 1 1 2 2 2 3 1 3 4 206
1 3 3 4 12 3 6 11 1 2 1 2 2 1 1 2 11 4 1 2 3 1 1 1 6 10 2 7 48 1 1 3 1 2 2 1 9 4 3 5 2 2 2 2 2 1 6 63 1 3 1 8 1 2 1 2 1 1 1 1 6 3 4 1 1 1 1 2 1 12 7 1 2 3 3 1 2 2 2 3 1 1 2 1 2 3 4 5 1 1 3 2 3 5 4 1 14 1 3 2 1 2 1 1 1 9 3 2 4 12 1 1 2 1 16 2 3 4 2 2 1 1 8 1 2 1 2 2 28 1 2 4 1 1 2 4 2 11 1 4 2 1 3 4 2 6 10 85 12 2 2 4 2 12 1 2 1 4 1 9 1 5 1 1 4 2 4 1 4 1 4 1 1 1 4 1 12 15 1 1 1 2 1 2 4 13 1 2 1 1 2 1 1 3 8 2 1 1 2 6
13 2 8 2 1 2 1 1 1 2 1 2 4 1 2 3 2 28 1 3 48 1 6 2 2 3 1 1 1 5 1 5 233 2 2 1 1 1 5 5 4 10 1 1 4 4 1 12 84 3 1 1 1 1 3 1 3 2 36 2 24 6 1 6 2 4 2 2 15 1 2 1 1 8 2 8 3 3 2 15 10 2 1 2 1 2 1 6 12 3 18 6 1 3 1 5 10 3 1 4 2 2 1 1 1 1 13 1 4 6 1 5 1 2 4 1 2 2 4 10 1 2 3 2 4 2 2 1 1 2 4 1 10 2 1 1 1 1 1 3 2 16 1 1 2 1 3 2 1 2 43 12 3 1 1 2 2 3 2 1 4 1 2 4 3 1 1 2 1 1 1 2 1 2 390 1 2 2 1 2 1 19 4 1 1 1 1 2 1 2 2 3 2 1 2 1 3 3 1 2
2 1 1 3 8 1 2 2 8 1 1 5 3 1 2 1 1 1 1 1 2 9 2 7 2 2 84 1 3 4 9 3 1 3 2 6 1 16 3 2 1 1 1 1 3 2 2 2 2 2 2 1 5 1 1 2 2 1 1 2 1 1 2 2 3 30 1 1 10 4 4 19 1 2 1 5 1 2 1 10 1 4 1 4 2 24 4 1 1 8 3 2 2 2 5 2 2 4 1 16 1 66 3 1 1 1 1 6 3 1 2 6 2 2 2 2 3 2 1 1 2 5 3 3 4 2 2 5 2 1 1 1 1 2 1 1 1 1 1 57 3 3 108 227 1 1 2 20 2 1 13 4 2 9 2 1 2 5 1 3 2 1 8 1 2 2 12 1 2 2 2 4 2 3 9 2 9 3 2 3 4 1 1 2 2 1 11 2 2 1 1 4 3 1 2 2 1 1 13 1
2 2 4 4 5 1 3 2 3 2 1 1 4 2 1 250 5 3 2 5 2 2 3 4 5 2 2 1 3 2 6 3 4 18 3 74 2 4 3 3 1 1 2 7 1 2 1 1 1 1 2 3 2 21 2 2 1 1 17 1 1 13 2 1 1 2 2 2 2 2 2 7 1 2 1 1 1 7 1 2 4 1 3 2 7 2 2 5 10 4 1 1 3 19 60 1 1 1 1 2 6 3 2 10 1 7 1 1 1 1 2 17 18 2 4 4 3 2 2 3 4 11 2 2 2 16 3 2 1 2 1 3 2 2 2 1 10 3 3 2 3 14 4 2 2 4 6 1 3 1 4 4 3 2 1 5 2 6 2 1 2 5 5 34 1 1 2 2 6 1 2 2 1 1 5 4 12 1 98 1 2 3 2 1 1 4 1 1 3 2 2 1 8 5 4 2 4 1 21 1
1 16 1 6 3 1 8 2 2 1 1 3 1 1 26 2 1 1 6 3 2 2 8 3 13 4 1 2 9 1 1 2 263 3 54 1 2 2 1 1 2 2 1 1 2 1 3 1 12 1 1 5 1 8 1 1 6 2 3 6 6 12 2 1 6 2 1 4 9 36 6 1 2 1 4 1 1 1 1 2 2 1 5 4 2 1 3 2 3 2 1 2 11 1 2 3 2 13 4 2 2 1 1 1 3 1 6 5 34 2 1 1 1 476 4 14 9 1 2 2 1 7 57 10 1 1 2 11 4 1 6 1 65 1 1 330 78 2 3 2 1 3 7 2 1 4 1 5 1 5 1 1 1 1 2 3 1 2 1 1 1 2 4 4 2 143 3 1 5 2 1 1 16 1 1 1 1 1 5 5 1 2 1 1 34 2 2 1 1 24 1 16 1 61 18 4 6 2 2 3
10 1 2 3 3 1 2 3 1 1 16 2 2 2 3 2 2 4 9 3 1 15 4 1 4 1 1 6 2 1 12 1 1 3 5 1 2 1 2 1 1 9 2 1 16 1 3 1 1 1 1 3 1 35 2 2 2 1 1 1 2 2 3 1 6 7 2 17 1 1 2 2 1 2 1 5 1 1 1 16 3 19 4 2 1 4 5 40 1 4 3 5 3 13 139 1 2 1 1 1 2 1 8 1 1 2 3 1 2 10 1 2 1 4 1 3 2 2 2 3 7 2 2 2 3 31 5 4 1 1 4 1 4 3 5 3 2 1 2 15 2 1 9 19 2 5 1 6 1 1 2 2 2 2 9 1 1 2 3 1 2 1 1 1 2 1 2 1 2 4 1 1 3 2 3 2 2 2 2 1 1 1 2 2 10 1 3 4 1 19 1 9 2 3 31 1 58 1 3 3
4 3 3 1 470 2 21 2 1 1 2 2 1 1 2 12 1 1 9 5 1 2 3 1 2 1 1 3 1 2 1 2 2 4 2 1 30 2 66 1 1 5 1 20 3 3 1 1 5 5 3 12 10 3 2 1 2 1 4 1 2 2 3 1 58 3 2 2 2 1 1 1 1 8 6 2 1 1 3 3 5 1 1 10 2 1 2 2 1 1 1 1 1 4 2 2 1 20 3 1 4 1 1 1 1 1 1 1 2 2 1 3 1 1 1 2 2 3 3 2 3 1 4 4 2 3 4 1 1 5 1 3 18 1 4 27 10 3 1 2 10 2 360 1 1 2 6 2 1 1 3 3 2 2 4 1 7 1 2 6 2 1 2 2 1 2 1 1 1 2 1 1 1 46 1 1 2 1 1 1 2 1 1 2 4 20 3 2 17 6 1 3 1 2 2 16 7 45 3 2
4 42 35 4 3 3 1 2 1 1 1 4 2 5 2 12 1 426 3 2 1 1 2 1 2 1 1 5 1 1 3 3 1 3 1 1 6 1 4 6 1 2 1 1 1 1 1 3 3 3 1 1 4 4 6 2 30 13 1 11 1 3 10 2 3 1 1 2 4 5 2 3 1 1 48 6 6 2 2 3 7 3 2 34 2 2 1 2 2 2 1 1 27 3 2 7 2 1 1 4 8 1 1 1 2 2 1 6 2 3 2 4 1 1 3 4 2 1 20 4 1 1 17 1 2 2 1 5 1 3 6 8 1 2 2 1 2 2 2 1 1 3 3 1 1 1 10 2 5 3 1 2 7 48 2 16 10 14 3 2 5 1 3 1 1 5 1 3 2 2 25 1 6 13 2 3 2 8 9 2 2 1 2 1 3 7 2 3 2 3 4 4 3 2 1 1 2 34 1 1
1 2 1 2 3 3 25 4 1 1 5 2 1 5 5 4 2 1 2 1 3 1 14 1 4 2 1 2 1 2 1 2 1 2 1 1 4 12 1 2 2 1 2 4 1 5 9 2 2 1 1 2 2 7 33 2 266 1 1 2 1 2 1 1 3 2 2 8 2 2 2 8 3 4 1 1 24 2 11 4 1 4 2 22 3 11 1 5 1 1 1 4 2 2 2 2 1 2 1 2 3 6 1 1 1 63 2 17 2 1 1 3 1 12 1 3 1 1 3 2 1 2 1 1 2 4 1 12 4 3 4 1 5 1 2 1 4 5 2 1 5 3 1 3 37 1 1 2 2 28 5 5 3 5 1 2 2 13 2 4 2 1 1 2 2 3 2 2 2 1 3 1 2 2 1 2 3 2 2 4 1 3 3 1 3 2 3 2 29 2 2 1 1 1 2 3 7 2 1 3
1 1 4 2 2 1 1 1 11 2 3 6 11 1 2 1 5 2 2 2 4 1 3 2 2 1 1 1 1 1 1 1 2 2 5 1 1 3 2 1 1 2 1 5 1 6 18 2 2 2 5 2 13 1 1 4 3 6 2 3 3 2 2 2 2 1 5 5 3 7 2 2 1 1 1 1 1 14 14 9 6 1 1 2 3 2 1 2 1 1 2 142 4 1 50 1 1 2 2 2 4 2 2 4 3 6 1 1 3 3 1 1 1 1 3 6 2 2 3 2 2 2 2 2 2 1 1 1 2 25 5 2 1 2 1 1 450 2 1 1 11 1 3 2 1 2 2 18 3 7 2 6 3 8 5 2 1 5 1 14 2 1 1 6 12 1 2 2 1 3 2 10 2 1 3 1 1 1 1 1 2 1 5 1 1 3 1 2 1 2 1 3 2 5 1 1 10 261 1 1
8 1 5 1 3 1 1 2 6 5 2 15 1 1 7 2 2 1 8 12 1 2 2 1 2 1 2 10 26 1 7 2 1 8 9 2 1 1 10 1 1 2 4 1 1 2 2 14 1 1 2 41 2 2 2 1 103 1 5 3 2 1 1 1 2 1 2 2 2 5 1 1 36 2 1 6 1 1 1 1 1 1 1 7 91 2 1 1 2 2 4 1 9 4 1 2 2 2 14 2 8 4 71 21 13 2 1 9 2 3 2 2 3 1 1 2 1 2 1 3 4 1 41 1 2 18 1 1 4 1 2 2 2 1 3 1 2 1 1 2 1 1 2 3 2 18 36 1 1 2 2 2 1 1 3 3 1 9 1 2 1 1 3 4 2 1 11 2 5 2 1 5 12 2 1 2 6 4 5 14 2 8 3 2 1 14 10 9 2 136 5 2 5 1 4 1 1 4 1 2
2 1 2 2 16 1 1 2 4 1 2 5 2 4 2 2 2 1 1 36 7 1 1 1 1 2 4 1 3 1 1 2 3 1 3 2 2 1 79 244 3 212 2 3 1 1 1 2 3 1 1 2 9 4 13 19 2 1 4 3 2 5 1 1 6 2 2 8 1 37 3 1 1 2 1 2 1 1 4 2 1 3 1 3 1 3 5 1 11 1 1 1 2 3 2 1 1 1 1 2 1 1 1 3 5 1 2 5 9 8 1 1 2 3 2 3 1 2 1 6 1 1 8 2 3 6 10 1 10 1 2 21 2 1 1 2 2 2 2 2 6 1 6 1 8 15 1 1 2 3 1 3 2 1 1 3 3 10 1 1 1 2 1 1 1 4 1 14 1 2 2 1 12 2 2 1 2 91 1 1 3 8 1 1 1 1 1 2 1 4 2 2 2 1 2 3 3 54 10 1
15 3 1 7 2 5 1 2 1 27 6 1 1 1 6 1 2 5 2 1 2 3 1 1 3 3 3 1 1 3 1 2 109 1 1 2 1 53 1 2 3 2 1 3 1 5 3 4 1 1 1 1 3 2 1 1 5 2 1 1 2 2 1 4 2 18 3 4 1 1 1 1 1 5 1 1 55 8 2 4 3 5 2 1 5 1 93 1 2 1 1 2 2 17 5 6 2 2 2 2 2 1 4 2 7 2 4 2 1 9 3 7 1 5 1 1 16 2 1 41 2 6 1 1 1 3 3 7 2 2 2 1 3 1 1 2 3 3 2 3 2 4 1 2 23 22 3 1 1 1 1 1 5 10 1 2 2 1 2 2 2 1 1 9 1 1 2 4 2 2 8 2 2 1 1 1 1 1 2 17 1 24 1 1 1 5 2 2 3 1 1 3 1 1 2 2 2 2 1 5
4 2 100 2 1 4 16 1 1 1 1 3 1 1 1 1 45 1 1 2 1 8 2 7 4 5 2 2 2 2 2 3 2 2 1 1 2 2 7 1 2 3 1 2 13 16 16 4 3 2 3 3 2 2 5 1 3 5 3 1 2 8 8 12 1 3 4 3 5 1 1 2 1 9 1 2 2 1 1 5 1 81 1 2 1 53 1 45 1 2 2 2 1 1 1 185 2 1 2 4 6 2 2 3 2 1 2 2 2 3 3 4 16 1 3 29 8 4 1 9 31 2 3 3 4 2 2 22 1 4 1 5 1 28 4 2 4 1 1 1 15 3 28 3 3 2 2 8 1 2 2 2 1 3 1 24 2 4 1 293 3 2 1 3 2 8 12 2 3 2 1 7 1 10 1 2 1 5 4 3 1 1 1 2 3 1 3 3 2 5 1 6 1 5 1 17 1 1 8 2
1 174 2 1 2 1 1 2 3 3 18 13 5 2 265 53 2 2 16 2 2 2 2 3 3 3 2 2 1 2 1 18 8 1 1 95 1 1 1 2 2 2 2 1 5 6 4 2 2 1 9 3 1 2 2 5 2 2 1 3 1 2 1 2 1 2 1 48 1 1 1 2 2 3 2 1 1 3 2 2 3 1 2 1 5 5 3 1 2 1 2 1 3 3 97 4 1 2 7 1 9 3 1 5 1 5 1 2 2 3 29 4 4 2 1 11 1 9 1 1 2 1 1 3 2 12 1 1 4 1 3 2 2 2 7 2 1 1 3 1 5 1 5 2 2 1 3 2 4 1 1 3 2 38 15 14 1 1 1 1 4 2 1 1 1 1 1 1 1 5 7 1 3 3 1 2 7 1 4 1 2 1 2 2 7 2 5 5 4 2 2 2 1 1 2 10 22 6 4 72
1 3 13 1 1 2 2 3 11 13 3 2 4 4 1 2 1 7 2 2 1 2 1 3 2 1 4 6 5 1 6 1 1 2 1 2 6 1 2 45 3 1 1 1 2 1 4 27 5 2 2 1 9 3 3 2 1 3 12 1 2 1 1 3 4 1 2 2 2 212 1 2 2 2 1 10 5 1 2 5 1 2 2 2 33 1 17 2 1 1 2 4 2 1 4 2 1 2 2 10 1 2 1 2 2 9 1 3 1 2 10 1 2 1 29 2 3 1 1 3 1 2 1 2 2 3 2 6 2 2 1 4 5 1 1 3 2 2 1 1 1 2 1 18 2 2 3 1 2 6 11 2 38 1 1 4 1 3 4 1 3 26 4 37 3 1 1 1 4 2 2 2 1 2 9 1 48 2 6 2 4 2 4 7 1 2 3 1 48 4 3 1 2 3 3 5 2 1 6 4
8 7 2 1 3 4 3 3 2 1 2 1 1 6 1 1 26 2 1 1 4 2 10 2 1 1 1 1 2 7 2 5 1 1 1 9 3 2 1 17 1 1 2 3 2 5 1 7 14 2 2 1 1 1 5 4 2 2 2 7 1 1 2 1 2 20 2 2 1 1 7 1 2 6 1 4 2 2 1 2 2 3 18 1 2 2 1 2 3 2 1 3 1 1 2 1 3 1 52 5 1 1 6 2 1 1 15 2 2 2 8 1 2 14 4 4 2 3 3 1 5 6 1 1 2 23 2 3 3 2 1 19 1 2 2 1 4 5 2 7 2 3 2 2 1 1 1 58 1 3 2 2 1 2 1 2 2 2 1 1 8 1 40 1 2 1 2 4 3 50 2 3 2 1 1 2 4 2 4 2 1 1 8 12 5 3 1 1 1 4 1 4 1 2 1 3 2 7 1 1
29 6 2 35 2 2 14 2 2 1 34 2 3 2 1 1 4 2 2 2 2 2 4 1 1 1 1 1 1 1 1 5 5 1 3 2 14 1 21 1 2 1 1 4 1 2 45 1 2 1 1 2 46 2 2 2 1 5 2 12 1 1 8 1 1 16 1 2 2 2 3 2 2 1 35 18 1 3 12 1 17 6 2 2 1 1 4 30 3 4 5 1 1 1 4 1 5 3 2 1 4 9 4 35 1 1 2 2 1 1 103 2 1 17 4 5 24 3 2 5 2 3 11 3 3 35 1 2 1 3 2 1 1 1 2 1 2 6 2 1 15 2 8 1 8 38 3 1 1 2 27 2 19 2 12 5 1 52 1 2 2 11 1 4 2 2 3 1 1 3 5 2 2 1 2 1 11 3 8 3 2 2 6 179 5 1 1 1 1 3 6 1 6 12 2 4 4 1 6 2
1 5 1 3 2 2 4 4 1 2 2 1 1 6 2 6 2 1 2 3 2 2 2 2 1 3 2 1 239 2 3 21 1 1 2 1 3 1 3 2 2 3 2 5 15 12 1 2 2 44 1 19 2 2 5 1 40 3 3 5 1 2 1 3 2 111 4 2 2 1 1 29 3 1 2 3 9 21 1 1 43 1 1 4 1 2 3 1 1 2 3 1 25 1 6 5 4 1 5 1 1 1 3 2 26 2 1 1 1 10 2 4 2 4 1 1 37 2 1 1 7 2 1 2 1 5 1 2 1 6 5 4 2 3 1 3 2 1 1 3 1 1 1 1 1 1 6 1 2 1 3 1 1 1 1 56 1 2 1 2 10 2 106 1 2 1 1 2 1 4 3 2 4 24 1 1 1 1 1 2 2 2 2 1 3 2 1 1 2 22 2 2 2 2 3 1 18 2 2 36
4 34 2 1 1 3 4 5 4 1 2 4 2 2 1 1 1 7 7 2 1 2 1 1 2 3 1 3 212 7 1 5 1 1 7 3 1 1 2 12 3 2 2 1 3 3 2 3 34 6 1 29 2 2 8 2 1 2 176 15 1 1 3 1 4 1 4 1 1 2 1 2 1 1 3 1 16 2 6 12 60 2 5 2 3 2 1 2 13 2 14 2 1 1 1 3 1 11 1 2 4 1 1 1 2 1 1 4 10 3 1 2 1 3 8 1 2 1 24 3 1 2 4 1 1 7 2 15 1 27 2 1 1 4 2 2 4 8 1 1 1 14 1 18 1 9 1 1 1 1 1 2 2 2 2 2 2 2 2 1 1 2 14 1 1 3 2 3 2 8 25 2 4 2 1 42 3 2 4 4 1 1 2 18 1 1 2 4 3 1 7 1 3 1 2 4 3 5 2 1
9 1 2 1 4 4 7 8 1 5 1 1 1 47 2 1 1 2 1 1 3 1 1 2 12 14 16 4 11 66 4 3 2 1 3 1 1 59 2 4 1 16 2 35 6 3 1 1 2 2 5 2 3 1 2 65 8 62 2 3 1 1 1 4 2 2 20 2 8 2 1 1 4 3 10 2 2 1 19 35 3 1 3 2 1 2 2 3 141 3 1 6 2 2 2 2 1 1 23 1 1 1 1 1 1 2 7 1 2 18 1 2 1 2 3 1 2 9 2 2 2 1 3 1 1 3 2 3 2 1 2 3 3 1 1 2 1 6 3 6 2 1 1 2 2 2 2 1 34 5 2 1 3 29 2 3 2 1 1 2 3 3 1 1 7 12 1 68 3 59 6 3 2 5 1 1 1 2 4 1 8 13 2 16 10 2 2 1 13 31 1 2 8 1 8 3 1 7 44 4
2 2 6 19 5 1 17 1 7 6 2 10 7 59 5 3 2 2 1 4 1 1 4 1 2 2 2 3 1 12 1 8 2 2 32 1 2 3 5 6 3 54 9 1 2 2 30 1 2 2 1 1 2 4 1 17 7 1 1 1 2 2 3 1 2 2 16 2 2 4 2 2 2 1 7 2 41 2 4 1 1 3 206 1 2 3 2 1 1 1 3 2 11 13 2 2 9 3 2 1 1 1 2 2 4 6 5 2 1 4 21 5 2 2 1 23 2 9 3 6 4 16 17 3 19 2 2 3 31 1 8 1 1 32 42 7 2 3 1 2 1 1 3 4 4 1 55 1 2 15 9 4 4 5 113 2 2 3 3 1 5 4 1 2 4 6 1 1 5 1 1 7 2 4 1 1 1 7 1 3 1 3 60 1 1 2 7 2 1 1 3 2 13 1 3 3 11 1 7 3
2 1 4 2 2 2 6 6 1 2 9 1 1 2 8 33 2 1 9 6 3 9 1 4 10 9 2 7 1 6 2 15 1 2 2 13 1 3 4 2 14 2 2 2 2 3 2 2 1 2 2 4 3 4 4 2 2 1 13 2 1 15 11 2 2 1 10 3 2 3 3 1 1 2 43 3 2 1 8 1 1 3 4 7 1 6 16 1 1 2 5 9 1 1 1 1 3 64 2 2 1 1 1 2 2 3 3 337 2 2 12 2 1 2 2 3 3 6 26 11 2 1 1 1 2 1 2 2 1 1 6 1 2 14 1 30 2 7 4 13 2 3 2 2 1 1 1 2 1 2 1 11 2 2 1 1 3 4 1 8 1 13 6 170 3 1 2 3 2 4 1 2 2 2 1 2 6 2 2 2 1 1 1 4 1 3 3 2 3 2 1 1 1 2 1 3 2 1 5 1
