-1 0
-1 0
-1 0
-1 0
-1 0
-1 0
-1 0
-1 0
-1 0
-1 0
-1 0
-1 0
-1 0
-1 0
-1 0
-1 0
-1 0
-1 0
-1 0
-1 0
-1 0
-1 0
-1 0
-1 0
-1 0
-1 0
-1 0
-1 0
-1 0
-1 0
-1 0
-1 0
-1 0
-1 0
-1 0
-1 0
-1 0
-1 0
-1 0
-1 0
-1 0
-1 0
-1 0
-1 0
-1 0
-1 0
-1 0
-1 0
-1 0
-1 0
-1 0
-1 0
-1 0
-1 0
-1 0
-1 0
-1 0
-1 0
-1 0
-1 0
-1 0
-1 0
-1 0
-1 0
-1 0
-1 0
-1 0
-1 0
-1 0
-1 0
-1 0
-1 0
-1 0
-1 0
-1 0
-1 0
-1 0
-1 0
-1 0
-1 0
-1 0
-1 0
-1 0
-1 0
-1 0
-1 0
-1 0
-1 0
-1 0
-1 0
-1 0
-1 0
-1 0
-1 0
-1 0
-1 0
-1 0
-1 0
-1 0
-1 0
-1 0
-1 0
-1 0
-1 0
-1 0
-1 0
-1 0
-1 0
-1 0
-1 0
-1 0
-1 0
-1 0
-1 0
-1 0
-1 0
-1 0
-1 0
-1 0
-1 0
-1 0
-1 0
-1 0
-1 0
-1 0
-1 0
-1 0
-1 0
-1 0
-1 0
-1 0
-1 0
-1 0
-1 0
-1 0
-1 0
-1 0
-1 0
-1 0
-1 0
-1 0
-1 0
-1 0
-1 0
-1 0
-1 0
-1 0
-1 0
-1 0
-1 0
-1 0
-1 0
-1 0
-1 0
-1 0
-1 0
-1 0
-1 0
-1 0
-1 0
-1 0
-1 0
-1 0
-1 0
-1 0
-1 0
-1 0
-1 0
-1 0
-1 0
-1 0
-1 0
-1 0
-1 0
-1 0
-1 0
-1 0
-1 0
-1 0
-1 0
-1 0
-1 0
-1 0
-1 0
-1 0
-1 0
-1 0
-1 0
-1 0
-1 0
-1 0
-1 0
-1 0
-1 0
-1 0
-1 0
-1 0
-1 0
-1 0
-1 0
-1 0
-1 0
-1 0
-1 0
-1 0
-1 0
-1 0
-1 0
-1 0
-1 0
-1 0
-1 0
-1 0
-1 0
-1 0
-1 0
-1 0
-1 0
-1 0
-1 0
-1 0
-1 0
-1 0
-1 0
-1 0
-1 0
-1 0
-1 0
-1 0
-1 0
-1 0
-1 0
-1 0
-1 0
-1 0
-1 0
-1 0
-1 0
-1 0
-1 0
-1 0
-1 0
-1 0
-1 0
-1 0
-1 0
-1 0
-1 0
-1 0
-1 0
-1 0
-1 0
-1 0
-1 0
-1 0
-1 0
-1 0
-1 0
-1 0
-1 0
-1 0
-1 0
-1 0
-1 0
-1 0
-1 0
-1 0
-1 0
-1 0
-1 0
-1 0
-1 0
-1 0
-1 0
-1 0
-1 0
-1 0
-1 0
-1 0
-1 0
-1 0
-1 0
-1 0
-1 0
-1 0
-1 0
-1 0
-1 0
-1 0
-1 0
-1 0
-1 0
-1 0
-1 0
-1 0
-1 0
-1 0
-1 0
-1 0
-1 0
-1 0
-1 0
-1 0
-1 0
-1 0
-1 0
-1 0
-1 0
-1 0
-1 0
-1 0
-1 0
-1 0
-1 0
-1 0
-1 0
-1 0
-1 0
-1 0
-1 0
-1 0
-1 0
-1 0
0 30
0 30
-1 30
-1 30
-1 30
-1 30
-1 30
-1 30
-1 30
-1 30
-1 30
-1 30
-1 30
-1 30
-1 30
-1 30
-1 30
-1 30
-1 30
-1 30
-1 30
-1 30
-1 30
-1 30
-1 30
-1 30
-1 30
-1 30
-1 30
-1 30
-1 30
-1 30
-1 30
-1 30
-1 30
-1 30
-1 30
-1 30
-1 30
-1 30
-1 30
-1 30
-1 30
-1 30
-1 30
-1 30
-1 30
-1 30
-1 30
-1 30
-1 30
-1 30
-1 30
-1 30
-1 30
-1 30
-1 30
-1 30
-1 30
-1 30
-1 30
-1 30
30 159
-1 159
-1 159
-1 159
-1 159
-1 159
-1 159
-1 159
-1 159
-1 159
-1 159
-1 159
-1 159
-1 159
-1 159
-1 159
-1 159
-1 159
-1 159
-1 159
-1 159
-1 159
-1 159
-1 159
-1 159
-1 159
-1 159
-1 159
-1 159
-1 159
-1 159
-1 159
-1 159
-1 159
-1 159
-1 159
-1 159
-1 159
-1 159
-1 159
-1 159
-1 159
-1 159
159 70
159 70
-1 70
-1 70
-1 70
-1 70
-1 70
-1 70
-1 70
-1 70
-1 70
-1 70
-1 70
-1 70
-1 70
-1 70
-1 70
-1 70
-1 70
-1 70
-1 70
-1 70
-1 70
-1 70
-1 70
-1 70
-1 70
-1 70
-1 70
-1 70
-1 70
-1 70
-1 70
-1 70
-1 70
-1 70
-1 70
-1 70
-1 70
-1 70
-1 70
-1 70
-1 70
-1 70
-1 70
-1 70
-1 70
-1 70
-1 70
-1 70
-1 70
-1 70
-1 70
-1 70
-1 70
-1 70
-1 70
-1 70
-1 70
-1 70
-1 70
-1 70
-1 70
-1 70
-1 70
70 82
70 82
-1 82
-1 82
-1 82
-1 82
-1 82
-1 82
-1 82
-1 82
-1 82
-1 82
-1 82
-1 82
-1 82
-1 82
-1 82
-1 82
-1 82
-1 82
-1 82
-1 82
-1 82
-1 82
-1 82
-1 82
-1 82
-1 82
-1 82
-1 82
-1 82
-1 82
-1 82
-1 82
-1 82
-1 82
-1 82
-1 82
-1 82
-1 82
-1 82
-1 82
-1 82
-1 82
-1 82
-1 82
-1 82
-1 82
-1 82
-1 82
-1 82
-1 82
-1 82
-1 82
-1 82
-1 82
-1 82
-1 82
-1 82
-1 82
-1 82
-1 82
-1 82
-1 82
-1 82
-1 82
-1 82
-1 82
-1 82
70 146
-1 146
-1 146
-1 146
-1 146
-1 146
-1 146
-1 146
-1 146
-1 146
-1 146
-1 146
-1 146
-1 146
-1 146
-1 146
-1 146
-1 146
-1 146
-1 146
-1 146
-1 146
-1 146
-1 146
-1 146
-1 146
-1 146
-1 146
-1 146
-1 146
-1 146
-1 146
-1 146
-1 146
-1 146
-1 146
-1 146
-1 146
-1 146
-1 146
-1 146
-1 146
-1 146
-1 146
-1 146
-1 146
-1 146
-1 146
-1 146
-1 146
-1 146
-1 146
-1 146
-1 146
-1 146
-1 146
-1 146
-1 146
-1 146
-1 146
-1 146
-1 146
-1 146
-1 146
-1 146
-1 146
-1 146
-1 146
-1 146
-1 146
-1 146
-1 146
-1 146
-1 146
-1 146
-1 146
-1 146
-1 146
-1 146
-1 146
-1 146
-1 146
-1 146
146 124
159 47
159 47
159 47
70 198
70 198
70 198
82 76
82 76
82 76
82 76
82 76
-1 76
-1 76
-1 76
-1 76
-1 76
-1 76
-1 76
-1 76
-1 76
-1 76
-1 76
-1 76
-1 76
-1 76
-1 76
-1 76
-1 76
-1 76
-1 76
-1 76
-1 76
-1 76
-1 76
-1 76
-1 76
-1 76
-1 76
76 173
76 173
-1 173
-1 173
-1 173
-1 173
-1 173
-1 173
-1 173
-1 173
-1 173
-1 173
-1 173
-1 173
-1 173
-1 173
-1 173
-1 173
-1 173
-1 173
-1 173
-1 173
-1 173
-1 173
-1 173
-1 173
-1 173
-1 173
-1 173
-1 173
-1 173
-1 173
-1 173
-1 173
-1 173
-1 173
-1 173
-1 173
-1 173
-1 173
-1 173
-1 173
-1 173
-1 173
-1 173
-1 173
-1 173
-1 173
-1 173
-1 173
-1 173
-1 173
-1 173
-1 173
-1 173
-1 173
-1 173
-1 173
-1 173
-1 173
-1 173
-1 173
-1 173
-1 173
-1 173
-1 173
-1 173
-1 173
-1 173
-1 173
-1 173
-1 173
-1 173
-1 173
-1 173
-1 173
-1 173
-1 173
-1 173
-1 173
-1 173
-1 173
-1 173
-1 173
-1 173
-1 173
-1 173
-1 173
-1 173
-1 173
-1 173
-1 173
-1 173
-1 173
-1 173
-1 173
-1 173
-1 173
-1 173
173 46
-1 46
-1 46
-1 46
-1 46
-1 46
-1 46
-1 46
-1 46
-1 46
-1 46
-1 46
-1 46
-1 46
-1 46
-1 46
46 150
-1 150
-1 150
-1 150
-1 150
-1 150
-1 150
-1 150
-1 150
-1 150
-1 150
-1 150
-1 150
-1 150
-1 150
-1 150
-1 150
-1 150
-1 150
-1 150
-1 150
-1 150
-1 150
-1 150
-1 150
-1 150
-1 150
-1 150
-1 150
-1 150
-1 150
-1 150
-1 150
-1 150
150 72
-1 72
150 100
150 100
150 100
100 40
-1 40
-1 40
-1 40
-1 40
-1 40
-1 40
-1 40
-1 40
-1 40
-1 40
-1 40
-1 40
-1 40
-1 40
-1 40
-1 40
-1 40
-1 40
-1 40
-1 40
-1 40
-1 40
-1 40
-1 40
-1 40
-1 40
-1 40
-1 40
-1 40
-1 40
-1 40
-1 40
-1 40
-1 40
46 43
150 92
-1 92
-1 92
-1 92
-1 92
-1 92
-1 92
-1 92
-1 92
-1 92
-1 92
-1 92
-1 92
-1 92
-1 92
-1 92
-1 92
-1 92
-1 92
92 14
92 14
92 14
14 9
14 160
14 160
160 121
-1 121
-1 121
-1 121
-1 121
-1 121
-1 121
-1 121
-1 121
-1 121
-1 121
-1 121
-1 121
-1 121
-1 121
-1 121
-1 121
-1 121
-1 121
-1 121
-1 121
-1 121
-1 121
-1 121
-1 121
-1 121
-1 121
-1 121
-1 121
-1 121
-1 121
-1 121
-1 121
-1 121
-1 121
-1 121
-1 121
-1 121
-1 121
-1 121
-1 121
-1 121
-1 121
-1 121
-1 121
-1 121
-1 121
-1 121
-1 121
-1 121
-1 121
-1 121
-1 121
-1 121
-1 121
-1 121
-1 121
-1 121
-1 121
-1 121
-1 121
-1 121
-1 121
-1 121
-1 121
-1 121
-1 121
-1 121
-1 121
-1 121
-1 121
-1 121
-1 121
-1 121
-1 121
-1 121
-1 121
-1 121
-1 121
-1 121
-1 121
-1 121
-1 121
-1 121
-1 121
-1 121
-1 121
-1 121
121 85
121 116
-1 116
-1 116
-1 116
-1 116
-1 116
-1 116
-1 116
-1 116
-1 116
-1 116
-1 116
-1 116
-1 116
-1 116
-1 116
-1 116
-1 116
-1 116
-1 116
-1 116
-1 116
-1 116
116 57
57 169
-1 169
-1 169
-1 169
-1 169
-1 169
-1 169
-1 169
-1 169
-1 169
-1 169
-1 169
-1 169
-1 169
-1 169
-1 169
-1 169
-1 169
-1 169
-1 169
-1 169
57 88
-1 88
-1 88
-1 88
-1 88
-1 88
-1 88
-1 88
-1 88
-1 88
-1 88
-1 88
-1 88
-1 88
-1 88
-1 88
-1 88
-1 88
-1 88
88 140
-1 140
-1 140
-1 140
-1 140
-1 140
-1 140
-1 140
-1 140
-1 140
-1 140
-1 140
-1 140
-1 140
-1 140
-1 140
-1 140
-1 140
-1 140
-1 140
-1 140
-1 140
-1 140
-1 140
-1 140
-1 140
-1 140
-1 140
-1 140
-1 140
-1 140
-1 140
-1 140
-1 140
-1 140
-1 140
-1 140
-1 140
-1 140
-1 140
-1 140
-1 140
-1 140
-1 140
-1 140
-1 140
-1 140
-1 140
-1 140
-1 140
-1 140
-1 140
-1 140
-1 140
-1 140
-1 140
-1 140
-1 140
-1 140
-1 140
-1 140
-1 140
-1 140
-1 140
-1 140
-1 140
-1 140
-1 140
-1 140
-1 140
-1 140
-1 140
-1 140
-1 140
-1 140
-1 140
-1 140
-1 140
-1 140
-1 140
-1 140
-1 140
116 41
-1 41
-1 41
-1 41
-1 41
-1 41
-1 41
41 3
41 3
-1 3
-1 3
-1 3
-1 3
-1 3
-1 3
-1 3
-1 3
-1 3
-1 3
-1 3
-1 3
-1 3
-1 3
-1 3
-1 3
-1 3
-1 3
-1 3
-1 3
-1 3
-1 3
-1 3
-1 3
-1 3
-1 3
-1 3
-1 3
-1 3
-1 3
-1 3
-1 3
-1 3
-1 3
-1 3
-1 3
-1 3
-1 3
-1 3
-1 3
-1 3
-1 3
-1 3
-1 3
-1 3
-1 3
-1 3
-1 3
-1 3
-1 3
-1 3
-1 3
-1 3
-1 3
-1 3
-1 3
-1 3
-1 3
-1 3
-1 3
-1 3
-1 3
-1 3
-1 3
-1 3
-1 3
-1 3
-1 3
-1 3
-1 3
-1 3
-1 3
-1 3
-1 3
-1 3
-1 3
-1 3
-1 3
-1 3
-1 3
-1 3
-1 3
3 120
3 18
3 18
-1 18
18 135
120 191
120 191
-1 191
-1 191
-1 191
-1 191
-1 191
-1 191
-1 191
-1 191
-1 191
-1 191
-1 191
-1 191
-1 191
-1 191
120 109
109 101
109 49
109 49
-1 49
-1 49
-1 49
-1 49
-1 49
-1 49
-1 49
-1 49
-1 49
-1 49
-1 49
-1 49
-1 49
-1 49
-1 49
-1 49
-1 49
-1 49
-1 49
-1 49
-1 49
-1 49
-1 49
-1 49
-1 49
-1 49
-1 49
-1 49
-1 49
-1 49
-1 49
-1 49
-1 49
-1 49
-1 49
-1 49
-1 49
-1 49
-1 49
-1 49
-1 49
-1 49
-1 49
-1 49
-1 49
-1 49
-1 49
-1 49
-1 49
-1 49
-1 49
-1 49
-1 49
-1 49
-1 49
-1 49
-1 49
-1 49
-1 49
-1 49
-1 49
-1 49
-1 49
-1 49
-1 49
-1 49
-1 49
-1 49
-1 49
-1 49
-1 49
-1 49
-1 49
-1 49
-1 49
-1 49
-1 49
-1 49
-1 49
-1 49
-1 49
135 156
135 156
-1 156
-1 156
-1 156
-1 156
-1 156
-1 156
-1 156
-1 156
-1 156
-1 156
-1 156
-1 156
-1 156
-1 156
-1 156
-1 156
-1 156
-1 156
-1 156
-1 156
-1 156
-1 156
-1 156
-1 156
-1 156
-1 156
-1 156
-1 156
-1 156
-1 156
-1 156
-1 156
-1 156
-1 156
-1 156
-1 156
-1 156
-1 156
-1 156
-1 156
-1 156
-1 156
-1 156
-1 156
-1 156
-1 156
-1 156
-1 156
-1 156
-1 156
-1 156
-1 156
-1 156
-1 156
-1 156
-1 156
-1 156
-1 156
-1 156
-1 156
-1 156
-1 156
-1 156
-1 156
-1 156
-1 156
-1 156
-1 156
-1 156
-1 156
-1 156
-1 156
-1 156
-1 156
-1 156
-1 156
-1 156
-1 156
-1 156
-1 156
-1 156
-1 156
-1 156
-1 156
-1 156
121 174
174 44
174 44
-1 44
-1 44
-1 44
-1 44
-1 44
-1 44
-1 44
-1 44
-1 44
-1 44
-1 44
-1 44
-1 44
-1 44
-1 44
-1 44
-1 44
-1 44
-1 44
-1 44
-1 44
-1 44
-1 44
-1 44
-1 44
-1 44
-1 44
-1 44
-1 44
-1 44
-1 44
-1 44
-1 44
-1 44
-1 44
-1 44
-1 44
-1 44
-1 44
-1 44
-1 44
-1 44
-1 44
-1 44
-1 44
-1 44
-1 44
-1 44
-1 44
-1 44
-1 44
-1 44
-1 44
-1 44
-1 44
-1 44
-1 44
-1 44
-1 44
-1 44
-1 44
-1 44
-1 44
-1 44
-1 44
-1 44
-1 44
-1 44
-1 44
-1 44
-1 44
-1 44
-1 44
-1 44
-1 44
-1 44
-1 44
-1 44
-1 44
-1 44
-1 44
-1 44
-1 44
-1 44
-1 44
-1 44
-1 44
-1 44
-1 44
-1 44
-1 44
-1 44
-1 44
-1 44
-1 44
-1 44
-1 44
-1 44
-1 44
191 112
112 104
112 104
104 50
50 105
50 105
41 89
-1 89
-1 89
-1 89
-1 89
-1 89
-1 89
-1 89
-1 89
-1 89
-1 89
-1 89
-1 89
-1 89
-1 89
-1 89
-1 89
-1 89
-1 89
-1 89
-1 89
-1 89
-1 89
-1 89
-1 89
-1 89
-1 89
-1 89
-1 89
-1 89
-1 89
-1 89
-1 89
-1 89
-1 89
-1 89
-1 89
-1 89
-1 89
-1 89
-1 89
-1 89
-1 89
-1 89
-1 89
-1 89
-1 89
-1 89
-1 89
-1 89
-1 89
-1 89
-1 89
-1 89
-1 89
-1 89
-1 89
-1 89
-1 89
-1 89
-1 89
-1 89
-1 89
-1 89
-1 89
-1 89
-1 89
-1 89
-1 89
-1 89
-1 89
-1 89
-1 89
-1 89
-1 89
-1 89
-1 89
-1 89
116 29
-1 29
-1 29
-1 29
-1 29
-1 29
-1 29
-1 29
-1 29
-1 29
-1 29
-1 29
-1 29
-1 29
-1 29
-1 29
-1 29
-1 29
-1 29
-1 29
-1 29
-1 29
-1 29
-1 29
-1 29
-1 29
-1 29
29 125
29 161
161 58
58 171
-1 171
-1 171
-1 171
-1 171
-1 171
-1 171
-1 171
-1 171
-1 171
-1 171
-1 171
-1 171
-1 171
-1 171
-1 171
-1 171
-1 171
-1 171
-1 171
-1 171
-1 171
-1 171
-1 171
-1 171
-1 171
-1 171
-1 171
-1 171
-1 171
-1 171
-1 171
-1 171
-1 171
-1 171
-1 171
-1 171
-1 171
-1 171
-1 171
-1 171
-1 171
-1 171
-1 171
-1 171
-1 171
-1 171
-1 171
-1 171
-1 171
-1 171
-1 171
-1 171
-1 171
-1 171
-1 171
-1 171
-1 171
-1 171
-1 171
-1 171
-1 171
-1 171
-1 171
-1 171
-1 171
-1 171
-1 171
171 182
58 180
109 101
182 138
138 103
-1 103
-1 103
-1 103
-1 103
-1 103
-1 103
-1 103
-1 103
-1 103
-1 103
-1 103
-1 103
-1 103
-1 103
-1 103
-1 103
-1 103
-1 103
-1 103
-1 103
-1 103
-1 103
-1 103
-1 103
-1 103
-1 103
-1 103
-1 103
-1 103
-1 103
-1 103
-1 103
-1 103
-1 103
-1 103
-1 103
-1 103
-1 103
-1 103
-1 103
-1 103
-1 103
-1 103
-1 103
-1 103
-1 103
-1 103
-1 103
-1 103
-1 103
-1 103
-1 103
-1 103
-1 103
-1 103
-1 103
-1 103
-1 103
-1 103
-1 103
-1 103
-1 103
-1 103
-1 103
-1 103
-1 103
-1 103
-1 103
-1 103
-1 103
-1 103
-1 103
-1 103
-1 103
-1 103
103 125
125 145
145 128
138 189
-1 189
-1 189
-1 189
-1 189
-1 189
189 38
38 154
-1 154
-1 154
-1 154
-1 154
-1 154
-1 154
-1 154
-1 154
-1 154
-1 154
-1 154
-1 154
-1 154
-1 154
-1 154
-1 154
-1 154
-1 154
-1 154
-1 154
-1 154
-1 154
-1 154
-1 154
-1 154
-1 154
-1 154
-1 154
-1 154
-1 154
-1 154
-1 154
-1 154
-1 154
-1 154
-1 154
-1 154
-1 154
-1 154
-1 154
-1 154
-1 154
-1 154
-1 154
-1 154
-1 154
-1 154
-1 154
-1 154
-1 154
-1 154
-1 154
-1 154
-1 154
-1 154
-1 154
-1 154
-1 154
-1 154
-1 154
-1 154
-1 154
-1 154
-1 154
-1 154
-1 154
-1 154
-1 154
-1 154
-1 154
-1 154
-1 154
-1 154
-1 154
-1 154
154 34
154 34
154 34
34 60
103 85
85 78
85 21
85 21
18 175
-1 175
-1 175
-1 175
-1 175
-1 175
-1 175
-1 175
-1 175
-1 175
-1 175
-1 175
-1 175
-1 175
-1 175
-1 175
-1 175
-1 175
-1 175
-1 175
-1 175
-1 175
-1 175
-1 175
-1 175
-1 175
-1 175
-1 175
-1 175
-1 175
-1 175
-1 175
-1 175
-1 175
-1 175
-1 175
-1 175
-1 175
-1 175
-1 175
-1 175
-1 175
-1 175
-1 175
-1 175
-1 175
-1 175
-1 175
-1 175
-1 175
-1 175
-1 175
-1 175
-1 175
-1 175
-1 175
-1 175
-1 175
-1 175
-1 175
-1 175
-1 175
-1 175
-1 175
-1 175
-1 175
-1 175
-1 175
-1 175
-1 175
-1 175
-1 175
-1 175
-1 175
-1 175
175 32
175 32
32 21
-1 21
-1 21
-1 21
-1 21
-1 21
-1 21
-1 21
-1 21
-1 21
-1 21
-1 21
-1 21
-1 21
-1 21
-1 21
-1 21
-1 21
-1 21
-1 21
-1 21
-1 21
-1 21
-1 21
-1 21
-1 21
-1 21
-1 21
-1 21
-1 21
-1 21
-1 21
-1 21
-1 21
-1 21
-1 21
-1 21
-1 21
-1 21
-1 21
-1 21
-1 21
57 19
57 19
57 19
109 13
109 13
128 119
-1 119
-1 119
-1 119
-1 119
-1 119
-1 119
-1 119
-1 119
-1 119
-1 119
-1 119
-1 119
-1 119
-1 119
-1 119
-1 119
-1 119
-1 119
-1 119
-1 119
-1 119
-1 119
-1 119
-1 119
-1 119
-1 119
-1 119
-1 119
-1 119
-1 119
-1 119
-1 119
-1 119
-1 119
-1 119
-1 119
-1 119
-1 119
-1 119
-1 119
-1 119
-1 119
-1 119
-1 119
-1 119
-1 119
-1 119
-1 119
-1 119
-1 119
-1 119
-1 119
-1 119
-1 119
-1 119
-1 119
-1 119
-1 119
-1 119
-1 119
-1 119
-1 119
-1 119
-1 119
-1 119
-1 119
-1 119
-1 119
-1 119
119 61
119 168
-1 168
-1 168
-1 168
-1 168
-1 168
-1 168
-1 168
-1 168
-1 168
-1 168
-1 168
-1 168
-1 168
-1 168
-1 168
-1 168
-1 168
-1 168
-1 168
-1 168
-1 168
-1 168
-1 168
-1 168
-1 168
-1 168
-1 168
-1 168
-1 168
-1 168
-1 168
-1 168
-1 168
-1 168
-1 168
-1 168
-1 168
-1 168
-1 168
-1 168
-1 168
-1 168
-1 168
-1 168
-1 168
-1 168
-1 168
-1 168
-1 168
-1 168
-1 168
-1 168
-1 168
-1 168
-1 168
-1 168
-1 168
-1 168
-1 168
-1 168
-1 168
-1 168
-1 168
-1 168
-1 168
-1 168
-1 168
-1 168
-1 168
-1 168
-1 168
168 181
168 181
61 10
61 10
-1 10
-1 10
-1 10
-1 10
-1 10
-1 10
-1 10
-1 10
-1 10
-1 10
-1 10
-1 10
-1 10
-1 10
-1 10
-1 10
-1 10
-1 10
-1 10
-1 10
-1 10
-1 10
-1 10
-1 10
-1 10
-1 10
-1 10
-1 10
-1 10
-1 10
-1 10
-1 10
-1 10
-1 10
-1 10
-1 10
-1 10
-1 10
-1 10
-1 10
-1 10
-1 10
-1 10
-1 10
-1 10
-1 10
-1 10
-1 10
-1 10
-1 10
-1 10
-1 10
-1 10
-1 10
-1 10
-1 10
-1 10
-1 10
-1 10
-1 10
-1 10
-1 10
-1 10
-1 10
-1 10
-1 10
-1 10
-1 10
-1 10
-1 10
-1 10
-1 10
-1 10
-1 10
-1 10
-1 10
-1 10
-1 10
-1 10
-1 10
-1 10
168 197
128 56
10 123
10 123
-1 123
-1 123
-1 123
-1 123
-1 123
-1 123
-1 123
-1 123
-1 123
-1 123
-1 123
-1 123
123 180
180 105
105 110
105 110
-1 110
-1 110
-1 110
-1 110
-1 110
-1 110
-1 110
-1 110
-1 110
-1 110
-1 110
-1 110
-1 110
-1 110
-1 110
-1 110
-1 110
-1 110
-1 110
-1 110
-1 110
-1 110
-1 110
-1 110
-1 110
-1 110
-1 110
-1 110
-1 110
-1 110
-1 110
-1 110
-1 110
-1 110
-1 110
-1 110
-1 110
-1 110
-1 110
-1 110
-1 110
-1 110
-1 110
-1 110
-1 110
-1 110
-1 110
-1 110
-1 110
-1 110
-1 110
-1 110
-1 110
-1 110
-1 110
110 94
110 55
110 55
180 167
180 167
-1 167
-1 167
-1 167
-1 167
-1 167
-1 167
-1 167
-1 167
-1 167
-1 167
-1 167
-1 167
-1 167
-1 167
-1 167
-1 167
-1 167
-1 167
-1 167
-1 167
-1 167
125 68
161 79
161 79
161 79
161 79
-1 79
-1 79
-1 79
-1 79
-1 79
-1 79
-1 79
-1 79
-1 79
-1 79
-1 79
-1 79
-1 79
-1 79
-1 79
-1 79
-1 79
-1 79
-1 79
-1 79
-1 79
-1 79
-1 79
-1 79
-1 79
-1 79
-1 79
-1 79
-1 79
-1 79
-1 79
-1 79
-1 79
-1 79
-1 79
-1 79
-1 79
-1 79
-1 79
-1 79
-1 79
-1 79
-1 79
-1 79
-1 79
-1 79
-1 79
-1 79
-1 79
-1 79
-1 79
-1 79
-1 79
-1 79
-1 79
-1 79
-1 79
-1 79
-1 79
-1 79
-1 79
-1 79
-1 79
-1 79
-1 79
-1 79
-1 79
-1 79
-1 79
-1 79
-1 79
-1 79
-1 79
-1 79
-1 79
79 47
47 115
115 20
115 117
115 151
47 131
47 131
47 131
47 131
-1 131
-1 131
-1 131
-1 131
-1 131
-1 131
-1 131
-1 131
-1 131
-1 131
-1 131
-1 131
-1 131
-1 131
-1 131
-1 131
-1 131
-1 131
-1 131
-1 131
-1 131
-1 131
-1 131
-1 131
-1 131
-1 131
-1 131
-1 131
-1 131
-1 131
-1 131
-1 131
-1 131
-1 131
-1 131
-1 131
-1 131
-1 131
-1 131
-1 131
-1 131
-1 131
-1 131
-1 131
-1 131
-1 131
-1 131
-1 131
-1 131
-1 131
-1 131
-1 131
-1 131
-1 131
-1 131
-1 131
-1 131
-1 131
-1 131
-1 131
-1 131
-1 131
-1 131
-1 131
-1 131
-1 131
-1 131
-1 131
-1 131
-1 131
-1 131
-1 131
-1 131
-1 131
-1 131
-1 131
-1 131
-1 131
-1 131
-1 131
-1 131
-1 131
-1 131
-1 131
-1 131
-1 131
-1 131
-1 131
-1 131
-1 131
-1 131
-1 131
-1 131
-1 131
-1 131
-1 131
-1 131
-1 131
131 199
131 199
131 199
-1 199
-1 199
-1 199
-1 199
-1 199
-1 199
-1 199
-1 199
-1 199
-1 199
-1 199
-1 199
-1 199
-1 199
-1 199
-1 199
-1 199
-1 199
-1 199
-1 199
-1 199
-1 199
-1 199
-1 199
-1 199
-1 199
-1 199
-1 199
-1 199
-1 199
-1 199
-1 199
-1 199
-1 199
-1 199
-1 199
-1 199
-1 199
-1 199
-1 199
-1 199
-1 199
-1 199
-1 199
-1 199
-1 199
-1 199
-1 199
-1 199
-1 199
-1 199
-1 199
-1 199
-1 199
-1 199
-1 199
-1 199
110 54
145 22
40 53
40 53
-1 53
-1 53
-1 53
-1 53
-1 53
-1 53
-1 53
-1 53
-1 53
-1 53
-1 53
-1 53
-1 53
-1 53
-1 53
-1 53
-1 53
-1 53
-1 53
-1 53
-1 53
-1 53
-1 53
-1 53
-1 53
-1 53
-1 53
-1 53
-1 53
-1 53
-1 53
-1 53
-1 53
-1 53
-1 53
-1 53
-1 53
-1 53
-1 53
-1 53
-1 53
-1 53
-1 53
-1 53
-1 53
-1 53
-1 53
-1 53
-1 53
-1 53
-1 53
-1 53
-1 53
-1 53
-1 53
-1 53
-1 53
-1 53
-1 53
-1 53
-1 53
-1 53
-1 53
-1 53
-1 53
-1 53
-1 53
-1 53
-1 53
-1 53
-1 53
-1 53
53 178
53 178
-1 178
-1 178
-1 178
-1 178
-1 178
-1 178
-1 178
-1 178
-1 178
-1 178
-1 178
-1 178
-1 178
-1 178
-1 178
-1 178
-1 178
-1 178
-1 178
-1 178
-1 178
-1 178
-1 178
-1 178
-1 178
-1 178
-1 178
-1 178
-1 178
-1 178
-1 178
-1 178
-1 178
-1 178
-1 178
-1 178
-1 178
-1 178
-1 178
-1 178
-1 178
-1 178
-1 178
-1 178
-1 178
-1 178
-1 178
-1 178
-1 178
-1 178
-1 178
-1 178
-1 178
-1 178
-1 178
-1 178
-1 178
-1 178
-1 178
-1 178
-1 178
-1 178
-1 178
-1 178
-1 178
-1 178
-1 178
-1 178
-1 178
-1 178
-1 178
-1 178
-1 178
-1 178
-1 178
-1 178
-1 178
-1 178
-1 178
-1 178
-1 178
-1 178
-1 178
-1 178
-1 178
-1 178
-1 178
-1 178
-1 178
-1 178
-1 178
-1 178
-1 178
178 54
-1 54
54 107
-1 107
-1 107
-1 107
-1 107
-1 107
-1 107
-1 107
-1 107
-1 107
-1 107
-1 107
-1 107
-1 107
-1 107
-1 107
-1 107
-1 107
-1 107
-1 107
-1 107
-1 107
-1 107
-1 107
-1 107
-1 107
-1 107
-1 107
-1 107
-1 107
-1 107
-1 107
-1 107
-1 107
-1 107
-1 107
-1 107
-1 107
-1 107
-1 107
-1 107
-1 107
-1 107
-1 107
-1 107
-1 107
-1 107
-1 107
-1 107
-1 107
-1 107
-1 107
-1 107
-1 107
-1 107
-1 107
-1 107
-1 107
-1 107
-1 107
-1 107
-1 107
107 28
28 183
28 183
28 183
-1 183
-1 183
-1 183
-1 183
-1 183
-1 183
-1 183
-1 183
-1 183
-1 183
-1 183
-1 183
-1 183
-1 183
-1 183
-1 183
-1 183
-1 183
-1 183
-1 183
-1 183
-1 183
-1 183
-1 183
-1 183
-1 183
-1 183
-1 183
-1 183
-1 183
-1 183
-1 183
-1 183
-1 183
-1 183
-1 183
-1 183
-1 183
-1 183
-1 183
-1 183
-1 183
-1 183
-1 183
-1 183
-1 183
-1 183
-1 183
-1 183
-1 183
-1 183
-1 183
-1 183
-1 183
-1 183
-1 183
-1 183
-1 183
-1 183
-1 183
-1 183
-1 183
-1 183
-1 183
-1 183
-1 183
-1 183
-1 183
-1 183
-1 183
191 56
191 56
-1 56
-1 56
-1 56
-1 56
-1 56
-1 56
-1 56
-1 56
-1 56
-1 56
-1 56
-1 56
-1 56
-1 56
-1 56
-1 56
-1 56
-1 56
-1 56
-1 56
-1 56
-1 56
-1 56
-1 56
-1 56
-1 56
-1 56
-1 56
-1 56
-1 56
-1 56
-1 56
-1 56
-1 56
-1 56
-1 56
-1 56
-1 56
-1 56
-1 56
-1 56
56 15
-1 15
-1 15
-1 15
-1 15
-1 15
-1 15
-1 15
-1 15
-1 15
-1 15
-1 15
-1 15
-1 15
-1 15
-1 15
-1 15
-1 15
-1 15
-1 15
-1 15
-1 15
-1 15
-1 15
-1 15
-1 15
-1 15
-1 15
-1 15
-1 15
-1 15
-1 15
-1 15
-1 15
-1 15
-1 15
-1 15
-1 15
-1 15
-1 15
-1 15
-1 15
-1 15
-1 15
-1 15
-1 15
-1 15
-1 15
-1 15
-1 15
-1 15
-1 15
-1 15
-1 15
-1 15
-1 15
-1 15
-1 15
-1 15
-1 15
-1 15
-1 15
-1 15
-1 15
-1 15
-1 15
-1 15
-1 15
-1 15
-1 15
-1 15
-1 15
-1 15
-1 15
-1 15
-1 15
-1 15
-1 15
-1 15
-1 15
-1 15
-1 15
-1 15
-1 15
-1 15
15 7
-1 7
-1 7
-1 7
-1 7
-1 7
-1 7
-1 7
-1 7
-1 7
-1 7
7 83
83 197
83 197
7 157
-1 157
-1 157
-1 157
-1 157
-1 157
-1 157
-1 157
-1 157
-1 157
-1 157
-1 157
-1 157
-1 157
-1 157
-1 157
-1 157
-1 157
-1 157
-1 157
-1 157
-1 157
-1 157
-1 157
-1 157
-1 157
-1 157
-1 157
-1 157
-1 157
-1 157
-1 157
-1 157
-1 157
-1 157
-1 157
-1 157
-1 157
-1 157
-1 157
-1 157
-1 157
-1 157
-1 157
15 19
15 66
-1 66
-1 66
-1 66
-1 66
-1 66
-1 66
-1 66
-1 66
-1 66
-1 66
-1 66
-1 66
-1 66
-1 66
-1 66
-1 66
-1 66
-1 66
-1 66
-1 66
-1 66
-1 66
-1 66
-1 66
-1 66
-1 66
-1 66
-1 66
-1 66
-1 66
-1 66
-1 66
-1 66
-1 66
-1 66
-1 66
-1 66
-1 66
-1 66
-1 66
-1 66
-1 66
-1 66
-1 66
-1 66
-1 66
-1 66
-1 66
-1 66
-1 66
-1 66
-1 66
-1 66
-1 66
-1 66
-1 66
-1 66
-1 66
-1 66
-1 66
-1 66
-1 66
-1 66
-1 66
-1 66
-1 66
-1 66
-1 66
-1 66
-1 66
-1 66
-1 66
-1 66
-1 66
-1 66
-1 66
-1 66
-1 66
-1 66
-1 66
-1 66
-1 66
-1 66
-1 66
123 149
123 149
123 149
79 98
79 98
79 98
79 98
44 129
72 63
61 190
61 190
61 190
-1 190
-1 190
-1 190
-1 190
-1 190
-1 190
-1 190
-1 190
-1 190
-1 190
-1 190
-1 190
-1 190
-1 190
-1 190
-1 190
-1 190
-1 190
-1 190
-1 190
-1 190
-1 190
-1 190
-1 190
-1 190
-1 190
-1 190
190 52
190 52
190 5
190 5
52 8
182 67
182 67
182 67
182 67
-1 67
-1 67
-1 67
-1 67
-1 67
-1 67
-1 67
-1 67
-1 67
-1 67
-1 67
-1 67
-1 67
-1 67
-1 67
-1 67
-1 67
-1 67
-1 67
-1 67
-1 67
-1 67
-1 67
-1 67
-1 67
-1 67
-1 67
-1 67
-1 67
-1 67
-1 67
-1 67
-1 67
-1 67
-1 67
-1 67
-1 67
-1 67
-1 67
-1 67
-1 67
-1 67
-1 67
-1 67
-1 67
-1 67
-1 67
-1 67
-1 67
-1 67
-1 67
-1 67
-1 67
-1 67
-1 67
-1 67
-1 67
-1 67
15 99
-1 99
-1 99
-1 99
-1 99
-1 99
-1 99
-1 99
-1 99
-1 99
-1 99
-1 99
-1 99
-1 99
-1 99
-1 99
-1 99
-1 99
-1 99
-1 99
-1 99
-1 99
-1 99
-1 99
-1 99
-1 99
-1 99
-1 99
-1 99
-1 99
-1 99
-1 99
-1 99
-1 99
-1 99
-1 99
-1 99
-1 99
-1 99
-1 99
-1 99
-1 99
-1 99
-1 99
-1 99
-1 99
-1 99
-1 99
-1 99
-1 99
-1 99
-1 99
-1 99
-1 99
-1 99
-1 99
-1 99
-1 99
-1 99
-1 99
-1 99
-1 99
-1 99
-1 99
-1 99
-1 99
-1 99
99 93
99 93
9 2
9 2
174 35
174 35
174 35
-1 35
-1 35
-1 35
-1 35
-1 35
-1 35
-1 35
-1 35
-1 35
-1 35
-1 35
-1 35
-1 35
-1 35
-1 35
-1 35
-1 35
-1 35
-1 35
-1 35
-1 35
-1 35
-1 35
-1 35
-1 35
-1 35
-1 35
-1 35
-1 35
-1 35
-1 35
-1 35
-1 35
-1 35
-1 35
-1 35
-1 35
35 87
35 87
87 45
87 45
87 45
87 45
87 45
112 24
112 24
112 24
140 197
-1 197
-1 197
-1 197
-1 197
-1 197
-1 197
-1 197
-1 197
-1 197
-1 197
-1 197
-1 197
-1 197
-1 197
-1 197
-1 197
-1 197
-1 197
-1 197
-1 197
-1 197
-1 197
-1 197
-1 197
-1 197
-1 197
-1 197
-1 197
-1 197
-1 197
-1 197
-1 197
-1 197
-1 197
54 147
54 147
197 93
-1 93
-1 93
-1 93
-1 93
-1 93
-1 93
-1 93
-1 93
-1 93
-1 93
-1 93
-1 93
-1 93
-1 93
-1 93
-1 93
-1 93
-1 93
-1 93
-1 93
-1 93
-1 93
-1 93
-1 93
-1 93
-1 93
-1 93
-1 93
-1 93
-1 93
-1 93
-1 93
-1 93
-1 93
-1 93
-1 93
-1 93
-1 93
-1 93
-1 93
-1 93
-1 93
-1 93
-1 93
-1 93
-1 93
-1 93
-1 93
-1 93
-1 93
-1 93
-1 93
-1 93
-1 93
-1 93
-1 93
-1 93
-1 93
-1 93
-1 93
-1 93
-1 93
-1 93
-1 93
-1 93
-1 93
-1 93
-1 93
93 155
160 148
169 172
169 172
169 172
169 172
107 73
107 73
107 73
107 73
-1 73
-1 73
-1 73
-1 73
-1 73
-1 73
-1 73
-1 73
-1 73
-1 73
-1 73
-1 73
-1 73
-1 73
-1 73
-1 73
-1 73
-1 73
-1 73
-1 73
-1 73
-1 73
-1 73
-1 73
-1 73
-1 73
-1 73
-1 73
-1 73
-1 73
-1 73
-1 73
-1 73
-1 73
-1 73
-1 73
-1 73
-1 73
-1 73
-1 73
-1 73
-1 73
-1 73
-1 73
-1 73
-1 73
-1 73
-1 73
-1 73
-1 73
-1 73
-1 73
-1 73
-1 73
-1 73
-1 73
-1 73
189 65
189 65
189 65
189 65
-1 65
-1 65
-1 65
-1 65
-1 65
-1 65
-1 65
-1 65
-1 65
-1 65
-1 65
-1 65
-1 65
-1 65
-1 65
-1 65
-1 65
-1 65
-1 65
-1 65
-1 65
-1 65
-1 65
-1 65
-1 65
-1 65
-1 65
-1 65
-1 65
-1 65
-1 65
-1 65
-1 65
-1 65
-1 65
-1 65
-1 65
-1 65
-1 65
-1 65
-1 65
-1 65
-1 65
-1 65
-1 65
-1 65
-1 65
-1 65
-1 65
-1 65
-1 65
-1 65
-1 65
-1 65
-1 65
-1 65
-1 65
-1 65
-1 65
-1 65
-1 65
-1 65
-1 65
-1 65
-1 65
-1 65
-1 65
-1 65
-1 65
-1 65
-1 65
-1 65
-1 65
-1 65
-1 65
-1 65
41 148
-1 148
-1 148
-1 148
-1 148
-1 148
-1 148
-1 148
-1 148
-1 148
-1 148
-1 148
-1 148
-1 148
-1 148
-1 148
-1 148
-1 148
-1 148
-1 148
-1 148
-1 148
-1 148
-1 148
-1 148
-1 148
-1 148
-1 148
-1 148
-1 148
-1 148
-1 148
-1 148
-1 148
-1 148
-1 148
-1 148
-1 148
-1 148
-1 148
-1 148
-1 148
-1 148
-1 148
157 149
-1 149
-1 149
-1 149
-1 149
-1 149
-1 149
-1 149
-1 149
-1 149
-1 149
-1 149
-1 149
-1 149
-1 149
-1 149
-1 149
-1 149
-1 149
-1 149
-1 149
-1 149
-1 149
-1 149
-1 149
-1 149
-1 149
-1 149
-1 149
-1 149
-1 149
-1 149
-1 149
-1 149
-1 149
-1 149
-1 149
-1 149
-1 149
-1 149
-1 149
-1 149
-1 149
149 5
149 5
-1 5
-1 5
-1 5
-1 5
-1 5
-1 5
5 16
5 16
-1 16
-1 16
-1 16
-1 16
-1 16
-1 16
-1 16
-1 16
-1 16
-1 16
-1 16
-1 16
-1 16
-1 16
-1 16
-1 16
-1 16
-1 16
-1 16
-1 16
-1 16
-1 16
-1 16
-1 16
-1 16
-1 16
-1 16
-1 16
-1 16
-1 16
-1 16
-1 16
-1 16
-1 16
-1 16
-1 16
-1 16
-1 16
-1 16
-1 16
-1 16
-1 16
-1 16
-1 16
-1 16
-1 16
-1 16
-1 16
-1 16
-1 16
-1 16
-1 16
-1 16
-1 16
-1 16
-1 16
-1 16
-1 16
-1 16
-1 16
-1 16
-1 16
-1 16
-1 16
-1 16
-1 16
-1 16
-1 16
-1 16
-1 16
-1 16
-1 16
-1 16
-1 16
-1 16
-1 16
-1 16
-1 16
-1 16
-1 16
-1 16
-1 16
-1 16
-1 16
16 98
98 114
16 122
189 84
-1 84
-1 84
-1 84
-1 84
-1 84
-1 84
-1 84
-1 84
-1 84
-1 84
-1 84
-1 84
-1 84
-1 84
-1 84
-1 84
-1 84
-1 84
-1 84
-1 84
-1 84
-1 84
-1 84
-1 84
-1 84
-1 84
-1 84
-1 84
-1 84
-1 84
-1 84
-1 84
-1 84
-1 84
-1 84
-1 84
-1 84
-1 84
-1 84
-1 84
-1 84
-1 84
-1 84
-1 84
-1 84
-1 84
-1 84
-1 84
-1 84
-1 84
-1 84
-1 84
-1 84
-1 84
-1 84
-1 84
-1 84
-1 84
-1 84
-1 84
-1 84
-1 84
-1 84
-1 84
-1 84
-1 84
-1 84
-1 84
-1 84
-1 84
-1 84
-1 84
-1 84
-1 84
-1 84
-1 84
-1 84
-1 84
-1 84
-1 84
-1 84
84 68
84 68
84 68
-1 68
-1 68
-1 68
-1 68
-1 68
-1 68
-1 68
-1 68
-1 68
-1 68
-1 68
-1 68
-1 68
-1 68
-1 68
-1 68
-1 68
-1 68
-1 68
-1 68
-1 68
-1 68
-1 68
-1 68
-1 68
-1 68
-1 68
-1 68
-1 68
-1 68
-1 68
-1 68
-1 68
-1 68
-1 68
-1 68
-1 68
-1 68
-1 68
-1 68
-1 68
-1 68
-1 68
-1 68
-1 68
-1 68
-1 68
-1 68
-1 68
-1 68
-1 68
-1 68
-1 68
-1 68
-1 68
-1 68
-1 68
-1 68
-1 68
-1 68
-1 68
-1 68
-1 68
-1 68
-1 68
-1 68
-1 68
-1 68
-1 68
-1 68
-1 68
-1 68
-1 68
68 172
-1 172
-1 172
-1 172
-1 172
-1 172
-1 172
-1 172
-1 172
-1 172
-1 172
-1 172
-1 172
-1 172
-1 172
-1 172
-1 172
-1 172
-1 172
-1 172
-1 172
-1 172
-1 172
-1 172
-1 172
-1 172
-1 172
-1 172
-1 172
172 106
172 106
-1 106
-1 106
-1 106
-1 106
-1 106
-1 106
-1 106
-1 106
-1 106
-1 106
-1 106
-1 106
-1 106
-1 106
-1 106
-1 106
-1 106
-1 106
-1 106
-1 106
-1 106
-1 106
-1 106
-1 106
-1 106
-1 106
-1 106
-1 106
-1 106
-1 106
-1 106
68 113
-1 113
-1 113
-1 113
-1 113
-1 113
-1 113
-1 113
-1 113
-1 113
-1 113
-1 113
-1 113
-1 113
-1 113
-1 113
-1 113
-1 113
-1 113
-1 113
-1 113
-1 113
-1 113
-1 113
-1 113
-1 113
-1 113
-1 113
-1 113
-1 113
-1 113
-1 113
-1 113
-1 113
-1 113
-1 113
-1 113
-1 113
-1 113
-1 113
-1 113
-1 113
-1 113
-1 113
-1 113
-1 113
-1 113
-1 113
106 24
106 24
-1 24
-1 24
-1 24
-1 24
-1 24
-1 24
-1 24
-1 24
-1 24
-1 24
-1 24
-1 24
-1 24
-1 24
-1 24
-1 24
-1 24
-1 24
-1 24
-1 24
-1 24
-1 24
-1 24
-1 24
-1 24
-1 24
-1 24
-1 24
-1 24
-1 24
-1 24
-1 24
-1 24
-1 24
-1 24
-1 24
-1 24
-1 24
-1 24
-1 24
24 186
24 186
-1 186
-1 186
-1 186
-1 186
-1 186
-1 186
-1 186
-1 186
-1 186
-1 186
-1 186
-1 186
-1 186
-1 186
-1 186
-1 186
-1 186
-1 186
-1 186
-1 186
-1 186
-1 186
-1 186
-1 186
-1 186
-1 186
-1 186
-1 186
-1 186
-1 186
-1 186
-1 186
-1 186
-1 186
-1 186
-1 186
-1 186
-1 186
-1 186
84 25
-1 25
-1 25
-1 25
-1 25
-1 25
-1 25
-1 25
-1 25
-1 25
-1 25
-1 25
-1 25
-1 25
-1 25
-1 25
-1 25
-1 25
-1 25
-1 25
-1 25
-1 25
-1 25
-1 25
-1 25
-1 25
-1 25
-1 25
-1 25
-1 25
-1 25
-1 25
-1 25
-1 25
-1 25
-1 25
-1 25
-1 25
-1 25
-1 25
-1 25
-1 25
-1 25
-1 25
-1 25
-1 25
-1 25
-1 25
-1 25
-1 25
-1 25
-1 25
-1 25
-1 25
-1 25
-1 25
-1 25
-1 25
-1 25
-1 25
-1 25
-1 25
-1 25
-1 25
-1 25
-1 25
-1 25
-1 25
-1 25
-1 25
-1 25
-1 25
-1 25
-1 25
-1 25
-1 25
-1 25
-1 25
-1 25
-1 25
-1 25
-1 25
-1 25
-1 25
-1 25
-1 25
-1 25
-1 25
-1 25
-1 25
-1 25
25 91
25 91
25 91
94 158
94 158
94 158
113 108
113 108
101 124
-1 124
-1 124
-1 124
-1 124
-1 124
-1 124
-1 124
-1 124
-1 124
-1 124
-1 124
-1 124
-1 124
-1 124
-1 124
-1 124
-1 124
-1 124
-1 124
-1 124
-1 124
-1 124
-1 124
-1 124
-1 124
-1 124
-1 124
-1 124
-1 124
-1 124
-1 124
-1 124
-1 124
-1 124
-1 124
-1 124
-1 124
-1 124
-1 124
-1 124
-1 124
-1 124
-1 124
-1 124
-1 124
-1 124
-1 124
-1 124
-1 124
-1 124
-1 124
-1 124
-1 124
5 136
5 136
82 42
18 137
114 176
28 23
28 23
197 26
-1 26
-1 26
-1 26
-1 26
-1 26
-1 26
-1 26
-1 26
-1 26
-1 26
-1 26
-1 26
-1 26
-1 26
-1 26
-1 26
-1 26
-1 26
-1 26
-1 26
-1 26
-1 26
-1 26
-1 26
-1 26
-1 26
-1 26
-1 26
-1 26
-1 26
-1 26
-1 26
-1 26
-1 26
-1 26
-1 26
-1 26
-1 26
-1 26
-1 26
-1 26
-1 26
-1 26
-1 26
-1 26
-1 26
-1 26
-1 26
-1 26
-1 26
-1 26
-1 26
-1 26
-1 26
-1 26
-1 26
-1 26
-1 26
-1 26
-1 26
-1 26
-1 26
-1 26
-1 26
-1 26
-1 26
-1 26
-1 26
-1 26
-1 26
-1 26
-1 26
-1 26
-1 26
-1 26
-1 26
-1 26
-1 26
-1 26
-1 26
-1 26
-1 26
-1 26
-1 26
-1 26
-1 26
-1 26
26 33
26 33
26 33
-1 33
-1 33
-1 33
-1 33
-1 33
-1 33
-1 33
-1 33
-1 33
-1 33
-1 33
-1 33
-1 33
33 75
26 37
181 195
181 195
181 195
-1 195
-1 195
-1 195
-1 195
-1 195
-1 195
-1 195
-1 195
-1 195
-1 195
-1 195
-1 195
-1 195
-1 195
-1 195
-1 195
-1 195
-1 195
-1 195
-1 195
-1 195
-1 195
-1 195
-1 195
-1 195
-1 195
-1 195
-1 195
-1 195
-1 195
-1 195
-1 195
-1 195
-1 195
-1 195
-1 195
-1 195
-1 195
-1 195
-1 195
-1 195
-1 195
-1 195
-1 195
-1 195
-1 195
-1 195
-1 195
-1 195
-1 195
-1 195
-1 195
-1 195
-1 195
-1 195
-1 195
-1 195
-1 195
-1 195
-1 195
-1 195
-1 195
-1 195
-1 195
-1 195
-1 195
-1 195
-1 195
-1 195
-1 195
-1 195
-1 195
-1 195
-1 195
-1 195
-1 195
-1 195
-1 195
-1 195
-1 195
-1 195
-1 195
-1 195
-1 195
-1 195
-1 195
-1 195
-1 195
195 126
195 126
195 126
126 136
136 27
-1 27
-1 27
-1 27
-1 27
-1 27
-1 27
-1 27
-1 27
-1 27
-1 27
-1 27
-1 27
-1 27
-1 27
-1 27
-1 27
-1 27
-1 27
-1 27
-1 27
-1 27
-1 27
-1 27
-1 27
-1 27
-1 27
-1 27
-1 27
-1 27
-1 27
-1 27
-1 27
-1 27
-1 27
-1 27
-1 27
-1 27
-1 27
-1 27
-1 27
-1 27
-1 27
-1 27
-1 27
-1 27
-1 27
-1 27
-1 27
-1 27
-1 27
-1 27
-1 27
-1 27
-1 27
-1 27
-1 27
-1 27
-1 27
-1 27
-1 27
-1 27
-1 27
-1 27
-1 27
-1 27
-1 27
-1 27
-1 27
-1 27
-1 27
-1 27
-1 27
-1 27
-1 27
-1 27
-1 27
-1 27
-1 27
-1 27
-1 27
-1 27
-1 27
-1 27
-1 27
-1 27
-1 27
-1 27
136 143
136 39
136 39
-1 39
-1 39
-1 39
-1 39
-1 39
-1 39
-1 39
-1 39
-1 39
-1 39
195 155
-1 155
-1 155
-1 155
-1 155
-1 155
-1 155
-1 155
-1 155
-1 155
-1 155
-1 155
-1 155
-1 155
-1 155
-1 155
-1 155
-1 155
-1 155
-1 155
-1 155
-1 155
-1 155
-1 155
-1 155
-1 155
-1 155
-1 155
-1 155
-1 155
-1 155
-1 155
-1 155
-1 155
-1 155
-1 155
-1 155
-1 155
-1 155
-1 155
-1 155
-1 155
-1 155
-1 155
-1 155
-1 155
-1 155
-1 155
-1 155
-1 155
-1 155
-1 155
-1 155
-1 155
-1 155
-1 155
-1 155
-1 155
-1 155
-1 155
-1 155
-1 155
-1 155
-1 155
-1 155
-1 155
-1 155
-1 155
-1 155
-1 155
-1 155
-1 155
-1 155
-1 155
-1 155
-1 155
-1 155
-1 155
39 170
39 170
-1 170
-1 170
-1 170
-1 170
-1 170
-1 170
-1 170
-1 170
-1 170
-1 170
-1 170
-1 170
-1 170
-1 170
-1 170
-1 170
-1 170
-1 170
-1 170
-1 170
-1 170
-1 170
-1 170
-1 170
-1 170
-1 170
-1 170
-1 170
-1 170
-1 170
-1 170
-1 170
-1 170
-1 170
-1 170
-1 170
-1 170
-1 170
-1 170
-1 170
-1 170
-1 170
-1 170
-1 170
-1 170
-1 170
-1 170
-1 170
-1 170
-1 170
-1 170
-1 170
-1 170
-1 170
-1 170
-1 170
-1 170
-1 170
-1 170
-1 170
-1 170
-1 170
-1 170
-1 170
-1 170
-1 170
-1 170
-1 170
-1 170
-1 170
-1 170
-1 170
-1 170
-1 170
-1 170
-1 170
-1 170
-1 170
39 144
39 144
39 144
39 144
155 77
155 77
-1 77
-1 77
-1 77
-1 77
-1 77
-1 77
-1 77
-1 77
-1 77
-1 77
-1 77
-1 77
-1 77
-1 77
-1 77
-1 77
-1 77
-1 77
-1 77
-1 77
-1 77
-1 77
-1 77
-1 77
-1 77
-1 77
-1 77
-1 77
-1 77
-1 77
-1 77
-1 77
-1 77
-1 77
-1 77
-1 77
-1 77
-1 77
-1 77
-1 77
-1 77
-1 77
-1 77
-1 77
-1 77
-1 77
-1 77
-1 77
-1 77
-1 77
-1 77
-1 77
-1 77
-1 77
-1 77
-1 77
-1 77
-1 77
-1 77
-1 77
-1 77
-1 77
-1 77
-1 77
-1 77
77 6
43 142
43 142
43 142
-1 142
-1 142
-1 142
-1 142
-1 142
-1 142
-1 142
-1 142
-1 142
-1 142
-1 142
-1 142
-1 142
-1 142
-1 142
-1 142
-1 142
-1 142
-1 142
-1 142
-1 142
-1 142
-1 142
-1 142
-1 142
-1 142
-1 142
-1 142
-1 142
-1 142
-1 142
-1 142
-1 142
-1 142
-1 142
-1 142
-1 142
-1 142
-1 142
-1 142
-1 142
-1 142
-1 142
-1 142
-1 142
-1 142
-1 142
-1 142
-1 142
-1 142
-1 142
-1 142
-1 142
-1 142
-1 142
-1 142
-1 142
-1 142
-1 142
-1 142
-1 142
-1 142
-1 142
-1 142
-1 142
175 153
175 153
175 153
175 153
-1 153
-1 153
-1 153
-1 153
-1 153
-1 153
-1 153
-1 153
-1 153
-1 153
-1 153
-1 153
-1 153
-1 153
-1 153
-1 153
-1 153
-1 153
-1 153
-1 153
-1 153
-1 153
-1 153
-1 153
-1 153
-1 153
-1 153
-1 153
-1 153
-1 153
-1 153
-1 153
-1 153
-1 153
-1 153
-1 153
-1 153
-1 153
-1 153
-1 153
-1 153
-1 153
-1 153
-1 153
-1 153
-1 153
-1 153
-1 153
-1 153
-1 153
-1 153
-1 153
-1 153
-1 153
-1 153
-1 153
-1 153
-1 153
-1 153
-1 153
-1 153
-1 153
-1 153
-1 153
-1 153
-1 153
-1 153
-1 153
-1 153
153 17
153 17
153 17
-1 17
-1 17
-1 17
-1 17
-1 17
-1 17
-1 17
-1 17
-1 17
-1 17
-1 17
-1 17
-1 17
-1 17
-1 17
-1 17
-1 17
-1 17
-1 17
-1 17
-1 17
-1 17
-1 17
-1 17
-1 17
-1 17
-1 17
-1 17
-1 17
-1 17
-1 17
-1 17
-1 17
-1 17
-1 17
-1 17
-1 17
-1 17
-1 17
-1 17
-1 17
-1 17
-1 17
-1 17
-1 17
-1 17
-1 17
-1 17
-1 17
-1 17
-1 17
-1 17
17 20
-1 20
-1 20
-1 20
-1 20
-1 20
-1 20
-1 20
-1 20
-1 20
-1 20
-1 20
-1 20
-1 20
-1 20
-1 20
-1 20
-1 20
-1 20
-1 20
-1 20
-1 20
-1 20
-1 20
-1 20
-1 20
-1 20
-1 20
-1 20
-1 20
-1 20
-1 20
-1 20
-1 20
-1 20
-1 20
-1 20
-1 20
-1 20
-1 20
-1 20
-1 20
-1 20
-1 20
-1 20
-1 20
-1 20
-1 20
-1 20
-1 20
-1 20
-1 20
-1 20
-1 20
-1 20
-1 20
-1 20
-1 20
-1 20
-1 20
-1 20
-1 20
20 184
20 193
20 193
20 193
20 188
-1 188
-1 188
-1 188
-1 188
-1 188
188 102
-1 102
-1 102
-1 102
-1 102
-1 102
-1 102
-1 102
-1 102
-1 102
-1 102
-1 102
-1 102
-1 102
-1 102
-1 102
-1 102
-1 102
-1 102
-1 102
-1 102
-1 102
-1 102
-1 102
-1 102
-1 102
-1 102
-1 102
-1 102
-1 102
-1 102
-1 102
-1 102
-1 102
-1 102
-1 102
-1 102
-1 102
184 166
193 185
193 185
193 185
193 185
102 60
17 198
17 198
17 198
-1 198
-1 198
-1 198
-1 198
-1 198
-1 198
-1 198
-1 198
-1 198
-1 198
-1 198
-1 198
-1 198
-1 198
-1 198
-1 198
-1 198
-1 198
-1 198
-1 198
-1 198
-1 198
-1 198
-1 198
-1 198
-1 198
-1 198
-1 198
-1 198
-1 198
-1 198
-1 198
-1 198
-1 198
-1 198
-1 198
-1 198
-1 198
-1 198
-1 198
-1 198
-1 198
-1 198
-1 198
-1 198
-1 198
-1 198
-1 198
-1 198
-1 198
-1 198
-1 198
-1 198
-1 198
-1 198
-1 198
-1 198
-1 198
-1 198
-1 198
-1 198
-1 198
-1 198
-1 198
-1 198
-1 198
-1 198
-1 198
-1 198
-1 198
-1 198
-1 198
-1 198
-1 198
-1 198
-1 198
-1 198
-1 198
-1 198
-1 198
198 12
-1 12
-1 12
-1 12
-1 12
-1 12
-1 12
-1 12
-1 12
-1 12
-1 12
-1 12
-1 12
-1 12
-1 12
-1 12
-1 12
-1 12
-1 12
-1 12
-1 12
-1 12
-1 12
-1 12
-1 12
-1 12
-1 12
-1 12
-1 12
-1 12
-1 12
-1 12
-1 12
-1 12
-1 12
-1 12
-1 12
-1 12
-1 12
-1 12
-1 12
-1 12
-1 12
-1 12
-1 12
-1 12
-1 12
-1 12
-1 12
-1 12
-1 12
-1 12
-1 12
-1 12
-1 12
17 132
67 194
-1 194
-1 194
-1 194
-1 194
-1 194
-1 194
-1 194
-1 194
-1 194
-1 194
-1 194
-1 194
-1 194
-1 194
-1 194
-1 194
-1 194
-1 194
-1 194
-1 194
-1 194
-1 194
-1 194
-1 194
-1 194
-1 194
-1 194
-1 194
-1 194
-1 194
-1 194
-1 194
-1 194
-1 194
-1 194
-1 194
-1 194
-1 194
-1 194
-1 194
-1 194
-1 194
-1 194
-1 194
-1 194
-1 194
-1 194
-1 194
-1 194
-1 194
-1 194
-1 194
-1 194
-1 194
-1 194
-1 194
194 185
194 185
185 62
185 74
185 62
62 8
62 147
-1 147
-1 147
-1 147
-1 147
-1 147
-1 147
-1 147
-1 147
-1 147
-1 147
-1 147
-1 147
-1 147
-1 147
-1 147
-1 147
-1 147
-1 147
-1 147
-1 147
-1 147
-1 147
-1 147
-1 147
-1 147
-1 147
-1 147
-1 147
-1 147
-1 147
-1 147
-1 147
-1 147
-1 147
-1 147
-1 147
-1 147
-1 147
-1 147
-1 147
-1 147
-1 147
-1 147
-1 147
-1 147
-1 147
-1 147
-1 147
62 8
147 152
74 2
-1 2
-1 2
-1 2
-1 2
-1 2
-1 2
-1 2
-1 2
-1 2
-1 2
-1 2
-1 2
-1 2
-1 2
-1 2
-1 2
-1 2
-1 2
-1 2
-1 2
-1 2
-1 2
-1 2
-1 2
-1 2
-1 2
-1 2
-1 2
-1 2
-1 2
-1 2
-1 2
-1 2
-1 2
-1 2
-1 2
-1 2
-1 2
-1 2
-1 2
-1 2
-1 2
-1 2
-1 2
-1 2
-1 2
-1 2
-1 2
-1 2
-1 2
-1 2
-1 2
-1 2
-1 2
-1 2
-1 2
-1 2
-1 2
194 165
194 165
-1 165
-1 165
-1 165
-1 165
-1 165
-1 165
-1 165
-1 165
-1 165
-1 165
-1 165
-1 165
-1 165
-1 165
-1 165
-1 165
-1 165
-1 165
-1 165
-1 165
-1 165
-1 165
-1 165
-1 165
-1 165
-1 165
-1 165
-1 165
-1 165
-1 165
-1 165
-1 165
-1 165
-1 165
-1 165
165 117
-1 117
-1 117
-1 117
-1 117
-1 117
-1 117
-1 117
-1 117
-1 117
-1 117
-1 117
-1 117
-1 117
-1 117
-1 117
-1 117
-1 117
-1 117
-1 117
-1 117
-1 117
-1 117
-1 117
-1 117
-1 117
-1 117
-1 117
-1 117
-1 117
74 71
74 71
8 132
8 132
8 132
8 132
8 132
-1 132
-1 132
-1 132
-1 132
-1 132
-1 132
-1 132
-1 132
-1 132
-1 132
-1 132
-1 132
-1 132
-1 132
-1 132
-1 132
-1 132
-1 132
-1 132
-1 132
-1 132
-1 132
-1 132
-1 132
-1 132
-1 132
-1 132
-1 132
-1 132
-1 132
-1 132
-1 132
-1 132
-1 132
-1 132
-1 132
-1 132
-1 132
-1 132
-1 132
-1 132
-1 132
-1 132
-1 132
-1 132
-1 132
-1 132
-1 132
-1 132
-1 132
-1 132
-1 132
-1 132
-1 132
-1 132
-1 132
-1 132
-1 132
-1 132
-1 132
-1 132
-1 132
-1 132
-1 132
-1 132
-1 132
-1 132
-1 132
-1 132
-1 132
185 64
194 59
194 59
-1 59
-1 59
-1 59
-1 59
-1 59
-1 59
-1 59
-1 59
-1 59
-1 59
-1 59
-1 59
-1 59
-1 59
-1 59
-1 59
-1 59
-1 59
-1 59
-1 59
-1 59
-1 59
-1 59
-1 59
-1 59
-1 59
-1 59
-1 59
-1 59
-1 59
-1 59
-1 59
-1 59
-1 59
-1 59
-1 59
-1 59
-1 59
-1 59
-1 59
-1 59
-1 59
-1 59
-1 59
-1 59
-1 59
-1 59
-1 59
-1 59
-1 59
-1 59
-1 59
-1 59
-1 59
-1 59
-1 59
-1 59
-1 59
-1 59
-1 59
-1 59
-1 59
-1 59
-1 59
-1 59
-1 59
-1 59
-1 59
-1 59
-1 59
-1 59
-1 59
-1 59
-1 59
-1 59
-1 59
-1 59
-1 59
-1 59
-1 59
59 158
59 158
-1 158
-1 158
-1 158
-1 158
-1 158
-1 158
-1 158
-1 158
-1 158
-1 158
-1 158
-1 158
-1 158
-1 158
-1 158
-1 158
-1 158
-1 158
-1 158
-1 158
-1 158
-1 158
-1 158
-1 158
-1 158
-1 158
-1 158
-1 158
-1 158
-1 158
-1 158
-1 158
-1 158
-1 158
-1 158
-1 158
-1 158
-1 158
-1 158
-1 158
-1 158
-1 158
-1 158
-1 158
117 95
117 95
117 95
165 151
165 151
103 134
103 134
191 176
191 176
191 176
158 96
158 96
158 96
67 37
67 37
67 37
67 37
-1 37
-1 37
-1 37
-1 37
-1 37
-1 37
-1 37
-1 37
-1 37
-1 37
-1 37
-1 37
-1 37
-1 37
-1 37
-1 37
-1 37
-1 37
-1 37
-1 37
-1 37
-1 37
-1 37
-1 37
-1 37
-1 37
-1 37
-1 37
-1 37
-1 37
-1 37
-1 37
-1 37
-1 37
-1 37
-1 37
-1 37
-1 37
-1 37
-1 37
-1 37
-1 37
-1 37
-1 37
-1 37
-1 37
-1 37
-1 37
-1 37
-1 37
-1 37
-1 37
-1 37
-1 37
-1 37
-1 37
-1 37
-1 37
-1 37
-1 37
-1 37
-1 37
-1 37
-1 37
-1 37
-1 37
-1 37
61 162
46 95
46 95
188 127
-1 127
-1 127
-1 127
-1 127
-1 127
-1 127
-1 127
-1 127
-1 127
-1 127
-1 127
-1 127
-1 127
-1 127
-1 127
-1 127
-1 127
-1 127
-1 127
-1 127
-1 127
-1 127
-1 127
-1 127
-1 127
-1 127
-1 127
-1 127
-1 127
-1 127
-1 127
-1 127
-1 127
-1 127
-1 127
-1 127
-1 127
-1 127
-1 127
-1 127
-1 127
-1 127
-1 127
-1 127
-1 127
-1 127
-1 127
-1 127
-1 127
-1 127
-1 127
-1 127
-1 127
-1 127
-1 127
-1 127
-1 127
-1 127
-1 127
-1 127
-1 127
-1 127
-1 127
-1 127
-1 127
-1 127
-1 127
-1 127
-1 127
-1 127
-1 127
21 164
21 164
21 164
-1 164
-1 164
-1 164
-1 164
-1 164
-1 164
-1 164
-1 164
-1 164
-1 164
-1 164
-1 164
-1 164
-1 164
-1 164
-1 164
-1 164
-1 164
-1 164
-1 164
-1 164
-1 164
-1 164
-1 164
-1 164
-1 164
-1 164
-1 164
-1 164
-1 164
-1 164
-1 164
-1 164
-1 164
-1 164
-1 164
-1 164
-1 164
-1 164
-1 164
-1 164
-1 164
-1 164
-1 164
-1 164
-1 164
-1 164
-1 164
-1 164
-1 164
-1 164
-1 164
-1 164
-1 164
-1 164
-1 164
-1 164
-1 164
-1 164
-1 164
-1 164
-1 164
-1 164
-1 164
-1 164
-1 164
-1 164
-1 164
-1 164
-1 164
-1 164
-1 164
-1 164
-1 164
-1 164
-1 164
-1 164
-1 164
-1 164
-1 164
-1 164
-1 164
-1 164
-1 164
-1 164
-1 164
-1 164
-1 164
-1 164
-1 164
-1 164
-1 164
-1 164
-1 164
-1 164
-1 164
-1 164
164 144
144 176
-1 176
-1 176
-1 176
-1 176
-1 176
-1 176
-1 176
-1 176
-1 176
-1 176
-1 176
-1 176
-1 176
-1 176
-1 176
-1 176
-1 176
-1 176
-1 176
-1 176
-1 176
-1 176
-1 176
-1 176
-1 176
170 187
170 187
-1 187
-1 187
-1 187
-1 187
-1 187
-1 187
-1 187
-1 187
-1 187
-1 187
-1 187
-1 187
-1 187
-1 187
-1 187
-1 187
-1 187
-1 187
-1 187
-1 187
-1 187
-1 187
-1 187
-1 187
-1 187
-1 187
-1 187
-1 187
-1 187
-1 187
-1 187
-1 187
-1 187
-1 187
-1 187
-1 187
-1 187
-1 187
-1 187
-1 187
-1 187
-1 187
-1 187
-1 187
-1 187
-1 187
-1 187
-1 187
-1 187
-1 187
-1 187
-1 187
-1 187
-1 187
-1 187
-1 187
-1 187
-1 187
-1 187
-1 187
-1 187
-1 187
-1 187
-1 187
-1 187
-1 187
-1 187
-1 187
-1 187
-1 187
-1 187
-1 187
-1 187
-1 187
-1 187
-1 187
-1 187
-1 187
-1 187
-1 187
-1 187
-1 187
-1 187
-1 187
-1 187
-1 187
-1 187
-1 187
-1 187
-1 187
-1 187
-1 187
-1 187
-1 187
-1 187
-1 187
-1 187
-1 187
-1 187
187 162
187 162
106 71
-1 71
-1 71
-1 71
-1 71
-1 71
-1 71
-1 71
-1 71
-1 71
-1 71
-1 71
-1 71
-1 71
-1 71
-1 71
-1 71
-1 71
-1 71
-1 71
-1 71
-1 71
-1 71
-1 71
-1 71
-1 71
-1 71
-1 71
-1 71
-1 71
-1 71
-1 71
-1 71
-1 71
-1 71
-1 71
-1 71
-1 71
-1 71
-1 71
-1 71
-1 71
-1 71
-1 71
-1 71
-1 71
-1 71
-1 71
-1 71
-1 71
-1 71
-1 71
-1 71
-1 71
-1 71
-1 71
-1 71
-1 71
-1 71
-1 71
-1 71
-1 71
-1 71
-1 71
-1 71
-1 71
-1 71
-1 71
-1 71
-1 71
-1 71
-1 71
-1 71
-1 71
71 97
71 97
97 118
-1 118
-1 118
-1 118
-1 118
-1 118
-1 118
-1 118
-1 118
-1 118
-1 118
-1 118
118 11
118 11
-1 11
-1 11
-1 11
-1 11
-1 11
-1 11
-1 11
-1 11
-1 11
-1 11
-1 11
-1 11
-1 11
-1 11
-1 11
-1 11
-1 11
-1 11
-1 11
-1 11
-1 11
-1 11
-1 11
-1 11
-1 11
-1 11
-1 11
-1 11
-1 11
-1 11
-1 11
-1 11
-1 11
-1 11
-1 11
-1 11
-1 11
-1 11
-1 11
-1 11
-1 11
-1 11
-1 11
-1 11
-1 11
-1 11
-1 11
-1 11
-1 11
-1 11
-1 11
-1 11
-1 11
-1 11
-1 11
-1 11
-1 11
-1 11
-1 11
-1 11
-1 11
-1 11
-1 11
-1 11
-1 11
-1 11
-1 11
-1 11
-1 11
-1 11
-1 11
-1 11
-1 11
-1 11
-1 11
-1 11
-1 11
-1 11
11 139
11 139
-1 139
-1 139
-1 139
-1 139
-1 139
-1 139
-1 139
-1 139
-1 139
-1 139
-1 139
-1 139
-1 139
-1 139
-1 139
-1 139
-1 139
-1 139
-1 139
-1 139
-1 139
-1 139
-1 139
-1 139
-1 139
-1 139
-1 139
-1 139
-1 139
-1 139
-1 139
-1 139
-1 139
-1 139
-1 139
-1 139
-1 139
-1 139
-1 139
-1 139
-1 139
-1 139
-1 139
-1 139
-1 139
-1 139
-1 139
-1 139
-1 139
-1 139
-1 139
-1 139
-1 139
-1 139
-1 139
139 196
118 45
-1 45
-1 45
-1 45
-1 45
-1 45
-1 45
-1 45
-1 45
-1 45
-1 45
-1 45
-1 45
-1 45
-1 45
-1 45
-1 45
-1 45
-1 45
-1 45
-1 45
-1 45
-1 45
-1 45
-1 45
-1 45
-1 45
-1 45
-1 45
-1 45
-1 45
-1 45
-1 45
-1 45
-1 45
-1 45
-1 45
-1 45
-1 45
97 90
97 90
97 90
76 96
76 96
76 96
19 162
19 162
-1 162
-1 162
-1 162
-1 162
-1 162
-1 162
-1 162
-1 162
-1 162
-1 162
-1 162
-1 162
-1 162
-1 162
-1 162
-1 162
-1 162
-1 162
-1 162
-1 162
-1 162
-1 162
-1 162
-1 162
-1 162
-1 162
-1 162
-1 162
-1 162
-1 162
-1 162
-1 162
-1 162
-1 162
-1 162
-1 162
-1 162
-1 162
-1 162
-1 162
-1 162
-1 162
-1 162
-1 162
-1 162
-1 162
-1 162
-1 162
-1 162
-1 162
-1 162
-1 162
-1 162
-1 162
-1 162
-1 162
-1 162
-1 162
-1 162
-1 162
-1 162
-1 162
-1 162
-1 162
-1 162
-1 162
-1 162
-1 162
-1 162
-1 162
-1 162
-1 162
-1 162
-1 162
-1 162
162 137
137 152
-1 152
-1 152
-1 152
-1 152
-1 152
-1 152
-1 152
-1 152
-1 152
-1 152
-1 152
-1 152
-1 152
-1 152
-1 152
-1 152
-1 152
-1 152
-1 152
-1 152
-1 152
-1 152
-1 152
-1 152
-1 152
-1 152
-1 152
-1 152
-1 152
-1 152
-1 152
-1 152
-1 152
2 60
2 60
-1 60
-1 60
-1 60
-1 60
-1 60
-1 60
-1 60
-1 60
-1 60
-1 60
-1 60
-1 60
-1 60
-1 60
-1 60
-1 60
-1 60
-1 60
-1 60
-1 60
-1 60
-1 60
-1 60
-1 60
-1 60
-1 60
-1 60
-1 60
-1 60
-1 60
-1 60
-1 60
-1 60
-1 60
-1 60
-1 60
-1 60
-1 60
-1 60
-1 60
-1 60
-1 60
-1 60
-1 60
-1 60
-1 60
-1 60
-1 60
-1 60
-1 60
-1 60
-1 60
-1 60
-1 60
-1 60
-1 60
-1 60
-1 60
-1 60
-1 60
-1 60
-1 60
-1 60
-1 60
-1 60
-1 60
-1 60
-1 60
-1 60
-1 60
-1 60
-1 60
-1 60
-1 60
-1 60
-1 60
-1 60
-1 60
-1 60
-1 60
-1 60
-1 60
-1 60
-1 60
-1 60
-1 60
-1 60
-1 60
-1 60
-1 60
-1 60
-1 60
60 163
60 163
-1 163
-1 163
-1 163
-1 163
-1 163
-1 163
-1 163
-1 163
-1 163
-1 163
-1 163
-1 163
-1 163
-1 163
-1 163
-1 163
-1 163
-1 163
-1 163
-1 163
-1 163
-1 163
-1 163
-1 163
-1 163
-1 163
-1 163
-1 163
-1 163
-1 163
-1 163
-1 163
-1 163
-1 163
-1 163
-1 163
-1 163
-1 163
-1 163
-1 163
-1 163
-1 163
-1 163
-1 163
-1 163
-1 163
-1 163
-1 163
-1 163
-1 163
-1 163
-1 163
-1 163
-1 163
-1 163
-1 163
-1 163
-1 163
-1 163
-1 163
-1 163
-1 163
-1 163
-1 163
-1 163
-1 163
-1 163
-1 163
-1 163
-1 163
-1 163
-1 163
-1 163
-1 163
-1 163
-1 163
-1 163
-1 163
-1 163
-1 163
-1 163
-1 163
-1 163
-1 163
-1 163
-1 163
-1 163
-1 163
-1 163
-1 163
-1 163
-1 163
163 36
163 36
163 36
163 36
-1 36
-1 36
-1 36
-1 36
-1 36
-1 36
-1 36
-1 36
-1 36
-1 36
-1 36
-1 36
-1 36
-1 36
-1 36
-1 36
-1 36
-1 36
-1 36
-1 36
-1 36
-1 36
-1 36
-1 36
-1 36
-1 36
-1 36
-1 36
-1 36
-1 36
-1 36
-1 36
-1 36
-1 36
-1 36
-1 36
-1 36
-1 36
-1 36
-1 36
-1 36
-1 36
-1 36
-1 36
-1 36
-1 36
-1 36
-1 36
-1 36
-1 36
-1 36
-1 36
-1 36
-1 36
-1 36
-1 36
-1 36
-1 36
-1 36
-1 36
-1 36
-1 36
-1 36
-1 36
-1 36
-1 36
-1 36
-1 36
-1 36
-1 36
-1 36
-1 36
-1 36
-1 36
-1 36
-1 36
-1 36
-1 36
-1 36
-1 36
-1 36
-1 36
-1 36
120 81
120 81
120 81
106 75
-1 75
-1 75
-1 75
-1 75
-1 75
-1 75
-1 75
-1 75
-1 75
-1 75
-1 75
-1 75
-1 75
-1 75
-1 75
-1 75
-1 75
-1 75
-1 75
-1 75
-1 75
-1 75
-1 75
-1 75
-1 75
-1 75
-1 75
-1 75
-1 75
-1 75
-1 75
-1 75
-1 75
-1 75
-1 75
-1 75
-1 75
-1 75
-1 75
-1 75
-1 75
-1 75
-1 75
-1 75
-1 75
-1 75
-1 75
-1 75
-1 75
-1 75
-1 75
-1 75
-1 75
-1 75
-1 75
-1 75
-1 75
-1 75
-1 75
-1 75
-1 75
-1 75
-1 75
-1 75
-1 75
-1 75
-1 75
-1 75
-1 75
-1 75
-1 75
-1 75
-1 75
-1 75
-1 75
-1 75
-1 75
-1 75
-1 75
-1 75
-1 75
-1 75
-1 75
75 1
75 1
162 108
162 108
-1 108
-1 108
-1 108
-1 108
-1 108
-1 108
-1 108
-1 108
-1 108
-1 108
-1 108
-1 108
-1 108
-1 108
-1 108
-1 108
-1 108
-1 108
-1 108
-1 108
-1 108
-1 108
-1 108
-1 108
-1 108
-1 108
-1 108
-1 108
-1 108
-1 108
-1 108
-1 108
-1 108
-1 108
-1 108
-1 108
-1 108
-1 108
-1 108
-1 108
-1 108
-1 108
-1 108
-1 108
-1 108
-1 108
-1 108
-1 108
-1 108
-1 108
-1 108
-1 108
-1 108
-1 108
-1 108
-1 108
-1 108
-1 108
-1 108
-1 108
-1 108
-1 108
-1 108
-1 108
-1 108
-1 108
-1 108
-1 108
-1 108
65 13
65 13
-1 13
-1 13
-1 13
-1 13
-1 13
-1 13
-1 13
-1 13
-1 13
-1 13
-1 13
-1 13
-1 13
-1 13
-1 13
-1 13
-1 13
-1 13
-1 13
-1 13
-1 13
-1 13
-1 13
-1 13
-1 13
-1 13
-1 13
-1 13
-1 13
-1 13
-1 13
-1 13
-1 13
-1 13
-1 13
-1 13
-1 13
-1 13
-1 13
-1 13
-1 13
-1 13
-1 13
-1 13
-1 13
-1 13
-1 13
-1 13
-1 13
-1 13
-1 13
-1 13
-1 13
-1 13
-1 13
-1 13
-1 13
-1 13
-1 13
-1 13
-1 13
-1 13
-1 13
-1 13
-1 13
-1 13
-1 13
-1 13
-1 13
-1 13
-1 13
-1 13
-1 13
-1 13
-1 13
-1 13
-1 13
-1 13
-1 13
-1 13
-1 13
-1 13
-1 13
-1 13
-1 13
-1 13
-1 13
-1 13
-1 13
-1 13
-1 13
-1 13
-1 13
-1 13
-1 13
-1 13
13 90
13 90
90 95
90 95
-1 95
-1 95
-1 95
-1 95
-1 95
95 196
-1 196
-1 196
-1 196
-1 196
-1 196
-1 196
-1 196
-1 196
-1 196
-1 196
-1 196
-1 196
-1 196
-1 196
-1 196
-1 196
-1 196
-1 196
-1 196
-1 196
-1 196
-1 196
-1 196
-1 196
-1 196
95 31
95 31
95 31
95 31
-1 31
-1 31
-1 31
-1 31
-1 31
-1 31
-1 31
-1 31
-1 31
-1 31
-1 31
-1 31
-1 31
-1 31
-1 31
-1 31
-1 31
-1 31
-1 31
-1 31
-1 31
-1 31
-1 31
-1 31
-1 31
-1 31
-1 31
-1 31
-1 31
-1 31
-1 31
-1 31
-1 31
-1 31
-1 31
-1 31
-1 31
-1 31
-1 31
-1 31
-1 31
-1 31
-1 31
-1 31
-1 31
-1 31
-1 31
-1 31
-1 31
-1 31
-1 31
-1 31
-1 31
-1 31
-1 31
-1 31
-1 31
-1 31
-1 31
-1 31
-1 31
-1 31
-1 31
-1 31
31 64
31 64
31 141
31 141
95 4
142 86
155 96
155 96
155 96
67 111
55 111
55 111
55 111
55 111
164 179
164 179
164 179
164 179
14 91
14 91
14 91
-1 91
-1 91
-1 91
-1 91
-1 91
-1 91
-1 91
-1 91
-1 91
-1 91
-1 91
-1 91
-1 91
-1 91
-1 91
-1 91
-1 91
-1 91
-1 91
-1 91
-1 91
-1 91
-1 91
-1 91
-1 91
-1 91
-1 91
-1 91
-1 91
-1 91
-1 91
-1 91
-1 91
-1 91
-1 91
-1 91
-1 91
-1 91
-1 91
-1 91
-1 91
-1 91
-1 91
-1 91
-1 91
-1 91
-1 91
-1 91
-1 91
-1 91
-1 91
-1 91
-1 91
-1 91
-1 91
-1 91
-1 91
-1 91
-1 91
-1 91
-1 91
-1 91
-1 91
-1 91
-1 91
-1 91
-1 91
-1 91
-1 91
-1 91
-1 91
-1 91
-1 91
-1 91
-1 91
-1 91
-1 91
-1 91
-1 91
-1 91
-1 91
-1 91
-1 91
-1 91
-1 91
-1 91
-1 91
-1 91
-1 91
-1 91
-1 91
-1 91
-1 91
-1 91
-1 91
-1 91
-1 91
-1 91
-1 91
91 86
91 86
-1 86
-1 86
-1 86
-1 86
-1 86
-1 86
-1 86
-1 86
-1 86
-1 86
-1 86
-1 86
-1 86
-1 86
-1 86
-1 86
-1 86
-1 86
-1 86
-1 86
-1 86
-1 86
-1 86
-1 86
-1 86
-1 86
-1 86
-1 86
-1 86
-1 86
-1 86
-1 86
-1 86
-1 86
-1 86
-1 86
-1 86
-1 86
-1 86
-1 86
-1 86
-1 86
-1 86
-1 86
-1 86
-1 86
-1 86
-1 86
-1 86
-1 86
-1 86
-1 86
-1 86
-1 86
-1 86
-1 86
-1 86
-1 86
-1 86
-1 86
-1 86
-1 86
-1 86
-1 86
-1 86
-1 86
-1 86
162 42
162 42
162 42
188 177
188 177
11 141
11 141
11 141
-1 141
-1 141
-1 141
-1 141
-1 141
-1 141
-1 141
-1 141
-1 141
-1 141
-1 141
-1 141
-1 141
-1 141
-1 141
-1 141
-1 141
-1 141
-1 141
-1 141
-1 141
-1 141
-1 141
-1 141
-1 141
-1 141
-1 141
-1 141
-1 141
-1 141
-1 141
-1 141
-1 141
-1 141
-1 141
-1 141
-1 141
-1 141
-1 141
-1 141
-1 141
-1 141
-1 141
-1 141
-1 141
-1 141
-1 141
-1 141
-1 141
-1 141
-1 141
-1 141
-1 141
-1 141
-1 141
-1 141
-1 141
-1 141
-1 141
-1 141
-1 141
-1 141
-1 141
-1 141
-1 141
-1 141
-1 141
-1 141
-1 141
-1 141
-1 141
-1 141
-1 141
-1 141
-1 141
-1 141
-1 141
-1 141
143 6
183 179
65 111
65 111
65 111
65 111
38 130
38 130
161 177
-1 177
-1 177
-1 177
-1 177
-1 177
-1 177
-1 177
-1 177
-1 177
-1 177
-1 177
-1 177
-1 177
-1 177
-1 177
-1 177
-1 177
-1 177
-1 177
-1 177
-1 177
-1 177
-1 177
-1 177
-1 177
-1 177
-1 177
-1 177
-1 177
-1 177
-1 177
-1 177
-1 177
-1 177
-1 177
-1 177
-1 177
-1 177
-1 177
-1 177
-1 177
-1 177
-1 177
-1 177
-1 177
-1 177
-1 177
-1 177
-1 177
-1 177
-1 177
-1 177
-1 177
-1 177
-1 177
-1 177
-1 177
-1 177
-1 177
-1 177
-1 177
-1 177
-1 177
-1 177
-1 177
-1 177
-1 177
-1 177
-1 177
-1 177
-1 177
-1 177
177 111
177 111
177 111
-1 111
-1 111
-1 111
-1 111
-1 111
-1 111
-1 111
-1 111
-1 111
-1 111
-1 111
-1 111
-1 111
-1 111
-1 111
-1 111
-1 111
-1 111
-1 111
-1 111
-1 111
-1 111
-1 111
-1 111
-1 111
-1 111
-1 111
-1 111
-1 111
-1 111
-1 111
-1 111
-1 111
-1 111
-1 111
-1 111
-1 111
-1 111
-1 111
-1 111
-1 111
-1 111
-1 111
-1 111
-1 111
-1 111
-1 111
-1 111
-1 111
-1 111
-1 111
-1 111
-1 111
-1 111
111 51
111 51
111 51
-1 51
-1 51
-1 51
-1 51
-1 51
-1 51
-1 51
-1 51
-1 51
-1 51
-1 51
-1 51
-1 51
-1 51
-1 51
-1 51
-1 51
-1 51
-1 51
-1 51
-1 51
-1 51
-1 51
-1 51
-1 51
-1 51
-1 51
-1 51
-1 51
-1 51
-1 51
-1 51
-1 51
-1 51
-1 51
-1 51
-1 51
-1 51
-1 51
-1 51
-1 51
-1 51
-1 51
-1 51
-1 51
-1 51
-1 51
-1 51
-1 51
-1 51
-1 51
-1 51
-1 51
-1 51
-1 51
-1 51
-1 51
-1 51
-1 51
-1 51
-1 51
-1 51
-1 51
-1 51
-1 51
-1 51
-1 51
-1 51
-1 51
-1 51
-1 51
-1 51
-1 51
51 63
51 63
-1 63
-1 63
-1 63
-1 63
-1 63
-1 63
-1 63
-1 63
-1 63
-1 63
-1 63
-1 63
-1 63
-1 63
-1 63
-1 63
-1 63
-1 63
-1 63
-1 63
-1 63
-1 63
-1 63
-1 63
-1 63
-1 63
-1 63
-1 63
-1 63
-1 63
-1 63
-1 63
-1 63
-1 63
-1 63
-1 63
-1 63
-1 63
-1 63
-1 63
-1 63
-1 63
-1 63
-1 63
-1 63
-1 63
-1 63
-1 63
-1 63
-1 63
-1 63
-1 63
-1 63
-1 63
-1 63
-1 63
-1 63
-1 63
-1 63
-1 63
-1 63
-1 63
-1 63
-1 63
-1 63
51 179
-1 179
-1 179
-1 179
-1 179
-1 179
-1 179
-1 179
-1 179
-1 179
-1 179
-1 179
-1 179
-1 179
-1 179
-1 179
-1 179
-1 179
-1 179
-1 179
-1 179
-1 179
-1 179
-1 179
-1 179
-1 179
-1 179
-1 179
-1 179
-1 179
-1 179
-1 179
-1 179
-1 179
-1 179
-1 179
-1 179
-1 179
-1 179
-1 179
-1 179
-1 179
-1 179
-1 179
-1 179
-1 179
-1 179
-1 179
-1 179
-1 179
-1 179
-1 179
-1 179
-1 179
-1 179
-1 179
-1 179
-1 179
-1 179
-1 179
-1 179
-1 179
-1 179
-1 179
-1 179
-1 179
-1 179
-1 179
-1 179
-1 179
-1 179
-1 179
-1 179
-1 179
-1 179
-1 179
-1 179
-1 179
-1 179
-1 179
-1 179
-1 179
-1 179
-1 179
-1 179
-1 179
-1 179
-1 179
-1 179
179 42
179 42
51 130
41 4
41 4
119 81
119 81
119 81
137 134
132 6
132 6
132 6
132 6
132 6
132 6
-1 6
-1 6
-1 6
-1 6
-1 6
-1 6
-1 6
-1 6
-1 6
-1 6
-1 6
-1 6
-1 6
-1 6
-1 6
-1 6
-1 6
-1 6
-1 6
-1 6
-1 6
-1 6
-1 6
-1 6
-1 6
-1 6
-1 6
-1 6
-1 6
-1 6
-1 6
-1 6
-1 6
-1 6
-1 6
-1 6
-1 6
-1 6
-1 6
-1 6
-1 6
-1 6
-1 6
-1 6
-1 6
-1 6
-1 6
-1 6
-1 6
-1 6
-1 6
-1 6
-1 6
-1 6
-1 6
-1 6
-1 6
-1 6
-1 6
-1 6
-1 6
-1 6
-1 6
-1 6
-1 6
-1 6
-1 6
-1 6
-1 6
-1 6
-1 6
-1 6
-1 6
-1 6
-1 6
-1 6
-1 6
-1 6
-1 6
-1 6
-1 6
-1 6
144 22
144 22
144 22
144 22
121 129
121 129
121 129
49 134
-1 134
-1 134
-1 134
-1 134
-1 134
-1 134
-1 134
-1 134
-1 134
-1 134
-1 134
-1 134
-1 134
-1 134
-1 134
-1 134
-1 134
-1 134
-1 134
-1 134
-1 134
-1 134
-1 134
-1 134
-1 134
-1 134
-1 134
-1 134
-1 134
-1 134
-1 134
-1 134
-1 134
-1 134
-1 134
-1 134
-1 134
-1 134
-1 134
-1 134
-1 134
-1 134
-1 134
-1 134
-1 134
-1 134
-1 134
-1 134
-1 134
-1 134
-1 134
-1 134
-1 134
-1 134
-1 134
-1 134
-1 134
-1 134
-1 134
-1 134
-1 134
-1 134
-1 134
-1 134
-1 134
-1 134
-1 134
-1 134
-1 134
-1 134
-1 134
-1 134
-1 134
-1 134
-1 134
134 130
134 130
-1 130
-1 130
-1 130
-1 130
-1 130
-1 130
-1 130
-1 130
-1 130
-1 130
-1 130
-1 130
-1 130
-1 130
-1 130
-1 130
-1 130
-1 130
-1 130
-1 130
-1 130
-1 130
-1 130
-1 130
-1 130
-1 130
-1 130
-1 130
-1 130
-1 130
-1 130
-1 130
-1 130
-1 130
-1 130
-1 130
-1 130
-1 130
-1 130
-1 130
-1 130
-1 130
-1 130
-1 130
-1 130
-1 130
-1 130
-1 130
-1 130
-1 130
-1 130
-1 130
-1 130
-1 130
-1 130
-1 130
-1 130
-1 130
-1 130
-1 130
-1 130
-1 130
-1 130
-1 130
-1 130
-1 130
-1 130
-1 130
-1 130
-1 130
-1 130
-1 130
-1 130
-1 130
-1 130
-1 130
-1 130
-1 130
-1 130
-1 130
-1 130
-1 130
-1 130
-1 130
-1 130
-1 130
-1 130
-1 130
-1 130
-1 130
-1 130
-1 130
-1 130
-1 130
-1 130
-1 130
-1 130
-1 130
-1 130
134 192
134 192
176 129
176 129
-1 129
-1 129
-1 129
-1 129
-1 129
-1 129
-1 129
-1 129
-1 129
-1 129
-1 129
-1 129
-1 129
-1 129
-1 129
-1 129
-1 129
-1 129
-1 129
-1 129
-1 129
-1 129
-1 129
-1 129
-1 129
-1 129
-1 129
-1 129
-1 129
-1 129
-1 129
-1 129
-1 129
-1 129
-1 129
-1 129
-1 129
-1 129
-1 129
-1 129
-1 129
-1 129
-1 129
-1 129
-1 129
-1 129
-1 129
-1 129
-1 129
-1 129
-1 129
-1 129
-1 129
-1 129
-1 129
-1 129
-1 129
-1 129
-1 129
-1 129
-1 129
-1 129
-1 129
-1 129
-1 129
-1 129
-1 129
-1 129
-1 129
-1 129
-1 129
-1 129
-1 129
-1 129
-1 129
-1 129
-1 129
-1 129
-1 129
-1 129
-1 129
-1 129
-1 129
-1 129
-1 129
-1 129
-1 129
129 80
129 80
89 133
3 166
3 166
-1 166
-1 166
-1 166
-1 166
-1 166
-1 166
-1 166
-1 166
-1 166
-1 166
-1 166
-1 166
-1 166
-1 166
-1 166
-1 166
-1 166
-1 166
-1 166
-1 166
-1 166
-1 166
-1 166
-1 166
-1 166
-1 166
-1 166
-1 166
-1 166
-1 166
-1 166
-1 166
-1 166
-1 166
-1 166
-1 166
-1 166
-1 166
-1 166
-1 166
-1 166
-1 166
-1 166
-1 166
-1 166
-1 166
-1 166
-1 166
-1 166
-1 166
-1 166
-1 166
-1 166
-1 166
-1 166
-1 166
-1 166
-1 166
-1 166
-1 166
-1 166
-1 166
-1 166
-1 166
-1 166
-1 166
-1 166
-1 166
-1 166
-1 166
-1 166
-1 166
-1 166
-1 166
-1 166
-1 166
-1 166
-1 166
-1 166
-1 166
-1 166
-1 166
-1 166
-1 166
166 96
-1 96
-1 96
-1 96
-1 96
-1 96
-1 96
-1 96
-1 96
-1 96
-1 96
-1 96
-1 96
-1 96
-1 96
-1 96
-1 96
-1 96
-1 96
-1 96
-1 96
-1 96
-1 96
-1 96
-1 96
-1 96
-1 96
-1 96
-1 96
-1 96
-1 96
-1 96
-1 96
-1 96
-1 96
-1 96
-1 96
-1 96
-1 96
-1 96
-1 96
-1 96
-1 96
-1 96
-1 96
-1 96
-1 96
-1 96
-1 96
-1 96
-1 96
-1 96
-1 96
-1 96
-1 96
-1 96
-1 96
-1 96
-1 96
-1 96
-1 96
-1 96
-1 96
-1 96
-1 96
-1 96
-1 96
-1 96
-1 96
-1 96
-1 96
-1 96
-1 96
-1 96
152 22
152 22
152 22
7 48
118 192
68 151
68 151
176 133
176 133
176 133
176 133
32 23
32 23
32 23
32 23
32 23
154 23
24 80
197 81
197 81
197 81
111 23
111 23
173 192
173 192
-1 192
-1 192
-1 192
-1 192
-1 192
-1 192
-1 192
-1 192
-1 192
-1 192
-1 192
-1 192
-1 192
-1 192
-1 192
-1 192
-1 192
-1 192
-1 192
-1 192
-1 192
-1 192
-1 192
-1 192
-1 192
-1 192
-1 192
-1 192
-1 192
-1 192
-1 192
-1 192
-1 192
-1 192
-1 192
-1 192
-1 192
-1 192
-1 192
-1 192
-1 192
-1 192
-1 192
-1 192
-1 192
-1 192
-1 192
-1 192
-1 192
-1 192
-1 192
-1 192
-1 192
-1 192
-1 192
-1 192
-1 192
-1 192
-1 192
-1 192
-1 192
-1 192
-1 192
-1 192
-1 192
-1 192
-1 192
-1 192
-1 192
-1 192
-1 192
-1 192
-1 192
-1 192
-1 192
-1 192
-1 192
-1 192
-1 192
-1 192
-1 192
-1 192
-1 192
-1 192
-1 192
-1 192
-1 192
-1 192
-1 192
-1 192
-1 192
-1 192
-1 192
-1 192
198 69
198 69
198 69
131 133
131 133
106 133
106 133
6 4
6 4
127 133
127 133
127 133
-1 133
-1 133
-1 133
-1 133
-1 133
-1 133
-1 133
-1 133
-1 133
-1 133
-1 133
-1 133
-1 133
-1 133
-1 133
-1 133
-1 133
-1 133
-1 133
-1 133
-1 133
-1 133
-1 133
-1 133
-1 133
-1 133
-1 133
-1 133
-1 133
-1 133
-1 133
-1 133
-1 133
-1 133
-1 133
-1 133
-1 133
-1 133
-1 133
-1 133
-1 133
-1 133
-1 133
-1 133
-1 133
-1 133
-1 133
-1 133
-1 133
-1 133
-1 133
-1 133
-1 133
-1 133
-1 133
-1 133
-1 133
-1 133
-1 133
-1 133
-1 133
-1 133
-1 133
-1 133
-1 133
-1 133
-1 133
-1 133
-1 133
-1 133
-1 133
-1 133
-1 133
-1 133
-1 133
-1 133
-1 133
-1 133
-1 133
-1 133
-1 133
-1 133
-1 133
-1 133
-1 133
-1 133
-1 133
-1 133
-1 133
-1 133
-1 133
-1 133
173 4
173 4
173 4
156 80
126 22
-1 22
-1 22
-1 22
-1 22
-1 22
-1 22
-1 22
-1 22
-1 22
-1 22
-1 22
-1 22
-1 22
-1 22
-1 22
-1 22
-1 22
-1 22
-1 22
-1 22
-1 22
-1 22
-1 22
-1 22
-1 22
-1 22
-1 22
-1 22
-1 22
-1 22
-1 22
-1 22
-1 22
-1 22
-1 22
-1 22
-1 22
-1 22
-1 22
-1 22
-1 22
-1 22
-1 22
-1 22
-1 22
-1 22
-1 22
-1 22
-1 22
-1 22
-1 22
-1 22
-1 22
-1 22
-1 22
-1 22
-1 22
-1 22
-1 22
-1 22
-1 22
-1 22
-1 22
-1 22
-1 22
-1 22
-1 22
-1 22
-1 22
-1 22
-1 22
-1 22
-1 22
-1 22
-1 22
-1 22
-1 22
-1 22
-1 22
-1 22
-1 22
-1 22
-1 22
-1 22
-1 22
-1 22
-1 22
-1 22
-1 22
-1 22
13 81
13 81
192 81
192 81
12 23
12 23
101 80
45 23
45 23
45 23
45 23
108 23
108 23
-1 23
-1 23
-1 23
-1 23
-1 23
-1 23
-1 23
-1 23
-1 23
-1 23
-1 23
-1 23
-1 23
-1 23
-1 23
-1 23
-1 23
-1 23
-1 23
-1 23
-1 23
-1 23
-1 23
-1 23
-1 23
-1 23
-1 23
-1 23
-1 23
-1 23
-1 23
-1 23
-1 23
-1 23
-1 23
-1 23
-1 23
-1 23
-1 23
-1 23
-1 23
-1 23
-1 23
-1 23
-1 23
-1 23
-1 23
-1 23
-1 23
-1 23
-1 23
-1 23
-1 23
-1 23
-1 23
-1 23
-1 23
-1 23
-1 23
-1 23
-1 23
-1 23
-1 23
-1 23
-1 23
-1 23
-1 23
-1 23
-1 23
-1 23
-1 23
-1 23
-1 23
-1 23
-1 23
-1 23
-1 23
-1 23
-1 23
-1 23
-1 23
-1 23
-1 23
-1 23
-1 23
-1 23
-1 23
-1 23
-1 23
-1 23
-1 23
-1 23
-1 23
-1 23
23 69
19 81
19 81
49 81
-1 81
-1 81
-1 81
-1 81
-1 81
-1 81
-1 81
-1 81
-1 81
-1 81
-1 81
-1 81
-1 81
-1 81
-1 81
-1 81
-1 81
-1 81
-1 81
-1 81
-1 81
-1 81
-1 81
-1 81
-1 81
-1 81
-1 81
-1 81
-1 81
-1 81
-1 81
-1 81
-1 81
-1 81
-1 81
-1 81
-1 81
-1 81
-1 81
-1 81
-1 81
-1 81
-1 81
-1 81
-1 81
-1 81
-1 81
-1 81
-1 81
-1 81
-1 81
-1 81
-1 81
-1 81
-1 81
-1 81
-1 81
-1 81
-1 81
-1 81
-1 81
-1 81
-1 81
-1 81
-1 81
-1 81
-1 81
-1 81
-1 81
-1 81
-1 81
-1 81
-1 81
-1 81
-1 81
-1 81
-1 81
-1 81
-1 81
-1 81
-1 81
-1 81
-1 81
-1 81
-1 81
-1 81
-1 81
-1 81
-1 81
-1 81
-1 81
-1 81
-1 81
-1 81
81 151
-1 151
-1 151
-1 151
-1 151
-1 151
-1 151
-1 151
-1 151
-1 151
-1 151
-1 151
-1 151
-1 151
-1 151
-1 151
-1 151
-1 151
-1 151
-1 151
-1 151
-1 151
-1 151
-1 151
-1 151
-1 151
-1 151
-1 151
-1 151
-1 151
-1 151
-1 151
-1 151
-1 151
-1 151
-1 151
-1 151
-1 151
-1 151
-1 151
-1 151
-1 151
-1 151
-1 151
-1 151
-1 151
-1 151
-1 151
-1 151
-1 151
-1 151
-1 151
-1 151
-1 151
-1 151
-1 151
-1 151
-1 151
-1 151
-1 151
-1 151
-1 151
-1 151
-1 151
-1 151
-1 151
-1 151
-1 151
-1 151
-1 151
-1 151
-1 151
-1 151
-1 151
-1 151
-1 151
-1 151
-1 151
-1 151
-1 151
-1 151
-1 151
151 4
151 4
151 4
1 4
1 4
1 4
1 4
1 4
122 80
122 80
133 4
133 4
96 48
96 48
36 78
36 78
-1 78
-1 78
-1 78
-1 78
-1 78
-1 78
-1 78
-1 78
-1 78
-1 78
-1 78
-1 78
-1 78
-1 78
-1 78
-1 78
-1 78
-1 78
-1 78
-1 78
-1 78
-1 78
-1 78
-1 78
-1 78
-1 78
-1 78
-1 78
-1 78
-1 78
-1 78
-1 78
-1 78
-1 78
-1 78
-1 78
-1 78
-1 78
-1 78
-1 78
-1 78
-1 78
-1 78
-1 78
-1 78
-1 78
-1 78
-1 78
-1 78
-1 78
-1 78
-1 78
-1 78
-1 78
-1 78
-1 78
-1 78
-1 78
-1 78
-1 78
-1 78
-1 78
-1 78
-1 78
-1 78
-1 78
-1 78
-1 78
-1 78
-1 78
-1 78
-1 78
-1 78
-1 78
-1 78
-1 78
-1 78
-1 78
-1 78
-1 78
-1 78
-1 78
-1 78
-1 78
-1 78
-1 78
-1 78
-1 78
-1 78
-1 78
-1 78
-1 78
-1 78
-1 78
-1 78
-1 78
37 80
37 80
199 48
199 48
199 48
199 48
60 80
141 80
141 80
2 4
2 4
2 4
148 4
148 4
-1 4
-1 4
-1 4
-1 4
-1 4
-1 4
-1 4
-1 4
-1 4
-1 4
-1 4
-1 4
-1 4
-1 4
-1 4
-1 4
-1 4
-1 4
-1 4
-1 4
-1 4
-1 4
-1 4
-1 4
-1 4
-1 4
-1 4
-1 4
-1 4
-1 4
-1 4
-1 4
-1 4
-1 4
-1 4
-1 4
-1 4
-1 4
-1 4
-1 4
-1 4
-1 4
-1 4
-1 4
-1 4
-1 4
-1 4
-1 4
-1 4
-1 4
-1 4
-1 4
-1 4
-1 4
-1 4
-1 4
-1 4
-1 4
-1 4
-1 4
-1 4
-1 4
-1 4
-1 4
-1 4
-1 4
-1 4
-1 4
-1 4
-1 4
-1 4
-1 4
-1 4
-1 4
-1 4
-1 4
-1 4
-1 4
-1 4
-1 4
-1 4
-1 4
-1 4
-1 4
-1 4
-1 4
-1 4
-1 4
-1 4
-1 4
-1 4
-1 4
-1 4
-1 4
-1 4
-1 4
-1 4
-1 4
-1 4
4 80
4 80
-1 80
-1 80
-1 80
-1 80
-1 80
-1 80
-1 80
-1 80
-1 80
-1 80
-1 80
-1 80
-1 80
-1 80
-1 80
-1 80
-1 80
-1 80
-1 80
-1 80
-1 80
-1 80
-1 80
-1 80
-1 80
-1 80
-1 80
-1 80
-1 80
-1 80
-1 80
-1 80
-1 80
-1 80
-1 80
-1 80
-1 80
-1 80
-1 80
-1 80
-1 80
-1 80
-1 80
-1 80
-1 80
-1 80
-1 80
-1 80
-1 80
-1 80
-1 80
-1 80
-1 80
-1 80
-1 80
-1 80
-1 80
-1 80
-1 80
-1 80
-1 80
-1 80
-1 80
-1 80
-1 80
-1 80
-1 80
-1 80
-1 80
-1 80
-1 80
-1 80
-1 80
-1 80
-1 80
-1 80
-1 80
-1 80
-1 80
-1 80
-1 80
-1 80
-1 80
-1 80
-1 80
-1 80
-1 80
-1 80
-1 80
-1 80
-1 80
-1 80
-1 80
80 69
80 69
80 69
80 69
80 69
42 48
78 48
78 48
78 48
78 48
78 48
63 48
63 48
98 48
98 48
98 48
98 48
98 48
108 48
108 48
-1 48
-1 48
-1 48
-1 48
-1 48
-1 48
-1 48
-1 48
-1 48
-1 48
-1 48
-1 48
-1 48
-1 48
-1 48
-1 48
-1 48
-1 48
-1 48
-1 48
-1 48
-1 48
-1 48
-1 48
-1 48
-1 48
-1 48
-1 48
-1 48
-1 48
-1 48
-1 48
-1 48
-1 48
-1 48
-1 48
-1 48
-1 48
-1 48
-1 48
-1 48
-1 48
-1 48
-1 48
-1 48
-1 48
-1 48
-1 48
-1 48
-1 48
-1 48
-1 48
-1 48
-1 48
-1 48
-1 48
-1 48
-1 48
-1 48
-1 48
-1 48
-1 48
-1 48
-1 48
-1 48
-1 48
-1 48
-1 48
-1 48
-1 48
-1 48
-1 48
-1 48
-1 48
-1 48
-1 48
-1 48
-1 48
-1 48
-1 48
-1 48
-1 48
-1 48
-1 48
-1 48
-1 48
-1 48
-1 48
-1 48
-1 48
-1 48
-1 48
-1 48
-1 48
-1 48
10 69
186 69
186 69
186 69
186 69
186 69
186 69
86 69
171 69
171 69
171 69
171 69
36 69
48 69
48 69
48 69
48 69
48 69
126 69
196 69
196 69
196 69
22 69
22 69
27 69
27 69
35 69
35 69
49 69
62 69
62 69
64 69
71 69
71 69
90 69
90 69
90 69
108 69
163 69
163 69
174 69
11 69
66 69
66 69
73 69
73 69
84 69
92 69
92 69
92 69
124 69
124 69
124 69
130 69
130 69
130 69
130 69
136 69
136 69
148 69
148 69
148 69
148 69
166 69
166 69
167 69
-1 69
-1 69
-1 69
-1 69
-1 69
-1 69
-1 69
-1 69
-1 69
-1 69
-1 69
-1 69
-1 69
-1 69
-1 69
-1 69
-1 69
-1 69
-1 69
-1 69
-1 69
-1 69
-1 69
-1 69
-1 69
-1 69
-1 69
-1 69
-1 69
-1 69
-1 69
-1 69
-1 69
-1 69
-1 69
-1 69
-1 69
-1 69
-1 69
-1 69
-1 69
-1 69
-1 69
-1 69
-1 69
-1 69
-1 69
-1 69
-1 69
-1 69
-1 69
-1 69
-1 69
-1 69
-1 69
-1 69
-1 69
-1 69
-1 69
-1 69
-1 69
-1 69
-1 69
-1 69
-1 69
-1 69
-1 69
-1 69
-1 69
-1 69
-1 69
-1 69
-1 69
-1 69
-1 69
-1 69
-1 69
-1 69
-1 69
-1 69
-1 69
-1 69
-1 69
-1 69
-1 69
-1 69
-1 69
-1 69
-1 69
-1 69
-1 69
-1 69
-1 69
-1 69
-1 69
-1 69
-1 69
-1 69
-1 69
-1 69
-1 69
-1 69
-1 69
-1 69
-1 69
-1 69
-1 69
-1 69
-1 69
-1 69
-1 69
-1 69
-1 69
-1 69
-1 69
-1 69
-1 69
-1 69
-1 69
-1 69
-1 69
-1 69
-1 69
-1 69
-1 69
-1 69
-1 69
-1 69
-1 69
-1 69
-1 69
-1 69
-1 69
-1 69
-1 69
-1 69
-1 69
-1 69
-1 69
-1 69
-1 69
-1 69
