-1 0
-1 0
-1 0
-1 0
-1 0
-1 0
-1 0
-1 0
-1 0
-1 0
-1 0
-1 0
-1 0
-1 0
-1 0
-1 0
-1 0
-1 0
-1 0
-1 0
-1 0
-1 0
-1 0
-1 0
-1 0
-1 0
-1 0
-1 0
-1 0
-1 0
-1 0
-1 0
-1 0
-1 0
-1 0
-1 0
-1 0
-1 0
-1 0
-1 0
-1 0
-1 0
-1 0
-1 0
-1 0
-1 0
-1 0
-1 0
-1 0
-1 0
-1 0
-1 0
-1 0
-1 0
-1 0
-1 0
-1 0
-1 0
-1 0
-1 0
-1 0
-1 0
-1 0
-1 0
-1 0
-1 0
-1 0
-1 0
-1 0
-1 0
-1 0
-1 0
-1 0
-1 0
-1 0
-1 0
-1 0
-1 0
-1 0
-1 0
-1 0
-1 0
-1 0
-1 0
-1 0
-1 0
-1 0
-1 0
-1 0
-1 0
-1 0
-1 0
-1 0
-1 0
-1 0
-1 0
-1 0
-1 0
-1 0
-1 0
-1 0
-1 0
-1 0
-1 0
-1 0
-1 0
-1 0
-1 0
-1 0
-1 0
-1 0
-1 0
-1 0
-1 0
-1 0
-1 0
-1 0
-1 0
-1 0
-1 0
-1 0
-1 0
-1 0
-1 0
-1 0
-1 0
-1 0
-1 0
-1 0
-1 0
-1 0
-1 0
-1 0
-1 0
-1 0
-1 0
-1 0
-1 0
-1 0
-1 0
-1 0
-1 0
-1 0
-1 0
-1 0
-1 0
-1 0
-1 0
-1 0
-1 0
-1 0
-1 0
-1 0
-1 0
-1 0
-1 0
-1 0
-1 0
-1 0
-1 0
-1 0
-1 0
-1 0
-1 0
-1 0
-1 0
-1 0
-1 0
-1 0
-1 0
-1 0
-1 0
-1 0
-1 0
-1 0
-1 0
-1 0
-1 0
-1 0
-1 0
-1 0
-1 0
-1 0
-1 0
-1 0
-1 0
-1 0
-1 0
-1 0
-1 0
-1 0
-1 0
-1 0
-1 0
-1 0
-1 0
-1 0
-1 0
-1 0
-1 0
-1 0
-1 0
-1 0
-1 0
-1 0
-1 0
-1 0
-1 0
-1 0
-1 0
-1 0
-1 0
-1 0
-1 0
-1 0
-1 0
-1 0
-1 0
-1 0
-1 0
-1 0
-1 0
-1 0
-1 0
-1 0
-1 0
-1 0
-1 0
-1 0
-1 0
-1 0
-1 0
-1 0
-1 0
-1 0
-1 0
-1 0
-1 0
-1 0
-1 0
-1 0
-1 0
-1 0
-1 0
-1 0
-1 0
-1 0
-1 0
-1 0
-1 0
-1 0
-1 0
-1 0
-1 0
-1 0
-1 0
-1 0
-1 0
-1 0
-1 0
-1 0
-1 0
-1 0
-1 0
-1 0
-1 0
-1 0
-1 0
-1 0
-1 0
-1 0
-1 0
-1 0
-1 0
-1 0
-1 0
-1 0
-1 0
-1 0
-1 0
-1 0
-1 0
-1 0
-1 0
-1 0
-1 0
-1 0
-1 0
-1 0
-1 0
-1 0
-1 0
-1 0
-1 0
-1 0
-1 0
-1 0
-1 0
-1 0
0 51
-1 51
-1 51
-1 51
-1 51
-1 51
-1 51
-1 51
-1 51
-1 51
-1 51
-1 51
-1 51
-1 51
-1 51
-1 51
-1 51
-1 51
-1 51
-1 51
-1 51
-1 51
-1 51
-1 51
-1 51
-1 51
-1 51
-1 51
-1 51
-1 51
-1 51
-1 51
-1 51
-1 51
-1 51
-1 51
-1 51
-1 51
-1 51
-1 51
-1 51
-1 51
-1 51
-1 51
-1 51
-1 51
-1 51
-1 51
-1 51
-1 51
-1 51
-1 51
-1 51
-1 51
-1 51
-1 51
-1 51
-1 51
-1 51
-1 51
-1 51
-1 51
-1 51
-1 51
-1 51
-1 51
-1 51
-1 51
-1 51
-1 51
-1 51
-1 51
-1 51
-1 51
-1 51
-1 51
-1 51
-1 51
-1 51
-1 51
-1 51
-1 51
-1 51
-1 51
-1 51
-1 51
-1 51
51 86
86 179
86 71
-1 71
-1 71
-1 71
-1 71
-1 71
-1 71
-1 71
-1 71
-1 71
-1 71
-1 71
-1 71
-1 71
-1 71
-1 71
-1 71
-1 71
-1 71
-1 71
-1 71
-1 71
-1 71
-1 71
-1 71
-1 71
-1 71
-1 71
-1 71
-1 71
-1 71
-1 71
-1 71
-1 71
-1 71
-1 71
-1 71
-1 71
-1 71
-1 71
-1 71
-1 71
-1 71
-1 71
-1 71
-1 71
-1 71
-1 71
-1 71
-1 71
-1 71
71 174
174 186
174 186
-1 186
-1 186
-1 186
-1 186
-1 186
-1 186
-1 186
-1 186
-1 186
186 56
-1 56
-1 56
-1 56
-1 56
-1 56
-1 56
-1 56
-1 56
-1 56
-1 56
-1 56
-1 56
-1 56
-1 56
-1 56
-1 56
-1 56
-1 56
-1 56
-1 56
-1 56
-1 56
56 163
-1 163
-1 163
-1 163
-1 163
-1 163
-1 163
-1 163
-1 163
-1 163
-1 163
-1 163
-1 163
-1 163
-1 163
-1 163
-1 163
-1 163
-1 163
-1 163
-1 163
-1 163
-1 163
-1 163
-1 163
-1 163
-1 163
-1 163
-1 163
0 22
0 22
-1 22
-1 22
-1 22
-1 22
-1 22
-1 22
-1 22
-1 22
-1 22
-1 22
-1 22
-1 22
-1 22
-1 22
-1 22
-1 22
-1 22
-1 22
-1 22
-1 22
-1 22
-1 22
-1 22
-1 22
-1 22
-1 22
-1 22
-1 22
-1 22
-1 22
-1 22
-1 22
-1 22
-1 22
-1 22
-1 22
-1 22
-1 22
-1 22
-1 22
-1 22
-1 22
-1 22
-1 22
-1 22
-1 22
-1 22
-1 22
-1 22
-1 22
-1 22
-1 22
0 158
163 144
163 144
-1 144
-1 144
-1 144
-1 144
-1 144
-1 144
-1 144
-1 144
-1 144
-1 144
-1 144
-1 144
-1 144
-1 144
-1 144
-1 144
-1 144
-1 144
-1 144
-1 144
-1 144
-1 144
-1 144
-1 144
-1 144
-1 144
-1 144
-1 144
-1 144
-1 144
86 179
179 33
179 88
179 88
-1 88
-1 88
-1 88
-1 88
-1 88
-1 88
-1 88
-1 88
-1 88
-1 88
-1 88
-1 88
-1 88
-1 88
-1 88
-1 88
-1 88
-1 88
-1 88
-1 88
-1 88
-1 88
-1 88
-1 88
-1 88
-1 88
-1 88
179 156
179 156
-1 156
-1 156
-1 156
-1 156
-1 156
-1 156
-1 156
-1 156
-1 156
-1 156
-1 156
-1 156
-1 156
-1 156
-1 156
-1 156
-1 156
-1 156
-1 156
-1 156
-1 156
-1 156
-1 156
-1 156
-1 156
-1 156
-1 156
-1 156
-1 156
-1 156
-1 156
-1 156
-1 156
-1 156
-1 156
-1 156
-1 156
-1 156
-1 156
-1 156
-1 156
-1 156
-1 156
33 134
33 134
134 27
134 27
33 44
44 106
44 106
106 19
-1 19
-1 19
-1 19
-1 19
-1 19
-1 19
-1 19
-1 19
-1 19
-1 19
-1 19
-1 19
-1 19
-1 19
-1 19
-1 19
-1 19
-1 19
-1 19
-1 19
-1 19
-1 19
-1 19
-1 19
-1 19
-1 19
-1 19
-1 19
-1 19
-1 19
-1 19
-1 19
-1 19
-1 19
-1 19
-1 19
-1 19
-1 19
-1 19
-1 19
-1 19
-1 19
-1 19
-1 19
-1 19
-1 19
-1 19
-1 19
-1 19
-1 19
-1 19
-1 19
-1 19
-1 19
-1 19
-1 19
-1 19
-1 19
-1 19
-1 19
-1 19
-1 19
-1 19
-1 19
-1 19
-1 19
-1 19
-1 19
-1 19
-1 19
-1 19
-1 19
-1 19
-1 19
-1 19
-1 19
-1 19
-1 19
-1 19
-1 19
-1 19
-1 19
-1 19
-1 19
-1 19
-1 19
-1 19
-1 19
-1 19
-1 19
-1 19
-1 19
-1 19
-1 19
106 190
190 66
190 5
-1 5
-1 5
-1 5
-1 5
-1 5
-1 5
-1 5
-1 5
-1 5
-1 5
-1 5
-1 5
-1 5
-1 5
-1 5
-1 5
-1 5
-1 5
-1 5
-1 5
-1 5
-1 5
-1 5
-1 5
-1 5
-1 5
-1 5
-1 5
-1 5
-1 5
-1 5
-1 5
-1 5
-1 5
-1 5
190 66
66 63
63 195
19 58
19 58
-1 58
-1 58
-1 58
-1 58
-1 58
-1 58
-1 58
-1 58
-1 58
-1 58
-1 58
-1 58
-1 58
-1 58
-1 58
-1 58
-1 58
-1 58
-1 58
-1 58
-1 58
-1 58
-1 58
-1 58
-1 58
-1 58
-1 58
-1 58
-1 58
-1 58
-1 58
-1 58
-1 58
-1 58
-1 58
-1 58
-1 58
-1 58
-1 58
-1 58
-1 58
-1 58
-1 58
-1 58
-1 58
-1 58
-1 58
-1 58
-1 58
-1 58
-1 58
-1 58
-1 58
-1 58
-1 58
-1 58
-1 58
-1 58
-1 58
-1 58
-1 58
-1 58
-1 58
-1 58
-1 58
-1 58
-1 58
-1 58
-1 58
-1 58
-1 58
-1 58
19 61
19 61
33 103
103 32
-1 32
-1 32
-1 32
-1 32
-1 32
-1 32
-1 32
-1 32
-1 32
-1 32
-1 32
-1 32
-1 32
-1 32
-1 32
-1 32
-1 32
-1 32
-1 32
-1 32
-1 32
-1 32
-1 32
-1 32
-1 32
-1 32
-1 32
-1 32
-1 32
-1 32
-1 32
-1 32
-1 32
-1 32
-1 32
-1 32
-1 32
-1 32
-1 32
-1 32
-1 32
-1 32
-1 32
-1 32
-1 32
-1 32
-1 32
-1 32
-1 32
-1 32
-1 32
-1 32
-1 32
-1 32
-1 32
-1 32
-1 32
-1 32
-1 32
-1 32
-1 32
-1 32
-1 32
32 18
32 155
155 55
-1 55
-1 55
-1 55
-1 55
-1 55
-1 55
-1 55
-1 55
-1 55
-1 55
-1 55
-1 55
-1 55
-1 55
-1 55
-1 55
-1 55
-1 55
-1 55
-1 55
-1 55
-1 55
-1 55
-1 55
-1 55
-1 55
-1 55
-1 55
-1 55
-1 55
-1 55
-1 55
-1 55
-1 55
-1 55
-1 55
-1 55
-1 55
-1 55
-1 55
-1 55
-1 55
-1 55
-1 55
-1 55
-1 55
-1 55
-1 55
-1 55
-1 55
-1 55
-1 55
-1 55
55 62
55 62
-1 62
-1 62
-1 62
-1 62
-1 62
-1 62
-1 62
-1 62
-1 62
-1 62
-1 62
-1 62
-1 62
-1 62
-1 62
-1 62
-1 62
-1 62
-1 62
-1 62
-1 62
-1 62
-1 62
-1 62
155 131
-1 131
-1 131
-1 131
-1 131
-1 131
-1 131
-1 131
-1 131
-1 131
-1 131
-1 131
-1 131
-1 131
-1 131
-1 131
-1 131
-1 131
-1 131
-1 131
-1 131
-1 131
-1 131
-1 131
-1 131
-1 131
-1 131
-1 131
-1 131
-1 131
-1 131
-1 131
-1 131
-1 131
-1 131
-1 131
-1 131
-1 131
-1 131
-1 131
-1 131
-1 131
-1 131
-1 131
-1 131
-1 131
-1 131
-1 131
-1 131
-1 131
-1 131
-1 131
-1 131
-1 131
-1 131
-1 131
-1 131
-1 131
-1 131
-1 131
-1 131
-1 131
-1 131
-1 131
-1 131
-1 131
-1 131
-1 131
-1 131
-1 131
-1 131
-1 131
-1 131
-1 131
-1 131
-1 131
-1 131
-1 131
-1 131
-1 131
-1 131
-1 131
-1 131
-1 131
-1 131
-1 131
-1 131
-1 131
-1 131
-1 131
-1 131
-1 131
-1 131
-1 131
-1 131
-1 131
-1 131
-1 131
32 143
-1 143
-1 143
-1 143
-1 143
-1 143
-1 143
-1 143
-1 143
-1 143
-1 143
-1 143
-1 143
-1 143
-1 143
-1 143
-1 143
-1 143
-1 143
-1 143
-1 143
-1 143
-1 143
-1 143
-1 143
-1 143
-1 143
-1 143
-1 143
-1 143
-1 143
-1 143
-1 143
-1 143
-1 143
-1 143
-1 143
-1 143
-1 143
-1 143
-1 143
-1 143
-1 143
-1 143
-1 143
-1 143
-1 143
-1 143
-1 143
-1 143
-1 143
-1 143
-1 143
-1 143
-1 143
-1 143
-1 143
-1 143
-1 143
-1 143
-1 143
-1 143
-1 143
-1 143
-1 143
-1 143
-1 143
-1 143
-1 143
-1 143
-1 143
-1 143
-1 143
-1 143
-1 143
-1 143
-1 143
-1 143
-1 143
-1 143
-1 143
-1 143
-1 143
-1 143
-1 143
-1 143
-1 143
-1 143
-1 143
-1 143
-1 143
143 36
143 36
-1 36
-1 36
-1 36
-1 36
-1 36
-1 36
-1 36
-1 36
-1 36
-1 36
-1 36
-1 36
-1 36
-1 36
-1 36
-1 36
-1 36
-1 36
-1 36
-1 36
-1 36
-1 36
36 97
156 89
-1 89
-1 89
-1 89
-1 89
-1 89
-1 89
89 35
35 1
-1 1
-1 1
-1 1
-1 1
-1 1
-1 1
-1 1
-1 1
1 193
1 193
-1 193
-1 193
-1 193
-1 193
-1 193
-1 193
-1 193
-1 193
-1 193
-1 193
-1 193
-1 193
-1 193
-1 193
-1 193
-1 193
-1 193
-1 193
-1 193
-1 193
-1 193
-1 193
-1 193
-1 193
-1 193
-1 193
-1 193
-1 193
-1 193
-1 193
-1 193
-1 193
-1 193
-1 193
-1 193
-1 193
-1 193
-1 193
-1 193
-1 193
-1 193
-1 193
-1 193
-1 193
-1 193
-1 193
193 92
92 183
92 183
183 196
1 196
193 195
193 195
-1 195
-1 195
-1 195
-1 195
-1 195
-1 195
-1 195
-1 195
-1 195
-1 195
-1 195
-1 195
-1 195
-1 195
-1 195
-1 195
-1 195
-1 195
-1 195
-1 195
-1 195
-1 195
-1 195
-1 195
-1 195
-1 195
-1 195
-1 195
-1 195
-1 195
-1 195
-1 195
-1 195
-1 195
-1 195
196 68
68 119
183 110
110 48
110 9
-1 9
-1 9
-1 9
-1 9
-1 9
-1 9
-1 9
-1 9
-1 9
-1 9
-1 9
-1 9
-1 9
-1 9
-1 9
-1 9
-1 9
-1 9
-1 9
-1 9
-1 9
-1 9
-1 9
-1 9
-1 9
-1 9
-1 9
-1 9
-1 9
-1 9
-1 9
-1 9
-1 9
-1 9
-1 9
-1 9
-1 9
-1 9
-1 9
-1 9
-1 9
-1 9
-1 9
-1 9
-1 9
-1 9
-1 9
-1 9
-1 9
-1 9
-1 9
-1 9
-1 9
-1 9
-1 9
-1 9
-1 9
-1 9
-1 9
-1 9
-1 9
-1 9
-1 9
-1 9
-1 9
-1 9
-1 9
-1 9
-1 9
-1 9
9 121
110 48
48 162
48 162
119 109
-1 109
-1 109
-1 109
-1 109
-1 109
-1 109
-1 109
-1 109
-1 109
-1 109
-1 109
-1 109
109 61
61 59
48 162
162 117
117 168
117 114
117 114
114 188
-1 188
-1 188
-1 188
-1 188
-1 188
-1 188
-1 188
-1 188
-1 188
-1 188
-1 188
-1 188
-1 188
-1 188
-1 188
-1 188
-1 188
-1 188
-1 188
-1 188
-1 188
-1 188
-1 188
-1 188
-1 188
-1 188
-1 188
-1 188
-1 188
-1 188
-1 188
-1 188
-1 188
-1 188
-1 188
-1 188
-1 188
-1 188
-1 188
-1 188
-1 188
-1 188
-1 188
-1 188
-1 188
-1 188
-1 188
-1 188
-1 188
-1 188
-1 188
-1 188
-1 188
-1 188
-1 188
-1 188
-1 188
-1 188
-1 188
-1 188
-1 188
-1 188
61 160
61 160
-1 160
-1 160
-1 160
-1 160
-1 160
-1 160
-1 160
-1 160
-1 160
-1 160
-1 160
-1 160
-1 160
-1 160
-1 160
-1 160
-1 160
-1 160
-1 160
-1 160
-1 160
-1 160
-1 160
-1 160
-1 160
-1 160
-1 160
-1 160
-1 160
-1 160
-1 160
-1 160
-1 160
-1 160
-1 160
-1 160
-1 160
-1 160
-1 160
-1 160
-1 160
-1 160
-1 160
-1 160
-1 160
-1 160
-1 160
-1 160
-1 160
-1 160
-1 160
-1 160
-1 160
-1 160
-1 160
-1 160
-1 160
-1 160
-1 160
-1 160
-1 160
-1 160
-1 160
-1 160
-1 160
-1 160
-1 160
-1 160
-1 160
-1 160
-1 160
-1 160
-1 160
-1 160
-1 160
-1 160
-1 160
-1 160
-1 160
-1 160
-1 160
-1 160
-1 160
-1 160
-1 160
-1 160
-1 160
-1 160
-1 160
-1 160
-1 160
-1 160
-1 160
162 93
162 93
196 141
196 141
-1 141
-1 141
-1 141
-1 141
-1 141
-1 141
-1 141
-1 141
-1 141
-1 141
-1 141
-1 141
-1 141
-1 141
-1 141
-1 141
-1 141
-1 141
-1 141
-1 141
-1 141
-1 141
-1 141
-1 141
-1 141
-1 141
-1 141
-1 141
-1 141
-1 141
-1 141
-1 141
-1 141
-1 141
-1 141
-1 141
-1 141
-1 141
-1 141
-1 141
-1 141
-1 141
-1 141
-1 141
-1 141
-1 141
-1 141
-1 141
-1 141
-1 141
-1 141
-1 141
-1 141
-1 141
-1 141
-1 141
-1 141
-1 141
-1 141
-1 141
-1 141
-1 141
-1 141
-1 141
-1 141
-1 141
-1 141
-1 141
-1 141
-1 141
-1 141
-1 141
-1 141
-1 141
-1 141
-1 141
-1 141
-1 141
-1 141
-1 141
-1 141
-1 141
-1 141
-1 141
-1 141
-1 141
-1 141
-1 141
-1 141
195 99
155 165
-1 165
-1 165
-1 165
-1 165
-1 165
-1 165
-1 165
-1 165
-1 165
-1 165
-1 165
-1 165
-1 165
-1 165
-1 165
-1 165
-1 165
-1 165
-1 165
-1 165
-1 165
-1 165
-1 165
-1 165
-1 165
-1 165
-1 165
-1 165
-1 165
-1 165
-1 165
-1 165
-1 165
-1 165
-1 165
-1 165
-1 165
-1 165
-1 165
-1 165
-1 165
-1 165
-1 165
-1 165
-1 165
-1 165
-1 165
-1 165
-1 165
-1 165
-1 165
-1 165
-1 165
-1 165
-1 165
-1 165
-1 165
-1 165
-1 165
-1 165
32 18
86 2
86 2
44 115
-1 115
-1 115
-1 115
-1 115
-1 115
-1 115
-1 115
-1 115
-1 115
115 130
115 130
-1 130
-1 130
-1 130
-1 130
-1 130
-1 130
-1 130
-1 130
-1 130
-1 130
-1 130
-1 130
-1 130
-1 130
-1 130
-1 130
-1 130
-1 130
-1 130
-1 130
-1 130
-1 130
-1 130
-1 130
-1 130
-1 130
-1 130
-1 130
-1 130
-1 130
5 149
5 149
-1 149
-1 149
-1 149
-1 149
-1 149
149 83
149 83
-1 83
-1 83
-1 83
-1 83
-1 83
-1 83
-1 83
-1 83
-1 83
-1 83
-1 83
-1 83
-1 83
-1 83
-1 83
-1 83
-1 83
-1 83
-1 83
-1 83
-1 83
-1 83
-1 83
-1 83
-1 83
-1 83
-1 83
-1 83
-1 83
-1 83
-1 83
-1 83
-1 83
-1 83
-1 83
-1 83
-1 83
-1 83
-1 83
-1 83
-1 83
-1 83
-1 83
-1 83
-1 83
-1 83
-1 83
-1 83
-1 83
83 26
26 123
149 127
127 59
88 173
88 173
88 173
-1 173
-1 173
-1 173
-1 173
-1 173
-1 173
-1 173
-1 173
-1 173
-1 173
-1 173
-1 173
-1 173
-1 173
-1 173
-1 173
-1 173
-1 173
-1 173
-1 173
-1 173
-1 173
-1 173
-1 173
-1 173
-1 173
-1 173
-1 173
-1 173
-1 173
-1 173
-1 173
-1 173
-1 173
-1 173
-1 173
-1 173
-1 173
-1 173
-1 173
-1 173
-1 173
-1 173
-1 173
-1 173
173 96
173 96
173 96
-1 96
-1 96
-1 96
-1 96
-1 96
-1 96
-1 96
-1 96
-1 96
-1 96
-1 96
-1 96
-1 96
-1 96
-1 96
-1 96
-1 96
-1 96
-1 96
-1 96
-1 96
-1 96
-1 96
-1 96
-1 96
-1 96
-1 96
-1 96
-1 96
96 54
54 78
54 78
-1 78
-1 78
-1 78
-1 78
-1 78
-1 78
-1 78
-1 78
-1 78
-1 78
-1 78
-1 78
-1 78
-1 78
-1 78
-1 78
-1 78
-1 78
-1 78
-1 78
-1 78
-1 78
-1 78
-1 78
-1 78
-1 78
-1 78
-1 78
-1 78
-1 78
-1 78
-1 78
-1 78
-1 78
-1 78
-1 78
-1 78
-1 78
-1 78
-1 78
-1 78
-1 78
-1 78
-1 78
-1 78
-1 78
-1 78
-1 78
-1 78
-1 78
-1 78
-1 78
-1 78
-1 78
-1 78
-1 78
-1 78
-1 78
-1 78
-1 78
-1 78
-1 78
-1 78
-1 78
-1 78
-1 78
-1 78
-1 78
-1 78
78 64
64 148
64 14
64 14
96 98
-1 98
-1 98
-1 98
-1 98
-1 98
98 45
114 91
114 91
-1 91
-1 91
-1 91
-1 91
-1 91
-1 91
-1 91
-1 91
-1 91
-1 91
-1 91
-1 91
-1 91
-1 91
-1 91
-1 91
-1 91
-1 91
-1 91
-1 91
-1 91
-1 91
-1 91
-1 91
-1 91
-1 91
-1 91
-1 91
-1 91
-1 91
-1 91
-1 91
-1 91
-1 91
-1 91
-1 91
-1 91
-1 91
-1 91
-1 91
-1 91
-1 91
-1 91
-1 91
-1 91
-1 91
-1 91
-1 91
-1 91
91 189
91 189
91 189
-1 189
-1 189
-1 189
-1 189
-1 189
-1 189
-1 189
-1 189
-1 189
-1 189
-1 189
-1 189
-1 189
-1 189
-1 189
-1 189
-1 189
-1 189
-1 189
-1 189
-1 189
-1 189
-1 189
-1 189
-1 189
-1 189
-1 189
-1 189
-1 189
-1 189
-1 189
-1 189
-1 189
-1 189
-1 189
-1 189
-1 189
-1 189
-1 189
-1 189
-1 189
-1 189
-1 189
-1 189
-1 189
-1 189
-1 189
-1 189
-1 189
-1 189
-1 189
-1 189
-1 189
-1 189
-1 189
-1 189
-1 189
-1 189
-1 189
-1 189
-1 189
-1 189
-1 189
-1 189
-1 189
-1 189
-1 189
-1 189
35 49
35 49
-1 49
-1 49
-1 49
-1 49
-1 49
-1 49
-1 49
-1 49
-1 49
-1 49
-1 49
-1 49
-1 49
-1 49
-1 49
-1 49
-1 49
78 192
78 192
-1 192
-1 192
-1 192
-1 192
-1 192
-1 192
-1 192
-1 192
-1 192
-1 192
-1 192
91 57
91 57
91 57
165 105
165 105
165 105
165 105
165 105
-1 105
-1 105
-1 105
-1 105
-1 105
-1 105
-1 105
-1 105
-1 105
-1 105
-1 105
-1 105
-1 105
-1 105
105 8
-1 8
-1 8
-1 8
-1 8
-1 8
-1 8
-1 8
-1 8
-1 8
-1 8
-1 8
-1 8
-1 8
-1 8
-1 8
-1 8
-1 8
-1 8
-1 8
-1 8
-1 8
-1 8
-1 8
-1 8
-1 8
-1 8
-1 8
-1 8
-1 8
-1 8
-1 8
-1 8
-1 8
-1 8
-1 8
-1 8
-1 8
-1 8
-1 8
-1 8
-1 8
-1 8
-1 8
-1 8
-1 8
-1 8
-1 8
-1 8
-1 8
-1 8
-1 8
-1 8
-1 8
-1 8
-1 8
-1 8
-1 8
-1 8
-1 8
-1 8
-1 8
-1 8
-1 8
-1 8
-1 8
-1 8
-1 8
-1 8
-1 8
-1 8
-1 8
-1 8
-1 8
-1 8
-1 8
-1 8
-1 8
-1 8
-1 8
-1 8
-1 8
-1 8
-1 8
-1 8
-1 8
-1 8
-1 8
-1 8
-1 8
-1 8
8 132
8 132
-1 132
-1 132
-1 132
-1 132
-1 132
-1 132
-1 132
-1 132
-1 132
-1 132
-1 132
132 16
18 79
18 79
-1 79
-1 79
-1 79
-1 79
-1 79
-1 79
-1 79
-1 79
-1 79
-1 79
-1 79
-1 79
-1 79
-1 79
-1 79
-1 79
-1 79
-1 79
-1 79
-1 79
-1 79
-1 79
-1 79
-1 79
-1 79
-1 79
-1 79
-1 79
45 166
45 166
45 166
71 87
156 12
156 12
156 12
156 12
-1 12
-1 12
-1 12
-1 12
-1 12
-1 12
-1 12
-1 12
-1 12
-1 12
-1 12
-1 12
-1 12
-1 12
-1 12
-1 12
-1 12
-1 12
-1 12
-1 12
-1 12
-1 12
-1 12
-1 12
-1 12
-1 12
-1 12
-1 12
-1 12
-1 12
-1 12
-1 12
-1 12
-1 12
-1 12
-1 12
-1 12
-1 12
-1 12
-1 12
-1 12
-1 12
-1 12
-1 12
-1 12
-1 12
-1 12
-1 12
-1 12
-1 12
-1 12
-1 12
-1 12
-1 12
-1 12
-1 12
-1 12
-1 12
-1 12
-1 12
-1 12
-1 12
-1 12
-1 12
-1 12
33 182
33 182
62 122
62 122
58 135
58 135
-1 135
-1 135
-1 135
-1 135
-1 135
-1 135
-1 135
-1 135
-1 135
-1 135
-1 135
-1 135
-1 135
-1 135
-1 135
-1 135
-1 135
-1 135
-1 135
-1 135
-1 135
-1 135
-1 135
-1 135
-1 135
-1 135
-1 135
-1 135
-1 135
-1 135
-1 135
-1 135
-1 135
-1 135
-1 135
-1 135
-1 135
-1 135
-1 135
-1 135
-1 135
-1 135
-1 135
-1 135
-1 135
-1 135
-1 135
-1 135
-1 135
-1 135
-1 135
-1 135
-1 135
-1 135
-1 135
-1 135
-1 135
-1 135
-1 135
-1 135
-1 135
-1 135
-1 135
-1 135
-1 135
-1 135
-1 135
-1 135
-1 135
-1 135
-1 135
-1 135
-1 135
-1 135
-1 135
-1 135
-1 135
-1 135
135 41
41 139
135 73
-1 73
-1 73
-1 73
-1 73
-1 73
-1 73
-1 73
-1 73
-1 73
-1 73
-1 73
-1 73
-1 73
-1 73
-1 73
-1 73
-1 73
-1 73
-1 73
-1 73
-1 73
-1 73
-1 73
-1 73
-1 73
-1 73
-1 73
-1 73
-1 73
-1 73
-1 73
-1 73
-1 73
-1 73
-1 73
-1 73
-1 73
-1 73
-1 73
-1 73
-1 73
-1 73
-1 73
-1 73
-1 73
-1 73
-1 73
-1 73
-1 73
-1 73
-1 73
-1 73
-1 73
-1 73
-1 73
-1 73
41 139
139 75
75 136
75 136
75 93
-1 93
-1 93
-1 93
-1 93
-1 93
-1 93
-1 93
-1 93
-1 93
-1 93
-1 93
-1 93
-1 93
-1 93
-1 93
-1 93
-1 93
-1 93
-1 93
-1 93
-1 93
-1 93
-1 93
-1 93
-1 93
-1 93
-1 93
-1 93
-1 93
-1 93
-1 93
-1 93
-1 93
-1 93
-1 93
-1 93
-1 93
-1 93
-1 93
-1 93
-1 93
-1 93
-1 93
-1 93
-1 93
-1 93
-1 93
-1 93
-1 93
-1 93
-1 93
-1 93
-1 93
-1 93
-1 93
-1 93
-1 93
-1 93
75 136
136 168
-1 168
168 15
168 15
-1 15
-1 15
-1 15
-1 15
-1 15
-1 15
-1 15
-1 15
-1 15
-1 15
-1 15
-1 15
-1 15
-1 15
-1 15
-1 15
-1 15
-1 15
-1 15
-1 15
-1 15
-1 15
-1 15
-1 15
-1 15
-1 15
-1 15
-1 15
-1 15
-1 15
-1 15
-1 15
-1 15
-1 15
-1 15
-1 15
-1 15
-1 15
-1 15
-1 15
-1 15
-1 15
-1 15
-1 15
-1 15
-1 15
-1 15
-1 15
-1 15
-1 15
-1 15
-1 15
-1 15
-1 15
-1 15
-1 15
-1 15
-1 15
-1 15
-1 15
-1 15
-1 15
-1 15
75 4
4 159
15 198
15 198
15 198
15 198
-1 198
-1 198
-1 198
-1 198
-1 198
-1 198
-1 198
-1 198
-1 198
-1 198
-1 198
-1 198
-1 198
-1 198
-1 198
-1 198
-1 198
-1 198
-1 198
-1 198
-1 198
-1 198
-1 198
-1 198
-1 198
-1 198
-1 198
-1 198
-1 198
-1 198
198 20
-1 20
-1 20
-1 20
-1 20
-1 20
-1 20
-1 20
-1 20
-1 20
-1 20
-1 20
-1 20
-1 20
-1 20
-1 20
-1 20
-1 20
-1 20
-1 20
-1 20
-1 20
-1 20
-1 20
-1 20
-1 20
-1 20
-1 20
-1 20
-1 20
-1 20
-1 20
-1 20
-1 20
-1 20
-1 20
-1 20
-1 20
-1 20
-1 20
-1 20
-1 20
-1 20
-1 20
-1 20
-1 20
-1 20
-1 20
-1 20
-1 20
-1 20
-1 20
-1 20
-1 20
-1 20
-1 20
-1 20
-1 20
-1 20
-1 20
-1 20
-1 20
-1 20
-1 20
-1 20
-1 20
-1 20
-1 20
-1 20
-1 20
-1 20
-1 20
-1 20
-1 20
-1 20
-1 20
20 142
20 142
-1 142
-1 142
-1 142
-1 142
-1 142
-1 142
-1 142
-1 142
-1 142
-1 142
-1 142
-1 142
-1 142
-1 142
-1 142
-1 142
-1 142
-1 142
-1 142
-1 142
-1 142
-1 142
-1 142
-1 142
-1 142
142 70
142 70
-1 70
-1 70
-1 70
-1 70
-1 70
-1 70
-1 70
-1 70
-1 70
-1 70
-1 70
-1 70
-1 70
-1 70
-1 70
-1 70
-1 70
-1 70
-1 70
-1 70
-1 70
-1 70
-1 70
-1 70
-1 70
-1 70
-1 70
139 152
139 152
136 177
136 177
198 77
-1 77
-1 77
-1 77
-1 77
-1 77
-1 77
-1 77
-1 77
-1 77
-1 77
-1 77
-1 77
-1 77
-1 77
-1 77
-1 77
-1 77
-1 77
-1 77
77 125
77 125
77 125
-1 125
-1 125
-1 125
-1 125
-1 125
-1 125
-1 125
-1 125
-1 125
-1 125
-1 125
-1 125
-1 125
-1 125
-1 125
-1 125
-1 125
-1 125
-1 125
-1 125
-1 125
-1 125
-1 125
-1 125
-1 125
-1 125
-1 125
-1 125
-1 125
-1 125
-1 125
-1 125
-1 125
-1 125
-1 125
-1 125
-1 125
-1 125
-1 125
-1 125
-1 125
-1 125
-1 125
-1 125
-1 125
-1 125
-1 125
-1 125
-1 125
-1 125
-1 125
-1 125
-1 125
-1 125
-1 125
-1 125
-1 125
-1 125
-1 125
-1 125
-1 125
-1 125
-1 125
-1 125
-1 125
-1 125
-1 125
-1 125
-1 125
-1 125
-1 125
-1 125
-1 125
-1 125
-1 125
-1 125
-1 125
-1 125
-1 125
-1 125
-1 125
-1 125
-1 125
-1 125
77 100
-1 100
-1 100
-1 100
-1 100
-1 100
-1 100
-1 100
-1 100
-1 100
-1 100
-1 100
-1 100
-1 100
-1 100
-1 100
-1 100
-1 100
-1 100
-1 100
-1 100
-1 100
-1 100
-1 100
-1 100
-1 100
-1 100
-1 100
-1 100
-1 100
-1 100
-1 100
-1 100
-1 100
-1 100
-1 100
-1 100
-1 100
-1 100
-1 100
-1 100
-1 100
-1 100
100 181
100 181
-1 181
-1 181
-1 181
-1 181
-1 181
-1 181
-1 181
-1 181
-1 181
-1 181
-1 181
-1 181
-1 181
-1 181
-1 181
-1 181
-1 181
-1 181
-1 181
-1 181
-1 181
-1 181
-1 181
-1 181
-1 181
-1 181
-1 181
-1 181
-1 181
-1 181
-1 181
-1 181
-1 181
-1 181
-1 181
-1 181
-1 181
-1 181
-1 181
-1 181
-1 181
-1 181
-1 181
-1 181
-1 181
-1 181
-1 181
-1 181
-1 181
-1 181
-1 181
-1 181
-1 181
18 25
-1 25
-1 25
-1 25
-1 25
-1 25
-1 25
-1 25
-1 25
-1 25
-1 25
-1 25
-1 25
-1 25
-1 25
-1 25
-1 25
-1 25
-1 25
-1 25
-1 25
-1 25
-1 25
-1 25
-1 25
-1 25
-1 25
-1 25
-1 25
-1 25
-1 25
-1 25
-1 25
-1 25
-1 25
-1 25
-1 25
-1 25
-1 25
-1 25
-1 25
-1 25
-1 25
-1 25
-1 25
-1 25
-1 25
-1 25
-1 25
-1 25
-1 25
-1 25
-1 25
-1 25
-1 25
-1 25
-1 25
-1 25
-1 25
-1 25
-1 25
-1 25
-1 25
-1 25
-1 25
-1 25
-1 25
-1 25
-1 25
-1 25
-1 25
-1 25
-1 25
-1 25
-1 25
-1 25
-1 25
-1 25
-1 25
-1 25
-1 25
-1 25
-1 25
-1 25
-1 25
-1 25
-1 25
-1 25
-1 25
-1 25
-1 25
-1 25
-1 25
-1 25
-1 25
-1 25
-1 25
25 175
25 175
155 84
155 84
183 3
183 3
183 3
181 126
181 126
18 31
18 31
18 31
-1 31
-1 31
-1 31
-1 31
-1 31
-1 31
-1 31
-1 31
-1 31
-1 31
-1 31
-1 31
-1 31
-1 31
-1 31
-1 31
-1 31
-1 31
-1 31
-1 31
-1 31
-1 31
-1 31
-1 31
-1 31
-1 31
-1 31
-1 31
-1 31
-1 31
-1 31
-1 31
-1 31
-1 31
-1 31
-1 31
-1 31
-1 31
-1 31
-1 31
-1 31
-1 31
-1 31
-1 31
-1 31
-1 31
-1 31
-1 31
-1 31
-1 31
-1 31
-1 31
-1 31
-1 31
-1 31
-1 31
-1 31
-1 31
-1 31
-1 31
-1 31
-1 31
-1 31
-1 31
-1 31
-1 31
78 140
78 140
78 140
93 13
93 13
168 3
168 3
-1 3
-1 3
-1 3
-1 3
-1 3
-1 3
-1 3
-1 3
-1 3
-1 3
-1 3
-1 3
-1 3
-1 3
-1 3
-1 3
-1 3
-1 3
-1 3
-1 3
-1 3
-1 3
-1 3
-1 3
-1 3
-1 3
-1 3
-1 3
-1 3
-1 3
-1 3
-1 3
-1 3
-1 3
-1 3
-1 3
-1 3
-1 3
-1 3
-1 3
-1 3
-1 3
-1 3
-1 3
-1 3
-1 3
-1 3
-1 3
-1 3
-1 3
-1 3
-1 3
-1 3
-1 3
-1 3
-1 3
-1 3
-1 3
-1 3
-1 3
-1 3
-1 3
-1 3
-1 3
-1 3
-1 3
-1 3
-1 3
-1 3
-1 3
-1 3
3 158
-1 158
-1 158
-1 158
-1 158
-1 158
-1 158
-1 158
-1 158
-1 158
-1 158
-1 158
-1 158
-1 158
-1 158
-1 158
-1 158
-1 158
-1 158
-1 158
-1 158
-1 158
158 133
158 30
-1 30
-1 30
-1 30
-1 30
-1 30
-1 30
-1 30
-1 30
-1 30
158 133
158 85
3 137
-1 137
-1 137
-1 137
-1 137
-1 137
-1 137
-1 137
-1 137
-1 137
-1 137
-1 137
-1 137
-1 137
-1 137
-1 137
-1 137
-1 137
-1 137
-1 137
-1 137
-1 137
-1 137
-1 137
-1 137
-1 137
-1 137
-1 137
-1 137
-1 137
-1 137
-1 137
-1 137
-1 137
-1 137
137 151
137 151
-1 151
-1 151
-1 151
-1 151
-1 151
-1 151
-1 151
-1 151
-1 151
-1 151
-1 151
-1 151
-1 151
-1 151
-1 151
-1 151
-1 151
-1 151
-1 151
-1 151
-1 151
-1 151
-1 151
-1 151
-1 151
-1 151
-1 151
-1 151
-1 151
151 11
-1 11
-1 11
-1 11
-1 11
-1 11
-1 11
-1 11
-1 11
-1 11
-1 11
-1 11
-1 11
-1 11
-1 11
-1 11
-1 11
-1 11
-1 11
-1 11
-1 11
-1 11
-1 11
-1 11
-1 11
-1 11
-1 11
-1 11
-1 11
-1 11
-1 11
-1 11
-1 11
-1 11
-1 11
-1 11
-1 11
-1 11
-1 11
-1 11
-1 11
-1 11
-1 11
-1 11
-1 11
-1 11
-1 11
-1 11
-1 11
-1 11
-1 11
-1 11
-1 11
-1 11
-1 11
-1 11
-1 11
-1 11
-1 11
-1 11
-1 11
-1 11
-1 11
-1 11
-1 11
-1 11
11 104
11 34
11 34
11 34
-1 34
-1 34
-1 34
-1 34
-1 34
-1 34
-1 34
-1 34
-1 34
-1 34
-1 34
-1 34
-1 34
-1 34
-1 34
-1 34
-1 34
-1 34
-1 34
151 147
104 6
104 6
-1 6
-1 6
137 146
-1 146
-1 146
-1 146
-1 146
-1 146
-1 146
-1 146
-1 146
-1 146
-1 146
-1 146
-1 146
-1 146
-1 146
-1 146
-1 146
-1 146
-1 146
-1 146
-1 146
-1 146
-1 146
-1 146
-1 146
-1 146
-1 146
-1 146
-1 146
-1 146
-1 146
-1 146
-1 146
-1 146
-1 146
-1 146
-1 146
-1 146
-1 146
-1 146
-1 146
-1 146
-1 146
-1 146
-1 146
-1 146
-1 146
-1 146
-1 146
-1 146
-1 146
-1 146
-1 146
-1 146
-1 146
-1 146
-1 146
-1 146
-1 146
-1 146
-1 146
-1 146
-1 146
-1 146
-1 146
-1 146
-1 146
-1 146
-1 146
-1 146
-1 146
-1 146
-1 146
-1 146
-1 146
-1 146
146 76
76 111
111 172
111 172
111 172
-1 172
-1 172
-1 172
-1 172
-1 172
-1 172
-1 172
-1 172
-1 172
-1 172
-1 172
-1 172
-1 172
-1 172
-1 172
-1 172
-1 172
-1 172
-1 172
-1 172
-1 172
-1 172
-1 172
-1 172
-1 172
-1 172
-1 172
-1 172
-1 172
-1 172
-1 172
172 129
129 197
129 197
129 197
-1 197
-1 197
-1 197
-1 197
-1 197
-1 197
-1 197
-1 197
-1 197
-1 197
-1 197
-1 197
-1 197
-1 197
-1 197
-1 197
-1 197
-1 197
-1 197
-1 197
-1 197
-1 197
-1 197
-1 197
-1 197
-1 197
-1 197
-1 197
146 124
146 124
147 164
-1 164
-1 164
-1 164
-1 164
-1 164
-1 164
-1 164
-1 164
-1 164
-1 164
-1 164
-1 164
-1 164
-1 164
-1 164
-1 164
-1 164
-1 164
-1 164
-1 164
-1 164
-1 164
-1 164
-1 164
104 182
104 182
104 182
-1 182
-1 182
-1 182
-1 182
-1 182
-1 182
-1 182
-1 182
-1 182
-1 182
-1 182
-1 182
-1 182
-1 182
-1 182
-1 182
-1 182
-1 182
-1 182
-1 182
-1 182
-1 182
-1 182
-1 182
-1 182
-1 182
-1 182
-1 182
-1 182
-1 182
-1 182
-1 182
-1 182
-1 182
-1 182
-1 182
-1 182
-1 182
-1 182
-1 182
-1 182
-1 182
-1 182
-1 182
-1 182
-1 182
-1 182
-1 182
-1 182
-1 182
-1 182
-1 182
-1 182
182 122
-1 122
-1 122
-1 122
-1 122
-1 122
-1 122
-1 122
-1 122
-1 122
-1 122
-1 122
-1 122
-1 122
-1 122
-1 122
-1 122
-1 122
-1 122
-1 122
-1 122
-1 122
-1 122
-1 122
-1 122
-1 122
-1 122
-1 122
-1 122
-1 122
-1 122
-1 122
-1 122
-1 122
-1 122
158 124
-1 124
-1 124
-1 124
-1 124
-1 124
-1 124
-1 124
-1 124
-1 124
-1 124
-1 124
-1 124
-1 124
-1 124
-1 124
-1 124
-1 124
-1 124
-1 124
-1 124
-1 124
-1 124
-1 124
-1 124
-1 124
-1 124
-1 124
-1 124
-1 124
-1 124
-1 124
-1 124
-1 124
-1 124
-1 124
-1 124
-1 124
-1 124
-1 124
-1 124
-1 124
-1 124
-1 124
-1 124
-1 124
-1 124
-1 124
-1 124
-1 124
-1 124
-1 124
-1 124
-1 124
-1 124
-1 124
-1 124
-1 124
-1 124
-1 124
-1 124
-1 124
-1 124
-1 124
-1 124
-1 124
-1 124
-1 124
-1 124
-1 124
-1 124
-1 124
-1 124
-1 124
-1 124
-1 124
-1 124
-1 124
-1 124
-1 124
-1 124
-1 124
-1 124
-1 124
-1 124
-1 124
124 23
76 46
131 118
131 118
-1 118
-1 118
-1 118
-1 118
-1 118
-1 118
-1 118
-1 118
-1 118
-1 118
-1 118
-1 118
-1 118
-1 118
-1 118
-1 118
-1 118
-1 118
-1 118
-1 118
-1 118
-1 118
-1 118
-1 118
-1 118
-1 118
-1 118
-1 118
-1 118
-1 118
-1 118
-1 118
-1 118
-1 118
118 94
-1 94
-1 94
-1 94
-1 94
-1 94
-1 94
-1 94
-1 94
-1 94
-1 94
-1 94
-1 94
-1 94
-1 94
-1 94
-1 94
-1 94
-1 94
-1 94
-1 94
-1 94
-1 94
-1 94
-1 94
-1 94
-1 94
-1 94
-1 94
-1 94
-1 94
-1 94
-1 94
-1 94
-1 94
-1 94
-1 94
-1 94
-1 94
-1 94
-1 94
-1 94
-1 94
-1 94
-1 94
-1 94
-1 94
-1 94
-1 94
-1 94
-1 94
-1 94
-1 94
-1 94
-1 94
-1 94
-1 94
-1 94
-1 94
-1 94
-1 94
-1 94
-1 94
-1 94
-1 94
-1 94
-1 94
-1 94
-1 94
-1 94
-1 94
-1 94
-1 94
-1 94
94 126
118 159
126 39
94 95
94 95
94 95
94 95
94 95
-1 95
-1 95
-1 95
-1 95
-1 95
-1 95
-1 95
-1 95
-1 95
-1 95
-1 95
-1 95
-1 95
-1 95
-1 95
-1 95
-1 95
-1 95
-1 95
-1 95
-1 95
-1 95
-1 95
-1 95
-1 95
-1 95
-1 95
-1 95
-1 95
-1 95
-1 95
-1 95
-1 95
-1 95
-1 95
-1 95
-1 95
-1 95
-1 95
-1 95
-1 95
-1 95
-1 95
-1 95
-1 95
-1 95
-1 95
-1 95
-1 95
-1 95
-1 95
-1 95
-1 95
-1 95
-1 95
-1 95
-1 95
-1 95
-1 95
-1 95
189 175
-1 175
-1 175
-1 175
-1 175
-1 175
-1 175
-1 175
-1 175
-1 175
-1 175
-1 175
-1 175
-1 175
-1 175
-1 175
-1 175
-1 175
-1 175
-1 175
-1 175
-1 175
-1 175
-1 175
-1 175
-1 175
-1 175
-1 175
-1 175
-1 175
-1 175
-1 175
-1 175
-1 175
-1 175
-1 175
-1 175
-1 175
-1 175
-1 175
-1 175
-1 175
-1 175
-1 175
-1 175
-1 175
-1 175
-1 175
-1 175
-1 175
-1 175
-1 175
-1 175
-1 175
-1 175
-1 175
-1 175
-1 175
-1 175
-1 175
-1 175
-1 175
-1 175
-1 175
-1 175
-1 175
-1 175
-1 175
-1 175
-1 175
-1 175
-1 175
-1 175
-1 175
-1 175
-1 175
-1 175
175 185
175 81
144 187
111 167
-1 167
-1 167
-1 167
-1 167
-1 167
-1 167
-1 167
-1 167
-1 167
-1 167
-1 167
-1 167
-1 167
-1 167
-1 167
-1 167
-1 167
-1 167
-1 167
-1 167
-1 167
-1 167
-1 167
-1 167
-1 167
-1 167
-1 167
-1 167
-1 167
-1 167
-1 167
-1 167
-1 167
-1 167
-1 167
-1 167
-1 167
-1 167
-1 167
-1 167
-1 167
-1 167
-1 167
-1 167
-1 167
-1 167
-1 167
-1 167
-1 167
-1 167
-1 167
-1 167
-1 167
-1 167
-1 167
-1 167
-1 167
167 69
69 29
-1 29
-1 29
-1 29
-1 29
-1 29
-1 29
-1 29
-1 29
-1 29
-1 29
-1 29
-1 29
-1 29
-1 29
-1 29
-1 29
-1 29
-1 29
-1 29
-1 29
-1 29
-1 29
-1 29
-1 29
-1 29
-1 29
-1 29
-1 29
-1 29
-1 29
29 99
29 99
29 99
29 185
-1 185
-1 185
-1 185
-1 185
-1 185
-1 185
-1 185
-1 185
-1 185
-1 185
-1 185
-1 185
-1 185
-1 185
-1 185
-1 185
-1 185
-1 185
-1 185
-1 185
-1 185
-1 185
-1 185
-1 185
-1 185
-1 185
-1 185
-1 185
-1 185
-1 185
-1 185
-1 185
-1 185
-1 185
-1 185
-1 185
-1 185
-1 185
-1 185
-1 185
-1 185
-1 185
-1 185
-1 185
-1 185
-1 185
-1 185
-1 185
-1 185
-1 185
-1 185
-1 185
-1 185
-1 185
-1 185
185 150
16 169
-1 169
-1 169
-1 169
-1 169
-1 169
-1 169
-1 169
-1 169
-1 169
-1 169
-1 169
-1 169
-1 169
-1 169
-1 169
-1 169
-1 169
-1 169
-1 169
-1 169
-1 169
-1 169
-1 169
-1 169
-1 169
-1 169
-1 169
-1 169
-1 169
-1 169
-1 169
-1 169
-1 169
-1 169
-1 169
-1 169
-1 169
83 50
83 50
83 50
174 102
174 102
174 102
-1 102
-1 102
-1 102
-1 102
-1 102
-1 102
-1 102
-1 102
-1 102
-1 102
-1 102
-1 102
-1 102
-1 102
-1 102
-1 102
-1 102
-1 102
-1 102
-1 102
-1 102
-1 102
-1 102
-1 102
-1 102
-1 102
-1 102
-1 102
-1 102
-1 102
-1 102
-1 102
-1 102
-1 102
-1 102
-1 102
-1 102
-1 102
-1 102
-1 102
102 13
13 7
13 7
7 123
-1 123
-1 123
-1 123
-1 123
-1 123
-1 123
-1 123
-1 123
-1 123
-1 123
-1 123
-1 123
-1 123
-1 123
-1 123
-1 123
-1 123
123 80
123 80
80 72
-1 72
-1 72
-1 72
-1 72
-1 72
-1 72
-1 72
-1 72
-1 72
-1 72
-1 72
-1 72
-1 72
-1 72
-1 72
-1 72
-1 72
-1 72
-1 72
-1 72
-1 72
-1 72
-1 72
-1 72
-1 72
-1 72
-1 72
-1 72
-1 72
-1 72
-1 72
-1 72
-1 72
-1 72
-1 72
-1 72
-1 72
-1 72
-1 72
-1 72
-1 72
-1 72
-1 72
-1 72
-1 72
-1 72
-1 72
-1 72
-1 72
-1 72
-1 72
-1 72
-1 72
-1 72
-1 72
-1 72
-1 72
-1 72
-1 72
-1 72
-1 72
72 46
72 46
72 46
72 46
-1 46
-1 46
-1 46
-1 46
-1 46
-1 46
-1 46
-1 46
-1 46
-1 46
-1 46
-1 46
-1 46
-1 46
-1 46
-1 46
-1 46
-1 46
-1 46
-1 46
-1 46
-1 46
-1 46
-1 46
-1 46
-1 46
-1 46
-1 46
-1 46
-1 46
-1 46
-1 46
-1 46
-1 46
-1 46
-1 46
-1 46
46 120
120 154
-1 154
-1 154
-1 154
-1 154
-1 154
-1 154
-1 154
-1 154
-1 154
-1 154
-1 154
-1 154
-1 154
-1 154
-1 154
-1 154
-1 154
-1 154
-1 154
-1 154
-1 154
-1 154
-1 154
-1 154
-1 154
-1 154
-1 154
-1 154
-1 154
-1 154
-1 154
-1 154
-1 154
154 84
80 14
-1 14
-1 14
-1 14
-1 14
-1 14
-1 14
-1 14
-1 14
-1 14
-1 14
-1 14
-1 14
-1 14
-1 14
-1 14
-1 14
-1 14
-1 14
-1 14
-1 14
-1 14
-1 14
-1 14
-1 14
-1 14
-1 14
-1 14
-1 14
-1 14
-1 14
-1 14
-1 14
-1 14
-1 14
-1 14
-1 14
-1 14
-1 14
-1 14
-1 14
-1 14
-1 14
-1 14
-1 14
-1 14
-1 14
-1 14
-1 14
-1 14
-1 14
54 171
88 37
-1 37
-1 37
-1 37
-1 37
-1 37
-1 37
-1 37
-1 37
-1 37
-1 37
-1 37
-1 37
-1 37
-1 37
-1 37
-1 37
-1 37
-1 37
-1 37
-1 37
-1 37
-1 37
-1 37
-1 37
-1 37
-1 37
-1 37
-1 37
-1 37
-1 37
-1 37
-1 37
-1 37
-1 37
-1 37
-1 37
-1 37
-1 37
-1 37
-1 37
-1 37
-1 37
-1 37
-1 37
-1 37
37 90
30 199
30 199
110 84
-1 84
-1 84
-1 84
-1 84
-1 84
-1 84
-1 84
-1 84
-1 84
-1 84
-1 84
-1 84
-1 84
-1 84
-1 84
-1 84
-1 84
-1 84
-1 84
-1 84
-1 84
-1 84
-1 84
-1 84
-1 84
-1 84
-1 84
-1 84
-1 84
-1 84
-1 84
-1 84
-1 84
-1 84
-1 84
-1 84
-1 84
-1 84
-1 84
-1 84
-1 84
-1 84
-1 84
-1 84
-1 84
-1 84
-1 84
-1 84
-1 84
-1 84
-1 84
-1 84
-1 84
-1 84
-1 84
-1 84
-1 84
-1 84
-1 84
-1 84
-1 84
-1 84
-1 84
-1 84
-1 84
-1 84
-1 84
-1 84
-1 84
-1 84
-1 84
-1 84
-1 84
84 40
123 112
85 121
-1 121
-1 121
-1 121
-1 121
-1 121
-1 121
-1 121
-1 121
-1 121
-1 121
-1 121
-1 121
-1 121
-1 121
-1 121
-1 121
-1 121
-1 121
-1 121
-1 121
-1 121
-1 121
-1 121
-1 121
-1 121
-1 121
-1 121
-1 121
-1 121
-1 121
-1 121
-1 121
-1 121
-1 121
-1 121
-1 121
-1 121
-1 121
-1 121
-1 121
-1 121
-1 121
-1 121
-1 121
-1 121
-1 121
-1 121
-1 121
-1 121
-1 121
-1 121
-1 121
-1 121
-1 121
-1 121
-1 121
-1 121
-1 121
-1 121
-1 121
-1 121
-1 121
-1 121
-1 121
-1 121
-1 121
-1 121
-1 121
-1 121
-1 121
-1 121
-1 121
-1 121
-1 121
-1 121
-1 121
-1 121
-1 121
-1 121
-1 121
-1 121
-1 121
121 178
121 178
121 178
121 178
-1 178
-1 178
-1 178
-1 178
-1 178
-1 178
-1 178
-1 178
-1 178
-1 178
-1 178
-1 178
-1 178
-1 178
-1 178
-1 178
-1 178
-1 178
-1 178
-1 178
-1 178
-1 178
-1 178
-1 178
-1 178
-1 178
-1 178
-1 178
-1 178
-1 178
-1 178
-1 178
-1 178
-1 178
-1 178
-1 178
-1 178
-1 178
-1 178
-1 178
-1 178
-1 178
-1 178
-1 178
-1 178
-1 178
-1 178
-1 178
-1 178
-1 178
-1 178
-1 178
-1 178
-1 178
-1 178
-1 178
-1 178
-1 178
-1 178
-1 178
-1 178
-1 178
163 57
89 39
89 39
89 39
89 39
-1 39
-1 39
-1 39
-1 39
-1 39
-1 39
-1 39
-1 39
-1 39
-1 39
-1 39
-1 39
-1 39
-1 39
-1 39
-1 39
-1 39
-1 39
-1 39
-1 39
-1 39
-1 39
-1 39
-1 39
-1 39
-1 39
-1 39
-1 39
-1 39
-1 39
-1 39
-1 39
-1 39
-1 39
-1 39
-1 39
-1 39
-1 39
-1 39
-1 39
-1 39
-1 39
-1 39
-1 39
-1 39
-1 39
-1 39
-1 39
-1 39
-1 39
-1 39
-1 39
-1 39
-1 39
-1 39
-1 39
-1 39
-1 39
-1 39
-1 39
-1 39
-1 39
-1 39
39 52
39 171
-1 171
-1 171
-1 171
-1 171
-1 171
-1 171
-1 171
-1 171
-1 171
-1 171
-1 171
-1 171
-1 171
-1 171
-1 171
-1 171
-1 171
-1 171
-1 171
-1 171
-1 171
-1 171
-1 171
-1 171
-1 171
-1 171
-1 171
-1 171
-1 171
-1 171
-1 171
-1 171
-1 171
-1 171
-1 171
-1 171
-1 171
-1 171
-1 171
-1 171
-1 171
-1 171
-1 171
-1 171
-1 171
-1 171
-1 171
-1 171
-1 171
-1 171
-1 171
-1 171
-1 171
-1 171
-1 171
-1 171
-1 171
-1 171
-1 171
-1 171
-1 171
-1 171
-1 171
-1 171
-1 171
-1 171
-1 171
-1 171
-1 171
-1 171
-1 171
-1 171
-1 171
-1 171
-1 171
-1 171
-1 171
-1 171
171 113
171 28
-1 28
-1 28
-1 28
-1 28
-1 28
-1 28
-1 28
-1 28
-1 28
-1 28
-1 28
-1 28
-1 28
-1 28
-1 28
-1 28
-1 28
-1 28
-1 28
-1 28
-1 28
-1 28
-1 28
-1 28
-1 28
-1 28
-1 28
-1 28
-1 28
-1 28
-1 28
-1 28
-1 28
-1 28
-1 28
-1 28
-1 28
-1 28
-1 28
-1 28
-1 28
-1 28
-1 28
-1 28
-1 28
-1 28
-1 28
-1 28
-1 28
-1 28
-1 28
-1 28
-1 28
-1 28
-1 28
-1 28
-1 28
-1 28
-1 28
-1 28
-1 28
-1 28
-1 28
-1 28
-1 28
-1 28
-1 28
-1 28
-1 28
-1 28
171 47
39 52
197 21
197 21
197 21
197 21
197 21
197 21
122 194
178 180
7 145
7 145
-1 145
-1 145
-1 145
-1 145
-1 145
-1 145
-1 145
-1 145
-1 145
-1 145
-1 145
-1 145
-1 145
-1 145
-1 145
-1 145
-1 145
-1 145
-1 145
-1 145
-1 145
-1 145
-1 145
-1 145
-1 145
-1 145
-1 145
-1 145
-1 145
-1 145
-1 145
-1 145
-1 145
-1 145
-1 145
-1 145
-1 145
-1 145
-1 145
-1 145
-1 145
-1 145
-1 145
-1 145
-1 145
-1 145
-1 145
-1 145
-1 145
-1 145
-1 145
-1 145
-1 145
-1 145
-1 145
-1 145
-1 145
-1 145
-1 145
-1 145
145 194
145 194
145 108
145 108
145 108
-1 108
-1 108
-1 108
-1 108
-1 108
-1 108
-1 108
-1 108
-1 108
-1 108
-1 108
-1 108
-1 108
-1 108
-1 108
-1 108
-1 108
-1 108
-1 108
-1 108
-1 108
-1 108
-1 108
-1 108
-1 108
-1 108
-1 108
-1 108
-1 108
-1 108
-1 108
-1 108
-1 108
-1 108
-1 108
-1 108
-1 108
-1 108
-1 108
-1 108
-1 108
-1 108
-1 108
-1 108
-1 108
-1 108
-1 108
-1 108
-1 108
-1 108
-1 108
-1 108
-1 108
-1 108
-1 108
-1 108
-1 108
-1 108
-1 108
-1 108
-1 108
-1 108
-1 108
-1 108
-1 108
-1 108
20 47
20 47
20 47
16 53
16 53
16 53
16 53
160 82
160 82
160 82
160 82
149 47
-1 47
-1 47
-1 47
-1 47
-1 47
-1 47
-1 47
-1 47
-1 47
-1 47
-1 47
-1 47
-1 47
-1 47
-1 47
-1 47
-1 47
-1 47
-1 47
-1 47
-1 47
-1 47
-1 47
-1 47
-1 47
-1 47
-1 47
-1 47
-1 47
-1 47
-1 47
-1 47
-1 47
-1 47
-1 47
-1 47
-1 47
-1 47
-1 47
-1 47
-1 47
-1 47
-1 47
-1 47
-1 47
-1 47
-1 47
-1 47
-1 47
-1 47
-1 47
-1 47
-1 47
-1 47
-1 47
-1 47
96 138
96 138
96 138
168 38
174 116
70 42
70 42
70 42
70 42
70 42
70 42
-1 42
-1 42
-1 42
-1 42
-1 42
-1 42
-1 42
-1 42
-1 42
-1 42
-1 42
-1 42
-1 42
-1 42
-1 42
-1 42
-1 42
-1 42
-1 42
-1 42
-1 42
-1 42
-1 42
-1 42
-1 42
-1 42
-1 42
-1 42
-1 42
-1 42
-1 42
-1 42
-1 42
-1 42
-1 42
-1 42
-1 42
-1 42
-1 42
-1 42
-1 42
-1 42
-1 42
-1 42
-1 42
-1 42
-1 42
-1 42
-1 42
-1 42
-1 42
-1 42
-1 42
-1 42
-1 42
-1 42
-1 42
-1 42
-1 42
-1 42
-1 42
-1 42
-1 42
-1 42
-1 42
-1 42
-1 42
-1 42
-1 42
42 184
28 170
28 170
28 170
28 170
151 152
151 152
151 152
-1 152
-1 152
-1 152
-1 152
-1 152
-1 152
-1 152
-1 152
-1 152
-1 152
-1 152
-1 152
-1 152
-1 152
-1 152
-1 152
-1 152
-1 152
-1 152
-1 152
-1 152
-1 152
-1 152
-1 152
-1 152
-1 152
-1 152
-1 152
-1 152
-1 152
-1 152
-1 152
-1 152
-1 152
-1 152
-1 152
-1 152
-1 152
-1 152
-1 152
-1 152
-1 152
-1 152
-1 152
-1 152
-1 152
-1 152
-1 152
-1 152
-1 152
-1 152
-1 152
-1 152
-1 152
-1 152
-1 152
-1 152
-1 152
-1 152
-1 152
-1 152
-1 152
-1 152
-1 152
-1 152
-1 152
-1 152
-1 152
22 180
22 180
130 57
-1 57
-1 57
-1 57
-1 57
-1 57
-1 57
-1 57
-1 57
-1 57
-1 57
-1 57
-1 57
-1 57
-1 57
-1 57
-1 57
-1 57
-1 57
-1 57
-1 57
-1 57
-1 57
-1 57
-1 57
-1 57
-1 57
-1 57
-1 57
-1 57
-1 57
-1 57
-1 57
-1 57
-1 57
-1 57
-1 57
-1 57
-1 57
-1 57
-1 57
-1 57
-1 57
-1 57
-1 57
-1 57
-1 57
-1 57
-1 57
-1 57
-1 57
-1 57
-1 57
-1 57
-1 57
-1 57
-1 57
-1 57
-1 57
-1 57
-1 57
-1 57
-1 57
-1 57
-1 57
-1 57
-1 57
-1 57
-1 57
-1 57
-1 57
-1 57
-1 57
-1 57
-1 57
57 60
57 60
60 157
60 157
157 170
157 170
157 170
157 170
-1 170
-1 170
-1 170
-1 170
-1 170
-1 170
-1 170
-1 170
-1 170
-1 170
-1 170
-1 170
-1 170
-1 170
-1 170
-1 170
-1 170
-1 170
-1 170
-1 170
-1 170
-1 170
-1 170
-1 170
-1 170
-1 170
-1 170
-1 170
-1 170
-1 170
-1 170
-1 170
-1 170
-1 170
-1 170
-1 170
-1 170
-1 170
-1 170
-1 170
-1 170
-1 170
-1 170
-1 170
-1 170
-1 170
-1 170
-1 170
-1 170
-1 170
-1 170
-1 170
-1 170
-1 170
-1 170
-1 170
-1 170
-1 170
-1 170
-1 170
-1 170
-1 170
-1 170
-1 170
-1 170
-1 170
-1 170
-1 170
-1 170
-1 170
-1 170
-1 170
-1 170
-1 170
170 40
170 40
170 40
-1 40
-1 40
-1 40
-1 40
-1 40
-1 40
-1 40
-1 40
-1 40
-1 40
-1 40
-1 40
-1 40
-1 40
-1 40
-1 40
-1 40
-1 40
-1 40
-1 40
-1 40
-1 40
-1 40
-1 40
-1 40
-1 40
-1 40
-1 40
-1 40
-1 40
-1 40
-1 40
-1 40
-1 40
-1 40
-1 40
-1 40
-1 40
-1 40
-1 40
-1 40
-1 40
-1 40
-1 40
-1 40
-1 40
-1 40
-1 40
-1 40
-1 40
-1 40
-1 40
-1 40
-1 40
-1 40
-1 40
-1 40
-1 40
-1 40
-1 40
-1 40
-1 40
-1 40
-1 40
-1 40
-1 40
-1 40
-1 40
-1 40
-1 40
-1 40
-1 40
-1 40
-1 40
-1 40
-1 40
-1 40
-1 40
-1 40
-1 40
-1 40
-1 40
-1 40
-1 40
40 27
-1 27
-1 27
-1 27
-1 27
-1 27
-1 27
-1 27
-1 27
-1 27
-1 27
-1 27
-1 27
-1 27
-1 27
-1 27
-1 27
-1 27
-1 27
-1 27
-1 27
-1 27
-1 27
-1 27
-1 27
-1 27
-1 27
-1 27
-1 27
-1 27
-1 27
-1 27
-1 27
-1 27
-1 27
-1 27
-1 27
-1 27
-1 27
-1 27
-1 27
-1 27
-1 27
-1 27
-1 27
-1 27
-1 27
-1 27
-1 27
-1 27
-1 27
-1 27
-1 27
-1 27
-1 27
-1 27
-1 27
-1 27
-1 27
-1 27
-1 27
-1 27
-1 27
-1 27
-1 27
-1 27
-1 27
-1 27
-1 27
-1 27
-1 27
27 38
60 21
-1 21
-1 21
-1 21
-1 21
-1 21
-1 21
-1 21
-1 21
-1 21
-1 21
-1 21
-1 21
-1 21
-1 21
-1 21
-1 21
-1 21
-1 21
-1 21
-1 21
-1 21
-1 21
-1 21
-1 21
-1 21
-1 21
-1 21
-1 21
-1 21
-1 21
-1 21
-1 21
-1 21
-1 21
-1 21
-1 21
-1 21
-1 21
-1 21
-1 21
-1 21
-1 21
-1 21
-1 21
-1 21
-1 21
-1 21
-1 21
-1 21
-1 21
-1 21
-1 21
-1 21
-1 21
-1 21
-1 21
-1 21
-1 21
-1 21
-1 21
-1 21
-1 21
-1 21
-1 21
-1 21
-1 21
-1 21
-1 21
-1 21
-1 21
-1 21
-1 21
-1 21
-1 21
-1 21
-1 21
-1 21
-1 21
-1 21
-1 21
-1 21
-1 21
-1 21
-1 21
-1 21
-1 21
-1 21
-1 21
-1 21
-1 21
-1 21
-1 21
-1 21
-1 21
-1 21
-1 21
-1 21
-1 21
21 177
-1 177
-1 177
-1 177
-1 177
-1 177
-1 177
-1 177
-1 177
-1 177
-1 177
-1 177
-1 177
-1 177
-1 177
-1 177
-1 177
-1 177
-1 177
-1 177
-1 177
-1 177
-1 177
-1 177
-1 177
-1 177
-1 177
-1 177
-1 177
-1 177
-1 177
-1 177
-1 177
-1 177
-1 177
-1 177
-1 177
-1 177
-1 177
-1 177
-1 177
-1 177
-1 177
-1 177
-1 177
-1 177
-1 177
-1 177
-1 177
-1 177
-1 177
-1 177
-1 177
-1 177
-1 177
-1 177
-1 177
-1 177
114 53
114 53
-1 53
-1 53
-1 53
-1 53
-1 53
-1 53
-1 53
-1 53
-1 53
-1 53
-1 53
-1 53
-1 53
-1 53
-1 53
-1 53
-1 53
-1 53
-1 53
-1 53
-1 53
-1 53
-1 53
-1 53
-1 53
-1 53
-1 53
-1 53
-1 53
-1 53
-1 53
-1 53
-1 53
-1 53
-1 53
-1 53
-1 53
-1 53
-1 53
-1 53
-1 53
-1 53
-1 53
-1 53
-1 53
-1 53
-1 53
-1 53
-1 53
-1 53
-1 53
-1 53
-1 53
-1 53
-1 53
-1 53
-1 53
-1 53
-1 53
-1 53
-1 53
-1 53
-1 53
-1 53
-1 53
-1 53
-1 53
-1 53
-1 53
-1 53
-1 53
-1 53
-1 53
-1 53
-1 53
-1 53
-1 53
-1 53
-1 53
-1 53
-1 53
-1 53
-1 53
-1 53
-1 53
-1 53
-1 53
-1 53
-1 53
-1 53
-1 53
-1 53
-1 53
-1 53
-1 53
-1 53
-1 53
-1 53
-1 53
53 74
38 107
75 107
92 116
92 116
51 10
40 43
40 43
-1 43
-1 43
-1 43
-1 43
-1 43
-1 43
-1 43
-1 43
-1 43
-1 43
-1 43
-1 43
-1 43
-1 43
-1 43
-1 43
-1 43
-1 43
-1 43
-1 43
-1 43
-1 43
-1 43
-1 43
-1 43
-1 43
-1 43
-1 43
-1 43
-1 43
-1 43
-1 43
-1 43
-1 43
-1 43
-1 43
-1 43
-1 43
-1 43
-1 43
-1 43
-1 43
-1 43
-1 43
-1 43
-1 43
-1 43
-1 43
-1 43
-1 43
-1 43
-1 43
-1 43
-1 43
-1 43
-1 43
-1 43
-1 43
-1 43
-1 43
-1 43
-1 43
-1 43
-1 43
-1 43
-1 43
-1 43
-1 43
43 199
-1 199
-1 199
-1 199
-1 199
-1 199
-1 199
-1 199
-1 199
-1 199
-1 199
-1 199
-1 199
-1 199
-1 199
-1 199
-1 199
-1 199
-1 199
-1 199
-1 199
-1 199
-1 199
-1 199
-1 199
-1 199
-1 199
-1 199
-1 199
-1 199
-1 199
-1 199
-1 199
-1 199
-1 199
-1 199
-1 199
-1 199
-1 199
-1 199
-1 199
-1 199
-1 199
-1 199
-1 199
-1 199
-1 199
-1 199
-1 199
-1 199
-1 199
-1 199
-1 199
-1 199
-1 199
-1 199
-1 199
-1 199
-1 199
-1 199
-1 199
-1 199
-1 199
-1 199
-1 199
-1 199
-1 199
-1 199
-1 199
-1 199
-1 199
-1 199
-1 199
-1 199
-1 199
-1 199
-1 199
-1 199
-1 199
-1 199
-1 199
-1 199
-1 199
-1 199
-1 199
-1 199
-1 199
-1 199
-1 199
-1 199
-1 199
-1 199
-1 199
199 10
199 10
185 82
-1 82
-1 82
-1 82
-1 82
-1 82
-1 82
-1 82
-1 82
-1 82
-1 82
-1 82
-1 82
-1 82
-1 82
-1 82
-1 82
-1 82
-1 82
-1 82
-1 82
-1 82
-1 82
-1 82
-1 82
-1 82
-1 82
-1 82
-1 82
-1 82
-1 82
-1 82
-1 82
-1 82
-1 82
-1 82
-1 82
-1 82
-1 82
-1 82
-1 82
-1 82
-1 82
-1 82
-1 82
-1 82
-1 82
-1 82
-1 82
-1 82
-1 82
-1 82
-1 82
-1 82
-1 82
-1 82
-1 82
-1 82
-1 82
-1 82
-1 82
-1 82
-1 82
-1 82
-1 82
-1 82
-1 82
-1 82
-1 82
-1 82
-1 82
-1 82
-1 82
-1 82
-1 82
-1 82
-1 82
-1 82
-1 82
-1 82
-1 82
-1 82
-1 82
-1 82
-1 82
-1 82
-1 82
-1 82
-1 82
-1 82
-1 82
-1 82
-1 82
-1 82
-1 82
-1 82
-1 82
-1 82
-1 82
82 24
82 24
24 191
24 191
24 191
24 191
-1 191
-1 191
-1 191
-1 191
-1 191
-1 191
-1 191
-1 191
-1 191
-1 191
-1 191
-1 191
-1 191
-1 191
-1 191
-1 191
-1 191
-1 191
-1 191
-1 191
-1 191
-1 191
-1 191
-1 191
-1 191
-1 191
-1 191
-1 191
-1 191
-1 191
-1 191
-1 191
-1 191
-1 191
-1 191
-1 191
-1 191
-1 191
-1 191
-1 191
-1 191
-1 191
-1 191
-1 191
-1 191
-1 191
-1 191
-1 191
-1 191
-1 191
-1 191
-1 191
-1 191
-1 191
-1 191
-1 191
-1 191
-1 191
-1 191
-1 191
-1 191
-1 191
-1 191
-1 191
-1 191
-1 191
-1 191
-1 191
-1 191
-1 191
-1 191
-1 191
-1 191
-1 191
-1 191
-1 191
-1 191
-1 191
-1 191
-1 191
-1 191
-1 191
-1 191
-1 191
-1 191
-1 191
-1 191
-1 191
-1 191
-1 191
191 187
60 101
98 112
98 112
-1 112
-1 112
-1 112
-1 112
-1 112
-1 112
-1 112
-1 112
-1 112
-1 112
-1 112
-1 112
-1 112
-1 112
-1 112
-1 112
-1 112
-1 112
-1 112
-1 112
-1 112
-1 112
-1 112
-1 112
-1 112
-1 112
-1 112
-1 112
-1 112
-1 112
-1 112
-1 112
-1 112
-1 112
-1 112
-1 112
-1 112
-1 112
-1 112
-1 112
-1 112
-1 112
-1 112
-1 112
-1 112
-1 112
-1 112
-1 112
-1 112
-1 112
-1 112
-1 112
-1 112
-1 112
-1 112
-1 112
-1 112
-1 112
-1 112
-1 112
-1 112
-1 112
-1 112
-1 112
-1 112
-1 112
-1 112
-1 112
-1 112
-1 112
-1 112
-1 112
-1 112
-1 112
-1 112
112 65
-1 65
-1 65
-1 65
-1 65
-1 65
-1 65
-1 65
-1 65
-1 65
-1 65
-1 65
-1 65
-1 65
-1 65
-1 65
-1 65
-1 65
-1 65
-1 65
-1 65
-1 65
-1 65
-1 65
-1 65
-1 65
-1 65
-1 65
-1 65
-1 65
-1 65
-1 65
-1 65
-1 65
-1 65
-1 65
-1 65
-1 65
-1 65
-1 65
-1 65
-1 65
-1 65
-1 65
-1 65
73 166
-1 166
-1 166
-1 166
-1 166
-1 166
-1 166
-1 166
-1 166
-1 166
-1 166
-1 166
-1 166
-1 166
-1 166
-1 166
-1 166
-1 166
-1 166
-1 166
-1 166
-1 166
-1 166
-1 166
-1 166
-1 166
-1 166
-1 166
-1 166
-1 166
-1 166
-1 166
-1 166
-1 166
-1 166
-1 166
-1 166
-1 166
-1 166
-1 166
-1 166
-1 166
-1 166
-1 166
-1 166
-1 166
-1 166
-1 166
-1 166
-1 166
-1 166
-1 166
-1 166
-1 166
-1 166
-1 166
-1 166
-1 166
-1 166
-1 166
-1 166
-1 166
-1 166
-1 166
-1 166
-1 166
-1 166
-1 166
-1 166
-1 166
-1 166
-1 166
-1 166
-1 166
-1 166
-1 166
-1 166
-1 166
-1 166
-1 166
-1 166
-1 166
-1 166
-1 166
-1 166
-1 166
-1 166
142 50
193 180
193 180
193 180
-1 180
-1 180
-1 180
-1 180
-1 180
-1 180
-1 180
-1 180
-1 180
-1 180
-1 180
-1 180
-1 180
-1 180
-1 180
-1 180
-1 180
-1 180
-1 180
-1 180
-1 180
-1 180
-1 180
-1 180
-1 180
-1 180
-1 180
-1 180
-1 180
-1 180
-1 180
-1 180
-1 180
-1 180
-1 180
-1 180
-1 180
-1 180
-1 180
-1 180
-1 180
-1 180
-1 180
-1 180
-1 180
-1 180
-1 180
-1 180
-1 180
-1 180
-1 180
-1 180
-1 180
-1 180
-1 180
-1 180
-1 180
-1 180
-1 180
-1 180
-1 180
-1 180
-1 180
-1 180
-1 180
-1 180
-1 180
-1 180
-1 180
-1 180
-1 180
198 2
198 2
-1 2
-1 2
-1 2
-1 2
-1 2
-1 2
-1 2
-1 2
-1 2
-1 2
-1 2
-1 2
-1 2
-1 2
-1 2
-1 2
-1 2
-1 2
-1 2
-1 2
-1 2
-1 2
-1 2
-1 2
-1 2
-1 2
-1 2
-1 2
-1 2
-1 2
-1 2
-1 2
-1 2
-1 2
-1 2
-1 2
-1 2
-1 2
-1 2
-1 2
-1 2
-1 2
-1 2
-1 2
-1 2
-1 2
-1 2
-1 2
-1 2
-1 2
-1 2
-1 2
-1 2
-1 2
-1 2
-1 2
-1 2
-1 2
-1 2
-1 2
-1 2
-1 2
-1 2
-1 2
-1 2
-1 2
-1 2
-1 2
-1 2
88 90
147 90
105 50
105 50
105 50
105 50
-1 50
-1 50
-1 50
-1 50
-1 50
-1 50
-1 50
-1 50
-1 50
-1 50
-1 50
-1 50
-1 50
-1 50
-1 50
-1 50
-1 50
-1 50
-1 50
-1 50
-1 50
-1 50
-1 50
-1 50
-1 50
-1 50
-1 50
-1 50
-1 50
-1 50
-1 50
-1 50
-1 50
-1 50
-1 50
-1 50
-1 50
-1 50
-1 50
-1 50
-1 50
-1 50
-1 50
-1 50
-1 50
-1 50
-1 50
-1 50
-1 50
-1 50
-1 50
-1 50
-1 50
-1 50
-1 50
-1 50
-1 50
-1 50
-1 50
-1 50
-1 50
-1 50
-1 50
-1 50
-1 50
-1 50
-1 50
-1 50
-1 50
-1 50
-1 50
-1 50
-1 50
-1 50
-1 50
-1 50
-1 50
-1 50
-1 50
-1 50
-1 50
-1 50
7 90
-1 90
-1 90
-1 90
-1 90
-1 90
-1 90
-1 90
-1 90
-1 90
-1 90
-1 90
-1 90
-1 90
-1 90
-1 90
-1 90
-1 90
-1 90
-1 90
-1 90
-1 90
-1 90
-1 90
-1 90
-1 90
-1 90
-1 90
-1 90
-1 90
-1 90
-1 90
-1 90
-1 90
-1 90
-1 90
-1 90
-1 90
-1 90
-1 90
-1 90
-1 90
-1 90
-1 90
-1 90
-1 90
-1 90
-1 90
-1 90
-1 90
-1 90
-1 90
-1 90
-1 90
-1 90
-1 90
-1 90
-1 90
-1 90
-1 90
-1 90
-1 90
-1 90
-1 90
-1 90
-1 90
-1 90
-1 90
-1 90
-1 90
-1 90
-1 90
-1 90
-1 90
-1 90
-1 90
-1 90
-1 90
-1 90
-1 90
-1 90
-1 90
-1 90
-1 90
-1 90
-1 90
-1 90
-1 90
-1 90
-1 90
-1 90
-1 90
-1 90
-1 90
99 138
99 138
141 67
42 81
42 81
167 161
57 128
73 153
73 153
73 153
73 153
73 153
-1 153
-1 153
-1 153
-1 153
-1 153
-1 153
-1 153
-1 153
-1 153
-1 153
-1 153
-1 153
-1 153
-1 153
-1 153
-1 153
-1 153
-1 153
-1 153
-1 153
-1 153
-1 153
-1 153
-1 153
-1 153
-1 153
-1 153
-1 153
-1 153
-1 153
-1 153
-1 153
-1 153
-1 153
-1 153
-1 153
-1 153
-1 153
-1 153
-1 153
-1 153
-1 153
-1 153
-1 153
-1 153
-1 153
-1 153
-1 153
-1 153
-1 153
-1 153
-1 153
-1 153
-1 153
-1 153
-1 153
-1 153
-1 153
-1 153
-1 153
-1 153
-1 153
-1 153
-1 153
-1 153
-1 153
-1 153
-1 153
-1 153
-1 153
-1 153
-1 153
-1 153
-1 153
-1 153
-1 153
-1 153
-1 153
-1 153
-1 153
-1 153
-1 153
-1 153
-1 153
-1 153
-1 153
-1 153
-1 153
-1 153
-1 153
-1 153
-1 153
-1 153
-1 153
-1 153
130 17
130 17
130 17
130 17
153 81
95 101
95 101
95 101
-1 101
-1 101
-1 101
-1 101
-1 101
-1 101
-1 101
-1 101
-1 101
-1 101
-1 101
-1 101
-1 101
-1 101
-1 101
-1 101
-1 101
-1 101
-1 101
-1 101
-1 101
-1 101
-1 101
-1 101
-1 101
-1 101
-1 101
-1 101
-1 101
-1 101
-1 101
-1 101
-1 101
-1 101
-1 101
-1 101
-1 101
-1 101
-1 101
-1 101
-1 101
-1 101
-1 101
-1 101
-1 101
-1 101
-1 101
-1 101
-1 101
-1 101
-1 101
-1 101
-1 101
-1 101
-1 101
-1 101
-1 101
-1 101
-1 101
-1 101
-1 101
-1 101
-1 101
-1 101
-1 101
-1 101
-1 101
-1 101
-1 101
-1 101
-1 101
-1 101
-1 101
-1 101
-1 101
-1 101
-1 101
101 10
101 10
52 116
52 116
52 116
52 116
52 116
52 116
-1 116
-1 116
-1 116
-1 116
-1 116
-1 116
-1 116
-1 116
-1 116
-1 116
-1 116
-1 116
-1 116
-1 116
-1 116
-1 116
-1 116
-1 116
-1 116
-1 116
-1 116
-1 116
-1 116
-1 116
-1 116
-1 116
-1 116
-1 116
-1 116
-1 116
-1 116
-1 116
-1 116
-1 116
-1 116
-1 116
-1 116
-1 116
-1 116
-1 116
-1 116
-1 116
-1 116
-1 116
-1 116
-1 116
-1 116
-1 116
-1 116
-1 116
-1 116
-1 116
-1 116
-1 116
-1 116
-1 116
-1 116
-1 116
-1 116
-1 116
-1 116
-1 116
-1 116
-1 116
-1 116
-1 116
-1 116
-1 116
-1 116
-1 116
-1 116
-1 116
-1 116
-1 116
-1 116
-1 116
-1 116
-1 116
-1 116
-1 116
116 17
116 17
116 17
116 17
116 17
116 17
5 107
-1 107
-1 107
-1 107
-1 107
-1 107
-1 107
-1 107
-1 107
-1 107
-1 107
-1 107
-1 107
-1 107
-1 107
-1 107
-1 107
-1 107
-1 107
-1 107
-1 107
-1 107
-1 107
-1 107
-1 107
-1 107
-1 107
-1 107
-1 107
-1 107
-1 107
-1 107
-1 107
-1 107
-1 107
-1 107
-1 107
-1 107
-1 107
-1 107
-1 107
-1 107
-1 107
-1 107
-1 107
-1 107
-1 107
-1 107
-1 107
-1 107
-1 107
-1 107
-1 107
-1 107
-1 107
-1 107
-1 107
-1 107
-1 107
-1 107
-1 107
-1 107
-1 107
-1 107
-1 107
-1 107
-1 107
-1 107
-1 107
-1 107
-1 107
-1 107
-1 107
-1 107
-1 107
-1 107
-1 107
-1 107
-1 107
-1 107
-1 107
-1 107
-1 107
-1 107
-1 107
-1 107
-1 107
-1 107
-1 107
-1 107
-1 107
-1 107
-1 107
-1 107
-1 107
-1 107
129 140
129 140
129 140
-1 140
-1 140
-1 140
-1 140
-1 140
-1 140
-1 140
-1 140
-1 140
-1 140
-1 140
-1 140
-1 140
-1 140
-1 140
-1 140
-1 140
-1 140
-1 140
-1 140
-1 140
-1 140
-1 140
-1 140
-1 140
-1 140
-1 140
-1 140
-1 140
-1 140
-1 140
-1 140
-1 140
-1 140
-1 140
-1 140
-1 140
-1 140
-1 140
-1 140
-1 140
-1 140
-1 140
-1 140
-1 140
-1 140
-1 140
-1 140
-1 140
-1 140
-1 140
-1 140
-1 140
-1 140
-1 140
-1 140
-1 140
-1 140
-1 140
-1 140
-1 140
-1 140
-1 140
-1 140
-1 140
-1 140
-1 140
-1 140
-1 140
-1 140
-1 140
-1 140
-1 140
-1 140
-1 140
-1 140
-1 140
-1 140
-1 140
-1 140
-1 140
-1 140
-1 140
-1 140
-1 140
-1 140
-1 140
-1 140
-1 140
-1 140
-1 140
-1 140
-1 140
-1 140
-1 140
-1 140
-1 140
-1 140
140 113
59 17
-1 17
-1 17
-1 17
-1 17
-1 17
-1 17
-1 17
-1 17
-1 17
-1 17
-1 17
-1 17
-1 17
-1 17
-1 17
-1 17
-1 17
-1 17
-1 17
-1 17
-1 17
-1 17
-1 17
-1 17
-1 17
-1 17
-1 17
-1 17
-1 17
-1 17
-1 17
-1 17
-1 17
-1 17
-1 17
-1 17
-1 17
-1 17
-1 17
-1 17
-1 17
-1 17
-1 17
-1 17
-1 17
-1 17
-1 17
-1 17
-1 17
-1 17
-1 17
-1 17
-1 17
-1 17
-1 17
-1 17
-1 17
-1 17
-1 17
-1 17
-1 17
-1 17
-1 17
-1 17
-1 17
-1 17
-1 17
-1 17
-1 17
-1 17
-1 17
-1 17
-1 17
-1 17
-1 17
-1 17
-1 17
-1 17
-1 17
198 161
198 161
131 67
148 128
148 128
148 128
148 128
148 128
8 10
-1 10
-1 10
-1 10
-1 10
-1 10
-1 10
-1 10
-1 10
-1 10
-1 10
-1 10
-1 10
-1 10
-1 10
-1 10
-1 10
-1 10
-1 10
-1 10
-1 10
-1 10
-1 10
-1 10
-1 10
-1 10
-1 10
-1 10
-1 10
-1 10
-1 10
-1 10
-1 10
-1 10
-1 10
-1 10
-1 10
-1 10
-1 10
-1 10
-1 10
-1 10
-1 10
-1 10
-1 10
-1 10
-1 10
-1 10
-1 10
-1 10
-1 10
-1 10
-1 10
-1 10
-1 10
-1 10
-1 10
-1 10
-1 10
-1 10
-1 10
-1 10
-1 10
-1 10
-1 10
-1 10
-1 10
-1 10
-1 10
-1 10
-1 10
-1 10
-1 10
-1 10
-1 10
-1 10
-1 10
-1 10
-1 10
-1 10
-1 10
-1 10
-1 10
-1 10
-1 10
-1 10
-1 10
-1 10
-1 10
-1 10
-1 10
-1 10
10 187
10 187
10 187
-1 187
-1 187
-1 187
-1 187
-1 187
-1 187
-1 187
-1 187
-1 187
-1 187
-1 187
-1 187
-1 187
-1 187
-1 187
-1 187
-1 187
-1 187
-1 187
-1 187
-1 187
-1 187
-1 187
-1 187
-1 187
-1 187
-1 187
-1 187
-1 187
-1 187
-1 187
-1 187
-1 187
-1 187
-1 187
-1 187
-1 187
-1 187
-1 187
-1 187
-1 187
-1 187
-1 187
-1 187
-1 187
-1 187
-1 187
-1 187
-1 187
-1 187
-1 187
-1 187
-1 187
-1 187
-1 187
-1 187
-1 187
-1 187
-1 187
-1 187
-1 187
-1 187
-1 187
-1 187
-1 187
-1 187
-1 187
-1 187
-1 187
-1 187
-1 187
-1 187
-1 187
-1 187
152 113
-1 113
-1 113
-1 113
-1 113
-1 113
-1 113
-1 113
-1 113
-1 113
-1 113
-1 113
-1 113
-1 113
-1 113
-1 113
-1 113
-1 113
-1 113
-1 113
-1 113
-1 113
-1 113
-1 113
-1 113
-1 113
-1 113
-1 113
-1 113
-1 113
-1 113
-1 113
-1 113
-1 113
-1 113
-1 113
-1 113
-1 113
-1 113
-1 113
-1 113
-1 113
-1 113
-1 113
-1 113
-1 113
-1 113
-1 113
-1 113
-1 113
-1 113
-1 113
-1 113
-1 113
-1 113
-1 113
-1 113
-1 113
-1 113
-1 113
-1 113
-1 113
-1 113
-1 113
-1 113
-1 113
-1 113
-1 113
-1 113
-1 113
-1 113
-1 113
-1 113
-1 113
-1 113
-1 113
-1 113
-1 113
-1 113
-1 113
-1 113
-1 113
-1 113
-1 113
-1 113
-1 113
113 176
-1 176
-1 176
-1 176
-1 176
-1 176
-1 176
-1 176
-1 176
-1 176
-1 176
-1 176
-1 176
-1 176
-1 176
-1 176
-1 176
-1 176
-1 176
-1 176
-1 176
-1 176
-1 176
-1 176
-1 176
-1 176
-1 176
-1 176
-1 176
-1 176
-1 176
-1 176
-1 176
-1 176
-1 176
-1 176
-1 176
-1 176
-1 176
-1 176
-1 176
-1 176
-1 176
-1 176
-1 176
-1 176
-1 176
-1 176
-1 176
-1 176
-1 176
-1 176
-1 176
-1 176
-1 176
-1 176
-1 176
-1 176
-1 176
-1 176
-1 176
-1 176
-1 176
-1 176
-1 176
-1 176
-1 176
-1 176
-1 176
-1 176
113 161
113 161
113 161
113 161
-1 161
-1 161
-1 161
-1 161
-1 161
-1 161
-1 161
-1 161
-1 161
-1 161
-1 161
-1 161
-1 161
-1 161
-1 161
-1 161
-1 161
-1 161
-1 161
-1 161
-1 161
-1 161
-1 161
-1 161
-1 161
-1 161
-1 161
-1 161
-1 161
-1 161
-1 161
-1 161
-1 161
-1 161
-1 161
-1 161
-1 161
-1 161
-1 161
-1 161
-1 161
-1 161
-1 161
-1 161
-1 161
-1 161
-1 161
-1 161
-1 161
-1 161
-1 161
-1 161
-1 161
-1 161
-1 161
-1 161
-1 161
-1 161
-1 161
-1 161
-1 161
-1 161
-1 161
-1 161
-1 161
-1 161
-1 161
-1 161
-1 161
-1 161
-1 161
-1 161
-1 161
-1 161
-1 161
-1 161
-1 161
-1 161
-1 161
-1 161
-1 161
-1 161
-1 161
36 138
36 138
36 138
36 138
36 138
108 87
58 87
58 87
58 87
-1 87
-1 87
-1 87
-1 87
-1 87
-1 87
-1 87
-1 87
-1 87
-1 87
-1 87
-1 87
-1 87
-1 87
-1 87
-1 87
-1 87
-1 87
-1 87
-1 87
-1 87
-1 87
-1 87
-1 87
-1 87
-1 87
-1 87
-1 87
-1 87
-1 87
-1 87
-1 87
-1 87
-1 87
-1 87
-1 87
-1 87
-1 87
-1 87
-1 87
-1 87
-1 87
-1 87
-1 87
-1 87
-1 87
-1 87
-1 87
-1 87
-1 87
-1 87
-1 87
-1 87
-1 87
-1 87
-1 87
-1 87
-1 87
-1 87
-1 87
-1 87
-1 87
-1 87
-1 87
-1 87
-1 87
-1 87
-1 87
-1 87
-1 87
-1 87
-1 87
-1 87
-1 87
-1 87
-1 87
-1 87
-1 87
-1 87
-1 87
-1 87
-1 87
-1 87
-1 87
-1 87
-1 87
-1 87
145 159
185 159
185 159
68 81
68 81
68 81
120 67
166 128
166 128
98 159
98 159
98 159
74 67
32 81
69 128
69 128
69 128
69 128
182 128
182 128
182 128
182 128
182 128
90 138
90 138
90 138
90 138
90 138
90 138
34 159
47 81
47 81
47 81
47 81
47 81
47 81
13 138
13 138
-1 138
-1 138
-1 138
-1 138
-1 138
-1 138
-1 138
-1 138
-1 138
-1 138
-1 138
-1 138
-1 138
-1 138
-1 138
-1 138
-1 138
-1 138
-1 138
-1 138
-1 138
-1 138
-1 138
-1 138
-1 138
-1 138
-1 138
-1 138
-1 138
-1 138
-1 138
-1 138
-1 138
-1 138
-1 138
-1 138
-1 138
-1 138
-1 138
-1 138
-1 138
-1 138
-1 138
-1 138
-1 138
-1 138
-1 138
-1 138
-1 138
-1 138
-1 138
-1 138
-1 138
-1 138
-1 138
-1 138
-1 138
-1 138
-1 138
-1 138
-1 138
-1 138
-1 138
-1 138
-1 138
-1 138
-1 138
-1 138
-1 138
-1 138
-1 138
-1 138
-1 138
-1 138
-1 138
-1 138
-1 138
-1 138
-1 138
-1 138
-1 138
-1 138
-1 138
-1 138
-1 138
-1 138
-1 138
-1 138
-1 138
-1 138
-1 138
-1 138
-1 138
-1 138
-1 138
-1 138
-1 138
-1 138
138 81
177 159
15 67
194 128
194 128
194 128
194 128
194 128
39 159
39 159
-1 159
-1 159
-1 159
-1 159
-1 159
-1 159
-1 159
-1 159
-1 159
-1 159
-1 159
-1 159
-1 159
-1 159
-1 159
-1 159
-1 159
-1 159
-1 159
-1 159
-1 159
-1 159
-1 159
-1 159
-1 159
-1 159
-1 159
-1 159
-1 159
-1 159
-1 159
-1 159
-1 159
-1 159
-1 159
-1 159
-1 159
-1 159
-1 159
-1 159
-1 159
-1 159
-1 159
-1 159
-1 159
-1 159
-1 159
-1 159
-1 159
-1 159
-1 159
-1 159
-1 159
-1 159
-1 159
-1 159
-1 159
-1 159
-1 159
-1 159
-1 159
-1 159
-1 159
-1 159
-1 159
-1 159
-1 159
-1 159
-1 159
-1 159
-1 159
-1 159
-1 159
-1 159
-1 159
-1 159
-1 159
-1 159
-1 159
-1 159
-1 159
-1 159
-1 159
-1 159
-1 159
-1 159
-1 159
-1 159
-1 159
-1 159
-1 159
-1 159
-1 159
-1 159
-1 159
-1 159
-1 159
-1 159
82 128
82 128
87 128
87 128
87 128
161 128
13 67
13 67
23 67
23 67
23 67
23 67
10 67
53 67
53 67
-1 67
-1 67
-1 67
-1 67
-1 67
-1 67
-1 67
-1 67
-1 67
-1 67
-1 67
-1 67
-1 67
-1 67
-1 67
-1 67
-1 67
-1 67
-1 67
-1 67
-1 67
-1 67
-1 67
-1 67
-1 67
-1 67
-1 67
-1 67
-1 67
-1 67
-1 67
-1 67
-1 67
-1 67
-1 67
-1 67
-1 67
-1 67
-1 67
-1 67
-1 67
-1 67
-1 67
-1 67
-1 67
-1 67
-1 67
-1 67
-1 67
-1 67
-1 67
-1 67
-1 67
-1 67
-1 67
-1 67
-1 67
-1 67
-1 67
-1 67
-1 67
-1 67
-1 67
-1 67
-1 67
-1 67
-1 67
-1 67
-1 67
-1 67
-1 67
-1 67
-1 67
-1 67
-1 67
-1 67
-1 67
-1 67
-1 67
-1 67
-1 67
-1 67
-1 67
-1 67
-1 67
-1 67
-1 67
-1 67
-1 67
-1 67
-1 67
-1 67
-1 67
-1 67
-1 67
-1 67
5 128
14 128
-1 128
-1 128
-1 128
-1 128
-1 128
-1 128
-1 128
-1 128
-1 128
-1 128
-1 128
-1 128
-1 128
-1 128
-1 128
-1 128
-1 128
-1 128
-1 128
-1 128
-1 128
-1 128
-1 128
-1 128
-1 128
-1 128
-1 128
-1 128
-1 128
-1 128
-1 128
-1 128
-1 128
-1 128
-1 128
-1 128
-1 128
-1 128
-1 128
-1 128
-1 128
-1 128
-1 128
-1 128
-1 128
-1 128
-1 128
-1 128
-1 128
-1 128
-1 128
-1 128
-1 128
-1 128
-1 128
-1 128
-1 128
-1 128
-1 128
-1 128
-1 128
-1 128
-1 128
-1 128
-1 128
-1 128
-1 128
-1 128
-1 128
-1 128
-1 128
-1 128
-1 128
-1 128
-1 128
-1 128
-1 128
-1 128
-1 128
-1 128
-1 128
-1 128
-1 128
-1 128
-1 128
-1 128
-1 128
-1 128
-1 128
-1 128
-1 128
-1 128
-1 128
-1 128
-1 128
