-1 0
-1 0
-1 0
-1 0
-1 0
-1 0
-1 0
-1 0
-1 0
-1 0
-1 0
-1 0
-1 0
-1 0
-1 0
-1 0
-1 0
-1 0
-1 0
-1 0
-1 0
-1 0
-1 0
-1 0
-1 0
-1 0
-1 0
-1 0
-1 0
-1 0
-1 0
-1 0
-1 0
-1 0
-1 0
-1 0
-1 0
-1 0
-1 0
-1 0
-1 0
-1 0
-1 0
-1 0
-1 0
-1 0
-1 0
-1 0
-1 0
-1 0
-1 0
-1 0
-1 0
-1 0
-1 0
-1 0
-1 0
-1 0
-1 0
-1 0
-1 0
-1 0
-1 0
-1 0
-1 0
-1 0
-1 0
-1 0
-1 0
-1 0
-1 0
-1 0
-1 0
-1 0
-1 0
-1 0
-1 0
-1 0
-1 0
-1 0
-1 0
-1 0
-1 0
-1 0
-1 0
-1 0
-1 0
-1 0
-1 0
-1 0
-1 0
-1 0
-1 0
-1 0
-1 0
-1 0
-1 0
-1 0
-1 0
-1 0
-1 0
-1 0
-1 0
-1 0
-1 0
-1 0
-1 0
-1 0
-1 0
-1 0
-1 0
-1 0
-1 0
-1 0
-1 0
-1 0
-1 0
-1 0
-1 0
-1 0
-1 0
-1 0
-1 0
-1 0
-1 0
-1 0
-1 0
-1 0
-1 0
-1 0
-1 0
-1 0
-1 0
-1 0
-1 0
-1 0
-1 0
-1 0
-1 0
-1 0
-1 0
-1 0
-1 0
-1 0
-1 0
-1 0
-1 0
-1 0
-1 0
-1 0
-1 0
-1 0
-1 0
-1 0
-1 0
-1 0
-1 0
-1 0
-1 0
-1 0
-1 0
-1 0
-1 0
-1 0
-1 0
-1 0
-1 0
-1 0
-1 0
-1 0
-1 0
-1 0
-1 0
-1 0
-1 0
-1 0
-1 0
-1 0
-1 0
-1 0
-1 0
-1 0
-1 0
-1 0
-1 0
-1 0
-1 0
-1 0
-1 0
-1 0
-1 0
-1 0
-1 0
-1 0
-1 0
-1 0
-1 0
-1 0
-1 0
-1 0
-1 0
-1 0
-1 0
-1 0
-1 0
-1 0
-1 0
-1 0
-1 0
-1 0
-1 0
-1 0
-1 0
-1 0
-1 0
-1 0
-1 0
-1 0
-1 0
-1 0
-1 0
-1 0
-1 0
-1 0
-1 0
-1 0
-1 0
-1 0
-1 0
-1 0
-1 0
-1 0
-1 0
-1 0
-1 0
0 29
29 136
-1 136
-1 136
-1 136
-1 136
-1 136
-1 136
-1 136
-1 136
-1 136
-1 136
-1 136
-1 136
-1 136
-1 136
-1 136
-1 136
-1 136
-1 136
-1 136
-1 136
-1 136
-1 136
-1 136
-1 136
-1 136
-1 136
-1 136
-1 136
-1 136
-1 136
-1 136
-1 136
-1 136
-1 136
-1 136
-1 136
-1 136
-1 136
-1 136
-1 136
-1 136
-1 136
-1 136
-1 136
-1 136
-1 136
-1 136
-1 136
-1 136
-1 136
29 85
136 32
32 117
0 148
148 64
136 142
-1 142
-1 142
-1 142
-1 142
-1 142
-1 142
-1 142
-1 142
-1 142
-1 142
-1 142
-1 142
-1 142
-1 142
-1 142
-1 142
-1 142
-1 142
-1 142
-1 142
-1 142
-1 142
-1 142
-1 142
-1 142
-1 142
-1 142
-1 142
-1 142
-1 142
-1 142
-1 142
-1 142
-1 142
-1 142
-1 142
-1 142
-1 142
-1 142
-1 142
-1 142
-1 142
-1 142
-1 142
-1 142
-1 142
-1 142
-1 142
-1 142
-1 142
-1 142
-1 142
-1 142
-1 142
-1 142
-1 142
-1 142
-1 142
-1 142
-1 142
-1 142
-1 142
-1 142
-1 142
-1 142
-1 142
-1 142
-1 142
-1 142
-1 142
-1 142
-1 142
-1 142
-1 142
-1 142
-1 142
-1 142
-1 142
-1 142
-1 142
-1 142
-1 142
-1 142
142 1
142 1
142 1
-1 1
-1 1
-1 1
-1 1
-1 1
-1 1
-1 1
-1 1
-1 1
-1 1
-1 1
-1 1
-1 1
-1 1
-1 1
-1 1
-1 1
-1 1
-1 1
-1 1
-1 1
-1 1
-1 1
-1 1
-1 1
-1 1
-1 1
-1 1
-1 1
-1 1
-1 1
1 161
1 161
142 59
142 59
142 59
136 101
136 101
117 66
117 66
117 66
117 66
117 66
-1 66
-1 66
-1 66
-1 66
-1 66
-1 66
-1 66
-1 66
-1 66
-1 66
-1 66
-1 66
-1 66
-1 66
-1 66
-1 66
-1 66
-1 66
-1 66
-1 66
-1 66
-1 66
-1 66
-1 66
-1 66
-1 66
-1 66
-1 66
-1 66
-1 66
-1 66
-1 66
-1 66
-1 66
-1 66
-1 66
-1 66
-1 66
-1 66
-1 66
-1 66
-1 66
-1 66
-1 66
-1 66
-1 66
-1 66
-1 66
-1 66
-1 66
-1 66
-1 66
-1 66
-1 66
-1 66
-1 66
-1 66
-1 66
-1 66
-1 66
-1 66
-1 66
-1 66
-1 66
-1 66
-1 66
-1 66
-1 66
-1 66
-1 66
-1 66
-1 66
-1 66
-1 66
-1 66
-1 66
-1 66
-1 66
-1 66
-1 66
-1 66
-1 66
-1 66
-1 66
-1 66
-1 66
-1 66
-1 66
-1 66
-1 66
-1 66
-1 66
-1 66
-1 66
66 103
-1 103
-1 103
-1 103
-1 103
-1 103
-1 103
-1 103
-1 103
-1 103
-1 103
-1 103
-1 103
-1 103
-1 103
-1 103
-1 103
-1 103
-1 103
-1 103
-1 103
-1 103
-1 103
-1 103
-1 103
-1 103
-1 103
-1 103
-1 103
-1 103
103 165
103 165
-1 165
-1 165
-1 165
-1 165
-1 165
-1 165
-1 165
-1 165
-1 165
-1 165
-1 165
-1 165
-1 165
-1 165
-1 165
-1 165
-1 165
-1 165
-1 165
-1 165
-1 165
-1 165
-1 165
-1 165
-1 165
-1 165
-1 165
-1 165
-1 165
-1 165
-1 165
-1 165
-1 165
-1 165
-1 165
-1 165
-1 165
-1 165
-1 165
-1 165
-1 165
-1 165
-1 165
-1 165
-1 165
-1 165
-1 165
-1 165
-1 165
-1 165
-1 165
-1 165
-1 165
-1 165
-1 165
-1 165
-1 165
-1 165
-1 165
-1 165
-1 165
-1 165
-1 165
-1 165
-1 165
-1 165
-1 165
-1 165
-1 165
-1 165
-1 165
-1 165
-1 165
-1 165
-1 165
-1 165
-1 165
-1 165
-1 165
-1 165
-1 165
-1 165
-1 165
-1 165
-1 165
165 16
165 16
16 12
16 18
165 127
165 127
165 127
-1 127
-1 127
-1 127
-1 127
-1 127
-1 127
-1 127
-1 127
-1 127
-1 127
-1 127
-1 127
-1 127
-1 127
127 126
127 34
127 126
34 84
34 84
34 84
-1 84
-1 84
-1 84
-1 84
-1 84
-1 84
-1 84
-1 84
-1 84
-1 84
-1 84
-1 84
-1 84
-1 84
-1 84
-1 84
-1 84
-1 84
-1 84
-1 84
-1 84
-1 84
-1 84
-1 84
-1 84
-1 84
-1 84
-1 84
-1 84
-1 84
-1 84
-1 84
-1 84
-1 84
-1 84
-1 84
-1 84
-1 84
-1 84
-1 84
-1 84
-1 84
-1 84
-1 84
-1 84
-1 84
-1 84
-1 84
-1 84
-1 84
-1 84
-1 84
-1 84
-1 84
-1 84
-1 84
127 193
127 193
126 55
126 55
84 197
84 197
-1 197
-1 197
-1 197
-1 197
-1 197
-1 197
-1 197
-1 197
-1 197
-1 197
-1 197
-1 197
-1 197
-1 197
-1 197
-1 197
-1 197
-1 197
-1 197
-1 197
-1 197
-1 197
-1 197
-1 197
-1 197
-1 197
-1 197
-1 197
-1 197
-1 197
-1 197
-1 197
-1 197
-1 197
-1 197
-1 197
-1 197
-1 197
-1 197
-1 197
-1 197
-1 197
-1 197
-1 197
-1 197
-1 197
-1 197
-1 197
-1 197
-1 197
-1 197
-1 197
-1 197
-1 197
-1 197
-1 197
-1 197
-1 197
-1 197
-1 197
-1 197
-1 197
-1 197
-1 197
-1 197
-1 197
-1 197
-1 197
-1 197
-1 197
-1 197
-1 197
-1 197
-1 197
-1 197
-1 197
-1 197
-1 197
-1 197
197 31
197 31
197 31
197 31
-1 31
-1 31
-1 31
-1 31
-1 31
-1 31
-1 31
-1 31
-1 31
-1 31
-1 31
-1 31
-1 31
-1 31
-1 31
-1 31
-1 31
-1 31
-1 31
-1 31
103 45
165 193
-1 193
-1 193
-1 193
-1 193
-1 193
-1 193
-1 193
-1 193
-1 193
-1 193
-1 193
-1 193
-1 193
-1 193
-1 193
-1 193
-1 193
-1 193
-1 193
-1 193
-1 193
-1 193
-1 193
-1 193
-1 193
-1 193
-1 193
-1 193
-1 193
-1 193
-1 193
-1 193
-1 193
-1 193
-1 193
-1 193
-1 193
-1 193
-1 193
-1 193
-1 193
-1 193
-1 193
-1 193
-1 193
-1 193
-1 193
-1 193
-1 193
-1 193
-1 193
-1 193
-1 193
-1 193
-1 193
-1 193
-1 193
-1 193
-1 193
-1 193
-1 193
193 118
-1 118
118 146
-1 146
-1 146
-1 146
-1 146
-1 146
-1 146
-1 146
-1 146
-1 146
-1 146
-1 146
-1 146
-1 146
-1 146
-1 146
-1 146
-1 146
-1 146
-1 146
-1 146
-1 146
-1 146
-1 146
-1 146
-1 146
-1 146
-1 146
-1 146
-1 146
-1 146
-1 146
-1 146
-1 146
-1 146
-1 146
-1 146
-1 146
-1 146
-1 146
-1 146
-1 146
-1 146
-1 146
-1 146
-1 146
-1 146
-1 146
-1 146
-1 146
-1 146
-1 146
-1 146
-1 146
-1 146
-1 146
-1 146
-1 146
-1 146
-1 146
193 110
118 39
118 39
118 39
31 43
31 43
31 43
31 43
0 185
0 185
-1 185
-1 185
-1 185
-1 185
-1 185
-1 185
-1 185
-1 185
-1 185
-1 185
-1 185
-1 185
-1 185
-1 185
-1 185
-1 185
-1 185
-1 185
-1 185
-1 185
-1 185
-1 185
-1 185
-1 185
-1 185
-1 185
-1 185
-1 185
-1 185
-1 185
-1 185
-1 185
-1 185
-1 185
-1 185
-1 185
-1 185
-1 185
-1 185
-1 185
-1 185
-1 185
-1 185
-1 185
-1 185
-1 185
-1 185
-1 185
-1 185
-1 185
-1 185
-1 185
-1 185
-1 185
-1 185
-1 185
-1 185
-1 185
-1 185
-1 185
-1 185
-1 185
-1 185
-1 185
-1 185
-1 185
-1 185
-1 185
-1 185
-1 185
-1 185
-1 185
-1 185
-1 185
-1 185
-1 185
-1 185
-1 185
-1 185
-1 185
-1 185
-1 185
-1 185
-1 185
-1 185
-1 185
-1 185
-1 185
185 7
146 67
146 67
34 30
34 30
34 30
-1 2
-1 2
-1 2
-1 2
-1 2
-1 2
-1 2
-1 2
-1 2
-1 2
-1 2
-1 2
-1 2
-1 2
-1 2
-1 2
-1 2
-1 2
-1 2
-1 2
-1 2
-1 2
-1 2
-1 2
-1 2
-1 2
-1 2
-1 2
-1 2
-1 2
-1 2
-1 2
-1 2
-1 2
-1 2
-1 2
-1 2
-1 2
-1 2
-1 2
-1 2
-1 2
-1 2
-1 2
-1 2
-1 2
-1 2
-1 2
-1 2
-1 2
-1 2
-1 2
-1 2
-1 2
-1 2
-1 2
-1 2
-1 2
-1 2
-1 2
-1 2
-1 2
-1 2
-1 2
-1 2
-1 2
-1 2
-1 2
-1 2
-1 2
-1 2
-1 2
-1 2
-1 2
-1 2
-1 2
-1 2
-1 2
-1 2
-1 2
-1 2
-1 2
-1 2
-1 2
-1 2
-1 2
-1 2
-1 2
-1 2
-1 2
-1 2
-1 2
-1 2
-1 2
-1 2
-1 2
-1 2
-1 2
-1 2
-1 2
-1 2
-1 2
-1 2
-1 2
-1 2
-1 2
-1 2
-1 2
-1 2
-1 2
-1 2
-1 2
-1 2
-1 2
-1 2
-1 2
-1 2
-1 2
-1 2
-1 2
-1 2
-1 2
-1 2
-1 2
-1 2
-1 2
-1 2
-1 2
-1 2
-1 2
-1 2
-1 2
-1 2
-1 2
-1 2
-1 2
-1 2
-1 2
-1 2
-1 2
-1 2
-1 2
-1 2
-1 2
-1 2
-1 2
-1 2
-1 2
-1 2
-1 2
-1 2
-1 2
-1 2
-1 2
-1 2
-1 2
-1 2
-1 2
-1 2
-1 2
-1 2
-1 2
-1 2
-1 2
-1 2
-1 2
-1 2
-1 2
-1 2
-1 2
-1 2
-1 2
-1 2
-1 2
-1 2
-1 2
-1 2
-1 2
-1 2
-1 2
-1 2
-1 2
-1 2
-1 2
-1 2
-1 2
-1 2
-1 2
-1 2
-1 2
-1 2
-1 2
-1 2
-1 2
-1 2
-1 2
-1 2
-1 2
-1 2
-1 2
-1 2
-1 2
-1 2
-1 2
-1 2
-1 2
-1 2
-1 2
-1 2
-1 2
-1 2
-1 2
-1 2
-1 2
-1 2
-1 2
-1 2
-1 2
-1 2
-1 2
-1 2
-1 2
-1 2
-1 2
-1 2
-1 2
-1 2
-1 2
-1 2
-1 2
-1 2
-1 2
-1 2
-1 2
-1 2
-1 2
-1 2
-1 2
-1 2
-1 2
-1 2
-1 2
-1 2
-1 2
-1 2
-1 2
-1 2
-1 2
-1 2
-1 2
-1 2
-1 2
-1 2
-1 2
-1 2
-1 2
-1 2
-1 2
-1 2
-1 2
-1 2
-1 2
-1 2
-1 2
-1 2
-1 2
-1 2
-1 2
-1 2
-1 2
-1 2
-1 2
-1 2
-1 2
-1 2
-1 2
-1 2
-1 2
-1 2
-1 2
-1 2
-1 2
-1 2
-1 2
-1 2
-1 2
-1 2
-1 2
-1 2
-1 2
-1 2
-1 2
-1 2
-1 2
-1 2
-1 2
-1 2
-1 2
-1 2
-1 2
-1 2
-1 2
-1 2
-1 2
-1 2
-1 2
-1 2
-1 2
-1 2
-1 2
-1 2
-1 2
-1 2
-1 2
-1 2
-1 2
-1 2
-1 2
-1 2
-1 2
-1 2
-1 2
-1 2
-1 2
-1 2
-1 2
-1 2
-1 2
-1 2
-1 2
-1 2
-1 2
-1 2
-1 2
-1 2
-1 2
-1 2
-1 2
-1 2
-1 2
-1 2
-1 2
-1 2
-1 2
-1 2
-1 2
-1 2
-1 2
-1 2
-1 2
-1 2
-1 2
-1 2
-1 2
-1 2
2 108
2 108
-1 3
-1 3
-1 3
-1 3
-1 3
-1 3
-1 3
-1 3
-1 3
-1 3
-1 3
-1 3
-1 3
-1 3
-1 3
-1 3
-1 3
-1 3
-1 3
-1 3
-1 3
-1 3
-1 3
-1 3
-1 3
-1 3
-1 3
-1 3
-1 3
-1 3
-1 3
-1 3
-1 3
-1 3
-1 3
-1 3
-1 3
-1 3
-1 3
-1 3
-1 3
-1 3
-1 3
-1 3
-1 3
-1 3
-1 3
-1 3
-1 3
-1 3
-1 3
-1 3
-1 3
-1 3
-1 3
-1 3
-1 3
-1 3
-1 3
-1 3
-1 3
-1 3
-1 3
-1 3
-1 3
-1 3
-1 3
-1 3
-1 3
-1 3
-1 3
-1 3
-1 3
-1 3
-1 3
-1 3
-1 3
-1 3
-1 3
-1 3
-1 3
-1 3
-1 3
-1 3
-1 3
-1 3
-1 3
-1 3
-1 3
-1 3
-1 3
-1 3
-1 3
-1 3
-1 3
-1 3
-1 3
-1 3
-1 3
-1 3
-1 3
-1 3
-1 3
-1 3
-1 3
-1 3
-1 3
-1 3
-1 3
-1 3
-1 3
-1 3
-1 3
-1 3
-1 3
-1 3
-1 3
-1 3
-1 3
-1 3
-1 3
-1 3
-1 3
-1 3
-1 3
-1 3
-1 3
-1 3
-1 3
-1 3
-1 3
-1 3
-1 3
-1 3
-1 3
-1 3
-1 3
-1 3
-1 3
-1 3
-1 3
-1 3
-1 3
-1 3
-1 3
-1 3
-1 3
-1 3
-1 3
-1 3
-1 3
-1 3
-1 3
-1 3
-1 3
-1 3
-1 3
-1 3
-1 3
-1 3
-1 3
-1 3
-1 3
-1 3
-1 3
-1 3
-1 3
-1 3
-1 3
-1 3
-1 3
-1 3
-1 3
-1 3
-1 3
-1 3
-1 3
-1 3
-1 3
-1 3
-1 3
-1 3
-1 3
-1 3
-1 3
-1 3
-1 3
-1 3
-1 3
-1 3
-1 3
-1 3
-1 3
-1 3
-1 3
-1 3
-1 3
-1 3
-1 3
-1 3
-1 3
-1 3
-1 3
-1 3
-1 3
-1 3
-1 3
-1 3
-1 3
-1 3
-1 3
-1 3
-1 3
-1 3
-1 3
-1 3
-1 3
-1 3
-1 3
-1 3
-1 3
-1 3
-1 3
-1 3
-1 3
-1 3
-1 3
-1 3
-1 3
-1 3
-1 3
-1 3
-1 3
-1 3
-1 3
-1 3
-1 3
-1 3
-1 3
-1 3
-1 3
-1 3
-1 3
-1 3
-1 3
-1 3
-1 3
-1 3
-1 3
-1 3
-1 3
-1 3
-1 3
-1 3
-1 3
-1 3
-1 3
-1 3
-1 3
-1 3
-1 3
-1 3
-1 3
-1 3
-1 3
-1 3
-1 3
-1 3
-1 3
-1 3
-1 3
-1 3
-1 3
-1 3
-1 3
-1 3
-1 3
-1 3
-1 3
-1 3
-1 3
-1 3
-1 3
-1 3
-1 3
-1 3
-1 3
-1 3
-1 3
-1 3
-1 3
-1 3
-1 3
-1 3
-1 3
-1 3
-1 3
-1 3
-1 3
-1 3
-1 3
-1 3
-1 3
-1 3
-1 3
-1 3
-1 3
-1 3
-1 3
-1 3
-1 3
-1 3
-1 3
-1 3
-1 3
-1 3
-1 3
-1 3
-1 3
-1 3
-1 3
-1 3
-1 3
-1 3
-1 3
-1 3
-1 3
-1 3
-1 3
-1 3
-1 3
-1 3
-1 3
-1 3
-1 3
-1 3
-1 3
-1 3
-1 3
-1 3
-1 3
-1 3
-1 3
-1 3
-1 3
-1 3
-1 3
-1 3
-1 3
-1 3
-1 3
-1 3
-1 3
-1 3
-1 3
-1 3
-1 3
-1 3
-1 3
-1 3
-1 3
-1 3
3 91
3 150
3 150
-1 150
-1 150
-1 150
-1 150
-1 150
-1 150
-1 150
-1 150
-1 150
-1 150
-1 150
-1 150
-1 150
-1 150
-1 150
-1 150
-1 150
-1 150
-1 150
-1 150
-1 150
-1 150
-1 150
-1 150
-1 150
-1 150
-1 150
-1 150
-1 150
-1 150
-1 150
-1 150
-1 150
-1 150
-1 150
-1 150
-1 150
-1 150
-1 150
-1 150
-1 150
-1 150
-1 150
-1 150
-1 150
-1 150
-1 150
-1 150
-1 150
-1 150
-1 150
-1 150
-1 150
-1 150
-1 150
-1 150
-1 150
-1 150
-1 150
-1 150
-1 150
-1 150
-1 150
-1 150
-1 150
-1 150
-1 150
-1 150
-1 150
-1 150
-1 150
-1 150
-1 150
-1 150
-1 150
-1 150
150 52
-1 52
-1 52
-1 52
-1 52
-1 52
-1 52
-1 52
-1 52
-1 52
-1 52
-1 52
-1 52
-1 52
-1 52
-1 52
-1 52
-1 52
-1 52
-1 52
-1 52
-1 52
-1 52
-1 52
-1 52
-1 52
-1 52
-1 52
-1 52
-1 52
-1 52
-1 52
-1 52
52 24
52 137
52 24
24 14
24 156
156 28
156 28
-1 28
-1 28
-1 28
-1 28
-1 28
-1 28
-1 28
-1 28
-1 28
-1 28
-1 28
-1 28
-1 28
-1 28
-1 28
-1 28
-1 28
-1 28
-1 28
-1 28
-1 28
-1 28
-1 28
-1 28
-1 28
-1 28
-1 28
-1 28
-1 28
-1 28
-1 28
-1 28
-1 28
-1 28
-1 28
-1 28
-1 28
-1 28
-1 28
-1 28
-1 28
-1 28
-1 28
-1 28
-1 28
-1 28
-1 28
-1 28
-1 28
-1 28
-1 28
-1 28
-1 28
-1 28
-1 28
-1 28
-1 28
-1 28
-1 28
28 22
28 22
150 194
28 22
22 116
22 116
52 137
3 91
91 83
91 83
156 59
91 83
83 174
91 179
22 152
22 152
22 152
116 6
-1 6
-1 6
-1 6
-1 6
-1 6
-1 6
-1 6
-1 6
-1 6
-1 6
-1 6
-1 6
-1 6
-1 6
-1 6
-1 6
-1 6
-1 6
-1 6
-1 6
-1 6
-1 6
-1 6
-1 6
-1 6
-1 6
-1 6
-1 6
-1 6
-1 6
-1 6
-1 6
-1 6
-1 6
-1 6
-1 6
-1 6
-1 6
-1 6
-1 6
-1 6
-1 6
-1 6
-1 6
-1 6
-1 6
-1 6
-1 6
137 190
-1 190
-1 190
-1 190
-1 190
-1 190
-1 190
-1 190
-1 190
-1 190
-1 190
-1 190
-1 190
-1 190
-1 190
-1 190
-1 190
-1 190
-1 190
-1 190
-1 190
-1 190
-1 190
-1 190
-1 190
-1 190
-1 190
-1 190
-1 190
-1 190
-1 190
-1 190
190 105
105 97
105 97
105 97
116 164
116 164
116 164
116 164
116 164
3 49
14 54
156 10
156 10
156 10
-1 10
-1 10
-1 10
-1 10
-1 10
-1 10
-1 10
-1 10
-1 10
-1 10
-1 10
-1 10
-1 10
-1 10
-1 10
-1 10
-1 10
-1 10
-1 10
-1 10
-1 10
-1 10
-1 10
-1 10
-1 10
-1 10
-1 10
-1 10
-1 10
-1 10
-1 10
-1 10
-1 10
-1 10
-1 10
-1 10
-1 10
-1 10
-1 10
-1 10
-1 10
-1 10
-1 10
-1 10
-1 10
-1 10
-1 10
-1 10
-1 10
-1 10
-1 10
10 195
10 87
195 11
195 11
195 11
-1 11
-1 11
-1 11
-1 11
-1 11
-1 11
-1 11
-1 11
-1 11
-1 11
-1 11
-1 11
-1 11
-1 11
-1 11
-1 11
-1 11
-1 11
-1 11
-1 11
-1 11
-1 11
-1 11
-1 11
-1 11
-1 11
-1 11
-1 11
-1 11
-1 11
-1 11
-1 11
-1 11
-1 11
-1 11
-1 11
-1 11
-1 11
-1 11
-1 11
-1 11
-1 11
-1 11
-1 11
-1 11
-1 11
195 121
195 121
195 121
-1 121
-1 121
-1 121
-1 121
-1 121
-1 121
-1 121
-1 121
-1 121
-1 121
-1 121
-1 121
-1 121
-1 121
-1 121
-1 121
-1 121
-1 121
-1 121
-1 121
-1 121
-1 121
-1 121
-1 121
-1 121
-1 121
-1 121
-1 121
-1 121
-1 121
-1 121
-1 121
-1 121
-1 121
-1 121
-1 121
-1 121
-1 121
-1 121
-1 121
-1 121
-1 121
-1 121
-1 121
-1 121
-1 121
-1 121
-1 121
-1 121
-1 121
-1 121
-1 121
-1 121
-1 121
-1 121
-1 121
-1 121
-1 121
-1 121
-1 121
-1 121
11 172
11 172
11 172
11 172
11 172
-1 172
-1 172
-1 172
-1 172
-1 172
-1 172
-1 172
-1 172
-1 172
-1 172
-1 172
-1 172
-1 172
-1 172
-1 172
-1 172
-1 172
-1 172
-1 172
-1 172
-1 172
-1 172
-1 172
-1 172
-1 172
-1 172
-1 172
-1 172
-1 172
-1 172
-1 172
-1 172
-1 172
-1 172
-1 172
-1 172
-1 172
-1 172
-1 172
-1 172
-1 172
-1 172
-1 172
-1 172
-1 172
-1 172
-1 172
-1 172
-1 172
-1 172
-1 172
-1 172
-1 172
-1 172
-1 172
-1 172
-1 172
-1 172
-1 172
172 102
172 102
-1 102
-1 102
-1 102
-1 102
-1 102
-1 102
-1 102
-1 102
-1 102
-1 102
-1 102
-1 102
-1 102
-1 102
-1 102
-1 102
-1 102
-1 102
-1 102
-1 102
-1 102
-1 102
-1 102
-1 102
-1 102
-1 102
-1 102
-1 102
-1 102
-1 102
-1 102
-1 102
-1 102
-1 102
-1 102
-1 102
-1 102
-1 102
-1 102
-1 102
-1 102
-1 102
-1 102
-1 102
-1 102
-1 102
-1 102
-1 102
-1 102
-1 102
-1 102
-1 102
-1 102
-1 102
-1 102
-1 102
-1 102
-1 102
-1 102
-1 102
-1 102
-1 102
-1 102
-1 102
-1 102
-1 102
-1 102
-1 102
-1 102
-1 102
-1 102
-1 102
-1 102
-1 102
-1 102
-1 102
-1 102
-1 102
-1 102
-1 102
-1 102
-1 102
-1 102
-1 102
-1 102
-1 102
-1 102
-1 102
-1 102
-1 102
-1 102
-1 102
-1 102
-1 102
102 145
-1 145
-1 145
-1 145
-1 145
-1 145
-1 145
-1 145
-1 145
-1 145
-1 145
-1 145
-1 145
-1 145
-1 145
-1 145
-1 145
-1 145
-1 145
-1 145
-1 145
-1 145
-1 145
-1 145
-1 145
-1 145
-1 145
-1 145
-1 145
-1 145
-1 145
-1 145
-1 145
-1 145
-1 145
-1 145
-1 145
-1 145
-1 145
-1 145
-1 145
-1 145
-1 145
-1 145
-1 145
-1 145
-1 145
-1 145
-1 145
-1 145
-1 145
-1 145
-1 145
-1 145
-1 145
-1 145
-1 145
-1 145
-1 145
172 169
172 169
-1 169
-1 169
-1 169
-1 169
-1 169
-1 169
-1 169
-1 169
-1 169
-1 169
-1 169
-1 169
-1 169
-1 169
-1 169
-1 169
-1 169
-1 169
-1 169
-1 169
-1 169
-1 169
-1 169
-1 169
-1 169
-1 169
-1 169
169 63
-1 63
-1 63
-1 63
-1 63
-1 63
-1 63
-1 63
-1 63
-1 63
-1 63
-1 63
-1 63
-1 63
-1 63
-1 63
-1 63
-1 63
-1 63
-1 63
-1 63
-1 63
-1 63
-1 63
-1 63
-1 63
-1 63
-1 63
-1 63
-1 63
-1 63
-1 63
-1 63
-1 63
-1 63
-1 63
-1 63
-1 63
-1 63
-1 63
-1 63
-1 63
-1 63
-1 63
-1 63
-1 63
-1 63
-1 63
-1 63
-1 63
-1 63
-1 63
-1 63
-1 63
-1 63
-1 63
-1 63
-1 63
-1 63
-1 63
-1 63
-1 63
-1 63
-1 63
-1 63
-1 63
-1 63
-1 63
-1 63
-1 63
-1 63
63 160
-1 160
-1 160
-1 160
-1 160
-1 160
-1 160
-1 160
-1 160
-1 160
-1 160
-1 160
-1 160
-1 160
-1 160
-1 160
-1 160
-1 160
-1 160
-1 160
-1 160
-1 160
-1 160
-1 160
-1 160
-1 160
-1 160
-1 160
-1 160
-1 160
-1 160
-1 160
-1 160
-1 160
-1 160
-1 160
-1 160
-1 160
-1 160
-1 160
-1 160
-1 160
-1 160
-1 160
-1 160
-1 160
-1 160
-1 160
-1 160
-1 160
-1 160
-1 160
-1 160
-1 160
-1 160
-1 160
-1 160
-1 160
-1 160
-1 160
-1 160
-1 160
-1 160
-1 160
-1 160
-1 160
-1 160
-1 160
-1 160
-1 160
-1 160
-1 160
-1 160
-1 160
-1 160
-1 160
-1 160
-1 160
-1 160
-1 160
-1 160
-1 160
-1 160
160 170
145 18
-1 18
-1 18
-1 18
-1 18
-1 18
-1 18
-1 18
-1 18
-1 18
-1 18
-1 18
-1 18
-1 18
-1 18
-1 18
-1 18
-1 18
-1 18
-1 18
-1 18
-1 18
-1 18
-1 18
-1 18
-1 18
-1 18
-1 18
-1 18
-1 18
-1 18
-1 18
-1 18
-1 18
-1 18
-1 18
-1 18
-1 18
-1 18
-1 18
-1 18
-1 18
-1 18
-1 18
-1 18
-1 18
-1 18
-1 18
-1 18
-1 18
-1 18
-1 18
-1 18
-1 18
-1 18
-1 18
-1 18
-1 18
18 21
-1 21
-1 21
-1 21
-1 21
-1 21
-1 21
-1 21
-1 21
-1 21
-1 21
-1 21
-1 21
-1 21
-1 21
-1 21
-1 21
-1 21
21 176
160 178
170 154
170 154
-1 154
-1 154
-1 154
-1 154
-1 154
-1 154
-1 154
-1 154
-1 154
-1 154
-1 154
-1 154
-1 154
-1 154
-1 154
-1 154
-1 154
-1 154
-1 154
-1 154
-1 154
-1 154
-1 154
-1 154
-1 154
-1 154
-1 154
-1 154
-1 154
-1 154
-1 154
-1 154
-1 154
-1 154
-1 154
-1 154
-1 154
-1 154
-1 154
-1 154
-1 154
-1 154
-1 154
-1 154
-1 154
-1 154
-1 154
-1 154
-1 154
-1 154
-1 154
-1 154
-1 154
-1 154
-1 154
-1 154
-1 154
-1 154
-1 154
-1 154
-1 154
-1 154
-1 154
-1 154
-1 154
-1 154
-1 154
-1 154
-1 154
-1 154
-1 154
-1 154
-1 154
-1 154
-1 154
-1 154
-1 154
-1 154
-1 154
-1 154
-1 154
-1 154
-1 154
-1 154
-1 154
-1 154
-1 154
-1 154
-1 154
-1 154
-1 154
154 92
-1 92
-1 92
-1 92
-1 92
-1 92
-1 92
-1 92
-1 92
-1 92
-1 92
-1 92
-1 92
-1 92
-1 92
-1 92
-1 92
-1 92
-1 92
-1 92
-1 92
-1 92
-1 92
-1 92
-1 92
-1 92
-1 92
-1 92
-1 92
-1 92
-1 92
-1 92
-1 92
-1 92
-1 92
-1 92
-1 92
-1 92
-1 92
-1 92
-1 92
-1 92
-1 92
-1 92
-1 92
-1 92
-1 92
-1 92
-1 92
-1 92
-1 92
-1 92
-1 92
-1 92
-1 92
-1 92
-1 92
-1 92
-1 92
-1 92
-1 92
-1 92
-1 92
-1 92
-1 92
-1 92
-1 92
-1 92
92 30
-1 30
-1 30
-1 30
-1 30
-1 30
-1 30
-1 30
-1 30
-1 30
-1 30
-1 30
-1 30
-1 30
-1 30
-1 30
-1 30
-1 30
-1 30
-1 30
-1 30
-1 30
-1 30
-1 30
-1 30
-1 30
-1 30
-1 30
-1 30
-1 30
-1 30
-1 30
-1 30
-1 30
-1 30
-1 30
-1 30
-1 30
-1 30
-1 30
-1 30
-1 30
-1 30
-1 30
-1 30
-1 30
-1 30
-1 30
-1 30
-1 30
30 51
-1 51
-1 51
-1 51
-1 51
-1 51
-1 51
-1 51
-1 51
-1 51
-1 51
51 196
51 184
-1 184
-1 184
-1 184
-1 184
-1 184
-1 184
-1 184
-1 184
-1 184
-1 184
-1 184
-1 184
-1 184
-1 184
-1 184
-1 184
-1 184
-1 184
-1 184
-1 184
-1 184
-1 184
-1 184
-1 184
-1 184
-1 184
-1 184
-1 184
-1 184
-1 184
-1 184
-1 184
-1 184
-1 184
-1 184
-1 184
-1 184
-1 184
-1 184
-1 184
-1 184
-1 184
-1 184
-1 184
-1 184
-1 184
-1 184
-1 184
-1 184
-1 184
-1 184
-1 184
-1 184
-1 184
-1 184
-1 184
-1 184
-1 184
-1 184
-1 184
-1 184
-1 184
-1 184
-1 184
-1 184
-1 184
-1 184
-1 184
-1 184
-1 184
-1 184
-1 184
-1 184
-1 184
-1 184
-1 184
-1 184
-1 184
-1 184
-1 184
-1 184
51 4
184 33
51 196
196 135
196 135
51 199
51 199
135 12
4 89
-1 89
-1 89
-1 89
-1 89
-1 89
-1 89
-1 89
-1 89
-1 89
-1 89
-1 89
-1 89
-1 89
-1 89
-1 89
-1 89
-1 89
-1 89
-1 89
-1 89
-1 89
-1 89
-1 89
-1 89
-1 89
-1 89
-1 89
-1 89
-1 89
-1 89
-1 89
-1 89
-1 89
-1 89
-1 89
-1 89
-1 89
-1 89
-1 89
-1 89
-1 89
-1 89
-1 89
-1 89
-1 89
-1 89
-1 89
-1 89
-1 89
-1 89
-1 89
-1 89
-1 89
-1 89
-1 89
-1 89
-1 89
-1 89
-1 89
-1 89
-1 89
-1 89
-1 89
-1 89
89 40
89 40
89 40
89 40
-1 40
-1 40
-1 40
-1 40
-1 40
-1 40
-1 40
-1 40
-1 40
-1 40
-1 40
-1 40
-1 40
-1 40
-1 40
-1 40
-1 40
-1 40
-1 40
-1 40
-1 40
-1 40
40 187
40 187
187 119
-1 119
-1 119
-1 119
-1 119
-1 119
-1 119
-1 119
-1 119
-1 119
-1 119
-1 119
-1 119
-1 119
-1 119
-1 119
-1 119
-1 119
-1 119
-1 119
-1 119
-1 119
-1 119
-1 119
-1 119
-1 119
-1 119
-1 119
-1 119
-1 119
-1 119
-1 119
-1 119
-1 119
-1 119
-1 119
-1 119
-1 119
-1 119
-1 119
-1 119
-1 119
-1 119
-1 119
-1 119
-1 119
-1 119
-1 119
-1 119
-1 119
119 143
12 23
12 23
-1 23
-1 23
-1 23
-1 23
-1 23
-1 23
-1 23
-1 23
-1 23
-1 23
-1 23
-1 23
-1 23
-1 23
-1 23
-1 23
-1 23
-1 23
-1 23
-1 23
-1 23
-1 23
-1 23
-1 23
-1 23
-1 23
-1 23
-1 23
-1 23
-1 23
-1 23
-1 23
-1 23
-1 23
-1 23
-1 23
-1 23
-1 23
-1 23
-1 23
-1 23
-1 23
-1 23
23 109
-1 109
-1 109
-1 109
-1 109
-1 109
-1 109
-1 109
-1 109
-1 109
-1 109
-1 109
-1 109
-1 109
-1 109
-1 109
-1 109
-1 109
-1 109
-1 109
-1 109
-1 109
-1 109
-1 109
-1 109
-1 109
-1 109
-1 109
-1 109
-1 109
-1 109
-1 109
-1 109
-1 109
-1 109
-1 109
-1 109
-1 109
-1 109
-1 109
-1 109
-1 109
-1 109
-1 109
-1 109
-1 109
-1 109
-1 109
-1 109
-1 109
-1 109
-1 109
-1 109
-1 109
-1 109
-1 109
-1 109
-1 109
-1 109
-1 109
-1 109
-1 109
-1 109
-1 109
-1 109
-1 109
-1 109
-1 109
-1 109
-1 109
-1 109
-1 109
-1 109
-1 109
-1 109
-1 109
-1 109
-1 109
-1 109
-1 109
-1 109
-1 109
-1 109
-1 109
-1 109
-1 109
-1 109
-1 109
-1 109
-1 109
-1 109
-1 109
-1 109
-1 109
-1 109
109 7
7 139
7 139
7 139
-1 139
-1 139
-1 139
-1 139
-1 139
-1 139
-1 139
-1 139
-1 139
-1 139
-1 139
-1 139
-1 139
-1 139
-1 139
-1 139
-1 139
-1 139
-1 139
-1 139
-1 139
-1 139
-1 139
-1 139
-1 139
-1 139
-1 139
-1 139
-1 139
-1 139
-1 139
-1 139
-1 139
-1 139
-1 139
-1 139
-1 139
-1 139
-1 139
-1 139
-1 139
-1 139
-1 139
-1 139
-1 139
-1 139
-1 139
-1 139
-1 139
-1 139
-1 139
-1 139
-1 139
-1 139
-1 139
-1 139
-1 139
-1 139
-1 139
-1 139
-1 139
-1 139
139 54
139 54
139 171
139 171
23 70
23 70
-1 70
-1 70
-1 70
-1 70
-1 70
-1 70
-1 70
-1 70
-1 70
-1 70
-1 70
-1 70
-1 70
-1 70
-1 70
-1 70
-1 70
-1 70
-1 70
-1 70
-1 70
-1 70
-1 70
-1 70
-1 70
-1 70
-1 70
-1 70
-1 70
-1 70
-1 70
-1 70
-1 70
-1 70
-1 70
-1 70
-1 70
-1 70
-1 70
-1 70
-1 70
-1 70
-1 70
70 189
70 189
-1 189
-1 189
-1 189
-1 189
-1 189
-1 189
-1 189
-1 189
-1 189
-1 189
-1 189
-1 189
-1 189
-1 189
-1 189
-1 189
-1 189
-1 189
-1 189
-1 189
-1 189
-1 189
-1 189
-1 189
-1 189
-1 189
-1 189
-1 189
-1 189
-1 189
-1 189
-1 189
-1 189
-1 189
-1 189
-1 189
-1 189
-1 189
-1 189
-1 189
-1 189
-1 189
-1 189
-1 189
-1 189
-1 189
-1 189
-1 189
-1 189
-1 189
-1 189
-1 189
-1 189
-1 189
-1 189
-1 189
-1 189
-1 189
-1 189
-1 189
-1 189
-1 189
-1 189
-1 189
-1 189
-1 189
-1 189
-1 189
-1 189
-1 189
-1 189
-1 189
-1 189
-1 189
-1 189
-1 189
-1 189
-1 189
-1 189
-1 189
-1 189
-1 189
-1 189
-1 189
-1 189
-1 189
-1 189
-1 189
-1 189
-1 189
-1 189
-1 189
-1 189
-1 189
-1 189
-1 189
-1 189
-1 189
189 80
189 80
189 80
-1 80
-1 80
-1 80
-1 80
-1 80
-1 80
-1 80
-1 80
-1 80
-1 80
-1 80
-1 80
-1 80
-1 80
-1 80
-1 80
-1 80
-1 80
-1 80
-1 80
-1 80
-1 80
-1 80
-1 80
-1 80
-1 80
-1 80
-1 80
-1 80
-1 80
-1 80
-1 80
-1 80
-1 80
-1 80
-1 80
-1 80
-1 80
-1 80
-1 80
-1 80
-1 80
-1 80
-1 80
-1 80
-1 80
-1 80
-1 80
-1 80
-1 80
-1 80
-1 80
-1 80
-1 80
-1 80
-1 80
-1 80
-1 80
-1 80
-1 80
-1 80
-1 80
-1 80
-1 80
-1 80
-1 80
-1 80
-1 80
-1 80
-1 80
-1 80
-1 80
-1 80
-1 80
-1 80
-1 80
-1 80
-1 80
-1 80
-1 80
-1 80
-1 80
-1 80
-1 80
-1 80
-1 80
-1 80
-1 80
-1 80
-1 80
-1 80
-1 80
-1 80
-1 80
-1 80
-1 80
-1 80
-1 80
-1 80
80 108
80 143
80 159
159 198
80 143
80 108
7 77
54 56
54 56
-1 56
-1 56
-1 56
-1 56
-1 56
-1 56
-1 56
-1 56
-1 56
-1 56
-1 56
-1 56
-1 56
-1 56
-1 56
-1 56
-1 56
-1 56
-1 56
-1 56
-1 56
-1 56
-1 56
-1 56
-1 56
-1 56
-1 56
-1 56
-1 56
-1 56
-1 56
-1 56
-1 56
-1 56
-1 56
-1 56
-1 56
-1 56
-1 56
-1 56
-1 56
-1 56
-1 56
-1 56
-1 56
-1 56
-1 56
-1 56
-1 56
-1 56
-1 56
-1 56
-1 56
-1 56
-1 56
-1 56
-1 56
-1 56
-1 56
-1 56
-1 56
187 152
-1 152
-1 152
-1 152
-1 152
-1 152
-1 152
-1 152
-1 152
-1 152
-1 152
-1 152
-1 152
-1 152
-1 152
-1 152
-1 152
-1 152
-1 152
-1 152
-1 152
-1 152
-1 152
-1 152
-1 152
-1 152
-1 152
-1 152
-1 152
-1 152
-1 152
-1 152
-1 152
-1 152
-1 152
-1 152
-1 152
-1 152
-1 152
-1 152
-1 152
-1 152
-1 152
-1 152
-1 152
-1 152
-1 152
-1 152
-1 152
-1 152
-1 152
-1 152
-1 152
-1 152
-1 152
-1 152
-1 152
-1 152
-1 152
-1 152
-1 152
-1 152
-1 152
-1 152
-1 152
-1 152
-1 152
-1 152
-1 152
-1 152
-1 152
-1 152
-1 152
-1 152
-1 152
-1 152
-1 152
-1 152
-1 152
-1 152
-1 152
-1 152
-1 152
-1 152
-1 152
63 62
176 112
176 112
-1 112
-1 112
-1 112
-1 112
-1 112
-1 112
-1 112
-1 112
-1 112
-1 112
-1 112
-1 112
-1 112
-1 112
-1 112
-1 112
-1 112
-1 112
-1 112
-1 112
-1 112
-1 112
-1 112
-1 112
-1 112
-1 112
-1 112
-1 112
-1 112
-1 112
-1 112
-1 112
-1 112
-1 112
-1 112
-1 112
-1 112
-1 112
-1 112
-1 112
-1 112
-1 112
-1 112
-1 112
-1 112
-1 112
-1 112
-1 112
-1 112
-1 112
-1 112
-1 112
-1 112
-1 112
-1 112
-1 112
-1 112
-1 112
-1 112
-1 112
-1 112
-1 112
-1 112
-1 112
-1 112
-1 112
-1 112
112 130
112 99
-1 99
-1 99
-1 99
112 113
-1 113
-1 113
-1 113
-1 113
-1 113
-1 113
-1 113
-1 113
-1 113
-1 113
-1 113
-1 113
-1 113
-1 113
-1 113
-1 113
-1 113
-1 113
-1 113
-1 113
-1 113
-1 113
-1 113
-1 113
-1 113
-1 113
-1 113
-1 113
-1 113
-1 113
-1 113
-1 113
-1 113
-1 113
-1 113
-1 113
-1 113
-1 113
-1 113
-1 113
-1 113
-1 113
-1 113
-1 113
113 134
113 134
113 134
113 134
130 97
-1 97
-1 97
-1 97
-1 97
-1 97
-1 97
-1 97
-1 97
-1 97
-1 97
-1 97
-1 97
-1 97
-1 97
-1 97
-1 97
-1 97
-1 97
-1 97
-1 97
-1 97
-1 97
-1 97
-1 97
-1 97
-1 97
-1 97
-1 97
-1 97
-1 97
-1 97
-1 97
-1 97
-1 97
-1 97
-1 97
-1 97
-1 97
-1 97
-1 97
97 69
69 161
69 134
134 166
134 155
155 90
97 37
161 181
161 181
-1 181
-1 181
-1 181
-1 181
-1 181
-1 181
-1 181
-1 181
-1 181
-1 181
-1 181
-1 181
-1 181
-1 181
-1 181
-1 181
-1 181
-1 181
-1 181
-1 181
-1 181
-1 181
-1 181
-1 181
-1 181
-1 181
-1 181
-1 181
-1 181
-1 181
-1 181
-1 181
-1 181
-1 181
-1 181
-1 181
-1 181
-1 181
-1 181
-1 181
-1 181
-1 181
-1 181
-1 181
181 85
-1 85
-1 85
-1 85
-1 85
-1 85
-1 85
-1 85
-1 85
-1 85
-1 85
-1 85
-1 85
-1 85
-1 85
-1 85
-1 85
-1 85
-1 85
-1 85
85 171
171 15
69 71
69 71
33 37
172 124
172 124
152 132
152 132
121 188
121 188
121 188
-1 188
-1 188
-1 188
-1 188
-1 188
-1 188
-1 188
-1 188
-1 188
-1 188
-1 188
-1 188
-1 188
-1 188
-1 188
-1 188
-1 188
-1 188
-1 188
-1 188
-1 188
-1 188
-1 188
-1 188
-1 188
-1 188
-1 188
-1 188
-1 188
-1 188
-1 188
-1 188
-1 188
-1 188
-1 188
-1 188
-1 188
-1 188
-1 188
-1 188
-1 188
-1 188
-1 188
-1 188
-1 188
-1 188
-1 188
-1 188
-1 188
-1 188
-1 188
-1 188
-1 188
-1 188
-1 188
-1 188
-1 188
-1 188
-1 188
-1 188
-1 188
-1 188
-1 188
-1 188
-1 188
-1 188
-1 188
-1 188
-1 188
-1 188
-1 188
-1 188
-1 188
-1 188
-1 188
-1 188
-1 188
-1 188
-1 188
-1 188
-1 188
-1 188
-1 188
-1 188
-1 188
-1 188
-1 188
-1 188
-1 188
-1 188
-1 188
-1 188
-1 188
-1 188
188 43
188 48
188 48
134 67
134 67
134 67
40 194
40 194
40 194
-1 194
-1 194
-1 194
-1 194
-1 194
-1 194
-1 194
-1 194
-1 194
-1 194
-1 194
-1 194
-1 194
-1 194
-1 194
-1 194
-1 194
-1 194
-1 194
-1 194
-1 194
-1 194
-1 194
-1 194
-1 194
-1 194
-1 194
-1 194
-1 194
-1 194
-1 194
-1 194
-1 194
-1 194
-1 194
-1 194
-1 194
-1 194
-1 194
-1 194
-1 194
-1 194
-1 194
-1 194
-1 194
-1 194
-1 194
-1 194
194 114
194 96
194 96
96 180
-1 180
-1 180
-1 180
-1 180
-1 180
-1 180
-1 180
-1 180
-1 180
-1 180
-1 180
-1 180
-1 180
-1 180
-1 180
-1 180
-1 180
-1 180
-1 180
-1 180
-1 180
-1 180
-1 180
-1 180
-1 180
-1 180
-1 180
-1 180
-1 180
-1 180
-1 180
-1 180
-1 180
-1 180
-1 180
-1 180
-1 180
-1 180
-1 180
-1 180
-1 180
-1 180
-1 180
-1 180
-1 180
-1 180
-1 180
-1 180
-1 180
121 110
121 110
-1 110
-1 110
-1 110
-1 110
-1 110
-1 110
-1 110
-1 110
-1 110
-1 110
-1 110
-1 110
-1 110
-1 110
-1 110
-1 110
-1 110
-1 110
-1 110
-1 110
-1 110
-1 110
-1 110
-1 110
-1 110
-1 110
-1 110
-1 110
-1 110
-1 110
-1 110
-1 110
-1 110
-1 110
-1 110
-1 110
-1 110
-1 110
-1 110
-1 110
-1 110
-1 110
-1 110
-1 110
-1 110
-1 110
-1 110
-1 110
-1 110
-1 110
-1 110
-1 110
-1 110
-1 110
-1 110
-1 110
-1 110
-1 110
-1 110
-1 110
-1 110
-1 110
-1 110
-1 110
-1 110
-1 110
-1 110
-1 110
-1 110
-1 110
-1 110
-1 110
-1 110
-1 110
-1 110
-1 110
-1 110
-1 110
-1 110
-1 110
-1 110
-1 110
-1 110
-1 110
-1 110
-1 110
-1 110
-1 110
-1 110
-1 110
-1 110
-1 110
-1 110
-1 110
110 61
110 61
110 61
-1 61
-1 61
-1 61
-1 61
-1 61
-1 61
-1 61
-1 61
-1 61
-1 61
-1 61
-1 61
-1 61
-1 61
-1 61
-1 61
-1 61
-1 61
-1 61
-1 61
-1 61
-1 61
-1 61
-1 61
-1 61
-1 61
-1 61
-1 61
-1 61
-1 61
-1 61
-1 61
-1 61
-1 61
-1 61
-1 61
-1 61
-1 61
-1 61
-1 61
-1 61
-1 61
-1 61
-1 61
-1 61
-1 61
-1 61
-1 61
-1 61
-1 61
-1 61
-1 61
-1 61
-1 61
61 47
99 50
99 50
179 133
179 133
179 133
187 8
187 8
-1 8
-1 8
-1 8
-1 8
-1 8
-1 8
-1 8
-1 8
-1 8
-1 8
-1 8
-1 8
-1 8
-1 8
-1 8
-1 8
-1 8
-1 8
-1 8
-1 8
-1 8
-1 8
-1 8
-1 8
-1 8
-1 8
-1 8
-1 8
-1 8
-1 8
-1 8
-1 8
-1 8
-1 8
-1 8
-1 8
-1 8
-1 8
-1 8
-1 8
-1 8
-1 8
-1 8
-1 8
-1 8
-1 8
-1 8
-1 8
-1 8
-1 8
-1 8
-1 8
-1 8
-1 8
-1 8
-1 8
-1 8
-1 8
-1 8
-1 8
-1 8
-1 8
-1 8
-1 8
-1 8
-1 8
-1 8
-1 8
-1 8
-1 8
-1 8
-1 8
-1 8
-1 8
-1 8
-1 8
-1 8
-1 8
-1 8
-1 8
-1 8
-1 8
-1 8
-1 8
-1 8
-1 8
8 35
8 35
8 35
-1 35
-1 35
-1 35
-1 35
-1 35
-1 35
-1 35
-1 35
-1 35
-1 35
-1 35
-1 35
-1 35
-1 35
-1 35
-1 35
-1 35
-1 35
-1 35
-1 35
-1 35
-1 35
-1 35
-1 35
-1 35
-1 35
-1 35
-1 35
-1 35
-1 35
-1 35
-1 35
-1 35
-1 35
-1 35
8 147
169 27
30 86
30 86
61 73
-1 73
-1 73
-1 73
-1 73
-1 73
-1 73
-1 73
-1 73
-1 73
-1 73
-1 73
-1 73
-1 73
-1 73
-1 73
-1 73
-1 73
-1 73
-1 73
-1 73
-1 73
-1 73
-1 73
-1 73
-1 73
-1 73
-1 73
-1 73
-1 73
-1 73
-1 73
-1 73
-1 73
-1 73
-1 73
-1 73
-1 73
-1 73
-1 73
-1 73
-1 73
-1 73
-1 73
-1 73
-1 73
-1 73
-1 73
-1 73
-1 73
-1 73
-1 73
-1 73
-1 73
-1 73
-1 73
-1 73
-1 73
-1 73
-1 73
-1 73
-1 73
-1 73
-1 73
-1 73
73 149
149 76
-1 76
-1 76
-1 76
-1 76
-1 76
-1 76
-1 76
76 82
76 82
-1 82
-1 82
-1 82
82 48
48 46
48 46
-1 46
-1 46
-1 46
-1 46
-1 46
-1 46
-1 46
-1 46
-1 46
-1 46
-1 46
-1 46
-1 46
-1 46
-1 46
-1 46
-1 46
48 44
-1 44
-1 44
-1 44
-1 44
-1 44
-1 44
-1 44
-1 44
-1 44
-1 44
-1 44
-1 44
-1 44
-1 44
-1 44
-1 44
-1 44
-1 44
-1 44
-1 44
-1 44
-1 44
-1 44
-1 44
-1 44
-1 44
-1 44
-1 44
-1 44
-1 44
-1 44
-1 44
-1 44
-1 44
-1 44
-1 44
-1 44
-1 44
-1 44
-1 44
-1 44
-1 44
-1 44
44 131
44 131
44 131
44 131
44 131
-1 131
-1 131
-1 131
-1 131
-1 131
-1 131
-1 131
-1 131
-1 131
-1 131
-1 131
-1 131
-1 131
-1 131
-1 131
-1 131
-1 131
-1 131
-1 131
-1 131
-1 131
-1 131
-1 131
-1 131
-1 131
-1 131
-1 131
-1 131
-1 131
-1 131
-1 131
-1 131
-1 131
-1 131
-1 131
-1 131
-1 131
-1 131
-1 131
-1 131
-1 131
-1 131
-1 131
-1 131
-1 131
131 39
46 72
46 72
-1 72
-1 72
-1 72
-1 72
-1 72
-1 72
-1 72
-1 72
-1 72
-1 72
-1 72
-1 72
-1 72
-1 72
-1 72
-1 72
-1 72
-1 72
-1 72
-1 72
-1 72
-1 72
-1 72
-1 72
-1 72
-1 72
-1 72
-1 72
-1 72
-1 72
-1 72
-1 72
-1 72
-1 72
-1 72
-1 72
-1 72
-1 72
-1 72
-1 72
-1 72
-1 72
-1 72
-1 72
-1 72
-1 72
-1 72
-1 72
-1 72
-1 72
-1 72
-1 72
-1 72
-1 72
-1 72
-1 72
-1 72
-1 72
-1 72
-1 72
-1 72
-1 72
-1 72
-1 72
-1 72
-1 72
-1 72
-1 72
-1 72
-1 72
-1 72
-1 72
-1 72
-1 72
-1 72
-1 72
-1 72
-1 72
-1 72
-1 72
-1 72
-1 72
-1 72
-1 72
-1 72
-1 72
-1 72
-1 72
-1 72
-1 72
-1 72
-1 72
-1 72
76 79
76 79
-1 79
-1 79
-1 79
-1 79
-1 79
-1 79
-1 79
-1 79
-1 79
-1 79
-1 79
-1 79
-1 79
-1 79
-1 79
-1 79
-1 79
-1 79
-1 79
-1 79
-1 79
-1 79
-1 79
-1 79
-1 79
-1 79
-1 79
-1 79
-1 79
-1 79
-1 79
-1 79
-1 79
-1 79
-1 79
-1 79
-1 79
-1 79
-1 79
-1 79
-1 79
-1 79
-1 79
-1 79
-1 79
-1 79
-1 79
-1 79
-1 79
-1 79
-1 79
-1 79
-1 79
-1 79
-1 79
-1 79
-1 79
-1 79
-1 79
-1 79
-1 79
-1 79
-1 79
-1 79
-1 79
-1 79
-1 79
-1 79
-1 79
-1 79
-1 79
-1 79
-1 79
-1 79
-1 79
-1 79
-1 79
-1 79
-1 79
-1 79
-1 79
79 192
79 192
48 90
-1 90
-1 90
-1 90
-1 90
-1 90
-1 90
-1 90
-1 90
-1 90
-1 90
-1 90
-1 90
-1 90
-1 90
-1 90
-1 90
-1 90
-1 90
-1 90
-1 90
-1 90
-1 90
-1 90
-1 90
-1 90
-1 90
-1 90
-1 90
-1 90
-1 90
-1 90
-1 90
-1 90
-1 90
-1 90
-1 90
-1 90
-1 90
-1 90
-1 90
-1 90
-1 90
-1 90
-1 90
-1 90
-1 90
-1 90
-1 90
-1 90
-1 90
-1 90
-1 90
-1 90
-1 90
-1 90
-1 90
-1 90
-1 90
-1 90
-1 90
-1 90
-1 90
-1 90
-1 90
-1 90
-1 90
-1 90
-1 90
-1 90
-1 90
90 81
90 81
46 19
76 104
149 111
149 111
-1 111
-1 111
-1 111
-1 111
-1 111
-1 111
-1 111
-1 111
-1 111
-1 111
-1 111
-1 111
-1 111
-1 111
-1 111
-1 111
-1 111
-1 111
-1 111
-1 111
-1 111
-1 111
-1 111
-1 111
-1 111
-1 111
-1 111
-1 111
-1 111
-1 111
-1 111
-1 111
-1 111
-1 111
-1 111
-1 111
-1 111
-1 111
-1 111
-1 111
-1 111
-1 111
-1 111
-1 111
-1 111
-1 111
-1 111
-1 111
-1 111
-1 111
-1 111
-1 111
-1 111
-1 111
-1 111
-1 111
-1 111
-1 111
-1 111
-1 111
-1 111
-1 111
-1 111
-1 111
-1 111
-1 111
-1 111
-1 111
111 144
82 125
82 125
82 125
82 125
48 38
48 38
-1 38
-1 38
-1 38
-1 38
-1 38
-1 38
-1 38
-1 38
-1 38
-1 38
-1 38
-1 38
-1 38
-1 38
-1 38
-1 38
-1 38
-1 38
-1 38
-1 38
-1 38
-1 38
-1 38
-1 38
-1 38
-1 38
-1 38
-1 38
-1 38
-1 38
-1 38
-1 38
-1 38
-1 38
-1 38
-1 38
-1 38
-1 38
-1 38
-1 38
-1 38
-1 38
-1 38
-1 38
-1 38
-1 38
-1 38
-1 38
-1 38
-1 38
-1 38
-1 38
-1 38
-1 38
-1 38
-1 38
-1 38
-1 38
-1 38
-1 38
-1 38
-1 38
-1 38
-1 38
-1 38
-1 38
-1 38
-1 38
-1 38
-1 38
-1 38
-1 38
-1 38
-1 38
-1 38
-1 38
-1 38
-1 38
-1 38
-1 38
-1 38
-1 38
-1 38
-1 38
-1 38
-1 38
-1 38
-1 38
-1 38
-1 38
-1 38
-1 38
-1 38
-1 38
-1 38
-1 38
-1 38
-1 38
38 26
137 77
137 77
-1 77
-1 77
-1 77
-1 77
-1 77
-1 77
-1 77
-1 77
-1 77
-1 77
-1 77
-1 77
-1 77
-1 77
-1 77
-1 77
-1 77
-1 77
-1 77
-1 77
-1 77
-1 77
-1 77
-1 77
-1 77
-1 77
-1 77
-1 77
-1 77
-1 77
-1 77
-1 77
-1 77
-1 77
-1 77
-1 77
-1 77
-1 77
-1 77
-1 77
-1 77
-1 77
-1 77
-1 77
-1 77
-1 77
-1 77
-1 77
-1 77
-1 77
-1 77
-1 77
-1 77
-1 77
-1 77
-1 77
-1 77
-1 77
-1 77
-1 77
-1 77
-1 77
-1 77
-1 77
-1 77
-1 77
77 19
-1 19
-1 19
-1 19
-1 19
-1 19
-1 19
-1 19
-1 19
-1 19
-1 19
-1 19
-1 19
-1 19
-1 19
-1 19
-1 19
-1 19
-1 19
-1 19
-1 19
-1 19
-1 19
-1 19
-1 19
-1 19
-1 19
77 64
-1 64
-1 64
-1 64
-1 64
-1 64
-1 64
-1 64
-1 64
-1 64
-1 64
-1 64
-1 64
-1 64
-1 64
-1 64
-1 64
-1 64
-1 64
-1 64
-1 64
-1 64
-1 64
-1 64
-1 64
-1 64
-1 64
-1 64
-1 64
-1 64
-1 64
-1 64
-1 64
-1 64
-1 64
-1 64
64 115
115 50
-1 50
-1 50
-1 50
-1 50
-1 50
-1 50
-1 50
-1 50
-1 50
-1 50
-1 50
-1 50
-1 50
-1 50
-1 50
-1 50
-1 50
-1 50
-1 50
-1 50
-1 50
-1 50
-1 50
-1 50
-1 50
-1 50
-1 50
-1 50
-1 50
-1 50
-1 50
-1 50
-1 50
-1 50
-1 50
-1 50
-1 50
-1 50
-1 50
-1 50
-1 50
-1 50
-1 50
-1 50
-1 50
-1 50
-1 50
-1 50
-1 50
-1 50
77 153
50 124
50 124
50 124
-1 124
-1 124
-1 124
-1 124
-1 124
-1 124
-1 124
-1 124
-1 124
-1 124
-1 124
-1 124
-1 124
-1 124
-1 124
-1 124
-1 124
-1 124
-1 124
-1 124
-1 124
-1 124
-1 124
-1 124
-1 124
-1 124
-1 124
-1 124
-1 124
-1 124
-1 124
-1 124
-1 124
-1 124
-1 124
-1 124
-1 124
-1 124
-1 124
-1 124
-1 124
-1 124
-1 124
-1 124
-1 124
-1 124
-1 124
-1 124
115 20
-1 20
-1 20
-1 20
-1 20
-1 20
-1 20
-1 20
-1 20
-1 20
-1 20
-1 20
-1 20
-1 20
-1 20
-1 20
-1 20
-1 20
-1 20
-1 20
-1 20
-1 20
-1 20
-1 20
-1 20
-1 20
-1 20
-1 20
-1 20
-1 20
-1 20
-1 20
-1 20
-1 20
-1 20
-1 20
-1 20
-1 20
-1 20
-1 20
-1 20
-1 20
-1 20
-1 20
-1 20
-1 20
-1 20
-1 20
20 122
-1 122
-1 122
-1 122
-1 122
-1 122
-1 122
-1 122
-1 122
-1 122
-1 122
-1 122
-1 122
-1 122
-1 122
-1 122
-1 122
-1 122
-1 122
-1 122
-1 122
-1 122
-1 122
-1 122
-1 122
-1 122
-1 122
-1 122
-1 122
-1 122
-1 122
-1 122
-1 122
-1 122
-1 122
-1 122
-1 122
-1 122
-1 122
-1 122
-1 122
-1 122
-1 122
-1 122
-1 122
-1 122
-1 122
-1 122
-1 122
-1 122
-1 122
-1 122
-1 122
-1 122
-1 122
20 98
20 98
20 98
19 100
-1 100
-1 100
-1 100
-1 100
-1 100
-1 100
-1 100
-1 100
-1 100
-1 100
-1 100
-1 100
-1 100
-1 100
-1 100
-1 100
-1 100
-1 100
-1 100
-1 100
-1 100
-1 100
-1 100
-1 100
-1 100
-1 100
-1 100
-1 100
-1 100
-1 100
-1 100
-1 100
-1 100
-1 100
-1 100
-1 100
-1 100
-1 100
-1 100
-1 100
64 164
-1 164
-1 164
-1 164
-1 164
-1 164
-1 164
-1 164
-1 164
-1 164
-1 164
-1 164
-1 164
-1 164
-1 164
-1 164
-1 164
-1 164
-1 164
-1 164
-1 164
-1 164
-1 164
-1 164
-1 164
-1 164
164 68
164 68
-1 68
-1 68
-1 68
-1 68
-1 68
-1 68
-1 68
-1 68
-1 68
-1 68
-1 68
-1 68
-1 68
-1 68
-1 68
-1 68
-1 68
-1 68
-1 68
-1 68
-1 68
-1 68
-1 68
-1 68
-1 68
-1 68
-1 68
-1 68
-1 68
-1 68
-1 68
-1 68
-1 68
-1 68
-1 68
-1 68
-1 68
-1 68
-1 68
-1 68
-1 68
-1 68
-1 68
-1 68
-1 68
-1 68
-1 68
-1 68
-1 68
-1 68
-1 68
-1 68
-1 68
-1 68
-1 68
-1 68
-1 68
-1 68
-1 68
-1 68
-1 68
-1 68
-1 68
-1 68
-1 68
-1 68
-1 68
-1 68
-1 68
-1 68
-1 68
-1 68
-1 68
-1 68
-1 68
-1 68
-1 68
-1 68
-1 68
-1 68
-1 68
-1 68
-1 68
-1 68
-1 68
-1 68
-1 68
68 174
174 94
174 5
174 5
-1 5
-1 5
-1 5
-1 5
-1 5
-1 5
-1 5
-1 5
-1 5
-1 5
-1 5
-1 5
-1 5
-1 5
-1 5
-1 5
-1 5
-1 5
-1 5
-1 5
-1 5
-1 5
-1 5
-1 5
-1 5
-1 5
-1 5
-1 5
-1 5
-1 5
-1 5
-1 5
-1 5
-1 5
-1 5
-1 5
-1 5
-1 5
-1 5
-1 5
-1 5
-1 5
-1 5
-1 5
-1 5
-1 5
-1 5
-1 5
-1 5
-1 5
-1 5
-1 5
-1 5
-1 5
-1 5
-1 5
-1 5
-1 5
-1 5
-1 5
-1 5
-1 5
-1 5
-1 5
-1 5
-1 5
-1 5
-1 5
-1 5
-1 5
-1 5
-1 5
-1 5
-1 5
-1 5
-1 5
-1 5
-1 5
-1 5
-1 5
174 101
-1 101
-1 101
-1 101
-1 101
-1 101
-1 101
-1 101
-1 101
-1 101
-1 101
-1 101
-1 101
-1 101
-1 101
-1 101
-1 101
-1 101
-1 101
-1 101
-1 101
-1 101
-1 101
-1 101
-1 101
-1 101
-1 101
-1 101
-1 101
-1 101
-1 101
-1 101
-1 101
-1 101
-1 101
-1 101
-1 101
-1 101
-1 101
-1 101
-1 101
-1 101
-1 101
-1 101
-1 101
-1 101
-1 101
-1 101
-1 101
-1 101
-1 101
-1 101
-1 101
-1 101
-1 101
-1 101
-1 101
-1 101
-1 101
-1 101
-1 101
-1 101
-1 101
-1 101
-1 101
-1 101
-1 101
-1 101
-1 101
101 41
101 41
-1 41
-1 41
-1 41
-1 41
-1 41
-1 41
-1 41
-1 41
-1 41
-1 41
-1 41
-1 41
-1 41
-1 41
-1 41
-1 41
-1 41
-1 41
-1 41
-1 41
-1 41
-1 41
-1 41
-1 41
-1 41
-1 41
-1 41
-1 41
-1 41
-1 41
-1 41
-1 41
-1 41
-1 41
-1 41
41 183
-1 183
-1 183
-1 183
-1 183
-1 183
-1 183
-1 183
-1 183
-1 183
-1 183
-1 183
-1 183
-1 183
-1 183
-1 183
-1 183
-1 183
-1 183
-1 183
-1 183
-1 183
-1 183
-1 183
-1 183
-1 183
-1 183
-1 183
-1 183
-1 183
183 167
183 167
183 167
-1 167
-1 167
-1 167
-1 167
-1 167
-1 167
-1 167
-1 167
-1 167
-1 167
-1 167
-1 167
-1 167
-1 167
-1 167
-1 167
-1 167
-1 167
167 58
-1 58
-1 58
-1 58
-1 58
-1 58
-1 58
-1 58
-1 58
-1 58
-1 58
-1 58
-1 58
-1 58
-1 58
-1 58
-1 58
-1 58
-1 58
-1 58
-1 58
-1 58
-1 58
-1 58
-1 58
-1 58
-1 58
-1 58
-1 58
-1 58
-1 58
-1 58
-1 58
-1 58
-1 58
-1 58
-1 58
-1 58
-1 58
-1 58
-1 58
-1 58
-1 58
-1 58
-1 58
-1 58
-1 58
-1 58
-1 58
-1 58
-1 58
-1 58
-1 58
-1 58
-1 58
-1 58
-1 58
-1 58
-1 58
-1 58
-1 58
-1 58
-1 58
-1 58
-1 58
-1 58
-1 58
-1 58
-1 58
-1 58
-1 58
-1 58
-1 58
-1 58
-1 58
-1 58
-1 58
167 158
167 158
167 158
-1 158
-1 158
-1 158
-1 158
-1 158
-1 158
-1 158
-1 158
-1 158
-1 158
-1 158
-1 158
-1 158
-1 158
-1 158
-1 158
-1 158
-1 158
-1 158
-1 158
-1 158
-1 158
-1 158
-1 158
-1 158
-1 158
-1 158
-1 158
-1 158
-1 158
-1 158
-1 158
-1 158
-1 158
-1 158
-1 158
158 93
158 93
-1 93
-1 93
-1 93
-1 93
-1 93
-1 93
-1 93
-1 93
-1 93
-1 93
-1 93
-1 93
-1 93
-1 93
-1 93
-1 93
-1 93
-1 93
-1 93
-1 93
-1 93
-1 93
-1 93
-1 93
-1 93
-1 93
-1 93
-1 93
-1 93
-1 93
-1 93
-1 93
-1 93
-1 93
-1 93
-1 93
-1 93
-1 93
-1 93
-1 93
-1 93
-1 93
-1 93
-1 93
-1 93
-1 93
-1 93
-1 93
-1 93
93 192
101 104
101 104
-1 104
-1 104
-1 104
-1 104
-1 104
-1 104
-1 104
-1 104
-1 104
-1 104
-1 104
-1 104
-1 104
-1 104
-1 104
-1 104
-1 104
-1 104
-1 104
-1 104
-1 104
-1 104
-1 104
-1 104
-1 104
-1 104
-1 104
-1 104
-1 104
-1 104
-1 104
-1 104
-1 104
-1 104
-1 104
-1 104
-1 104
-1 104
-1 104
-1 104
-1 104
-1 104
-1 104
-1 104
-1 104
-1 104
-1 104
-1 104
-1 104
-1 104
-1 104
-1 104
-1 104
-1 104
-1 104
104 27
104 27
58 151
58 151
58 151
58 151
-1 151
-1 151
-1 151
-1 151
-1 151
-1 151
-1 151
-1 151
-1 151
-1 151
-1 151
-1 151
-1 151
151 55
41 178
41 178
-1 178
-1 178
-1 178
-1 178
-1 178
-1 178
-1 178
-1 178
-1 178
-1 178
-1 178
-1 178
-1 178
-1 178
-1 178
-1 178
-1 178
-1 178
-1 178
-1 178
-1 178
-1 178
-1 178
-1 178
-1 178
-1 178
-1 178
-1 178
-1 178
-1 178
-1 178
-1 178
-1 178
-1 178
-1 178
-1 178
68 74
68 74
68 74
68 74
-1 74
-1 74
-1 74
-1 74
-1 74
-1 74
-1 74
-1 74
-1 74
-1 74
-1 74
-1 74
-1 74
-1 74
-1 74
-1 74
-1 74
-1 74
-1 74
-1 74
-1 74
-1 74
-1 74
-1 74
-1 74
-1 74
-1 74
-1 74
-1 74
-1 74
-1 74
-1 74
-1 74
-1 74
-1 74
-1 74
-1 74
-1 74
-1 74
-1 74
-1 74
-1 74
-1 74
-1 74
-1 74
-1 74
-1 74
-1 74
-1 74
-1 74
-1 74
-1 74
-1 74
-1 74
-1 74
-1 74
-1 74
-1 74
-1 74
-1 74
-1 74
-1 74
-1 74
-1 74
-1 74
-1 74
-1 74
-1 74
-1 74
-1 74
74 37
27 192
-1 192
-1 192
-1 192
-1 192
-1 192
-1 192
-1 192
-1 192
-1 192
-1 192
-1 192
-1 192
-1 192
-1 192
-1 192
-1 192
-1 192
-1 192
-1 192
-1 192
-1 192
-1 192
-1 192
-1 192
-1 192
-1 192
-1 192
-1 192
-1 192
-1 192
-1 192
-1 192
-1 192
-1 192
-1 192
-1 192
-1 192
-1 192
-1 192
-1 192
-1 192
-1 192
-1 192
-1 192
-1 192
20 132
20 132
158 133
158 133
68 168
101 13
101 13
35 191
35 191
-1 191
-1 191
-1 191
-1 191
-1 191
-1 191
-1 191
-1 191
-1 191
-1 191
-1 191
-1 191
-1 191
-1 191
-1 191
-1 191
-1 191
-1 191
-1 191
-1 191
-1 191
-1 191
-1 191
-1 191
-1 191
-1 191
-1 191
-1 191
-1 191
-1 191
-1 191
-1 191
-1 191
-1 191
-1 191
-1 191
-1 191
-1 191
-1 191
-1 191
-1 191
-1 191
-1 191
-1 191
-1 191
-1 191
-1 191
-1 191
-1 191
-1 191
-1 191
-1 191
-1 191
-1 191
-1 191
-1 191
-1 191
-1 191
-1 191
-1 191
-1 191
-1 191
-1 191
-1 191
-1 191
-1 191
-1 191
-1 191
-1 191
-1 191
-1 191
-1 191
-1 191
-1 191
-1 191
-1 191
-1 191
-1 191
-1 191
-1 191
-1 191
-1 191
-1 191
-1 191
-1 191
-1 191
-1 191
-1 191
-1 191
-1 191
-1 191
-1 191
-1 191
-1 191
-1 191
-1 191
-1 191
-1 191
-1 191
161 163
-1 163
-1 163
-1 163
-1 163
-1 163
-1 163
-1 163
-1 163
-1 163
-1 163
-1 163
-1 163
-1 163
-1 163
-1 163
-1 163
-1 163
-1 163
-1 163
-1 163
-1 163
-1 163
-1 163
-1 163
-1 163
-1 163
-1 163
-1 163
-1 163
-1 163
-1 163
-1 163
-1 163
-1 163
-1 163
-1 163
-1 163
-1 163
-1 163
-1 163
-1 163
-1 163
-1 163
-1 163
-1 163
-1 163
-1 163
-1 163
-1 163
-1 163
-1 163
-1 163
-1 163
-1 163
-1 163
-1 163
-1 163
-1 163
-1 163
-1 163
-1 163
-1 163
-1 163
-1 163
-1 163
-1 163
-1 163
-1 163
-1 163
-1 163
-1 163
-1 163
-1 163
-1 163
-1 163
-1 163
-1 163
-1 163
-1 163
-1 163
-1 163
-1 163
-1 163
-1 163
-1 163
-1 163
163 173
163 173
173 199
173 67
-1 67
-1 67
-1 67
-1 67
-1 67
-1 67
-1 67
-1 67
-1 67
-1 67
-1 67
-1 67
-1 67
-1 67
-1 67
-1 67
-1 67
-1 67
-1 67
-1 67
-1 67
-1 67
-1 67
-1 67
-1 67
124 86
124 86
180 86
180 86
-1 86
-1 86
-1 86
-1 86
-1 86
-1 86
-1 86
-1 86
-1 86
-1 86
-1 86
-1 86
-1 86
-1 86
-1 86
-1 86
-1 86
-1 86
-1 86
-1 86
-1 86
-1 86
-1 86
-1 86
-1 86
-1 86
-1 86
-1 86
-1 86
-1 86
-1 86
-1 86
-1 86
-1 86
-1 86
-1 86
-1 86
-1 86
-1 86
-1 86
-1 86
-1 86
-1 86
-1 86
-1 86
-1 86
-1 86
-1 86
-1 86
-1 86
-1 86
-1 86
-1 86
-1 86
-1 86
-1 86
-1 86
-1 86
-1 86
-1 86
-1 86
-1 86
-1 86
-1 86
-1 86
-1 86
-1 86
-1 86
-1 86
-1 86
-1 86
-1 86
-1 86
-1 86
-1 86
-1 86
-1 86
-1 86
-1 86
-1 86
-1 86
-1 86
-1 86
-1 86
-1 86
-1 86
39 144
39 144
-1 144
-1 144
-1 144
-1 144
-1 144
-1 144
-1 144
-1 144
-1 144
-1 144
-1 144
-1 144
-1 144
-1 144
-1 144
-1 144
-1 144
-1 144
-1 144
-1 144
-1 144
-1 144
-1 144
-1 144
-1 144
-1 144
-1 144
-1 144
-1 144
-1 144
-1 144
-1 144
-1 144
-1 144
-1 144
-1 144
-1 144
-1 144
-1 144
-1 144
-1 144
-1 144
-1 144
-1 144
-1 144
-1 144
-1 144
-1 144
-1 144
-1 144
-1 144
-1 144
-1 144
-1 144
-1 144
-1 144
-1 144
-1 144
-1 144
-1 144
-1 144
-1 144
-1 144
-1 144
-1 144
-1 144
-1 144
-1 144
-1 144
-1 144
-1 144
-1 144
-1 144
-1 144
-1 144
-1 144
-1 144
-1 144
-1 144
-1 144
-1 144
-1 144
-1 144
-1 144
-1 144
-1 144
-1 144
-1 144
-1 144
-1 144
-1 144
144 71
71 168
71 168
71 168
-1 168
-1 168
-1 168
-1 168
-1 168
-1 168
-1 168
-1 168
-1 168
-1 168
-1 168
-1 168
-1 168
-1 168
-1 168
-1 168
-1 168
-1 168
-1 168
-1 168
-1 168
-1 168
-1 168
-1 168
-1 168
-1 168
-1 168
-1 168
-1 168
-1 168
-1 168
-1 168
-1 168
-1 168
-1 168
-1 168
-1 168
-1 168
-1 168
-1 168
-1 168
-1 168
-1 168
-1 168
-1 168
-1 168
-1 168
-1 168
-1 168
-1 168
-1 168
-1 168
-1 168
-1 168
-1 168
-1 168
-1 168
-1 168
-1 168
-1 168
-1 168
-1 168
-1 168
-1 168
-1 168
-1 168
-1 168
-1 168
-1 168
-1 168
-1 168
-1 168
-1 168
-1 168
-1 168
-1 168
-1 168
-1 168
-1 168
-1 168
-1 168
-1 168
-1 168
-1 168
-1 168
-1 168
-1 168
-1 168
-1 168
-1 168
144 36
144 36
144 36
168 88
178 153
178 153
178 153
178 153
-1 153
-1 153
-1 153
-1 153
-1 153
-1 153
-1 153
-1 153
-1 153
-1 153
-1 153
-1 153
-1 153
-1 153
-1 153
-1 153
-1 153
-1 153
-1 153
-1 153
-1 153
-1 153
-1 153
-1 153
-1 153
-1 153
-1 153
-1 153
-1 153
-1 153
-1 153
-1 153
-1 153
-1 153
-1 153
-1 153
-1 153
-1 153
-1 153
-1 153
-1 153
-1 153
-1 153
-1 153
-1 153
-1 153
-1 153
-1 153
-1 153
-1 153
-1 153
-1 153
-1 153
-1 153
-1 153
-1 153
-1 153
-1 153
-1 153
-1 153
-1 153
-1 153
153 45
153 45
153 45
153 45
-1 45
-1 45
-1 45
-1 45
-1 45
-1 45
-1 45
-1 45
-1 45
-1 45
-1 45
-1 45
-1 45
-1 45
-1 45
-1 45
-1 45
-1 45
-1 45
-1 45
-1 45
-1 45
-1 45
-1 45
-1 45
-1 45
-1 45
-1 45
-1 45
-1 45
-1 45
-1 45
-1 45
-1 45
-1 45
-1 45
-1 45
-1 45
-1 45
-1 45
-1 45
-1 45
-1 45
-1 45
-1 45
-1 45
-1 45
-1 45
-1 45
-1 45
-1 45
-1 45
-1 45
-1 45
-1 45
-1 45
-1 45
-1 45
-1 45
-1 45
-1 45
-1 45
-1 45
-1 45
-1 45
-1 45
-1 45
-1 45
-1 45
-1 45
-1 45
-1 45
-1 45
-1 45
-1 45
-1 45
-1 45
-1 45
-1 45
-1 45
-1 45
-1 45
-1 45
-1 45
-1 45
-1 45
-1 45
-1 45
-1 45
-1 45
45 87
45 87
45 87
-1 87
-1 87
11 17
122 128
199 140
199 140
199 140
198 120
-1 120
-1 120
-1 120
-1 120
-1 120
-1 120
-1 120
-1 120
-1 120
-1 120
-1 120
-1 120
-1 120
-1 120
-1 120
-1 120
-1 120
-1 120
-1 120
-1 120
-1 120
-1 120
-1 120
-1 120
-1 120
-1 120
-1 120
-1 120
-1 120
-1 120
-1 120
-1 120
-1 120
-1 120
-1 120
-1 120
-1 120
-1 120
-1 120
-1 120
-1 120
-1 120
-1 120
-1 120
-1 120
-1 120
-1 120
-1 120
-1 120
-1 120
-1 120
-1 120
-1 120
-1 120
-1 120
-1 120
-1 120
-1 120
-1 120
-1 120
-1 120
-1 120
-1 120
-1 120
-1 120
-1 120
-1 120
-1 120
-1 120
-1 120
-1 120
-1 120
-1 120
-1 120
-1 120
-1 120
-1 120
-1 120
-1 120
-1 120
-1 120
-1 120
-1 120
-1 120
-1 120
-1 120
-1 120
-1 120
-1 120
-1 120
-1 120
-1 120
-1 120
-1 120
-1 120
-1 120
-1 120
50 36
50 36
-1 36
-1 36
-1 36
-1 36
-1 36
-1 36
-1 36
-1 36
-1 36
-1 36
-1 36
-1 36
-1 36
-1 36
-1 36
-1 36
-1 36
-1 36
-1 36
-1 36
-1 36
-1 36
-1 36
-1 36
-1 36
-1 36
-1 36
-1 36
-1 36
-1 36
-1 36
-1 36
-1 36
-1 36
-1 36
-1 36
-1 36
-1 36
-1 36
-1 36
-1 36
-1 36
-1 36
-1 36
-1 36
-1 36
-1 36
-1 36
-1 36
-1 36
-1 36
-1 36
-1 36
-1 36
-1 36
-1 36
-1 36
-1 36
-1 36
-1 36
-1 36
-1 36
-1 36
-1 36
-1 36
-1 36
-1 36
-1 36
-1 36
-1 36
-1 36
-1 36
-1 36
-1 36
-1 36
-1 36
-1 36
-1 36
-1 36
-1 36
-1 36
-1 36
-1 36
-1 36
-1 36
-1 36
-1 36
36 55
-1 55
-1 55
-1 55
-1 55
-1 55
-1 55
-1 55
-1 55
-1 55
-1 55
-1 55
-1 55
-1 55
-1 55
-1 55
-1 55
-1 55
-1 55
-1 55
-1 55
-1 55
-1 55
-1 55
-1 55
-1 55
-1 55
-1 55
-1 55
-1 55
-1 55
-1 55
-1 55
-1 55
-1 55
-1 55
-1 55
-1 55
18 57
-1 57
-1 57
-1 57
-1 57
-1 57
-1 57
-1 57
-1 57
-1 57
-1 57
-1 57
-1 57
-1 57
-1 57
-1 57
-1 57
-1 57
-1 57
-1 57
-1 57
-1 57
-1 57
-1 57
-1 57
-1 57
-1 57
-1 57
-1 57
-1 57
-1 57
-1 57
-1 57
-1 57
-1 57
-1 57
-1 57
-1 57
-1 57
-1 57
-1 57
-1 57
-1 57
-1 57
-1 57
-1 57
-1 57
-1 57
-1 57
-1 57
-1 57
-1 57
-1 57
-1 57
-1 57
-1 57
-1 57
-1 57
-1 57
-1 57
-1 57
-1 57
-1 57
-1 57
-1 57
-1 57
-1 57
-1 57
-1 57
-1 57
-1 57
-1 57
-1 57
-1 57
-1 57
-1 57
-1 57
-1 57
-1 57
-1 57
-1 57
-1 57
-1 57
-1 57
-1 57
-1 57
57 125
125 42
-1 42
-1 42
-1 42
-1 42
-1 42
-1 42
-1 42
-1 42
-1 42
-1 42
-1 42
-1 42
-1 42
-1 42
-1 42
-1 42
-1 42
-1 42
-1 42
-1 42
-1 42
-1 42
-1 42
-1 42
-1 42
-1 42
-1 42
-1 42
-1 42
-1 42
-1 42
-1 42
-1 42
-1 42
-1 42
-1 42
-1 42
-1 42
-1 42
-1 42
-1 42
-1 42
-1 42
-1 42
-1 42
-1 42
-1 42
-1 42
-1 42
-1 42
-1 42
-1 42
-1 42
-1 42
-1 42
-1 42
-1 42
-1 42
-1 42
-1 42
-1 42
-1 42
-1 42
-1 42
-1 42
-1 42
-1 42
42 175
42 175
-1 175
-1 175
-1 175
-1 175
-1 175
-1 175
-1 175
-1 175
-1 175
-1 175
-1 175
-1 175
-1 175
-1 175
-1 175
-1 175
-1 175
-1 175
-1 175
-1 175
-1 175
-1 175
125 75
125 75
-1 75
-1 75
-1 75
-1 75
-1 75
-1 75
-1 75
-1 75
-1 75
-1 75
-1 75
-1 75
-1 75
-1 75
-1 75
-1 75
-1 75
-1 75
-1 75
-1 75
-1 75
-1 75
-1 75
-1 75
-1 75
-1 75
-1 75
-1 75
-1 75
-1 75
-1 75
-1 75
-1 75
-1 75
-1 75
-1 75
-1 75
-1 75
-1 75
-1 75
-1 75
-1 75
-1 75
-1 75
-1 75
-1 75
-1 75
-1 75
-1 75
-1 75
-1 75
-1 75
-1 75
-1 75
-1 75
-1 75
-1 75
-1 75
-1 75
-1 75
-1 75
-1 75
-1 75
-1 75
-1 75
-1 75
-1 75
-1 75
-1 75
-1 75
-1 75
-1 75
-1 75
159 106
-1 106
-1 106
-1 106
-1 106
-1 106
-1 106
-1 106
-1 106
-1 106
-1 106
-1 106
-1 106
-1 106
-1 106
-1 106
-1 106
-1 106
-1 106
-1 106
-1 106
-1 106
-1 106
-1 106
-1 106
-1 106
-1 106
-1 106
-1 106
-1 106
-1 106
-1 106
-1 106
-1 106
-1 106
-1 106
-1 106
-1 106
-1 106
-1 106
-1 106
-1 106
-1 106
-1 106
-1 106
-1 106
-1 106
-1 106
-1 106
-1 106
-1 106
-1 106
-1 106
-1 106
-1 106
-1 106
-1 106
-1 106
-1 106
-1 106
-1 106
-1 106
-1 106
-1 106
-1 106
-1 106
-1 106
-1 106
-1 106
-1 106
-1 106
-1 106
-1 106
-1 106
-1 106
-1 106
-1 106
-1 106
-1 106
-1 106
-1 106
-1 106
-1 106
-1 106
-1 106
-1 106
-1 106
-1 106
106 81
-1 81
-1 81
-1 81
-1 81
-1 81
-1 81
-1 81
-1 81
-1 81
-1 81
-1 81
-1 81
-1 81
-1 81
-1 81
-1 81
-1 81
-1 81
-1 81
-1 81
-1 81
-1 81
-1 81
-1 81
-1 81
-1 81
-1 81
-1 81
-1 81
-1 81
-1 81
-1 81
-1 81
-1 81
-1 81
-1 81
-1 81
-1 81
-1 81
-1 81
-1 81
-1 81
-1 81
-1 81
-1 81
-1 81
-1 81
-1 81
-1 81
-1 81
-1 81
-1 81
-1 81
-1 81
-1 81
-1 81
-1 81
-1 81
-1 81
-1 81
-1 81
-1 81
-1 81
-1 81
-1 81
81 95
71 132
40 157
73 157
178 186
189 60
189 60
27 15
159 17
164 15
166 49
21 65
21 65
21 65
21 65
21 65
-1 65
-1 65
-1 65
-1 65
-1 65
-1 65
-1 65
-1 65
-1 65
-1 65
-1 65
-1 65
-1 65
-1 65
-1 65
-1 65
-1 65
-1 65
-1 65
-1 65
-1 65
-1 65
-1 65
-1 65
-1 65
-1 65
-1 65
-1 65
-1 65
-1 65
-1 65
-1 65
-1 65
-1 65
-1 65
-1 65
-1 65
-1 65
-1 65
-1 65
-1 65
-1 65
-1 65
-1 65
-1 65
-1 65
-1 65
-1 65
-1 65
-1 65
-1 65
-1 65
-1 65
-1 65
-1 65
-1 65
-1 65
-1 65
-1 65
-1 65
-1 65
-1 65
-1 65
-1 65
-1 65
-1 65
-1 65
-1 65
-1 65
-1 65
-1 65
-1 65
-1 65
-1 65
-1 65
-1 65
-1 65
-1 65
-1 65
-1 65
47 182
47 182
-1 182
-1 182
-1 182
-1 182
-1 182
-1 182
-1 182
-1 182
-1 182
-1 182
-1 182
-1 182
-1 182
-1 182
-1 182
-1 182
-1 182
-1 182
-1 182
-1 182
-1 182
-1 182
-1 182
-1 182
-1 182
-1 182
-1 182
-1 182
-1 182
-1 182
-1 182
-1 182
-1 182
-1 182
-1 182
-1 182
-1 182
-1 182
-1 182
-1 182
-1 182
-1 182
-1 182
-1 182
-1 182
-1 182
-1 182
-1 182
-1 182
-1 182
-1 182
-1 182
-1 182
-1 182
-1 182
-1 182
-1 182
-1 182
-1 182
-1 182
-1 182
-1 182
-1 182
-1 182
-1 182
-1 182
-1 182
-1 182
-1 182
-1 182
-1 182
-1 182
-1 182
-1 182
-1 182
-1 182
-1 182
-1 182
-1 182
-1 182
-1 182
-1 182
-1 182
-1 182
-1 182
-1 182
-1 182
-1 182
-1 182
182 78
182 78
-1 78
-1 78
-1 78
-1 78
-1 78
-1 78
-1 78
-1 78
-1 78
-1 78
-1 78
-1 78
-1 78
-1 78
-1 78
-1 78
-1 78
-1 78
-1 78
-1 78
-1 78
-1 78
-1 78
-1 78
-1 78
-1 78
-1 78
-1 78
-1 78
-1 78
-1 78
-1 78
-1 78
-1 78
-1 78
-1 78
-1 78
-1 78
-1 78
-1 78
-1 78
-1 78
-1 78
-1 78
-1 78
-1 78
-1 78
-1 78
-1 78
-1 78
-1 78
-1 78
-1 78
-1 78
-1 78
-1 78
-1 78
-1 78
-1 78
-1 78
-1 78
-1 78
-1 78
-1 78
-1 78
-1 78
-1 78
-1 78
-1 78
-1 78
-1 78
-1 78
-1 78
-1 78
-1 78
-1 78
78 107
78 107
78 107
78 138
78 138
-1 138
-1 138
-1 138
-1 138
-1 138
-1 138
-1 138
-1 138
-1 138
-1 138
-1 138
-1 138
-1 138
-1 138
-1 138
-1 138
-1 138
-1 138
-1 138
-1 138
-1 138
-1 138
-1 138
-1 138
-1 138
-1 138
-1 138
-1 138
-1 138
-1 138
-1 138
-1 138
-1 138
-1 138
-1 138
-1 138
-1 138
-1 138
-1 138
-1 138
-1 138
-1 138
-1 138
-1 138
-1 138
-1 138
-1 138
-1 138
-1 138
-1 138
-1 138
-1 138
-1 138
-1 138
-1 138
-1 138
-1 138
-1 138
-1 138
-1 138
-1 138
-1 138
-1 138
-1 138
-1 138
-1 138
-1 138
-1 138
-1 138
-1 138
-1 138
-1 138
-1 138
-1 138
-1 138
-1 138
-1 138
-1 138
-1 138
-1 138
-1 138
-1 138
-1 138
-1 138
-1 138
-1 138
-1 138
-1 138
-1 138
-1 138
-1 138
-1 138
-1 138
-1 138
-1 138
-1 138
-1 138
-1 138
138 186
-1 186
-1 186
-1 186
-1 186
-1 186
-1 186
-1 186
-1 186
-1 186
-1 186
-1 186
-1 186
-1 186
-1 186
-1 186
-1 186
186 129
-1 129
-1 129
-1 129
-1 129
-1 129
-1 129
-1 129
-1 129
-1 129
-1 129
-1 129
-1 129
-1 129
-1 129
-1 129
-1 129
-1 129
-1 129
-1 129
-1 129
-1 129
-1 129
-1 129
-1 129
-1 129
-1 129
-1 129
-1 129
-1 129
-1 129
-1 129
-1 129
-1 129
-1 129
-1 129
-1 129
-1 129
-1 129
-1 129
-1 129
-1 129
-1 129
-1 129
-1 129
-1 129
-1 129
-1 129
-1 129
-1 129
-1 129
-1 129
-1 129
-1 129
-1 129
-1 129
-1 129
-1 129
-1 129
-1 129
-1 129
-1 129
-1 129
-1 129
-1 129
-1 129
-1 129
94 177
94 177
94 177
94 177
94 177
94 177
59 13
19 9
19 9
19 9
5 15
5 15
5 15
-1 15
-1 15
-1 15
-1 15
-1 15
-1 15
-1 15
-1 15
-1 15
-1 15
-1 15
-1 15
-1 15
-1 15
-1 15
-1 15
-1 15
-1 15
-1 15
-1 15
-1 15
-1 15
-1 15
-1 15
-1 15
-1 15
-1 15
-1 15
-1 15
-1 15
-1 15
-1 15
-1 15
-1 15
-1 15
-1 15
-1 15
-1 15
-1 15
-1 15
-1 15
-1 15
-1 15
-1 15
-1 15
-1 15
-1 15
-1 15
-1 15
-1 15
-1 15
-1 15
-1 15
-1 15
-1 15
-1 15
-1 15
-1 15
-1 15
-1 15
-1 15
-1 15
-1 15
-1 15
-1 15
-1 15
-1 15
-1 15
-1 15
-1 15
-1 15
15 9
-1 9
-1 9
-1 9
-1 9
-1 9
-1 9
-1 9
-1 9
-1 9
-1 9
-1 9
-1 9
-1 9
-1 9
-1 9
-1 9
-1 9
-1 9
-1 9
-1 9
-1 9
-1 9
-1 9
-1 9
-1 9
-1 9
-1 9
-1 9
-1 9
-1 9
-1 9
-1 9
-1 9
-1 9
-1 9
-1 9
-1 9
-1 9
-1 9
-1 9
-1 9
-1 9
-1 9
-1 9
-1 9
-1 9
-1 9
-1 9
-1 9
-1 9
-1 9
-1 9
-1 9
-1 9
-1 9
-1 9
-1 9
-1 9
-1 9
-1 9
-1 9
-1 9
-1 9
-1 9
-1 9
-1 9
-1 9
-1 9
-1 9
-1 9
-1 9
-1 9
-1 9
-1 9
-1 9
-1 9
-1 9
-1 9
6 26
74 53
108 60
108 60
120 177
120 177
120 177
120 177
120 177
-1 177
-1 177
-1 177
-1 177
-1 177
-1 177
-1 177
-1 177
-1 177
-1 177
-1 177
-1 177
-1 177
-1 177
-1 177
-1 177
-1 177
-1 177
-1 177
-1 177
-1 177
-1 177
-1 177
-1 177
-1 177
-1 177
-1 177
-1 177
-1 177
-1 177
-1 177
-1 177
-1 177
-1 177
-1 177
-1 177
-1 177
-1 177
-1 177
-1 177
-1 177
-1 177
-1 177
-1 177
-1 177
-1 177
-1 177
-1 177
-1 177
-1 177
-1 177
-1 177
-1 177
-1 177
-1 177
-1 177
-1 177
-1 177
-1 177
-1 177
-1 177
-1 177
-1 177
-1 177
-1 177
-1 177
-1 177
-1 177
-1 177
-1 177
-1 177
-1 177
-1 177
-1 177
-1 177
-1 177
-1 177
-1 177
-1 177
-1 177
-1 177
-1 177
-1 177
-1 177
183 17
183 17
183 17
4 157
4 157
4 157
161 162
161 162
161 162
89 13
89 13
196 141
196 141
174 123
174 123
86 133
86 133
-1 133
-1 133
-1 133
-1 133
-1 133
-1 133
-1 133
-1 133
-1 133
-1 133
-1 133
-1 133
-1 133
-1 133
-1 133
-1 133
-1 133
-1 133
-1 133
-1 133
-1 133
-1 133
-1 133
-1 133
-1 133
-1 133
-1 133
-1 133
-1 133
-1 133
-1 133
-1 133
-1 133
-1 133
-1 133
-1 133
-1 133
-1 133
-1 133
-1 133
-1 133
-1 133
-1 133
-1 133
-1 133
-1 133
-1 133
-1 133
-1 133
-1 133
-1 133
-1 133
-1 133
-1 133
-1 133
-1 133
-1 133
-1 133
-1 133
-1 133
-1 133
-1 133
-1 133
-1 133
-1 133
-1 133
-1 133
-1 133
-1 133
-1 133
-1 133
-1 133
-1 133
-1 133
-1 133
-1 133
-1 133
-1 133
-1 133
-1 133
-1 133
-1 133
-1 133
-1 133
-1 133
-1 133
170 162
170 162
170 162
-1 162
-1 162
-1 162
-1 162
-1 162
-1 162
-1 162
-1 162
-1 162
-1 162
-1 162
-1 162
-1 162
-1 162
-1 162
-1 162
-1 162
-1 162
-1 162
-1 162
-1 162
-1 162
-1 162
-1 162
-1 162
-1 162
-1 162
-1 162
-1 162
-1 162
-1 162
-1 162
-1 162
-1 162
-1 162
-1 162
-1 162
-1 162
-1 162
-1 162
-1 162
-1 162
-1 162
-1 162
-1 162
-1 162
-1 162
-1 162
-1 162
-1 162
-1 162
-1 162
-1 162
-1 162
-1 162
-1 162
-1 162
-1 162
-1 162
-1 162
-1 162
-1 162
-1 162
-1 162
-1 162
-1 162
-1 162
-1 162
-1 162
-1 162
-1 162
-1 162
-1 162
-1 162
-1 162
-1 162
-1 162
-1 162
-1 162
-1 162
-1 162
-1 162
-1 162
-1 162
-1 162
-1 162
-1 162
-1 162
-1 162
-1 162
-1 162
-1 162
-1 162
-1 162
36 88
36 88
36 88
130 17
-1 17
-1 17
-1 17
-1 17
-1 17
-1 17
-1 17
-1 17
-1 17
-1 17
-1 17
-1 17
-1 17
-1 17
-1 17
-1 17
-1 17
-1 17
-1 17
-1 17
-1 17
-1 17
-1 17
-1 17
-1 17
-1 17
-1 17
-1 17
-1 17
-1 17
-1 17
-1 17
-1 17
-1 17
-1 17
-1 17
-1 17
-1 17
-1 17
-1 17
-1 17
-1 17
-1 17
-1 17
-1 17
-1 17
-1 17
-1 17
-1 17
-1 17
-1 17
-1 17
-1 17
-1 17
-1 17
-1 17
-1 17
-1 17
-1 17
-1 17
-1 17
-1 17
-1 17
-1 17
-1 17
-1 17
-1 17
-1 17
-1 17
-1 17
-1 17
-1 17
-1 17
-1 17
-1 17
-1 17
-1 17
-1 17
-1 17
-1 17
-1 17
-1 17
-1 17
-1 17
-1 17
-1 17
-1 17
-1 17
-1 17
-1 17
-1 17
-1 17
-1 17
-1 17
-1 17
-1 17
-1 17
-1 17
5 53
5 53
5 53
65 60
65 60
65 60
65 60
65 60
175 128
175 128
175 128
175 128
100 132
100 132
9 157
9 157
9 157
-1 157
-1 157
-1 157
-1 157
-1 157
-1 157
-1 157
-1 157
-1 157
-1 157
-1 157
-1 157
-1 157
-1 157
-1 157
-1 157
-1 157
-1 157
-1 157
-1 157
-1 157
-1 157
-1 157
-1 157
-1 157
-1 157
-1 157
-1 157
-1 157
-1 157
-1 157
-1 157
-1 157
-1 157
-1 157
-1 157
-1 157
-1 157
-1 157
-1 157
-1 157
-1 157
-1 157
-1 157
-1 157
-1 157
-1 157
-1 157
-1 157
-1 157
-1 157
-1 157
-1 157
-1 157
-1 157
-1 157
-1 157
-1 157
-1 157
-1 157
-1 157
-1 157
-1 157
-1 157
-1 157
-1 157
-1 157
-1 157
-1 157
-1 157
-1 157
-1 157
-1 157
-1 157
-1 157
-1 157
-1 157
-1 157
-1 157
-1 157
-1 157
-1 157
-1 157
-1 157
-1 157
-1 157
-1 157
-1 157
-1 157
-1 157
-1 157
-1 157
-1 157
-1 157
-1 157
-1 157
-1 157
-1 157
-1 157
47 43
-1 43
-1 43
-1 43
-1 43
-1 43
-1 43
-1 43
-1 43
-1 43
-1 43
-1 43
-1 43
-1 43
-1 43
-1 43
-1 43
-1 43
-1 43
-1 43
-1 43
-1 43
-1 43
-1 43
-1 43
-1 43
-1 43
-1 43
-1 43
-1 43
-1 43
-1 43
-1 43
-1 43
-1 43
-1 43
-1 43
-1 43
-1 43
-1 43
-1 43
-1 43
-1 43
-1 43
-1 43
-1 43
-1 43
-1 43
-1 43
-1 43
-1 43
-1 43
-1 43
-1 43
-1 43
-1 43
-1 43
-1 43
-1 43
-1 43
-1 43
-1 43
-1 43
-1 43
-1 43
-1 43
-1 43
-1 43
-1 43
-1 43
-1 43
-1 43
-1 43
-1 43
-1 43
-1 43
-1 43
-1 43
-1 43
-1 43
-1 43
-1 43
43 123
43 123
-1 123
-1 123
-1 123
-1 123
-1 123
-1 123
-1 123
-1 123
-1 123
-1 123
-1 123
-1 123
-1 123
-1 123
-1 123
-1 123
-1 123
-1 123
-1 123
-1 123
-1 123
-1 123
-1 123
-1 123
-1 123
-1 123
-1 123
-1 123
-1 123
-1 123
-1 123
-1 123
-1 123
-1 123
-1 123
-1 123
-1 123
-1 123
-1 123
-1 123
-1 123
-1 123
-1 123
-1 123
-1 123
-1 123
-1 123
-1 123
-1 123
-1 123
-1 123
-1 123
-1 123
-1 123
-1 123
-1 123
-1 123
-1 123
-1 123
-1 123
-1 123
-1 123
-1 123
-1 123
-1 123
-1 123
-1 123
-1 123
-1 123
-1 123
-1 123
-1 123
-1 123
-1 123
-1 123
-1 123
-1 123
-1 123
-1 123
-1 123
-1 123
-1 123
-1 123
-1 123
-1 123
-1 123
-1 123
-1 123
-1 123
-1 123
-1 123
-1 123
-1 123
-1 123
-1 123
-1 123
-1 123
123 26
123 26
-1 26
-1 26
-1 26
-1 26
-1 26
-1 26
-1 26
-1 26
-1 26
-1 26
-1 26
-1 26
-1 26
-1 26
-1 26
-1 26
-1 26
-1 26
-1 26
-1 26
-1 26
-1 26
-1 26
-1 26
-1 26
-1 26
-1 26
-1 26
-1 26
-1 26
-1 26
-1 26
-1 26
-1 26
-1 26
-1 26
-1 26
-1 26
-1 26
-1 26
-1 26
-1 26
-1 26
-1 26
-1 26
-1 26
-1 26
-1 26
-1 26
-1 26
-1 26
-1 26
-1 26
-1 26
-1 26
-1 26
-1 26
-1 26
-1 26
-1 26
-1 26
-1 26
-1 26
-1 26
-1 26
-1 26
-1 26
-1 26
-1 26
-1 26
-1 26
-1 26
-1 26
-1 26
-1 26
26 141
26 141
162 25
162 25
64 49
64 49
123 132
123 132
-1 132
-1 132
-1 132
-1 132
-1 132
-1 132
-1 132
-1 132
-1 132
-1 132
-1 132
-1 132
-1 132
-1 132
-1 132
-1 132
-1 132
-1 132
-1 132
-1 132
-1 132
-1 132
-1 132
-1 132
-1 132
-1 132
-1 132
-1 132
-1 132
-1 132
-1 132
-1 132
-1 132
-1 132
-1 132
-1 132
-1 132
-1 132
-1 132
-1 132
-1 132
-1 132
-1 132
-1 132
-1 132
-1 132
-1 132
-1 132
-1 132
-1 132
-1 132
-1 132
-1 132
-1 132
-1 132
-1 132
-1 132
-1 132
-1 132
-1 132
-1 132
-1 132
-1 132
-1 132
-1 132
-1 132
-1 132
-1 132
-1 132
-1 132
-1 132
-1 132
-1 132
-1 132
-1 132
-1 132
-1 132
-1 132
-1 132
-1 132
-1 132
-1 132
-1 132
-1 132
-1 132
-1 132
-1 132
132 128
-1 128
-1 128
-1 128
-1 128
-1 128
-1 128
-1 128
-1 128
-1 128
-1 128
-1 128
135 25
135 25
135 25
135 25
192 53
192 53
192 53
9 60
9 60
9 60
107 62
107 62
107 62
181 141
181 141
43 13
37 60
37 60
115 140
91 25
-1 25
-1 25
-1 25
-1 25
-1 25
-1 25
-1 25
-1 25
-1 25
-1 25
-1 25
-1 25
-1 25
-1 25
-1 25
-1 25
-1 25
-1 25
-1 25
-1 25
-1 25
-1 25
-1 25
-1 25
-1 25
-1 25
-1 25
-1 25
-1 25
-1 25
-1 25
-1 25
-1 25
-1 25
-1 25
-1 25
-1 25
-1 25
-1 25
-1 25
-1 25
-1 25
-1 25
-1 25
-1 25
-1 25
-1 25
-1 25
-1 25
-1 25
-1 25
-1 25
-1 25
-1 25
-1 25
-1 25
-1 25
-1 25
-1 25
-1 25
-1 25
-1 25
-1 25
-1 25
-1 25
-1 25
-1 25
-1 25
-1 25
-1 25
-1 25
-1 25
-1 25
-1 25
-1 25
-1 25
-1 25
-1 25
-1 25
-1 25
-1 25
-1 25
-1 25
-1 25
-1 25
-1 25
-1 25
-1 25
-1 25
-1 25
-1 25
-1 25
-1 25
-1 25
-1 25
-1 25
-1 25
-1 25
42 141
42 141
42 141
42 141
75 49
75 49
75 49
75 49
75 49
75 49
153 53
153 53
157 53
157 53
-1 53
-1 53
-1 53
-1 53
-1 53
-1 53
-1 53
-1 53
-1 53
-1 53
-1 53
-1 53
-1 53
-1 53
-1 53
-1 53
-1 53
-1 53
-1 53
-1 53
-1 53
-1 53
-1 53
-1 53
-1 53
-1 53
-1 53
-1 53
-1 53
-1 53
-1 53
-1 53
-1 53
-1 53
-1 53
-1 53
-1 53
-1 53
-1 53
-1 53
-1 53
-1 53
-1 53
-1 53
-1 53
-1 53
-1 53
-1 53
-1 53
-1 53
-1 53
-1 53
-1 53
-1 53
-1 53
-1 53
-1 53
-1 53
-1 53
-1 53
-1 53
-1 53
-1 53
-1 53
-1 53
-1 53
-1 53
-1 53
-1 53
-1 53
-1 53
-1 53
-1 53
-1 53
-1 53
-1 53
-1 53
-1 53
-1 53
-1 53
-1 53
-1 53
-1 53
-1 53
-1 53
-1 53
-1 53
-1 53
-1 53
-1 53
-1 53
-1 53
-1 53
-1 53
-1 53
-1 53
-1 53
-1 53
163 62
163 62
163 62
-1 62
-1 62
-1 62
-1 62
-1 62
-1 62
-1 62
-1 62
-1 62
-1 62
-1 62
-1 62
-1 62
-1 62
-1 62
-1 62
-1 62
-1 62
-1 62
-1 62
-1 62
-1 62
-1 62
-1 62
-1 62
-1 62
-1 62
-1 62
-1 62
-1 62
-1 62
-1 62
-1 62
-1 62
-1 62
-1 62
-1 62
-1 62
-1 62
-1 62
-1 62
-1 62
-1 62
-1 62
-1 62
-1 62
-1 62
-1 62
-1 62
-1 62
-1 62
-1 62
-1 62
-1 62
-1 62
-1 62
-1 62
-1 62
-1 62
-1 62
-1 62
-1 62
-1 62
-1 62
-1 62
-1 62
-1 62
-1 62
-1 62
-1 62
-1 62
-1 62
-1 62
-1 62
-1 62
-1 62
-1 62
-1 62
-1 62
-1 62
-1 62
-1 62
-1 62
-1 62
-1 62
-1 62
-1 62
-1 62
-1 62
-1 62
-1 62
62 95
-1 95
-1 95
-1 95
-1 95
-1 95
-1 95
-1 95
-1 95
-1 95
-1 95
-1 95
-1 95
-1 95
-1 95
-1 95
-1 95
-1 95
-1 95
-1 95
-1 95
-1 95
-1 95
-1 95
-1 95
-1 95
-1 95
-1 95
-1 95
-1 95
-1 95
-1 95
-1 95
-1 95
-1 95
-1 95
-1 95
-1 95
-1 95
-1 95
-1 95
-1 95
-1 95
-1 95
-1 95
-1 95
-1 95
-1 95
-1 95
-1 95
-1 95
-1 95
-1 95
-1 95
-1 95
-1 95
-1 95
-1 95
-1 95
-1 95
-1 95
-1 95
-1 95
-1 95
-1 95
-1 95
-1 95
-1 95
-1 95
-1 95
-1 95
-1 95
-1 95
-1 95
-1 95
-1 95
-1 95
-1 95
-1 95
-1 95
-1 95
-1 95
-1 95
-1 95
-1 95
-1 95
-1 95
-1 95
-1 95
-1 95
-1 95
-1 95
-1 95
-1 95
-1 95
-1 95
95 147
95 147
95 147
53 140
53 140
114 147
114 147
114 147
112 13
39 49
143 60
143 60
143 60
143 60
149 60
149 60
-1 60
-1 60
-1 60
-1 60
-1 60
-1 60
-1 60
-1 60
-1 60
-1 60
-1 60
-1 60
-1 60
-1 60
-1 60
-1 60
-1 60
-1 60
-1 60
-1 60
-1 60
-1 60
-1 60
-1 60
-1 60
-1 60
-1 60
-1 60
-1 60
-1 60
-1 60
-1 60
-1 60
-1 60
-1 60
-1 60
-1 60
-1 60
-1 60
-1 60
-1 60
-1 60
-1 60
-1 60
-1 60
-1 60
-1 60
-1 60
-1 60
-1 60
-1 60
-1 60
-1 60
-1 60
-1 60
-1 60
-1 60
-1 60
-1 60
-1 60
-1 60
-1 60
-1 60
-1 60
-1 60
-1 60
-1 60
-1 60
-1 60
-1 60
-1 60
-1 60
-1 60
-1 60
-1 60
-1 60
-1 60
-1 60
-1 60
-1 60
-1 60
-1 60
-1 60
-1 60
-1 60
-1 60
-1 60
-1 60
-1 60
-1 60
-1 60
-1 60
-1 60
-1 60
-1 60
98 141
98 141
128 49
128 49
149 141
167 140
167 140
177 141
177 141
177 141
177 141
-1 141
-1 141
-1 141
-1 141
-1 141
-1 141
-1 141
-1 141
-1 141
-1 141
-1 141
-1 141
-1 141
-1 141
-1 141
-1 141
-1 141
-1 141
-1 141
-1 141
-1 141
-1 141
-1 141
-1 141
-1 141
-1 141
-1 141
-1 141
-1 141
-1 141
-1 141
-1 141
-1 141
-1 141
-1 141
-1 141
-1 141
-1 141
-1 141
-1 141
-1 141
-1 141
-1 141
-1 141
-1 141
-1 141
-1 141
-1 141
-1 141
-1 141
-1 141
-1 141
-1 141
-1 141
-1 141
-1 141
-1 141
-1 141
-1 141
-1 141
-1 141
-1 141
-1 141
-1 141
-1 141
-1 141
-1 141
-1 141
-1 141
-1 141
-1 141
-1 141
-1 141
-1 141
-1 141
-1 141
-1 141
-1 141
-1 141
-1 141
-1 141
-1 141
-1 141
-1 141
-1 141
-1 141
-1 141
-1 141
-1 141
-1 141
-1 141
-1 141
15 147
182 13
182 13
60 88
60 88
57 147
57 147
57 147
57 147
86 49
86 49
86 49
191 140
191 140
191 140
191 140
191 140
50 147
17 13
17 13
176 13
176 13
176 13
176 13
92 88
92 88
92 88
133 88
141 13
141 13
55 49
55 49
55 49
55 49
123 49
123 49
25 13
87 13
87 13
87 13
87 13
87 13
131 13
131 13
131 13
12 49
47 49
47 49
177 49
177 49
-1 49
-1 49
-1 49
-1 49
-1 49
-1 49
-1 49
-1 49
-1 49
-1 49
-1 49
-1 49
-1 49
-1 49
-1 49
-1 49
-1 49
-1 49
-1 49
-1 49
-1 49
-1 49
-1 49
-1 49
-1 49
-1 49
-1 49
-1 49
-1 49
-1 49
-1 49
-1 49
-1 49
-1 49
-1 49
-1 49
-1 49
-1 49
-1 49
-1 49
-1 49
-1 49
-1 49
-1 49
-1 49
-1 49
-1 49
-1 49
-1 49
-1 49
-1 49
-1 49
-1 49
-1 49
-1 49
-1 49
-1 49
-1 49
-1 49
-1 49
-1 49
-1 49
-1 49
-1 49
-1 49
-1 49
-1 49
-1 49
-1 49
-1 49
-1 49
-1 49
-1 49
-1 49
-1 49
-1 49
-1 49
-1 49
-1 49
-1 49
-1 49
-1 49
-1 49
-1 49
-1 49
-1 49
-1 49
-1 49
-1 49
-1 49
-1 49
-1 49
-1 49
-1 49
-1 49
-1 49
-1 49
-1 49
67 88
67 88
-1 88
-1 88
-1 88
-1 88
-1 88
-1 88
-1 88
-1 88
-1 88
-1 88
-1 88
-1 88
-1 88
-1 88
-1 88
-1 88
-1 88
-1 88
-1 88
-1 88
-1 88
-1 88
-1 88
-1 88
-1 88
-1 88
-1 88
-1 88
-1 88
-1 88
-1 88
-1 88
-1 88
-1 88
-1 88
-1 88
-1 88
-1 88
-1 88
-1 88
-1 88
-1 88
-1 88
-1 88
-1 88
-1 88
-1 88
-1 88
-1 88
-1 88
-1 88
-1 88
-1 88
-1 88
-1 88
-1 88
-1 88
-1 88
-1 88
-1 88
-1 88
-1 88
-1 88
-1 88
-1 88
-1 88
-1 88
-1 88
-1 88
-1 88
-1 88
-1 88
-1 88
-1 88
-1 88
-1 88
-1 88
-1 88
-1 88
-1 88
-1 88
-1 88
-1 88
-1 88
-1 88
-1 88
-1 88
-1 88
-1 88
-1 88
-1 88
-1 88
-1 88
-1 88
-1 88
-1 88
-1 88
186 147
186 147
49 13
49 13
67 13
67 13
67 13
67 13
88 13
130 13
130 13
130 13
157 13
72 140
72 140
129 140
129 140
129 140
129 140
129 140
129 140
61 147
56 13
56 13
132 13
132 13
132 13
132 13
132 13
-1 13
-1 13
-1 13
-1 13
-1 13
-1 13
-1 13
-1 13
-1 13
-1 13
-1 13
-1 13
-1 13
-1 13
-1 13
-1 13
-1 13
-1 13
-1 13
-1 13
-1 13
-1 13
-1 13
-1 13
-1 13
-1 13
-1 13
-1 13
-1 13
-1 13
-1 13
-1 13
-1 13
-1 13
-1 13
-1 13
-1 13
-1 13
-1 13
-1 13
-1 13
-1 13
-1 13
-1 13
-1 13
-1 13
-1 13
-1 13
-1 13
-1 13
-1 13
-1 13
-1 13
-1 13
-1 13
-1 13
-1 13
-1 13
-1 13
-1 13
-1 13
-1 13
-1 13
-1 13
-1 13
-1 13
-1 13
-1 13
-1 13
-1 13
-1 13
-1 13
-1 13
-1 13
-1 13
-1 13
-1 13
-1 13
-1 13
-1 13
-1 13
-1 13
-1 13
-1 13
-1 13
-1 13
-1 13
-1 13
-1 13
-1 13
-1 13
-1 13
-1 13
-1 13
-1 13
-1 13
-1 13
-1 13
-1 13
-1 13
-1 13
-1 13
-1 13
-1 13
-1 13
-1 13
-1 13
-1 13
-1 13
-1 13
-1 13
-1 13
-1 13
-1 13
-1 13
-1 13
-1 13
-1 13
-1 13
-1 13
-1 13
13 140
13 140
-1 140
-1 140
-1 140
-1 140
-1 140
-1 140
-1 140
-1 140
-1 140
-1 140
-1 140
-1 140
-1 140
-1 140
-1 140
-1 140
-1 140
-1 140
-1 140
-1 140
-1 140
-1 140
-1 140
-1 140
-1 140
-1 140
-1 140
-1 140
-1 140
-1 140
-1 140
-1 140
-1 140
-1 140
-1 140
-1 140
-1 140
-1 140
-1 140
-1 140
-1 140
-1 140
-1 140
-1 140
-1 140
140 147
140 147
-1 147
-1 147
-1 147
-1 147
-1 147
-1 147
-1 147
-1 147
-1 147
-1 147
-1 147
-1 147
-1 147
-1 147
-1 147
-1 147
-1 147
-1 147
-1 147
-1 147
-1 147
-1 147
-1 147
-1 147
-1 147
-1 147
-1 147
-1 147
-1 147
-1 147
-1 147
-1 147
-1 147
-1 147
-1 147
-1 147
-1 147
-1 147
-1 147
-1 147
-1 147
-1 147
-1 147
-1 147
-1 147
-1 147
-1 147
-1 147
-1 147
-1 147
-1 147
-1 147
-1 147
-1 147
-1 147
-1 147
-1 147
-1 147
-1 147
-1 147
-1 147
-1 147
-1 147
-1 147
-1 147
-1 147
-1 147
-1 147
-1 147
-1 147
-1 147
-1 147
-1 147
-1 147
-1 147
-1 147
-1 147
-1 147
-1 147
-1 147
-1 147
-1 147
-1 147
-1 147
-1 147
-1 147
-1 147
-1 147
-1 147
-1 147
-1 147
-1 147
-1 147
-1 147
-1 147
-1 147
-1 147
-1 147
-1 147
-1 147
-1 147
-1 147
-1 147
-1 147
-1 147
-1 147
-1 147
-1 147
-1 147
-1 147
-1 147
-1 147
-1 147
-1 147
-1 147
-1 147
-1 147
-1 147
-1 147
-1 147
-1 147
-1 147
-1 147
-1 147
-1 147
-1 147
-1 147
-1 147
-1 147
-1 147
-1 147
-1 147
-1 147
-1 147
-1 147
-1 147
-1 147
-1 147
-1 147
-1 147
-1 147
-1 147
-1 147
-1 147
-1 147
-1 147
-1 147
-1 147
-1 147
-1 147
-1 147
-1 147
-1 147
-1 147
-1 147
-1 147
-1 147
-1 147
-1 147
-1 147
-1 147
-1 147
-1 147
-1 147
-1 147
-1 147
-1 147
-1 147
-1 147
-1 147
-1 147
-1 147
-1 147
-1 147
-1 147
-1 147
-1 147
-1 147
-1 147
-1 147
-1 147
-1 147
-1 147
-1 147
-1 147
-1 147
-1 147
-1 147
-1 147
-1 147
-1 147
-1 147
-1 147
-1 147
-1 147
-1 147
-1 147
-1 147
-1 147
-1 147
-1 147
-1 147
-1 147
-1 147
-1 147
-1 147
-1 147
-1 147
-1 147
-1 147
-1 147
-1 147
-1 147
-1 147
-1 147
-1 147
-1 147
-1 147
-1 147
-1 147
-1 147
-1 147
-1 147
-1 147
-1 147
-1 147
-1 147
-1 147
-1 147
-1 147
-1 147
-1 147
-1 147
-1 147
-1 147
-1 147
-1 147
-1 147
-1 147
-1 147
-1 147
-1 147
-1 147
-1 147
-1 147
-1 147
-1 147
-1 147
-1 147
-1 147
-1 147
-1 147
-1 147
-1 147
-1 147
-1 147
-1 147
-1 147
-1 147
