-1 0
-1 0
-1 0
-1 0
-1 0
-1 0
-1 0
-1 0
-1 0
-1 0
-1 0
-1 0
-1 0
-1 0
-1 0
-1 0
-1 0
-1 0
-1 0
-1 0
-1 0
-1 0
-1 0
-1 0
-1 0
-1 0
-1 0
-1 0
-1 0
-1 0
-1 0
-1 0
-1 0
-1 0
-1 0
-1 0
-1 0
-1 0
-1 0
-1 0
-1 0
-1 0
-1 0
-1 0
-1 0
-1 0
-1 0
-1 0
-1 0
-1 0
-1 0
-1 0
-1 0
-1 0
-1 0
-1 0
-1 0
-1 0
-1 0
-1 0
-1 0
-1 0
-1 0
-1 0
-1 0
-1 0
-1 0
-1 0
-1 0
-1 0
-1 0
-1 0
-1 0
-1 0
-1 0
-1 0
-1 0
-1 0
-1 0
-1 0
-1 0
-1 0
-1 0
-1 0
-1 0
-1 0
-1 0
-1 0
-1 0
-1 0
-1 0
-1 0
-1 0
-1 0
-1 0
-1 0
-1 0
-1 0
-1 0
-1 0
-1 0
-1 0
-1 0
-1 0
-1 0
-1 0
-1 0
-1 0
-1 0
-1 0
-1 0
-1 0
-1 0
-1 0
-1 0
-1 0
0 25
-1 25
-1 25
-1 25
-1 25
-1 25
-1 25
-1 25
-1 25
-1 25
-1 25
-1 25
-1 25
-1 25
-1 25
-1 25
-1 25
-1 25
-1 25
-1 25
-1 25
-1 25
-1 25
-1 25
-1 25
-1 25
-1 25
-1 25
-1 25
-1 25
-1 25
-1 25
-1 25
-1 25
-1 25
-1 25
-1 25
-1 25
-1 25
-1 25
-1 25
-1 25
-1 25
-1 25
-1 25
-1 25
-1 25
-1 25
-1 25
-1 25
-1 25
-1 25
-1 25
-1 25
-1 25
-1 25
-1 25
-1 25
-1 25
-1 25
-1 25
-1 25
-1 25
-1 25
-1 25
-1 25
25 123
-1 123
-1 123
-1 123
-1 123
-1 123
-1 123
-1 123
-1 123
-1 123
-1 123
-1 123
-1 123
-1 123
-1 123
-1 123
-1 123
-1 123
-1 123
-1 123
-1 123
-1 123
-1 123
123 109
123 109
0 111
0 111
25 125
25 125
25 125
-1 1
-1 1
-1 1
-1 1
-1 1
-1 1
-1 1
-1 1
-1 1
-1 1
-1 1
-1 1
-1 1
-1 1
-1 1
-1 1
-1 1
-1 1
-1 1
-1 1
-1 1
-1 1
-1 1
-1 1
-1 1
-1 1
-1 1
-1 1
-1 1
-1 1
-1 1
-1 1
-1 1
-1 1
-1 1
-1 1
-1 1
-1 1
-1 1
-1 1
-1 1
-1 1
-1 1
-1 1
-1 1
-1 1
-1 1
-1 1
-1 1
-1 1
-1 1
-1 1
-1 1
-1 1
-1 1
-1 1
-1 1
-1 1
-1 1
-1 1
-1 1
-1 1
-1 1
-1 1
-1 1
-1 1
-1 1
-1 1
-1 1
-1 1
-1 1
-1 1
-1 1
-1 1
-1 1
-1 1
-1 1
-1 1
-1 1
-1 1
-1 1
-1 1
-1 1
-1 1
-1 1
-1 1
-1 1
-1 1
-1 1
-1 1
-1 1
-1 1
-1 1
-1 1
-1 1
-1 1
-1 1
-1 1
-1 1
-1 1
-1 1
-1 1
-1 1
-1 1
-1 1
-1 1
-1 1
-1 1
-1 1
-1 1
-1 1
-1 1
-1 1
-1 1
-1 1
-1 1
-1 1
-1 1
-1 1
-1 1
-1 1
-1 1
-1 1
-1 1
-1 1
-1 1
-1 1
-1 1
-1 1
-1 1
-1 1
-1 1
-1 1
-1 1
-1 1
-1 1
-1 1
-1 1
-1 1
-1 1
-1 1
-1 1
-1 1
-1 1
-1 1
-1 1
-1 1
-1 1
-1 1
-1 1
-1 1
-1 1
-1 1
-1 1
-1 1
-1 1
-1 1
-1 1
-1 1
-1 1
-1 1
-1 1
-1 1
-1 1
-1 1
-1 1
-1 1
-1 1
-1 1
-1 1
-1 1
-1 1
-1 1
-1 1
-1 1
-1 1
-1 1
-1 1
-1 1
-1 1
-1 1
-1 1
-1 1
-1 1
-1 1
-1 1
-1 1
-1 1
-1 1
-1 1
-1 1
-1 1
-1 1
-1 1
-1 1
-1 1
-1 1
-1 1
-1 1
-1 1
-1 1
-1 1
-1 1
-1 1
-1 1
-1 1
-1 1
-1 1
-1 1
-1 1
-1 1
-1 1
-1 1
-1 1
-1 1
-1 1
-1 1
-1 1
-1 1
-1 1
-1 1
-1 1
-1 1
-1 1
-1 1
-1 1
-1 1
-1 1
-1 1
-1 1
-1 1
-1 1
-1 1
-1 1
-1 1
-1 1
-1 1
-1 1
-1 1
-1 1
-1 1
-1 1
-1 1
-1 1
-1 1
-1 1
-1 1
-1 1
-1 1
-1 1
-1 1
-1 1
-1 1
-1 1
-1 1
-1 1
-1 1
-1 1
-1 1
-1 1
-1 1
-1 1
-1 1
-1 1
-1 1
-1 1
-1 1
-1 1
-1 1
-1 1
-1 1
-1 1
-1 1
-1 1
-1 1
-1 1
-1 1
-1 1
-1 1
-1 1
-1 1
-1 1
-1 1
-1 1
-1 1
-1 1
-1 1
-1 1
-1 1
-1 1
-1 1
-1 1
-1 1
-1 1
-1 1
-1 1
-1 1
-1 1
-1 1
-1 1
-1 1
-1 1
-1 1
-1 1
-1 1
-1 1
-1 1
-1 1
-1 1
-1 1
-1 1
-1 1
-1 1
-1 1
-1 1
-1 1
-1 1
-1 1
-1 1
-1 1
-1 1
-1 1
-1 1
-1 1
-1 1
-1 1
-1 1
-1 1
-1 1
-1 1
-1 1
-1 1
-1 1
-1 1
-1 1
-1 1
-1 1
-1 1
-1 1
-1 1
-1 1
-1 1
-1 1
-1 1
-1 1
-1 1
-1 1
-1 1
-1 1
-1 1
-1 1
-1 1
-1 1
-1 1
-1 1
-1 1
-1 1
-1 1
-1 1
-1 1
-1 1
-1 1
-1 1
-1 1
-1 1
-1 1
-1 1
-1 1
-1 1
-1 1
-1 1
-1 1
-1 1
-1 1
-1 1
-1 1
-1 1
-1 1
-1 1
-1 1
-1 1
-1 1
-1 1
-1 1
-1 1
-1 1
-1 1
-1 1
-1 1
-1 1
-1 1
-1 1
-1 1
-1 1
-1 1
-1 1
-1 1
-1 1
-1 1
-1 1
-1 1
-1 1
-1 1
-1 1
-1 1
-1 1
-1 1
-1 1
-1 1
-1 1
-1 1
-1 1
-1 1
-1 1
-1 1
-1 1
-1 1
-1 1
-1 1
-1 1
-1 1
-1 1
-1 1
-1 1
-1 1
-1 1
-1 1
-1 1
-1 1
-1 1
-1 1
-1 1
-1 1
-1 1
-1 1
-1 1
1 101
101 134
101 134
-1 134
-1 134
-1 134
-1 134
-1 134
-1 134
-1 134
-1 134
-1 134
-1 134
-1 134
-1 134
-1 134
-1 134
-1 134
-1 134
-1 134
-1 134
-1 134
-1 134
-1 134
-1 134
-1 134
-1 134
-1 134
-1 134
-1 134
-1 134
-1 134
-1 134
-1 134
-1 134
-1 134
-1 134
-1 134
-1 134
-1 134
-1 134
-1 134
-1 134
-1 134
-1 134
-1 134
-1 134
-1 134
-1 134
-1 134
-1 134
-1 134
-1 134
-1 134
-1 134
-1 134
-1 134
-1 134
-1 134
-1 134
-1 134
-1 134
-1 134
-1 134
-1 134
-1 134
-1 134
-1 134
-1 134
-1 134
-1 134
-1 134
-1 134
-1 134
-1 134
-1 134
-1 134
-1 134
-1 134
-1 134
-1 134
-1 134
-1 134
134 31
-1 31
-1 31
-1 31
-1 31
-1 31
-1 31
-1 31
-1 31
-1 31
-1 31
-1 31
-1 31
-1 31
-1 31
-1 31
-1 31
-1 31
-1 31
-1 31
-1 31
-1 31
-1 31
-1 31
-1 31
-1 31
-1 31
-1 31
-1 31
-1 31
-1 31
-1 31
-1 31
-1 31
-1 31
-1 31
-1 31
-1 31
-1 31
-1 31
31 182
31 182
-1 182
-1 182
-1 182
-1 182
-1 182
-1 182
-1 182
-1 182
-1 182
-1 182
-1 182
-1 182
-1 182
-1 182
-1 182
-1 182
-1 182
-1 182
-1 182
-1 182
-1 182
-1 182
-1 182
-1 182
-1 182
-1 182
-1 182
-1 182
-1 182
-1 182
-1 182
-1 182
-1 182
-1 182
-1 182
-1 182
-1 182
-1 182
-1 182
-1 182
-1 182
-1 182
-1 182
-1 182
-1 182
-1 182
-1 182
-1 182
-1 182
-1 182
-1 182
-1 182
-1 182
-1 182
-1 182
-1 182
-1 182
-1 182
-1 182
-1 182
-1 182
-1 182
-1 182
-1 182
-1 182
-1 182
-1 182
-1 182
-1 182
-1 182
-1 182
-1 182
-1 182
-1 182
-1 182
-1 182
-1 182
-1 182
-1 182
-1 182
-1 182
-1 182
-1 182
-1 182
-1 182
-1 182
-1 182
-1 182
-1 182
182 22
31 192
31 192
1 15
1 15
101 174
101 174
-1 174
-1 174
-1 174
-1 174
-1 174
-1 174
-1 174
-1 174
-1 174
-1 174
-1 174
-1 174
-1 174
-1 174
-1 174
-1 174
-1 174
-1 174
-1 174
-1 174
-1 174
-1 174
-1 174
-1 174
-1 174
-1 174
-1 174
-1 174
-1 174
-1 174
-1 174
-1 174
-1 174
-1 174
-1 174
-1 174
-1 174
-1 174
-1 174
-1 174
-1 174
-1 174
-1 174
-1 174
-1 174
-1 174
-1 174
-1 174
-1 174
-1 174
-1 174
-1 174
-1 174
-1 174
-1 174
-1 174
-1 174
-1 174
-1 174
-1 174
-1 174
-1 174
-1 174
-1 174
-1 174
-1 174
-1 174
-1 174
-1 174
-1 174
-1 174
-1 174
-1 174
-1 174
-1 174
-1 174
-1 174
-1 174
-1 174
174 4
-1 4
-1 4
-1 4
-1 4
-1 4
-1 4
-1 4
-1 4
-1 4
-1 4
-1 4
-1 4
-1 4
-1 4
4 18
4 183
174 131
-1 131
-1 131
-1 131
-1 131
-1 131
-1 131
-1 131
-1 131
-1 131
-1 131
-1 131
-1 131
-1 131
-1 131
-1 131
-1 131
-1 131
-1 131
-1 131
-1 131
-1 131
-1 131
-1 131
-1 131
-1 131
-1 131
-1 131
-1 131
-1 131
-1 131
-1 131
-1 131
-1 131
-1 131
-1 131
-1 131
-1 131
-1 131
-1 131
-1 131
-1 131
-1 131
-1 131
-1 131
-1 131
-1 131
-1 131
-1 131
-1 131
-1 131
-1 131
-1 131
-1 131
-1 131
-1 131
-1 131
-1 131
-1 131
-1 131
-1 131
-1 131
-1 131
-1 131
-1 131
-1 131
-1 131
-1 131
-1 131
-1 131
-1 131
-1 131
-1 131
-1 131
-1 131
-1 131
131 16
131 16
174 141
-1 141
-1 141
-1 141
-1 141
-1 141
-1 141
-1 141
-1 141
-1 141
-1 141
-1 141
-1 141
-1 141
-1 141
-1 141
-1 141
-1 141
-1 141
-1 141
-1 141
-1 141
-1 141
-1 141
-1 141
-1 141
4 18
18 111
18 11
-1 11
-1 11
-1 11
-1 11
-1 11
-1 11
-1 11
-1 11
-1 11
-1 11
-1 11
-1 11
-1 11
-1 11
-1 11
-1 11
-1 11
-1 11
-1 11
-1 11
-1 11
-1 11
-1 11
-1 11
-1 11
-1 11
11 66
-1 66
-1 66
-1 66
-1 66
-1 66
-1 66
-1 66
-1 66
-1 66
-1 66
-1 66
-1 66
-1 66
-1 66
-1 66
-1 66
-1 66
4 183
18 96
18 96
-1 96
-1 96
-1 96
-1 96
-1 96
-1 96
-1 96
-1 96
-1 96
-1 96
-1 96
-1 96
-1 96
-1 96
-1 96
-1 96
-1 96
-1 96
-1 96
-1 96
-1 96
-1 96
-1 96
-1 96
-1 96
-1 96
-1 96
-1 96
-1 96
-1 96
-1 96
-1 96
-1 96
-1 96
-1 96
-1 96
-1 96
-1 96
-1 96
-1 96
-1 96
-1 96
-1 96
-1 96
-1 96
-1 96
-1 96
-1 96
-1 96
-1 96
-1 96
-1 96
-1 96
-1 96
-1 96
-1 96
-1 96
-1 96
-1 96
-1 96
-1 96
-1 96
-1 96
-1 96
-1 96
96 112
-1 112
-1 112
-1 112
-1 112
-1 112
-1 112
-1 112
-1 112
-1 112
-1 112
-1 112
-1 112
183 10
174 19
-1 19
-1 19
-1 19
-1 19
-1 19
-1 19
-1 19
-1 19
-1 19
-1 19
-1 19
-1 19
-1 19
-1 19
-1 19
-1 19
-1 19
-1 19
-1 19
-1 19
-1 19
-1 19
-1 19
-1 19
-1 19
-1 19
-1 19
-1 19
-1 19
-1 19
-1 19
-1 19
-1 19
-1 19
-1 19
-1 19
-1 19
-1 19
-1 19
-1 19
-1 19
-1 19
-1 19
-1 19
-1 19
-1 19
-1 19
-1 19
-1 19
-1 19
-1 19
-1 19
-1 19
-1 19
-1 19
-1 19
-1 19
-1 19
-1 19
-1 19
-1 19
-1 19
-1 19
-1 19
-1 19
-1 19
-1 19
-1 19
-1 19
-1 19
-1 19
-1 19
-1 19
-1 19
-1 19
-1 19
-1 19
-1 19
-1 19
-1 19
-1 19
-1 19
-1 19
-1 19
-1 19
-1 19
19 119
141 40
-1 40
-1 40
-1 40
-1 40
-1 40
-1 40
-1 40
-1 40
-1 40
-1 40
-1 40
-1 40
-1 40
-1 40
-1 40
-1 40
-1 40
-1 40
-1 40
-1 40
-1 40
-1 40
-1 40
-1 40
-1 40
-1 40
-1 40
-1 40
-1 40
-1 40
-1 40
-1 40
-1 40
-1 40
-1 40
-1 40
-1 40
-1 40
-1 40
-1 40
-1 40
-1 40
-1 40
-1 40
-1 40
-1 40
-1 40
-1 40
-1 40
-1 40
-1 40
-1 40
-1 40
-1 40
-1 40
-1 40
-1 40
-1 40
-1 40
-1 40
-1 40
-1 40
-1 40
-1 40
-1 40
-1 40
-1 40
-1 40
-1 40
-1 40
-1 40
-1 40
-1 40
-1 40
-1 40
-1 40
-1 40
-1 40
-1 40
-1 40
-1 40
-1 40
-1 40
-1 40
-1 40
-1 40
-1 40
-1 40
-1 40
-1 40
-1 40
-1 40
-1 40
40 181
-1 181
-1 181
-1 181
-1 181
-1 181
-1 181
-1 181
-1 181
-1 181
-1 181
-1 181
-1 181
-1 181
-1 181
-1 181
-1 181
-1 181
-1 181
-1 181
-1 181
-1 181
-1 181
-1 181
-1 181
-1 181
-1 181
-1 181
-1 181
-1 181
-1 181
-1 181
-1 181
-1 181
-1 181
-1 181
-1 181
-1 181
-1 181
-1 181
-1 181
-1 181
-1 181
-1 181
-1 181
-1 181
-1 181
-1 181
-1 181
-1 181
-1 181
-1 181
-1 181
-1 181
-1 181
-1 181
40 199
40 199
-1 199
-1 199
-1 199
-1 199
-1 199
-1 199
-1 199
-1 199
-1 199
-1 199
-1 199
-1 199
-1 199
-1 199
-1 199
-1 199
-1 199
-1 199
-1 199
-1 199
-1 199
-1 199
-1 199
-1 199
-1 199
-1 199
-1 199
-1 199
-1 199
-1 199
-1 199
-1 199
-1 199
-1 199
-1 199
-1 199
-1 199
-1 199
-1 199
-1 199
-1 199
-1 199
-1 199
-1 199
-1 199
-1 199
-1 199
-1 199
-1 199
-1 199
-1 199
-1 199
-1 199
-1 199
-1 199
-1 199
-1 199
-1 199
-1 199
-1 199
-1 199
-1 199
-1 199
-1 199
-1 199
199 125
199 125
-1 125
-1 125
-1 125
-1 125
-1 125
-1 125
-1 125
-1 125
-1 125
-1 125
-1 125
-1 125
-1 125
-1 125
-1 125
-1 125
-1 125
-1 125
-1 125
-1 125
-1 125
-1 125
-1 125
-1 125
-1 125
-1 125
-1 125
-1 125
-1 125
-1 125
-1 125
-1 125
-1 125
-1 125
-1 125
-1 125
-1 125
-1 125
-1 125
-1 125
-1 125
-1 125
-1 125
181 186
181 186
181 186
-1 186
-1 186
-1 186
-1 186
-1 186
-1 186
-1 186
-1 186
-1 186
-1 186
-1 186
-1 186
-1 186
-1 186
-1 186
-1 186
-1 186
-1 186
-1 186
-1 186
-1 186
-1 186
-1 186
-1 186
-1 186
-1 186
-1 186
-1 186
-1 186
-1 186
-1 186
-1 186
-1 186
-1 186
-1 186
-1 186
-1 186
-1 186
-1 186
-1 186
-1 186
-1 186
-1 186
-1 186
-1 186
-1 186
-1 186
-1 186
-1 186
-1 186
-1 186
-1 186
-1 186
-1 186
-1 186
-1 186
-1 186
-1 186
-1 186
-1 186
-1 186
-1 186
-1 186
-1 186
-1 186
-1 186
-1 186
-1 186
-1 186
-1 186
-1 186
-1 186
-1 186
-1 186
-1 186
-1 186
-1 186
-1 186
174 190
174 190
111 20
111 20
111 20
111 20
11 86
11 86
11 86
-1 86
-1 86
-1 86
-1 86
-1 86
-1 86
-1 86
-1 86
-1 86
-1 86
-1 86
-1 86
-1 86
-1 86
-1 86
-1 86
-1 86
-1 86
-1 86
-1 86
-1 86
-1 86
-1 86
-1 86
-1 86
-1 86
-1 86
-1 86
-1 86
-1 86
-1 86
-1 86
-1 86
-1 86
-1 86
-1 86
-1 86
-1 86
-1 86
-1 86
-1 86
-1 86
-1 86
-1 86
-1 86
-1 86
-1 86
-1 86
-1 86
-1 86
-1 86
-1 86
-1 86
-1 86
-1 86
-1 86
-1 86
-1 86
-1 86
-1 86
-1 86
-1 86
-1 86
-1 86
-1 86
-1 86
-1 86
-1 86
-1 86
-1 86
-1 86
-1 86
-1 86
-1 86
-1 86
-1 86
86 187
86 187
86 187
96 147
96 147
112 146
112 146
141 90
141 90
141 90
66 197
66 197
66 197
186 105
186 105
-1 105
-1 105
-1 105
-1 105
-1 105
-1 105
-1 105
-1 105
-1 105
-1 105
-1 105
-1 105
-1 105
-1 105
-1 105
-1 105
-1 105
-1 105
-1 105
-1 105
-1 105
-1 105
-1 105
-1 105
-1 105
-1 105
-1 105
-1 105
-1 105
-1 105
-1 105
-1 105
-1 105
-1 105
-1 105
-1 105
-1 105
-1 105
-1 105
-1 105
-1 105
-1 105
-1 105
-1 105
-1 105
-1 105
-1 105
-1 105
-1 105
-1 105
-1 105
-1 105
-1 105
-1 105
-1 105
-1 105
-1 105
-1 105
-1 105
-1 105
-1 105
-1 105
-1 105
-1 105
-1 105
-1 105
-1 105
-1 105
-1 105
-1 105
-1 105
-1 105
-1 105
-1 105
105 83
83 52
83 152
52 45
52 45
83 146
83 146
-1 146
-1 146
-1 146
-1 146
-1 146
-1 146
-1 146
-1 146
-1 146
-1 146
-1 146
-1 146
-1 146
-1 146
-1 146
-1 146
-1 146
-1 146
-1 146
-1 146
-1 146
-1 146
-1 146
-1 146
-1 146
-1 146
-1 146
-1 146
-1 146
-1 146
-1 146
-1 146
-1 146
-1 146
-1 146
-1 146
-1 146
-1 146
-1 146
-1 146
-1 146
-1 146
-1 146
-1 146
-1 146
-1 146
-1 146
-1 146
-1 146
-1 146
-1 146
-1 146
-1 146
-1 146
-1 146
-1 146
-1 146
-1 146
-1 146
-1 146
-1 146
-1 146
-1 146
-1 146
-1 146
-1 146
-1 146
-1 146
-1 146
-1 146
-1 146
-1 146
-1 146
-1 146
-1 146
-1 146
-1 146
146 74
152 198
186 185
186 185
186 185
186 185
181 129
-1 129
-1 129
-1 129
-1 129
-1 129
-1 129
-1 129
-1 129
-1 129
-1 129
-1 129
-1 129
-1 129
-1 129
-1 129
-1 129
-1 129
-1 129
-1 129
-1 129
-1 129
-1 129
-1 129
-1 129
-1 129
-1 129
-1 129
-1 129
-1 129
-1 129
-1 129
-1 129
-1 129
-1 129
-1 129
-1 129
-1 129
-1 129
-1 129
-1 129
-1 129
-1 129
-1 129
-1 129
-1 129
-1 129
-1 129
-1 129
-1 129
-1 129
-1 129
-1 129
-1 129
-1 129
-1 129
-1 129
-1 129
-1 129
-1 129
-1 129
-1 129
-1 129
-1 129
-1 129
-1 129
-1 129
-1 129
-1 129
-1 129
-1 129
-1 129
-1 129
-1 129
-1 129
-1 129
-1 129
-1 129
-1 129
-1 129
-1 129
-1 129
-1 129
-1 129
129 118
-1 118
-1 118
-1 118
-1 118
-1 118
-1 118
-1 118
-1 118
-1 118
-1 118
-1 118
-1 118
-1 118
-1 118
-1 118
-1 118
-1 118
-1 118
-1 118
-1 118
-1 118
-1 118
-1 118
-1 118
-1 118
-1 118
-1 118
118 115
129 147
-1 147
-1 147
-1 147
-1 147
-1 147
-1 147
-1 147
-1 147
-1 147
-1 147
-1 147
-1 147
-1 147
-1 147
-1 147
-1 147
-1 147
-1 147
-1 147
-1 147
-1 147
-1 147
-1 147
-1 147
-1 147
-1 147
-1 147
-1 147
-1 147
-1 147
-1 147
-1 147
-1 147
-1 147
-1 147
-1 147
-1 147
-1 147
-1 147
-1 147
-1 147
-1 147
-1 147
-1 147
-1 147
-1 147
-1 147
-1 147
-1 147
-1 147
-1 147
-1 147
-1 147
-1 147
-1 147
-1 147
-1 147
-1 147
-1 147
-1 147
-1 147
-1 147
-1 147
-1 147
-1 147
-1 147
-1 147
-1 147
-1 147
-1 147
-1 147
-1 147
-1 147
-1 147
-1 147
-1 147
-1 147
-1 147
-1 147
-1 147
-1 147
-1 147
-1 147
-1 147
-1 147
-1 147
-1 147
-1 147
-1 147
-1 147
-1 147
-1 147
129 71
129 71
-1 71
-1 71
-1 71
-1 71
-1 71
-1 71
-1 71
-1 71
-1 71
-1 71
-1 71
-1 71
-1 71
-1 71
-1 71
-1 71
-1 71
-1 71
-1 71
-1 71
-1 71
-1 71
-1 71
-1 71
-1 71
-1 71
-1 71
-1 71
-1 71
-1 71
-1 71
-1 71
-1 71
-1 71
-1 71
-1 71
-1 71
-1 71
-1 71
-1 71
-1 71
-1 71
-1 71
-1 71
-1 71
-1 71
-1 71
-1 71
-1 71
-1 71
-1 71
-1 71
-1 71
-1 71
-1 71
-1 71
-1 71
-1 71
-1 71
-1 71
-1 71
-1 71
-1 71
-1 71
-1 71
-1 71
-1 71
-1 71
-1 71
-1 71
-1 71
-1 71
-1 71
71 157
71 26
71 188
-1 188
-1 188
-1 188
-1 188
-1 188
-1 188
-1 188
-1 188
-1 188
-1 188
-1 188
-1 188
-1 188
-1 188
-1 188
-1 188
-1 188
-1 188
-1 188
-1 188
-1 188
-1 188
-1 188
-1 188
-1 188
-1 188
-1 188
-1 188
-1 188
-1 188
-1 188
-1 188
-1 188
-1 188
-1 188
-1 188
-1 188
-1 188
-1 188
-1 188
-1 188
-1 188
-1 188
-1 188
-1 188
-1 188
-1 188
-1 188
-1 188
-1 188
-1 188
-1 188
-1 188
-1 188
-1 188
-1 188
-1 188
-1 188
-1 188
-1 188
-1 188
-1 188
-1 188
-1 188
-1 188
-1 188
-1 188
-1 188
-1 188
-1 188
-1 188
-1 188
-1 188
-1 188
188 70
-1 70
-1 70
-1 70
-1 70
-1 70
-1 70
-1 70
-1 70
-1 70
-1 70
-1 70
-1 70
-1 70
-1 70
-1 70
-1 70
-1 70
-1 70
-1 70
-1 70
-1 70
-1 70
-1 70
-1 70
-1 70
-1 70
-1 70
-1 70
-1 70
-1 70
-1 70
-1 70
-1 70
-1 70
-1 70
-1 70
-1 70
-1 70
-1 70
-1 70
-1 70
-1 70
-1 70
-1 70
-1 70
71 6
71 6
6 133
70 35
6 133
35 100
71 26
26 45
-1 45
-1 45
-1 45
-1 45
-1 45
-1 45
45 121
-1 121
-1 121
-1 121
-1 121
-1 121
-1 121
-1 121
-1 121
-1 121
-1 121
-1 121
-1 121
-1 121
-1 121
-1 121
-1 121
-1 121
-1 121
-1 121
-1 121
-1 121
-1 121
-1 121
-1 121
-1 121
-1 121
-1 121
-1 121
-1 121
-1 121
-1 121
-1 121
-1 121
-1 121
-1 121
-1 121
115 30
115 82
115 82
-1 82
-1 82
-1 82
-1 82
-1 82
-1 82
-1 82
-1 82
-1 82
-1 82
-1 82
-1 82
-1 82
-1 82
-1 82
-1 82
-1 82
-1 82
-1 82
-1 82
-1 82
-1 82
-1 82
-1 82
82 65
-1 65
-1 65
-1 65
-1 65
-1 65
-1 65
-1 65
-1 65
-1 65
-1 65
-1 65
-1 65
-1 65
-1 65
-1 65
-1 65
-1 65
-1 65
-1 65
-1 65
-1 65
-1 65
-1 65
-1 65
-1 65
-1 65
-1 65
-1 65
-1 65
-1 65
-1 65
-1 65
-1 65
-1 65
-1 65
-1 65
-1 65
-1 65
-1 65
-1 65
-1 65
-1 65
-1 65
-1 65
-1 65
-1 65
-1 65
-1 65
-1 65
-1 65
-1 65
-1 65
-1 65
-1 65
-1 65
-1 65
-1 65
-1 65
-1 65
-1 65
-1 65
-1 65
-1 65
-1 65
-1 65
-1 65
-1 65
-1 65
-1 65
-1 65
-1 65
45 78
45 78
45 78
45 78
-1 78
-1 78
-1 78
-1 78
-1 78
-1 78
-1 78
-1 78
-1 78
-1 78
-1 78
-1 78
-1 78
-1 78
-1 78
-1 78
-1 78
-1 78
-1 78
-1 78
-1 78
-1 78
-1 78
-1 78
-1 78
-1 78
-1 78
-1 78
-1 78
-1 78
-1 78
-1 78
-1 78
-1 78
-1 78
-1 78
-1 78
-1 78
-1 78
-1 78
-1 78
-1 78
-1 78
-1 78
-1 78
-1 78
-1 78
-1 78
-1 78
-1 78
-1 78
-1 78
-1 78
-1 78
-1 78
-1 78
-1 78
-1 78
-1 78
-1 78
-1 78
-1 78
-1 78
-1 78
-1 78
-1 78
-1 78
-1 78
-1 78
-1 78
-1 78
-1 78
-1 78
-1 78
-1 78
-1 78
78 153
78 153
78 109
78 38
153 190
-1 190
-1 190
-1 190
-1 190
-1 190
-1 190
-1 190
-1 190
-1 190
-1 190
-1 190
-1 190
-1 190
-1 190
-1 190
-1 190
-1 190
-1 190
-1 190
-1 190
-1 190
-1 190
-1 190
-1 190
-1 190
-1 190
-1 190
-1 190
-1 190
-1 190
-1 190
-1 190
-1 190
-1 190
-1 190
-1 190
-1 190
-1 190
-1 190
-1 190
-1 190
-1 190
-1 190
-1 190
-1 190
-1 190
-1 190
-1 190
-1 190
-1 190
-1 190
-1 190
-1 190
-1 190
-1 190
-1 190
-1 190
-1 190
-1 190
-1 190
-1 190
-1 190
-1 190
35 100
100 67
100 67
188 166
188 166
-1 166
-1 166
-1 166
-1 166
-1 166
-1 166
-1 166
-1 166
-1 166
-1 166
-1 166
-1 166
-1 166
-1 166
-1 166
-1 166
-1 166
-1 166
-1 166
-1 166
-1 166
-1 166
-1 166
-1 166
-1 166
-1 166
-1 166
-1 166
-1 166
-1 166
-1 166
-1 166
-1 166
-1 166
-1 166
-1 166
-1 166
-1 166
-1 166
-1 166
-1 166
-1 166
-1 166
-1 166
-1 166
-1 166
-1 166
-1 166
-1 166
-1 166
-1 166
-1 166
-1 166
-1 166
-1 166
-1 166
-1 166
-1 166
-1 166
-1 166
-1 166
-1 166
-1 166
-1 166
-1 166
-1 166
-1 166
-1 166
-1 166
-1 166
-1 166
-1 166
-1 166
-1 166
-1 166
166 130
-1 130
-1 130
-1 130
-1 130
-1 130
-1 130
-1 130
-1 130
-1 130
-1 130
-1 130
-1 130
-1 130
-1 130
-1 130
-1 130
-1 130
-1 130
-1 130
-1 130
-1 130
-1 130
-1 130
-1 130
-1 130
-1 130
-1 130
-1 130
-1 130
-1 130
-1 130
-1 130
-1 130
-1 130
-1 130
-1 130
-1 130
-1 130
-1 130
-1 130
-1 130
-1 130
-1 130
-1 130
-1 130
-1 130
-1 130
-1 130
-1 130
-1 130
-1 130
-1 130
-1 130
-1 130
-1 130
-1 130
-1 130
-1 130
-1 130
-1 130
-1 130
-1 130
-1 130
-1 130
-1 130
-1 130
-1 130
-1 130
-1 130
-1 130
-1 130
-1 130
-1 130
-1 130
-1 130
-1 130
-1 130
-1 130
-1 130
-1 130
-1 130
-1 130
-1 130
-1 130
-1 130
-1 130
-1 130
-1 130
-1 130
-1 130
-1 130
-1 130
166 114
-1 114
-1 114
-1 114
-1 114
-1 114
-1 114
-1 114
-1 114
-1 114
-1 114
-1 114
-1 114
-1 114
-1 114
-1 114
-1 114
-1 114
-1 114
-1 114
-1 114
-1 114
-1 114
-1 114
-1 114
-1 114
-1 114
-1 114
-1 114
-1 114
-1 114
-1 114
-1 114
-1 114
-1 114
-1 114
-1 114
-1 114
-1 114
-1 114
-1 114
-1 114
-1 114
-1 114
-1 114
-1 114
-1 114
-1 114
-1 114
-1 114
-1 114
-1 114
-1 114
-1 114
-1 114
-1 114
-1 114
-1 114
-1 114
-1 114
-1 114
-1 114
-1 114
-1 114
-1 114
-1 114
-1 114
-1 114
-1 114
-1 114
-1 114
-1 114
114 87
-1 87
-1 87
-1 87
-1 87
-1 87
129 55
-1 55
-1 55
-1 55
-1 55
-1 55
-1 55
-1 55
-1 55
-1 55
-1 55
-1 55
-1 55
-1 55
-1 55
-1 55
-1 55
-1 55
-1 55
-1 55
-1 55
-1 55
-1 55
-1 55
-1 55
-1 55
-1 55
-1 55
-1 55
-1 55
-1 55
-1 55
-1 55
-1 55
-1 55
-1 55
-1 55
-1 55
-1 55
-1 55
-1 55
-1 55
-1 55
-1 55
-1 55
-1 55
-1 55
-1 55
-1 55
-1 55
-1 55
-1 55
-1 55
-1 55
-1 55
-1 55
-1 55
-1 55
-1 55
-1 55
-1 55
-1 55
-1 55
-1 55
-1 55
-1 55
-1 55
-1 55
-1 55
-1 55
-1 55
-1 55
-1 55
-1 55
-1 55
-1 55
-1 55
-1 55
-1 55
-1 55
-1 55
-1 55
-1 55
55 39
157 29
157 29
118 42
118 42
147 81
147 81
-1 81
-1 81
-1 81
-1 81
-1 81
-1 81
-1 81
-1 81
-1 81
-1 81
-1 81
-1 81
-1 81
-1 81
-1 81
-1 81
-1 81
-1 81
-1 81
-1 81
-1 81
-1 81
-1 81
-1 81
-1 81
-1 81
-1 81
-1 81
-1 81
-1 81
-1 81
-1 81
-1 81
-1 81
-1 81
-1 81
81 194
87 170
-1 170
-1 170
-1 170
-1 170
-1 170
-1 170
-1 170
-1 170
-1 170
-1 170
-1 170
-1 170
-1 170
-1 170
-1 170
-1 170
-1 170
-1 170
-1 170
-1 170
-1 170
-1 170
-1 170
-1 170
-1 170
-1 170
-1 170
-1 170
-1 170
-1 170
-1 170
-1 170
-1 170
-1 170
-1 170
-1 170
-1 170
-1 170
-1 170
-1 170
-1 170
-1 170
-1 170
-1 170
-1 170
-1 170
-1 170
-1 170
-1 170
-1 170
-1 170
-1 170
-1 170
-1 170
-1 170
-1 170
-1 170
-1 170
-1 170
-1 170
-1 170
-1 170
-1 170
-1 170
-1 170
-1 170
-1 170
-1 170
-1 170
-1 170
-1 170
-1 170
-1 170
-1 170
-1 170
-1 170
-1 170
-1 170
-1 170
-1 170
-1 170
-1 170
-1 170
170 127
-1 127
-1 127
-1 127
-1 127
-1 127
-1 127
-1 127
-1 127
-1 127
-1 127
-1 127
-1 127
-1 127
-1 127
-1 127
-1 127
-1 127
-1 127
-1 127
-1 127
-1 127
-1 127
-1 127
-1 127
-1 127
-1 127
-1 127
-1 127
-1 127
-1 127
-1 127
-1 127
-1 127
-1 127
-1 127
-1 127
-1 127
-1 127
-1 127
-1 127
-1 127
-1 127
-1 127
-1 127
-1 127
-1 127
-1 127
-1 127
-1 127
-1 127
-1 127
-1 127
-1 127
-1 127
-1 127
-1 127
-1 127
-1 127
-1 127
-1 127
-1 127
127 151
127 151
151 73
-1 73
-1 73
-1 73
-1 73
-1 73
-1 73
-1 73
-1 73
-1 73
-1 73
73 80
73 80
-1 80
-1 80
-1 80
-1 80
-1 80
-1 80
-1 80
-1 80
-1 80
-1 80
-1 80
-1 80
-1 80
-1 80
80 10
80 79
79 185
185 41
185 41
41 189
-1 189
-1 189
-1 189
-1 189
-1 189
-1 189
-1 189
-1 189
-1 189
-1 189
-1 189
-1 189
-1 189
-1 189
-1 189
-1 189
-1 189
-1 189
-1 189
-1 189
-1 189
-1 189
-1 189
-1 189
-1 189
-1 189
-1 189
-1 189
-1 189
-1 189
-1 189
-1 189
-1 189
-1 189
-1 189
-1 189
-1 189
-1 189
-1 189
-1 189
-1 189
-1 189
-1 189
-1 189
-1 189
-1 189
-1 189
-1 189
-1 189
-1 189
-1 189
-1 189
-1 189
41 184
41 184
-1 184
-1 184
-1 184
-1 184
-1 184
-1 184
-1 184
-1 184
-1 184
-1 184
-1 184
-1 184
-1 184
-1 184
-1 184
-1 184
184 99
184 99
99 198
184 191
189 156
-1 156
-1 156
-1 156
-1 156
-1 156
-1 156
-1 156
-1 156
-1 156
-1 156
-1 156
-1 156
-1 156
-1 156
-1 156
-1 156
-1 156
-1 156
-1 156
-1 156
-1 156
-1 156
-1 156
-1 156
-1 156
-1 156
-1 156
-1 156
-1 156
-1 156
-1 156
-1 156
-1 156
-1 156
-1 156
-1 156
-1 156
-1 156
-1 156
-1 156
-1 156
-1 156
-1 156
-1 156
-1 156
-1 156
-1 156
-1 156
-1 156
-1 156
-1 156
-1 156
-1 156
-1 156
-1 156
-1 156
-1 156
-1 156
-1 156
-1 156
-1 156
-1 156
-1 156
-1 156
-1 156
-1 156
-1 156
-1 156
-1 156
-1 156
-1 156
-1 156
-1 156
-1 156
-1 156
-1 156
-1 156
-1 156
-1 156
-1 156
-1 156
-1 156
-1 156
-1 156
-1 156
-1 156
-1 156
-1 156
-1 156
-1 156
-1 156
-1 156
-1 156
-1 156
-1 156
-1 156
-1 156
156 137
-1 137
-1 137
-1 137
-1 137
-1 137
-1 137
-1 137
-1 137
-1 137
-1 137
-1 137
-1 137
-1 137
-1 137
-1 137
-1 137
-1 137
-1 137
-1 137
-1 137
-1 137
-1 137
-1 137
-1 137
-1 137
-1 137
-1 137
-1 137
-1 137
-1 137
-1 137
-1 137
-1 137
-1 137
-1 137
-1 137
-1 137
-1 137
-1 137
-1 137
-1 137
-1 137
-1 137
-1 137
-1 137
-1 137
-1 137
-1 137
-1 137
-1 137
-1 137
-1 137
-1 137
-1 137
-1 137
-1 137
-1 137
-1 137
-1 137
-1 137
-1 137
-1 137
-1 137
-1 137
-1 137
-1 137
-1 137
-1 137
-1 137
-1 137
-1 137
10 109
-1 109
-1 109
-1 109
-1 109
-1 109
-1 109
-1 109
-1 109
-1 109
-1 109
-1 109
-1 109
-1 109
109 61
109 61
-1 61
-1 61
-1 61
-1 61
-1 61
-1 61
-1 61
-1 61
-1 61
-1 61
-1 61
-1 61
-1 61
-1 61
-1 61
-1 61
-1 61
-1 61
-1 61
-1 61
-1 61
-1 61
-1 61
-1 61
-1 61
-1 61
-1 61
-1 61
-1 61
-1 61
-1 61
-1 61
-1 61
-1 61
-1 61
-1 61
-1 61
-1 61
-1 61
-1 61
-1 61
-1 61
-1 61
-1 61
-1 61
-1 61
-1 61
-1 61
-1 61
-1 61
-1 61
-1 61
-1 61
-1 61
-1 61
-1 61
-1 61
-1 61
151 22
151 22
-1 22
-1 22
-1 22
-1 22
-1 22
-1 22
-1 22
-1 22
-1 22
-1 22
-1 22
-1 22
-1 22
-1 22
151 42
-1 42
-1 42
-1 42
42 58
58 164
-1 164
-1 164
-1 164
-1 164
-1 164
-1 164
-1 164
-1 164
-1 164
-1 164
-1 164
-1 164
-1 164
-1 164
-1 164
-1 164
-1 164
-1 164
-1 164
-1 164
-1 164
-1 164
-1 164
-1 164
-1 164
-1 164
-1 164
-1 164
-1 164
-1 164
-1 164
-1 164
-1 164
-1 164
-1 164
-1 164
-1 164
-1 164
-1 164
-1 164
-1 164
-1 164
-1 164
-1 164
-1 164
-1 164
-1 164
-1 164
-1 164
-1 164
-1 164
-1 164
-1 164
-1 164
-1 164
-1 164
-1 164
-1 164
-1 164
-1 164
-1 164
-1 164
-1 164
-1 164
-1 164
-1 164
-1 164
-1 164
-1 164
-1 164
-1 164
41 113
41 113
-1 113
-1 113
-1 113
-1 113
-1 113
-1 113
-1 113
-1 113
-1 113
-1 113
-1 113
-1 113
-1 113
-1 113
-1 113
-1 113
-1 113
-1 113
-1 113
-1 113
-1 113
-1 113
-1 113
-1 113
-1 113
-1 113
-1 113
-1 113
-1 113
-1 113
-1 113
-1 113
-1 113
-1 113
-1 113
-1 113
-1 113
-1 113
-1 113
-1 113
-1 113
-1 113
-1 113
-1 113
-1 113
-1 113
-1 113
-1 113
-1 113
-1 113
-1 113
113 194
113 194
-1 194
194 93
194 93
-1 93
-1 93
-1 93
-1 93
-1 93
-1 93
58 117
58 117
-1 117
-1 117
-1 117
-1 117
-1 117
-1 117
-1 117
-1 117
-1 117
-1 117
-1 117
-1 117
-1 117
-1 117
-1 117
-1 117
-1 117
-1 117
-1 117
-1 117
-1 117
-1 117
-1 117
-1 117
-1 117
-1 117
-1 117
-1 117
-1 117
-1 117
-1 117
-1 117
-1 117
-1 117
-1 117
-1 117
-1 117
-1 117
-1 117
-1 117
-1 117
-1 117
-1 117
-1 117
-1 117
-1 117
-1 117
-1 117
-1 117
-1 117
-1 117
-1 117
-1 117
-1 117
-1 117
-1 117
-1 117
-1 117
-1 117
-1 117
-1 117
-1 117
-1 117
-1 117
-1 117
-1 117
-1 117
-1 117
-1 117
-1 117
-1 117
-1 117
-1 117
-1 117
-1 117
-1 117
-1 117
-1 117
-1 117
-1 117
-1 117
-1 117
-1 117
-1 117
-1 117
-1 117
-1 117
-1 117
-1 117
-1 117
-1 117
-1 117
-1 117
-1 117
117 23
117 23
61 138
61 138
-1 138
-1 138
-1 138
-1 138
-1 138
-1 138
-1 138
-1 138
-1 138
-1 138
-1 138
-1 138
-1 138
-1 138
-1 138
-1 138
-1 138
-1 138
-1 138
-1 138
-1 138
-1 138
-1 138
-1 138
-1 138
-1 138
-1 138
-1 138
-1 138
-1 138
-1 138
-1 138
-1 138
-1 138
-1 138
-1 138
-1 138
-1 138
-1 138
-1 138
138 51
-1 51
-1 51
-1 51
-1 51
-1 51
-1 51
-1 51
-1 51
-1 51
-1 51
-1 51
-1 51
-1 51
-1 51
-1 51
-1 51
-1 51
-1 51
-1 51
-1 51
-1 51
-1 51
-1 51
-1 51
-1 51
-1 51
-1 51
-1 51
-1 51
-1 51
-1 51
-1 51
-1 51
-1 51
-1 51
-1 51
-1 51
-1 51
-1 51
-1 51
-1 51
-1 51
-1 51
-1 51
-1 51
-1 51
-1 51
-1 51
-1 51
-1 51
-1 51
-1 51
-1 51
-1 51
-1 51
-1 51
-1 51
-1 51
-1 51
-1 51
-1 51
-1 51
-1 51
-1 51
-1 51
-1 51
-1 51
-1 51
-1 51
-1 51
-1 51
-1 51
-1 51
-1 51
-1 51
-1 51
-1 51
-1 51
-1 51
-1 51
-1 51
-1 51
-1 51
-1 51
-1 51
-1 51
-1 51
189 13
189 13
189 13
189 13
-1 13
-1 13
-1 13
-1 13
-1 13
-1 13
-1 13
-1 13
-1 13
-1 13
-1 13
-1 13
-1 13
-1 13
-1 13
-1 13
-1 13
-1 13
-1 13
-1 13
-1 13
-1 13
-1 13
-1 13
-1 13
-1 13
-1 13
13 37
13 24
37 108
37 108
37 108
-1 108
-1 108
-1 108
-1 108
-1 108
-1 108
-1 108
-1 108
-1 108
-1 108
-1 108
-1 108
-1 108
-1 108
-1 108
-1 108
-1 108
-1 108
-1 108
-1 108
-1 108
108 32
108 32
108 32
108 32
-1 32
-1 32
-1 32
-1 32
-1 32
-1 32
-1 32
-1 32
-1 32
-1 32
-1 32
-1 32
-1 32
-1 32
-1 32
-1 32
-1 32
-1 32
-1 32
-1 32
-1 32
-1 32
-1 32
-1 32
-1 32
-1 32
-1 32
-1 32
-1 32
-1 32
-1 32
-1 32
-1 32
-1 32
-1 32
-1 32
-1 32
-1 32
-1 32
-1 32
-1 32
-1 32
-1 32
-1 32
-1 32
-1 32
-1 32
-1 32
-1 32
-1 32
-1 32
-1 32
-1 32
-1 32
-1 32
-1 32
-1 32
-1 32
-1 32
-1 32
-1 32
-1 32
-1 32
-1 32
-1 32
-1 32
-1 32
-1 32
-1 32
-1 32
-1 32
-1 32
-1 32
-1 32
-1 32
185 144
-1 144
-1 144
-1 144
-1 144
-1 144
-1 144
-1 144
-1 144
-1 144
-1 144
-1 144
-1 144
-1 144
-1 144
-1 144
-1 144
-1 144
-1 144
-1 144
-1 144
-1 144
-1 144
-1 144
-1 144
-1 144
-1 144
-1 144
-1 144
-1 144
-1 144
-1 144
-1 144
-1 144
-1 144
-1 144
-1 144
-1 144
-1 144
-1 144
-1 144
-1 144
-1 144
-1 144
-1 144
-1 144
-1 144
-1 144
-1 144
-1 144
-1 144
-1 144
-1 144
-1 144
-1 144
-1 144
-1 144
-1 144
-1 144
-1 144
-1 144
93 136
93 136
93 136
93 136
-1 136
-1 136
-1 136
-1 136
-1 136
-1 136
-1 136
-1 136
-1 136
-1 136
-1 136
-1 136
-1 136
-1 136
-1 136
-1 136
-1 136
-1 136
-1 136
-1 136
-1 136
-1 136
-1 136
-1 136
137 154
-1 154
-1 154
-1 154
-1 154
-1 154
-1 154
-1 154
-1 154
-1 154
-1 154
-1 154
-1 154
-1 154
-1 154
-1 154
-1 154
-1 154
-1 154
-1 154
-1 154
-1 154
-1 154
-1 154
-1 154
-1 154
-1 154
-1 154
-1 154
-1 154
-1 154
-1 154
-1 154
-1 154
-1 154
-1 154
-1 154
-1 154
-1 154
-1 154
-1 154
-1 154
-1 154
-1 154
-1 154
-1 154
-1 154
-1 154
-1 154
-1 154
-1 154
-1 154
-1 154
-1 154
-1 154
-1 154
-1 154
-1 154
-1 154
-1 154
-1 154
-1 154
-1 154
-1 154
-1 154
-1 154
-1 154
-1 154
-1 154
-1 154
-1 154
-1 154
-1 154
-1 154
-1 154
-1 154
-1 154
-1 154
-1 154
-1 154
-1 154
-1 154
-1 154
-1 154
-1 154
-1 154
154 107
154 107
154 158
154 158
23 14
23 14
23 14
23 14
51 116
114 34
-1 34
-1 34
-1 34
-1 34
-1 34
-1 34
-1 34
-1 34
-1 34
-1 34
-1 34
-1 34
-1 34
-1 34
-1 34
-1 34
-1 34
-1 34
-1 34
-1 34
-1 34
-1 34
-1 34
-1 34
-1 34
-1 34
-1 34
-1 34
-1 34
-1 34
-1 34
-1 34
-1 34
-1 34
-1 34
-1 34
-1 34
-1 34
-1 34
-1 34
-1 34
-1 34
-1 34
-1 34
-1 34
-1 34
-1 34
-1 34
-1 34
-1 34
-1 34
-1 34
-1 34
-1 34
-1 34
-1 34
-1 34
-1 34
-1 34
-1 34
-1 34
-1 34
-1 34
-1 34
-1 34
-1 34
-1 34
-1 34
-1 34
-1 34
-1 34
-1 34
-1 34
-1 34
-1 34
-1 34
-1 34
-1 34
32 145
32 145
32 145
32 145
32 145
-1 145
-1 145
-1 145
-1 145
-1 145
-1 145
-1 145
-1 145
-1 145
-1 145
-1 145
-1 145
-1 145
-1 145
-1 145
-1 145
-1 145
-1 145
-1 145
-1 145
-1 145
-1 145
145 196
-1 196
-1 196
-1 196
-1 196
-1 196
-1 196
-1 196
-1 196
-1 196
-1 196
-1 196
-1 196
-1 196
-1 196
-1 196
-1 196
-1 196
-1 196
-1 196
-1 196
-1 196
-1 196
-1 196
-1 196
-1 196
-1 196
-1 196
-1 196
-1 196
-1 196
-1 196
-1 196
-1 196
-1 196
-1 196
-1 196
-1 196
-1 196
-1 196
-1 196
-1 196
-1 196
196 89
151 74
151 74
10 107
-1 107
-1 107
-1 107
-1 107
-1 107
-1 107
-1 107
-1 107
-1 107
-1 107
-1 107
-1 107
-1 107
-1 107
-1 107
-1 107
-1 107
-1 107
-1 107
-1 107
-1 107
-1 107
-1 107
-1 107
-1 107
-1 107
-1 107
-1 107
-1 107
-1 107
-1 107
-1 107
-1 107
-1 107
-1 107
-1 107
-1 107
-1 107
-1 107
-1 107
-1 107
-1 107
-1 107
107 150
150 159
45 68
87 187
-1 187
-1 187
-1 187
-1 187
-1 187
-1 187
-1 187
-1 187
-1 187
-1 187
-1 187
-1 187
-1 187
-1 187
-1 187
-1 187
-1 187
-1 187
-1 187
-1 187
-1 187
-1 187
-1 187
-1 187
-1 187
-1 187
-1 187
-1 187
-1 187
-1 187
-1 187
-1 187
-1 187
-1 187
-1 187
-1 187
-1 187
-1 187
-1 187
-1 187
-1 187
-1 187
-1 187
-1 187
-1 187
-1 187
-1 187
-1 187
-1 187
-1 187
-1 187
-1 187
-1 187
-1 187
-1 187
-1 187
-1 187
-1 187
-1 187
-1 187
-1 187
187 85
-1 85
-1 85
-1 85
-1 85
-1 85
-1 85
-1 85
-1 85
-1 85
-1 85
-1 85
-1 85
-1 85
-1 85
-1 85
-1 85
-1 85
-1 85
-1 85
-1 85
-1 85
-1 85
-1 85
-1 85
-1 85
-1 85
-1 85
-1 85
-1 85
-1 85
-1 85
-1 85
-1 85
-1 85
-1 85
-1 85
-1 85
-1 85
-1 85
-1 85
-1 85
-1 85
-1 85
-1 85
-1 85
-1 85
-1 85
-1 85
-1 85
-1 85
-1 85
-1 85
-1 85
-1 85
-1 85
-1 85
-1 85
-1 85
-1 85
-1 85
-1 85
-1 85
-1 85
-1 85
-1 85
-1 85
65 75
65 75
-1 75
-1 75
-1 75
-1 75
-1 75
-1 75
-1 75
-1 75
-1 75
-1 75
-1 75
-1 75
-1 75
-1 75
-1 75
-1 75
-1 75
-1 75
-1 75
-1 75
-1 75
-1 75
-1 75
-1 75
-1 75
-1 75
-1 75
-1 75
-1 75
-1 75
-1 75
-1 75
-1 75
-1 75
-1 75
-1 75
-1 75
-1 75
-1 75
-1 75
-1 75
-1 75
-1 75
-1 75
-1 75
-1 75
-1 75
-1 75
-1 75
-1 75
-1 75
-1 75
-1 75
-1 75
-1 75
-1 75
-1 75
-1 75
-1 75
-1 75
75 57
170 148
170 148
170 148
73 76
73 76
-1 76
-1 76
-1 76
-1 76
-1 76
-1 76
-1 76
-1 76
-1 76
-1 76
-1 76
-1 76
-1 76
-1 76
-1 76
-1 76
-1 76
-1 76
-1 76
-1 76
-1 76
-1 76
-1 76
-1 76
-1 76
-1 76
-1 76
-1 76
-1 76
-1 76
-1 76
-1 76
-1 76
-1 76
-1 76
-1 76
-1 76
-1 76
-1 76
-1 76
-1 76
-1 76
-1 76
-1 76
-1 76
-1 76
-1 76
-1 76
-1 76
-1 76
-1 76
-1 76
-1 76
-1 76
-1 76
-1 76
-1 76
76 36
76 36
76 36
-1 36
-1 36
-1 36
-1 36
-1 36
-1 36
-1 36
-1 36
-1 36
-1 36
-1 36
-1 36
-1 36
-1 36
-1 36
-1 36
-1 36
-1 36
-1 36
-1 36
-1 36
-1 36
-1 36
-1 36
-1 36
-1 36
-1 36
-1 36
-1 36
-1 36
-1 36
-1 36
-1 36
-1 36
-1 36
-1 36
-1 36
-1 36
-1 36
-1 36
-1 36
-1 36
-1 36
-1 36
-1 36
194 2
133 116
133 116
133 116
-1 116
-1 116
-1 116
-1 116
-1 116
-1 116
-1 116
-1 116
-1 116
-1 116
-1 116
-1 116
-1 116
-1 116
-1 116
-1 116
-1 116
-1 116
-1 116
-1 116
-1 116
-1 116
-1 116
-1 116
-1 116
-1 116
-1 116
-1 116
-1 116
-1 116
-1 116
-1 116
-1 116
-1 116
-1 116
-1 116
-1 116
-1 116
-1 116
-1 116
-1 116
-1 116
-1 116
-1 116
-1 116
-1 116
-1 116
-1 116
-1 116
-1 116
-1 116
-1 116
-1 116
-1 116
-1 116
-1 116
-1 116
-1 116
-1 116
-1 116
-1 116
-1 116
-1 116
-1 116
-1 116
-1 116
-1 116
-1 116
-1 116
-1 116
-1 116
-1 116
-1 116
-1 116
-1 116
-1 116
-1 116
-1 116
-1 116
-1 116
-1 116
-1 116
-1 116
-1 116
-1 116
-1 116
-1 116
-1 116
-1 116
-1 116
-1 116
-1 116
-1 116
-1 116
-1 116
-1 116
-1 116
-1 116
-1 116
116 27
116 27
27 191
27 191
-1 191
-1 191
-1 191
-1 191
-1 191
-1 191
-1 191
-1 191
-1 191
-1 191
-1 191
-1 191
-1 191
-1 191
-1 191
-1 191
-1 191
-1 191
-1 191
-1 191
-1 191
-1 191
-1 191
-1 191
-1 191
-1 191
-1 191
-1 191
-1 191
-1 191
-1 191
-1 191
-1 191
-1 191
-1 191
-1 191
-1 191
-1 191
-1 191
-1 191
-1 191
-1 191
-1 191
-1 191
-1 191
-1 191
-1 191
-1 191
-1 191
-1 191
-1 191
-1 191
-1 191
-1 191
-1 191
-1 191
-1 191
-1 191
-1 191
-1 191
-1 191
-1 191
-1 191
-1 191
-1 191
-1 191
-1 191
-1 191
-1 191
-1 191
-1 191
-1 191
-1 191
-1 191
-1 191
-1 191
-1 191
-1 191
-1 191
-1 191
-1 191
-1 191
-1 191
-1 191
-1 191
-1 191
-1 191
-1 191
-1 191
-1 191
-1 191
-1 191
-1 191
-1 191
-1 191
-1 191
-1 191
-1 191
191 175
191 175
-1 175
-1 175
-1 175
-1 175
-1 175
-1 175
-1 175
-1 175
-1 175
-1 175
-1 175
-1 175
-1 175
-1 175
-1 175
-1 175
-1 175
-1 175
-1 175
-1 175
-1 175
-1 175
-1 175
-1 175
-1 175
-1 175
-1 175
-1 175
-1 175
-1 175
-1 175
-1 175
-1 175
-1 175
-1 175
-1 175
-1 175
-1 175
-1 175
-1 175
-1 175
-1 175
-1 175
-1 175
-1 175
-1 175
-1 175
-1 175
-1 175
-1 175
-1 175
-1 175
-1 175
-1 175
-1 175
-1 175
-1 175
-1 175
-1 175
-1 175
-1 175
-1 175
-1 175
-1 175
-1 175
-1 175
-1 175
-1 175
-1 175
-1 175
-1 175
-1 175
-1 175
-1 175
-1 175
-1 175
-1 175
-1 175
-1 175
-1 175
-1 175
-1 175
-1 175
-1 175
-1 175
-1 175
-1 175
-1 175
-1 175
-1 175
-1 175
-1 175
-1 175
-1 175
-1 175
-1 175
-1 175
175 12
175 90
-1 90
-1 90
-1 90
-1 90
-1 90
12 7
-1 7
-1 7
-1 7
-1 7
-1 7
-1 7
-1 7
-1 7
-1 7
-1 7
-1 7
-1 7
-1 7
-1 7
-1 7
-1 7
-1 7
-1 7
-1 7
-1 7
-1 7
-1 7
-1 7
-1 7
-1 7
-1 7
-1 7
-1 7
-1 7
-1 7
-1 7
-1 7
-1 7
-1 7
-1 7
-1 7
-1 7
-1 7
-1 7
-1 7
-1 7
-1 7
-1 7
-1 7
-1 7
-1 7
-1 7
-1 7
-1 7
-1 7
-1 7
-1 7
-1 7
-1 7
-1 7
-1 7
-1 7
-1 7
-1 7
-1 7
-1 7
-1 7
-1 7
-1 7
-1 7
-1 7
7 54
90 119
90 119
90 119
-1 119
-1 119
-1 119
-1 119
-1 119
-1 119
-1 119
-1 119
-1 119
-1 119
-1 119
-1 119
-1 119
-1 119
-1 119
-1 119
-1 119
-1 119
-1 119
-1 119
-1 119
-1 119
-1 119
-1 119
-1 119
-1 119
-1 119
-1 119
-1 119
-1 119
-1 119
-1 119
-1 119
-1 119
-1 119
-1 119
-1 119
-1 119
-1 119
-1 119
-1 119
-1 119
12 178
12 178
12 178
-1 178
-1 178
-1 178
-1 178
-1 178
-1 178
-1 178
-1 178
-1 178
-1 178
178 102
-1 102
-1 102
-1 102
-1 102
-1 102
-1 102
-1 102
-1 102
-1 102
-1 102
-1 102
-1 102
-1 102
-1 102
-1 102
-1 102
-1 102
-1 102
-1 102
-1 102
178 177
-1 177
-1 177
-1 177
-1 177
-1 177
-1 177
-1 177
-1 177
-1 177
-1 177
-1 177
-1 177
-1 177
-1 177
-1 177
-1 177
-1 177
-1 177
-1 177
-1 177
-1 177
-1 177
-1 177
-1 177
-1 177
-1 177
-1 177
-1 177
-1 177
-1 177
-1 177
-1 177
-1 177
-1 177
-1 177
-1 177
-1 177
-1 177
-1 177
-1 177
-1 177
-1 177
-1 177
-1 177
-1 177
-1 177
-1 177
-1 177
-1 177
-1 177
-1 177
-1 177
-1 177
-1 177
-1 177
-1 177
-1 177
-1 177
-1 177
-1 177
-1 177
-1 177
-1 177
-1 177
-1 177
-1 177
-1 177
-1 177
-1 177
-1 177
-1 177
-1 177
-1 177
-1 177
-1 177
-1 177
-1 177
-1 177
-1 177
-1 177
-1 177
-1 177
-1 177
-1 177
-1 177
-1 177
-1 177
-1 177
-1 177
-1 177
-1 177
-1 177
-1 177
-1 177
-1 177
-1 177
177 172
172 57
-1 57
-1 57
-1 57
-1 57
-1 57
-1 57
-1 57
-1 57
-1 57
-1 57
-1 57
-1 57
-1 57
-1 57
-1 57
-1 57
-1 57
-1 57
-1 57
-1 57
-1 57
-1 57
-1 57
-1 57
-1 57
-1 57
-1 57
-1 57
-1 57
-1 57
-1 57
-1 57
172 165
172 165
-1 165
-1 165
-1 165
-1 165
-1 165
-1 165
-1 165
-1 165
-1 165
-1 165
-1 165
-1 165
-1 165
-1 165
-1 165
-1 165
-1 165
-1 165
-1 165
-1 165
-1 165
-1 165
-1 165
-1 165
-1 165
-1 165
-1 165
-1 165
-1 165
-1 165
-1 165
-1 165
-1 165
-1 165
-1 165
-1 165
-1 165
-1 165
-1 165
-1 165
-1 165
-1 165
-1 165
-1 165
-1 165
-1 165
-1 165
-1 165
-1 165
-1 165
-1 165
-1 165
-1 165
-1 165
-1 165
-1 165
-1 165
-1 165
-1 165
-1 165
-1 165
-1 165
-1 165
178 158
90 106
90 106
-1 106
-1 106
-1 106
-1 106
-1 106
-1 106
-1 106
-1 106
-1 106
-1 106
-1 106
-1 106
-1 106
-1 106
-1 106
-1 106
-1 106
-1 106
177 38
177 38
177 38
177 38
-1 38
-1 38
-1 38
-1 38
-1 38
-1 38
-1 38
-1 38
-1 38
-1 38
-1 38
-1 38
-1 38
-1 38
-1 38
-1 38
-1 38
-1 38
-1 38
-1 38
-1 38
-1 38
-1 38
-1 38
-1 38
177 64
138 171
138 171
138 171
138 171
-1 171
-1 171
-1 171
-1 171
-1 171
-1 171
-1 171
-1 171
-1 171
-1 171
-1 171
-1 171
-1 171
-1 171
-1 171
-1 171
-1 171
-1 171
-1 171
-1 171
-1 171
-1 171
-1 171
-1 171
-1 171
-1 171
-1 171
-1 171
-1 171
-1 171
-1 171
-1 171
-1 171
-1 171
-1 171
-1 171
-1 171
-1 171
-1 171
-1 171
-1 171
-1 171
-1 171
-1 171
-1 171
-1 171
-1 171
-1 171
-1 171
-1 171
-1 171
-1 171
-1 171
-1 171
-1 171
-1 171
-1 171
-1 171
-1 171
-1 171
-1 171
-1 171
-1 171
-1 171
-1 171
-1 171
-1 171
-1 171
90 193
-1 193
-1 193
-1 193
-1 193
-1 193
-1 193
-1 193
-1 193
-1 193
-1 193
-1 193
-1 193
-1 193
-1 193
-1 193
-1 193
-1 193
-1 193
-1 193
-1 193
-1 193
-1 193
-1 193
-1 193
-1 193
-1 193
-1 193
-1 193
-1 193
-1 193
-1 193
-1 193
-1 193
-1 193
-1 193
-1 193
-1 193
-1 193
-1 193
-1 193
-1 193
-1 193
-1 193
37 139
37 139
37 139
65 59
65 59
65 59
193 110
193 110
193 110
193 110
193 110
-1 110
-1 110
-1 110
-1 110
-1 110
-1 110
-1 110
-1 110
-1 110
-1 110
-1 110
-1 110
-1 110
-1 110
-1 110
-1 110
-1 110
-1 110
-1 110
-1 110
-1 110
-1 110
-1 110
-1 110
-1 110
-1 110
-1 110
-1 110
-1 110
-1 110
-1 110
-1 110
-1 110
-1 110
-1 110
-1 110
-1 110
-1 110
-1 110
-1 110
-1 110
-1 110
-1 110
-1 110
-1 110
-1 110
-1 110
-1 110
-1 110
-1 110
-1 110
-1 110
-1 110
-1 110
-1 110
-1 110
-1 110
-1 110
-1 110
-1 110
-1 110
-1 110
-1 110
-1 110
-1 110
-1 110
-1 110
-1 110
-1 110
-1 110
-1 110
-1 110
-1 110
-1 110
-1 110
-1 110
-1 110
-1 110
-1 110
-1 110
-1 110
-1 110
-1 110
-1 110
-1 110
-1 110
-1 110
-1 110
34 63
34 63
34 63
34 63
-1 63
-1 63
-1 63
-1 63
-1 63
-1 63
-1 63
-1 63
-1 63
-1 63
-1 63
-1 63
-1 63
-1 63
-1 63
-1 63
-1 63
-1 63
-1 63
-1 63
-1 63
-1 63
-1 63
-1 63
-1 63
-1 63
-1 63
-1 63
-1 63
-1 63
-1 63
-1 63
-1 63
-1 63
-1 63
-1 63
-1 63
-1 63
-1 63
-1 63
-1 63
-1 63
-1 63
-1 63
-1 63
-1 63
-1 63
-1 63
-1 63
-1 63
-1 63
-1 63
-1 63
-1 63
-1 63
-1 63
-1 63
-1 63
-1 63
-1 63
-1 63
-1 63
-1 63
-1 63
-1 63
-1 63
-1 63
-1 63
63 72
-1 72
-1 72
-1 72
-1 72
-1 72
-1 72
-1 72
-1 72
-1 72
-1 72
-1 72
-1 72
-1 72
-1 72
-1 72
-1 72
-1 72
-1 72
-1 72
-1 72
-1 72
-1 72
-1 72
-1 72
-1 72
-1 72
-1 72
-1 72
-1 72
-1 72
-1 72
-1 72
-1 72
-1 72
-1 72
-1 72
-1 72
-1 72
-1 72
-1 72
-1 72
-1 72
-1 72
-1 72
-1 72
-1 72
-1 72
-1 72
-1 72
-1 72
-1 72
-1 72
-1 72
-1 72
-1 72
-1 72
-1 72
-1 72
-1 72
-1 72
-1 72
-1 72
72 195
72 195
36 67
-1 67
-1 67
-1 67
-1 67
-1 67
-1 67
-1 67
-1 67
-1 67
-1 67
-1 67
-1 67
-1 67
-1 67
-1 67
-1 67
-1 67
-1 67
-1 67
-1 67
-1 67
-1 67
-1 67
-1 67
-1 67
-1 67
-1 67
-1 67
-1 67
-1 67
-1 67
-1 67
-1 67
-1 67
-1 67
-1 67
-1 67
-1 67
-1 67
-1 67
-1 67
-1 67
-1 67
-1 67
-1 67
-1 67
-1 67
-1 67
-1 67
-1 67
-1 67
-1 67
-1 67
-1 67
-1 67
-1 67
-1 67
-1 67
-1 67
-1 67
-1 67
-1 67
-1 67
27 195
27 195
27 195
27 195
-1 195
-1 195
-1 195
-1 195
-1 195
-1 195
-1 195
-1 195
-1 195
-1 195
-1 195
-1 195
-1 195
-1 195
-1 195
-1 195
-1 195
-1 195
-1 195
-1 195
-1 195
-1 195
-1 195
-1 195
-1 195
-1 195
-1 195
-1 195
-1 195
-1 195
-1 195
-1 195
-1 195
-1 195
-1 195
-1 195
-1 195
-1 195
-1 195
-1 195
-1 195
-1 195
-1 195
-1 195
-1 195
-1 195
-1 195
-1 195
-1 195
-1 195
-1 195
-1 195
-1 195
-1 195
-1 195
-1 195
-1 195
-1 195
-1 195
-1 195
-1 195
-1 195
-1 195
-1 195
-1 195
-1 195
-1 195
-1 195
-1 195
-1 195
-1 195
-1 195
-1 195
-1 195
-1 195
-1 195
-1 195
130 74
30 104
30 104
30 104
-1 104
-1 104
-1 104
-1 104
-1 104
-1 104
-1 104
-1 104
-1 104
-1 104
-1 104
-1 104
-1 104
-1 104
-1 104
-1 104
-1 104
-1 104
-1 104
-1 104
-1 104
-1 104
-1 104
-1 104
-1 104
-1 104
-1 104
-1 104
-1 104
-1 104
-1 104
-1 104
-1 104
-1 104
-1 104
-1 104
-1 104
-1 104
-1 104
-1 104
-1 104
-1 104
-1 104
-1 104
-1 104
-1 104
-1 104
-1 104
-1 104
-1 104
-1 104
-1 104
-1 104
-1 104
-1 104
-1 104
-1 104
-1 104
-1 104
-1 104
-1 104
-1 104
-1 104
-1 104
-1 104
-1 104
-1 104
-1 104
-1 104
-1 104
-1 104
-1 104
-1 104
-1 104
-1 104
-1 104
-1 104
-1 104
-1 104
-1 104
-1 104
-1 104
-1 104
-1 104
-1 104
22 69
22 69
22 69
22 69
-1 69
-1 69
-1 69
-1 69
-1 69
-1 69
-1 69
-1 69
-1 69
-1 69
-1 69
-1 69
-1 69
-1 69
-1 69
-1 69
-1 69
-1 69
-1 69
-1 69
-1 69
-1 69
-1 69
-1 69
-1 69
-1 69
-1 69
-1 69
-1 69
-1 69
-1 69
-1 69
-1 69
-1 69
-1 69
-1 69
-1 69
-1 69
-1 69
-1 69
-1 69
-1 69
-1 69
-1 69
-1 69
-1 69
-1 69
-1 69
-1 69
-1 69
-1 69
69 21
21 16
-1 16
-1 16
-1 16
-1 16
-1 16
-1 16
-1 16
-1 16
-1 16
-1 16
-1 16
-1 16
-1 16
-1 16
-1 16
-1 16
-1 16
-1 16
-1 16
-1 16
-1 16
-1 16
-1 16
-1 16
-1 16
-1 16
-1 16
-1 16
-1 16
-1 16
-1 16
-1 16
-1 16
-1 16
-1 16
-1 16
-1 16
-1 16
-1 16
-1 16
-1 16
-1 16
16 53
69 46
69 46
69 46
69 46
-1 46
-1 46
-1 46
-1 46
-1 46
-1 46
-1 46
-1 46
-1 46
-1 46
-1 46
-1 46
-1 46
-1 46
-1 46
-1 46
-1 46
-1 46
-1 46
-1 46
-1 46
-1 46
-1 46
-1 46
-1 46
-1 46
-1 46
-1 46
-1 46
-1 46
-1 46
-1 46
-1 46
-1 46
-1 46
-1 46
-1 46
-1 46
-1 46
-1 46
-1 46
-1 46
-1 46
-1 46
-1 46
-1 46
-1 46
-1 46
-1 46
-1 46
-1 46
-1 46
-1 46
-1 46
-1 46
-1 46
-1 46
-1 46
-1 46
-1 46
-1 46
-1 46
-1 46
-1 46
-1 46
-1 46
-1 46
-1 46
-1 46
-1 46
-1 46
-1 46
-1 46
-1 46
-1 46
-1 46
-1 46
-1 46
-1 46
-1 46
-1 46
-1 46
-1 46
-1 46
-1 46
46 53
53 128
128 197
-1 197
-1 197
-1 197
-1 197
-1 197
-1 197
-1 197
-1 197
-1 197
-1 197
-1 197
-1 197
-1 197
-1 197
-1 197
-1 197
-1 197
-1 197
-1 197
-1 197
-1 197
-1 197
-1 197
-1 197
-1 197
-1 197
-1 197
-1 197
-1 197
-1 197
-1 197
-1 197
-1 197
-1 197
-1 197
-1 197
-1 197
-1 197
-1 197
-1 197
-1 197
-1 197
-1 197
-1 197
-1 197
-1 197
-1 197
-1 197
-1 197
-1 197
-1 197
-1 197
-1 197
-1 197
-1 197
-1 197
-1 197
-1 197
-1 197
46 155
46 155
-1 155
-1 155
-1 155
-1 155
-1 155
-1 155
-1 155
-1 155
-1 155
-1 155
-1 155
-1 155
-1 155
-1 155
-1 155
-1 155
-1 155
-1 155
-1 155
-1 155
-1 155
-1 155
-1 155
-1 155
-1 155
-1 155
-1 155
-1 155
-1 155
-1 155
-1 155
-1 155
-1 155
-1 155
-1 155
-1 155
-1 155
-1 155
-1 155
-1 155
-1 155
-1 155
-1 155
-1 155
-1 155
-1 155
-1 155
-1 155
-1 155
-1 155
-1 155
-1 155
-1 155
-1 155
-1 155
-1 155
-1 155
-1 155
-1 155
-1 155
-1 155
-1 155
-1 155
-1 155
-1 155
-1 155
-1 155
-1 155
-1 155
-1 155
-1 155
-1 155
-1 155
-1 155
-1 155
-1 155
-1 155
-1 155
-1 155
155 173
155 173
155 173
155 173
133 5
-1 5
-1 5
-1 5
-1 5
-1 5
-1 5
-1 5
-1 5
-1 5
-1 5
-1 5
-1 5
-1 5
-1 5
-1 5
-1 5
-1 5
-1 5
-1 5
-1 5
-1 5
-1 5
-1 5
-1 5
-1 5
-1 5
-1 5
-1 5
-1 5
-1 5
-1 5
-1 5
-1 5
-1 5
-1 5
-1 5
-1 5
-1 5
-1 5
-1 5
-1 5
-1 5
-1 5
-1 5
-1 5
-1 5
-1 5
-1 5
-1 5
-1 5
-1 5
-1 5
-1 5
-1 5
-1 5
-1 5
-1 5
-1 5
-1 5
-1 5
-1 5
-1 5
-1 5
-1 5
-1 5
-1 5
-1 5
-1 5
-1 5
-1 5
-1 5
-1 5
-1 5
-1 5
-1 5
-1 5
-1 5
-1 5
-1 5
-1 5
-1 5
-1 5
-1 5
-1 5
-1 5
-1 5
5 126
-1 126
-1 126
-1 126
-1 126
-1 126
-1 126
-1 126
-1 126
-1 126
-1 126
-1 126
-1 126
-1 126
-1 126
-1 126
-1 126
-1 126
-1 126
-1 126
-1 126
-1 126
-1 126
-1 126
-1 126
-1 126
-1 126
-1 126
-1 126
-1 126
-1 126
-1 126
-1 126
-1 126
-1 126
-1 126
-1 126
-1 126
-1 126
-1 126
-1 126
-1 126
-1 126
-1 126
-1 126
-1 126
-1 126
-1 126
-1 126
-1 126
-1 126
-1 126
-1 126
-1 126
-1 126
-1 126
-1 126
-1 126
-1 126
-1 126
-1 126
-1 126
-1 126
-1 126
-1 126
-1 126
-1 126
126 97
-1 97
-1 97
-1 97
-1 97
-1 97
-1 97
-1 97
-1 97
-1 97
-1 97
-1 97
-1 97
-1 97
-1 97
-1 97
-1 97
-1 97
164 160
164 160
85 14
-1 14
-1 14
-1 14
-1 14
-1 14
-1 14
-1 14
-1 14
-1 14
-1 14
-1 14
-1 14
-1 14
-1 14
-1 14
-1 14
-1 14
-1 14
-1 14
-1 14
-1 14
-1 14
-1 14
-1 14
-1 14
-1 14
-1 14
-1 14
-1 14
-1 14
-1 14
-1 14
-1 14
-1 14
-1 14
-1 14
-1 14
-1 14
-1 14
-1 14
-1 14
-1 14
-1 14
-1 14
-1 14
-1 14
-1 14
-1 14
-1 14
-1 14
-1 14
-1 14
-1 14
-1 14
-1 14
-1 14
-1 14
-1 14
-1 14
-1 14
-1 14
-1 14
-1 14
-1 14
-1 14
-1 14
-1 14
-1 14
-1 14
-1 14
-1 14
-1 14
-1 14
-1 14
-1 14
-1 14
-1 14
-1 14
-1 14
-1 14
-1 14
-1 14
-1 14
-1 14
-1 14
-1 14
-1 14
-1 14
-1 14
-1 14
-1 14
-1 14
127 95
127 95
127 95
136 120
136 120
-1 120
-1 120
-1 120
-1 120
-1 120
-1 120
-1 120
-1 120
-1 120
-1 120
-1 120
-1 120
-1 120
-1 120
-1 120
-1 120
-1 120
-1 120
-1 120
-1 120
-1 120
-1 120
-1 120
-1 120
-1 120
-1 120
-1 120
-1 120
-1 120
-1 120
-1 120
-1 120
-1 120
-1 120
-1 120
-1 120
-1 120
-1 120
-1 120
-1 120
-1 120
-1 120
-1 120
-1 120
-1 120
-1 120
-1 120
-1 120
-1 120
-1 120
-1 120
-1 120
-1 120
-1 120
-1 120
-1 120
-1 120
-1 120
-1 120
-1 120
-1 120
-1 120
-1 120
-1 120
-1 120
-1 120
-1 120
-1 120
-1 120
-1 120
-1 120
-1 120
-1 120
-1 120
-1 120
-1 120
-1 120
-1 120
-1 120
-1 120
120 49
120 49
120 49
-1 49
-1 49
-1 49
-1 49
-1 49
-1 49
-1 49
-1 49
-1 49
-1 49
-1 49
-1 49
-1 49
-1 49
-1 49
-1 49
-1 49
-1 49
-1 49
-1 49
-1 49
-1 49
-1 49
-1 49
-1 49
-1 49
-1 49
-1 49
-1 49
-1 49
-1 49
-1 49
-1 49
-1 49
-1 49
-1 49
-1 49
-1 49
-1 49
-1 49
-1 49
-1 49
-1 49
-1 49
-1 49
-1 49
-1 49
-1 49
-1 49
-1 49
-1 49
-1 49
-1 49
-1 49
-1 49
-1 49
-1 49
-1 49
-1 49
-1 49
-1 49
-1 49
-1 49
-1 49
-1 49
-1 49
-1 49
-1 49
-1 49
-1 49
-1 49
166 17
166 17
166 17
198 95
198 95
-1 95
-1 95
-1 95
-1 95
-1 95
-1 95
-1 95
-1 95
-1 95
-1 95
-1 95
-1 95
-1 95
-1 95
-1 95
-1 95
-1 95
-1 95
-1 95
-1 95
-1 95
-1 95
-1 95
-1 95
-1 95
-1 95
-1 95
-1 95
-1 95
-1 95
-1 95
-1 95
-1 95
-1 95
-1 95
-1 95
-1 95
-1 95
-1 95
-1 95
-1 95
-1 95
-1 95
-1 95
-1 95
-1 95
-1 95
-1 95
-1 95
-1 95
-1 95
-1 95
-1 95
-1 95
-1 95
-1 95
-1 95
-1 95
-1 95
-1 95
-1 95
-1 95
-1 95
-1 95
-1 95
-1 95
-1 95
-1 95
-1 95
105 180
105 180
105 180
-1 180
-1 180
-1 180
-1 180
-1 180
-1 180
-1 180
-1 180
-1 180
-1 180
-1 180
-1 180
-1 180
-1 180
-1 180
-1 180
-1 180
-1 180
-1 180
-1 180
-1 180
-1 180
-1 180
-1 180
-1 180
-1 180
-1 180
-1 180
-1 180
-1 180
-1 180
-1 180
-1 180
-1 180
-1 180
-1 180
-1 180
-1 180
-1 180
-1 180
-1 180
-1 180
-1 180
-1 180
-1 180
-1 180
-1 180
-1 180
-1 180
-1 180
-1 180
-1 180
-1 180
-1 180
-1 180
-1 180
-1 180
-1 180
-1 180
-1 180
-1 180
-1 180
-1 180
-1 180
-1 180
-1 180
-1 180
-1 180
-1 180
-1 180
-1 180
-1 180
-1 180
-1 180
180 169
180 169
-1 169
-1 169
-1 169
-1 169
-1 169
-1 169
-1 169
-1 169
-1 169
-1 169
-1 169
-1 169
-1 169
-1 169
-1 169
-1 169
-1 169
-1 169
-1 169
-1 169
-1 169
-1 169
-1 169
-1 169
-1 169
-1 169
-1 169
-1 169
-1 169
-1 169
-1 169
-1 169
-1 169
-1 169
-1 169
-1 169
-1 169
-1 169
-1 169
-1 169
-1 169
-1 169
-1 169
-1 169
-1 169
-1 169
-1 169
-1 169
-1 169
169 50
169 50
169 50
4 47
104 149
-1 149
-1 149
-1 149
-1 149
-1 149
-1 149
-1 149
-1 149
-1 149
-1 149
-1 149
-1 149
-1 149
-1 149
-1 149
-1 149
-1 149
-1 149
-1 149
-1 149
-1 149
-1 149
-1 149
-1 149
-1 149
-1 149
-1 149
-1 149
-1 149
-1 149
-1 149
-1 149
-1 149
-1 149
-1 149
-1 149
-1 149
-1 149
-1 149
-1 149
-1 149
-1 149
-1 149
-1 149
-1 149
-1 149
-1 149
-1 149
-1 149
-1 149
-1 149
-1 149
-1 149
-1 149
-1 149
-1 149
-1 149
-1 149
-1 149
-1 149
-1 149
-1 149
-1 149
-1 149
-1 149
-1 149
-1 149
-1 149
-1 149
-1 149
-1 149
-1 149
-1 149
-1 149
-1 149
-1 149
-1 149
-1 149
-1 149
-1 149
-1 149
-1 149
-1 149
-1 149
-1 149
-1 149
-1 149
-1 149
-1 149
-1 149
-1 149
-1 149
-1 149
-1 149
116 74
67 142
67 142
67 142
-1 142
-1 142
-1 142
-1 142
-1 142
-1 142
-1 142
-1 142
-1 142
-1 142
-1 142
-1 142
-1 142
-1 142
-1 142
-1 142
-1 142
-1 142
-1 142
-1 142
-1 142
-1 142
-1 142
-1 142
-1 142
-1 142
-1 142
-1 142
-1 142
-1 142
-1 142
-1 142
-1 142
-1 142
-1 142
-1 142
-1 142
-1 142
-1 142
-1 142
-1 142
-1 142
-1 142
-1 142
-1 142
-1 142
-1 142
-1 142
-1 142
-1 142
-1 142
-1 142
-1 142
-1 142
-1 142
-1 142
-1 142
-1 142
-1 142
-1 142
-1 142
-1 142
-1 142
-1 142
-1 142
-1 142
-1 142
-1 142
-1 142
-1 142
-1 142
-1 142
-1 142
-1 142
-1 142
-1 142
-1 142
-1 142
-1 142
-1 142
-1 142
-1 142
5 168
5 168
120 62
120 62
120 62
35 68
137 176
137 176
137 176
137 176
106 88
106 88
106 88
-1 88
-1 88
-1 88
-1 88
-1 88
-1 88
-1 88
-1 88
-1 88
-1 88
-1 88
-1 88
-1 88
-1 88
-1 88
-1 88
-1 88
-1 88
-1 88
-1 88
-1 88
-1 88
-1 88
-1 88
-1 88
-1 88
-1 88
-1 88
-1 88
-1 88
-1 88
-1 88
-1 88
-1 88
-1 88
-1 88
-1 88
-1 88
-1 88
-1 88
-1 88
-1 88
-1 88
-1 88
-1 88
-1 88
-1 88
-1 88
-1 88
-1 88
-1 88
-1 88
-1 88
-1 88
-1 88
-1 88
-1 88
-1 88
-1 88
-1 88
-1 88
-1 88
-1 88
-1 88
-1 88
-1 88
-1 88
-1 88
-1 88
-1 88
-1 88
-1 88
-1 88
-1 88
-1 88
-1 88
-1 88
-1 88
-1 88
-1 88
-1 88
-1 88
-1 88
-1 88
-1 88
-1 88
-1 88
-1 88
-1 88
-1 88
-1 88
-1 88
-1 88
-1 88
-1 88
-1 88
-1 88
-1 88
-1 88
88 24
39 173
39 173
-1 173
-1 173
-1 173
-1 173
-1 173
-1 173
-1 173
-1 173
-1 173
-1 173
-1 173
-1 173
-1 173
-1 173
-1 173
-1 173
-1 173
-1 173
-1 173
-1 173
-1 173
-1 173
-1 173
-1 173
-1 173
-1 173
-1 173
-1 173
-1 173
-1 173
-1 173
-1 173
-1 173
-1 173
-1 173
-1 173
-1 173
-1 173
-1 173
-1 173
-1 173
-1 173
-1 173
-1 173
-1 173
-1 173
-1 173
-1 173
-1 173
-1 173
-1 173
-1 173
-1 173
-1 173
-1 173
-1 173
-1 173
-1 173
-1 173
-1 173
-1 173
-1 173
-1 173
-1 173
-1 173
-1 173
-1 173
-1 173
-1 173
173 103
173 103
173 103
173 103
173 103
173 103
67 17
102 54
102 54
102 54
158 84
158 84
158 84
158 84
-1 84
-1 84
-1 84
-1 84
-1 84
-1 84
-1 84
-1 84
-1 84
-1 84
-1 84
-1 84
-1 84
-1 84
-1 84
-1 84
-1 84
-1 84
-1 84
-1 84
-1 84
-1 84
-1 84
-1 84
-1 84
-1 84
-1 84
-1 84
-1 84
-1 84
-1 84
-1 84
-1 84
-1 84
-1 84
-1 84
-1 84
-1 84
-1 84
-1 84
-1 84
-1 84
-1 84
-1 84
-1 84
-1 84
-1 84
-1 84
-1 84
-1 84
-1 84
-1 84
-1 84
-1 84
-1 84
-1 84
-1 84
-1 84
-1 84
-1 84
-1 84
-1 84
-1 84
-1 84
-1 84
-1 84
-1 84
-1 84
-1 84
-1 84
-1 84
-1 84
-1 84
-1 84
-1 84
-1 84
-1 84
-1 84
-1 84
-1 84
-1 84
-1 84
-1 84
-1 84
-1 84
-1 84
-1 84
-1 84
-1 84
-1 84
-1 84
-1 84
-1 84
-1 84
-1 84
-1 84
-1 84
-1 84
-1 84
84 132
84 132
84 132
21 20
70 77
70 77
149 192
149 192
149 192
-1 192
-1 192
-1 192
-1 192
-1 192
-1 192
-1 192
-1 192
-1 192
-1 192
-1 192
-1 192
-1 192
-1 192
-1 192
-1 192
-1 192
-1 192
-1 192
-1 192
-1 192
-1 192
-1 192
-1 192
-1 192
-1 192
-1 192
-1 192
-1 192
-1 192
-1 192
-1 192
-1 192
-1 192
-1 192
-1 192
-1 192
-1 192
-1 192
-1 192
-1 192
-1 192
-1 192
-1 192
-1 192
-1 192
-1 192
-1 192
-1 192
-1 192
-1 192
-1 192
-1 192
-1 192
-1 192
-1 192
-1 192
-1 192
-1 192
-1 192
-1 192
-1 192
-1 192
-1 192
-1 192
-1 192
-1 192
-1 192
-1 192
-1 192
199 33
193 74
-1 74
-1 74
-1 74
-1 74
-1 74
-1 74
-1 74
-1 74
-1 74
-1 74
-1 74
-1 74
-1 74
-1 74
-1 74
-1 74
-1 74
-1 74
-1 74
-1 74
-1 74
-1 74
-1 74
-1 74
-1 74
-1 74
-1 74
-1 74
-1 74
-1 74
-1 74
-1 74
-1 74
-1 74
-1 74
-1 74
-1 74
-1 74
-1 74
-1 74
-1 74
-1 74
-1 74
-1 74
-1 74
-1 74
-1 74
-1 74
-1 74
-1 74
-1 74
-1 74
-1 74
-1 74
-1 74
-1 74
-1 74
-1 74
-1 74
-1 74
-1 74
-1 74
-1 74
-1 74
-1 74
-1 74
-1 74
-1 74
188 28
188 28
144 124
144 124
113 143
-1 143
-1 143
-1 143
-1 143
-1 143
-1 143
-1 143
-1 143
-1 143
-1 143
-1 143
-1 143
-1 143
-1 143
-1 143
-1 143
-1 143
-1 143
-1 143
-1 143
-1 143
-1 143
-1 143
-1 143
-1 143
-1 143
-1 143
-1 143
-1 143
-1 143
-1 143
-1 143
-1 143
-1 143
-1 143
-1 143
-1 143
-1 143
-1 143
-1 143
-1 143
-1 143
-1 143
-1 143
-1 143
-1 143
-1 143
-1 143
-1 143
-1 143
-1 143
-1 143
-1 143
-1 143
-1 143
-1 143
-1 143
-1 143
-1 143
-1 143
-1 143
-1 143
-1 143
-1 143
-1 143
-1 143
-1 143
-1 143
-1 143
-1 143
-1 143
-1 143
-1 143
-1 143
-1 143
-1 143
-1 143
-1 143
-1 143
143 8
-1 8
-1 8
-1 8
-1 8
-1 8
-1 8
-1 8
-1 8
-1 8
-1 8
-1 8
-1 8
-1 8
-1 8
-1 8
-1 8
-1 8
-1 8
-1 8
-1 8
-1 8
-1 8
-1 8
-1 8
-1 8
-1 8
-1 8
-1 8
-1 8
-1 8
-1 8
-1 8
-1 8
-1 8
-1 8
-1 8
-1 8
-1 8
-1 8
-1 8
-1 8
-1 8
-1 8
-1 8
-1 8
-1 8
-1 8
-1 8
-1 8
-1 8
-1 8
-1 8
-1 8
-1 8
-1 8
-1 8
-1 8
-1 8
-1 8
-1 8
-1 8
-1 8
-1 8
-1 8
-1 8
-1 8
-1 8
-1 8
-1 8
-1 8
125 122
125 122
125 122
14 94
14 94
14 94
14 94
14 94
14 94
57 9
57 9
57 9
57 9
97 28
97 28
97 28
97 28
185 68
185 68
76 122
76 122
76 122
87 2
190 2
190 2
190 2
190 2
-1 2
-1 2
-1 2
-1 2
-1 2
-1 2
-1 2
-1 2
-1 2
-1 2
-1 2
-1 2
-1 2
-1 2
-1 2
-1 2
-1 2
-1 2
-1 2
-1 2
-1 2
-1 2
-1 2
-1 2
-1 2
-1 2
-1 2
-1 2
-1 2
-1 2
-1 2
-1 2
-1 2
-1 2
-1 2
-1 2
-1 2
-1 2
-1 2
-1 2
-1 2
-1 2
-1 2
-1 2
-1 2
-1 2
-1 2
-1 2
-1 2
-1 2
-1 2
-1 2
-1 2
-1 2
-1 2
-1 2
-1 2
-1 2
-1 2
-1 2
-1 2
-1 2
-1 2
-1 2
-1 2
-1 2
-1 2
-1 2
-1 2
-1 2
-1 2
2 64
-1 64
-1 64
-1 64
-1 64
-1 64
-1 64
-1 64
-1 64
-1 64
-1 64
-1 64
-1 64
-1 64
-1 64
-1 64
-1 64
-1 64
-1 64
-1 64
-1 64
-1 64
-1 64
-1 64
-1 64
-1 64
-1 64
-1 64
-1 64
-1 64
-1 64
-1 64
-1 64
-1 64
-1 64
-1 64
-1 64
-1 64
-1 64
-1 64
-1 64
-1 64
-1 64
-1 64
-1 64
-1 64
-1 64
-1 64
-1 64
-1 64
-1 64
-1 64
-1 64
64 94
64 92
64 92
94 9
94 9
94 9
94 9
128 15
128 15
-1 15
-1 15
-1 15
-1 15
-1 15
-1 15
-1 15
-1 15
-1 15
-1 15
-1 15
-1 15
-1 15
-1 15
-1 15
-1 15
-1 15
-1 15
-1 15
-1 15
-1 15
-1 15
-1 15
-1 15
-1 15
-1 15
-1 15
-1 15
-1 15
-1 15
-1 15
-1 15
-1 15
-1 15
-1 15
-1 15
-1 15
-1 15
-1 15
-1 15
-1 15
-1 15
-1 15
-1 15
-1 15
-1 15
-1 15
-1 15
-1 15
-1 15
-1 15
-1 15
-1 15
-1 15
-1 15
-1 15
-1 15
-1 15
-1 15
-1 15
-1 15
-1 15
-1 15
-1 15
-1 15
-1 15
-1 15
-1 15
-1 15
-1 15
-1 15
-1 15
-1 15
-1 15
-1 15
-1 15
-1 15
-1 15
-1 15
-1 15
-1 15
-1 15
-1 15
-1 15
-1 15
-1 15
15 48
15 48
26 44
-1 44
-1 44
-1 44
-1 44
-1 44
-1 44
-1 44
-1 44
-1 44
-1 44
-1 44
-1 44
-1 44
-1 44
-1 44
-1 44
-1 44
-1 44
-1 44
-1 44
-1 44
-1 44
-1 44
-1 44
-1 44
-1 44
-1 44
-1 44
-1 44
-1 44
-1 44
-1 44
-1 44
-1 44
-1 44
-1 44
-1 44
-1 44
-1 44
-1 44
-1 44
-1 44
-1 44
-1 44
-1 44
-1 44
-1 44
-1 44
-1 44
-1 44
-1 44
-1 44
-1 44
-1 44
-1 44
-1 44
-1 44
-1 44
-1 44
-1 44
-1 44
-1 44
-1 44
-1 44
-1 44
-1 44
-1 44
-1 44
-1 44
-1 44
-1 44
-1 44
-1 44
-1 44
-1 44
-1 44
-1 44
-1 44
-1 44
-1 44
-1 44
-1 44
-1 44
44 103
44 103
-1 103
-1 103
-1 103
-1 103
-1 103
-1 103
-1 103
-1 103
-1 103
-1 103
-1 103
-1 103
-1 103
-1 103
-1 103
-1 103
-1 103
-1 103
-1 103
-1 103
-1 103
-1 103
-1 103
-1 103
-1 103
-1 103
-1 103
-1 103
-1 103
-1 103
-1 103
-1 103
-1 103
-1 103
-1 103
-1 103
-1 103
-1 103
-1 103
-1 103
-1 103
-1 103
-1 103
-1 103
-1 103
-1 103
-1 103
-1 103
-1 103
-1 103
-1 103
-1 103
-1 103
-1 103
-1 103
-1 103
-1 103
-1 103
-1 103
103 28
103 28
-1 28
-1 28
-1 28
-1 28
-1 28
-1 28
-1 28
-1 28
-1 28
-1 28
-1 28
-1 28
-1 28
-1 28
-1 28
-1 28
-1 28
-1 28
-1 28
-1 28
-1 28
-1 28
-1 28
-1 28
-1 28
-1 28
-1 28
-1 28
-1 28
-1 28
-1 28
-1 28
-1 28
-1 28
-1 28
-1 28
-1 28
-1 28
-1 28
-1 28
-1 28
-1 28
-1 28
-1 28
-1 28
-1 28
-1 28
-1 28
-1 28
-1 28
-1 28
-1 28
-1 28
-1 28
-1 28
-1 28
-1 28
-1 28
-1 28
-1 28
-1 28
-1 28
-1 28
-1 28
-1 28
-1 28
-1 28
-1 28
-1 28
-1 28
-1 28
-1 28
-1 28
-1 28
-1 28
-1 28
-1 28
-1 28
-1 28
-1 28
-1 28
-1 28
-1 28
-1 28
-1 28
-1 28
-1 28
-1 28
-1 28
-1 28
-1 28
-1 28
-1 28
-1 28
28 132
-1 132
-1 132
-1 132
-1 132
-1 132
-1 132
-1 132
-1 132
-1 132
-1 132
-1 132
-1 132
-1 132
-1 132
-1 132
-1 132
-1 132
-1 132
-1 132
-1 132
-1 132
-1 132
-1 132
-1 132
-1 132
-1 132
-1 132
-1 132
-1 132
-1 132
-1 132
-1 132
-1 132
-1 132
-1 132
-1 132
-1 132
-1 132
-1 132
-1 132
-1 132
-1 132
-1 132
-1 132
-1 132
-1 132
-1 132
-1 132
-1 132
-1 132
-1 132
-1 132
-1 132
-1 132
-1 132
-1 132
-1 132
-1 132
-1 132
-1 132
-1 132
-1 132
-1 132
-1 132
-1 132
-1 132
-1 132
-1 132
-1 132
-1 132
-1 132
-1 132
-1 132
-1 132
-1 132
-1 132
-1 132
-1 132
-1 132
-1 132
103 160
103 160
103 160
-1 160
-1 160
-1 160
-1 160
-1 160
-1 160
-1 160
-1 160
-1 160
-1 160
-1 160
-1 160
-1 160
-1 160
-1 160
-1 160
-1 160
-1 160
-1 160
-1 160
-1 160
-1 160
-1 160
-1 160
-1 160
-1 160
-1 160
-1 160
-1 160
-1 160
-1 160
-1 160
-1 160
-1 160
-1 160
-1 160
-1 160
-1 160
-1 160
-1 160
-1 160
-1 160
-1 160
-1 160
-1 160
-1 160
-1 160
-1 160
-1 160
-1 160
-1 160
-1 160
-1 160
-1 160
-1 160
-1 160
-1 160
-1 160
-1 160
-1 160
-1 160
-1 160
-1 160
-1 160
-1 160
-1 160
-1 160
-1 160
-1 160
-1 160
-1 160
-1 160
-1 160
-1 160
-1 160
-1 160
-1 160
-1 160
-1 160
-1 160
-1 160
-1 160
-1 160
-1 160
-1 160
-1 160
-1 160
-1 160
-1 160
-1 160
-1 160
-1 160
-1 160
132 68
132 68
-1 68
-1 68
-1 68
-1 68
-1 68
-1 68
-1 68
-1 68
-1 68
-1 68
-1 68
-1 68
-1 68
-1 68
-1 68
-1 68
-1 68
-1 68
-1 68
-1 68
-1 68
-1 68
-1 68
-1 68
-1 68
-1 68
-1 68
-1 68
-1 68
-1 68
-1 68
-1 68
-1 68
-1 68
-1 68
-1 68
-1 68
-1 68
-1 68
-1 68
-1 68
-1 68
-1 68
-1 68
-1 68
-1 68
-1 68
-1 68
-1 68
-1 68
-1 68
-1 68
-1 68
-1 68
-1 68
-1 68
-1 68
-1 68
-1 68
-1 68
-1 68
-1 68
-1 68
-1 68
-1 68
-1 68
-1 68
-1 68
-1 68
-1 68
-1 68
-1 68
-1 68
-1 68
-1 68
-1 68
-1 68
-1 68
-1 68
132 167
132 167
132 167
44 62
44 62
44 62
68 140
-1 140
-1 140
-1 140
-1 140
-1 140
-1 140
-1 140
-1 140
-1 140
-1 140
-1 140
-1 140
-1 140
-1 140
-1 140
-1 140
-1 140
-1 140
-1 140
-1 140
-1 140
-1 140
-1 140
-1 140
-1 140
-1 140
-1 140
-1 140
-1 140
-1 140
-1 140
-1 140
-1 140
-1 140
-1 140
-1 140
-1 140
-1 140
-1 140
-1 140
-1 140
-1 140
-1 140
-1 140
-1 140
-1 140
-1 140
-1 140
-1 140
-1 140
-1 140
-1 140
-1 140
-1 140
-1 140
-1 140
-1 140
-1 140
-1 140
-1 140
-1 140
-1 140
-1 140
-1 140
-1 140
-1 140
-1 140
-1 140
-1 140
-1 140
-1 140
-1 140
-1 140
-1 140
-1 140
-1 140
-1 140
-1 140
-1 140
140 33
-1 33
-1 33
-1 33
-1 33
-1 33
-1 33
-1 33
-1 33
-1 33
-1 33
-1 33
-1 33
-1 33
-1 33
-1 33
-1 33
-1 33
-1 33
-1 33
-1 33
-1 33
-1 33
-1 33
-1 33
-1 33
-1 33
-1 33
-1 33
-1 33
-1 33
-1 33
-1 33
-1 33
-1 33
-1 33
-1 33
-1 33
-1 33
-1 33
-1 33
-1 33
-1 33
-1 33
-1 33
-1 33
-1 33
-1 33
-1 33
-1 33
-1 33
-1 33
-1 33
-1 33
-1 33
-1 33
-1 33
-1 33
-1 33
-1 33
-1 33
-1 33
-1 33
-1 33
-1 33
-1 33
-1 33
-1 33
-1 33
-1 33
-1 33
-1 33
190 24
190 24
-1 24
-1 24
-1 24
-1 24
-1 24
-1 24
-1 24
-1 24
-1 24
-1 24
-1 24
-1 24
-1 24
-1 24
-1 24
-1 24
-1 24
-1 24
-1 24
-1 24
-1 24
-1 24
-1 24
-1 24
-1 24
-1 24
-1 24
-1 24
-1 24
-1 24
-1 24
-1 24
-1 24
-1 24
-1 24
-1 24
-1 24
-1 24
-1 24
-1 24
-1 24
-1 24
-1 24
-1 24
-1 24
-1 24
-1 24
-1 24
-1 24
-1 24
-1 24
-1 24
-1 24
-1 24
-1 24
-1 24
-1 24
-1 24
-1 24
-1 24
-1 24
-1 24
-1 24
-1 24
-1 24
-1 24
-1 24
-1 24
-1 24
-1 24
-1 24
-1 24
-1 24
-1 24
-1 24
-1 24
-1 24
-1 24
-1 24
-1 24
-1 24
-1 24
-1 24
-1 24
-1 24
24 48
-1 48
-1 48
-1 48
-1 48
-1 48
-1 48
-1 48
-1 48
-1 48
-1 48
-1 48
-1 48
-1 48
-1 48
-1 48
-1 48
-1 48
-1 48
-1 48
-1 48
-1 48
-1 48
-1 48
-1 48
-1 48
-1 48
-1 48
-1 48
-1 48
-1 48
-1 48
-1 48
-1 48
-1 48
24 159
24 159
2 161
2 161
2 161
-1 161
-1 161
-1 161
-1 161
-1 161
-1 161
-1 161
-1 161
-1 161
-1 161
-1 161
-1 161
-1 161
-1 161
-1 161
-1 161
-1 161
-1 161
-1 161
-1 161
-1 161
-1 161
-1 161
-1 161
-1 161
-1 161
-1 161
-1 161
-1 161
-1 161
-1 161
-1 161
-1 161
-1 161
-1 161
-1 161
-1 161
-1 161
-1 161
-1 161
-1 161
-1 161
-1 161
-1 161
-1 161
-1 161
-1 161
-1 161
-1 161
-1 161
-1 161
-1 161
-1 161
-1 161
-1 161
-1 161
-1 161
-1 161
-1 161
-1 161
-1 161
-1 161
-1 161
-1 161
-1 161
-1 161
-1 161
-1 161
-1 161
-1 161
-1 161
-1 161
-1 161
-1 161
-1 161
-1 161
-1 161
-1 161
-1 161
-1 161
-1 161
-1 161
-1 161
-1 161
-1 161
-1 161
-1 161
-1 161
-1 161
-1 161
-1 161
-1 161
-1 161
-1 161
-1 161
-1 161
161 50
161 50
-1 50
-1 50
-1 50
-1 50
-1 50
-1 50
-1 50
-1 50
-1 50
-1 50
-1 50
-1 50
-1 50
-1 50
-1 50
-1 50
-1 50
-1 50
-1 50
-1 50
-1 50
-1 50
-1 50
-1 50
-1 50
-1 50
-1 50
-1 50
-1 50
-1 50
-1 50
-1 50
-1 50
-1 50
-1 50
-1 50
-1 50
-1 50
-1 50
-1 50
-1 50
-1 50
-1 50
-1 50
-1 50
-1 50
-1 50
-1 50
-1 50
-1 50
-1 50
-1 50
-1 50
-1 50
-1 50
-1 50
-1 50
-1 50
-1 50
-1 50
-1 50
-1 50
-1 50
-1 50
-1 50
-1 50
-1 50
-1 50
-1 50
-1 50
-1 50
-1 50
-1 50
-1 50
-1 50
-1 50
-1 50
-1 50
-1 50
-1 50
-1 50
-1 50
50 148
-1 148
-1 148
-1 148
-1 148
-1 148
-1 148
-1 148
-1 148
-1 148
-1 148
-1 148
-1 148
-1 148
-1 148
-1 148
-1 148
-1 148
-1 148
-1 148
-1 148
-1 148
-1 148
-1 148
-1 148
-1 148
-1 148
-1 148
-1 148
-1 148
-1 148
-1 148
-1 148
-1 148
161 98
161 98
-1 98
-1 98
-1 98
-1 98
-1 98
-1 98
-1 98
-1 98
-1 98
-1 98
-1 98
-1 98
-1 98
-1 98
-1 98
-1 98
-1 98
-1 98
-1 98
-1 98
-1 98
-1 98
-1 98
-1 98
-1 98
-1 98
-1 98
-1 98
-1 98
-1 98
-1 98
-1 98
-1 98
-1 98
-1 98
-1 98
-1 98
-1 98
-1 98
-1 98
-1 98
-1 98
-1 98
-1 98
-1 98
-1 98
-1 98
-1 98
-1 98
-1 98
-1 98
-1 98
-1 98
-1 98
-1 98
-1 98
-1 98
-1 98
-1 98
-1 98
-1 98
-1 98
-1 98
-1 98
-1 98
-1 98
-1 98
-1 98
-1 98
-1 98
-1 98
-1 98
-1 98
-1 98
-1 98
-1 98
-1 98
-1 98
-1 98
-1 98
-1 98
-1 98
-1 98
-1 98
-1 98
-1 98
-1 98
-1 98
-1 98
-1 98
98 122
-1 122
-1 122
-1 122
-1 122
-1 122
-1 122
-1 122
-1 122
-1 122
-1 122
-1 122
-1 122
-1 122
-1 122
-1 122
-1 122
-1 122
-1 122
-1 122
-1 122
-1 122
-1 122
-1 122
-1 122
-1 122
-1 122
-1 122
-1 122
-1 122
-1 122
-1 122
-1 122
-1 122
-1 122
-1 122
-1 122
-1 122
-1 122
-1 122
-1 122
-1 122
-1 122
-1 122
-1 122
-1 122
-1 122
-1 122
-1 122
-1 122
-1 122
-1 122
-1 122
-1 122
-1 122
-1 122
-1 122
-1 122
-1 122
-1 122
-1 122
-1 122
-1 122
-1 122
-1 122
-1 122
-1 122
148 176
-1 176
-1 176
-1 176
-1 176
-1 176
-1 176
-1 176
-1 176
-1 176
-1 176
-1 176
-1 176
-1 176
-1 176
-1 176
-1 176
-1 176
-1 176
-1 176
-1 176
-1 176
-1 176
-1 176
-1 176
-1 176
-1 176
-1 176
-1 176
-1 176
-1 176
-1 176
-1 176
-1 176
-1 176
-1 176
-1 176
-1 176
-1 176
-1 176
-1 176
-1 176
-1 176
-1 176
-1 176
-1 176
-1 176
-1 176
-1 176
-1 176
-1 176
-1 176
-1 176
-1 176
-1 176
-1 176
-1 176
-1 176
-1 176
-1 176
-1 176
-1 176
-1 176
-1 176
-1 176
-1 176
-1 176
-1 176
-1 176
-1 176
-1 176
-1 176
-1 176
-1 176
-1 176
-1 176
-1 176
-1 176
-1 176
-1 176
-1 176
-1 176
-1 176
-1 176
-1 176
-1 176
-1 176
-1 176
-1 176
-1 176
-1 176
-1 176
-1 176
-1 176
-1 176
-1 176
-1 176
-1 176
176 3
176 3
176 3
176 3
63 163
63 163
33 62
33 62
33 62
33 62
33 62
-1 62
-1 62
-1 62
-1 62
-1 62
-1 62
-1 62
-1 62
-1 62
-1 62
-1 62
-1 62
-1 62
-1 62
-1 62
-1 62
-1 62
-1 62
-1 62
-1 62
-1 62
-1 62
-1 62
-1 62
-1 62
-1 62
-1 62
-1 62
-1 62
-1 62
-1 62
-1 62
-1 62
-1 62
-1 62
-1 62
-1 62
-1 62
-1 62
-1 62
-1 62
-1 62
-1 62
-1 62
-1 62
-1 62
-1 62
-1 62
-1 62
-1 62
-1 62
-1 62
-1 62
-1 62
-1 62
-1 62
-1 62
-1 62
-1 62
-1 62
-1 62
-1 62
-1 62
-1 62
-1 62
-1 62
-1 62
-1 62
-1 62
-1 62
-1 62
-1 62
-1 62
-1 62
181 168
117 3
117 3
121 135
121 135
121 135
121 135
121 135
-1 135
-1 135
-1 135
-1 135
-1 135
-1 135
-1 135
-1 135
-1 135
-1 135
-1 135
-1 135
-1 135
-1 135
-1 135
-1 135
-1 135
-1 135
-1 135
-1 135
-1 135
-1 135
-1 135
-1 135
-1 135
-1 135
-1 135
-1 135
-1 135
-1 135
-1 135
-1 135
-1 135
-1 135
-1 135
-1 135
-1 135
-1 135
-1 135
-1 135
-1 135
-1 135
-1 135
-1 135
-1 135
-1 135
-1 135
-1 135
-1 135
-1 135
-1 135
-1 135
-1 135
-1 135
-1 135
-1 135
-1 135
-1 135
-1 135
-1 135
-1 135
-1 135
-1 135
-1 135
-1 135
-1 135
-1 135
-1 135
-1 135
-1 135
-1 135
-1 135
-1 135
-1 135
-1 135
-1 135
135 47
133 47
82 17
10 54
10 54
160 162
160 162
160 162
160 162
160 162
161 168
161 168
49 17
49 17
49 17
49 17
49 17
49 17
-1 17
-1 17
-1 17
-1 17
-1 17
-1 17
-1 17
-1 17
-1 17
-1 17
-1 17
-1 17
-1 17
-1 17
-1 17
-1 17
-1 17
-1 17
-1 17
-1 17
-1 17
-1 17
-1 17
-1 17
-1 17
-1 17
-1 17
-1 17
-1 17
-1 17
-1 17
-1 17
-1 17
-1 17
-1 17
-1 17
-1 17
-1 17
-1 17
-1 17
-1 17
-1 17
-1 17
-1 17
-1 17
-1 17
-1 17
-1 17
-1 17
-1 17
-1 17
-1 17
-1 17
-1 17
-1 17
-1 17
-1 17
-1 17
-1 17
-1 17
-1 17
-1 17
-1 17
-1 17
-1 17
-1 17
-1 17
-1 17
-1 17
-1 17
-1 17
-1 17
-1 17
-1 17
-1 17
-1 17
-1 17
-1 17
-1 17
138 47
197 59
197 59
197 59
30 163
178 3
178 3
178 3
46 56
46 56
46 56
119 179
119 179
119 179
85 9
-1 9
-1 9
-1 9
-1 9
-1 9
-1 9
-1 9
-1 9
-1 9
-1 9
-1 9
-1 9
-1 9
-1 9
-1 9
-1 9
-1 9
-1 9
-1 9
-1 9
-1 9
-1 9
-1 9
-1 9
-1 9
-1 9
-1 9
-1 9
-1 9
-1 9
-1 9
-1 9
-1 9
-1 9
-1 9
-1 9
-1 9
-1 9
-1 9
-1 9
-1 9
-1 9
-1 9
-1 9
-1 9
-1 9
-1 9
-1 9
-1 9
-1 9
-1 9
-1 9
-1 9
-1 9
-1 9
-1 9
-1 9
-1 9
-1 9
-1 9
-1 9
-1 9
-1 9
-1 9
-1 9
-1 9
-1 9
-1 9
-1 9
-1 9
-1 9
-1 9
-1 9
-1 9
-1 9
-1 9
-1 9
-1 9
-1 9
-1 9
-1 9
-1 9
9 47
9 47
9 47
114 29
114 29
114 29
114 29
106 159
106 159
106 159
98 179
98 179
98 179
98 179
98 179
143 47
143 47
143 47
143 47
8 54
-1 54
-1 54
-1 54
-1 54
-1 54
-1 54
-1 54
-1 54
-1 54
-1 54
-1 54
-1 54
-1 54
-1 54
-1 54
-1 54
-1 54
-1 54
-1 54
-1 54
-1 54
-1 54
-1 54
-1 54
-1 54
-1 54
-1 54
-1 54
-1 54
-1 54
-1 54
-1 54
-1 54
-1 54
-1 54
-1 54
-1 54
-1 54
-1 54
-1 54
-1 54
-1 54
-1 54
-1 54
-1 54
-1 54
-1 54
-1 54
-1 54
-1 54
-1 54
-1 54
-1 54
-1 54
-1 54
-1 54
-1 54
-1 54
-1 54
-1 54
-1 54
-1 54
-1 54
-1 54
-1 54
-1 54
-1 54
-1 54
-1 54
-1 54
-1 54
-1 54
-1 54
-1 54
-1 54
-1 54
-1 54
-1 54
-1 54
-1 54
-1 54
-1 54
-1 54
-1 54
-1 54
-1 54
-1 54
-1 54
-1 54
-1 54
-1 54
54 162
54 162
165 124
165 124
165 124
165 124
165 124
113 29
113 29
113 29
48 124
39 29
39 29
39 29
39 29
-1 29
-1 29
-1 29
-1 29
-1 29
-1 29
-1 29
-1 29
-1 29
-1 29
-1 29
-1 29
-1 29
-1 29
-1 29
-1 29
-1 29
-1 29
-1 29
-1 29
-1 29
-1 29
-1 29
-1 29
-1 29
-1 29
-1 29
-1 29
-1 29
-1 29
-1 29
-1 29
-1 29
-1 29
-1 29
-1 29
-1 29
-1 29
-1 29
-1 29
-1 29
-1 29
-1 29
-1 29
-1 29
-1 29
-1 29
-1 29
-1 29
-1 29
-1 29
-1 29
-1 29
-1 29
-1 29
-1 29
-1 29
-1 29
-1 29
-1 29
-1 29
-1 29
-1 29
-1 29
-1 29
-1 29
-1 29
-1 29
-1 29
-1 29
-1 29
-1 29
-1 29
-1 29
-1 29
-1 29
-1 29
-1 29
-1 29
-1 29
-1 29
-1 29
-1 29
-1 29
-1 29
-1 29
-1 29
-1 29
-1 29
53 139
53 139
26 168
26 168
26 168
148 124
148 124
148 124
148 124
122 159
122 159
122 159
95 168
95 168
95 168
95 168
95 168
-1 168
-1 168
-1 168
-1 168
-1 168
-1 168
-1 168
-1 168
-1 168
-1 168
-1 168
-1 168
-1 168
-1 168
-1 168
-1 168
-1 168
-1 168
-1 168
-1 168
-1 168
-1 168
-1 168
-1 168
-1 168
-1 168
-1 168
-1 168
-1 168
-1 168
-1 168
-1 168
-1 168
-1 168
-1 168
-1 168
-1 168
-1 168
-1 168
-1 168
-1 168
-1 168
-1 168
-1 168
-1 168
-1 168
-1 168
-1 168
-1 168
-1 168
-1 168
-1 168
-1 168
-1 168
-1 168
-1 168
-1 168
-1 168
-1 168
-1 168
-1 168
-1 168
-1 168
-1 168
-1 168
-1 168
-1 168
-1 168
-1 168
-1 168
-1 168
-1 168
-1 168
-1 168
-1 168
-1 168
-1 168
-1 168
-1 168
-1 168
-1 168
-1 168
-1 168
-1 168
-1 168
-1 168
-1 168
-1 168
-1 168
-1 168
168 159
168 159
168 159
168 159
168 159
-1 159
-1 159
-1 159
-1 159
-1 159
-1 159
-1 159
-1 159
-1 159
-1 159
-1 159
-1 159
-1 159
-1 159
-1 159
-1 159
-1 159
-1 159
-1 159
-1 159
-1 159
-1 159
-1 159
-1 159
-1 159
-1 159
-1 159
-1 159
-1 159
-1 159
-1 159
-1 159
-1 159
-1 159
-1 159
-1 159
-1 159
-1 159
-1 159
-1 159
-1 159
-1 159
-1 159
-1 159
-1 159
-1 159
-1 159
-1 159
-1 159
-1 159
-1 159
-1 159
-1 159
-1 159
-1 159
-1 159
-1 159
-1 159
-1 159
-1 159
-1 159
-1 159
-1 159
-1 159
-1 159
-1 159
-1 159
-1 159
-1 159
-1 159
-1 159
-1 159
-1 159
-1 159
-1 159
-1 159
-1 159
-1 159
-1 159
-1 159
-1 159
-1 159
-1 159
-1 159
-1 159
-1 159
-1 159
-1 159
159 91
159 91
91 162
162 77
162 77
162 77
159 59
159 59
-1 59
-1 59
-1 59
-1 59
-1 59
-1 59
-1 59
-1 59
-1 59
-1 59
-1 59
-1 59
-1 59
-1 59
-1 59
-1 59
-1 59
-1 59
-1 59
-1 59
-1 59
-1 59
-1 59
-1 59
-1 59
-1 59
-1 59
-1 59
-1 59
-1 59
-1 59
-1 59
-1 59
-1 59
-1 59
-1 59
-1 59
-1 59
-1 59
-1 59
-1 59
-1 59
-1 59
-1 59
-1 59
-1 59
-1 59
-1 59
-1 59
-1 59
-1 59
-1 59
-1 59
-1 59
-1 59
-1 59
-1 59
-1 59
-1 59
-1 59
-1 59
-1 59
-1 59
-1 59
-1 59
-1 59
-1 59
-1 59
-1 59
-1 59
-1 59
-1 59
-1 59
-1 59
-1 59
-1 59
-1 59
-1 59
-1 59
-1 59
-1 59
-1 59
-1 59
-1 59
-1 59
-1 59
-1 59
-1 59
-1 59
-1 59
-1 59
-1 59
-1 59
-1 59
-1 59
-1 59
59 3
-1 3
-1 3
-1 3
-1 3
-1 3
-1 3
-1 3
-1 3
-1 3
-1 3
-1 3
-1 3
-1 3
-1 3
-1 3
-1 3
-1 3
-1 3
-1 3
-1 3
-1 3
-1 3
-1 3
-1 3
-1 3
-1 3
-1 3
-1 3
-1 3
-1 3
-1 3
-1 3
-1 3
-1 3
-1 3
-1 3
-1 3
-1 3
-1 3
-1 3
-1 3
-1 3
-1 3
-1 3
-1 3
-1 3
-1 3
-1 3
-1 3
-1 3
-1 3
-1 3
-1 3
-1 3
-1 3
-1 3
-1 3
-1 3
-1 3
-1 3
-1 3
-1 3
3 77
59 47
59 47
8 179
8 179
105 77
171 167
171 167
171 167
171 167
171 167
38 20
38 20
38 20
-1 20
-1 20
-1 20
-1 20
-1 20
-1 20
-1 20
-1 20
-1 20
-1 20
-1 20
-1 20
-1 20
-1 20
-1 20
-1 20
-1 20
-1 20
-1 20
-1 20
-1 20
-1 20
-1 20
-1 20
-1 20
-1 20
-1 20
-1 20
-1 20
-1 20
-1 20
-1 20
-1 20
-1 20
-1 20
-1 20
-1 20
-1 20
-1 20
-1 20
-1 20
-1 20
-1 20
-1 20
-1 20
-1 20
-1 20
-1 20
-1 20
-1 20
-1 20
-1 20
-1 20
-1 20
-1 20
-1 20
-1 20
-1 20
-1 20
-1 20
-1 20
-1 20
-1 20
-1 20
-1 20
-1 20
-1 20
-1 20
-1 20
-1 20
-1 20
-1 20
-1 20
-1 20
-1 20
-1 20
-1 20
-1 20
-1 20
-1 20
-1 20
-1 20
-1 20
-1 20
-1 20
-1 20
-1 20
-1 20
-1 20
-1 20
-1 20
-1 20
-1 20
-1 20
-1 20
20 89
20 163
20 163
20 163
-1 163
-1 163
-1 163
-1 163
-1 163
-1 163
-1 163
-1 163
-1 163
-1 163
-1 163
-1 163
-1 163
-1 163
-1 163
-1 163
-1 163
-1 163
-1 163
-1 163
-1 163
-1 163
-1 163
-1 163
-1 163
-1 163
-1 163
-1 163
-1 163
-1 163
-1 163
-1 163
-1 163
-1 163
-1 163
-1 163
-1 163
-1 163
-1 163
-1 163
-1 163
-1 163
-1 163
-1 163
-1 163
-1 163
-1 163
-1 163
-1 163
-1 163
-1 163
-1 163
-1 163
-1 163
-1 163
-1 163
-1 163
-1 163
-1 163
-1 163
-1 163
-1 163
-1 163
-1 163
-1 163
-1 163
-1 163
-1 163
-1 163
-1 163
-1 163
-1 163
-1 163
-1 163
-1 163
-1 163
-1 163
-1 163
-1 163
163 43
163 43
163 43
163 43
89 167
89 167
89 167
89 167
17 167
158 56
109 60
140 77
140 77
140 77
140 77
140 77
36 179
36 179
121 92
38 43
38 43
38 43
153 124
29 139
29 139
29 139
29 139
147 139
147 139
20 56
191 60
191 60
191 60
192 60
192 60
192 60
168 92
50 56
50 56
50 56
195 56
80 47
110 56
110 56
110 56
198 92
198 92
159 167
68 56
68 56
68 56
68 56
68 56
62 124
62 124
-1 124
-1 124
-1 124
-1 124
-1 124
-1 124
-1 124
-1 124
-1 124
-1 124
-1 124
-1 124
-1 124
-1 124
-1 124
-1 124
-1 124
-1 124
-1 124
-1 124
-1 124
-1 124
-1 124
-1 124
-1 124
-1 124
-1 124
-1 124
-1 124
-1 124
-1 124
-1 124
-1 124
-1 124
-1 124
-1 124
-1 124
-1 124
-1 124
-1 124
-1 124
-1 124
-1 124
-1 124
-1 124
-1 124
-1 124
-1 124
-1 124
-1 124
-1 124
-1 124
-1 124
-1 124
-1 124
-1 124
-1 124
-1 124
-1 124
-1 124
-1 124
-1 124
-1 124
-1 124
-1 124
-1 124
-1 124
-1 124
-1 124
-1 124
-1 124
-1 124
-1 124
-1 124
-1 124
-1 124
-1 124
-1 124
-1 124
-1 124
-1 124
-1 124
-1 124
-1 124
-1 124
-1 124
-1 124
-1 124
-1 124
-1 124
-1 124
-1 124
-1 124
-1 124
-1 124
-1 124
-1 124
-1 124
124 167
124 167
62 179
74 56
74 56
74 56
74 56
74 56
74 56
104 56
104 56
104 56
104 56
142 43
142 43
142 43
142 43
-1 43
-1 43
-1 43
-1 43
-1 43
-1 43
-1 43
-1 43
-1 43
-1 43
-1 43
-1 43
-1 43
-1 43
-1 43
-1 43
-1 43
-1 43
-1 43
-1 43
-1 43
-1 43
-1 43
-1 43
-1 43
-1 43
-1 43
-1 43
-1 43
-1 43
-1 43
-1 43
-1 43
-1 43
-1 43
-1 43
-1 43
-1 43
-1 43
-1 43
-1 43
-1 43
-1 43
-1 43
-1 43
-1 43
-1 43
-1 43
-1 43
-1 43
-1 43
-1 43
-1 43
-1 43
-1 43
-1 43
-1 43
-1 43
-1 43
-1 43
-1 43
-1 43
-1 43
-1 43
-1 43
-1 43
-1 43
-1 43
-1 43
-1 43
-1 43
-1 43
-1 43
-1 43
-1 43
-1 43
-1 43
-1 43
-1 43
-1 43
-1 43
-1 43
-1 43
-1 43
-1 43
-1 43
-1 43
-1 43
-1 43
-1 43
-1 43
-1 43
-1 43
-1 43
-1 43
-1 43
-1 43
-1 43
-1 43
-1 43
-1 43
-1 43
43 60
43 60
-1 47
-1 47
-1 47
-1 47
-1 47
-1 47
-1 47
-1 47
-1 47
-1 47
-1 47
-1 47
-1 47
-1 47
-1 47
-1 47
-1 47
-1 47
-1 47
-1 47
-1 47
-1 47
-1 47
-1 47
-1 47
-1 47
-1 47
-1 47
-1 47
-1 47
-1 47
-1 47
-1 47
-1 47
-1 47
-1 47
-1 47
-1 47
-1 47
-1 47
-1 47
-1 47
-1 47
-1 47
-1 47
-1 47
-1 47
-1 47
-1 47
-1 47
-1 47
-1 47
-1 47
-1 47
-1 47
-1 47
-1 47
-1 47
-1 47
-1 47
-1 47
-1 47
-1 47
-1 47
-1 47
-1 47
-1 47
-1 47
-1 47
-1 47
-1 47
-1 47
-1 47
-1 47
-1 47
-1 47
-1 47
-1 47
-1 47
-1 47
-1 47
-1 47
-1 47
-1 47
-1 47
-1 47
-1 47
-1 47
-1 47
-1 47
-1 47
-1 47
-1 47
-1 47
-1 47
-1 47
-1 47
-1 47
-1 47
-1 47
-1 47
-1 47
-1 47
-1 47
-1 47
-1 47
-1 47
47 179
47 179
47 179
47 179
-1 56
-1 56
-1 56
-1 56
-1 56
-1 56
-1 56
-1 56
-1 56
-1 56
-1 56
-1 56
-1 56
-1 56
-1 56
-1 56
-1 56
-1 56
-1 56
-1 56
-1 56
-1 56
-1 56
-1 56
-1 56
-1 56
-1 56
-1 56
-1 56
-1 56
-1 56
-1 56
-1 56
-1 56
-1 56
-1 56
-1 56
-1 56
-1 56
-1 56
-1 56
-1 56
-1 56
-1 56
-1 56
-1 56
-1 56
-1 56
-1 56
-1 56
-1 56
-1 56
-1 56
-1 56
-1 56
-1 56
-1 56
-1 56
-1 56
-1 56
-1 56
-1 56
-1 56
-1 56
-1 56
-1 56
-1 56
-1 56
-1 56
-1 56
-1 56
-1 56
-1 56
-1 56
-1 56
-1 56
-1 56
-1 56
-1 56
-1 56
-1 56
-1 56
-1 56
-1 56
-1 56
-1 56
-1 56
-1 56
-1 56
-1 56
-1 56
-1 56
-1 56
-1 56
-1 56
-1 56
-1 56
-1 56
-1 56
-1 56
-1 56
-1 56
-1 56
-1 56
-1 56
-1 56
-1 56
-1 56
-1 56
-1 56
-1 56
-1 56
-1 56
-1 56
-1 56
-1 56
-1 56
-1 56
-1 56
-1 56
-1 56
-1 56
-1 56
-1 56
-1 56
-1 56
-1 56
-1 56
-1 56
-1 56
-1 56
-1 56
-1 56
-1 56
-1 56
-1 56
-1 56
-1 56
-1 56
-1 56
-1 56
-1 56
-1 56
56 139
56 139
56 139
56 139
56 139
-1 139
-1 139
-1 139
-1 139
-1 139
-1 139
-1 139
-1 139
-1 139
-1 139
-1 139
-1 139
-1 139
-1 139
-1 139
-1 139
-1 139
-1 139
-1 139
-1 139
-1 139
-1 139
-1 139
-1 139
-1 139
-1 139
-1 139
-1 139
-1 139
-1 139
-1 139
-1 139
-1 139
-1 139
-1 139
-1 139
-1 139
-1 139
-1 139
-1 139
-1 139
-1 139
-1 139
-1 139
-1 139
-1 139
-1 139
-1 139
-1 139
-1 139
-1 139
-1 139
-1 139
-1 139
-1 139
-1 139
-1 139
-1 139
-1 139
-1 139
-1 139
-1 139
-1 139
-1 139
-1 139
-1 139
-1 139
-1 139
-1 139
-1 139
-1 139
-1 139
-1 139
-1 139
-1 139
-1 139
-1 139
-1 139
-1 139
-1 139
-1 139
-1 139
-1 139
-1 139
-1 139
-1 139
-1 139
-1 139
-1 139
-1 139
-1 139
-1 139
-1 139
-1 139
-1 139
-1 139
-1 139
139 92
-1 92
-1 92
-1 92
-1 92
-1 92
-1 92
-1 92
-1 92
-1 92
-1 92
-1 92
-1 92
-1 92
-1 92
-1 92
-1 92
-1 92
-1 92
-1 92
-1 92
-1 92
-1 92
-1 92
-1 92
-1 92
-1 92
-1 92
-1 92
-1 92
-1 92
-1 92
-1 92
-1 92
-1 92
-1 92
-1 92
-1 92
-1 92
-1 92
-1 92
-1 92
-1 92
-1 92
-1 92
-1 92
-1 92
-1 92
-1 92
-1 92
-1 92
-1 92
-1 92
-1 92
-1 92
-1 92
-1 92
-1 92
-1 92
-1 92
-1 92
-1 92
-1 92
-1 92
-1 92
-1 92
-1 92
-1 92
-1 92
-1 92
-1 92
-1 92
-1 92
-1 92
-1 92
-1 92
-1 92
-1 92
-1 92
-1 92
-1 92
-1 92
-1 92
-1 92
-1 92
-1 92
-1 92
-1 92
-1 92
-1 92
-1 92
-1 92
-1 92
-1 92
-1 92
-1 92
-1 92
-1 92
-1 92
92 179
-1 179
-1 179
-1 179
-1 179
-1 179
-1 179
-1 179
-1 179
-1 179
-1 179
-1 179
-1 179
-1 179
-1 179
-1 179
-1 179
-1 179
-1 179
-1 179
-1 179
-1 179
-1 179
-1 179
-1 179
-1 179
-1 179
-1 179
-1 179
-1 179
-1 179
-1 179
-1 179
-1 179
-1 179
-1 179
-1 179
-1 179
-1 179
-1 179
-1 179
-1 179
-1 179
-1 179
-1 179
-1 179
-1 179
-1 179
-1 179
-1 179
-1 179
-1 179
-1 179
-1 179
-1 179
-1 179
-1 179
-1 179
-1 179
-1 179
-1 179
-1 179
-1 179
-1 179
-1 179
-1 179
-1 179
-1 179
-1 179
-1 179
-1 179
-1 179
-1 179
-1 179
-1 179
-1 179
-1 179
-1 179
-1 179
-1 179
-1 179
-1 179
-1 179
-1 179
-1 179
-1 179
-1 179
-1 179
-1 179
-1 179
-1 179
-1 179
-1 179
-1 179
-1 179
-1 179
179 77
92 60
92 60
92 60
92 60
92 60
139 60
139 60
139 60
139 60
139 60
-1 60
-1 60
-1 60
-1 60
-1 60
-1 60
-1 60
-1 60
-1 60
-1 60
-1 60
-1 60
-1 60
-1 60
-1 60
-1 60
-1 60
-1 60
-1 60
-1 60
-1 60
-1 60
-1 60
-1 60
-1 60
-1 60
-1 60
-1 60
-1 60
-1 60
-1 60
-1 60
-1 60
-1 60
-1 60
-1 60
-1 60
-1 60
-1 60
-1 60
-1 60
-1 60
-1 60
-1 60
-1 60
-1 60
-1 60
-1 60
-1 60
-1 60
-1 60
-1 60
-1 60
-1 60
-1 60
-1 60
-1 60
-1 60
-1 60
-1 60
-1 60
-1 60
-1 60
-1 60
-1 60
-1 60
-1 60
-1 60
-1 60
-1 60
-1 60
-1 60
-1 60
-1 60
-1 60
-1 60
-1 60
-1 60
-1 60
-1 60
-1 60
-1 60
-1 60
-1 60
-1 60
-1 60
-1 60
-1 60
-1 60
-1 60
-1 60
-1 60
-1 60
-1 60
-1 60
-1 60
-1 60
-1 60
-1 60
-1 60
-1 60
-1 60
-1 60
-1 60
-1 60
-1 60
-1 60
-1 60
-1 60
-1 60
-1 60
-1 60
-1 60
-1 60
-1 60
-1 60
-1 60
-1 60
-1 60
-1 60
-1 60
-1 60
-1 60
-1 60
-1 60
-1 60
-1 60
-1 60
-1 60
-1 60
-1 60
-1 60
-1 60
-1 60
-1 60
-1 60
-1 60
-1 60
-1 60
-1 60
-1 60
-1 60
-1 60
-1 60
-1 60
-1 60
-1 60
-1 60
-1 60
-1 60
-1 60
-1 60
-1 60
-1 60
-1 60
-1 60
-1 60
-1 60
-1 60
-1 60
-1 60
-1 60
-1 60
-1 60
-1 60
-1 60
-1 60
-1 60
-1 60
-1 60
-1 60
-1 60
-1 60
-1 60
-1 60
-1 60
-1 60
-1 60
-1 60
-1 60
-1 60
-1 60
-1 60
-1 60
-1 60
-1 60
-1 60
-1 60
-1 60
-1 60
-1 60
-1 60
-1 60
-1 60
-1 60
-1 60
-1 60
-1 60
-1 60
-1 60
-1 60
-1 60
-1 60
-1 60
-1 60
-1 60
-1 60
-1 60
-1 60
-1 60
-1 60
-1 60
-1 60
-1 60
-1 60
-1 60
-1 60
-1 60
-1 60
-1 60
-1 60
-1 60
-1 60
-1 60
-1 60
-1 60
-1 60
-1 60
-1 60
-1 60
-1 60
-1 60
-1 60
-1 60
-1 60
-1 60
-1 60
-1 60
-1 60
-1 60
-1 60
-1 60
-1 60
-1 60
-1 60
-1 60
-1 60
-1 60
-1 60
-1 60
-1 60
-1 60
-1 60
-1 60
-1 60
-1 60
-1 60
-1 60
-1 60
-1 60
-1 60
-1 60
-1 60
-1 60
-1 60
-1 60
-1 60
-1 60
-1 60
-1 60
-1 60
-1 60
-1 60
-1 60
-1 60
-1 60
-1 60
-1 60
-1 60
-1 60
-1 60
-1 60
-1 60
-1 60
-1 60
-1 60
-1 60
-1 60
-1 60
-1 60
-1 60
-1 60
-1 60
-1 60
-1 60
-1 60
-1 60
-1 60
-1 60
-1 60
-1 60
-1 60
-1 60
-1 60
-1 60
-1 60
-1 60
-1 60
-1 60
-1 60
-1 60
-1 60
-1 60
-1 60
60 77
-1 77
-1 77
-1 77
-1 77
-1 77
-1 77
-1 77
-1 77
-1 77
-1 77
-1 77
-1 77
-1 77
-1 77
-1 77
-1 77
-1 77
-1 77
-1 77
-1 77
-1 77
-1 77
-1 77
-1 77
-1 77
-1 77
-1 77
-1 77
-1 77
-1 77
-1 77
-1 77
-1 77
-1 77
-1 77
-1 77
-1 77
-1 77
-1 77
-1 77
-1 77
-1 77
-1 77
-1 77
-1 77
-1 77
-1 77
-1 77
-1 77
-1 77
-1 77
-1 77
-1 77
-1 77
-1 77
-1 77
-1 77
-1 77
-1 77
-1 77
-1 77
-1 77
-1 77
-1 77
-1 77
-1 77
-1 77
-1 77
-1 77
-1 77
-1 77
-1 77
-1 77
-1 77
-1 77
-1 77
-1 77
-1 77
-1 77
-1 77
-1 77
-1 77
-1 77
-1 77
-1 77
-1 77
-1 77
-1 77
-1 77
-1 77
-1 77
-1 77
-1 77
-1 77
-1 77
-1 77
-1 77
-1 77
60 167
77 167
-1 167
-1 167
-1 167
-1 167
-1 167
-1 167
-1 167
-1 167
-1 167
-1 167
-1 167
-1 167
-1 167
-1 167
-1 167
-1 167
-1 167
-1 167
-1 167
-1 167
-1 167
-1 167
-1 167
-1 167
-1 167
-1 167
-1 167
-1 167
-1 167
-1 167
-1 167
-1 167
-1 167
-1 167
-1 167
-1 167
-1 167
-1 167
-1 167
-1 167
-1 167
-1 167
-1 167
-1 167
-1 167
-1 167
-1 167
-1 167
-1 167
-1 167
-1 167
-1 167
-1 167
-1 167
-1 167
-1 167
-1 167
-1 167
-1 167
-1 167
-1 167
-1 167
-1 167
-1 167
-1 167
-1 167
-1 167
-1 167
-1 167
-1 167
-1 167
-1 167
-1 167
-1 167
-1 167
-1 167
-1 167
-1 167
-1 167
-1 167
-1 167
-1 167
-1 167
-1 167
-1 167
-1 167
-1 167
-1 167
-1 167
-1 167
-1 167
-1 167
-1 167
-1 167
-1 167
-1 167
-1 167
-1 167
-1 167
-1 167
-1 167
-1 167
-1 167
-1 167
-1 167
-1 167
-1 167
-1 167
-1 167
-1 167
-1 167
-1 167
-1 167
-1 167
-1 167
-1 167
-1 167
-1 167
-1 167
-1 167
-1 167
-1 167
-1 167
-1 167
-1 167
-1 167
-1 167
-1 167
-1 167
-1 167
-1 167
-1 167
-1 167
-1 167
-1 167
-1 167
-1 167
-1 167
-1 167
-1 167
-1 167
-1 167
-1 167
-1 167
-1 167
-1 167
-1 167
-1 167
-1 167
-1 167
-1 167
-1 167
-1 167
-1 167
-1 167
-1 167
-1 167
-1 167
-1 167
-1 167
-1 167
-1 167
-1 167
-1 167
-1 167
-1 167
-1 167
-1 167
-1 167
-1 167
-1 167
-1 167
-1 167
-1 167
-1 167
-1 167
-1 167
-1 167
-1 167
-1 167
