-1 0
-1 0
-1 0
-1 0
-1 0
-1 0
-1 0
-1 0
-1 0
-1 0
-1 0
-1 0
-1 0
-1 0
-1 0
-1 0
-1 0
-1 0
-1 0
-1 0
-1 0
-1 0
-1 0
-1 0
-1 0
-1 0
-1 0
-1 0
-1 0
-1 0
-1 0
-1 0
-1 0
-1 0
-1 0
-1 0
-1 0
-1 0
-1 0
-1 0
-1 0
-1 0
-1 0
-1 0
-1 0
-1 0
-1 0
-1 0
-1 0
-1 0
-1 0
-1 0
-1 0
-1 0
-1 0
-1 0
-1 0
-1 0
-1 0
-1 0
-1 0
-1 0
-1 0
-1 0
-1 0
-1 0
-1 0
-1 0
-1 0
-1 0
-1 0
-1 0
-1 0
-1 0
-1 0
-1 0
-1 0
-1 0
-1 0
-1 0
-1 0
-1 0
-1 0
-1 0
-1 0
-1 0
-1 0
-1 0
-1 0
-1 0
-1 0
-1 0
-1 0
-1 0
-1 0
-1 0
-1 0
-1 0
-1 0
-1 0
-1 0
-1 0
-1 0
-1 0
-1 0
-1 0
-1 0
-1 0
-1 0
-1 0
-1 0
-1 0
-1 0
-1 0
-1 0
-1 0
-1 0
-1 0
-1 0
-1 0
-1 0
-1 0
-1 0
-1 0
-1 0
-1 0
-1 0
-1 0
-1 0
-1 0
-1 0
-1 0
-1 0
-1 0
-1 0
-1 0
-1 0
-1 0
-1 0
-1 0
-1 0
-1 0
-1 0
-1 0
-1 0
-1 0
-1 0
-1 0
-1 0
-1 0
-1 0
-1 0
-1 0
-1 0
-1 0
-1 0
-1 0
-1 0
-1 0
-1 0
-1 0
0 73
-1 73
-1 73
-1 73
-1 73
-1 73
-1 73
-1 73
-1 73
-1 73
-1 73
-1 73
-1 73
-1 73
-1 73
-1 73
-1 73
-1 73
-1 73
-1 73
-1 73
-1 73
-1 73
-1 73
-1 73
-1 73
-1 73
-1 73
-1 73
-1 73
-1 73
-1 73
-1 73
-1 73
-1 73
-1 73
-1 73
-1 73
-1 73
-1 73
-1 73
-1 73
-1 73
-1 73
73 97
73 42
73 42
73 42
-1 42
-1 42
-1 42
-1 42
-1 42
-1 42
-1 42
42 139
139 79
139 79
-1 79
-1 79
-1 79
-1 79
-1 79
-1 79
-1 79
-1 79
-1 79
-1 79
-1 79
-1 79
-1 79
-1 79
-1 79
-1 79
-1 79
-1 79
-1 79
-1 79
-1 79
-1 79
-1 79
-1 79
-1 79
-1 79
-1 79
-1 79
-1 79
-1 79
-1 79
-1 79
-1 79
-1 79
-1 79
-1 79
-1 79
-1 79
-1 79
-1 79
-1 79
-1 79
-1 79
-1 79
-1 79
42 27
-1 27
-1 27
-1 27
-1 27
-1 27
-1 27
-1 27
-1 27
-1 27
-1 27
-1 27
-1 27
-1 27
-1 27
-1 27
-1 27
-1 27
-1 27
-1 27
-1 27
-1 27
-1 27
-1 27
-1 27
-1 27
-1 27
-1 27
-1 27
-1 27
-1 27
-1 27
-1 27
-1 27
-1 27
-1 27
-1 27
-1 27
-1 27
-1 27
-1 27
-1 27
-1 27
-1 27
-1 27
-1 27
-1 27
-1 27
-1 27
-1 27
-1 27
-1 27
-1 27
-1 27
-1 27
-1 27
-1 27
-1 27
-1 27
-1 27
27 111
-1 111
-1 111
-1 111
-1 111
-1 111
-1 111
-1 111
-1 111
-1 111
-1 111
-1 111
111 19
111 120
111 19
111 103
-1 103
-1 103
-1 103
-1 103
-1 103
-1 103
-1 103
-1 103
-1 103
-1 103
-1 103
-1 103
-1 103
-1 103
-1 103
-1 103
-1 103
-1 103
-1 103
-1 103
-1 103
-1 103
-1 103
-1 103
-1 103
-1 103
-1 103
-1 103
-1 103
-1 103
-1 103
-1 103
-1 103
-1 103
-1 103
-1 103
-1 103
-1 103
-1 103
-1 103
-1 103
-1 103
-1 103
-1 103
27 173
-1 173
-1 173
-1 173
-1 173
-1 173
-1 173
-1 173
-1 173
-1 173
-1 173
-1 173
-1 173
-1 173
-1 173
-1 173
-1 173
-1 173
173 138
173 138
120 170
120 170
120 170
120 170
-1 170
-1 170
-1 170
-1 170
-1 170
-1 170
-1 170
-1 170
-1 170
-1 170
-1 170
-1 170
-1 170
-1 170
-1 170
-1 170
-1 170
-1 170
-1 170
-1 170
-1 170
-1 170
-1 170
170 48
170 48
-1 48
-1 48
-1 48
-1 48
-1 48
-1 48
-1 48
-1 48
-1 48
-1 48
-1 48
-1 48
-1 48
-1 48
-1 48
-1 48
-1 48
-1 48
-1 48
-1 48
-1 48
-1 48
-1 48
-1 48
-1 48
-1 48
-1 48
-1 48
-1 48
-1 48
-1 48
-1 48
-1 48
-1 48
-1 48
-1 48
-1 48
-1 48
-1 48
-1 48
-1 48
-1 48
-1 48
-1 48
-1 48
-1 48
-1 48
-1 48
-1 48
-1 48
-1 48
-1 48
-1 48
-1 48
-1 48
-1 48
-1 48
-1 48
-1 48
-1 48
-1 48
-1 48
-1 48
-1 48
-1 48
-1 48
111 194
111 194
19 145
19 145
19 145
-1 145
-1 145
-1 145
-1 145
-1 145
-1 145
-1 145
-1 145
-1 145
-1 145
-1 145
-1 145
-1 145
-1 145
-1 145
-1 145
-1 145
-1 145
-1 145
-1 145
-1 145
-1 145
-1 145
-1 145
-1 145
-1 145
-1 145
-1 145
-1 145
-1 145
-1 145
-1 145
-1 145
-1 145
-1 145
-1 145
-1 145
-1 145
-1 145
-1 145
-1 145
-1 145
-1 145
-1 145
-1 145
-1 145
-1 145
-1 145
-1 145
-1 145
-1 145
-1 145
-1 145
145 5
-1 5
-1 5
-1 5
-1 5
-1 5
-1 5
-1 5
-1 5
-1 5
-1 5
-1 5
-1 5
-1 5
48 60
48 60
-1 60
-1 60
-1 60
-1 60
-1 60
-1 60
-1 60
-1 60
-1 60
-1 60
-1 60
-1 60
-1 60
-1 60
-1 60
-1 60
-1 60
138 47
138 47
-1 47
-1 47
-1 47
-1 47
-1 47
-1 47
-1 47
-1 47
-1 47
-1 47
-1 47
-1 47
-1 47
-1 47
-1 47
-1 47
-1 47
-1 47
-1 47
-1 47
-1 47
-1 47
-1 47
-1 47
-1 47
-1 47
-1 47
-1 47
-1 47
-1 47
-1 47
-1 47
-1 47
-1 47
-1 47
-1 47
-1 47
-1 47
-1 47
-1 47
-1 47
-1 47
-1 47
-1 47
-1 47
-1 47
60 121
60 121
60 121
60 121
-1 121
-1 121
-1 121
-1 121
-1 121
-1 121
-1 121
-1 121
-1 121
-1 121
-1 121
-1 121
-1 121
-1 121
-1 121
-1 121
-1 121
-1 121
-1 121
-1 121
-1 121
-1 121
-1 121
-1 121
-1 121
-1 121
-1 121
-1 121
-1 121
-1 121
-1 121
-1 121
-1 121
-1 121
-1 121
-1 121
-1 121
-1 121
-1 121
-1 121
-1 121
-1 121
-1 121
-1 121
-1 121
-1 121
-1 121
-1 121
-1 121
-1 121
-1 121
-1 121
-1 121
-1 121
-1 121
-1 121
-1 121
-1 121
-1 121
-1 121
-1 121
-1 121
-1 121
-1 121
-1 121
-1 121
-1 121
-1 121
-1 121
-1 121
-1 121
-1 121
-1 121
19 46
19 46
173 93
173 93
145 32
145 32
145 32
145 32
-1 32
-1 32
-1 32
-1 32
-1 32
-1 32
-1 32
-1 32
-1 32
-1 32
-1 32
-1 32
-1 32
-1 32
-1 32
-1 32
-1 32
-1 32
-1 32
-1 32
-1 32
-1 32
-1 32
-1 32
-1 32
-1 32
-1 32
-1 32
-1 32
-1 32
-1 32
-1 32
-1 32
-1 32
-1 32
-1 32
-1 32
-1 32
-1 32
-1 32
-1 32
-1 32
-1 32
-1 32
-1 32
-1 32
-1 32
-1 32
-1 32
-1 32
-1 32
-1 32
-1 32
-1 32
-1 32
-1 32
-1 32
-1 32
-1 32
-1 32
-1 32
-1 32
-1 32
-1 32
-1 32
-1 32
-1 32
-1 32
-1 32
-1 32
-1 32
-1 32
-1 32
-1 32
-1 32
-1 32
-1 32
-1 32
-1 32
-1 32
-1 32
-1 32
-1 32
-1 32
-1 32
-1 32
-1 32
32 198
32 125
125 72
-1 72
-1 72
-1 72
-1 72
-1 72
-1 72
-1 72
-1 72
-1 72
-1 72
-1 72
-1 72
-1 72
-1 72
-1 72
-1 72
-1 72
-1 72
-1 72
-1 72
-1 72
-1 72
-1 72
-1 72
-1 72
-1 72
-1 72
-1 72
-1 72
-1 72
-1 72
-1 72
-1 72
-1 72
-1 72
-1 72
-1 72
-1 72
-1 72
-1 72
-1 72
-1 72
-1 72
-1 72
-1 72
-1 72
-1 72
-1 72
-1 72
-1 72
-1 72
-1 72
-1 72
-1 72
-1 72
-1 72
-1 72
-1 72
-1 72
-1 72
-1 72
-1 72
72 78
-1 78
-1 78
-1 78
-1 78
-1 78
-1 78
-1 78
-1 78
-1 78
-1 78
-1 78
-1 78
-1 78
-1 78
-1 78
-1 78
-1 78
-1 78
-1 78
-1 78
-1 78
-1 78
-1 78
-1 78
-1 78
-1 78
-1 78
-1 78
-1 78
-1 78
-1 78
-1 78
-1 78
-1 78
-1 78
-1 78
-1 78
-1 78
-1 78
-1 78
-1 78
-1 78
-1 78
-1 78
-1 78
-1 78
-1 78
-1 78
-1 78
-1 78
-1 78
-1 78
-1 78
-1 78
-1 78
78 17
78 17
121 140
121 140
121 140
145 192
42 28
-1 28
-1 28
-1 28
-1 28
-1 28
-1 28
-1 28
-1 28
-1 28
-1 28
-1 28
-1 28
-1 28
-1 28
-1 28
-1 28
-1 28
-1 28
-1 28
-1 28
-1 28
-1 28
-1 28
-1 28
-1 28
-1 28
-1 28
-1 28
-1 28
-1 28
-1 28
-1 28
-1 28
-1 28
-1 28
-1 28
-1 28
-1 28
-1 28
-1 28
-1 28
-1 28
-1 28
-1 28
-1 28
-1 28
-1 28
-1 28
-1 28
-1 28
-1 28
-1 28
-1 28
-1 28
-1 28
-1 28
-1 28
-1 28
-1 28
-1 28
-1 28
-1 28
-1 28
-1 28
-1 28
-1 28
-1 28
-1 28
-1 28
-1 28
-1 28
28 172
28 172
28 172
-1 172
-1 172
-1 172
-1 172
-1 172
-1 172
-1 172
-1 172
-1 172
-1 172
-1 172
-1 172
-1 172
-1 172
-1 172
-1 172
-1 172
-1 172
-1 172
-1 172
-1 172
-1 172
-1 172
-1 172
-1 172
-1 172
-1 172
-1 172
-1 172
-1 172
-1 172
-1 172
-1 172
-1 172
-1 172
-1 172
-1 172
-1 172
-1 172
-1 172
-1 172
-1 172
-1 172
-1 172
-1 172
-1 172
-1 172
-1 172
-1 172
-1 172
-1 172
-1 172
-1 172
-1 172
-1 172
-1 172
-1 172
-1 172
-1 172
-1 172
-1 172
-1 172
-1 172
-1 172
-1 172
-1 172
-1 172
-1 172
-1 172
-1 172
-1 172
-1 172
-1 172
-1 172
-1 172
-1 172
-1 172
-1 172
-1 172
-1 172
-1 172
-1 172
-1 172
-1 172
-1 172
-1 172
172 10
172 10
172 10
28 99
28 99
138 43
120 69
120 69
48 61
48 61
27 14
27 14
-1 14
-1 14
-1 14
-1 14
-1 14
-1 14
-1 14
-1 14
-1 14
-1 14
-1 14
-1 14
-1 14
-1 14
-1 14
-1 14
-1 14
-1 14
-1 14
-1 14
-1 14
-1 14
-1 14
-1 14
-1 14
-1 14
-1 14
-1 14
-1 14
-1 14
-1 14
-1 14
-1 14
-1 14
-1 14
-1 14
-1 14
-1 14
-1 14
-1 14
-1 14
-1 14
-1 14
-1 14
-1 14
-1 14
-1 14
-1 14
-1 14
-1 14
-1 14
-1 14
-1 14
-1 14
-1 14
-1 14
-1 14
-1 14
-1 14
-1 14
-1 14
-1 14
14 39
14 74
-1 74
-1 74
-1 74
-1 74
-1 74
-1 74
-1 74
-1 74
-1 74
-1 74
-1 74
-1 74
-1 74
-1 74
-1 74
-1 74
-1 74
-1 74
-1 74
-1 74
-1 74
-1 74
-1 74
-1 74
-1 74
-1 74
-1 74
-1 74
-1 74
-1 74
-1 74
-1 74
-1 74
-1 74
-1 74
-1 74
-1 74
-1 74
-1 74
-1 74
-1 74
-1 74
-1 74
-1 74
-1 74
-1 74
-1 74
-1 74
-1 74
-1 74
-1 74
-1 74
-1 74
-1 74
-1 74
-1 74
-1 74
-1 74
-1 74
-1 74
-1 74
-1 74
-1 74
-1 74
-1 74
-1 74
-1 74
-1 74
-1 74
-1 74
-1 74
-1 74
-1 74
-1 74
-1 74
-1 74
-1 74
-1 74
-1 74
-1 74
-1 74
-1 74
-1 74
-1 74
-1 74
-1 74
-1 74
-1 74
-1 74
-1 74
-1 74
-1 74
-1 74
-1 74
-1 74
74 9
39 143
74 62
74 62
-1 62
-1 62
-1 62
-1 62
-1 62
-1 62
-1 62
-1 62
-1 62
-1 62
-1 62
-1 62
-1 62
-1 62
-1 62
-1 62
-1 62
-1 62
-1 62
-1 62
-1 62
-1 62
-1 62
-1 62
-1 62
-1 62
-1 62
-1 62
-1 62
-1 62
-1 62
-1 62
-1 62
-1 62
-1 62
-1 62
-1 62
-1 62
-1 62
-1 62
-1 62
-1 62
-1 62
-1 62
-1 62
-1 62
-1 62
-1 62
-1 62
-1 62
-1 62
-1 62
-1 62
-1 62
-1 62
-1 62
-1 62
-1 62
-1 62
-1 62
-1 62
62 144
62 144
-1 144
-1 144
-1 144
-1 144
-1 144
-1 144
-1 144
-1 144
-1 144
-1 144
-1 144
-1 144
-1 144
-1 144
-1 144
-1 144
-1 144
-1 144
-1 144
-1 144
-1 144
-1 144
-1 144
-1 144
-1 144
-1 144
-1 144
-1 144
-1 144
-1 144
-1 144
-1 144
-1 144
-1 144
-1 144
-1 144
62 109
62 109
-1 109
-1 109
-1 109
-1 109
-1 109
-1 109
-1 109
-1 109
-1 109
-1 109
-1 109
-1 109
-1 109
-1 109
-1 109
-1 109
-1 109
-1 109
-1 109
-1 109
-1 109
-1 109
-1 109
-1 109
-1 109
-1 109
-1 109
-1 109
-1 109
-1 109
-1 109
-1 109
-1 109
-1 109
-1 109
-1 109
-1 109
-1 109
109 55
-1 55
-1 55
-1 55
-1 55
-1 55
-1 55
-1 55
-1 55
-1 55
-1 55
-1 55
-1 55
-1 55
-1 55
-1 55
-1 55
-1 55
-1 55
-1 55
-1 55
-1 55
-1 55
-1 55
-1 55
-1 55
-1 55
-1 55
-1 55
-1 55
-1 55
-1 55
-1 55
-1 55
-1 55
-1 55
-1 55
-1 55
-1 55
-1 55
-1 55
-1 55
-1 55
-1 55
-1 55
-1 55
-1 55
-1 55
-1 55
55 133
-1 133
-1 133
-1 133
-1 133
-1 133
-1 133
-1 133
-1 133
-1 133
-1 133
-1 133
-1 133
-1 133
-1 133
-1 133
-1 133
-1 133
-1 133
-1 133
-1 133
-1 133
-1 133
-1 133
-1 133
-1 133
-1 133
-1 133
-1 133
-1 133
-1 133
-1 133
-1 133
-1 133
-1 133
-1 133
-1 133
-1 133
-1 133
-1 133
-1 133
-1 133
-1 133
-1 133
-1 133
-1 133
-1 133
-1 133
-1 133
-1 133
-1 133
-1 133
-1 133
-1 133
-1 133
-1 133
-1 133
-1 133
-1 133
-1 133
-1 133
-1 133
-1 133
-1 133
133 91
91 198
198 69
198 69
-1 69
-1 69
-1 69
-1 69
-1 69
-1 69
-1 69
-1 69
-1 69
-1 69
-1 69
-1 69
-1 69
-1 69
-1 69
-1 69
-1 69
-1 69
-1 69
-1 69
-1 69
-1 69
-1 69
-1 69
-1 69
-1 69
-1 69
-1 69
-1 69
-1 69
-1 69
-1 69
-1 69
-1 69
-1 69
-1 69
-1 69
-1 69
-1 69
-1 69
-1 69
-1 69
-1 69
-1 69
-1 69
-1 69
-1 69
-1 69
-1 69
-1 69
-1 69
-1 69
-1 69
-1 69
-1 69
-1 69
-1 69
-1 69
-1 69
-1 69
-1 69
-1 69
-1 69
-1 69
-1 69
-1 69
-1 69
-1 69
-1 69
-1 69
-1 69
-1 69
-1 69
-1 69
-1 69
69 95
69 95
-1 95
-1 95
-1 95
-1 95
-1 95
-1 95
-1 95
-1 95
-1 95
-1 95
-1 95
-1 95
-1 95
-1 95
-1 95
-1 95
-1 95
-1 95
91 36
91 36
144 104
198 185
198 185
55 152
55 152
-1 152
-1 152
-1 152
-1 152
-1 152
-1 152
-1 152
-1 152
-1 152
-1 152
-1 152
-1 152
-1 152
-1 152
-1 152
-1 152
-1 152
-1 152
-1 152
-1 152
-1 152
-1 152
-1 152
-1 152
-1 152
-1 152
-1 152
-1 152
-1 152
-1 152
-1 152
-1 152
-1 152
-1 152
-1 152
-1 152
-1 152
-1 152
-1 152
-1 152
-1 152
-1 152
-1 152
-1 152
-1 152
-1 152
-1 152
-1 152
-1 152
-1 152
-1 152
-1 152
-1 152
-1 152
-1 152
-1 152
-1 152
74 9
95 114
95 114
95 114
-1 114
-1 114
-1 114
-1 114
-1 114
-1 114
-1 114
-1 114
-1 114
-1 114
-1 114
-1 114
-1 114
-1 114
-1 114
-1 114
-1 114
-1 114
-1 114
-1 114
-1 114
-1 114
-1 114
-1 114
114 35
-1 35
-1 35
-1 35
-1 35
-1 35
-1 35
-1 35
-1 35
-1 35
-1 35
-1 35
-1 35
-1 35
-1 35
-1 35
-1 35
-1 35
-1 35
-1 35
-1 35
-1 35
-1 35
-1 35
-1 35
-1 35
-1 35
-1 35
-1 35
-1 35
-1 35
-1 35
-1 35
-1 35
-1 35
-1 35
-1 35
-1 35
-1 35
-1 35
-1 35
-1 35
-1 35
-1 35
-1 35
-1 35
-1 35
-1 35
-1 35
-1 35
-1 35
-1 35
-1 35
-1 35
-1 35
-1 35
-1 35
-1 35
-1 35
-1 35
-1 35
-1 35
-1 35
-1 35
-1 35
-1 35
-1 35
-1 35
-1 35
-1 35
-1 35
-1 35
-1 35
-1 35
-1 35
-1 35
-1 35
-1 35
-1 35
114 132
132 112
132 112
112 175
175 127
-1 127
-1 127
-1 127
-1 127
-1 127
-1 127
-1 127
-1 127
-1 127
-1 127
-1 127
-1 127
-1 127
-1 127
-1 127
-1 127
-1 127
-1 127
-1 127
-1 127
-1 127
-1 127
-1 127
-1 127
-1 127
-1 127
-1 127
-1 127
-1 127
-1 127
-1 127
-1 127
-1 127
-1 127
-1 127
-1 127
-1 127
-1 127
-1 127
-1 127
-1 127
-1 127
-1 127
-1 127
-1 127
-1 127
-1 127
-1 127
-1 127
-1 127
-1 127
-1 127
-1 127
-1 127
-1 127
-1 127
-1 127
-1 127
-1 127
-1 127
-1 127
-1 127
-1 127
-1 127
-1 127
-1 127
-1 127
-1 127
175 153
112 119
112 119
112 119
-1 119
-1 119
-1 119
74 157
74 157
62 106
62 106
-1 106
-1 106
-1 106
-1 106
-1 106
-1 106
-1 106
-1 106
-1 106
-1 106
-1 106
-1 106
-1 106
-1 106
-1 106
-1 106
-1 106
-1 106
-1 106
-1 106
-1 106
-1 106
-1 106
-1 106
-1 106
-1 106
-1 106
-1 106
-1 106
-1 106
-1 106
-1 106
-1 106
-1 106
-1 106
-1 106
-1 106
-1 106
-1 106
-1 106
-1 106
-1 106
-1 106
-1 106
-1 106
-1 106
-1 106
-1 106
-1 106
-1 106
-1 106
-1 106
-1 106
-1 106
-1 106
-1 106
-1 106
-1 106
-1 106
-1 106
-1 106
-1 106
-1 106
-1 106
-1 106
-1 106
-1 106
-1 106
-1 106
-1 106
-1 106
-1 106
-1 106
-1 106
-1 106
-1 106
-1 106
-1 106
-1 106
-1 106
-1 106
-1 106
-1 106
-1 106
-1 106
-1 106
-1 106
-1 106
-1 106
-1 106
-1 106
-1 106
-1 106
-1 106
-1 106
106 157
-1 157
-1 157
-1 157
-1 157
-1 157
-1 157
-1 157
-1 157
-1 157
-1 157
-1 157
-1 157
-1 157
-1 157
-1 157
-1 157
-1 157
-1 157
-1 157
-1 157
-1 157
-1 157
-1 157
-1 157
-1 157
-1 157
-1 157
-1 157
-1 157
-1 157
-1 157
-1 157
-1 157
-1 157
-1 157
-1 157
-1 157
-1 157
-1 157
-1 157
-1 157
-1 157
-1 157
-1 157
-1 157
-1 157
-1 157
-1 157
-1 157
-1 157
-1 157
-1 157
-1 157
-1 157
-1 157
-1 157
-1 157
-1 157
-1 157
-1 157
-1 157
-1 157
-1 157
-1 157
-1 157
-1 157
-1 157
-1 157
-1 157
-1 157
-1 157
-1 157
-1 157
-1 157
-1 157
-1 157
-1 157
-1 157
-1 157
-1 157
-1 157
-1 157
-1 157
-1 157
-1 157
-1 157
-1 157
-1 157
-1 157
157 187
187 34
157 194
187 34
34 151
151 164
164 16
164 16
34 2
2 174
174 134
-1 134
-1 134
-1 134
-1 134
-1 134
-1 134
-1 134
-1 134
-1 134
-1 134
-1 134
-1 134
-1 134
-1 134
-1 134
-1 134
-1 134
-1 134
-1 134
-1 134
-1 134
-1 134
-1 134
-1 134
-1 134
-1 134
-1 134
-1 134
-1 134
-1 134
-1 134
-1 134
-1 134
-1 134
-1 134
-1 134
-1 134
-1 134
-1 134
-1 134
-1 134
-1 134
-1 134
-1 134
-1 134
-1 134
-1 134
-1 134
-1 134
-1 134
-1 134
-1 134
-1 134
-1 134
-1 134
-1 134
-1 134
-1 134
-1 134
-1 134
-1 134
-1 134
-1 134
-1 134
-1 134
-1 134
-1 134
-1 134
-1 134
-1 134
-1 134
-1 134
-1 134
-1 134
-1 134
-1 134
-1 134
-1 134
-1 134
-1 134
-1 134
-1 134
-1 134
-1 134
-1 134
-1 134
-1 134
-1 134
-1 134
-1 134
-1 134
-1 134
-1 134
-1 134
-1 134
-1 134
174 130
-1 130
-1 130
-1 130
-1 130
-1 130
-1 130
-1 130
-1 130
-1 130
-1 130
-1 130
-1 130
-1 130
-1 130
-1 130
-1 130
-1 130
-1 130
-1 130
-1 130
-1 130
-1 130
-1 130
-1 130
-1 130
-1 130
-1 130
-1 130
-1 130
-1 130
-1 130
-1 130
-1 130
-1 130
-1 130
-1 130
-1 130
-1 130
-1 130
130 168
134 184
2 83
2 83
-1 83
-1 83
-1 83
-1 83
-1 83
-1 83
-1 83
-1 83
-1 83
-1 83
-1 83
-1 83
-1 83
-1 83
-1 83
-1 83
-1 83
-1 83
-1 83
-1 83
-1 83
-1 83
-1 83
-1 83
-1 83
-1 83
-1 83
-1 83
-1 83
-1 83
-1 83
-1 83
-1 83
-1 83
-1 83
-1 83
-1 83
-1 83
-1 83
-1 83
-1 83
-1 83
-1 83
-1 83
-1 83
-1 83
-1 83
-1 83
-1 83
-1 83
-1 83
83 87
-1 87
-1 87
-1 87
-1 87
-1 87
-1 87
-1 87
-1 87
-1 87
-1 87
-1 87
-1 87
-1 87
-1 87
-1 87
-1 87
-1 87
-1 87
-1 87
-1 87
-1 87
-1 87
-1 87
-1 87
-1 87
-1 87
-1 87
-1 87
-1 87
-1 87
-1 87
-1 87
-1 87
-1 87
-1 87
-1 87
-1 87
-1 87
-1 87
-1 87
-1 87
-1 87
-1 87
-1 87
-1 87
-1 87
-1 87
-1 87
-1 87
-1 87
-1 87
-1 87
-1 87
-1 87
-1 87
-1 87
-1 87
-1 87
-1 87
-1 87
-1 87
-1 87
-1 87
-1 87
-1 87
-1 87
-1 87
-1 87
-1 87
-1 87
-1 87
-1 87
-1 87
-1 87
-1 87
-1 87
-1 87
-1 87
-1 87
-1 87
-1 87
-1 87
-1 87
-1 87
-1 87
-1 87
-1 87
-1 87
-1 87
134 184
184 165
184 165
184 165
130 6
87 76
76 135
87 61
87 61
-1 61
-1 61
-1 61
-1 61
-1 61
-1 61
-1 61
-1 61
-1 61
-1 61
-1 61
-1 61
-1 61
-1 61
-1 61
-1 61
-1 61
-1 61
-1 61
-1 61
-1 61
-1 61
-1 61
-1 61
-1 61
-1 61
-1 61
-1 61
-1 61
-1 61
-1 61
-1 61
-1 61
-1 61
-1 61
-1 61
-1 61
-1 61
-1 61
-1 61
-1 61
-1 61
-1 61
-1 61
-1 61
-1 61
-1 61
-1 61
-1 61
-1 61
-1 61
-1 61
-1 61
-1 61
-1 61
-1 61
-1 61
-1 61
-1 61
-1 61
-1 61
-1 61
-1 61
-1 61
-1 61
-1 61
61 58
61 188
-1 188
-1 188
-1 188
-1 188
-1 188
-1 188
-1 188
-1 188
-1 188
-1 188
-1 188
-1 188
-1 188
-1 188
-1 188
-1 188
-1 188
-1 188
-1 188
-1 188
-1 188
-1 188
-1 188
-1 188
-1 188
-1 188
188 183
-1 183
-1 183
-1 183
-1 183
-1 183
-1 183
-1 183
-1 183
-1 183
-1 183
-1 183
-1 183
-1 183
-1 183
-1 183
-1 183
-1 183
-1 183
-1 183
-1 183
-1 183
-1 183
-1 183
-1 183
130 6
134 154
154 163
-1 163
-1 163
-1 163
-1 163
-1 163
-1 163
-1 163
-1 163
-1 163
-1 163
-1 163
-1 163
-1 163
-1 163
-1 163
-1 163
-1 163
-1 163
-1 163
-1 163
-1 163
-1 163
-1 163
-1 163
-1 163
-1 163
-1 163
-1 163
-1 163
-1 163
-1 163
-1 163
-1 163
163 149
149 122
149 122
149 122
-1 122
-1 122
-1 122
-1 122
-1 122
-1 122
-1 122
-1 122
-1 122
-1 122
-1 122
-1 122
-1 122
-1 122
-1 122
-1 122
-1 122
-1 122
-1 122
-1 122
-1 122
-1 122
-1 122
-1 122
-1 122
-1 122
-1 122
-1 122
-1 122
-1 122
-1 122
-1 122
-1 122
-1 122
-1 122
-1 122
-1 122
-1 122
58 56
58 56
58 56
-1 56
-1 56
-1 56
-1 56
-1 56
-1 56
-1 56
-1 56
-1 56
-1 56
-1 56
-1 56
-1 56
-1 56
-1 56
-1 56
-1 56
-1 56
-1 56
-1 56
-1 56
-1 56
-1 56
-1 56
-1 56
-1 56
-1 56
-1 56
-1 56
-1 56
-1 56
-1 56
-1 56
-1 56
-1 56
-1 56
-1 56
-1 56
-1 56
-1 56
-1 56
-1 56
-1 56
-1 56
-1 56
-1 56
-1 56
165 26
165 26
165 26
168 129
-1 129
-1 129
-1 129
-1 129
-1 129
-1 129
-1 129
-1 129
-1 129
-1 129
-1 129
-1 129
-1 129
-1 129
-1 129
-1 129
-1 129
-1 129
-1 129
-1 129
-1 129
-1 129
-1 129
-1 129
-1 129
-1 129
-1 129
-1 129
-1 129
-1 129
-1 129
-1 129
-1 129
-1 129
-1 129
-1 129
-1 129
-1 129
-1 129
-1 129
-1 129
-1 129
-1 129
-1 129
-1 129
-1 129
-1 129
-1 129
-1 129
-1 129
-1 129
-1 129
-1 129
-1 129
-1 129
-1 129
-1 129
-1 129
-1 129
-1 129
-1 129
-1 129
-1 129
-1 129
-1 129
-1 129
-1 129
-1 129
-1 129
-1 129
-1 129
-1 129
-1 129
-1 129
-1 129
-1 129
-1 129
-1 129
-1 129
-1 129
-1 129
-1 129
-1 129
-1 129
-1 129
-1 129
-1 129
-1 129
-1 129
-1 129
-1 129
-1 129
-1 129
-1 129
-1 129
129 40
-1 40
-1 40
-1 40
-1 40
-1 40
-1 40
-1 40
-1 40
-1 40
-1 40
-1 40
-1 40
-1 40
-1 40
-1 40
-1 40
-1 40
-1 40
-1 40
-1 40
-1 40
-1 40
-1 40
-1 40
-1 40
-1 40
-1 40
-1 40
-1 40
-1 40
-1 40
-1 40
-1 40
-1 40
-1 40
-1 40
-1 40
-1 40
-1 40
-1 40
-1 40
-1 40
-1 40
-1 40
-1 40
-1 40
-1 40
-1 40
-1 40
-1 40
-1 40
-1 40
-1 40
-1 40
-1 40
-1 40
-1 40
-1 40
-1 40
-1 40
-1 40
-1 40
-1 40
-1 40
-1 40
-1 40
-1 40
-1 40
-1 40
-1 40
-1 40
-1 40
-1 40
-1 40
-1 40
-1 40
-1 40
-1 40
-1 40
-1 40
-1 40
-1 40
-1 40
-1 40
-1 40
-1 40
-1 40
-1 40
-1 40
-1 40
-1 40
-1 40
-1 40
-1 40
-1 40
-1 40
-1 40
40 146
146 3
3 65
3 161
161 159
146 115
115 64
161 159
159 50
159 50
159 128
128 142
128 142
-1 142
-1 142
-1 142
-1 142
-1 142
-1 142
-1 142
-1 142
-1 142
-1 142
-1 142
-1 142
-1 142
-1 142
-1 142
-1 142
128 7
-1 7
-1 7
-1 7
-1 7
-1 7
-1 7
-1 7
-1 7
-1 7
-1 7
-1 7
-1 7
-1 7
-1 7
-1 7
-1 7
-1 7
-1 7
-1 7
-1 7
-1 7
-1 7
-1 7
-1 7
-1 7
-1 7
-1 7
-1 7
-1 7
-1 7
-1 7
-1 7
-1 7
-1 7
-1 7
-1 7
-1 7
-1 7
-1 7
-1 7
-1 7
-1 7
-1 7
-1 7
-1 7
-1 7
-1 7
-1 7
-1 7
-1 7
-1 7
-1 7
-1 7
-1 7
-1 7
-1 7
-1 7
-1 7
7 82
-1 82
-1 82
-1 82
-1 82
-1 82
-1 82
-1 82
-1 82
-1 82
-1 82
-1 82
-1 82
-1 82
-1 82
-1 82
-1 82
-1 82
-1 82
-1 82
-1 82
-1 82
-1 82
-1 82
-1 82
-1 82
-1 82
-1 82
-1 82
-1 82
-1 82
-1 82
-1 82
-1 82
-1 82
-1 82
-1 82
-1 82
-1 82
-1 82
-1 82
-1 82
-1 82
-1 82
-1 82
-1 82
-1 82
-1 82
-1 82
-1 82
-1 82
-1 82
-1 82
-1 82
-1 82
-1 82
-1 82
-1 82
-1 82
-1 82
-1 82
-1 82
-1 82
-1 82
-1 82
-1 82
7 8
7 8
8 123
82 192
8 123
8 182
-1 182
-1 182
-1 182
-1 182
-1 182
-1 182
-1 182
-1 182
-1 182
-1 182
-1 182
-1 182
-1 182
-1 182
-1 182
-1 182
-1 182
-1 182
-1 182
-1 182
-1 182
-1 182
-1 182
-1 182
-1 182
-1 182
-1 182
-1 182
-1 182
-1 182
-1 182
-1 182
-1 182
-1 182
-1 182
-1 182
-1 182
-1 182
-1 182
-1 182
-1 182
-1 182
-1 182
-1 182
-1 182
-1 182
-1 182
-1 182
-1 182
-1 182
-1 182
-1 182
-1 182
-1 182
-1 182
-1 182
-1 182
-1 182
-1 182
-1 182
-1 182
-1 182
-1 182
-1 182
-1 182
-1 182
-1 182
-1 182
-1 182
-1 182
-1 182
-1 182
7 57
57 49
57 49
-1 49
-1 49
-1 49
-1 49
-1 49
-1 49
-1 49
-1 49
-1 49
-1 49
-1 49
-1 49
-1 49
-1 49
-1 49
-1 49
-1 49
-1 49
-1 49
-1 49
-1 49
-1 49
-1 49
-1 49
-1 49
-1 49
-1 49
-1 49
-1 49
-1 49
-1 49
-1 49
-1 49
-1 49
7 156
156 196
156 25
25 176
-1 176
-1 176
-1 176
-1 176
-1 176
-1 176
-1 176
-1 176
-1 176
-1 176
-1 176
-1 176
-1 176
-1 176
-1 176
-1 176
-1 176
-1 176
-1 176
-1 176
-1 176
-1 176
-1 176
-1 176
-1 176
-1 176
-1 176
-1 176
-1 176
-1 176
-1 176
-1 176
-1 176
-1 176
-1 176
-1 176
-1 176
-1 176
-1 176
-1 176
-1 176
-1 176
-1 176
-1 176
-1 176
-1 176
-1 176
-1 176
-1 176
-1 176
-1 176
-1 176
-1 176
-1 176
-1 176
-1 176
-1 176
-1 176
-1 176
-1 176
-1 176
-1 176
-1 176
-1 176
-1 176
-1 176
-1 176
-1 176
-1 176
-1 176
-1 176
-1 176
-1 176
-1 176
-1 176
-1 176
-1 176
-1 176
-1 176
-1 176
-1 176
-1 176
-1 176
-1 176
-1 176
-1 176
-1 176
-1 176
-1 176
-1 176
-1 176
-1 176
-1 176
-1 176
-1 176
-1 176
-1 176
176 167
167 43
-1 43
-1 43
-1 43
-1 43
-1 43
-1 43
-1 43
192 33
192 33
192 33
192 33
-1 33
-1 33
-1 33
-1 33
-1 33
-1 33
-1 33
-1 33
-1 33
-1 33
-1 33
-1 33
-1 33
-1 33
-1 33
-1 33
-1 33
-1 33
-1 33
-1 33
-1 33
-1 33
-1 33
-1 33
-1 33
-1 33
-1 33
-1 33
-1 33
33 1
33 1
-1 1
-1 1
-1 1
-1 1
-1 1
-1 1
-1 1
-1 1
-1 1
-1 1
-1 1
-1 1
-1 1
-1 1
-1 1
-1 1
-1 1
-1 1
-1 1
-1 1
-1 1
-1 1
-1 1
-1 1
-1 1
-1 1
-1 1
-1 1
-1 1
-1 1
115 181
115 181
-1 181
-1 181
-1 181
-1 181
-1 181
-1 181
-1 181
-1 181
-1 181
-1 181
-1 181
-1 181
-1 181
-1 181
-1 181
-1 181
-1 181
-1 181
-1 181
-1 181
-1 181
-1 181
-1 181
-1 181
-1 181
-1 181
-1 181
-1 181
-1 181
-1 181
-1 181
-1 181
-1 181
-1 181
-1 181
-1 181
-1 181
-1 181
-1 181
-1 181
-1 181
-1 181
-1 181
-1 181
-1 181
-1 181
-1 181
-1 181
-1 181
-1 181
-1 181
-1 181
-1 181
-1 181
-1 181
-1 181
-1 181
-1 181
-1 181
-1 181
-1 181
-1 181
-1 181
-1 181
-1 181
-1 181
-1 181
-1 181
-1 181
-1 181
-1 181
-1 181
-1 181
-1 181
-1 181
-1 181
-1 181
-1 181
-1 181
-1 181
-1 181
-1 181
-1 181
-1 181
-1 181
-1 181
-1 181
-1 181
-1 181
-1 181
-1 181
-1 181
-1 181
-1 181
-1 181
-1 181
181 66
66 190
-1 190
-1 190
-1 190
-1 190
-1 190
-1 190
-1 190
-1 190
-1 190
-1 190
-1 190
-1 190
-1 190
-1 190
-1 190
-1 190
-1 190
-1 190
-1 190
-1 190
-1 190
-1 190
-1 190
-1 190
-1 190
-1 190
-1 190
-1 190
-1 190
-1 190
-1 190
-1 190
-1 190
-1 190
-1 190
-1 190
-1 190
-1 190
181 137
181 137
181 137
-1 137
-1 137
-1 137
-1 137
-1 137
-1 137
-1 137
-1 137
-1 137
-1 137
-1 137
-1 137
-1 137
-1 137
-1 137
-1 137
-1 137
-1 137
-1 137
-1 137
-1 137
-1 137
-1 137
-1 137
-1 137
-1 137
-1 137
-1 137
-1 137
-1 137
-1 137
-1 137
-1 137
-1 137
-1 137
-1 137
-1 137
-1 137
-1 137
-1 137
-1 137
-1 137
-1 137
-1 137
-1 137
-1 137
-1 137
-1 137
-1 137
-1 137
-1 137
-1 137
-1 137
-1 137
-1 137
-1 137
-1 137
-1 137
-1 137
-1 137
-1 137
-1 137
-1 137
-1 137
-1 137
-1 137
-1 137
-1 137
-1 137
-1 137
-1 137
-1 137
-1 137
-1 137
-1 137
-1 137
-1 137
-1 137
-1 137
137 37
8 15
8 15
-1 15
-1 15
-1 15
-1 15
-1 15
-1 15
-1 15
-1 15
-1 15
-1 15
-1 15
-1 15
-1 15
-1 15
-1 15
-1 15
-1 15
-1 15
-1 15
-1 15
-1 15
-1 15
-1 15
-1 15
-1 15
-1 15
-1 15
-1 15
-1 15
-1 15
-1 15
-1 15
-1 15
-1 15
-1 15
-1 15
-1 15
-1 15
-1 15
-1 15
-1 15
-1 15
-1 15
-1 15
-1 15
-1 15
-1 15
-1 15
-1 15
-1 15
-1 15
-1 15
-1 15
-1 15
-1 15
-1 15
-1 15
-1 15
-1 15
-1 15
-1 15
-1 15
161 54
-1 54
-1 54
-1 54
-1 54
-1 54
-1 54
-1 54
54 18
54 18
43 148
43 148
-1 148
-1 148
-1 148
-1 148
-1 148
-1 148
-1 148
-1 148
-1 148
-1 148
-1 148
-1 148
-1 148
-1 148
-1 148
-1 148
-1 148
-1 148
-1 148
-1 148
-1 148
-1 148
-1 148
-1 148
-1 148
-1 148
-1 148
-1 148
-1 148
-1 148
-1 148
-1 148
-1 148
-1 148
-1 148
-1 148
-1 148
-1 148
-1 148
-1 148
148 199
-1 199
-1 199
-1 199
-1 199
-1 199
-1 199
-1 199
-1 199
-1 199
-1 199
-1 199
-1 199
-1 199
-1 199
-1 199
-1 199
-1 199
-1 199
-1 199
-1 199
-1 199
-1 199
-1 199
-1 199
-1 199
-1 199
-1 199
-1 199
-1 199
-1 199
-1 199
-1 199
-1 199
-1 199
-1 199
-1 199
-1 199
-1 199
-1 199
-1 199
-1 199
-1 199
-1 199
-1 199
-1 199
-1 199
-1 199
-1 199
-1 199
-1 199
-1 199
-1 199
-1 199
-1 199
-1 199
-1 199
-1 199
-1 199
-1 199
-1 199
-1 199
-1 199
-1 199
-1 199
-1 199
-1 199
-1 199
-1 199
-1 199
-1 199
-1 199
-1 199
-1 199
199 68
128 108
-1 108
-1 108
-1 108
-1 108
-1 108
-1 108
-1 108
-1 108
-1 108
-1 108
-1 108
-1 108
-1 108
-1 108
-1 108
-1 108
-1 108
-1 108
-1 108
-1 108
-1 108
-1 108
-1 108
-1 108
-1 108
-1 108
-1 108
-1 108
-1 108
-1 108
-1 108
-1 108
137 37
37 88
123 143
123 143
-1 143
-1 143
-1 143
-1 143
-1 143
-1 143
-1 143
-1 143
-1 143
-1 143
-1 143
-1 143
-1 143
-1 143
-1 143
-1 143
-1 143
-1 143
-1 143
-1 143
-1 143
-1 143
-1 143
-1 143
-1 143
-1 143
-1 143
-1 143
-1 143
-1 143
-1 143
-1 143
-1 143
-1 143
-1 143
-1 143
167 12
64 68
-1 68
-1 68
-1 68
-1 68
-1 68
-1 68
-1 68
-1 68
-1 68
-1 68
-1 68
-1 68
-1 68
-1 68
-1 68
-1 68
-1 68
-1 68
-1 68
-1 68
-1 68
-1 68
-1 68
-1 68
-1 68
-1 68
-1 68
-1 68
-1 68
-1 68
-1 68
-1 68
-1 68
-1 68
-1 68
68 118
68 118
-1 118
-1 118
-1 118
-1 118
118 23
23 77
-1 77
-1 77
-1 77
-1 77
-1 77
-1 77
-1 77
-1 77
-1 77
-1 77
-1 77
-1 77
-1 77
-1 77
-1 77
-1 77
-1 77
-1 77
-1 77
-1 77
-1 77
-1 77
-1 77
-1 77
-1 77
-1 77
-1 77
-1 77
-1 77
-1 77
-1 77
-1 77
-1 77
-1 77
-1 77
-1 77
-1 77
77 193
-1 193
-1 193
-1 193
-1 193
-1 193
-1 193
-1 193
-1 193
-1 193
-1 193
-1 193
-1 193
-1 193
-1 193
-1 193
-1 193
-1 193
-1 193
-1 193
-1 193
-1 193
-1 193
-1 193
-1 193
-1 193
-1 193
-1 193
-1 193
-1 193
-1 193
-1 193
-1 193
-1 193
-1 193
-1 193
-1 193
-1 193
-1 193
-1 193
193 141
193 141
146 36
194 21
194 21
-1 21
-1 21
-1 21
-1 21
-1 21
-1 21
-1 21
-1 21
-1 21
-1 21
-1 21
-1 21
-1 21
-1 21
-1 21
-1 21
-1 21
-1 21
-1 21
-1 21
-1 21
-1 21
-1 21
-1 21
-1 21
-1 21
-1 21
-1 21
-1 21
-1 21
-1 21
-1 21
-1 21
-1 21
-1 21
-1 21
-1 21
-1 21
-1 21
-1 21
-1 21
-1 21
-1 21
-1 21
-1 21
-1 21
-1 21
-1 21
-1 21
-1 21
-1 21
-1 21
-1 21
-1 21
-1 21
-1 21
-1 21
-1 21
-1 21
-1 21
-1 21
-1 21
-1 21
-1 21
-1 21
-1 21
-1 21
-1 21
-1 21
-1 21
-1 21
-1 21
-1 21
-1 21
-1 21
-1 21
-1 21
-1 21
-1 21
-1 21
-1 21
-1 21
-1 21
-1 21
-1 21
-1 21
-1 21
-1 21
-1 21
-1 21
-1 21
-1 21
-1 21
-1 21
-1 21
-1 21
21 169
118 22
118 22
118 22
-1 22
-1 22
-1 22
-1 22
-1 22
-1 22
-1 22
-1 22
-1 22
-1 22
-1 22
-1 22
-1 22
-1 22
-1 22
36 24
-1 24
-1 24
-1 24
-1 24
-1 24
-1 24
-1 24
-1 24
-1 24
-1 24
-1 24
-1 24
-1 24
-1 24
-1 24
-1 24
-1 24
-1 24
-1 24
-1 24
-1 24
-1 24
-1 24
-1 24
-1 24
-1 24
-1 24
-1 24
-1 24
-1 24
-1 24
-1 24
-1 24
-1 24
-1 24
-1 24
-1 24
-1 24
-1 24
-1 24
-1 24
-1 24
24 11
-1 11
-1 11
-1 11
-1 11
11 85
85 90
-1 90
-1 90
-1 90
-1 90
-1 90
-1 90
-1 90
-1 90
-1 90
-1 90
-1 90
-1 90
-1 90
-1 90
-1 90
-1 90
-1 90
-1 90
-1 90
-1 90
-1 90
-1 90
-1 90
-1 90
-1 90
-1 90
-1 90
-1 90
-1 90
-1 90
-1 90
-1 90
-1 90
-1 90
-1 90
-1 90
-1 90
-1 90
-1 90
-1 90
-1 90
-1 90
-1 90
-1 90
-1 90
-1 90
-1 90
-1 90
-1 90
-1 90
-1 90
-1 90
-1 90
-1 90
-1 90
-1 90
-1 90
-1 90
-1 90
-1 90
-1 90
-1 90
-1 90
-1 90
-1 90
-1 90
-1 90
-1 90
-1 90
-1 90
-1 90
-1 90
-1 90
-1 90
-1 90
-1 90
-1 90
-1 90
-1 90
-1 90
-1 90
-1 90
-1 90
-1 90
-1 90
-1 90
-1 90
-1 90
-1 90
-1 90
90 150
150 177
-1 177
-1 177
-1 177
-1 177
-1 177
-1 177
-1 177
-1 177
-1 177
-1 177
-1 177
-1 177
-1 177
-1 177
-1 177
-1 177
-1 177
-1 177
-1 177
-1 177
-1 177
-1 177
-1 177
-1 177
-1 177
-1 177
-1 177
-1 177
-1 177
-1 177
-1 177
-1 177
-1 177
-1 177
-1 177
-1 177
-1 177
-1 177
-1 177
-1 177
-1 177
-1 177
-1 177
-1 177
-1 177
-1 177
-1 177
-1 177
-1 177
-1 177
-1 177
-1 177
-1 177
-1 177
65 20
65 20
106 107
106 107
106 107
106 107
106 107
-1 107
-1 107
-1 107
-1 107
-1 107
-1 107
-1 107
-1 107
-1 107
-1 107
-1 107
-1 107
-1 107
-1 107
-1 107
-1 107
-1 107
-1 107
-1 107
-1 107
-1 107
-1 107
-1 107
-1 107
-1 107
-1 107
-1 107
-1 107
-1 107
-1 107
-1 107
146 124
146 124
146 124
-1 124
-1 124
-1 124
-1 124
-1 124
-1 124
-1 124
-1 124
-1 124
-1 124
-1 124
-1 124
-1 124
-1 124
-1 124
-1 124
-1 124
-1 124
-1 124
-1 124
-1 124
-1 124
-1 124
-1 124
124 17
-1 17
-1 17
-1 17
-1 17
-1 17
-1 17
-1 17
-1 17
-1 17
-1 17
-1 17
-1 17
-1 17
-1 17
-1 17
-1 17
-1 17
-1 17
-1 17
-1 17
-1 17
-1 17
-1 17
-1 17
-1 17
-1 17
-1 17
-1 17
-1 17
-1 17
-1 17
-1 17
-1 17
-1 17
-1 17
17 52
-1 52
-1 52
-1 52
-1 52
-1 52
-1 52
-1 52
-1 52
-1 52
-1 52
-1 52
-1 52
-1 52
-1 52
-1 52
-1 52
-1 52
-1 52
-1 52
-1 52
-1 52
-1 52
-1 52
-1 52
-1 52
-1 52
-1 52
-1 52
-1 52
-1 52
-1 52
-1 52
-1 52
-1 52
-1 52
-1 52
-1 52
-1 52
-1 52
-1 52
124 185
17 131
131 171
17 116
17 116
17 116
-1 116
-1 116
-1 116
-1 116
-1 116
-1 116
-1 116
-1 116
-1 116
-1 116
-1 116
-1 116
-1 116
-1 116
-1 116
-1 116
-1 116
-1 116
-1 116
-1 116
-1 116
-1 116
-1 116
-1 116
-1 116
-1 116
-1 116
-1 116
-1 116
-1 116
-1 116
-1 116
-1 116
-1 116
-1 116
-1 116
-1 116
-1 116
-1 116
-1 116
-1 116
-1 116
-1 116
-1 116
-1 116
-1 116
-1 116
-1 116
-1 116
-1 116
-1 116
-1 116
116 191
174 189
174 189
-1 189
-1 189
-1 189
-1 189
-1 189
-1 189
-1 189
-1 189
-1 189
-1 189
-1 189
-1 189
-1 189
-1 189
-1 189
-1 189
-1 189
-1 189
-1 189
-1 189
-1 189
-1 189
-1 189
-1 189
-1 189
-1 189
-1 189
-1 189
-1 189
-1 189
-1 189
-1 189
-1 189
-1 189
-1 189
-1 189
-1 189
-1 189
-1 189
-1 189
-1 189
-1 189
-1 189
-1 189
-1 189
-1 189
-1 189
-1 189
-1 189
-1 189
-1 189
-1 189
-1 189
-1 189
-1 189
-1 189
-1 189
-1 189
-1 189
-1 189
-1 189
-1 189
-1 189
-1 189
-1 189
-1 189
-1 189
-1 189
-1 189
-1 189
-1 189
-1 189
-1 189
-1 189
-1 189
-1 189
-1 189
-1 189
-1 189
-1 189
1 93
-1 93
-1 93
-1 93
-1 93
-1 93
-1 93
-1 93
-1 93
-1 93
-1 93
-1 93
-1 93
-1 93
-1 93
-1 93
-1 93
-1 93
-1 93
-1 93
-1 93
-1 93
-1 93
-1 93
-1 93
-1 93
-1 93
-1 93
-1 93
-1 93
-1 93
-1 93
-1 93
-1 93
-1 93
-1 93
-1 93
-1 93
-1 93
-1 93
-1 93
-1 93
-1 93
-1 93
-1 93
-1 93
-1 93
-1 93
-1 93
-1 93
-1 93
-1 93
-1 93
-1 93
-1 93
-1 93
-1 93
-1 93
-1 93
-1 93
-1 93
-1 93
-1 93
-1 93
-1 93
-1 93
-1 93
-1 93
-1 93
93 153
-1 153
-1 153
-1 153
-1 153
-1 153
-1 153
-1 153
-1 153
-1 153
-1 153
-1 153
-1 153
-1 153
-1 153
-1 153
-1 153
-1 153
-1 153
-1 153
-1 153
-1 153
-1 153
-1 153
-1 153
-1 153
-1 153
-1 153
-1 153
-1 153
-1 153
-1 153
-1 153
-1 153
-1 153
-1 153
-1 153
-1 153
-1 153
-1 153
-1 153
-1 153
-1 153
-1 153
-1 153
-1 153
-1 153
-1 153
-1 153
-1 153
-1 153
-1 153
-1 153
-1 153
-1 153
-1 153
-1 153
-1 153
-1 153
-1 153
-1 153
-1 153
-1 153
-1 153
-1 153
-1 153
-1 153
-1 153
-1 153
-1 153
-1 153
153 136
136 197
136 197
197 16
-1 16
-1 16
-1 16
-1 16
-1 16
-1 16
-1 16
-1 16
-1 16
-1 16
-1 16
-1 16
-1 16
-1 16
-1 16
-1 16
-1 16
-1 16
-1 16
-1 16
-1 16
-1 16
-1 16
-1 16
-1 16
-1 16
-1 16
-1 16
-1 16
-1 16
-1 16
-1 16
-1 16
-1 16
-1 16
-1 16
153 92
153 92
153 92
-1 92
-1 92
-1 92
-1 92
-1 92
-1 92
-1 92
-1 92
-1 92
-1 92
-1 92
-1 92
-1 92
-1 92
-1 92
-1 92
-1 92
-1 92
-1 92
-1 92
-1 92
-1 92
-1 92
-1 92
-1 92
-1 92
-1 92
-1 92
-1 92
-1 92
-1 92
-1 92
-1 92
-1 92
-1 92
-1 92
-1 92
-1 92
-1 92
-1 92
-1 92
-1 92
-1 92
-1 92
-1 92
-1 92
-1 92
-1 92
-1 92
-1 92
-1 92
-1 92
-1 92
-1 92
-1 92
-1 92
-1 92
-1 92
-1 92
-1 92
-1 92
-1 92
-1 92
-1 92
-1 92
-1 92
-1 92
-1 92
-1 92
-1 92
-1 92
-1 92
-1 92
-1 92
-1 92
-1 92
-1 92
-1 92
-1 92
-1 92
-1 92
-1 92
-1 92
-1 92
-1 92
-1 92
-1 92
-1 92
-1 92
-1 92
-1 92
-1 92
-1 92
-1 92
-1 92
-1 92
92 195
-1 195
-1 195
-1 195
-1 195
-1 195
-1 195
-1 195
-1 195
-1 195
-1 195
-1 195
-1 195
-1 195
-1 195
-1 195
-1 195
-1 195
-1 195
-1 195
-1 195
-1 195
-1 195
-1 195
-1 195
-1 195
-1 195
-1 195
-1 195
-1 195
-1 195
-1 195
-1 195
-1 195
156 113
156 113
108 75
-1 75
-1 75
-1 75
-1 75
-1 75
-1 75
-1 75
-1 75
-1 75
-1 75
-1 75
-1 75
-1 75
-1 75
-1 75
-1 75
-1 75
-1 75
-1 75
-1 75
-1 75
-1 75
-1 75
-1 75
-1 75
-1 75
-1 75
-1 75
-1 75
-1 75
-1 75
-1 75
-1 75
-1 75
-1 75
-1 75
-1 75
-1 75
-1 75
-1 75
-1 75
-1 75
-1 75
-1 75
-1 75
-1 75
-1 75
-1 75
-1 75
-1 75
-1 75
-1 75
-1 75
-1 75
-1 75
-1 75
-1 75
-1 75
-1 75
-1 75
-1 75
-1 75
-1 75
-1 75
-1 75
-1 75
-1 75
-1 75
-1 75
-1 75
-1 75
-1 75
-1 75
-1 75
-1 75
-1 75
-1 75
-1 75
-1 75
-1 75
-1 75
-1 75
-1 75
75 80
-1 80
-1 80
-1 80
-1 80
-1 80
-1 80
-1 80
-1 80
-1 80
-1 80
-1 80
-1 80
-1 80
-1 80
-1 80
-1 80
-1 80
-1 80
-1 80
-1 80
-1 80
-1 80
-1 80
-1 80
-1 80
-1 80
-1 80
-1 80
-1 80
-1 80
-1 80
-1 80
-1 80
-1 80
-1 80
-1 80
-1 80
-1 80
-1 80
-1 80
-1 80
-1 80
-1 80
-1 80
-1 80
-1 80
-1 80
-1 80
-1 80
-1 80
80 104
104 31
104 31
108 98
-1 98
-1 98
-1 98
-1 98
-1 98
-1 98
-1 98
-1 98
-1 98
-1 98
-1 98
-1 98
-1 98
-1 98
-1 98
-1 98
-1 98
-1 98
-1 98
-1 98
-1 98
-1 98
-1 98
-1 98
-1 98
-1 98
-1 98
-1 98
-1 98
-1 98
-1 98
-1 98
-1 98
-1 98
-1 98
-1 98
-1 98
-1 98
-1 98
-1 98
-1 98
-1 98
-1 98
-1 98
-1 98
-1 98
-1 98
-1 98
-1 98
-1 98
-1 98
-1 98
-1 98
-1 98
-1 98
-1 98
-1 98
-1 98
-1 98
-1 98
-1 98
-1 98
-1 98
-1 98
-1 98
-1 98
-1 98
-1 98
-1 98
-1 98
-1 98
-1 98
-1 98
-1 98
-1 98
-1 98
-1 98
-1 98
-1 98
-1 98
-1 98
-1 98
-1 98
-1 98
-1 98
-1 98
-1 98
-1 98
98 158
98 158
-1 158
-1 158
-1 158
-1 158
-1 158
-1 158
-1 158
-1 158
-1 158
-1 158
-1 158
-1 158
-1 158
-1 158
-1 158
-1 158
-1 158
-1 158
-1 158
-1 158
-1 158
-1 158
-1 158
-1 158
-1 158
-1 158
-1 158
-1 158
-1 158
83 162
83 162
83 162
174 59
33 44
-1 44
-1 44
-1 44
-1 44
-1 44
-1 44
-1 44
-1 44
-1 44
-1 44
-1 44
-1 44
-1 44
-1 44
-1 44
-1 44
-1 44
-1 44
-1 44
-1 44
-1 44
-1 44
-1 44
-1 44
104 26
104 26
-1 26
-1 26
-1 26
-1 26
-1 26
-1 26
-1 26
-1 26
-1 26
-1 26
-1 26
-1 26
-1 26
-1 26
-1 26
-1 26
-1 26
-1 26
-1 26
-1 26
-1 26
-1 26
-1 26
-1 26
-1 26
-1 26
-1 26
-1 26
-1 26
-1 26
-1 26
-1 26
-1 26
-1 26
-1 26
-1 26
-1 26
190 94
190 94
190 94
9 110
9 110
9 110
9 110
-1 110
-1 110
-1 110
-1 110
-1 110
-1 110
-1 110
-1 110
-1 110
-1 110
-1 110
-1 110
-1 110
-1 110
-1 110
-1 110
-1 110
-1 110
-1 110
-1 110
-1 110
-1 110
-1 110
-1 110
-1 110
-1 110
-1 110
-1 110
-1 110
-1 110
-1 110
-1 110
-1 110
-1 110
22 20
-1 20
-1 20
-1 20
-1 20
-1 20
-1 20
-1 20
-1 20
-1 20
-1 20
-1 20
-1 20
-1 20
-1 20
-1 20
-1 20
-1 20
-1 20
-1 20
-1 20
-1 20
-1 20
-1 20
-1 20
-1 20
-1 20
-1 20
-1 20
-1 20
-1 20
-1 20
-1 20
-1 20
-1 20
-1 20
-1 20
-1 20
-1 20
-1 20
-1 20
-1 20
-1 20
-1 20
-1 20
-1 20
129 94
129 94
-1 94
-1 94
-1 94
-1 94
-1 94
-1 94
-1 94
-1 94
-1 94
-1 94
-1 94
-1 94
-1 94
-1 94
-1 94
-1 94
-1 94
-1 94
-1 94
-1 94
-1 94
-1 94
-1 94
-1 94
-1 94
-1 94
-1 94
-1 94
-1 94
-1 94
-1 94
-1 94
-1 94
-1 94
-1 94
-1 94
-1 94
-1 94
-1 94
-1 94
-1 94
-1 94
-1 94
-1 94
-1 94
-1 94
-1 94
-1 94
-1 94
-1 94
-1 94
-1 94
-1 94
-1 94
-1 94
-1 94
-1 94
-1 94
-1 94
-1 94
-1 94
-1 94
-1 94
-1 94
-1 94
-1 94
-1 94
-1 94
-1 94
-1 94
-1 94
-1 94
-1 94
-1 94
-1 94
-1 94
-1 94
-1 94
-1 94
152 29
152 29
152 29
94 96
94 96
161 38
161 38
-1 38
-1 38
-1 38
-1 38
-1 38
-1 38
-1 38
-1 38
-1 38
-1 38
-1 38
-1 38
-1 38
-1 38
-1 38
-1 38
-1 38
-1 38
-1 38
-1 38
-1 38
-1 38
-1 38
-1 38
-1 38
-1 38
-1 38
-1 38
-1 38
-1 38
-1 38
-1 38
-1 38
-1 38
-1 38
-1 38
-1 38
-1 38
-1 38
-1 38
-1 38
-1 38
-1 38
-1 38
-1 38
-1 38
-1 38
-1 38
-1 38
-1 38
-1 38
-1 38
-1 38
-1 38
-1 38
-1 38
-1 38
-1 38
-1 38
-1 38
-1 38
-1 38
-1 38
57 88
-1 88
-1 88
-1 88
-1 88
-1 88
-1 88
-1 88
-1 88
-1 88
-1 88
-1 88
-1 88
-1 88
-1 88
-1 88
-1 88
-1 88
-1 88
-1 88
-1 88
-1 88
-1 88
-1 88
-1 88
-1 88
-1 88
-1 88
-1 88
-1 88
-1 88
-1 88
-1 88
-1 88
-1 88
-1 88
-1 88
163 99
-1 99
-1 99
-1 99
-1 99
-1 99
-1 99
-1 99
-1 99
-1 99
-1 99
-1 99
-1 99
-1 99
-1 99
-1 99
-1 99
-1 99
-1 99
-1 99
-1 99
-1 99
-1 99
-1 99
-1 99
-1 99
-1 99
-1 99
-1 99
-1 99
-1 99
-1 99
-1 99
-1 99
-1 99
-1 99
-1 99
-1 99
-1 99
-1 99
-1 99
-1 99
-1 99
-1 99
-1 99
-1 99
-1 99
-1 99
-1 99
-1 99
-1 99
-1 99
-1 99
-1 99
-1 99
-1 99
-1 99
-1 99
-1 99
-1 99
-1 99
-1 99
-1 99
-1 99
-1 99
-1 99
-1 99
-1 99
-1 99
-1 99
-1 99
-1 99
-1 99
-1 99
-1 99
-1 99
-1 99
-1 99
-1 99
-1 99
-1 99
-1 99
-1 99
-1 99
-1 99
-1 99
-1 99
110 12
137 81
137 81
76 41
76 41
76 41
76 41
196 102
196 102
98 13
54 96
135 147
-1 147
-1 147
-1 147
-1 147
-1 147
-1 147
-1 147
-1 147
-1 147
-1 147
-1 147
-1 147
-1 147
-1 147
-1 147
-1 147
-1 147
-1 147
-1 147
-1 147
-1 147
-1 147
-1 147
-1 147
-1 147
-1 147
-1 147
-1 147
-1 147
-1 147
-1 147
-1 147
-1 147
-1 147
-1 147
-1 147
-1 147
-1 147
-1 147
-1 147
-1 147
-1 147
-1 147
-1 147
-1 147
-1 147
-1 147
-1 147
-1 147
-1 147
-1 147
-1 147
-1 147
-1 147
-1 147
-1 147
-1 147
-1 147
147 63
63 179
147 113
147 113
1 178
-1 178
-1 178
-1 178
-1 178
-1 178
-1 178
-1 178
-1 178
-1 178
-1 178
-1 178
-1 178
-1 178
-1 178
-1 178
-1 178
-1 178
-1 178
-1 178
-1 178
-1 178
-1 178
-1 178
-1 178
-1 178
-1 178
-1 178
-1 178
-1 178
-1 178
-1 178
-1 178
-1 178
-1 178
-1 178
-1 178
-1 178
-1 178
-1 178
-1 178
-1 178
-1 178
-1 178
-1 178
-1 178
-1 178
-1 178
-1 178
-1 178
-1 178
-1 178
-1 178
-1 178
-1 178
-1 178
-1 178
-1 178
-1 178
-1 178
-1 178
-1 178
-1 178
-1 178
-1 178
-1 178
-1 178
-1 178
-1 178
-1 178
-1 178
-1 178
-1 178
-1 178
-1 178
-1 178
-1 178
-1 178
-1 178
-1 178
-1 178
-1 178
-1 178
135 89
-1 89
-1 89
-1 89
-1 89
-1 89
-1 89
-1 89
-1 89
-1 89
-1 89
-1 89
-1 89
-1 89
-1 89
-1 89
-1 89
-1 89
-1 89
-1 89
-1 89
-1 89
-1 89
-1 89
-1 89
-1 89
-1 89
-1 89
-1 89
-1 89
-1 89
-1 89
-1 89
-1 89
-1 89
-1 89
-1 89
-1 89
-1 89
-1 89
-1 89
-1 89
-1 89
-1 89
-1 89
-1 89
-1 89
-1 89
-1 89
-1 89
-1 89
-1 89
-1 89
-1 89
-1 89
-1 89
-1 89
-1 89
-1 89
-1 89
-1 89
-1 89
-1 89
-1 89
-1 89
-1 89
-1 89
-1 89
-1 89
-1 89
-1 89
-1 89
-1 89
-1 89
-1 89
-1 89
-1 89
-1 89
-1 89
-1 89
-1 89
-1 89
-1 89
-1 89
-1 89
-1 89
-1 89
-1 89
-1 89
38 141
-1 141
-1 141
-1 141
-1 141
-1 141
-1 141
-1 141
-1 141
-1 141
-1 141
-1 141
-1 141
-1 141
-1 141
-1 141
-1 141
-1 141
-1 141
-1 141
-1 141
-1 141
-1 141
-1 141
-1 141
-1 141
-1 141
-1 141
-1 141
-1 141
-1 141
-1 141
-1 141
-1 141
-1 141
-1 141
-1 141
-1 141
-1 141
-1 141
-1 141
-1 141
-1 141
-1 141
-1 141
-1 141
-1 141
-1 141
-1 141
-1 141
-1 141
-1 141
-1 141
-1 141
169 105
169 105
169 105
169 105
169 105
183 96
183 96
-1 96
-1 96
-1 96
-1 96
-1 96
-1 96
-1 96
-1 96
-1 96
-1 96
-1 96
-1 96
-1 96
-1 96
-1 96
-1 96
-1 96
-1 96
-1 96
-1 96
-1 96
-1 96
-1 96
-1 96
-1 96
-1 96
-1 96
-1 96
-1 96
-1 96
-1 96
-1 96
-1 96
-1 96
-1 96
-1 96
-1 96
-1 96
-1 96
-1 96
-1 96
-1 96
-1 96
-1 96
-1 96
-1 96
-1 96
-1 96
-1 96
-1 96
-1 96
-1 96
-1 96
-1 96
-1 96
-1 96
-1 96
-1 96
-1 96
-1 96
-1 96
-1 96
-1 96
-1 96
-1 96
-1 96
-1 96
-1 96
-1 96
-1 96
-1 96
-1 96
-1 96
-1 96
-1 96
-1 96
-1 96
-1 96
-1 96
-1 96
191 29
142 45
142 45
142 45
122 160
122 160
122 160
-1 160
-1 160
-1 160
-1 160
-1 160
-1 160
-1 160
-1 160
-1 160
-1 160
-1 160
-1 160
-1 160
-1 160
-1 160
-1 160
-1 160
-1 160
-1 160
-1 160
-1 160
-1 160
-1 160
-1 160
-1 160
-1 160
-1 160
-1 160
-1 160
-1 160
-1 160
-1 160
-1 160
-1 160
-1 160
-1 160
-1 160
-1 160
-1 160
-1 160
-1 160
-1 160
-1 160
-1 160
-1 160
-1 160
-1 160
-1 160
-1 160
-1 160
-1 160
-1 160
-1 160
-1 160
-1 160
-1 160
20 4
20 4
20 4
20 4
185 46
185 46
185 46
194 81
194 81
194 81
194 81
-1 81
-1 81
-1 81
-1 81
-1 81
-1 81
-1 81
-1 81
-1 81
-1 81
-1 81
-1 81
-1 81
-1 81
-1 81
-1 81
-1 81
-1 81
-1 81
-1 81
-1 81
-1 81
-1 81
-1 81
-1 81
-1 81
-1 81
-1 81
-1 81
-1 81
-1 81
-1 81
-1 81
-1 81
-1 81
-1 81
-1 81
-1 81
-1 81
-1 81
-1 81
-1 81
-1 81
-1 81
-1 81
-1 81
-1 81
-1 81
-1 81
-1 81
-1 81
-1 81
-1 81
-1 81
-1 81
-1 81
-1 81
-1 81
-1 81
-1 81
-1 81
-1 81
-1 81
-1 81
-1 81
-1 81
-1 81
-1 81
-1 81
-1 81
-1 81
-1 81
-1 81
-1 81
-1 81
-1 81
-1 81
-1 81
-1 81
-1 81
-1 81
-1 81
-1 81
-1 81
-1 81
-1 81
-1 81
-1 81
-1 81
-1 81
-1 81
-1 81
-1 81
-1 81
-1 81
-1 81
-1 81
-1 81
136 186
136 186
182 13
182 13
182 13
182 13
-1 13
-1 13
-1 13
-1 13
-1 13
-1 13
-1 13
-1 13
-1 13
-1 13
-1 13
-1 13
-1 13
-1 13
-1 13
-1 13
-1 13
-1 13
-1 13
-1 13
-1 13
-1 13
-1 13
-1 13
-1 13
-1 13
-1 13
-1 13
-1 13
-1 13
-1 13
-1 13
-1 13
-1 13
-1 13
-1 13
-1 13
-1 13
-1 13
-1 13
-1 13
-1 13
-1 13
-1 13
-1 13
-1 13
-1 13
-1 13
-1 13
-1 13
-1 13
-1 13
-1 13
-1 13
-1 13
-1 13
-1 13
-1 13
-1 13
-1 13
-1 13
-1 13
-1 13
-1 13
-1 13
-1 13
-1 13
-1 13
-1 13
-1 13
-1 13
-1 13
-1 13
-1 13
-1 13
-1 13
-1 13
-1 13
-1 13
-1 13
-1 13
-1 13
-1 13
-1 13
-1 13
13 12
13 12
13 12
50 45
135 51
141 71
141 71
141 71
141 71
141 71
-1 71
-1 71
-1 71
-1 71
-1 71
-1 71
-1 71
-1 71
-1 71
-1 71
-1 71
-1 71
-1 71
-1 71
-1 71
-1 71
-1 71
-1 71
-1 71
-1 71
-1 71
-1 71
-1 71
-1 71
-1 71
-1 71
-1 71
-1 71
-1 71
-1 71
-1 71
-1 71
-1 71
-1 71
-1 71
-1 71
-1 71
-1 71
-1 71
-1 71
-1 71
-1 71
-1 71
-1 71
-1 71
-1 71
-1 71
-1 71
-1 71
-1 71
-1 71
-1 71
-1 71
-1 71
-1 71
-1 71
-1 71
-1 71
-1 71
-1 71
-1 71
-1 71
-1 71
-1 71
-1 71
-1 71
-1 71
-1 71
-1 71
-1 71
88 59
88 59
88 59
88 59
17 117
-1 117
-1 117
-1 117
-1 117
-1 117
-1 117
-1 117
-1 117
-1 117
-1 117
-1 117
-1 117
-1 117
-1 117
-1 117
-1 117
-1 117
-1 117
-1 117
-1 117
-1 117
-1 117
-1 117
-1 117
-1 117
-1 117
-1 117
-1 117
-1 117
-1 117
-1 117
-1 117
-1 117
-1 117
-1 117
-1 117
-1 117
-1 117
-1 117
-1 117
-1 117
-1 117
-1 117
-1 117
-1 117
-1 117
-1 117
-1 117
-1 117
-1 117
-1 117
-1 117
-1 117
-1 117
-1 117
-1 117
-1 117
-1 117
-1 117
-1 117
-1 117
-1 117
-1 117
-1 117
-1 117
-1 117
-1 117
-1 117
-1 117
-1 117
-1 117
-1 117
-1 117
-1 117
-1 117
-1 117
-1 117
-1 117
-1 117
-1 117
-1 117
-1 117
-1 117
-1 117
-1 117
-1 117
-1 117
-1 117
93 113
-1 113
-1 113
-1 113
-1 113
-1 113
-1 113
-1 113
-1 113
-1 113
-1 113
-1 113
-1 113
-1 113
-1 113
-1 113
-1 113
-1 113
-1 113
-1 113
-1 113
-1 113
-1 113
-1 113
-1 113
-1 113
-1 113
-1 113
-1 113
-1 113
-1 113
-1 113
-1 113
-1 113
-1 113
-1 113
-1 113
-1 113
-1 113
-1 113
-1 113
-1 113
-1 113
-1 113
-1 113
-1 113
-1 113
-1 113
-1 113
-1 113
-1 113
-1 113
-1 113
-1 113
-1 113
-1 113
-1 113
-1 113
-1 113
-1 113
-1 113
-1 113
-1 113
-1 113
-1 113
-1 113
-1 113
-1 113
-1 113
-1 113
-1 113
-1 113
-1 113
-1 113
-1 113
-1 113
-1 113
-1 113
-1 113
-1 113
-1 113
-1 113
-1 113
-1 113
-1 113
-1 113
52 155
52 155
75 155
75 155
75 155
25 45
25 45
25 45
-1 45
-1 45
-1 45
-1 45
-1 45
-1 45
-1 45
-1 45
-1 45
-1 45
-1 45
-1 45
-1 45
-1 45
-1 45
-1 45
-1 45
-1 45
-1 45
-1 45
-1 45
-1 45
-1 45
-1 45
-1 45
-1 45
-1 45
-1 45
-1 45
-1 45
-1 45
-1 45
-1 45
-1 45
-1 45
-1 45
-1 45
-1 45
-1 45
-1 45
-1 45
-1 45
-1 45
-1 45
-1 45
-1 45
-1 45
-1 45
-1 45
-1 45
-1 45
-1 45
-1 45
-1 45
-1 45
-1 45
-1 45
-1 45
-1 45
-1 45
-1 45
-1 45
-1 45
-1 45
-1 45
-1 45
-1 45
-1 45
-1 45
-1 45
-1 45
-1 45
-1 45
-1 45
-1 45
-1 45
-1 45
-1 45
103 67
103 67
103 67
103 67
93 155
93 155
93 155
-1 155
-1 155
-1 155
-1 155
-1 155
-1 155
-1 155
-1 155
-1 155
-1 155
-1 155
-1 155
-1 155
-1 155
-1 155
-1 155
-1 155
-1 155
-1 155
-1 155
-1 155
-1 155
-1 155
-1 155
-1 155
-1 155
-1 155
-1 155
-1 155
-1 155
-1 155
-1 155
-1 155
-1 155
-1 155
-1 155
-1 155
-1 155
-1 155
-1 155
-1 155
-1 155
-1 155
-1 155
-1 155
-1 155
-1 155
-1 155
-1 155
-1 155
-1 155
-1 155
-1 155
-1 155
-1 155
-1 155
-1 155
-1 155
-1 155
-1 155
-1 155
-1 155
-1 155
-1 155
-1 155
-1 155
-1 155
-1 155
-1 155
-1 155
-1 155
-1 155
-1 155
-1 155
-1 155
-1 155
-1 155
-1 155
-1 155
-1 155
-1 155
-1 155
23 162
-1 162
-1 162
-1 162
-1 162
-1 162
-1 162
-1 162
-1 162
-1 162
-1 162
-1 162
-1 162
-1 162
-1 162
-1 162
-1 162
-1 162
-1 162
-1 162
-1 162
-1 162
-1 162
-1 162
-1 162
-1 162
-1 162
-1 162
-1 162
-1 162
-1 162
-1 162
-1 162
-1 162
-1 162
-1 162
-1 162
-1 162
-1 162
-1 162
-1 162
-1 162
-1 162
-1 162
-1 162
-1 162
-1 162
-1 162
-1 162
-1 162
-1 162
-1 162
-1 162
-1 162
-1 162
-1 162
-1 162
-1 162
-1 162
-1 162
-1 162
-1 162
-1 162
-1 162
-1 162
-1 162
-1 162
-1 162
79 59
79 59
79 59
-1 59
-1 59
-1 59
-1 59
-1 59
-1 59
-1 59
-1 59
-1 59
-1 59
-1 59
-1 59
-1 59
-1 59
-1 59
-1 59
-1 59
-1 59
-1 59
-1 59
-1 59
-1 59
-1 59
-1 59
-1 59
-1 59
-1 59
-1 59
-1 59
-1 59
-1 59
-1 59
-1 59
-1 59
-1 59
-1 59
-1 59
-1 59
-1 59
-1 59
-1 59
-1 59
-1 59
-1 59
-1 59
-1 59
-1 59
-1 59
-1 59
-1 59
-1 59
-1 59
-1 59
-1 59
-1 59
-1 59
-1 59
-1 59
-1 59
-1 59
-1 59
-1 59
-1 59
-1 59
-1 59
-1 59
-1 59
-1 59
-1 59
-1 59
-1 59
-1 59
-1 59
-1 59
-1 59
-1 59
-1 59
-1 59
-1 59
-1 59
-1 59
-1 59
-1 59
-1 59
-1 59
-1 59
-1 59
-1 59
-1 59
-1 59
-1 59
-1 59
-1 59
-1 59
-1 59
-1 59
-1 59
-1 59
59 51
59 51
9 4
36 12
36 12
-1 12
-1 12
-1 12
-1 12
-1 12
-1 12
-1 12
-1 12
-1 12
-1 12
-1 12
-1 12
-1 12
-1 12
-1 12
-1 12
-1 12
-1 12
-1 12
-1 12
-1 12
-1 12
-1 12
-1 12
-1 12
-1 12
-1 12
-1 12
-1 12
-1 12
-1 12
-1 12
-1 12
-1 12
-1 12
-1 12
-1 12
-1 12
-1 12
-1 12
-1 12
-1 12
-1 12
-1 12
-1 12
-1 12
-1 12
-1 12
-1 12
-1 12
-1 12
-1 12
-1 12
-1 12
-1 12
-1 12
-1 12
-1 12
-1 12
-1 12
-1 12
-1 12
-1 12
-1 12
-1 12
-1 12
-1 12
-1 12
-1 12
-1 12
-1 12
-1 12
-1 12
-1 12
-1 12
57 30
6 100
6 100
123 53
123 53
123 53
12 4
12 4
-1 4
-1 4
-1 4
-1 4
-1 4
-1 4
-1 4
-1 4
-1 4
-1 4
-1 4
-1 4
-1 4
-1 4
-1 4
-1 4
-1 4
-1 4
-1 4
-1 4
-1 4
-1 4
-1 4
-1 4
-1 4
-1 4
-1 4
-1 4
-1 4
-1 4
-1 4
-1 4
-1 4
-1 4
-1 4
-1 4
-1 4
-1 4
-1 4
-1 4
-1 4
-1 4
-1 4
-1 4
-1 4
-1 4
-1 4
-1 4
-1 4
-1 4
-1 4
-1 4
-1 4
-1 4
-1 4
-1 4
-1 4
-1 4
-1 4
-1 4
-1 4
-1 4
-1 4
-1 4
-1 4
-1 4
-1 4
-1 4
-1 4
-1 4
-1 4
-1 4
-1 4
-1 4
-1 4
-1 4
-1 4
-1 4
-1 4
-1 4
-1 4
-1 4
-1 4
-1 4
45 70
178 41
178 41
168 126
168 126
168 126
168 126
168 126
119 126
119 126
-1 126
-1 126
-1 126
-1 126
-1 126
-1 126
-1 126
-1 126
-1 126
-1 126
-1 126
-1 126
-1 126
-1 126
-1 126
-1 126
-1 126
-1 126
-1 126
-1 126
-1 126
-1 126
-1 126
-1 126
-1 126
-1 126
-1 126
-1 126
-1 126
-1 126
-1 126
-1 126
-1 126
-1 126
-1 126
-1 126
-1 126
-1 126
-1 126
-1 126
-1 126
-1 126
-1 126
-1 126
-1 126
-1 126
-1 126
-1 126
-1 126
-1 126
-1 126
-1 126
-1 126
-1 126
-1 126
-1 126
-1 126
-1 126
-1 126
-1 126
-1 126
-1 126
-1 126
-1 126
-1 126
-1 126
-1 126
-1 126
-1 126
-1 126
-1 126
-1 126
-1 126
-1 126
-1 126
-1 126
-1 126
-1 126
-1 126
-1 126
-1 126
-1 126
-1 126
-1 126
-1 126
-1 126
-1 126
-1 126
-1 126
-1 126
-1 126
-1 126
-1 126
-1 126
-1 126
-1 126
-1 126
-1 126
116 140
116 140
-1 140
-1 140
-1 140
-1 140
-1 140
-1 140
-1 140
-1 140
-1 140
-1 140
-1 140
-1 140
-1 140
-1 140
-1 140
-1 140
-1 140
-1 140
-1 140
-1 140
-1 140
-1 140
-1 140
-1 140
-1 140
-1 140
-1 140
-1 140
-1 140
-1 140
-1 140
-1 140
-1 140
-1 140
-1 140
-1 140
-1 140
-1 140
-1 140
-1 140
-1 140
-1 140
-1 140
-1 140
-1 140
-1 140
-1 140
-1 140
-1 140
-1 140
-1 140
-1 140
-1 140
-1 140
-1 140
-1 140
-1 140
-1 140
-1 140
-1 140
-1 140
-1 140
-1 140
-1 140
-1 140
-1 140
-1 140
-1 140
-1 140
-1 140
-1 140
-1 140
-1 140
-1 140
-1 140
-1 140
-1 140
-1 140
-1 140
-1 140
-1 140
-1 140
-1 140
-1 140
-1 140
-1 140
-1 140
-1 140
-1 140
-1 140
-1 140
-1 140
-1 140
-1 140
-1 140
-1 140
-1 140
140 67
140 67
-1 67
-1 67
-1 67
-1 67
-1 67
-1 67
-1 67
-1 67
-1 67
-1 67
-1 67
-1 67
-1 67
-1 67
-1 67
-1 67
-1 67
-1 67
-1 67
-1 67
-1 67
-1 67
-1 67
-1 67
-1 67
-1 67
-1 67
-1 67
-1 67
-1 67
-1 67
-1 67
-1 67
-1 67
-1 67
-1 67
-1 67
-1 67
-1 67
-1 67
-1 67
-1 67
-1 67
-1 67
-1 67
-1 67
-1 67
-1 67
-1 67
-1 67
-1 67
-1 67
-1 67
-1 67
-1 67
-1 67
-1 67
-1 67
-1 67
-1 67
-1 67
-1 67
-1 67
-1 67
-1 67
-1 67
-1 67
-1 67
-1 67
-1 67
-1 67
-1 67
-1 67
-1 67
-1 67
-1 67
-1 67
-1 67
-1 67
-1 67
-1 67
-1 67
-1 67
-1 67
-1 67
-1 67
-1 67
47 186
47 186
47 186
47 186
-1 186
-1 186
-1 186
-1 186
-1 186
-1 186
-1 186
-1 186
-1 186
-1 186
-1 186
-1 186
-1 186
-1 186
-1 186
-1 186
-1 186
-1 186
-1 186
-1 186
-1 186
-1 186
-1 186
-1 186
-1 186
-1 186
-1 186
-1 186
-1 186
-1 186
-1 186
-1 186
-1 186
-1 186
-1 186
-1 186
-1 186
-1 186
-1 186
-1 186
-1 186
-1 186
-1 186
-1 186
-1 186
-1 186
-1 186
-1 186
-1 186
-1 186
-1 186
-1 186
-1 186
-1 186
-1 186
-1 186
-1 186
-1 186
-1 186
-1 186
-1 186
-1 186
-1 186
-1 186
-1 186
-1 186
-1 186
-1 186
-1 186
-1 186
-1 186
-1 186
-1 186
-1 186
-1 186
186 46
-1 46
-1 46
-1 46
-1 46
-1 46
-1 46
-1 46
-1 46
-1 46
-1 46
-1 46
-1 46
-1 46
-1 46
-1 46
-1 46
-1 46
-1 46
-1 46
-1 46
46 70
46 70
46 70
-1 70
-1 70
-1 70
-1 70
-1 70
-1 70
-1 70
-1 70
-1 70
-1 70
-1 70
-1 70
-1 70
-1 70
-1 70
-1 70
-1 70
-1 70
-1 70
-1 70
-1 70
-1 70
-1 70
-1 70
-1 70
-1 70
-1 70
-1 70
-1 70
-1 70
-1 70
-1 70
-1 70
-1 70
-1 70
-1 70
-1 70
-1 70
-1 70
-1 70
-1 70
-1 70
-1 70
-1 70
-1 70
-1 70
-1 70
-1 70
-1 70
-1 70
-1 70
-1 70
-1 70
-1 70
-1 70
-1 70
-1 70
-1 70
-1 70
-1 70
-1 70
-1 70
-1 70
-1 70
-1 70
-1 70
-1 70
-1 70
-1 70
-1 70
-1 70
-1 70
70 102
70 102
35 10
-1 10
-1 10
-1 10
-1 10
-1 10
-1 10
-1 10
-1 10
-1 10
-1 10
-1 10
-1 10
-1 10
-1 10
-1 10
-1 10
-1 10
-1 10
-1 10
-1 10
-1 10
-1 10
-1 10
-1 10
-1 10
-1 10
-1 10
-1 10
-1 10
-1 10
-1 10
-1 10
-1 10
-1 10
-1 10
-1 10
-1 10
-1 10
-1 10
-1 10
-1 10
-1 10
-1 10
-1 10
-1 10
-1 10
-1 10
-1 10
-1 10
-1 10
-1 10
-1 10
-1 10
-1 10
-1 10
-1 10
-1 10
-1 10
-1 10
-1 10
-1 10
-1 10
-1 10
-1 10
-1 10
-1 10
-1 10
-1 10
-1 10
-1 10
-1 10
-1 10
-1 10
-1 10
-1 10
-1 10
-1 10
-1 10
-1 10
-1 10
-1 10
-1 10
22 30
22 30
22 30
22 30
22 30
44 30
-1 30
-1 30
-1 30
-1 30
-1 30
-1 30
-1 30
-1 30
-1 30
-1 30
-1 30
-1 30
-1 30
-1 30
-1 30
-1 30
-1 30
-1 30
-1 30
-1 30
-1 30
-1 30
-1 30
-1 30
-1 30
-1 30
-1 30
-1 30
-1 30
-1 30
-1 30
-1 30
-1 30
-1 30
-1 30
-1 30
-1 30
-1 30
-1 30
-1 30
-1 30
-1 30
-1 30
-1 30
-1 30
-1 30
-1 30
-1 30
-1 30
-1 30
-1 30
-1 30
-1 30
-1 30
-1 30
-1 30
-1 30
-1 30
-1 30
-1 30
-1 30
-1 30
-1 30
-1 30
-1 30
-1 30
-1 30
-1 30
-1 30
-1 30
-1 30
-1 30
-1 30
-1 30
-1 30
-1 30
-1 30
-1 30
-1 30
-1 30
-1 30
23 41
-1 41
-1 41
-1 41
-1 41
-1 41
-1 41
-1 41
-1 41
-1 41
-1 41
-1 41
-1 41
-1 41
-1 41
-1 41
-1 41
-1 41
-1 41
-1 41
-1 41
-1 41
-1 41
-1 41
-1 41
-1 41
-1 41
-1 41
-1 41
-1 41
-1 41
-1 41
-1 41
-1 41
-1 41
-1 41
-1 41
-1 41
-1 41
-1 41
-1 41
-1 41
-1 41
-1 41
-1 41
-1 41
-1 41
-1 41
-1 41
-1 41
-1 41
-1 41
-1 41
-1 41
-1 41
-1 41
-1 41
-1 41
-1 41
-1 41
-1 41
-1 41
-1 41
-1 41
-1 41
-1 41
-1 41
-1 41
-1 41
-1 41
-1 41
-1 41
-1 41
-1 41
-1 41
-1 41
-1 41
41 86
104 53
132 84
132 84
132 84
55 180
55 180
-1 180
-1 180
-1 180
-1 180
-1 180
-1 180
-1 180
-1 180
-1 180
-1 180
-1 180
-1 180
-1 180
-1 180
-1 180
-1 180
-1 180
-1 180
-1 180
-1 180
-1 180
-1 180
-1 180
-1 180
-1 180
-1 180
-1 180
-1 180
-1 180
-1 180
-1 180
-1 180
-1 180
-1 180
-1 180
-1 180
-1 180
-1 180
-1 180
-1 180
-1 180
-1 180
-1 180
-1 180
-1 180
-1 180
-1 180
-1 180
-1 180
-1 180
-1 180
-1 180
-1 180
-1 180
-1 180
-1 180
-1 180
-1 180
-1 180
-1 180
-1 180
-1 180
-1 180
-1 180
-1 180
-1 180
-1 180
-1 180
-1 180
-1 180
-1 180
-1 180
-1 180
-1 180
-1 180
-1 180
-1 180
-1 180
-1 180
-1 180
-1 180
-1 180
-1 180
-1 180
-1 180
-1 180
-1 180
-1 180
180 84
180 84
180 84
25 101
125 166
125 166
119 53
182 53
182 53
97 84
-1 84
-1 84
-1 84
-1 84
-1 84
-1 84
-1 84
-1 84
-1 84
-1 84
-1 84
-1 84
-1 84
-1 84
-1 84
-1 84
-1 84
-1 84
-1 84
-1 84
-1 84
-1 84
-1 84
-1 84
-1 84
-1 84
-1 84
-1 84
-1 84
-1 84
-1 84
-1 84
-1 84
-1 84
-1 84
-1 84
-1 84
-1 84
-1 84
-1 84
-1 84
-1 84
-1 84
-1 84
-1 84
-1 84
-1 84
-1 84
-1 84
-1 84
-1 84
-1 84
-1 84
-1 84
-1 84
-1 84
-1 84
-1 84
-1 84
-1 84
-1 84
-1 84
-1 84
-1 84
-1 84
-1 84
-1 84
-1 84
-1 84
-1 84
-1 84
-1 84
-1 84
-1 84
-1 84
-1 84
-1 84
-1 84
-1 84
-1 84
-1 84
-1 84
-1 84
-1 84
-1 84
84 102
84 102
84 102
-1 102
-1 102
-1 102
-1 102
-1 102
-1 102
-1 102
-1 102
-1 102
-1 102
-1 102
-1 102
-1 102
-1 102
-1 102
-1 102
-1 102
-1 102
-1 102
-1 102
-1 102
-1 102
-1 102
-1 102
-1 102
-1 102
-1 102
-1 102
-1 102
-1 102
-1 102
-1 102
-1 102
-1 102
-1 102
-1 102
-1 102
-1 102
-1 102
-1 102
-1 102
-1 102
-1 102
-1 102
-1 102
-1 102
-1 102
-1 102
-1 102
-1 102
-1 102
-1 102
-1 102
-1 102
-1 102
-1 102
-1 102
-1 102
-1 102
-1 102
-1 102
-1 102
-1 102
-1 102
-1 102
-1 102
-1 102
-1 102
-1 102
-1 102
-1 102
-1 102
-1 102
-1 102
-1 102
-1 102
-1 102
-1 102
-1 102
-1 102
-1 102
-1 102
-1 102
-1 102
-1 102
-1 102
-1 102
102 101
102 101
102 101
-1 101
-1 101
-1 101
-1 101
-1 101
-1 101
-1 101
-1 101
-1 101
-1 101
-1 101
-1 101
-1 101
-1 101
-1 101
-1 101
-1 101
-1 101
-1 101
-1 101
-1 101
-1 101
-1 101
-1 101
-1 101
-1 101
-1 101
-1 101
-1 101
-1 101
-1 101
-1 101
-1 101
-1 101
-1 101
-1 101
-1 101
-1 101
-1 101
-1 101
-1 101
-1 101
-1 101
-1 101
-1 101
-1 101
-1 101
-1 101
-1 101
-1 101
-1 101
-1 101
-1 101
-1 101
-1 101
-1 101
-1 101
-1 101
-1 101
-1 101
-1 101
-1 101
-1 101
-1 101
-1 101
-1 101
-1 101
-1 101
-1 101
-1 101
-1 101
-1 101
-1 101
-1 101
-1 101
-1 101
-1 101
-1 101
-1 101
-1 101
-1 101
-1 101
-1 101
-1 101
-1 101
102 100
102 100
101 29
101 29
101 29
-1 29
-1 29
-1 29
-1 29
-1 29
-1 29
-1 29
-1 29
-1 29
-1 29
-1 29
-1 29
-1 29
-1 29
-1 29
-1 29
-1 29
-1 29
-1 29
-1 29
-1 29
-1 29
-1 29
-1 29
-1 29
-1 29
-1 29
-1 29
-1 29
-1 29
-1 29
-1 29
-1 29
-1 29
-1 29
-1 29
-1 29
-1 29
-1 29
-1 29
-1 29
-1 29
-1 29
-1 29
-1 29
-1 29
-1 29
-1 29
-1 29
-1 29
-1 29
-1 29
-1 29
-1 29
-1 29
-1 29
-1 29
-1 29
-1 29
-1 29
-1 29
-1 29
-1 29
-1 29
-1 29
-1 29
-1 29
-1 29
-1 29
-1 29
-1 29
-1 29
-1 29
-1 29
-1 29
-1 29
-1 29
-1 29
-1 29
-1 29
-1 29
-1 29
95 166
95 166
46 100
46 100
131 100
131 100
131 100
47 100
21 166
21 166
21 166
21 166
153 166
42 100
56 166
-1 166
-1 166
-1 166
-1 166
-1 166
-1 166
-1 166
-1 166
-1 166
-1 166
-1 166
-1 166
-1 166
-1 166
-1 166
-1 166
-1 166
-1 166
-1 166
-1 166
-1 166
-1 166
-1 166
-1 166
-1 166
-1 166
-1 166
-1 166
-1 166
-1 166
-1 166
-1 166
-1 166
-1 166
-1 166
-1 166
-1 166
-1 166
-1 166
-1 166
-1 166
-1 166
-1 166
-1 166
-1 166
-1 166
-1 166
-1 166
-1 166
-1 166
-1 166
-1 166
-1 166
-1 166
-1 166
-1 166
-1 166
-1 166
-1 166
-1 166
-1 166
-1 166
-1 166
-1 166
-1 166
-1 166
-1 166
-1 166
-1 166
-1 166
-1 166
-1 166
-1 166
-1 166
-1 166
-1 166
-1 166
-1 166
-1 166
-1 166
-1 166
-1 166
-1 166
-1 166
-1 166
-1 166
-1 166
3 53
-1 53
-1 53
-1 53
-1 53
-1 53
-1 53
-1 53
-1 53
-1 53
-1 53
-1 53
-1 53
-1 53
-1 53
-1 53
-1 53
-1 53
-1 53
-1 53
-1 53
-1 53
-1 53
-1 53
-1 53
-1 53
-1 53
-1 53
-1 53
-1 53
-1 53
-1 53
-1 53
-1 53
-1 53
-1 53
-1 53
-1 53
-1 53
-1 53
-1 53
-1 53
-1 53
-1 53
-1 53
-1 53
-1 53
-1 53
-1 53
-1 53
-1 53
-1 53
-1 53
-1 53
-1 53
-1 53
-1 53
-1 53
-1 53
-1 53
-1 53
-1 53
-1 53
-1 53
-1 53
-1 53
-1 53
-1 53
-1 53
-1 53
-1 53
-1 53
-1 53
-1 53
-1 53
-1 53
-1 53
-1 53
-1 53
-1 53
-1 53
-1 53
-1 53
-1 53
-1 53
-1 53
-1 53
-1 53
-1 53
-1 53
-1 53
-1 53
-1 53
-1 53
-1 53
-1 53
-1 53
-1 53
-1 53
26 105
26 105
26 105
-1 105
-1 105
-1 105
-1 105
-1 105
-1 105
-1 105
-1 105
-1 105
-1 105
-1 105
-1 105
-1 105
-1 105
-1 105
-1 105
-1 105
-1 105
-1 105
-1 105
-1 105
-1 105
-1 105
-1 105
-1 105
-1 105
-1 105
-1 105
-1 105
-1 105
-1 105
-1 105
-1 105
-1 105
-1 105
-1 105
-1 105
-1 105
-1 105
-1 105
-1 105
-1 105
-1 105
-1 105
-1 105
-1 105
-1 105
-1 105
-1 105
-1 105
-1 105
-1 105
-1 105
-1 105
-1 105
-1 105
-1 105
-1 105
-1 105
-1 105
-1 105
-1 105
-1 105
-1 105
-1 105
-1 105
-1 105
-1 105
-1 105
-1 105
-1 105
-1 105
-1 105
-1 105
-1 105
-1 105
-1 105
-1 105
-1 105
-1 105
-1 105
-1 105
-1 105
-1 105
-1 105
-1 105
-1 105
-1 105
-1 105
-1 105
-1 105
-1 105
-1 105
-1 105
-1 105
-1 105
-1 105
-1 105
-1 105
179 100
-1 100
-1 100
-1 100
-1 100
-1 100
-1 100
-1 100
-1 100
-1 100
-1 100
-1 100
-1 100
-1 100
-1 100
-1 100
-1 100
-1 100
-1 100
-1 100
-1 100
-1 100
-1 100
-1 100
-1 100
-1 100
-1 100
-1 100
-1 100
-1 100
-1 100
-1 100
-1 100
-1 100
-1 100
-1 100
-1 100
-1 100
-1 100
-1 100
-1 100
-1 100
-1 100
-1 100
-1 100
-1 100
-1 100
-1 100
-1 100
-1 100
-1 100
-1 100
-1 100
-1 100
-1 100
-1 100
-1 100
-1 100
-1 100
-1 100
-1 100
-1 100
-1 100
-1 100
-1 100
-1 100
-1 100
-1 100
-1 100
-1 100
-1 100
-1 100
-1 100
-1 100
-1 100
-1 100
-1 100
-1 100
-1 100
-1 100
-1 100
-1 100
-1 100
-1 100
-1 100
-1 100
-1 100
-1 100
-1 100
-1 100
-1 100
-1 100
-1 100
-1 100
166 86
166 86
166 86
166 86
166 86
166 86
90 86
90 86
90 86
155 86
155 86
155 86
155 86
155 86
155 86
85 86
85 86
85 86
85 86
44 86
44 86
44 86
44 86
-1 86
-1 86
-1 86
-1 86
-1 86
-1 86
-1 86
-1 86
-1 86
-1 86
-1 86
-1 86
-1 86
-1 86
-1 86
-1 86
-1 86
-1 86
-1 86
-1 86
-1 86
-1 86
-1 86
-1 86
-1 86
-1 86
-1 86
-1 86
-1 86
-1 86
-1 86
-1 86
-1 86
-1 86
-1 86
-1 86
-1 86
-1 86
-1 86
-1 86
-1 86
-1 86
-1 86
-1 86
-1 86
-1 86
-1 86
-1 86
-1 86
-1 86
-1 86
-1 86
-1 86
-1 86
-1 86
-1 86
-1 86
-1 86
-1 86
-1 86
-1 86
-1 86
-1 86
-1 86
-1 86
-1 86
-1 86
-1 86
-1 86
-1 86
-1 86
-1 86
-1 86
-1 86
-1 86
-1 86
-1 86
-1 86
-1 86
-1 86
-1 86
-1 86
-1 86
-1 86
-1 86
-1 86
-1 86
-1 86
-1 86
-1 86
-1 86
-1 86
-1 86
-1 86
-1 86
