-1 0
-1 0
-1 0
-1 0
-1 0
-1 0
-1 0
-1 0
-1 0
-1 0
-1 0
-1 0
-1 0
-1 0
-1 0
-1 0
-1 0
-1 0
-1 0
-1 0
-1 0
-1 0
-1 0
-1 0
-1 0
-1 0
-1 0
-1 0
-1 0
-1 0
-1 0
-1 0
-1 0
-1 0
-1 0
-1 0
-1 0
-1 0
-1 0
-1 0
-1 0
-1 0
-1 0
-1 0
-1 0
-1 0
-1 0
-1 0
-1 0
-1 0
-1 0
-1 0
-1 0
-1 0
-1 0
-1 0
-1 0
-1 0
-1 0
-1 0
-1 0
-1 0
-1 0
-1 0
-1 0
-1 0
-1 0
-1 0
-1 0
-1 0
-1 0
-1 0
-1 0
-1 0
-1 0
-1 0
-1 0
-1 0
-1 0
-1 0
-1 0
-1 0
-1 0
-1 0
-1 0
-1 0
-1 0
-1 0
-1 0
-1 0
-1 0
-1 0
-1 0
-1 0
-1 0
-1 0
-1 0
-1 0
-1 0
-1 0
-1 0
-1 0
-1 0
-1 0
-1 0
-1 0
-1 0
-1 0
-1 0
-1 0
-1 0
-1 0
-1 0
-1 0
-1 0
-1 0
-1 0
-1 0
-1 0
-1 0
-1 0
-1 0
-1 0
-1 0
-1 0
-1 0
-1 0
-1 0
-1 0
-1 0
-1 0
-1 0
-1 0
-1 0
-1 0
-1 0
-1 0
-1 0
-1 0
-1 0
-1 0
-1 0
-1 0
-1 0
-1 0
-1 0
-1 0
-1 0
-1 0
-1 0
-1 0
-1 0
-1 0
-1 0
-1 0
-1 0
-1 0
-1 0
-1 0
-1 0
-1 0
-1 0
-1 0
-1 0
-1 0
-1 0
-1 0
-1 0
-1 0
-1 0
-1 0
-1 0
-1 0
-1 0
-1 0
-1 0
-1 0
-1 0
-1 0
-1 0
-1 0
-1 0
-1 0
-1 0
-1 0
-1 0
-1 0
-1 0
-1 0
-1 0
-1 0
-1 0
-1 0
-1 0
-1 0
-1 0
-1 0
-1 0
-1 0
-1 0
-1 0
-1 0
-1 0
-1 0
-1 0
-1 0
-1 0
-1 0
-1 0
-1 0
-1 0
-1 0
-1 0
-1 0
-1 0
-1 0
-1 0
-1 0
-1 0
-1 0
-1 0
-1 0
-1 0
-1 0
-1 0
-1 0
-1 0
-1 0
-1 0
-1 0
-1 0
-1 0
-1 0
-1 0
-1 0
-1 0
-1 0
-1 0
-1 0
-1 0
-1 0
-1 0
-1 0
-1 0
-1 0
-1 0
-1 0
-1 0
-1 0
-1 0
-1 0
-1 0
-1 0
-1 0
-1 0
-1 0
-1 0
-1 0
-1 0
-1 0
-1 0
-1 0
-1 0
-1 0
-1 0
-1 0
-1 0
-1 0
-1 0
-1 0
-1 0
-1 0
-1 0
-1 0
-1 0
-1 0
-1 0
-1 0
-1 0
-1 0
-1 0
-1 0
-1 0
-1 0
-1 0
-1 0
-1 0
-1 0
-1 0
-1 0
-1 0
-1 0
-1 0
-1 0
-1 0
-1 0
-1 0
-1 0
-1 0
-1 0
-1 0
-1 0
-1 0
-1 0
-1 0
-1 0
-1 0
-1 0
-1 0
-1 0
-1 0
-1 0
-1 0
-1 0
-1 0
-1 0
-1 0
-1 0
-1 0
-1 0
-1 0
-1 0
-1 0
-1 0
-1 0
-1 0
-1 0
-1 0
-1 0
-1 0
-1 0
-1 0
-1 0
-1 0
-1 0
-1 0
-1 0
-1 0
-1 0
-1 0
-1 0
-1 0
-1 0
-1 0
-1 0
-1 0
-1 0
-1 0
-1 0
-1 0
-1 0
-1 0
-1 0
-1 0
-1 0
-1 0
-1 0
-1 0
-1 0
-1 0
-1 0
-1 0
-1 0
-1 0
-1 0
-1 0
-1 0
-1 0
-1 0
-1 0
-1 0
-1 0
-1 0
-1 0
-1 0
-1 0
-1 0
-1 0
-1 0
-1 0
-1 0
-1 0
-1 0
-1 0
-1 0
-1 0
-1 0
-1 0
-1 0
-1 0
-1 0
-1 0
-1 0
-1 0
-1 0
-1 0
-1 0
-1 0
-1 0
-1 0
-1 0
-1 0
-1 0
-1 0
-1 0
-1 0
-1 0
-1 0
-1 0
-1 0
-1 0
-1 0
-1 0
-1 0
-1 0
-1 0
-1 0
-1 0
-1 0
-1 0
-1 0
-1 0
-1 0
-1 0
-1 0
-1 0
-1 0
-1 0
-1 0
-1 0
-1 0
-1 0
-1 0
-1 0
-1 0
-1 0
-1 0
-1 0
-1 0
-1 0
-1 0
-1 0
-1 0
-1 0
-1 0
-1 0
-1 0
-1 0
-1 0
-1 0
-1 0
-1 0
-1 0
-1 0
0 167
0 25
167 152
-1 152
-1 152
-1 152
-1 152
-1 152
-1 152
-1 152
-1 152
-1 152
-1 152
-1 152
-1 152
-1 152
-1 152
-1 152
-1 152
-1 152
-1 152
-1 152
-1 152
-1 152
-1 152
-1 152
-1 152
-1 152
-1 152
-1 152
-1 152
-1 152
-1 152
-1 152
-1 152
-1 152
-1 152
-1 152
-1 152
-1 152
-1 152
-1 152
-1 152
-1 152
-1 152
-1 152
-1 152
-1 152
-1 152
-1 152
-1 152
-1 152
-1 152
-1 152
-1 152
-1 152
-1 152
-1 152
-1 152
-1 152
-1 152
-1 152
-1 152
-1 152
-1 152
-1 152
-1 152
-1 152
-1 152
-1 152
-1 152
-1 152
-1 152
-1 152
-1 152
-1 152
-1 152
-1 152
-1 152
-1 152
-1 152
-1 152
-1 152
-1 152
-1 152
-1 152
-1 152
-1 152
-1 152
-1 152
-1 152
-1 152
-1 152
-1 152
-1 152
-1 152
-1 152
-1 152
152 66
0 127
0 127
0 163
25 87
25 87
-1 87
-1 87
-1 87
-1 87
-1 87
-1 87
-1 87
-1 87
-1 87
-1 87
-1 87
-1 87
-1 87
-1 87
-1 87
-1 87
-1 87
-1 87
-1 87
-1 87
-1 87
-1 87
-1 87
-1 87
-1 87
-1 87
-1 87
-1 87
-1 87
-1 87
-1 87
-1 87
-1 87
167 198
127 28
152 137
-1 137
-1 137
-1 137
-1 137
-1 137
-1 137
-1 137
-1 137
-1 137
-1 137
-1 137
-1 137
-1 137
-1 137
-1 137
-1 137
-1 137
-1 137
-1 137
-1 137
-1 137
-1 137
-1 137
-1 137
-1 137
-1 137
-1 137
-1 137
-1 137
-1 137
-1 137
-1 137
-1 137
-1 137
-1 137
-1 137
-1 137
-1 137
-1 137
-1 137
-1 137
-1 137
-1 137
-1 137
-1 137
-1 137
-1 137
-1 137
-1 137
-1 137
-1 137
-1 137
-1 137
-1 137
-1 137
-1 137
-1 137
-1 137
-1 137
-1 137
-1 137
137 151
167 28
137 70
167 198
198 120
198 88
70 171
137 60
137 60
-1 60
-1 60
-1 60
-1 60
-1 60
-1 60
-1 60
-1 60
-1 60
-1 60
-1 60
-1 60
-1 60
-1 60
-1 60
-1 60
-1 60
-1 60
-1 60
-1 60
-1 60
-1 60
-1 60
-1 60
-1 60
-1 60
-1 60
-1 60
-1 60
-1 60
-1 60
-1 60
-1 60
-1 60
-1 60
-1 60
-1 60
-1 60
-1 60
-1 60
-1 60
-1 60
-1 60
-1 60
-1 60
-1 60
-1 60
-1 60
-1 60
-1 60
-1 60
-1 60
-1 60
-1 60
-1 60
-1 60
-1 60
-1 60
-1 60
-1 60
-1 60
-1 60
-1 60
-1 60
-1 60
137 131
-1 131
-1 131
-1 131
-1 131
-1 131
-1 131
-1 131
-1 131
-1 131
-1 131
-1 131
-1 131
-1 131
-1 131
-1 131
-1 131
-1 131
-1 131
-1 131
-1 131
-1 131
-1 131
-1 131
-1 131
-1 131
-1 131
-1 131
-1 131
-1 131
-1 131
-1 131
-1 131
-1 131
-1 131
-1 131
-1 131
-1 131
-1 131
-1 131
-1 131
-1 131
-1 131
-1 131
-1 131
-1 131
-1 131
-1 131
-1 131
-1 131
-1 131
-1 131
-1 131
-1 131
-1 131
-1 131
-1 131
-1 131
-1 131
-1 131
-1 131
-1 131
-1 131
-1 131
-1 131
-1 131
-1 131
-1 131
-1 131
-1 131
-1 131
-1 131
-1 131
-1 131
-1 131
-1 131
-1 131
-1 131
-1 131
-1 131
-1 131
-1 131
-1 131
-1 131
-1 131
-1 131
28 193
28 193
28 193
163 179
163 179
-1 179
-1 179
-1 179
-1 179
-1 179
-1 179
-1 179
-1 179
-1 179
-1 179
-1 179
-1 179
-1 179
-1 179
-1 179
-1 179
-1 179
-1 179
-1 179
-1 179
-1 179
-1 179
-1 179
-1 179
-1 179
-1 179
-1 179
-1 179
-1 179
-1 179
-1 179
-1 179
-1 179
-1 179
-1 179
-1 179
-1 179
-1 179
-1 179
-1 179
-1 179
-1 179
-1 179
-1 179
-1 179
-1 179
-1 179
-1 179
-1 179
-1 179
-1 179
-1 179
-1 179
-1 179
-1 179
179 144
179 144
179 144
-1 144
-1 144
-1 144
-1 144
-1 144
-1 144
-1 144
-1 144
-1 144
-1 144
-1 144
-1 144
-1 144
-1 144
-1 144
-1 144
-1 144
-1 144
-1 144
-1 144
-1 144
-1 144
-1 144
-1 144
-1 144
179 97
-1 97
-1 97
-1 97
-1 97
-1 97
-1 97
-1 97
-1 97
-1 97
-1 97
-1 97
-1 97
-1 97
-1 97
-1 97
-1 97
-1 97
-1 97
-1 97
-1 97
-1 97
-1 97
-1 97
-1 97
-1 97
-1 97
-1 97
-1 97
-1 97
-1 97
-1 97
-1 97
-1 97
-1 97
-1 97
-1 97
-1 97
-1 97
-1 97
-1 97
-1 97
-1 97
-1 97
-1 97
-1 97
-1 97
-1 97
-1 97
97 90
97 195
195 82
-1 82
-1 82
-1 82
-1 82
-1 82
-1 82
-1 82
-1 82
-1 82
-1 82
-1 82
-1 82
-1 82
-1 82
-1 82
-1 82
-1 82
-1 82
-1 82
-1 82
-1 82
-1 82
-1 82
-1 82
-1 82
-1 82
-1 82
-1 82
-1 82
-1 82
-1 82
-1 82
-1 82
-1 82
-1 82
-1 82
-1 82
-1 82
-1 82
-1 82
-1 82
-1 82
-1 82
-1 82
-1 82
-1 82
-1 82
-1 82
-1 82
-1 82
-1 82
-1 82
-1 82
-1 82
-1 82
-1 82
-1 82
-1 82
-1 82
-1 82
-1 82
-1 82
-1 82
-1 82
-1 82
-1 82
-1 82
-1 82
-1 82
-1 82
-1 82
-1 82
-1 82
-1 82
-1 82
-1 82
-1 82
-1 82
-1 82
-1 82
-1 82
-1 82
-1 82
-1 82
-1 82
-1 82
-1 82
195 104
-1 104
-1 104
-1 104
-1 104
-1 104
-1 104
-1 104
-1 104
-1 104
-1 104
-1 104
-1 104
-1 104
-1 104
-1 104
-1 104
-1 104
-1 104
-1 104
-1 104
-1 104
-1 104
-1 104
-1 104
-1 104
-1 104
-1 104
-1 104
-1 104
-1 104
-1 104
-1 104
-1 104
-1 104
-1 104
-1 104
-1 104
-1 104
-1 104
-1 104
-1 104
-1 104
-1 104
-1 104
-1 104
-1 104
-1 104
-1 104
-1 104
-1 104
-1 104
-1 104
-1 104
-1 104
-1 104
104 88
-1 88
-1 88
-1 88
-1 88
-1 88
-1 88
-1 88
-1 88
-1 88
-1 88
-1 88
195 49
-1 49
-1 49
-1 49
-1 49
-1 49
-1 49
-1 49
-1 49
-1 49
-1 49
-1 49
-1 49
-1 49
49 176
-1 176
-1 176
-1 176
-1 176
-1 176
-1 176
-1 176
-1 176
-1 176
-1 176
-1 176
-1 176
-1 176
-1 176
-1 176
-1 176
-1 176
-1 176
-1 176
-1 176
-1 176
-1 176
-1 176
-1 176
-1 176
-1 176
-1 176
-1 176
-1 176
-1 176
-1 176
-1 176
-1 176
-1 176
-1 176
-1 176
-1 176
-1 176
-1 176
-1 176
-1 176
-1 176
-1 176
-1 176
-1 176
49 148
49 148
176 123
176 123
-1 123
-1 123
-1 123
-1 123
-1 123
-1 123
-1 123
-1 123
-1 123
-1 123
-1 123
-1 123
-1 123
-1 123
-1 123
-1 123
-1 123
-1 123
-1 123
-1 123
-1 123
-1 123
-1 123
-1 123
-1 123
-1 123
-1 123
-1 123
-1 123
-1 123
-1 123
-1 123
-1 123
-1 123
-1 123
-1 123
-1 123
-1 123
-1 123
-1 123
-1 123
-1 123
-1 123
-1 123
-1 123
-1 123
-1 123
-1 123
-1 123
-1 123
49 79
79 85
-1 85
-1 85
-1 85
-1 85
-1 85
-1 85
-1 85
-1 85
-1 85
-1 85
-1 85
-1 85
-1 85
-1 85
-1 85
-1 85
-1 85
-1 85
-1 85
-1 85
-1 85
-1 85
-1 85
-1 85
-1 85
-1 85
-1 85
-1 85
-1 85
-1 85
-1 85
-1 85
-1 85
-1 85
-1 85
-1 85
-1 85
-1 85
-1 85
-1 85
-1 85
-1 85
-1 85
-1 85
-1 85
-1 85
-1 85
-1 85
-1 85
-1 85
-1 85
-1 85
-1 85
-1 85
-1 85
-1 85
-1 85
-1 85
-1 85
-1 85
-1 85
-1 85
-1 85
-1 85
-1 85
-1 85
-1 85
-1 85
-1 85
-1 85
-1 85
-1 85
-1 85
-1 85
-1 85
-1 85
-1 85
-1 85
-1 85
-1 85
85 9
85 9
-1 9
-1 9
-1 9
-1 9
-1 9
-1 9
-1 9
-1 9
-1 9
-1 9
-1 9
-1 9
-1 9
-1 9
79 181
79 181
181 109
49 148
148 16
16 180
16 80
-1 80
-1 80
-1 80
-1 80
-1 80
-1 80
-1 80
-1 80
-1 80
-1 80
-1 80
-1 80
-1 80
-1 80
-1 80
-1 80
-1 80
-1 80
-1 80
-1 80
-1 80
-1 80
-1 80
-1 80
-1 80
-1 80
-1 80
-1 80
-1 80
-1 80
-1 80
-1 80
-1 80
-1 80
-1 80
-1 80
-1 80
-1 80
-1 80
-1 80
-1 80
148 109
-1 109
-1 109
-1 109
-1 109
-1 109
-1 109
-1 109
-1 109
-1 109
-1 109
-1 109
-1 109
-1 109
-1 109
-1 109
-1 109
-1 109
-1 109
-1 109
-1 109
-1 109
-1 109
-1 109
-1 109
-1 109
-1 109
-1 109
-1 109
-1 109
-1 109
-1 109
-1 109
-1 109
-1 109
-1 109
-1 109
-1 109
-1 109
-1 109
-1 109
-1 109
-1 109
-1 109
-1 109
-1 109
-1 109
-1 109
-1 109
16 64
16 64
-1 64
-1 64
-1 64
-1 64
-1 64
-1 64
-1 64
-1 64
-1 64
-1 64
-1 64
-1 64
-1 64
-1 64
-1 64
-1 64
-1 64
-1 64
-1 64
-1 64
-1 64
-1 64
-1 64
-1 64
-1 64
-1 64
-1 64
-1 64
-1 64
-1 64
-1 64
-1 64
-1 64
-1 64
-1 64
-1 64
-1 64
-1 64
-1 64
-1 64
-1 64
-1 64
-1 64
-1 64
-1 64
-1 64
-1 64
64 168
64 154
148 129
148 129
-1 129
-1 129
-1 129
-1 129
-1 129
-1 129
-1 129
-1 129
-1 129
-1 129
-1 129
-1 129
-1 129
-1 129
-1 129
-1 129
-1 129
-1 129
-1 129
-1 129
-1 129
-1 129
-1 129
-1 129
-1 129
-1 129
-1 129
-1 129
-1 129
-1 129
-1 129
-1 129
-1 129
-1 129
-1 129
-1 129
-1 129
-1 129
-1 129
-1 129
-1 129
-1 129
-1 129
-1 129
-1 129
-1 129
-1 129
-1 129
-1 129
-1 129
-1 129
-1 129
-1 129
-1 129
-1 129
-1 129
-1 129
-1 129
-1 129
-1 129
-1 129
-1 129
-1 129
-1 129
-1 129
-1 129
-1 129
-1 129
-1 129
-1 129
-1 129
-1 129
-1 129
-1 129
-1 129
-1 129
-1 129
-1 129
-1 129
-1 129
-1 129
-1 129
-1 129
-1 129
-1 129
-1 129
129 128
129 78
64 168
168 99
168 99
99 26
-1 26
-1 26
-1 26
-1 26
-1 26
-1 26
-1 26
-1 26
-1 26
-1 26
-1 26
-1 26
-1 26
-1 26
-1 26
-1 26
-1 26
-1 26
-1 26
-1 26
-1 26
-1 26
-1 26
-1 26
26 135
26 135
135 188
135 188
188 192
188 192
-1 192
-1 192
-1 192
-1 192
-1 192
-1 192
-1 192
-1 192
-1 192
-1 192
-1 192
-1 192
-1 192
-1 192
-1 192
-1 192
-1 192
-1 192
-1 192
-1 192
-1 192
-1 192
-1 192
-1 192
-1 192
-1 192
-1 192
-1 192
-1 192
-1 192
-1 192
-1 192
-1 192
-1 192
-1 192
-1 192
-1 192
-1 192
-1 192
-1 192
-1 192
-1 192
-1 192
-1 192
-1 192
-1 192
-1 192
-1 192
-1 192
-1 192
80 103
123 39
123 39
123 39
-1 39
-1 39
-1 39
-1 39
-1 39
-1 39
-1 39
-1 39
-1 39
-1 39
-1 39
-1 39
-1 39
-1 39
-1 39
-1 39
-1 39
-1 39
-1 39
-1 39
-1 39
-1 39
-1 39
-1 39
-1 39
-1 39
-1 39
-1 39
-1 39
-1 39
-1 39
-1 39
-1 39
-1 39
-1 39
-1 39
-1 39
-1 39
-1 39
-1 39
-1 39
-1 39
-1 39
-1 39
-1 39
-1 39
-1 39
-1 39
-1 39
-1 39
-1 39
-1 39
-1 39
-1 39
-1 39
-1 39
-1 39
-1 39
-1 39
-1 39
-1 39
-1 39
-1 39
-1 39
-1 39
-1 39
-1 39
-1 39
-1 39
-1 39
-1 39
-1 39
-1 39
-1 39
-1 39
-1 39
-1 39
-1 39
-1 39
-1 39
-1 39
-1 39
-1 39
-1 39
-1 39
-1 39
-1 39
-1 39
-1 39
-1 39
39 62
-1 62
-1 62
-1 62
-1 62
-1 62
-1 62
-1 62
-1 62
-1 62
-1 62
-1 62
-1 62
-1 62
-1 62
-1 62
-1 62
-1 62
-1 62
-1 62
-1 62
-1 62
-1 62
-1 62
-1 62
-1 62
-1 62
-1 62
-1 62
-1 62
-1 62
-1 62
-1 62
-1 62
-1 62
-1 62
-1 62
-1 62
-1 62
-1 62
-1 62
-1 62
-1 62
-1 62
-1 62
-1 62
-1 62
-1 62
-1 62
-1 62
-1 62
-1 62
-1 62
-1 62
-1 62
-1 62
-1 62
-1 62
-1 62
-1 62
-1 62
-1 62
-1 62
-1 62
-1 62
-1 62
-1 62
-1 62
-1 62
-1 62
-1 62
-1 62
-1 62
-1 62
-1 62
-1 62
-1 62
-1 62
-1 62
-1 62
-1 62
-1 62
-1 62
-1 62
-1 62
-1 62
-1 62
39 118
-1 118
-1 118
-1 118
-1 118
-1 118
-1 118
-1 118
-1 118
-1 118
-1 118
-1 118
-1 118
-1 118
-1 118
-1 118
-1 118
-1 118
-1 118
-1 118
-1 118
-1 118
-1 118
-1 118
-1 118
-1 118
-1 118
-1 118
-1 118
-1 118
-1 118
-1 118
-1 118
-1 118
-1 118
-1 118
-1 118
-1 118
-1 118
-1 118
-1 118
-1 118
-1 118
-1 118
-1 118
-1 118
-1 118
-1 118
-1 118
-1 118
-1 118
-1 118
-1 118
-1 118
-1 118
-1 118
-1 118
-1 118
-1 118
118 160
118 160
-1 160
-1 160
-1 160
-1 160
-1 160
-1 160
-1 160
-1 160
-1 160
-1 160
-1 160
-1 160
-1 160
-1 160
-1 160
-1 160
-1 160
-1 160
-1 160
-1 160
-1 160
-1 160
-1 160
-1 160
-1 160
-1 160
-1 160
-1 160
-1 160
-1 160
-1 160
-1 160
-1 160
-1 160
-1 160
-1 160
-1 160
-1 160
-1 160
-1 160
-1 160
-1 160
-1 160
103 34
160 5
160 5
160 5
-1 5
-1 5
-1 5
-1 5
-1 5
-1 5
-1 5
-1 5
-1 5
-1 5
-1 5
-1 5
-1 5
-1 5
-1 5
-1 5
-1 5
-1 5
-1 5
-1 5
-1 5
-1 5
-1 5
-1 5
-1 5
-1 5
-1 5
-1 5
-1 5
-1 5
-1 5
-1 5
-1 5
-1 5
-1 5
-1 5
-1 5
-1 5
-1 5
-1 5
-1 5
-1 5
-1 5
-1 5
-1 5
-1 5
-1 5
-1 5
-1 5
-1 5
-1 5
-1 5
-1 5
-1 5
-1 5
-1 5
-1 5
-1 5
-1 5
-1 5
-1 5
-1 5
-1 5
-1 5
-1 5
-1 5
-1 5
-1 5
-1 5
-1 5
-1 5
-1 5
-1 5
-1 5
-1 5
5 96
123 63
16 180
195 84
62 98
118 53
118 53
118 53
118 53
-1 53
-1 53
-1 53
-1 53
-1 53
-1 53
-1 53
-1 53
-1 53
-1 53
-1 53
-1 53
-1 53
-1 53
-1 53
-1 53
-1 53
-1 53
-1 53
-1 53
-1 53
-1 53
-1 53
-1 53
-1 53
128 1
1 58
1 58
1 58
1 58
-1 58
-1 58
-1 58
-1 58
-1 58
-1 58
-1 58
-1 58
-1 58
-1 58
-1 58
-1 58
-1 58
-1 58
-1 58
-1 58
58 89
58 89
-1 89
-1 89
-1 89
-1 89
-1 89
-1 89
-1 89
-1 89
-1 89
-1 89
-1 89
-1 89
-1 89
-1 89
-1 89
-1 89
-1 89
-1 89
-1 89
-1 89
-1 89
-1 89
-1 89
-1 89
-1 89
-1 89
-1 89
-1 89
-1 89
-1 89
-1 89
-1 89
-1 89
-1 89
-1 89
89 140
89 140
109 31
109 31
-1 31
-1 31
-1 31
-1 31
-1 31
-1 31
-1 31
-1 31
-1 31
-1 31
-1 31
-1 31
-1 31
-1 31
-1 31
-1 31
-1 31
-1 31
-1 31
-1 31
-1 31
-1 31
-1 31
-1 31
-1 31
-1 31
-1 31
-1 31
-1 31
-1 31
-1 31
-1 31
-1 31
-1 31
-1 31
-1 31
-1 31
-1 31
-1 31
-1 31
-1 31
-1 31
-1 31
-1 31
-1 31
-1 31
-1 31
-1 31
-1 31
-1 31
-1 31
-1 31
-1 31
-1 31
-1 31
-1 31
-1 31
-1 31
-1 31
-1 31
-1 31
-1 31
-1 31
-1 31
-1 31
-1 31
-1 31
-1 31
-1 31
-1 31
-1 31
-1 31
-1 31
-1 31
-1 31
-1 31
-1 31
-1 31
-1 31
-1 31
-1 31
31 120
120 81
-1 81
-1 81
-1 81
-1 81
-1 81
-1 81
-1 81
-1 81
-1 81
-1 81
-1 81
-1 81
-1 81
-1 81
-1 81
-1 81
-1 81
-1 81
-1 81
-1 81
81 18
-1 18
-1 18
-1 18
-1 18
-1 18
-1 18
-1 18
-1 18
-1 18
-1 18
-1 18
-1 18
-1 18
-1 18
-1 18
-1 18
-1 18
-1 18
-1 18
-1 18
-1 18
-1 18
-1 18
-1 18
-1 18
-1 18
-1 18
-1 18
-1 18
-1 18
-1 18
-1 18
-1 18
-1 18
-1 18
-1 18
-1 18
-1 18
-1 18
-1 18
-1 18
-1 18
-1 18
-1 18
-1 18
-1 18
-1 18
-1 18
-1 18
-1 18
-1 18
-1 18
-1 18
-1 18
-1 18
-1 18
-1 18
-1 18
-1 18
-1 18
-1 18
-1 18
-1 18
-1 18
-1 18
-1 18
-1 18
-1 18
-1 18
-1 18
-1 18
-1 18
-1 18
-1 18
-1 18
-1 18
-1 18
-1 18
-1 18
-1 18
-1 18
-1 18
-1 18
-1 18
-1 18
-1 18
-1 18
-1 18
-1 18
-1 18
-1 18
-1 18
-1 18
90 17
-1 17
-1 17
-1 17
-1 17
-1 17
-1 17
-1 17
-1 17
-1 17
-1 17
-1 17
-1 17
-1 17
-1 17
-1 17
-1 17
-1 17
-1 17
-1 17
-1 17
-1 17
-1 17
-1 17
-1 17
-1 17
-1 17
-1 17
-1 17
-1 17
-1 17
-1 17
-1 17
-1 17
-1 17
-1 17
-1 17
-1 17
-1 17
-1 17
-1 17
-1 17
-1 17
-1 17
-1 17
-1 17
-1 17
-1 17
-1 17
-1 17
-1 17
-1 17
-1 17
-1 17
-1 17
-1 17
-1 17
-1 17
-1 17
-1 17
-1 17
-1 17
-1 17
-1 17
-1 17
-1 17
-1 17
-1 17
-1 17
-1 17
-1 17
-1 17
-1 17
-1 17
-1 17
-1 17
-1 17
-1 17
-1 17
-1 17
-1 17
-1 17
-1 17
-1 17
-1 17
-1 17
-1 17
-1 17
-1 17
-1 17
-1 17
-1 17
17 78
18 40
18 40
18 40
-1 40
-1 40
-1 40
-1 40
-1 40
-1 40
-1 40
-1 40
-1 40
-1 40
-1 40
-1 40
-1 40
-1 40
-1 40
-1 40
-1 40
-1 40
-1 40
-1 40
-1 40
-1 40
-1 40
-1 40
-1 40
-1 40
-1 40
-1 40
-1 40
-1 40
-1 40
-1 40
-1 40
-1 40
-1 40
-1 40
-1 40
-1 40
-1 40
-1 40
-1 40
-1 40
-1 40
-1 40
-1 40
-1 40
-1 40
-1 40
-1 40
-1 40
-1 40
-1 40
-1 40
-1 40
1 146
1 146
16 100
148 14
160 141
160 141
88 141
88 141
88 141
-1 141
-1 141
-1 141
-1 141
-1 141
-1 141
-1 141
-1 141
-1 141
-1 141
-1 141
-1 141
-1 141
-1 141
-1 141
-1 141
-1 141
-1 141
-1 141
-1 141
-1 141
-1 141
-1 141
-1 141
-1 141
-1 141
-1 141
-1 141
-1 141
-1 141
-1 141
-1 141
-1 141
-1 141
-1 141
-1 141
-1 141
-1 141
-1 141
-1 141
-1 141
-1 141
-1 141
-1 141
-1 141
-1 141
-1 141
-1 141
-1 141
-1 141
-1 141
-1 141
-1 141
-1 141
-1 141
-1 141
-1 141
-1 141
-1 141
-1 141
-1 141
-1 141
-1 141
-1 141
-1 141
-1 141
-1 141
-1 141
-1 141
-1 141
-1 141
-1 141
-1 141
-1 141
-1 141
-1 141
-1 141
141 146
-1 146
-1 146
-1 146
-1 146
-1 146
-1 146
-1 146
-1 146
-1 146
-1 146
-1 146
-1 146
-1 146
-1 146
-1 146
-1 146
-1 146
-1 146
-1 146
-1 146
-1 146
-1 146
-1 146
-1 146
-1 146
-1 146
-1 146
39 197
39 197
39 197
-1 197
-1 197
-1 197
-1 197
-1 197
-1 197
-1 197
-1 197
-1 197
-1 197
-1 197
-1 197
-1 197
-1 197
-1 197
-1 197
-1 197
-1 197
-1 197
-1 197
-1 197
-1 197
-1 197
-1 197
-1 197
-1 197
-1 197
-1 197
-1 197
-1 197
-1 197
-1 197
-1 197
-1 197
-1 197
-1 197
-1 197
-1 197
-1 197
-1 197
-1 197
-1 197
-1 197
-1 197
-1 197
-1 197
-1 197
-1 197
-1 197
-1 197
-1 197
-1 197
-1 197
-1 197
-1 197
-1 197
-1 197
-1 197
-1 197
-1 197
-1 197
-1 197
-1 197
-1 197
-1 197
-1 197
-1 197
-1 197
-1 197
-1 197
-1 197
-1 197
197 7
197 7
197 7
-1 7
-1 7
-1 7
-1 7
-1 7
-1 7
-1 7
-1 7
-1 7
-1 7
-1 7
-1 7
-1 7
-1 7
-1 7
-1 7
-1 7
-1 7
-1 7
-1 7
-1 7
-1 7
-1 7
-1 7
-1 7
-1 7
-1 7
-1 7
-1 7
-1 7
-1 7
-1 7
-1 7
-1 7
-1 7
7 122
152 20
-1 20
-1 20
-1 20
-1 20
-1 20
-1 20
-1 20
-1 20
-1 20
-1 20
-1 20
-1 20
-1 20
-1 20
-1 20
-1 20
-1 20
-1 20
-1 20
-1 20
-1 20
-1 20
-1 20
-1 20
-1 20
-1 20
-1 20
-1 20
-1 20
-1 20
-1 20
-1 20
-1 20
-1 20
-1 20
-1 20
-1 20
-1 20
-1 20
-1 20
-1 20
-1 20
-1 20
-1 20
-1 20
-1 20
-1 20
-1 20
-1 20
-1 20
-1 20
-1 20
-1 20
20 65
20 65
176 33
39 116
192 153
192 153
192 153
192 153
-1 153
-1 153
-1 153
-1 153
-1 153
-1 153
-1 153
-1 153
-1 153
-1 153
-1 153
-1 153
-1 153
-1 153
-1 153
-1 153
-1 153
-1 153
-1 153
-1 153
-1 153
-1 153
-1 153
-1 153
-1 153
-1 153
-1 153
-1 153
-1 153
-1 153
-1 153
-1 153
-1 153
-1 153
-1 153
-1 153
-1 153
-1 153
-1 153
-1 153
-1 153
-1 153
-1 153
-1 153
-1 153
-1 153
-1 153
-1 153
-1 153
-1 153
-1 153
-1 153
-1 153
-1 153
-1 153
-1 153
-1 153
-1 153
-1 153
-1 153
-1 153
-1 153
-1 153
-1 153
-1 153
153 142
142 95
-1 95
-1 95
-1 95
-1 95
-1 95
-1 95
-1 95
-1 95
-1 95
-1 95
-1 95
-1 95
-1 95
-1 95
-1 95
-1 95
-1 95
-1 95
-1 95
-1 95
-1 95
-1 95
-1 95
-1 95
-1 95
-1 95
-1 95
-1 95
-1 95
-1 95
-1 95
-1 95
-1 95
-1 95
-1 95
-1 95
-1 95
-1 95
-1 95
-1 95
-1 95
-1 95
-1 95
-1 95
-1 95
153 177
-1 177
-1 177
-1 177
-1 177
-1 177
-1 177
-1 177
-1 177
-1 177
-1 177
-1 177
-1 177
-1 177
-1 177
-1 177
-1 177
-1 177
-1 177
-1 177
-1 177
-1 177
-1 177
-1 177
-1 177
-1 177
-1 177
-1 177
-1 177
-1 177
-1 177
-1 177
-1 177
-1 177
-1 177
-1 177
-1 177
-1 177
-1 177
-1 177
-1 177
-1 177
-1 177
-1 177
-1 177
-1 177
-1 177
-1 177
-1 177
-1 177
-1 177
-1 177
-1 177
-1 177
-1 177
-1 177
-1 177
-1 177
-1 177
-1 177
-1 177
177 77
177 77
-1 77
-1 77
-1 77
-1 77
-1 77
-1 77
-1 77
-1 77
-1 77
-1 77
-1 77
-1 77
-1 77
-1 77
-1 77
-1 77
-1 77
-1 77
-1 77
-1 77
-1 77
-1 77
-1 77
-1 77
-1 77
-1 77
-1 77
-1 77
-1 77
-1 77
-1 77
-1 77
153 147
153 147
177 94
177 94
95 94
95 94
95 94
-1 94
-1 94
-1 94
-1 94
-1 94
-1 94
-1 94
-1 94
-1 94
-1 94
-1 94
-1 94
-1 94
-1 94
-1 94
-1 94
-1 94
-1 94
-1 94
-1 94
-1 94
-1 94
-1 94
-1 94
-1 94
-1 94
-1 94
-1 94
-1 94
-1 94
-1 94
-1 94
77 111
79 36
-1 36
-1 36
-1 36
-1 36
-1 36
-1 36
-1 36
-1 36
-1 36
-1 36
-1 36
-1 36
-1 36
-1 36
-1 36
-1 36
-1 36
-1 36
-1 36
-1 36
-1 36
-1 36
-1 36
-1 36
-1 36
-1 36
-1 36
-1 36
-1 36
-1 36
-1 36
-1 36
-1 36
-1 36
-1 36
-1 36
36 29
-1 29
-1 29
-1 29
-1 29
-1 29
-1 29
-1 29
-1 29
-1 29
-1 29
-1 29
-1 29
-1 29
-1 29
-1 29
-1 29
-1 29
-1 29
-1 29
-1 29
-1 29
-1 29
-1 29
-1 29
-1 29
-1 29
-1 29
-1 29
-1 29
-1 29
-1 29
-1 29
-1 29
-1 29
-1 29
-1 29
-1 29
-1 29
-1 29
-1 29
-1 29
-1 29
-1 29
-1 29
-1 29
-1 29
-1 29
29 41
41 183
-1 183
-1 183
-1 183
-1 183
-1 183
-1 183
-1 183
-1 183
-1 183
-1 183
-1 183
-1 183
-1 183
-1 183
-1 183
-1 183
-1 183
-1 183
-1 183
-1 183
-1 183
-1 183
-1 183
-1 183
-1 183
-1 183
-1 183
-1 183
-1 183
-1 183
-1 183
-1 183
-1 183
-1 183
-1 183
-1 183
-1 183
-1 183
-1 183
-1 183
-1 183
-1 183
-1 183
-1 183
-1 183
-1 183
-1 183
-1 183
-1 183
-1 183
-1 183
-1 183
-1 183
-1 183
-1 183
-1 183
-1 183
-1 183
-1 183
-1 183
-1 183
-1 183
-1 183
-1 183
41 2
2 138
2 138
-1 138
-1 138
-1 138
-1 138
-1 138
-1 138
-1 138
-1 138
-1 138
-1 138
-1 138
-1 138
-1 138
-1 138
-1 138
-1 138
-1 138
-1 138
-1 138
-1 138
-1 138
-1 138
-1 138
-1 138
-1 138
-1 138
-1 138
-1 138
-1 138
-1 138
-1 138
-1 138
-1 138
-1 138
-1 138
-1 138
-1 138
-1 138
-1 138
-1 138
-1 138
-1 138
-1 138
-1 138
-1 138
-1 138
-1 138
-1 138
-1 138
-1 138
-1 138
-1 138
-1 138
-1 138
-1 138
-1 138
-1 138
-1 138
-1 138
-1 138
-1 138
-1 138
-1 138
-1 138
-1 138
-1 138
-1 138
-1 138
-1 138
-1 138
-1 138
-1 138
-1 138
-1 138
-1 138
-1 138
-1 138
-1 138
-1 138
-1 138
-1 138
-1 138
-1 138
-1 138
-1 138
29 32
29 32
29 32
29 32
138 74
138 74
138 74
-1 74
-1 74
-1 74
-1 74
-1 74
-1 74
-1 74
-1 74
-1 74
-1 74
-1 74
-1 74
-1 74
-1 74
-1 74
-1 74
-1 74
-1 74
-1 74
-1 74
-1 74
-1 74
-1 74
-1 74
-1 74
-1 74
-1 74
-1 74
-1 74
-1 74
-1 74
-1 74
-1 74
-1 74
-1 74
-1 74
-1 74
-1 74
-1 74
-1 74
-1 74
-1 74
-1 74
-1 74
-1 74
-1 74
-1 74
-1 74
-1 74
-1 74
-1 74
-1 74
-1 74
-1 74
-1 74
-1 74
-1 74
-1 74
-1 74
-1 74
-1 74
-1 74
-1 74
-1 74
-1 74
-1 74
-1 74
-1 74
-1 74
-1 74
-1 74
-1 74
-1 74
-1 74
-1 74
-1 74
-1 74
-1 74
-1 74
-1 74
-1 74
-1 74
-1 74
-1 74
-1 74
-1 74
-1 74
-1 74
-1 74
-1 74
-1 74
74 184
74 184
-1 184
-1 184
-1 184
-1 184
-1 184
-1 184
-1 184
-1 184
-1 184
-1 184
-1 184
-1 184
-1 184
74 55
74 13
183 115
-1 115
-1 115
-1 115
-1 115
-1 115
115 45
-1 45
-1 45
-1 45
-1 45
-1 45
-1 45
-1 45
-1 45
-1 45
-1 45
-1 45
-1 45
-1 45
-1 45
-1 45
-1 45
-1 45
-1 45
-1 45
-1 45
-1 45
-1 45
-1 45
-1 45
-1 45
-1 45
-1 45
-1 45
-1 45
-1 45
-1 45
-1 45
-1 45
-1 45
-1 45
-1 45
-1 45
-1 45
-1 45
-1 45
-1 45
-1 45
-1 45
-1 45
-1 45
-1 45
-1 45
-1 45
-1 45
-1 45
-1 45
-1 45
-1 45
-1 45
-1 45
-1 45
-1 45
-1 45
-1 45
-1 45
-1 45
-1 45
-1 45
-1 45
115 165
2 125
2 125
2 125
138 50
-1 50
-1 50
-1 50
-1 50
-1 50
-1 50
-1 50
-1 50
-1 50
-1 50
-1 50
-1 50
-1 50
-1 50
-1 50
-1 50
-1 50
-1 50
-1 50
-1 50
-1 50
-1 50
-1 50
-1 50
-1 50
-1 50
-1 50
-1 50
-1 50
-1 50
-1 50
-1 50
-1 50
-1 50
-1 50
-1 50
-1 50
-1 50
-1 50
-1 50
-1 50
-1 50
-1 50
-1 50
-1 50
-1 50
-1 50
-1 50
-1 50
-1 50
-1 50
-1 50
-1 50
-1 50
-1 50
-1 50
-1 50
-1 50
-1 50
-1 50
-1 50
-1 50
-1 50
-1 50
-1 50
-1 50
-1 50
-1 50
-1 50
-1 50
-1 50
-1 50
-1 50
50 161
50 161
55 117
-1 117
-1 117
-1 117
-1 117
-1 117
-1 117
-1 117
-1 117
-1 117
-1 117
-1 117
-1 117
-1 117
-1 117
-1 117
-1 117
-1 117
-1 117
-1 117
-1 117
-1 117
-1 117
117 170
117 170
117 170
117 170
117 170
-1 170
-1 170
-1 170
-1 170
-1 170
-1 170
-1 170
-1 170
-1 170
-1 170
-1 170
-1 170
-1 170
-1 170
-1 170
-1 170
-1 170
-1 170
-1 170
-1 170
-1 170
-1 170
-1 170
-1 170
-1 170
-1 170
-1 170
-1 170
-1 170
-1 170
-1 170
-1 170
-1 170
-1 170
-1 170
-1 170
-1 170
-1 170
170 76
76 122
170 35
170 35
170 35
-1 35
-1 35
-1 35
-1 35
-1 35
-1 35
-1 35
-1 35
-1 35
-1 35
-1 35
-1 35
-1 35
-1 35
-1 35
-1 35
-1 35
-1 35
-1 35
-1 35
-1 35
-1 35
-1 35
-1 35
-1 35
-1 35
-1 35
-1 35
-1 35
-1 35
-1 35
-1 35
-1 35
-1 35
-1 35
-1 35
-1 35
-1 35
-1 35
-1 35
-1 35
-1 35
-1 35
-1 35
-1 35
-1 35
-1 35
-1 35
-1 35
-1 35
-1 35
-1 35
-1 35
-1 35
-1 35
-1 35
35 107
35 107
-1 107
-1 107
-1 107
-1 107
-1 107
-1 107
-1 107
-1 107
-1 107
-1 107
-1 107
-1 107
-1 107
-1 107
-1 107
-1 107
-1 107
-1 107
-1 107
-1 107
-1 107
-1 107
-1 107
-1 107
-1 107
-1 107
-1 107
-1 107
-1 107
-1 107
-1 107
-1 107
-1 107
-1 107
-1 107
-1 107
-1 107
-1 107
-1 107
-1 107
-1 107
-1 107
-1 107
-1 107
-1 107
-1 107
-1 107
-1 107
-1 107
-1 107
-1 107
-1 107
-1 107
-1 107
-1 107
-1 107
-1 107
-1 107
-1 107
-1 107
-1 107
-1 107
-1 107
-1 107
-1 107
-1 107
-1 107
-1 107
-1 107
-1 107
-1 107
-1 107
-1 107
-1 107
-1 107
-1 107
-1 107
-1 107
-1 107
-1 107
-1 107
-1 107
-1 107
-1 107
-1 107
-1 107
-1 107
107 23
-1 23
-1 23
-1 23
-1 23
-1 23
-1 23
-1 23
-1 23
-1 23
-1 23
-1 23
-1 23
-1 23
-1 23
-1 23
-1 23
-1 23
-1 23
-1 23
-1 23
-1 23
-1 23
-1 23
-1 23
-1 23
-1 23
-1 23
-1 23
-1 23
-1 23
-1 23
-1 23
-1 23
-1 23
-1 23
-1 23
-1 23
-1 23
-1 23
-1 23
-1 23
-1 23
-1 23
-1 23
-1 23
-1 23
-1 23
-1 23
-1 23
-1 23
-1 23
-1 23
-1 23
-1 23
-1 23
-1 23
-1 23
-1 23
-1 23
-1 23
23 67
76 96
170 51
107 84
107 84
107 84
-1 84
-1 84
-1 84
-1 84
-1 84
-1 84
-1 84
-1 84
-1 84
-1 84
-1 84
51 22
-1 22
-1 22
-1 22
-1 22
-1 22
-1 22
-1 22
-1 22
-1 22
-1 22
-1 22
-1 22
-1 22
-1 22
-1 22
-1 22
-1 22
-1 22
-1 22
-1 22
-1 22
-1 22
-1 22
-1 22
-1 22
-1 22
-1 22
-1 22
-1 22
-1 22
-1 22
-1 22
-1 22
-1 22
-1 22
-1 22
-1 22
-1 22
-1 22
-1 22
-1 22
-1 22
-1 22
-1 22
-1 22
-1 22
-1 22
-1 22
-1 22
-1 22
-1 22
-1 22
-1 22
-1 22
-1 22
-1 22
-1 22
-1 22
-1 22
-1 22
-1 22
-1 22
-1 22
-1 22
-1 22
-1 22
-1 22
-1 22
-1 22
-1 22
-1 22
-1 22
-1 22
-1 22
-1 22
-1 22
-1 22
-1 22
-1 22
-1 22
-1 22
-1 22
-1 22
-1 22
-1 22
-1 22
-1 22
-1 22
-1 22
-1 22
-1 22
-1 22
-1 22
-1 22
-1 22
-1 22
22 12
22 12
22 12
22 12
-1 12
-1 12
-1 12
-1 12
-1 12
-1 12
-1 12
-1 12
-1 12
-1 12
-1 12
-1 12
-1 12
-1 12
-1 12
-1 12
-1 12
-1 12
-1 12
-1 12
-1 12
-1 12
-1 12
-1 12
-1 12
-1 12
-1 12
-1 12
-1 12
-1 12
-1 12
-1 12
-1 12
-1 12
-1 12
-1 12
-1 12
-1 12
-1 12
-1 12
-1 12
-1 12
-1 12
-1 12
-1 12
-1 12
-1 12
-1 12
-1 12
-1 12
-1 12
-1 12
-1 12
-1 12
-1 12
-1 12
-1 12
-1 12
-1 12
-1 12
-1 12
-1 12
-1 12
-1 12
-1 12
-1 12
-1 12
-1 12
-1 12
-1 12
-1 12
-1 12
-1 12
-1 12
-1 12
-1 12
-1 12
-1 12
-1 12
-1 12
-1 12
-1 12
-1 12
-1 12
-1 12
-1 12
-1 12
-1 12
-1 12
45 134
45 134
-1 134
-1 134
-1 134
-1 134
-1 134
-1 134
-1 134
-1 134
-1 134
-1 134
-1 134
-1 134
-1 134
-1 134
-1 134
-1 134
-1 134
-1 134
-1 134
-1 134
-1 134
-1 134
-1 134
-1 134
-1 134
-1 134
-1 134
-1 134
-1 134
-1 134
-1 134
-1 134
-1 134
-1 134
-1 134
-1 134
-1 134
-1 134
-1 134
23 100
23 100
-1 100
-1 100
-1 100
-1 100
-1 100
-1 100
-1 100
-1 100
-1 100
-1 100
-1 100
-1 100
-1 100
-1 100
-1 100
-1 100
-1 100
-1 100
-1 100
-1 100
-1 100
-1 100
-1 100
-1 100
-1 100
-1 100
-1 100
-1 100
-1 100
-1 100
-1 100
-1 100
-1 100
-1 100
-1 100
-1 100
-1 100
-1 100
-1 100
-1 100
-1 100
-1 100
-1 100
-1 100
-1 100
-1 100
-1 100
-1 100
-1 100
-1 100
-1 100
-1 100
-1 100
-1 100
-1 100
-1 100
-1 100
-1 100
-1 100
-1 100
-1 100
-1 100
-1 100
-1 100
-1 100
-1 100
100 136
136 162
136 162
136 191
136 191
-1 191
-1 191
-1 191
-1 191
-1 191
-1 191
-1 191
-1 191
-1 191
-1 191
-1 191
-1 191
-1 191
-1 191
-1 191
-1 191
-1 191
-1 191
-1 191
-1 191
-1 191
-1 191
-1 191
-1 191
-1 191
-1 191
-1 191
-1 191
-1 191
-1 191
-1 191
-1 191
-1 191
-1 191
-1 191
-1 191
-1 191
-1 191
-1 191
-1 191
-1 191
-1 191
-1 191
-1 191
-1 191
-1 191
-1 191
-1 191
-1 191
-1 191
-1 191
-1 191
-1 191
-1 191
-1 191
-1 191
-1 191
-1 191
-1 191
-1 191
-1 191
-1 191
-1 191
-1 191
-1 191
-1 191
-1 191
-1 191
-1 191
-1 191
-1 191
-1 191
-1 191
-1 191
-1 191
-1 191
-1 191
-1 191
-1 191
-1 191
-1 191
-1 191
-1 191
-1 191
-1 191
-1 191
-1 191
-1 191
-1 191
191 27
191 27
-1 27
-1 27
-1 27
-1 27
-1 27
-1 27
-1 27
-1 27
-1 27
-1 27
-1 27
-1 27
-1 27
-1 27
-1 27
-1 27
-1 27
-1 27
-1 27
-1 27
-1 27
-1 27
-1 27
-1 27
-1 27
-1 27
-1 27
-1 27
-1 27
-1 27
-1 27
-1 27
-1 27
-1 27
-1 27
-1 27
-1 27
-1 27
-1 27
-1 27
-1 27
-1 27
-1 27
-1 27
-1 27
-1 27
-1 27
-1 27
-1 27
-1 27
-1 27
-1 27
-1 27
-1 27
-1 27
-1 27
-1 27
-1 27
-1 27
-1 27
-1 27
-1 27
-1 27
-1 27
-1 27
-1 27
-1 27
-1 27
-1 27
-1 27
-1 27
-1 27
-1 27
-1 27
-1 27
-1 27
-1 27
-1 27
-1 27
-1 27
-1 27
-1 27
-1 27
-1 27
-1 27
-1 27
-1 27
-1 27
-1 27
-1 27
-1 27
27 44
44 57
-1 57
-1 57
-1 57
-1 57
-1 57
-1 57
-1 57
-1 57
-1 57
-1 57
-1 57
-1 57
-1 57
-1 57
-1 57
-1 57
-1 57
-1 57
-1 57
-1 57
-1 57
-1 57
-1 57
-1 57
-1 57
-1 57
-1 57
-1 57
-1 57
-1 57
-1 57
-1 57
-1 57
-1 57
-1 57
-1 57
-1 57
-1 57
-1 57
-1 57
-1 57
-1 57
-1 57
-1 57
-1 57
-1 57
-1 57
-1 57
-1 57
-1 57
-1 57
-1 57
-1 57
100 111
-1 111
-1 111
-1 111
-1 111
111 106
111 106
111 164
111 158
100 59
100 59
138 24
90 159
90 159
90 159
-1 159
-1 159
-1 159
-1 159
-1 159
-1 159
-1 159
-1 159
-1 159
-1 159
-1 159
-1 159
-1 159
-1 159
-1 159
-1 159
-1 159
-1 159
-1 159
-1 159
-1 159
-1 159
-1 159
-1 159
-1 159
-1 159
-1 159
-1 159
-1 159
-1 159
-1 159
-1 159
-1 159
-1 159
-1 159
-1 159
-1 159
-1 159
-1 159
-1 159
-1 159
-1 159
-1 159
-1 159
-1 159
-1 159
-1 159
-1 159
-1 159
-1 159
-1 159
-1 159
-1 159
-1 159
-1 159
-1 159
-1 159
-1 159
-1 159
-1 159
-1 159
-1 159
-1 159
-1 159
-1 159
-1 159
-1 159
-1 159
-1 159
-1 159
-1 159
-1 159
-1 159
-1 159
-1 159
-1 159
-1 159
-1 159
-1 159
-1 159
-1 159
-1 159
-1 159
-1 159
-1 159
-1 159
-1 159
-1 159
-1 159
-1 159
-1 159
-1 159
-1 159
-1 159
-1 159
-1 159
-1 159
-1 159
-1 159
142 189
142 189
142 189
-1 189
-1 189
-1 189
-1 189
-1 189
-1 189
-1 189
-1 189
-1 189
-1 189
-1 189
-1 189
-1 189
-1 189
-1 189
-1 189
-1 189
-1 189
-1 189
-1 189
-1 189
-1 189
-1 189
-1 189
-1 189
-1 189
-1 189
-1 189
-1 189
-1 189
-1 189
-1 189
-1 189
-1 189
-1 189
-1 189
-1 189
-1 189
27 13
27 13
131 46
131 46
-1 46
-1 46
-1 46
-1 46
-1 46
-1 46
-1 46
-1 46
-1 46
-1 46
-1 46
-1 46
-1 46
-1 46
-1 46
-1 46
-1 46
-1 46
-1 46
-1 46
-1 46
-1 46
-1 46
-1 46
-1 46
-1 46
-1 46
-1 46
-1 46
-1 46
-1 46
-1 46
-1 46
-1 46
-1 46
-1 46
-1 46
-1 46
-1 46
-1 46
-1 46
-1 46
-1 46
-1 46
-1 46
-1 46
-1 46
-1 46
-1 46
-1 46
-1 46
-1 46
-1 46
-1 46
-1 46
-1 46
-1 46
-1 46
-1 46
-1 46
-1 46
-1 46
-1 46
-1 46
-1 46
-1 46
-1 46
-1 46
-1 46
-1 46
-1 46
-1 46
-1 46
-1 46
-1 46
-1 46
-1 46
-1 46
-1 46
-1 46
-1 46
-1 46
-1 46
-1 46
-1 46
-1 46
-1 46
-1 46
-1 46
-1 46
-1 46
-1 46
-1 46
-1 46
-1 46
46 186
46 47
46 116
-1 116
-1 116
-1 116
-1 116
-1 116
-1 116
-1 116
-1 116
-1 116
-1 116
-1 116
-1 116
-1 116
-1 116
-1 116
-1 116
-1 116
-1 116
-1 116
-1 116
-1 116
-1 116
-1 116
-1 116
-1 116
-1 116
-1 116
-1 116
116 114
-1 114
-1 114
-1 114
-1 114
-1 114
-1 114
-1 114
-1 114
-1 114
-1 114
-1 114
-1 114
-1 114
-1 114
-1 114
-1 114
-1 114
-1 114
-1 114
-1 114
-1 114
-1 114
-1 114
-1 114
-1 114
-1 114
116 92
114 33
-1 33
-1 33
-1 33
-1 33
-1 33
-1 33
-1 33
-1 33
-1 33
-1 33
-1 33
-1 33
-1 33
-1 33
-1 33
-1 33
-1 33
-1 33
-1 33
-1 33
-1 33
-1 33
-1 33
-1 33
-1 33
-1 33
-1 33
-1 33
-1 33
-1 33
-1 33
-1 33
-1 33
-1 33
-1 33
-1 33
-1 33
-1 33
-1 33
-1 33
-1 33
-1 33
-1 33
-1 33
-1 33
-1 33
-1 33
-1 33
-1 33
-1 33
-1 33
-1 33
-1 33
-1 33
-1 33
-1 33
-1 33
-1 33
-1 33
-1 33
-1 33
-1 33
-1 33
-1 33
-1 33
-1 33
-1 33
-1 33
-1 33
-1 33
-1 33
-1 33
-1 33
-1 33
-1 33
-1 33
-1 33
-1 33
-1 33
-1 33
-1 33
-1 33
-1 33
-1 33
-1 33
-1 33
-1 33
-1 33
-1 33
33 98
98 83
47 150
47 150
-1 150
-1 150
-1 150
-1 150
-1 150
-1 150
-1 150
-1 150
-1 150
-1 150
-1 150
-1 150
-1 150
-1 150
-1 150
-1 150
-1 150
-1 150
-1 150
-1 150
-1 150
-1 150
-1 150
-1 150
-1 150
-1 150
-1 150
-1 150
-1 150
-1 150
-1 150
-1 150
-1 150
-1 150
-1 150
-1 150
-1 150
-1 150
-1 150
-1 150
-1 150
-1 150
-1 150
-1 150
-1 150
-1 150
-1 150
-1 150
-1 150
-1 150
-1 150
-1 150
-1 150
-1 150
-1 150
-1 150
-1 150
-1 150
-1 150
-1 150
-1 150
-1 150
-1 150
-1 150
-1 150
-1 150
-1 150
-1 150
-1 150
-1 150
-1 150
-1 150
-1 150
-1 150
-1 150
-1 150
-1 150
-1 150
-1 150
-1 150
-1 150
-1 150
-1 150
-1 150
-1 150
-1 150
-1 150
-1 150
-1 150
116 92
116 59
-1 59
-1 59
-1 59
-1 59
-1 59
-1 59
-1 59
-1 59
-1 59
-1 59
-1 59
-1 59
47 112
47 112
47 112
47 112
59 96
59 96
-1 96
-1 96
-1 96
-1 96
-1 96
-1 96
-1 96
-1 96
-1 96
-1 96
-1 96
-1 96
-1 96
-1 96
-1 96
-1 96
-1 96
-1 96
-1 96
-1 96
-1 96
-1 96
-1 96
-1 96
-1 96
-1 96
-1 96
-1 96
-1 96
-1 96
-1 96
-1 96
-1 96
59 156
59 156
59 156
63 34
63 34
63 34
180 105
180 105
180 105
180 105
180 105
180 105
-1 105
-1 105
-1 105
-1 105
-1 105
-1 105
-1 105
-1 105
-1 105
-1 105
-1 105
-1 105
-1 105
-1 105
-1 105
-1 105
-1 105
-1 105
-1 105
-1 105
-1 105
-1 105
-1 105
-1 105
-1 105
-1 105
-1 105
-1 105
-1 105
-1 105
-1 105
-1 105
-1 105
-1 105
-1 105
-1 105
-1 105
-1 105
-1 105
-1 105
-1 105
-1 105
-1 105
-1 105
-1 105
-1 105
-1 105
-1 105
-1 105
-1 105
-1 105
-1 105
-1 105
-1 105
-1 105
-1 105
-1 105
-1 105
-1 105
-1 105
-1 105
-1 105
-1 105
-1 105
-1 105
-1 105
-1 105
-1 105
-1 105
-1 105
-1 105
-1 105
-1 105
-1 105
-1 105
-1 105
-1 105
-1 105
-1 105
-1 105
-1 105
-1 105
-1 105
-1 105
-1 105
-1 105
-1 105
-1 105
-1 105
-1 105
123 126
35 72
35 72
-1 72
-1 72
-1 72
-1 72
-1 72
-1 72
-1 72
-1 72
-1 72
-1 72
-1 72
-1 72
-1 72
-1 72
-1 72
-1 72
-1 72
-1 72
-1 72
-1 72
-1 72
-1 72
-1 72
-1 72
-1 72
-1 72
-1 72
-1 72
-1 72
-1 72
-1 72
-1 72
-1 72
-1 72
-1 72
-1 72
-1 72
-1 72
-1 72
-1 72
-1 72
-1 72
-1 72
-1 72
-1 72
-1 72
-1 72
-1 72
-1 72
-1 72
-1 72
-1 72
-1 72
-1 72
72 165
72 165
-1 165
-1 165
-1 165
-1 165
-1 165
-1 165
-1 165
-1 165
-1 165
-1 165
-1 165
-1 165
-1 165
-1 165
-1 165
-1 165
-1 165
-1 165
-1 165
-1 165
-1 165
-1 165
-1 165
-1 165
-1 165
-1 165
-1 165
-1 165
-1 165
-1 165
-1 165
-1 165
-1 165
-1 165
-1 165
-1 165
-1 165
-1 165
-1 165
-1 165
-1 165
-1 165
-1 165
-1 165
-1 165
-1 165
-1 165
-1 165
-1 165
-1 165
-1 165
-1 165
-1 165
-1 165
-1 165
-1 165
-1 165
-1 165
-1 165
-1 165
-1 165
-1 165
-1 165
165 21
165 21
21 171
21 171
21 171
-1 171
-1 171
-1 171
-1 171
-1 171
-1 171
-1 171
-1 171
-1 171
-1 171
-1 171
-1 171
-1 171
-1 171
-1 171
-1 171
-1 171
-1 171
-1 171
-1 171
-1 171
-1 171
-1 171
-1 171
-1 171
-1 171
-1 171
-1 171
-1 171
-1 171
-1 171
-1 171
-1 171
-1 171
-1 171
-1 171
-1 171
-1 171
-1 171
-1 171
-1 171
-1 171
-1 171
-1 171
-1 171
-1 171
-1 171
-1 171
-1 171
-1 171
-1 171
-1 171
-1 171
-1 171
-1 171
-1 171
-1 171
-1 171
-1 171
-1 171
-1 171
-1 171
-1 171
-1 171
-1 171
-1 171
-1 171
-1 171
-1 171
-1 171
-1 171
-1 171
-1 171
-1 171
-1 171
-1 171
-1 171
-1 171
-1 171
-1 171
-1 171
-1 171
-1 171
-1 171
-1 171
-1 171
-1 171
-1 171
-1 171
-1 171
-1 171
-1 171
-1 171
-1 171
21 101
21 101
135 42
57 139
-1 139
-1 139
-1 139
-1 139
-1 139
-1 139
-1 139
-1 139
-1 139
-1 139
-1 139
-1 139
-1 139
-1 139
-1 139
-1 139
-1 139
-1 139
-1 139
-1 139
-1 139
-1 139
-1 139
-1 139
-1 139
-1 139
-1 139
-1 139
-1 139
-1 139
-1 139
-1 139
-1 139
-1 139
-1 139
-1 139
-1 139
-1 139
-1 139
-1 139
-1 139
-1 139
-1 139
-1 139
-1 139
-1 139
-1 139
-1 139
-1 139
-1 139
-1 139
-1 139
-1 139
-1 139
-1 139
-1 139
-1 139
-1 139
-1 139
-1 139
-1 139
-1 139
-1 139
-1 139
116 119
84 149
144 161
-1 161
-1 161
-1 161
-1 161
-1 161
-1 161
-1 161
-1 161
-1 161
-1 161
-1 161
-1 161
-1 161
-1 161
-1 161
-1 161
-1 161
-1 161
-1 161
-1 161
-1 161
-1 161
-1 161
-1 161
-1 161
-1 161
-1 161
-1 161
-1 161
-1 161
-1 161
-1 161
-1 161
-1 161
-1 161
-1 161
-1 161
-1 161
-1 161
-1 161
-1 161
-1 161
-1 161
-1 161
-1 161
-1 161
-1 161
-1 161
-1 161
-1 161
-1 161
-1 161
-1 161
-1 161
-1 161
-1 161
-1 161
-1 161
-1 161
-1 161
-1 161
-1 161
161 91
-1 91
-1 91
-1 91
-1 91
-1 91
-1 91
-1 91
-1 91
-1 91
-1 91
-1 91
-1 91
-1 91
-1 91
-1 91
-1 91
-1 91
-1 91
-1 91
-1 91
-1 91
-1 91
-1 91
-1 91
-1 91
-1 91
-1 91
-1 91
-1 91
-1 91
-1 91
-1 91
-1 91
-1 91
-1 91
-1 91
-1 91
-1 91
-1 91
-1 91
-1 91
-1 91
-1 91
-1 91
-1 91
-1 91
-1 91
-1 91
-1 91
-1 91
-1 91
-1 91
-1 91
-1 91
-1 91
-1 91
-1 91
-1 91
-1 91
-1 91
-1 91
-1 91
-1 91
-1 91
-1 91
-1 91
-1 91
-1 91
-1 91
-1 91
-1 91
-1 91
-1 91
-1 91
-1 91
-1 91
91 182
91 182
92 83
92 83
92 83
-1 83
-1 83
-1 83
-1 83
-1 83
-1 83
-1 83
-1 83
-1 83
-1 83
-1 83
-1 83
-1 83
-1 83
-1 83
-1 83
-1 83
-1 83
-1 83
-1 83
-1 83
-1 83
-1 83
-1 83
-1 83
-1 83
-1 83
-1 83
-1 83
-1 83
-1 83
-1 83
-1 83
-1 83
-1 83
-1 83
-1 83
-1 83
-1 83
-1 83
-1 83
-1 83
-1 83
-1 83
-1 83
-1 83
-1 83
-1 83
-1 83
-1 83
-1 83
-1 83
-1 83
-1 83
-1 83
-1 83
-1 83
-1 83
-1 83
-1 83
-1 83
-1 83
-1 83
-1 83
-1 83
-1 83
-1 83
-1 83
-1 83
-1 83
-1 83
-1 83
-1 83
-1 83
-1 83
-1 83
-1 83
-1 83
-1 83
-1 83
-1 83
-1 83
-1 83
-1 83
-1 83
-1 83
-1 83
-1 83
-1 83
-1 83
-1 83
-1 83
-1 83
-1 83
-1 83
-1 83
-1 83
22 154
-1 154
-1 154
-1 154
-1 154
-1 154
-1 154
-1 154
-1 154
-1 154
-1 154
-1 154
-1 154
-1 154
-1 154
-1 154
-1 154
-1 154
-1 154
-1 154
-1 154
-1 154
-1 154
-1 154
-1 154
-1 154
-1 154
-1 154
-1 154
-1 154
-1 154
-1 154
-1 154
-1 154
-1 154
-1 154
-1 154
-1 154
-1 154
-1 154
-1 154
-1 154
-1 154
-1 154
-1 154
-1 154
-1 154
-1 154
-1 154
-1 154
-1 154
-1 154
-1 154
-1 154
-1 154
105 155
105 155
105 155
-1 155
-1 155
-1 155
-1 155
-1 155
-1 155
-1 155
-1 155
-1 155
-1 155
-1 155
-1 155
-1 155
-1 155
-1 155
-1 155
-1 155
-1 155
-1 155
-1 155
-1 155
-1 155
-1 155
-1 155
-1 155
-1 155
-1 155
-1 155
-1 155
-1 155
-1 155
-1 155
-1 155
-1 155
-1 155
-1 155
-1 155
-1 155
-1 155
-1 155
-1 155
-1 155
-1 155
-1 155
155 119
162 113
162 113
159 124
159 124
159 124
159 124
-1 124
-1 124
-1 124
-1 124
-1 124
-1 124
-1 124
-1 124
-1 124
-1 124
-1 124
-1 124
-1 124
-1 124
-1 124
-1 124
-1 124
-1 124
-1 124
-1 124
-1 124
-1 124
-1 124
-1 124
-1 124
-1 124
-1 124
-1 124
-1 124
-1 124
-1 124
-1 124
-1 124
-1 124
-1 124
-1 124
-1 124
-1 124
-1 124
-1 124
-1 124
-1 124
-1 124
-1 124
-1 124
-1 124
-1 124
-1 124
-1 124
-1 124
-1 124
-1 124
-1 124
-1 124
-1 124
-1 124
-1 124
-1 124
-1 124
-1 124
-1 124
-1 124
-1 124
-1 124
-1 124
-1 124
-1 124
-1 124
-1 124
-1 124
-1 124
-1 124
-1 124
-1 124
-1 124
-1 124
-1 124
-1 124
-1 124
-1 124
-1 124
-1 124
-1 124
-1 124
-1 124
-1 124
-1 124
-1 124
-1 124
-1 124
-1 124
-1 124
-1 124
-1 124
-1 124
-1 124
124 175
124 175
-1 175
-1 175
-1 175
-1 175
-1 175
-1 175
-1 175
-1 175
-1 175
-1 175
-1 175
-1 175
-1 175
-1 175
-1 175
-1 175
-1 175
-1 175
-1 175
-1 175
-1 175
-1 175
-1 175
-1 175
-1 175
-1 175
-1 175
-1 175
-1 175
-1 175
-1 175
-1 175
189 3
189 3
189 3
189 3
189 3
33 42
33 42
33 42
36 178
36 178
36 178
36 178
36 178
-1 178
-1 178
-1 178
-1 178
-1 178
-1 178
-1 178
-1 178
-1 178
-1 178
-1 178
-1 178
-1 178
-1 178
-1 178
-1 178
-1 178
-1 178
-1 178
-1 178
-1 178
-1 178
-1 178
-1 178
-1 178
-1 178
-1 178
-1 178
-1 178
-1 178
-1 178
-1 178
-1 178
-1 178
-1 178
-1 178
-1 178
-1 178
-1 178
-1 178
-1 178
-1 178
-1 178
-1 178
-1 178
-1 178
-1 178
-1 178
-1 178
-1 178
-1 178
-1 178
178 173
-1 173
-1 173
-1 173
-1 173
-1 173
-1 173
-1 173
-1 173
-1 173
-1 173
-1 173
-1 173
-1 173
-1 173
-1 173
-1 173
-1 173
-1 173
-1 173
-1 173
-1 173
-1 173
-1 173
-1 173
-1 173
-1 173
-1 173
-1 173
-1 173
-1 173
-1 173
-1 173
-1 173
-1 173
-1 173
173 19
-1 19
-1 19
-1 19
-1 19
-1 19
-1 19
-1 19
-1 19
-1 19
-1 19
-1 19
-1 19
-1 19
-1 19
-1 19
-1 19
-1 19
-1 19
-1 19
-1 19
-1 19
-1 19
-1 19
-1 19
-1 19
-1 19
-1 19
-1 19
-1 19
-1 19
-1 19
-1 19
-1 19
-1 19
-1 19
-1 19
-1 19
-1 19
-1 19
-1 19
-1 19
-1 19
-1 19
-1 19
-1 19
-1 19
-1 19
-1 19
-1 19
-1 19
-1 19
-1 19
-1 19
-1 19
-1 19
-1 19
-1 19
-1 19
-1 19
-1 19
-1 19
-1 19
-1 19
-1 19
-1 19
-1 19
-1 19
-1 19
-1 19
-1 19
-1 19
-1 19
-1 19
-1 19
-1 19
-1 19
-1 19
-1 19
-1 19
19 196
19 196
-1 196
-1 196
-1 196
-1 196
-1 196
-1 196
-1 196
-1 196
-1 196
-1 196
-1 196
-1 196
-1 196
-1 196
-1 196
-1 196
-1 196
-1 196
-1 196
-1 196
-1 196
-1 196
-1 196
-1 196
-1 196
-1 196
-1 196
-1 196
-1 196
-1 196
-1 196
-1 196
-1 196
-1 196
-1 196
-1 196
-1 196
-1 196
-1 196
-1 196
-1 196
-1 196
12 14
-1 14
-1 14
-1 14
-1 14
-1 14
-1 14
-1 14
-1 14
-1 14
-1 14
-1 14
-1 14
-1 14
-1 14
-1 14
-1 14
-1 14
-1 14
-1 14
-1 14
-1 14
-1 14
-1 14
-1 14
-1 14
-1 14
-1 14
-1 14
-1 14
-1 14
-1 14
-1 14
-1 14
-1 14
-1 14
-1 14
-1 14
-1 14
-1 14
-1 14
-1 14
-1 14
-1 14
-1 14
-1 14
-1 14
-1 14
-1 14
-1 14
-1 14
-1 14
-1 14
-1 14
-1 14
-1 14
-1 14
-1 14
-1 14
-1 14
-1 14
-1 14
-1 14
-1 14
-1 14
-1 14
-1 14
-1 14
-1 14
-1 14
-1 14
-1 14
-1 14
-1 14
-1 14
-1 14
-1 14
-1 14
-1 14
19 75
19 75
19 75
19 75
95 6
95 6
44 4
161 73
-1 73
-1 73
-1 73
-1 73
-1 73
-1 73
-1 73
-1 73
-1 73
-1 73
-1 73
-1 73
-1 73
-1 73
-1 73
-1 73
-1 73
-1 73
-1 73
-1 73
-1 73
-1 73
-1 73
-1 73
-1 73
-1 73
-1 73
-1 73
-1 73
-1 73
-1 73
-1 73
-1 73
-1 73
-1 73
-1 73
-1 73
-1 73
-1 73
-1 73
-1 73
-1 73
-1 73
-1 73
-1 73
-1 73
-1 73
-1 73
-1 73
-1 73
-1 73
-1 73
-1 73
-1 73
-1 73
-1 73
-1 73
-1 73
-1 73
-1 73
-1 73
-1 73
-1 73
-1 73
-1 73
-1 73
-1 73
-1 73
-1 73
-1 73
-1 73
-1 73
-1 73
-1 73
-1 73
-1 73
-1 73
73 157
-1 157
-1 157
-1 157
-1 157
-1 157
-1 157
-1 157
-1 157
-1 157
-1 157
-1 157
-1 157
-1 157
-1 157
-1 157
-1 157
-1 157
-1 157
-1 157
-1 157
-1 157
-1 157
-1 157
-1 157
-1 157
-1 157
-1 157
-1 157
-1 157
-1 157
-1 157
-1 157
-1 157
-1 157
-1 157
-1 157
-1 157
-1 157
-1 157
-1 157
-1 157
-1 157
-1 157
-1 157
-1 157
-1 157
-1 157
-1 157
-1 157
-1 157
-1 157
-1 157
-1 157
-1 157
-1 157
-1 157
-1 157
-1 157
-1 157
157 3
3 10
3 10
3 10
3 10
-1 10
-1 10
-1 10
-1 10
-1 10
-1 10
-1 10
-1 10
-1 10
-1 10
-1 10
-1 10
-1 10
-1 10
-1 10
-1 10
-1 10
-1 10
-1 10
-1 10
-1 10
-1 10
-1 10
-1 10
-1 10
-1 10
-1 10
-1 10
-1 10
-1 10
-1 10
-1 10
-1 10
-1 10
-1 10
-1 10
-1 10
-1 10
-1 10
-1 10
-1 10
-1 10
-1 10
-1 10
10 86
-1 86
-1 86
-1 86
-1 86
-1 86
-1 86
-1 86
-1 86
-1 86
-1 86
-1 86
-1 86
-1 86
-1 86
-1 86
-1 86
-1 86
-1 86
-1 86
-1 86
-1 86
-1 86
-1 86
-1 86
-1 86
-1 86
-1 86
-1 86
-1 86
-1 86
-1 86
-1 86
-1 86
-1 86
-1 86
-1 86
-1 86
-1 86
-1 86
-1 86
-1 86
-1 86
-1 86
-1 86
-1 86
-1 86
-1 86
-1 86
-1 86
-1 86
-1 86
-1 86
-1 86
-1 86
-1 86
-1 86
-1 86
-1 86
86 140
86 140
-1 140
-1 140
-1 140
-1 140
-1 140
-1 140
-1 140
-1 140
-1 140
-1 140
-1 140
-1 140
-1 140
-1 140
-1 140
-1 140
-1 140
-1 140
-1 140
-1 140
-1 140
-1 140
-1 140
-1 140
-1 140
-1 140
-1 140
-1 140
-1 140
-1 140
-1 140
-1 140
-1 140
140 11
11 8
11 8
-1 8
-1 8
-1 8
-1 8
-1 8
-1 8
-1 8
-1 8
-1 8
-1 8
-1 8
-1 8
-1 8
-1 8
-1 8
-1 8
-1 8
-1 8
-1 8
-1 8
-1 8
-1 8
-1 8
-1 8
-1 8
-1 8
-1 8
-1 8
-1 8
-1 8
-1 8
-1 8
-1 8
-1 8
-1 8
-1 8
-1 8
-1 8
-1 8
-1 8
-1 8
-1 8
-1 8
-1 8
-1 8
-1 8
-1 8
-1 8
-1 8
-1 8
-1 8
-1 8
-1 8
-1 8
-1 8
-1 8
-1 8
-1 8
-1 8
-1 8
-1 8
-1 8
-1 8
-1 8
-1 8
-1 8
-1 8
-1 8
-1 8
-1 8
-1 8
-1 8
-1 8
-1 8
-1 8
-1 8
-1 8
-1 8
-1 8
-1 8
-1 8
-1 8
8 78
-1 78
-1 78
-1 78
-1 78
-1 78
-1 78
-1 78
-1 78
-1 78
-1 78
-1 78
-1 78
-1 78
-1 78
-1 78
-1 78
-1 78
-1 78
-1 78
-1 78
-1 78
-1 78
-1 78
-1 78
-1 78
-1 78
-1 78
-1 78
-1 78
-1 78
-1 78
-1 78
-1 78
-1 78
-1 78
-1 78
-1 78
-1 78
-1 78
-1 78
-1 78
-1 78
-1 78
-1 78
-1 78
-1 78
-1 78
-1 78
-1 78
-1 78
-1 78
-1 78
-1 78
-1 78
-1 78
-1 78
-1 78
-1 78
-1 78
-1 78
-1 78
-1 78
78 37
78 37
86 102
86 102
86 102
86 102
-1 102
-1 102
-1 102
-1 102
-1 102
-1 102
-1 102
-1 102
-1 102
-1 102
-1 102
-1 102
-1 102
-1 102
-1 102
-1 102
-1 102
-1 102
-1 102
-1 102
-1 102
-1 102
-1 102
-1 102
-1 102
-1 102
-1 102
-1 102
-1 102
-1 102
-1 102
-1 102
-1 102
-1 102
-1 102
-1 102
-1 102
-1 102
-1 102
-1 102
-1 102
-1 102
-1 102
-1 102
-1 102
-1 102
-1 102
-1 102
-1 102
-1 102
-1 102
-1 102
-1 102
-1 102
-1 102
-1 102
-1 102
-1 102
-1 102
-1 102
-1 102
-1 102
-1 102
-1 102
-1 102
-1 102
-1 102
-1 102
-1 102
-1 102
-1 102
-1 102
-1 102
-1 102
-1 102
102 13
-1 13
-1 13
-1 13
-1 13
-1 13
-1 13
-1 13
-1 13
-1 13
-1 13
-1 13
-1 13
-1 13
-1 13
-1 13
-1 13
-1 13
-1 13
-1 13
-1 13
-1 13
-1 13
-1 13
-1 13
-1 13
-1 13
-1 13
-1 13
-1 13
-1 13
-1 13
-1 13
-1 13
-1 13
-1 13
-1 13
-1 13
-1 13
-1 13
-1 13
-1 13
-1 13
-1 13
102 6
45 93
-1 93
-1 93
-1 93
-1 93
-1 93
-1 93
-1 93
-1 93
-1 93
-1 93
-1 93
-1 93
-1 93
-1 93
-1 93
-1 93
-1 93
-1 93
-1 93
-1 93
-1 93
-1 93
-1 93
-1 93
-1 93
-1 93
-1 93
-1 93
-1 93
-1 93
-1 93
-1 93
-1 93
-1 93
-1 93
-1 93
-1 93
-1 93
-1 93
-1 93
-1 93
-1 93
-1 93
-1 93
-1 93
-1 93
-1 93
-1 93
-1 93
-1 93
-1 93
-1 93
-1 93
-1 93
-1 93
-1 93
-1 93
-1 93
-1 93
-1 93
-1 93
-1 93
-1 93
-1 93
-1 93
-1 93
-1 93
-1 93
-1 93
-1 93
93 193
-1 193
-1 193
-1 193
-1 193
-1 193
-1 193
-1 193
-1 193
-1 193
-1 193
-1 193
-1 193
-1 193
-1 193
-1 193
-1 193
-1 193
-1 193
-1 193
-1 193
-1 193
-1 193
-1 193
-1 193
-1 193
-1 193
-1 193
-1 193
-1 193
-1 193
-1 193
-1 193
-1 193
-1 193
-1 193
-1 193
-1 193
-1 193
-1 193
-1 193
-1 193
-1 193
-1 193
-1 193
-1 193
-1 193
-1 193
-1 193
-1 193
-1 193
-1 193
-1 193
-1 193
-1 193
-1 193
-1 193
-1 193
-1 193
-1 193
-1 193
-1 193
-1 193
-1 193
-1 193
-1 193
-1 193
-1 193
-1 193
-1 193
-1 193
-1 193
-1 193
-1 193
-1 193
-1 193
-1 193
-1 193
-1 193
-1 193
-1 193
-1 193
-1 193
-1 193
-1 193
-1 193
-1 193
-1 193
-1 193
-1 193
-1 193
-1 193
193 6
6 174
-1 174
-1 174
-1 174
-1 174
-1 174
-1 174
-1 174
-1 174
-1 174
-1 174
-1 174
-1 174
-1 174
-1 174
-1 174
-1 174
-1 174
-1 174
-1 174
-1 174
-1 174
-1 174
-1 174
-1 174
-1 174
-1 174
-1 174
-1 174
-1 174
-1 174
-1 174
-1 174
-1 174
-1 174
-1 174
-1 174
-1 174
-1 174
-1 174
-1 174
-1 174
-1 174
-1 174
-1 174
-1 174
-1 174
-1 174
-1 174
-1 174
-1 174
-1 174
-1 174
-1 174
-1 174
-1 174
-1 174
-1 174
-1 174
-1 174
-1 174
-1 174
-1 174
-1 174
-1 174
-1 174
-1 174
-1 174
-1 174
-1 174
-1 174
-1 174
-1 174
-1 174
-1 174
-1 174
-1 174
-1 174
-1 174
-1 174
-1 174
-1 174
-1 174
-1 174
-1 174
-1 174
-1 174
-1 174
174 42
93 158
93 158
-1 158
-1 158
-1 158
-1 158
-1 158
-1 158
-1 158
-1 158
-1 158
-1 158
-1 158
-1 158
-1 158
-1 158
-1 158
-1 158
-1 158
-1 158
-1 158
-1 158
-1 158
-1 158
-1 158
-1 158
-1 158
-1 158
-1 158
-1 158
-1 158
-1 158
-1 158
-1 158
-1 158
-1 158
-1 158
-1 158
-1 158
-1 158
-1 158
-1 158
-1 158
-1 158
-1 158
-1 158
-1 158
-1 158
-1 158
-1 158
-1 158
-1 158
-1 158
-1 158
-1 158
-1 158
158 187
158 187
158 187
158 187
-1 187
-1 187
-1 187
-1 187
-1 187
-1 187
-1 187
-1 187
-1 187
-1 187
-1 187
-1 187
-1 187
-1 187
-1 187
-1 187
-1 187
-1 187
-1 187
-1 187
-1 187
-1 187
-1 187
-1 187
-1 187
-1 187
-1 187
-1 187
-1 187
-1 187
-1 187
-1 187
-1 187
-1 187
-1 187
-1 187
-1 187
-1 187
-1 187
-1 187
-1 187
-1 187
-1 187
-1 187
187 108
187 108
32 112
-1 112
-1 112
-1 112
-1 112
-1 112
-1 112
-1 112
-1 112
-1 112
-1 112
-1 112
-1 112
-1 112
-1 112
-1 112
-1 112
-1 112
-1 112
-1 112
-1 112
-1 112
-1 112
-1 112
-1 112
-1 112
-1 112
-1 112
-1 112
-1 112
-1 112
-1 112
-1 112
-1 112
-1 112
-1 112
-1 112
-1 112
-1 112
-1 112
-1 112
-1 112
-1 112
-1 112
-1 112
-1 112
-1 112
-1 112
-1 112
-1 112
-1 112
-1 112
-1 112
112 4
-1 4
-1 4
-1 4
-1 4
-1 4
-1 4
-1 4
-1 4
-1 4
-1 4
-1 4
-1 4
-1 4
-1 4
-1 4
-1 4
-1 4
-1 4
-1 4
-1 4
-1 4
-1 4
-1 4
-1 4
-1 4
-1 4
-1 4
-1 4
-1 4
4 48
4 48
-1 48
-1 48
-1 48
-1 48
-1 48
-1 48
-1 48
-1 48
-1 48
-1 48
-1 48
-1 48
-1 48
-1 48
-1 48
-1 48
-1 48
-1 48
-1 48
-1 48
-1 48
-1 48
-1 48
-1 48
-1 48
-1 48
-1 48
-1 48
-1 48
-1 48
-1 48
-1 48
-1 48
-1 48
-1 48
-1 48
-1 48
-1 48
-1 48
-1 48
-1 48
-1 48
-1 48
-1 48
-1 48
-1 48
-1 48
-1 48
-1 48
-1 48
-1 48
-1 48
-1 48
-1 48
-1 48
-1 48
-1 48
-1 48
-1 48
-1 48
-1 48
-1 48
-1 48
-1 48
-1 48
-1 48
-1 48
-1 48
-1 48
-1 48
-1 48
-1 48
-1 48
-1 48
-1 48
-1 48
-1 48
-1 48
-1 48
-1 48
-1 48
-1 48
-1 48
-1 48
-1 48
-1 48
-1 48
-1 48
48 121
48 121
48 121
48 121
82 130
82 130
82 130
-1 130
-1 130
-1 130
-1 130
-1 130
-1 130
-1 130
-1 130
-1 130
-1 130
-1 130
-1 130
-1 130
-1 130
-1 130
-1 130
-1 130
-1 130
-1 130
-1 130
-1 130
-1 130
-1 130
-1 130
-1 130
-1 130
-1 130
-1 130
-1 130
-1 130
-1 130
-1 130
-1 130
-1 130
-1 130
-1 130
-1 130
-1 130
-1 130
-1 130
-1 130
-1 130
-1 130
-1 130
-1 130
-1 130
-1 130
-1 130
-1 130
-1 130
-1 130
-1 130
-1 130
-1 130
-1 130
-1 130
-1 130
-1 130
-1 130
-1 130
-1 130
-1 130
-1 130
-1 130
130 147
147 38
147 38
147 38
-1 38
-1 38
-1 38
-1 38
-1 38
-1 38
-1 38
-1 38
-1 38
-1 38
-1 38
-1 38
-1 38
-1 38
-1 38
-1 38
-1 38
-1 38
-1 38
-1 38
-1 38
-1 38
-1 38
-1 38
-1 38
-1 38
-1 38
-1 38
-1 38
-1 38
-1 38
-1 38
-1 38
-1 38
-1 38
-1 38
-1 38
-1 38
-1 38
-1 38
-1 38
-1 38
-1 38
-1 38
-1 38
-1 38
-1 38
-1 38
130 185
130 185
-1 185
-1 185
-1 185
-1 185
-1 185
-1 185
-1 185
-1 185
-1 185
-1 185
-1 185
-1 185
-1 185
-1 185
-1 185
-1 185
-1 185
-1 185
-1 185
-1 185
-1 185
-1 185
-1 185
-1 185
-1 185
-1 185
-1 185
-1 185
-1 185
-1 185
-1 185
-1 185
-1 185
-1 185
-1 185
-1 185
-1 185
-1 185
-1 185
-1 185
-1 185
-1 185
-1 185
-1 185
-1 185
-1 185
-1 185
-1 185
-1 185
-1 185
-1 185
-1 185
-1 185
-1 185
-1 185
-1 185
-1 185
-1 185
-1 185
-1 185
-1 185
-1 185
-1 185
-1 185
-1 185
-1 185
-1 185
185 156
38 30
38 30
38 30
-1 30
-1 30
-1 30
-1 30
-1 30
-1 30
-1 30
-1 30
-1 30
-1 30
-1 30
-1 30
-1 30
-1 30
-1 30
-1 30
-1 30
-1 30
-1 30
-1 30
-1 30
-1 30
-1 30
-1 30
-1 30
-1 30
-1 30
-1 30
-1 30
-1 30
-1 30
-1 30
-1 30
-1 30
-1 30
-1 30
-1 30
-1 30
-1 30
-1 30
-1 30
-1 30
-1 30
-1 30
-1 30
-1 30
-1 30
-1 30
-1 30
-1 30
-1 30
-1 30
156 71
156 71
156 71
-1 71
-1 71
-1 71
-1 71
-1 71
-1 71
-1 71
-1 71
-1 71
-1 71
-1 71
-1 71
-1 71
-1 71
-1 71
-1 71
-1 71
-1 71
-1 71
-1 71
-1 71
-1 71
-1 71
-1 71
-1 71
-1 71
-1 71
-1 71
-1 71
-1 71
-1 71
-1 71
-1 71
-1 71
-1 71
-1 71
-1 71
-1 71
-1 71
-1 71
-1 71
-1 71
-1 71
-1 71
-1 71
-1 71
-1 71
-1 71
-1 71
-1 71
-1 71
-1 71
-1 71
-1 71
-1 71
-1 71
-1 71
-1 71
-1 71
-1 71
-1 71
-1 71
193 166
193 166
-1 166
-1 166
-1 166
-1 166
-1 166
-1 166
-1 166
-1 166
-1 166
-1 166
-1 166
-1 166
-1 166
-1 166
-1 166
-1 166
-1 166
-1 166
-1 166
-1 166
-1 166
-1 166
-1 166
-1 166
-1 166
-1 166
-1 166
-1 166
-1 166
-1 166
-1 166
-1 166
-1 166
-1 166
-1 166
-1 166
-1 166
-1 166
-1 166
-1 166
-1 166
-1 166
-1 166
-1 166
-1 166
-1 166
-1 166
-1 166
-1 166
-1 166
-1 166
-1 166
-1 166
-1 166
-1 166
-1 166
-1 166
-1 166
-1 166
-1 166
-1 166
-1 166
-1 166
-1 166
-1 166
-1 166
-1 166
-1 166
-1 166
-1 166
-1 166
-1 166
-1 166
-1 166
-1 166
-1 166
-1 166
-1 166
-1 166
-1 166
-1 166
-1 166
-1 166
-1 166
-1 166
166 172
144 164
-1 164
-1 164
-1 164
-1 164
-1 164
-1 164
-1 164
-1 164
-1 164
-1 164
-1 164
-1 164
-1 164
-1 164
-1 164
-1 164
-1 164
-1 164
-1 164
-1 164
-1 164
-1 164
-1 164
-1 164
-1 164
-1 164
-1 164
-1 164
-1 164
-1 164
-1 164
-1 164
-1 164
-1 164
-1 164
-1 164
-1 164
-1 164
-1 164
-1 164
-1 164
-1 164
-1 164
-1 164
-1 164
-1 164
-1 164
-1 164
-1 164
-1 164
-1 164
-1 164
-1 164
-1 164
-1 164
-1 164
-1 164
-1 164
-1 164
-1 164
-1 164
-1 164
-1 164
-1 164
-1 164
-1 164
-1 164
-1 164
-1 164
-1 164
-1 164
-1 164
139 101
139 101
139 101
-1 101
-1 101
-1 101
-1 101
-1 101
-1 101
-1 101
-1 101
-1 101
-1 101
-1 101
-1 101
-1 101
-1 101
-1 101
-1 101
-1 101
-1 101
-1 101
-1 101
-1 101
-1 101
-1 101
-1 101
-1 101
-1 101
-1 101
-1 101
-1 101
-1 101
-1 101
-1 101
-1 101
-1 101
-1 101
-1 101
-1 101
-1 101
-1 101
-1 101
-1 101
-1 101
-1 101
-1 101
-1 101
-1 101
-1 101
-1 101
-1 101
-1 101
-1 101
-1 101
-1 101
-1 101
-1 101
-1 101
-1 101
-1 101
-1 101
-1 101
-1 101
-1 101
-1 101
-1 101
-1 101
-1 101
-1 101
-1 101
-1 101
-1 101
-1 101
-1 101
-1 101
-1 101
101 68
93 169
71 199
-1 199
-1 199
-1 199
-1 199
-1 199
-1 199
-1 199
-1 199
-1 199
-1 199
-1 199
-1 199
-1 199
-1 199
-1 199
-1 199
-1 199
-1 199
-1 199
-1 199
-1 199
-1 199
-1 199
-1 199
-1 199
-1 199
-1 199
-1 199
-1 199
-1 199
-1 199
-1 199
-1 199
-1 199
-1 199
-1 199
-1 199
-1 199
-1 199
-1 199
-1 199
-1 199
-1 199
-1 199
-1 199
-1 199
-1 199
-1 199
-1 199
-1 199
-1 199
-1 199
-1 199
-1 199
-1 199
-1 199
-1 199
-1 199
-1 199
-1 199
-1 199
-1 199
-1 199
-1 199
-1 199
23 15
23 15
147 34
-1 34
-1 34
-1 34
-1 34
-1 34
-1 34
-1 34
-1 34
-1 34
-1 34
-1 34
-1 34
-1 34
-1 34
-1 34
-1 34
-1 34
-1 34
-1 34
-1 34
-1 34
-1 34
-1 34
-1 34
-1 34
-1 34
-1 34
-1 34
-1 34
-1 34
-1 34
-1 34
-1 34
-1 34
-1 34
-1 34
-1 34
-1 34
-1 34
-1 34
-1 34
-1 34
-1 34
-1 34
-1 34
-1 34
-1 34
-1 34
-1 34
-1 34
-1 34
-1 34
-1 34
-1 34
-1 34
45 132
45 132
45 132
-1 132
-1 132
-1 132
-1 132
-1 132
-1 132
-1 132
-1 132
-1 132
-1 132
-1 132
-1 132
-1 132
-1 132
-1 132
-1 132
-1 132
-1 132
-1 132
-1 132
-1 132
-1 132
-1 132
-1 132
-1 132
-1 132
-1 132
-1 132
-1 132
-1 132
-1 132
-1 132
-1 132
-1 132
-1 132
-1 132
-1 132
-1 132
-1 132
-1 132
-1 132
-1 132
-1 132
-1 132
-1 132
-1 132
-1 132
-1 132
-1 132
-1 132
-1 132
-1 132
-1 132
-1 132
-1 132
-1 132
-1 132
-1 132
-1 132
-1 132
-1 132
-1 132
-1 132
-1 132
-1 132
-1 132
-1 132
-1 132
-1 132
-1 132
-1 132
-1 132
-1 132
-1 132
-1 132
-1 132
-1 132
183 125
-1 125
-1 125
-1 125
-1 125
-1 125
-1 125
-1 125
-1 125
-1 125
-1 125
-1 125
-1 125
-1 125
-1 125
-1 125
-1 125
-1 125
-1 125
-1 125
-1 125
-1 125
-1 125
-1 125
-1 125
-1 125
-1 125
-1 125
-1 125
-1 125
-1 125
-1 125
-1 125
-1 125
-1 125
-1 125
-1 125
-1 125
-1 125
-1 125
-1 125
-1 125
-1 125
-1 125
-1 125
-1 125
-1 125
-1 125
-1 125
-1 125
-1 125
-1 125
-1 125
-1 125
-1 125
-1 125
-1 125
-1 125
-1 125
-1 125
-1 125
-1 125
-1 125
-1 125
-1 125
-1 125
-1 125
-1 125
-1 125
-1 125
-1 125
-1 125
-1 125
-1 125
-1 125
-1 125
-1 125
-1 125
-1 125
-1 125
-1 125
-1 125
-1 125
-1 125
-1 125
-1 125
-1 125
125 65
125 65
-1 65
-1 65
-1 65
-1 65
-1 65
-1 65
-1 65
-1 65
-1 65
-1 65
-1 65
-1 65
-1 65
-1 65
-1 65
-1 65
-1 65
-1 65
-1 65
-1 65
-1 65
-1 65
-1 65
-1 65
-1 65
-1 65
-1 65
-1 65
-1 65
-1 65
-1 65
-1 65
-1 65
-1 65
-1 65
-1 65
-1 65
-1 65
-1 65
-1 65
-1 65
-1 65
-1 65
-1 65
-1 65
-1 65
-1 65
-1 65
-1 65
-1 65
-1 65
-1 65
-1 65
-1 65
-1 65
-1 65
-1 65
-1 65
-1 65
-1 65
-1 65
-1 65
-1 65
-1 65
-1 65
-1 65
-1 65
-1 65
-1 65
-1 65
-1 65
-1 65
-1 65
-1 65
-1 65
-1 65
-1 65
-1 65
-1 65
-1 65
-1 65
186 182
-1 182
-1 182
-1 182
-1 182
-1 182
-1 182
-1 182
-1 182
-1 182
-1 182
-1 182
-1 182
-1 182
-1 182
-1 182
-1 182
-1 182
-1 182
-1 182
-1 182
-1 182
-1 182
-1 182
-1 182
-1 182
-1 182
-1 182
-1 182
-1 182
-1 182
-1 182
-1 182
-1 182
-1 182
-1 182
-1 182
-1 182
-1 182
-1 182
-1 182
-1 182
-1 182
-1 182
-1 182
-1 182
-1 182
-1 182
-1 182
-1 182
-1 182
-1 182
-1 182
-1 182
-1 182
-1 182
-1 182
-1 182
-1 182
-1 182
-1 182
-1 182
-1 182
-1 182
-1 182
-1 182
-1 182
-1 182
-1 182
-1 182
-1 182
-1 182
-1 182
-1 182
-1 182
-1 182
-1 182
-1 182
-1 182
-1 182
-1 182
-1 182
-1 182
-1 182
-1 182
-1 182
-1 182
-1 182
-1 182
-1 182
-1 182
-1 182
-1 182
-1 182
-1 182
-1 182
-1 182
-1 182
-1 182
182 37
-1 37
-1 37
-1 37
-1 37
-1 37
-1 37
-1 37
-1 37
-1 37
-1 37
-1 37
-1 37
-1 37
-1 37
-1 37
-1 37
-1 37
-1 37
-1 37
136 24
152 61
192 52
105 24
105 24
105 24
-1 24
-1 24
-1 24
-1 24
-1 24
-1 24
-1 24
-1 24
-1 24
-1 24
-1 24
-1 24
-1 24
-1 24
-1 24
-1 24
-1 24
-1 24
-1 24
-1 24
-1 24
-1 24
-1 24
-1 24
-1 24
-1 24
-1 24
-1 24
-1 24
-1 24
-1 24
-1 24
-1 24
-1 24
-1 24
-1 24
-1 24
-1 24
-1 24
-1 24
-1 24
-1 24
-1 24
-1 24
-1 24
-1 24
-1 24
-1 24
-1 24
-1 24
-1 24
-1 24
-1 24
-1 24
-1 24
-1 24
-1 24
-1 24
-1 24
-1 24
-1 24
-1 24
-1 24
-1 24
-1 24
-1 24
-1 24
-1 24
-1 24
-1 24
-1 24
-1 24
-1 24
-1 24
-1 24
-1 24
-1 24
-1 24
-1 24
-1 24
-1 24
-1 24
-1 24
-1 24
-1 24
-1 24
-1 24
-1 24
-1 24
-1 24
-1 24
-1 24
-1 24
-1 24
-1 24
-1 24
-1 24
-1 24
-1 24
134 113
134 113
134 113
134 113
-1 113
-1 113
-1 113
-1 113
-1 113
-1 113
-1 113
-1 113
-1 113
-1 113
-1 113
-1 113
-1 113
-1 113
-1 113
-1 113
-1 113
-1 113
-1 113
-1 113
-1 113
-1 113
-1 113
-1 113
-1 113
-1 113
-1 113
-1 113
-1 113
-1 113
-1 113
-1 113
-1 113
-1 113
-1 113
-1 113
-1 113
-1 113
-1 113
-1 113
-1 113
-1 113
-1 113
-1 113
-1 113
-1 113
-1 113
-1 113
-1 113
-1 113
-1 113
-1 113
-1 113
-1 113
-1 113
-1 113
-1 113
-1 113
-1 113
-1 113
-1 113
-1 113
-1 113
-1 113
-1 113
-1 113
-1 113
-1 113
-1 113
-1 113
-1 113
-1 113
-1 113
-1 113
-1 113
-1 113
-1 113
-1 113
-1 113
-1 113
-1 113
-1 113
-1 113
-1 113
-1 113
-1 113
-1 113
-1 113
-1 113
119 61
119 61
-1 61
-1 61
-1 61
-1 61
-1 61
-1 61
-1 61
-1 61
-1 61
-1 61
-1 61
-1 61
-1 61
-1 61
-1 61
-1 61
-1 61
-1 61
-1 61
-1 61
-1 61
-1 61
-1 61
-1 61
-1 61
-1 61
-1 61
-1 61
-1 61
-1 61
-1 61
-1 61
-1 61
-1 61
-1 61
-1 61
-1 61
-1 61
-1 61
-1 61
-1 61
-1 61
-1 61
-1 61
-1 61
-1 61
-1 61
-1 61
-1 61
-1 61
-1 61
-1 61
-1 61
-1 61
-1 61
-1 61
-1 61
-1 61
-1 61
-1 61
-1 61
-1 61
-1 61
-1 61
-1 61
-1 61
-1 61
-1 61
-1 61
-1 61
-1 61
-1 61
-1 61
-1 61
-1 61
-1 61
-1 61
-1 61
-1 61
-1 61
-1 61
-1 61
-1 61
-1 61
-1 61
-1 61
-1 61
-1 61
-1 61
-1 61
-1 61
-1 61
-1 61
-1 61
-1 61
-1 61
-1 61
53 108
53 108
53 108
53 108
53 108
9 133
9 133
139 106
-1 106
-1 106
-1 106
-1 106
-1 106
-1 106
-1 106
-1 106
-1 106
-1 106
-1 106
-1 106
-1 106
-1 106
-1 106
-1 106
-1 106
-1 106
-1 106
-1 106
-1 106
-1 106
-1 106
-1 106
-1 106
-1 106
-1 106
-1 106
-1 106
-1 106
-1 106
-1 106
-1 106
-1 106
-1 106
-1 106
-1 106
-1 106
-1 106
-1 106
-1 106
-1 106
-1 106
-1 106
-1 106
-1 106
-1 106
-1 106
-1 106
-1 106
-1 106
-1 106
-1 106
-1 106
-1 106
-1 106
-1 106
-1 106
-1 106
-1 106
-1 106
-1 106
-1 106
-1 106
-1 106
-1 106
-1 106
-1 106
-1 106
-1 106
-1 106
-1 106
-1 106
-1 106
-1 106
-1 106
-1 106
-1 106
-1 106
-1 106
-1 106
-1 106
-1 106
-1 106
-1 106
-1 106
-1 106
11 15
11 15
11 15
11 15
88 126
88 126
88 126
141 121
167 145
30 190
30 190
30 190
30 190
125 54
125 54
32 56
32 56
32 56
32 56
107 194
24 121
-1 121
-1 121
-1 121
-1 121
-1 121
-1 121
-1 121
-1 121
-1 121
-1 121
-1 121
-1 121
-1 121
-1 121
-1 121
-1 121
-1 121
-1 121
-1 121
-1 121
-1 121
-1 121
-1 121
-1 121
-1 121
-1 121
-1 121
-1 121
-1 121
-1 121
-1 121
-1 121
-1 121
-1 121
-1 121
-1 121
-1 121
-1 121
-1 121
-1 121
-1 121
-1 121
-1 121
-1 121
-1 121
-1 121
-1 121
-1 121
-1 121
-1 121
-1 121
-1 121
-1 121
-1 121
-1 121
-1 121
-1 121
-1 121
-1 121
-1 121
-1 121
-1 121
-1 121
-1 121
-1 121
-1 121
-1 121
-1 121
-1 121
-1 121
-1 121
-1 121
-1 121
-1 121
-1 121
-1 121
-1 121
-1 121
-1 121
-1 121
-1 121
-1 121
-1 121
-1 121
-1 121
-1 121
-1 121
-1 121
-1 121
-1 121
-1 121
-1 121
-1 121
-1 121
-1 121
-1 121
-1 121
-1 121
-1 121
121 52
-1 52
-1 52
-1 52
-1 52
-1 52
-1 52
-1 52
-1 52
-1 52
-1 52
-1 52
-1 52
-1 52
-1 52
-1 52
-1 52
-1 52
-1 52
-1 52
-1 52
-1 52
-1 52
-1 52
-1 52
-1 52
-1 52
-1 52
-1 52
-1 52
-1 52
-1 52
-1 52
-1 52
-1 52
-1 52
-1 52
-1 52
-1 52
-1 52
-1 52
-1 52
-1 52
-1 52
-1 52
-1 52
-1 52
-1 52
-1 52
-1 52
-1 52
-1 52
-1 52
-1 52
-1 52
-1 52
-1 52
-1 52
-1 52
-1 52
-1 52
-1 52
-1 52
-1 52
-1 52
-1 52
52 56
52 56
-1 56
-1 56
-1 56
-1 56
-1 56
-1 56
-1 56
-1 56
-1 56
-1 56
-1 56
-1 56
-1 56
-1 56
-1 56
-1 56
-1 56
-1 56
-1 56
-1 56
-1 56
-1 56
-1 56
-1 56
-1 56
-1 56
-1 56
-1 56
-1 56
-1 56
-1 56
-1 56
-1 56
-1 56
-1 56
-1 56
-1 56
-1 56
-1 56
-1 56
-1 56
-1 56
-1 56
-1 56
-1 56
-1 56
-1 56
-1 56
-1 56
-1 56
-1 56
-1 56
-1 56
-1 56
-1 56
-1 56
-1 56
-1 56
-1 56
-1 56
-1 56
-1 56
-1 56
-1 56
-1 56
-1 56
-1 56
-1 56
-1 56
-1 56
-1 56
-1 56
-1 56
-1 56
121 133
67 169
67 169
67 169
67 169
66 190
66 190
66 190
66 190
66 190
66 190
101 43
-1 43
-1 43
-1 43
-1 43
-1 43
-1 43
-1 43
-1 43
-1 43
-1 43
-1 43
-1 43
-1 43
-1 43
-1 43
-1 43
-1 43
-1 43
-1 43
-1 43
-1 43
-1 43
-1 43
-1 43
-1 43
-1 43
-1 43
-1 43
-1 43
-1 43
-1 43
-1 43
-1 43
-1 43
-1 43
-1 43
-1 43
-1 43
-1 43
-1 43
-1 43
-1 43
-1 43
-1 43
-1 43
-1 43
-1 43
-1 43
-1 43
-1 43
-1 43
-1 43
-1 43
-1 43
-1 43
-1 43
-1 43
-1 43
-1 43
-1 43
-1 43
-1 43
-1 43
-1 43
-1 43
-1 43
-1 43
-1 43
-1 43
-1 43
-1 43
-1 43
-1 43
-1 43
-1 43
-1 43
-1 43
-1 43
-1 43
-1 43
-1 43
-1 43
-1 43
-1 43
-1 43
-1 43
-1 43
-1 43
-1 43
-1 43
-1 43
-1 43
-1 43
-1 43
-1 43
43 169
43 169
-1 169
-1 169
-1 169
-1 169
-1 169
-1 169
-1 169
-1 169
-1 169
-1 169
-1 169
-1 169
-1 169
-1 169
-1 169
-1 169
-1 169
-1 169
-1 169
-1 169
-1 169
-1 169
-1 169
-1 169
-1 169
-1 169
-1 169
-1 169
-1 169
-1 169
-1 169
-1 169
-1 169
-1 169
-1 169
-1 169
-1 169
-1 169
-1 169
-1 169
-1 169
-1 169
-1 169
-1 169
-1 169
-1 169
-1 169
-1 169
-1 169
-1 169
-1 169
-1 169
-1 169
-1 169
-1 169
-1 169
-1 169
-1 169
-1 169
-1 169
-1 169
-1 169
-1 169
-1 169
-1 169
-1 169
-1 169
-1 169
-1 169
-1 169
-1 169
-1 169
-1 169
-1 169
-1 169
-1 169
-1 169
-1 169
-1 169
-1 169
-1 169
-1 169
-1 169
-1 169
-1 169
-1 169
-1 169
-1 169
-1 169
-1 169
-1 169
-1 169
-1 169
-1 169
-1 169
60 108
-1 108
-1 108
-1 108
-1 108
-1 108
-1 108
-1 108
-1 108
-1 108
-1 108
-1 108
-1 108
-1 108
-1 108
-1 108
-1 108
-1 108
-1 108
-1 108
-1 108
-1 108
-1 108
-1 108
-1 108
-1 108
-1 108
-1 108
-1 108
-1 108
-1 108
-1 108
-1 108
-1 108
-1 108
-1 108
-1 108
-1 108
-1 108
-1 108
-1 108
-1 108
-1 108
-1 108
-1 108
-1 108
-1 108
-1 108
-1 108
-1 108
-1 108
-1 108
-1 108
-1 108
-1 108
-1 108
-1 108
-1 108
-1 108
-1 108
-1 108
-1 108
-1 108
-1 108
-1 108
-1 108
-1 108
-1 108
-1 108
-1 108
-1 108
-1 108
-1 108
-1 108
-1 108
-1 108
-1 108
-1 108
-1 108
-1 108
-1 108
-1 108
-1 108
-1 108
-1 108
-1 108
-1 108
-1 108
-1 108
-1 108
-1 108
-1 108
-1 108
-1 108
-1 108
-1 108
108 145
108 145
108 145
154 190
154 190
154 190
154 190
-1 190
-1 190
-1 190
-1 190
-1 190
-1 190
-1 190
-1 190
-1 190
-1 190
-1 190
-1 190
-1 190
-1 190
-1 190
-1 190
-1 190
-1 190
-1 190
-1 190
-1 190
-1 190
-1 190
-1 190
-1 190
-1 190
-1 190
-1 190
-1 190
-1 190
-1 190
-1 190
-1 190
-1 190
-1 190
-1 190
-1 190
-1 190
-1 190
-1 190
-1 190
-1 190
-1 190
-1 190
-1 190
-1 190
-1 190
-1 190
-1 190
-1 190
-1 190
-1 190
-1 190
-1 190
-1 190
-1 190
-1 190
-1 190
-1 190
-1 190
-1 190
-1 190
-1 190
-1 190
-1 190
-1 190
-1 190
-1 190
-1 190
-1 190
-1 190
-1 190
-1 190
-1 190
-1 190
-1 190
-1 190
-1 190
-1 190
-1 190
-1 190
-1 190
-1 190
-1 190
-1 190
190 143
-1 143
-1 143
-1 143
-1 143
-1 143
-1 143
-1 143
-1 143
-1 143
-1 143
-1 143
-1 143
-1 143
-1 143
-1 143
-1 143
-1 143
-1 143
-1 143
-1 143
-1 143
-1 143
-1 143
-1 143
-1 143
-1 143
-1 143
-1 143
-1 143
-1 143
-1 143
-1 143
-1 143
-1 143
-1 143
-1 143
-1 143
-1 143
-1 143
-1 143
-1 143
-1 143
175 133
175 133
175 133
26 149
26 149
26 149
134 15
134 15
51 69
51 69
35 126
35 126
87 194
87 194
87 194
71 69
71 69
68 110
190 145
190 145
190 145
37 15
37 15
37 15
37 15
-1 15
-1 15
-1 15
-1 15
-1 15
-1 15
-1 15
-1 15
-1 15
-1 15
-1 15
-1 15
-1 15
-1 15
-1 15
-1 15
-1 15
-1 15
-1 15
-1 15
-1 15
-1 15
-1 15
-1 15
-1 15
-1 15
-1 15
-1 15
-1 15
-1 15
-1 15
-1 15
-1 15
-1 15
-1 15
-1 15
-1 15
-1 15
-1 15
-1 15
-1 15
-1 15
-1 15
-1 15
-1 15
-1 15
-1 15
-1 15
-1 15
-1 15
-1 15
-1 15
-1 15
-1 15
-1 15
-1 15
-1 15
-1 15
-1 15
-1 15
-1 15
-1 15
-1 15
-1 15
-1 15
-1 15
-1 15
-1 15
-1 15
-1 15
-1 15
-1 15
-1 15
-1 15
-1 15
-1 15
-1 15
-1 15
-1 15
-1 15
-1 15
-1 15
-1 15
-1 15
-1 15
-1 15
-1 15
-1 15
-1 15
-1 15
-1 15
-1 15
-1 15
-1 15
-1 15
-1 15
-1 15
-1 15
-1 15
94 149
3 194
97 145
97 145
97 145
-1 145
-1 145
-1 145
-1 145
-1 145
-1 145
-1 145
-1 145
-1 145
-1 145
-1 145
-1 145
-1 145
-1 145
-1 145
-1 145
-1 145
-1 145
-1 145
-1 145
-1 145
-1 145
-1 145
-1 145
-1 145
-1 145
-1 145
-1 145
-1 145
-1 145
-1 145
-1 145
-1 145
-1 145
-1 145
-1 145
-1 145
-1 145
-1 145
-1 145
-1 145
-1 145
-1 145
-1 145
-1 145
-1 145
-1 145
-1 145
-1 145
-1 145
-1 145
-1 145
-1 145
-1 145
-1 145
-1 145
-1 145
-1 145
-1 145
-1 145
-1 145
-1 145
-1 145
-1 145
-1 145
-1 145
-1 145
-1 145
-1 145
-1 145
-1 145
-1 145
-1 145
-1 145
-1 145
-1 145
-1 145
-1 145
-1 145
-1 145
-1 145
-1 145
-1 145
-1 145
-1 145
-1 145
-1 145
-1 145
-1 145
-1 145
-1 145
-1 145
-1 145
145 75
106 149
101 69
61 133
61 133
-1 133
-1 133
-1 133
-1 133
-1 133
-1 133
-1 133
-1 133
-1 133
-1 133
-1 133
-1 133
-1 133
-1 133
-1 133
-1 133
-1 133
-1 133
-1 133
-1 133
-1 133
-1 133
-1 133
-1 133
-1 133
-1 133
-1 133
-1 133
-1 133
-1 133
-1 133
-1 133
-1 133
-1 133
-1 133
-1 133
-1 133
-1 133
-1 133
-1 133
-1 133
-1 133
-1 133
-1 133
-1 133
-1 133
-1 133
-1 133
-1 133
-1 133
-1 133
-1 133
-1 133
-1 133
-1 133
-1 133
-1 133
-1 133
-1 133
-1 133
-1 133
-1 133
-1 133
-1 133
-1 133
-1 133
-1 133
-1 133
-1 133
-1 133
-1 133
-1 133
-1 133
-1 133
-1 133
-1 133
-1 133
-1 133
-1 133
-1 133
-1 133
-1 133
-1 133
-1 133
-1 133
133 194
166 75
49 126
144 149
144 149
144 149
144 149
60 194
60 194
60 194
24 149
24 149
24 149
65 149
65 149
65 149
65 149
65 149
151 149
151 149
151 149
151 149
151 149
-1 149
-1 149
-1 149
-1 149
-1 149
-1 149
-1 149
-1 149
-1 149
-1 149
-1 149
-1 149
-1 149
-1 149
-1 149
-1 149
-1 149
-1 149
-1 149
-1 149
-1 149
-1 149
-1 149
-1 149
-1 149
-1 149
-1 149
-1 149
-1 149
-1 149
-1 149
-1 149
-1 149
-1 149
-1 149
-1 149
-1 149
-1 149
-1 149
-1 149
-1 149
-1 149
-1 149
-1 149
-1 149
-1 149
-1 149
-1 149
-1 149
-1 149
-1 149
-1 149
-1 149
-1 149
-1 149
-1 149
-1 149
-1 149
-1 149
-1 149
-1 149
-1 149
-1 149
-1 149
-1 149
-1 149
-1 149
-1 149
-1 149
-1 149
-1 149
-1 149
-1 149
-1 149
-1 149
-1 149
-1 149
-1 149
-1 149
-1 149
-1 149
-1 149
-1 149
-1 149
-1 149
-1 149
-1 149
-1 149
-1 149
-1 149
-1 149
113 69
113 69
113 69
122 194
122 194
122 194
122 194
104 54
104 54
104 54
104 54
104 54
157 54
157 54
188 54
188 54
46 69
46 69
46 69
72 126
79 194
34 54
34 54
34 54
34 54
34 54
34 54
18 69
18 69
96 69
96 69
96 69
82 75
82 75
163 126
163 126
140 54
140 54
140 54
140 54
140 54
109 69
109 69
109 69
143 69
143 69
143 69
143 69
143 69
156 75
156 75
-1 75
-1 75
-1 75
-1 75
-1 75
-1 75
-1 75
-1 75
-1 75
-1 75
-1 75
-1 75
-1 75
-1 75
-1 75
-1 75
-1 75
-1 75
-1 75
-1 75
-1 75
-1 75
-1 75
-1 75
-1 75
-1 75
-1 75
-1 75
-1 75
-1 75
-1 75
-1 75
-1 75
-1 75
-1 75
-1 75
-1 75
-1 75
-1 75
-1 75
-1 75
-1 75
-1 75
-1 75
-1 75
-1 75
-1 75
-1 75
-1 75
-1 75
-1 75
-1 75
-1 75
-1 75
-1 75
-1 75
-1 75
-1 75
-1 75
-1 75
-1 75
-1 75
-1 75
-1 75
-1 75
-1 75
-1 75
-1 75
-1 75
-1 75
-1 75
-1 75
-1 75
-1 75
-1 75
-1 75
-1 75
-1 75
-1 75
-1 75
-1 75
-1 75
-1 75
-1 75
-1 75
-1 75
-1 75
-1 75
-1 75
-1 75
-1 75
-1 75
161 194
161 194
161 194
161 194
149 54
-1 54
-1 54
-1 54
-1 54
-1 54
-1 54
-1 54
-1 54
-1 54
-1 54
-1 54
-1 54
-1 54
-1 54
-1 54
-1 54
-1 54
-1 54
-1 54
-1 54
-1 54
-1 54
-1 54
-1 54
-1 54
-1 54
-1 54
-1 54
-1 54
-1 54
-1 54
-1 54
-1 54
-1 54
-1 54
-1 54
-1 54
-1 54
-1 54
-1 54
-1 54
-1 54
-1 54
-1 54
-1 54
-1 54
-1 54
-1 54
-1 54
-1 54
-1 54
-1 54
-1 54
-1 54
-1 54
-1 54
-1 54
-1 54
-1 54
-1 54
-1 54
-1 54
-1 54
-1 54
-1 54
-1 54
-1 54
-1 54
-1 54
-1 54
-1 54
-1 54
-1 54
-1 54
-1 54
-1 54
-1 54
-1 54
-1 54
-1 54
-1 54
-1 54
-1 54
-1 54
-1 54
-1 54
-1 54
-1 54
-1 54
-1 54
-1 54
-1 54
-1 54
-1 54
-1 54
54 69
54 69
10 69
-1 69
-1 69
-1 69
-1 69
-1 69
-1 69
-1 69
-1 69
-1 69
-1 69
-1 69
-1 69
-1 69
-1 69
-1 69
-1 69
-1 69
-1 69
-1 69
-1 69
-1 69
-1 69
-1 69
-1 69
-1 69
-1 69
-1 69
-1 69
-1 69
-1 69
-1 69
-1 69
-1 69
-1 69
-1 69
-1 69
-1 69
-1 69
-1 69
-1 69
-1 69
-1 69
-1 69
-1 69
-1 69
-1 69
-1 69
-1 69
-1 69
-1 69
-1 69
-1 69
-1 69
-1 69
-1 69
-1 69
-1 69
-1 69
-1 69
-1 69
-1 69
-1 69
-1 69
-1 69
-1 69
-1 69
-1 69
-1 69
-1 69
-1 69
-1 69
-1 69
-1 69
-1 69
-1 69
-1 69
-1 69
-1 69
-1 69
-1 69
-1 69
-1 69
-1 69
-1 69
-1 69
-1 69
-1 69
-1 69
-1 69
-1 69
-1 69
-1 69
-1 69
-1 69
-1 69
-1 69
-1 69
-1 69
-1 69
137 110
131 194
55 110
55 110
83 110
185 110
185 110
185 110
185 110
8 126
8 126
8 126
8 126
8 126
14 194
52 194
52 194
99 194
99 194
99 194
99 194
69 110
69 110
150 110
150 110
150 110
150 110
156 126
120 194
120 194
120 194
120 194
120 194
196 194
13 110
13 110
13 110
13 110
13 110
128 110
128 110
169 126
179 126
197 194
197 194
197 194
37 110
37 110
29 126
-1 126
-1 126
-1 126
-1 126
-1 126
-1 126
-1 126
-1 126
-1 126
-1 126
-1 126
-1 126
-1 126
-1 126
-1 126
-1 126
-1 126
-1 126
-1 126
-1 126
-1 126
-1 126
-1 126
-1 126
-1 126
-1 126
-1 126
-1 126
-1 126
-1 126
-1 126
-1 126
-1 126
-1 126
-1 126
-1 126
-1 126
-1 126
-1 126
-1 126
-1 126
-1 126
-1 126
-1 126
-1 126
-1 126
-1 126
-1 126
-1 126
-1 126
-1 126
-1 126
-1 126
-1 126
-1 126
-1 126
-1 126
-1 126
-1 126
-1 126
-1 126
-1 126
-1 126
-1 126
-1 126
-1 126
-1 126
-1 126
-1 126
-1 126
-1 126
-1 126
-1 126
-1 126
-1 126
-1 126
-1 126
-1 126
-1 126
-1 126
-1 126
-1 126
-1 126
-1 126
-1 126
-1 126
-1 126
-1 126
-1 126
-1 126
-1 126
-1 126
-1 126
-1 126
-1 126
-1 126
-1 126
-1 126
75 194
146 194
146 194
172 194
172 194
172 194
193 194
193 194
193 194
199 194
199 194
199 194
199 194
199 194
-1 194
-1 194
-1 194
-1 194
-1 194
-1 194
-1 194
-1 194
-1 194
-1 194
-1 194
-1 194
-1 194
-1 194
-1 194
-1 194
-1 194
-1 194
-1 194
-1 194
-1 194
-1 194
-1 194
-1 194
-1 194
-1 194
-1 194
-1 194
-1 194
-1 194
-1 194
-1 194
-1 194
-1 194
-1 194
-1 194
-1 194
-1 194
-1 194
-1 194
-1 194
-1 194
-1 194
-1 194
-1 194
-1 194
-1 194
-1 194
-1 194
-1 194
-1 194
-1 194
-1 194
-1 194
-1 194
-1 194
-1 194
-1 194
-1 194
-1 194
-1 194
-1 194
-1 194
-1 194
-1 194
-1 194
-1 194
-1 194
-1 194
-1 194
-1 194
-1 194
-1 194
-1 194
-1 194
-1 194
-1 194
-1 194
-1 194
-1 194
-1 194
-1 194
-1 194
-1 194
-1 194
-1 194
-1 194
-1 194
-1 194
-1 194
-1 194
-1 194
-1 194
-1 194
-1 194
-1 194
-1 194
-1 194
41 110
41 110
73 110
73 110
73 110
73 110
81 110
81 110
81 110
126 110
126 110
126 110
126 110
132 110
132 110
132 110
149 110
149 110
151 110
184 110
184 110
184 110
184 110
194 110
194 110
194 110
15 110
15 110
15 110
15 110
15 110
15 110
40 110
40 110
42 110
56 110
56 110
56 110
56 110
119 110
147 110
158 110
164 110
164 110
164 110
164 110
171 110
171 110
171 110
171 110
174 110
174 110
186 110
186 110
186 110
191 110
199 110
-1 110
-1 110
-1 110
-1 110
-1 110
-1 110
-1 110
-1 110
-1 110
-1 110
-1 110
-1 110
-1 110
-1 110
-1 110
-1 110
-1 110
-1 110
-1 110
-1 110
-1 110
-1 110
-1 110
-1 110
-1 110
-1 110
-1 110
-1 110
-1 110
-1 110
-1 110
-1 110
-1 110
-1 110
-1 110
-1 110
-1 110
-1 110
-1 110
-1 110
-1 110
-1 110
-1 110
-1 110
-1 110
-1 110
-1 110
-1 110
-1 110
-1 110
-1 110
-1 110
-1 110
-1 110
-1 110
-1 110
-1 110
-1 110
-1 110
-1 110
-1 110
-1 110
-1 110
-1 110
-1 110
-1 110
-1 110
-1 110
-1 110
-1 110
-1 110
-1 110
-1 110
-1 110
-1 110
-1 110
-1 110
-1 110
-1 110
-1 110
-1 110
-1 110
-1 110
-1 110
-1 110
-1 110
-1 110
-1 110
-1 110
-1 110
-1 110
-1 110
-1 110
-1 110
-1 110
-1 110
-1 110
-1 110
-1 110
-1 110
-1 110
-1 110
-1 110
-1 110
-1 110
-1 110
-1 110
-1 110
-1 110
-1 110
-1 110
-1 110
-1 110
-1 110
-1 110
-1 110
-1 110
-1 110
-1 110
-1 110
-1 110
-1 110
-1 110
-1 110
-1 110
-1 110
-1 110
-1 110
-1 110
-1 110
-1 110
-1 110
-1 110
-1 110
-1 110
-1 110
-1 110
-1 110
-1 110
-1 110
-1 110
-1 110
-1 110
-1 110
-1 110
